   50    0.000000E+00
   51    0.000000E+00
   52    0.000000E+00
   53    0.000000E+00
   54    0.000000E+00
   55    0.000000E+00
   56    0.000000E+00
   57    0.000000E+00
   58    0.000000E+00
   59    0.000000E+00
   60    0.000000E+00
   61    0.000000E+00
   62    0.000000E+00
   63    0.000000E+00
   64    0.000000E+00
   65    0.000000E+00
   66    0.000000E+00
   67    0.000000E+00
   68    0.000000E+00
   69    0.000000E+00
   70    0.000000E+00
   71    0.000000E+00
   72    0.000000E+00
   73    0.000000E+00
   74    0.000000E+00
   75    0.000000E+00
   76    0.000000E+00
   77    0.000000E+00
   78    0.000000E+00
   79    0.000000E+00
   80    0.000000E+00
   81    0.000000E+00
   82    0.000000E+00
   83    0.000000E+00
   84    0.000000E+00
   85    0.000000E+00
   86    0.000000E+00
   87    0.000000E+00
   88    0.000000E+00
   89    0.000000E+00
   90    0.000000E+00
   91    0.000000E+00
   92    0.000000E+00
   93    0.000000E+00
   94    0.000000E+00
   95    0.000000E+00
   96    0.000000E+00
   97    0.000000E+00
   98    0.000000E+00
   99    0.000000E+00
  100    0.000000E+00
  101    0.000000E+00
  102    0.000000E+00
  103    0.000000E+00
  104    0.000000E+00
  105    0.000000E+00
  106    0.000000E+00
  107    0.000000E+00
  108    0.000000E+00
  109    0.000000E+00
  110    0.000000E+00
  111    0.000000E+00
  112    0.000000E+00
  113    0.000000E+00
  114    0.000000E+00
  115    0.000000E+00
  116    0.000000E+00
  117    0.000000E+00
  118    0.000000E+00
  119    0.000000E+00
  120    0.000000E+00
  121    0.000000E+00
  122    0.000000E+00
  123    0.000000E+00
  124    0.000000E+00
  125    0.000000E+00
  126    0.000000E+00
  127    0.000000E+00
  128    0.000000E+00
  129    0.000000E+00
  130    0.000000E+00
  131    0.000000E+00
  132    0.000000E+00
  133    0.000000E+00
  134    0.000000E+00
  135    0.000000E+00
  136    0.000000E+00
  137    0.000000E+00
  138    0.000000E+00
  139    0.000000E+00
  140    0.000000E+00
  141    0.000000E+00
  142    0.000000E+00
  143    0.000000E+00
  144    0.000000E+00
  145    0.000000E+00
  146    0.000000E+00
  147    0.000000E+00
  148    0.000000E+00
  149    0.000000E+00
  150    0.000000E+00
  151    0.000000E+00
  152    0.000000E+00
  153    0.000000E+00
  154    0.000000E+00
  155    0.000000E+00
  156    0.000000E+00
  157    0.000000E+00
  158    0.000000E+00
  159    0.000000E+00
  160    0.000000E+00
  161    0.000000E+00
  162    0.000000E+00
  163    0.000000E+00
  164    0.000000E+00
  165    0.000000E+00
  166    0.000000E+00
  167    0.000000E+00
  168    0.000000E+00
  169    0.000000E+00
  170    0.000000E+00
  171    0.000000E+00
  172    0.000000E+00
  173    0.000000E+00
  174    0.000000E+00
  175    0.000000E+00
  176    0.000000E+00
  177    0.000000E+00
  178    0.000000E+00
  179    0.000000E+00
  180    0.000000E+00
  181    4.072990E-12
  182    4.028477E-12
  183    3.984689E-12
  184    3.941611E-12
  185    3.899228E-12
  186    3.857525E-12
  187    3.816488E-12
  188    3.776102E-12
  189    3.736353E-12
  190    3.697229E-12
  191    9.291770E-12
  192    9.195482E-12
  193    9.100684E-12
  194    9.007343E-12
  195    8.915432E-12
  196    8.824920E-12
  197    8.735779E-12
  198    8.647982E-12
  199    8.561502E-12
  200    8.476313E-12
  201    1.713957E-10
  202    1.697071E-10
  203    1.680433E-10
  204    1.664038E-10
  205    1.647883E-10
  206    1.631961E-10
  207    1.616269E-10
  208    1.600802E-10
  209    1.585557E-10
  210    1.570528E-10
  211    2.374845E-10
  212    2.352546E-10
  213    2.330560E-10
  214    2.308880E-10
  215    2.287502E-10
  216    2.266419E-10
  217    2.245626E-10
  218    2.225118E-10
  219    2.204890E-10
  220    2.184936E-10
  221    4.084241E-10
  222    4.047611E-10
  223    4.011472E-10
  224    3.975814E-10
  225    3.940630E-10
  226    3.905911E-10
  227    3.871649E-10
  228    3.837835E-10
  229    3.804463E-10
  230    3.771524E-10
  231    9.114513E-10
  232    9.036277E-10
  233    8.959044E-10
  234    8.882796E-10
  235    8.807519E-10
  236    8.733193E-10
  237    8.659805E-10
  238    8.587338E-10
  239    8.515777E-10
  240    8.445107E-10
  241    8.481925E-10
  242    8.412115E-10
  243    8.343164E-10
  244    8.275056E-10
  245    8.207779E-10
  246    8.141319E-10
  247    8.075664E-10
  248    8.010799E-10
  249    7.946713E-10
  250    7.883392E-10
  251    1.821098E-09
  252    1.806702E-09
  253    1.792476E-09
  254    1.778417E-09
  255    1.764523E-09
  256    1.750792E-09
  257    1.737220E-09
  258    1.723805E-09
  259    1.710545E-09
  260    1.697437E-09
  261    1.957808E-09
  262    1.942919E-09
  263    1.928200E-09
  264    1.913648E-09
  265    1.899259E-09
  266    1.885033E-09
  267    1.870965E-09
  268    1.857055E-09
  269    1.843299E-09
  270    1.829695E-09
  271    2.647671E-09
  272    2.628274E-09
  273    2.609090E-09
  274    2.590114E-09
  275    2.571345E-09
  276    2.552780E-09
  277    2.534414E-09
  278    2.516247E-09
  279    2.498273E-09
  280    2.480492E-09
  281    3.123271E-09
  282    3.101198E-09
  283    3.079359E-09
  284    3.057749E-09
  285    3.036366E-09
  286    3.015207E-09
  287    2.994268E-09
  288    2.973546E-09
  289    2.953039E-09
  290    2.932743E-09
  291    3.915037E-09
  292    3.888313E-09
  293    3.861862E-09
  294    3.835680E-09
  295    3.809763E-09
  296    3.784108E-09
  297    3.758711E-09
  298    3.733569E-09
  299    3.708679E-09
  300    3.684036E-09
  301    4.911280E-09
  302    4.878862E-09
  303    4.846764E-09
  304    4.814982E-09
  305    4.783512E-09
  306    4.752349E-09
  307    4.721489E-09
  308    4.690930E-09
  309    4.660665E-09
  310    4.630693E-09
  311    5.595092E-09
  312    5.559341E-09
  313    5.523931E-09
  314    5.488858E-09
  315    5.454119E-09
  316    5.419708E-09
  317    5.385622E-09
  318    5.351856E-09
  319    5.318407E-09
  320    5.285271E-09
  321    6.683168E-09
  322    6.641786E-09
  323    6.600788E-09
  324    6.560167E-09
  325    6.519921E-09
  326    6.480044E-09
  327    6.440531E-09
  328    6.401379E-09
  329    6.362583E-09
  330    6.324138E-09
  331    8.017970E-09
  332    7.969814E-09
  333    7.922091E-09
  334    7.874795E-09
  335    7.827921E-09
  336    7.781465E-09
  337    7.735420E-09
  338    7.689784E-09
  339    7.644550E-09
  340    7.599714E-09
  341    9.239688E-09
  342    9.185812E-09
  343    9.132406E-09
  344    9.079464E-09
  345    9.026982E-09
  346    8.974953E-09
  347    8.923373E-09
  348    8.872236E-09
  349    8.821538E-09
  350    8.771273E-09
  351    1.011737E-08
  352    1.006004E-08
  353    1.000321E-08
  354    9.946850E-09
  355    9.890969E-09
  356    9.835558E-09
  357    9.780610E-09
  358    9.726122E-09
  359    9.672088E-09
  360    9.618503E-09
  361    1.274139E-08
  362    1.267119E-08
  363    1.260157E-08
  364    1.253252E-08
  365    1.246404E-08
  366    1.239611E-08
  367    1.232874E-08
  368    1.226192E-08
  369    1.219564E-08
  370    1.212989E-08
  371    1.322680E-08
  372    1.315587E-08
  373    1.308552E-08
  374    1.301573E-08
  375    1.294650E-08
  376    1.287782E-08
  377    1.280968E-08
  378    1.274208E-08
  379    1.267502E-08
  380    1.260849E-08
  381    1.542644E-08
  382    1.534589E-08
  383    1.526596E-08
  384    1.518666E-08
  385    1.510797E-08
  386    1.502989E-08
  387    1.495242E-08
  388    1.487554E-08
  389    1.479926E-08
  390    1.472356E-08
  391    1.760435E-08
  392    1.751476E-08
  393    1.742585E-08
  394    1.733762E-08
  395    1.725005E-08
  396    1.716315E-08
  397    1.707691E-08
  398    1.699131E-08
  399    1.690635E-08
  400    1.682203E-08
  401    1.746488E-08
  402    1.737821E-08
  403    1.729218E-08
  404    1.720678E-08
  405    1.712202E-08
  406    1.703788E-08
  407    1.695436E-08
  408    1.687146E-08
  409    1.678916E-08
  410    1.670746E-08
  411    2.197950E-08
  412    2.187306E-08
  413    2.176740E-08
  414    2.166249E-08
  415    2.155835E-08
  416    2.145495E-08
  417    2.135229E-08
  418    2.125037E-08
  419    2.114918E-08
  420    2.104871E-08
  421    2.132319E-08
  422    2.122237E-08
  423    2.112227E-08
  424    2.102287E-08
  425    2.092417E-08
  426    2.082616E-08
  427    2.072885E-08
  428    2.063221E-08
  429    2.053624E-08
  430    2.044095E-08
  431    2.650150E-08
  432    2.637909E-08
  433    2.625752E-08
  434    2.613680E-08
  435    2.601691E-08
  436    2.589784E-08
  437    2.577958E-08
  438    2.566213E-08
  439    2.554549E-08
  440    2.542964E-08
  441    2.786911E-08
  442    2.774329E-08
  443    2.761832E-08
  444    2.749420E-08
  445    2.737090E-08
  446    2.724844E-08
  447    2.712679E-08
  448    2.700596E-08
  449    2.688593E-08
  450    2.676671E-08
  451    2.917804E-08
  452    2.904922E-08
  453    2.892125E-08
  454    2.879412E-08
  455    2.866783E-08
  456    2.854237E-08
  457    2.841773E-08
  458    2.829391E-08
  459    2.817089E-08
  460    2.804868E-08
  461    3.388236E-08
  462    3.373600E-08
  463    3.359059E-08
  464    3.344611E-08
  465    3.330257E-08
  466    3.315994E-08
  467    3.301823E-08
  468    3.287743E-08
  469    3.273753E-08
  470    3.259852E-08
  471    3.368608E-08
  472    3.354364E-08
  473    3.340211E-08
  474    3.326147E-08
  475    3.312172E-08
  476    3.298284E-08
  477    3.284484E-08
  478    3.270770E-08
  479    3.257142E-08
  480    3.243598E-08
  481    4.167537E-08
  482    4.150280E-08
  483    4.133130E-08
  484    4.116086E-08
  485    4.099147E-08
  486    4.082313E-08
  487    4.065582E-08
  488    4.048954E-08
  489    4.032428E-08
  490    4.016003E-08
  491    4.046983E-08
  492    4.030565E-08
  493    4.014247E-08
  494    3.998028E-08
  495    3.981907E-08
  496    3.965883E-08
  497    3.949956E-08
  498    3.934125E-08
  499    3.918388E-08
  500    3.902746E-08
  501    4.482883E-08
  502    4.465059E-08
  503    4.447340E-08
  504    4.429727E-08
  505    4.412218E-08
  506    4.394813E-08
  507    4.377511E-08
  508    4.360310E-08
  509    4.343211E-08
  510    4.326212E-08
  511    5.026363E-08
  512    5.006767E-08
  513    4.987285E-08
  514    4.967917E-08
  515    4.948662E-08
  516    4.929518E-08
  517    4.910485E-08
  518    4.891562E-08
  519    4.872749E-08
  520    4.854043E-08
  521    5.030813E-08
  522    5.011575E-08
  523    4.992447E-08
  524    4.973428E-08
  525    4.954517E-08
  526    4.935715E-08
  527    4.917019E-08
  528    4.898429E-08
  529    4.879944E-08
  530    4.861564E-08
  531    5.891565E-08
  532    5.869458E-08
  533    5.847475E-08
  534    5.825615E-08
  535    5.803878E-08
  536    5.782262E-08
  537    5.760766E-08
  538    5.739390E-08
  539    5.718133E-08
  540    5.696994E-08
  541    5.714093E-08
  542    5.693046E-08
  543    5.672116E-08
  544    5.651301E-08
  545    5.630600E-08
  546    5.610013E-08
  547    5.589539E-08
  548    5.569176E-08
  549    5.548924E-08
  550    5.528783E-08
  551    6.594622E-08
  552    6.570772E-08
  553    6.547050E-08
  554    6.523457E-08
  555    6.499992E-08
  556    6.476653E-08
  557    6.453439E-08
  558    6.430349E-08
  559    6.407384E-08
  560    6.384541E-08
  561    6.857049E-08
  562    6.832691E-08
  563    6.808461E-08
  564    6.784360E-08
  565    6.760387E-08
  566    6.736541E-08
  567    6.712821E-08
  568    6.689226E-08
  569    6.665755E-08
  570    6.642407E-08
  571    7.046314E-08
  572    7.021720E-08
  573    6.997254E-08
  574    6.972916E-08
  575    6.948704E-08
  576    6.924618E-08
  577    6.900658E-08
  578    6.876821E-08
  579    6.853108E-08
  580    6.829517E-08
  581    7.658722E-08
  582    7.632449E-08
  583    7.606310E-08
  584    7.580306E-08
  585    7.554434E-08
  586    7.528695E-08
  587    7.503087E-08
  588    7.477610E-08
  589    7.452262E-08
  590    7.427043E-08
  591    8.014498E-08
  592    7.987468E-08
  593    7.960574E-08
  594    7.933816E-08
  595    7.907192E-08
  596    7.880703E-08
  597    7.854346E-08
  598    7.828121E-08
  599    7.802027E-08
  600    7.776064E-08
  601    8.680418E-08
  602    8.651628E-08
  603    8.622980E-08
  604    8.594474E-08
  605    8.566109E-08
  606    8.537885E-08
  607    8.509800E-08
  608    8.481853E-08
  609    8.454044E-08
  610    8.426371E-08
  611    8.703456E-08
  612    8.675060E-08
  613    8.646802E-08
  614    8.618683E-08
  615    8.590700E-08
  616    8.562853E-08
  617    8.535142E-08
  618    8.507565E-08
  619    8.480121E-08
  620    8.452810E-08
  621    9.657364E-08
  622    9.626361E-08
  623    9.595507E-08
  624    9.564802E-08
  625    9.534243E-08
  626    9.503831E-08
  627    9.473564E-08
  628    9.443441E-08
  629    9.413462E-08
  630    9.383626E-08
  631    9.783224E-08
  632    9.752313E-08
  633    9.721549E-08
  634    9.690929E-08
  635    9.660455E-08
  636    9.630124E-08
  637    9.599935E-08
  638    9.569889E-08
  639    9.539983E-08
  640    9.510217E-08
  641    1.014664E-07
  642    1.011508E-07
  643    1.008366E-07
  644    1.005240E-07
  645    1.002127E-07
  646    9.990295E-08
  647    9.959461E-08
  648    9.928770E-08
  649    9.898219E-08
  650    9.867810E-08
  651    1.080873E-07
  652    1.077562E-07
  653    1.074267E-07
  654    1.070987E-07
  655    1.067721E-07
  656    1.064471E-07
  657    1.061236E-07
  658    1.058015E-07
  659    1.054809E-07
  660    1.051617E-07
  661    1.073170E-07
  662    1.069932E-07
  663    1.066710E-07
  664    1.063502E-07
  665    1.060308E-07
  666    1.057128E-07
  667    1.053963E-07
  668    1.050813E-07
  669    1.047676E-07
  670    1.044553E-07
  671    1.162694E-07
  672    1.159239E-07
  673    1.155799E-07
  674    1.152375E-07
  675    1.148965E-07
  676    1.145571E-07
  677    1.142192E-07
  678    1.138827E-07
  679    1.135478E-07
  680    1.132143E-07
  681    1.148475E-07
  682    1.145112E-07
  683    1.141764E-07
  684    1.138430E-07
  685    1.135111E-07
  686    1.131807E-07
  687    1.128517E-07
  688    1.125241E-07
  689    1.121979E-07
  690    1.118732E-07
  691    1.180281E-07
  692    1.176875E-07
  693    1.173483E-07
  694    1.170106E-07
  695    1.166744E-07
  696    1.163396E-07
  697    1.160062E-07
  698    1.156743E-07
  699    1.153438E-07
  700    1.150147E-07
  701    1.197296E-07
  702    1.193890E-07
  703    1.190498E-07
  704    1.187121E-07
  705    1.183758E-07
  706    1.180409E-07
  707    1.177075E-07
  708    1.173754E-07
  709    1.170448E-07
  710    1.167156E-07
  711    1.203812E-07
  712    1.200435E-07
  713    1.197073E-07
  714    1.193724E-07
  715    1.190390E-07
  716    1.187069E-07
  717    1.183763E-07
  718    1.180470E-07
  719    1.177191E-07
  720    1.173925E-07
  721    1.261801E-07
  722    1.258311E-07
  723    1.254835E-07
  724    1.251373E-07
  725    1.247926E-07
  726    1.244493E-07
  727    1.241074E-07
  728    1.237669E-07
  729    1.234278E-07
  730    1.230901E-07
  731    1.242868E-07
  732    1.239477E-07
  733    1.236099E-07
  734    1.232736E-07
  735    1.229386E-07
  736    1.226050E-07
  737    1.222727E-07
  738    1.219418E-07
  739    1.216122E-07
  740    1.212840E-07
  741    1.320374E-07
  742    1.316820E-07
  743    1.313280E-07
  744    1.309755E-07
  745    1.306243E-07
  746    1.302746E-07
  747    1.299263E-07
  748    1.295793E-07
  749    1.292338E-07
  750    1.288896E-07
  751    1.297235E-07
  752    1.293790E-07
  753    1.290358E-07
  754    1.286940E-07
  755    1.283535E-07
  756    1.280144E-07
  757    1.276766E-07
  758    1.273402E-07
  759    1.270051E-07
  760    1.266713E-07
  761    1.319931E-07
  762    1.316471E-07
  763    1.313025E-07
  764    1.309592E-07
  765    1.306172E-07
  766    1.302767E-07
  767    1.299374E-07
  768    1.295995E-07
  769    1.292628E-07
  770    1.289275E-07
  771    1.362620E-07
  772    1.359094E-07
  773    1.355582E-07
  774    1.352084E-07
  775    1.348599E-07
  776    1.345128E-07
  777    1.341670E-07
  778    1.338225E-07
  779    1.334794E-07
  780    1.331376E-07
  781    1.311214E-07
  782    1.307865E-07
  783    1.304528E-07
  784    1.301205E-07
  785    1.297894E-07
  786    1.294595E-07
  787    1.291310E-07
  788    1.288036E-07
  789    1.284775E-07
  790    1.281527E-07
  791    1.370565E-07
  792    1.367108E-07
  793    1.363664E-07
  794    1.360234E-07
  795    1.356816E-07
  796    1.353411E-07
  797    1.350019E-07
  798    1.346640E-07
  799    1.343273E-07
  800    1.339919E-07
  801    1.318616E-07
  802    1.315332E-07
  803    1.312060E-07
  804    1.308800E-07
  805    1.305552E-07
  806    1.302317E-07
  807    1.299093E-07
  808    1.295882E-07
  809    1.292682E-07
  810    1.289494E-07
  811    1.314640E-07
  812    1.311406E-07
  813    1.308184E-07
  814    1.304973E-07
  815    1.301775E-07
  816    1.298588E-07
  817    1.295413E-07
  818    1.292250E-07
  819    1.289098E-07
  820    1.285958E-07
  821    1.338592E-07
  822    1.335339E-07
  823    1.332098E-07
  824    1.328869E-07
  825    1.325651E-07
  826    1.322446E-07
  827    1.319251E-07
  828    1.316068E-07
  829    1.312897E-07
  830    1.309737E-07
  831    1.272604E-07
  832    1.269549E-07
  833    1.266504E-07
  834    1.263471E-07
  835    1.260448E-07
  836    1.257436E-07
  837    1.254435E-07
  838    1.251445E-07
  839    1.248465E-07
  840    1.245496E-07
  841    1.348735E-07
  842    1.345535E-07
  843    1.342347E-07
  844    1.339169E-07
  845    1.336003E-07
  846    1.332849E-07
  847    1.329705E-07
  848    1.326573E-07
  849    1.323452E-07
  850    1.320341E-07
  851    1.235170E-07
  852    1.232274E-07
  853    1.229388E-07
  854    1.226512E-07
  855    1.223647E-07
  856    1.220791E-07
  857    1.217945E-07
  858    1.215110E-07
  859    1.212284E-07
  860    1.209468E-07
  861    1.241846E-07
  862    1.238968E-07
  863    1.236100E-07
  864    1.233242E-07
  865    1.230394E-07
  866    1.227556E-07
  867    1.224727E-07
  868    1.221908E-07
  869    1.219099E-07
  870    1.216300E-07
  871    1.243218E-07
  872    1.240370E-07
  873    1.237531E-07
  874    1.234703E-07
  875    1.231884E-07
  876    1.229074E-07
  877    1.226275E-07
  878    1.223484E-07
  879    1.220704E-07
  880    1.217933E-07
  881    1.146311E-07
  882    1.143715E-07
  883    1.141127E-07
  884    1.138548E-07
  885    1.135978E-07
  886    1.133417E-07
  887    1.130864E-07
  888    1.128320E-07
  889    1.125784E-07
  890    1.123257E-07
  891    1.216046E-07
  892    1.213323E-07
  893    1.210608E-07
  894    1.207903E-07
  895    1.205207E-07
  896    1.202520E-07
  897    1.199842E-07
  898    1.197172E-07
  899    1.194512E-07
  900    1.191860E-07
  901    1.115464E-07
  902    1.112993E-07
  903    1.110531E-07
  904    1.108076E-07
  905    1.105630E-07
  906    1.103192E-07
  907    1.100762E-07
  908    1.098341E-07
  909    1.095927E-07
  910    1.093521E-07
  911    1.114362E-07
  912    1.111921E-07
  913    1.109488E-07
  914    1.107063E-07
  915    1.104646E-07
  916    1.102237E-07
  917    1.099835E-07
  918    1.097442E-07
  919    1.095056E-07
  920    1.092678E-07
  921    1.103984E-07
  922    1.101592E-07
  923    1.099208E-07
  924    1.096831E-07
  925    1.094462E-07
  926    1.092101E-07
  927    1.089747E-07
  928    1.087401E-07
  929    1.085063E-07
  930    1.082732E-07
  931    1.014584E-07
  932    1.012409E-07
  933    1.010241E-07
  934    1.008080E-07
  935    1.005926E-07
  936    1.003779E-07
  937    1.001639E-07
  938    9.995054E-08
  939    9.973788E-08
  940    9.952590E-08
  941    1.074913E-07
  942    1.072634E-07
  943    1.070361E-07
  944    1.068096E-07
  945    1.065838E-07
  946    1.063587E-07
  947    1.061343E-07
  948    1.059106E-07
  949    1.056876E-07
  950    1.054654E-07
  951    9.790839E-08
  952    9.770292E-08
  953    9.749809E-08
  954    9.729391E-08
  955    9.709036E-08
  956    9.688746E-08
  957    9.668519E-08
  958    9.648355E-08
  959    9.628254E-08
  960    9.608216E-08
  961    9.978821E-08
  962    9.958096E-08
  963    9.937436E-08
  964    9.916841E-08
  965    9.896309E-08
  966    9.875841E-08
  967    9.855436E-08
  968    9.835095E-08
  969    9.814816E-08
  970    9.794600E-08
  971    9.524390E-08
  972    9.504813E-08
  973    9.485296E-08
  974    9.465839E-08
  975    9.446441E-08
  976    9.427104E-08
  977    9.407825E-08
  978    9.388606E-08
  979    9.369446E-08
  980    9.350344E-08
  981    9.119291E-08
  982    9.100737E-08
  983    9.082239E-08
  984    9.063798E-08
  985    9.045413E-08
  986    9.027084E-08
  987    9.008811E-08
  988    8.990593E-08
  989    8.972430E-08
  990    8.954322E-08
  991    9.734285E-08
  992    9.714679E-08
  993    9.695133E-08
  994    9.675645E-08
  995    9.656216E-08
  996    9.636845E-08
  997    9.617533E-08
  998    9.598279E-08
  999    9.579082E-08
 1000    9.559943E-08
 1001    8.803787E-08
 1002    8.786232E-08
 1003    8.768730E-08
 1004    8.751280E-08
 1005    8.733881E-08
 1006    8.716535E-08
 1007    8.699240E-08
 1008    8.681997E-08
 1009    8.664805E-08
 1010    8.647664E-08
 1011    9.699147E-08
 1012    9.679998E-08
 1013    9.660905E-08
 1014    9.641869E-08
 1015    9.622889E-08
 1016    9.603965E-08
 1017    9.585096E-08
 1018    9.566284E-08
 1019    9.547526E-08
 1020    9.528824E-08
 1021    9.648582E-08
 1022    9.629719E-08
 1023    9.610911E-08
 1024    9.592158E-08
 1025    9.573459E-08
 1026    9.554816E-08
 1027    9.536227E-08
 1028    9.517692E-08
 1029    9.499211E-08
 1030    9.480784E-08
 1031    9.678688E-08
 1032    9.659949E-08
 1033    9.641264E-08
 1034    9.622634E-08
 1035    9.604057E-08
 1036    9.585534E-08
 1037    9.567065E-08
 1038    9.548649E-08
 1039    9.530286E-08
 1040    9.511976E-08
 1041    1.023231E-07
 1042    1.021269E-07
 1043    1.019312E-07
 1044    1.017361E-07
 1045    1.015416E-07
 1046    1.013476E-07
 1047    1.011542E-07
 1048    1.009614E-07
 1049    1.007691E-07
 1050    1.005773E-07
 1051    9.935928E-08
 1052    9.917057E-08
 1053    9.898239E-08
 1054    9.879474E-08
 1055    9.860763E-08
 1056    9.842105E-08
 1057    9.823500E-08
 1058    9.804948E-08
 1059    9.786448E-08
 1060    9.768000E-08
 1061    1.131740E-07
 1062    1.129611E-07
 1063    1.127487E-07
 1064    1.125370E-07
 1065    1.123258E-07
 1066    1.121153E-07
 1067    1.119053E-07
 1068    1.116960E-07
 1069    1.114872E-07
 1070    1.112790E-07
 1071    1.158376E-07
 1072    1.156217E-07
 1073    1.154064E-07
 1074    1.151917E-07
 1075    1.149776E-07
 1076    1.147640E-07
 1077    1.145511E-07
 1078    1.143388E-07
 1079    1.141271E-07
 1080    1.139159E-07
 1081    1.254721E-07
 1082    1.252404E-07
 1083    1.250094E-07
 1084    1.247789E-07
 1085    1.245491E-07
 1086    1.243200E-07
 1087    1.240914E-07
 1088    1.238635E-07
 1089    1.236363E-07
 1090    1.234096E-07
 1091    1.352054E-07
 1092    1.349580E-07
 1093    1.347112E-07
 1094    1.344652E-07
 1095    1.342198E-07
 1096    1.339751E-07
 1097    1.337311E-07
 1098    1.334877E-07
 1099    1.332450E-07
 1100    1.330030E-07
 1101    1.437177E-07
 1102    1.434571E-07
 1103    1.431973E-07
 1104    1.429381E-07
 1105    1.426796E-07
 1106    1.424218E-07
 1107    1.421647E-07
 1108    1.419084E-07
 1109    1.416527E-07
 1110    1.413977E-07
 1111    1.578187E-07
 1112    1.575351E-07
 1113    1.572523E-07
 1114    1.569702E-07
 1115    1.566889E-07
 1116    1.564084E-07
 1117    1.561286E-07
 1118    1.558495E-07
 1119    1.555712E-07
 1120    1.552937E-07
 1121    1.731332E-07
 1122    1.728248E-07
 1123    1.725173E-07
 1124    1.722106E-07
 1125    1.719047E-07
 1126    1.715996E-07
 1127    1.712954E-07
 1128    1.709919E-07
 1129    1.706893E-07
 1130    1.703875E-07
 1131    1.915351E-07
 1132    1.911970E-07
 1133    1.908598E-07
 1134    1.905235E-07
 1135    1.901880E-07
 1136    1.898535E-07
 1137    1.895198E-07
 1138    1.891870E-07
 1139    1.888551E-07
 1140    1.885241E-07
 1141    2.140327E-07
 1142    2.136582E-07
 1143    2.132846E-07
 1144    2.129121E-07
 1145    2.125405E-07
 1146    2.121699E-07
 1147    2.118003E-07
 1148    2.114316E-07
 1149    2.110639E-07
 1150    2.106972E-07
 1151    2.368257E-07
 1152    2.364149E-07
 1153    2.360051E-07
 1154    2.355965E-07
 1155    2.351889E-07
 1156    2.347823E-07
 1157    2.343768E-07
 1158    2.339724E-07
 1159    2.335690E-07
 1160    2.331666E-07
 1161    2.639198E-07
 1162    2.634659E-07
 1163    2.630132E-07
 1164    2.625617E-07
 1165    2.621114E-07
 1166    2.616621E-07
 1167    2.612141E-07
 1168    2.607672E-07
 1169    2.603214E-07
 1170    2.598768E-07
 1171    2.915074E-07
 1172    2.910104E-07
 1173    2.905146E-07
 1174    2.900201E-07
 1175    2.895269E-07
 1176    2.890349E-07
 1177    2.885442E-07
 1178    2.880547E-07
 1179    2.875665E-07
 1180    2.870795E-07
 1181    3.365523E-07
 1182    3.359833E-07
 1183    3.354157E-07
 1184    3.348496E-07
 1185    3.342850E-07
 1186    3.337217E-07
 1187    3.331599E-07
 1188    3.325995E-07
 1189    3.320405E-07
 1190    3.314829E-07
 1191    3.609476E-07
 1192    3.603425E-07
 1193    3.597389E-07
 1194    3.591368E-07
 1195    3.585362E-07
 1196    3.579372E-07
 1197    3.573396E-07
 1198    3.567436E-07
 1199    3.561490E-07
 1200    3.555559E-07
 1201    3.939282E-07
 1202    3.932733E-07
 1203    3.926201E-07
 1204    3.919684E-07
 1205    3.913184E-07
 1206    3.906700E-07
 1207    3.900232E-07
 1208    3.893780E-07
 1209    3.887344E-07
 1210    3.880924E-07
 1211    4.181658E-07
 1212    4.174763E-07
 1213    4.167885E-07
 1214    4.161025E-07
 1215    4.154181E-07
 1216    4.147354E-07
 1217    4.140544E-07
 1218    4.133750E-07
 1219    4.126974E-07
 1220    4.120214E-07
 1221    4.568940E-07
 1222    4.561469E-07
 1223    4.554015E-07
 1224    4.546580E-07
 1225    4.539163E-07
 1226    4.531764E-07
 1227    4.524384E-07
 1228    4.517021E-07
 1229    4.509676E-07
 1230    4.502349E-07
 1231    5.426960E-07
 1232    5.418157E-07
 1233    5.409376E-07
 1234    5.400616E-07
 1235    5.391877E-07
 1236    5.383159E-07
 1237    5.374462E-07
 1238    5.365787E-07
 1239    5.357132E-07
 1240    5.348499E-07
 1241    5.766486E-07
 1242    5.757208E-07
 1243    5.747952E-07
 1244    5.738718E-07
 1245    5.729507E-07
 1246    5.720317E-07
 1247    5.711150E-07
 1248    5.702005E-07
 1249    5.692882E-07
 1250    5.683780E-07
 1251    6.472691E-07
 1252    6.462360E-07
 1253    6.452053E-07
 1254    6.441771E-07
 1255    6.431513E-07
 1256    6.421280E-07
 1257    6.411072E-07
 1258    6.400887E-07
 1259    6.390727E-07
 1260    6.380591E-07
 1261    6.856349E-07
 1262    6.845492E-07
 1263    6.834661E-07
 1264    6.823855E-07
 1265    6.813075E-07
 1266    6.802320E-07
 1267    6.791591E-07
 1268    6.780887E-07
 1269    6.770208E-07
 1270    6.759555E-07
 1271    7.863308E-07
 1272    7.850954E-07
 1273    7.838630E-07
 1274    7.826334E-07
 1275    7.814067E-07
 1276    7.801829E-07
 1277    7.789619E-07
 1278    7.777438E-07
 1279    7.765286E-07
 1280    7.753162E-07
 1281    8.202023E-07
 1282    8.189238E-07
 1283    8.176482E-07
 1284    8.163756E-07
 1285    8.151059E-07
 1286    8.138393E-07
 1287    8.125755E-07
 1288    8.113148E-07
 1289    8.100569E-07
 1290    8.088020E-07
 1291    8.731027E-07
 1292    8.717522E-07
 1293    8.704048E-07
 1294    8.690605E-07
 1295    8.677194E-07
 1296    8.663814E-07
 1297    8.650464E-07
 1298    8.637145E-07
 1299    8.623858E-07
 1300    8.610600E-07
 1301    9.480846E-07
 1302    9.466293E-07
 1303    9.451774E-07
 1304    9.437289E-07
 1305    9.422837E-07
 1306    9.408418E-07
 1307    9.394032E-07
 1308    9.379679E-07
 1309    9.365359E-07
 1310    9.351071E-07
 1311    9.870716E-07
 1312    9.855680E-07
 1313    9.840679E-07
 1314    9.825713E-07
 1315    9.810780E-07
 1316    9.795881E-07
 1317    9.781016E-07
 1318    9.766186E-07
 1319    9.751388E-07
 1320    9.736625E-07
 1321    1.085285E-06
 1322    1.083644E-06
 1323    1.082007E-06
 1324    1.080374E-06
 1325    1.078744E-06
 1326    1.077118E-06
 1327    1.075496E-06
 1328    1.073878E-06
 1329    1.072263E-06
 1330    1.070652E-06
 1331    1.163566E-06
 1332    1.161820E-06
 1333    1.160078E-06
 1334    1.158340E-06
 1335    1.156606E-06
 1336    1.154876E-06
 1337    1.153150E-06
 1338    1.151428E-06
 1339    1.149709E-06
 1340    1.147994E-06
 1341    1.187684E-06
 1342    1.185916E-06
 1343    1.184151E-06
 1344    1.182390E-06
 1345    1.180633E-06
 1346    1.178880E-06
 1347    1.177131E-06
 1348    1.175386E-06
 1349    1.173645E-06
 1350    1.171907E-06
 1351    1.310887E-06
 1352    1.308950E-06
 1353    1.307016E-06
 1354    1.305087E-06
 1355    1.303162E-06
 1356    1.301241E-06
 1357    1.299325E-06
 1358    1.297413E-06
 1359    1.295505E-06
 1360    1.293601E-06
 1361    1.372593E-06
 1362    1.370579E-06
 1363    1.368569E-06
 1364    1.366564E-06
 1365    1.364563E-06
 1366    1.362567E-06
 1367    1.360575E-06
 1368    1.358587E-06
 1369    1.356604E-06
 1370    1.354625E-06
 1371    1.493043E-06
 1372    1.490868E-06
 1373    1.488698E-06
 1374    1.486533E-06
 1375    1.484372E-06
 1376    1.482216E-06
 1377    1.480065E-06
 1378    1.477918E-06
 1379    1.475776E-06
 1380    1.473639E-06
 1381    1.575799E-06
 1382    1.573520E-06
 1383    1.571246E-06
 1384    1.568977E-06
 1385    1.566713E-06
 1386    1.564454E-06
 1387    1.562200E-06
 1388    1.559950E-06
 1389    1.557706E-06
 1390    1.555466E-06
 1391    1.645932E-06
 1392    1.643568E-06
 1393    1.641210E-06
 1394    1.638857E-06
 1395    1.636509E-06
 1396    1.634167E-06
 1397    1.631829E-06
 1398    1.629496E-06
 1399    1.627168E-06
 1400    1.624845E-06
 1401    1.751518E-06
 1402    1.749021E-06
 1403    1.746529E-06
 1404    1.744043E-06
 1405    1.741562E-06
 1406    1.739087E-06
 1407    1.736617E-06
 1408    1.734151E-06
 1409    1.731692E-06
 1410    1.729237E-06
 1411    1.726929E-06
 1412    1.724485E-06
 1413    1.722046E-06
 1414    1.719612E-06
 1415    1.717183E-06
 1416    1.714759E-06
 1417    1.712340E-06
 1418    1.709927E-06
 1419    1.707519E-06
 1420    1.705115E-06
 1421    1.887100E-06
 1422    1.884448E-06
 1423    1.881801E-06
 1424    1.879160E-06
 1425    1.876525E-06
 1426    1.873895E-06
 1427    1.871270E-06
 1428    1.868651E-06
 1429    1.866038E-06
 1430    1.863430E-06
 1431    2.008950E-06
 1432    2.006146E-06
 1433    2.003348E-06
 1434    2.000556E-06
 1435    1.997770E-06
 1436    1.994989E-06
 1437    1.992215E-06
 1438    1.989446E-06
 1439    1.986683E-06
 1440    1.983925E-06
 1441    2.157319E-06
 1442    2.154329E-06
 1443    2.151345E-06
 1444    2.148368E-06
 1445    2.145396E-06
 1446    2.142431E-06
 1447    2.139472E-06
 1448    2.136519E-06
 1449    2.133572E-06
 1450    2.130631E-06
 1451    2.157536E-06
 1452    2.154566E-06
 1453    2.151602E-06
 1454    2.148645E-06
 1455    2.145693E-06
 1456    2.142748E-06
 1457    2.139809E-06
 1458    2.136875E-06
 1459    2.133948E-06
 1460    2.131027E-06
 1461    2.309741E-06
 1462    2.306584E-06
 1463    2.303433E-06
 1464    2.300288E-06
 1465    2.297150E-06
 1466    2.294018E-06
 1467    2.290893E-06
 1468    2.287774E-06
 1469    2.284661E-06
 1470    2.281555E-06
 1471    2.515030E-06
 1472    2.511615E-06
 1473    2.508207E-06
 1474    2.504806E-06
 1475    2.501412E-06
 1476    2.498025E-06
 1477    2.494645E-06
 1478    2.491271E-06
 1479    2.487905E-06
 1480    2.484545E-06
 1481    2.652687E-06
 1482    2.649109E-06
 1483    2.645539E-06
 1484    2.641976E-06
 1485    2.638420E-06
 1486    2.634871E-06
 1487    2.631330E-06
 1488    2.627796E-06
 1489    2.624268E-06
 1490    2.620748E-06
 1491    2.751653E-06
 1492    2.747967E-06
 1493    2.744288E-06
 1494    2.740617E-06
 1495    2.736953E-06
 1496    2.733296E-06
 1497    2.729647E-06
 1498    2.726005E-06
 1499    2.722370E-06
 1500    2.718743E-06
 1501    2.775105E-06
 1502    2.771412E-06
 1503    2.767727E-06
 1504    2.764049E-06
 1505    2.760378E-06
 1506    2.756715E-06
 1507    2.753058E-06
 1508    2.749410E-06
 1509    2.745768E-06
 1510    2.742134E-06
 1511    2.731833E-06
 1512    2.728222E-06
 1513    2.724618E-06
 1514    2.721021E-06
 1515    2.717431E-06
 1516    2.713849E-06
 1517    2.710273E-06
 1518    2.706705E-06
 1519    2.703143E-06
 1520    2.699589E-06
 1521    2.972169E-06
 1522    2.968266E-06
 1523    2.964370E-06
 1524    2.960483E-06
 1525    2.956603E-06
 1526    2.952730E-06
 1527    2.948865E-06
 1528    2.945008E-06
 1529    2.941158E-06
 1530    2.937316E-06
 1531    3.070911E-06
 1532    3.066904E-06
 1533    3.062906E-06
 1534    3.058915E-06
 1535    3.054932E-06
 1536    3.050957E-06
 1537    3.046989E-06
 1538    3.043030E-06
 1539    3.039078E-06
 1540    3.035133E-06
 1541    3.243702E-06
 1542    3.239498E-06
 1543    3.235301E-06
 1544    3.231113E-06
 1545    3.226933E-06
 1546    3.222761E-06
 1547    3.218598E-06
 1548    3.214442E-06
 1549    3.210294E-06
 1550    3.206155E-06
 1551    3.231399E-06
 1552    3.227238E-06
 1553    3.223084E-06
 1554    3.218939E-06
 1555    3.214801E-06
 1556    3.210672E-06
 1557    3.206550E-06
 1558    3.202437E-06
 1559    3.198331E-06
 1560    3.194233E-06
 1561    3.400961E-06
 1562    3.396609E-06
 1563    3.392266E-06
 1564    3.387930E-06
 1565    3.383604E-06
 1566    3.379285E-06
 1567    3.374975E-06
 1568    3.370673E-06
 1569    3.366379E-06
 1570    3.362093E-06
 1571    3.532352E-06
 1572    3.527861E-06
 1573    3.523378E-06
 1574    3.518904E-06
 1575    3.514439E-06
 1576    3.509981E-06
 1577    3.505533E-06
 1578    3.501093E-06
 1579    3.496661E-06
 1580    3.492238E-06
 1581    3.652671E-06
 1582    3.648056E-06
 1583    3.643450E-06
 1584    3.638853E-06
 1585    3.634264E-06
 1586    3.629684E-06
 1587    3.625113E-06
 1588    3.620550E-06
 1589    3.615996E-06
 1590    3.611450E-06
 1591    3.760014E-06
 1592    3.755294E-06
 1593    3.750582E-06
 1594    3.745879E-06
 1595    3.741185E-06
 1596    3.736500E-06
 1597    3.731823E-06
 1598    3.727155E-06
 1599    3.722496E-06
 1600    3.717846E-06
 1601    3.752587E-06
 1602    3.747905E-06
 1603    3.743232E-06
 1604    3.738567E-06
 1605    3.733911E-06
 1606    3.729264E-06
 1607    3.724626E-06
 1608    3.719996E-06
 1609    3.715375E-06
 1610    3.710763E-06
 1611    3.917999E-06
 1612    3.913141E-06
 1613    3.908292E-06
 1614    3.903452E-06
 1615    3.898621E-06
 1616    3.893799E-06
 1617    3.888986E-06
 1618    3.884182E-06
 1619    3.879387E-06
 1620    3.874600E-06
 1621    3.999518E-06
 1622    3.994590E-06
 1623    3.989670E-06
 1624    3.984760E-06
 1625    3.979858E-06
 1626    3.974966E-06
 1627    3.970083E-06
 1628    3.965209E-06
 1629    3.960343E-06
 1630    3.955487E-06
 1631    4.116628E-06
 1632    4.111586E-06
 1633    4.106554E-06
 1634    4.101530E-06
 1635    4.096516E-06
 1636    4.091511E-06
 1637    4.086516E-06
 1638    4.081529E-06
 1639    4.076552E-06
 1640    4.071583E-06
 1641    4.222536E-06
 1642    4.217395E-06
 1643    4.212265E-06
 1644    4.207144E-06
 1645    4.202032E-06
 1646    4.196929E-06
 1647    4.191836E-06
 1648    4.186751E-06
 1649    4.181677E-06
 1650    4.176611E-06
 1651    4.127088E-06
 1652    4.122094E-06
 1653    4.117110E-06
 1654    4.112134E-06
 1655    4.107168E-06
 1656    4.102211E-06
 1657    4.097262E-06
 1658    4.092323E-06
 1659    4.087392E-06
 1660    4.082471E-06
 1661    4.240287E-06
 1662    4.235188E-06
 1663    4.230097E-06
 1664    4.225016E-06
 1665    4.219944E-06
 1666    4.214881E-06
 1667    4.209827E-06
 1668    4.204783E-06
 1669    4.199747E-06
 1670    4.194720E-06
 1671    4.359895E-06
 1672    4.354683E-06
 1673    4.349480E-06
 1674    4.344287E-06
 1675    4.339103E-06
 1676    4.333928E-06
 1677    4.328762E-06
 1678    4.323606E-06
 1679    4.318459E-06
 1680    4.313321E-06
 1681    4.542510E-06
 1682    4.537112E-06
 1683    4.531724E-06
 1684    4.526345E-06
 1685    4.520975E-06
 1686    4.515616E-06
 1687    4.510265E-06
 1688    4.504925E-06
 1689    4.499593E-06
 1690    4.494271E-06
 1691    4.689302E-06
 1692    4.683762E-06
 1693    4.678233E-06
 1694    4.672713E-06
 1695    4.667202E-06
 1696    4.661702E-06
 1697    4.656211E-06
 1698    4.650730E-06
 1699    4.645258E-06
 1700    4.639797E-06
 1701    4.555258E-06
 1702    4.549908E-06
 1703    4.544568E-06
 1704    4.539237E-06
 1705    4.533915E-06
 1706    4.528603E-06
 1707    4.523300E-06
 1708    4.518007E-06
 1709    4.512723E-06
 1710    4.507448E-06
 1711    4.776294E-06
 1712    4.770718E-06
 1713    4.765151E-06
 1714    4.759594E-06
 1715    4.754047E-06
 1716    4.748509E-06
 1717    4.742981E-06
 1718    4.737463E-06
 1719    4.731954E-06
 1720    4.726455E-06
 1721    4.833431E-06
 1722    4.827821E-06
 1723    4.822220E-06
 1724    4.816629E-06
 1725    4.811048E-06
 1726    4.805476E-06
 1727    4.799914E-06
 1728    4.794362E-06
 1729    4.788819E-06
 1730    4.783286E-06
 1731    5.006483E-06
 1732    5.000705E-06
 1733    4.994937E-06
 1734    4.989179E-06
 1735    4.983431E-06
 1736    4.977693E-06
 1737    4.971965E-06
 1738    4.966247E-06
 1739    4.960539E-06
 1740    4.954840E-06
 1741    5.103153E-06
 1742    5.097297E-06
 1743    5.091452E-06
 1744    5.085616E-06
 1745    5.079791E-06
 1746    5.073976E-06
 1747    5.068170E-06
 1748    5.062375E-06
 1749    5.056589E-06
 1750    5.050813E-06
 1751    4.987761E-06
 1752    4.982071E-06
 1753    4.976390E-06
 1754    4.970719E-06
 1755    4.965057E-06
 1756    4.959406E-06
 1757    4.953764E-06
 1758    4.948131E-06
 1759    4.942508E-06
 1760    4.936895E-06
 1761    5.054803E-06
 1762    5.049068E-06
 1763    5.043344E-06
 1764    5.037629E-06
 1765    5.031924E-06
 1766    5.026228E-06
 1767    5.020543E-06
 1768    5.014866E-06
 1769    5.009200E-06
 1770    5.003543E-06
 1771    5.295152E-06
 1772    5.289179E-06
 1773    5.283216E-06
 1774    5.277263E-06
 1775    5.271320E-06
 1776    5.265388E-06
 1777    5.259465E-06
 1778    5.253552E-06
 1779    5.247649E-06
 1780    5.241756E-06
 1781    5.849069E-06
 1782    5.842508E-06
 1783    5.835958E-06
 1784    5.829419E-06
 1785    5.822891E-06
 1786    5.816374E-06
 1787    5.809868E-06
 1788    5.803373E-06
 1789    5.796889E-06
 1790    5.790416E-06
 1791    5.723363E-06
 1792    5.716979E-06
 1793    5.710605E-06
 1794    5.704242E-06
 1795    5.697890E-06
 1796    5.691549E-06
 1797    5.685218E-06
 1798    5.678897E-06
 1799    5.672587E-06
 1800    5.666288E-06
 1801    5.423336E-06
 1802    5.417320E-06
 1803    5.411314E-06
 1804    5.405318E-06
 1805    5.399332E-06
 1806    5.393356E-06
 1807    5.387390E-06
 1808    5.381434E-06
 1809    5.375488E-06
 1810    5.369551E-06
 1811    6.018830E-06
 1812    6.012190E-06
 1813    6.005561E-06
 1814    5.998944E-06
 1815    5.992337E-06
 1816    5.985741E-06
 1817    5.979156E-06
 1818    5.972582E-06
 1819    5.966019E-06
 1820    5.959466E-06
 1821    6.388610E-06
 1822    6.381601E-06
 1823    6.374604E-06
 1824    6.367618E-06
 1825    6.360644E-06
 1826    6.353681E-06
 1827    6.346729E-06
 1828    6.339789E-06
 1829    6.332860E-06
 1830    6.325943E-06
 1831    6.468108E-06
 1832    6.461051E-06
 1833    6.454005E-06
 1834    6.446970E-06
 1835    6.439948E-06
 1836    6.432936E-06
 1837    6.425936E-06
 1838    6.418948E-06
 1839    6.411971E-06
 1840    6.405005E-06
 1841    6.561119E-06
 1842    6.553999E-06
 1843    6.546890E-06
 1844    6.539793E-06
 1845    6.532708E-06
 1846    6.525634E-06
 1847    6.518572E-06
 1848    6.511521E-06
 1849    6.504481E-06
 1850    6.497453E-06
 1851    6.637552E-06
 1852    6.630388E-06
 1853    6.623235E-06
 1854    6.616094E-06
 1855    6.608965E-06
 1856    6.601847E-06
 1857    6.594741E-06
 1858    6.587646E-06
 1859    6.580562E-06
 1860    6.573490E-06
 1861    6.220004E-06
 1862    6.213326E-06
 1863    6.206660E-06
 1864    6.200004E-06
 1865    6.193359E-06
 1866    6.186724E-06
 1867    6.180100E-06
 1868    6.173487E-06
 1869    6.166884E-06
 1870    6.160292E-06
 1871    6.766351E-06
 1872    6.759126E-06
 1873    6.751912E-06
 1874    6.744710E-06
 1875    6.737520E-06
 1876    6.730341E-06
 1877    6.723173E-06
 1878    6.716017E-06
 1879    6.708872E-06
 1880    6.701739E-06
 1881    9.616586E-06
 1882    9.606372E-06
 1883    9.596174E-06
 1884    9.585992E-06
 1885    9.575827E-06
 1886    9.565678E-06
 1887    9.555545E-06
 1888    9.545427E-06
 1889    9.535327E-06
 1890    9.525242E-06
 1891    9.924721E-06
 1892    9.914235E-06
 1893    9.903766E-06
 1894    9.893314E-06
 1895    9.882878E-06
 1896    9.872458E-06
 1897    9.862055E-06
 1898    9.851669E-06
 1899    9.841298E-06
 1900    9.830945E-06
 1901    8.749238E-06
 1902    8.740043E-06
 1903    8.730862E-06
 1904    8.721696E-06
 1905    8.712544E-06
 1906    8.703407E-06
 1907    8.694284E-06
 1908    8.685175E-06
 1909    8.676081E-06
 1910    8.667001E-06
 1911    1.156510E-05
 1912    1.155301E-05
 1913    1.154094E-05
 1914    1.152888E-05
 1915    1.151685E-05
 1916    1.150483E-05
 1917    1.149284E-05
 1918    1.148086E-05
 1919    1.146890E-05
 1920    1.145696E-05
 1921    1.495383E-05
 1922    1.493828E-05
 1923    1.492275E-05
 1924    1.490725E-05
 1925    1.489177E-05
 1926    1.487631E-05
 1927    1.486088E-05
 1928    1.484547E-05
 1929    1.483009E-05
 1930    1.481473E-05
 1931    1.276943E-05
 1932    1.275621E-05
 1933    1.274302E-05
 1934    1.272985E-05
 1935    1.271670E-05
 1936    1.270357E-05
 1937    1.269046E-05
 1938    1.267737E-05
 1939    1.266430E-05
 1940    1.265125E-05
 1941    5.322609E-06
 1942    5.317130E-06
 1943    5.311660E-06
 1944    5.306198E-06
 1945    5.300745E-06
 1946    5.295300E-06
 1947    5.289863E-06
 1948    5.284435E-06
 1949    5.279015E-06
 1950    5.273603E-06
 1951   -2.218572E-06
 1952   -2.216300E-06
 1953   -2.214031E-06
 1954   -2.211766E-06
 1955   -2.209505E-06
 1956   -2.207247E-06
 1957   -2.204992E-06
 1958   -2.202741E-06
 1959   -2.200493E-06
 1960   -2.198249E-06
 1961   -8.695713E-06
 1962   -8.686854E-06
 1963   -8.678008E-06
 1964   -8.669175E-06
 1965   -8.660356E-06
 1966   -8.651550E-06
 1967   -8.642758E-06
 1968   -8.633979E-06
 1969   -8.625214E-06
 1970   -8.616462E-06
 1971   -8.270625E-06
 1972   -8.262241E-06
 1973   -8.253870E-06
 1974   -8.245511E-06
 1975   -8.237166E-06
 1976   -8.228833E-06
 1977   -8.220512E-06
 1978   -8.212205E-06
 1979   -8.203910E-06
 1980   -8.195627E-06
 1981    2.195748E-05
 1982    2.193533E-05
 1983    2.191322E-05
 1984    2.189114E-05
 1985    2.186909E-05
 1986    2.184708E-05
 1987    2.182510E-05
 1988    2.180316E-05
 1989    2.178124E-05
 1990    2.175936E-05
 1991    8.258467E-05
 1992    8.250180E-05
 1993    8.241905E-05
 1994    8.233642E-05
 1995    8.225392E-05
 1996    8.217154E-05
 1997    8.208929E-05
 1998    8.200716E-05
 1999    8.192515E-05
 2000    8.184327E-05
 2001    1.533950E-04
 2002    1.532419E-04
 2003    1.530889E-04
 2004    1.529362E-04
 2005    1.527837E-04
 2006    1.526315E-04
 2007    1.524795E-04
 2008    1.523277E-04
 2009    1.521761E-04
 2010    1.520247E-04
 2011    2.106860E-04
 2012    2.104767E-04
 2013    2.102676E-04
 2014    2.100589E-04
 2015    2.098505E-04
 2016    2.096425E-04
 2017    2.094347E-04
 2018    2.092272E-04
 2019    2.090201E-04
 2020    2.088132E-04
 2021    2.426792E-04
 2022    2.424392E-04
 2023    2.421997E-04
 2024    2.419605E-04
 2025    2.417216E-04
 2026    2.414831E-04
 2027    2.412450E-04
 2028    2.410072E-04
 2029    2.407697E-04
 2030    2.405326E-04
 2031    7.730905E-05
 2032    7.723299E-05
 2033    7.715705E-05
 2034    7.708122E-05
 2035    7.700550E-05
 2036    7.692989E-05
 2037    7.685440E-05
 2038    7.677902E-05
 2039    7.670374E-05
 2040    7.662858E-05
 2041   -5.595323E-04
 2042   -5.589845E-04
 2043   -5.584376E-04
 2044   -5.578914E-04
 2045   -5.573461E-04
 2046   -5.568015E-04
 2047   -5.562578E-04
 2048   -5.557148E-04
 2049   -5.551726E-04
 2050   -5.546313E-04
 2051   -1.538310E-03
 2052   -1.536811E-03
 2053   -1.535315E-03
 2054   -1.533820E-03
 2055   -1.532328E-03
 2056   -1.530839E-03
 2057   -1.529351E-03
 2058   -1.527865E-03
 2059   -1.526382E-03
 2060   -1.524901E-03
 2061   -2.010322E-03
 2062   -2.008373E-03
 2063   -2.006426E-03
 2064   -2.004483E-03
 2065   -2.002543E-03
 2066   -2.000605E-03
 2067   -1.998670E-03
 2068   -1.996738E-03
 2069   -1.994809E-03
 2070   -1.992883E-03
 2071   -1.832878E-03
 2072   -1.831110E-03
 2073   -1.829344E-03
 2074   -1.827581E-03
 2075   -1.825820E-03
 2076   -1.824062E-03
 2077   -1.822307E-03
 2078   -1.820554E-03
 2079   -1.818803E-03
 2080   -1.817055E-03
 2081   -1.160383E-04
 2082   -1.159269E-04
 2083   -1.158156E-04
 2084   -1.157045E-04
 2085   -1.155936E-04
 2086   -1.154828E-04
 2087   -1.153722E-04
 2088   -1.152617E-04
 2089   -1.151514E-04
 2090   -1.150413E-04
 2091    6.002060E-03
 2092    5.996324E-03
 2093    5.990597E-03
 2094    5.984878E-03
 2095    5.979167E-03
 2096    5.973465E-03
 2097    5.967770E-03
 2098    5.962084E-03
 2099    5.956406E-03
 2100    5.950736E-03
 2101    1.641292E-02
 2102    1.639731E-02
 2103    1.638172E-02
 2104    1.636616E-02
 2105    1.635062E-02
 2106    1.633509E-02
 2107    1.631960E-02
 2108    1.630412E-02
 2109    1.628867E-02
 2110    1.627323E-02
 2111    2.200877E-02
 2112    2.198794E-02
 2113    2.196714E-02
 2114    2.194636E-02
 2115    2.192562E-02
 2116    2.190491E-02
 2117    2.188422E-02
 2118    2.186357E-02
 2119    2.184294E-02
 2120    2.182234E-02
 2121    2.363582E-02
 2122    2.361356E-02
 2123    2.359132E-02
 2124    2.356912E-02
 2125    2.354695E-02
 2126    2.352480E-02
 2127    2.350269E-02
 2128    2.348062E-02
 2129    2.345857E-02
 2130    2.343655E-02
 2131    2.215248E-02
 2132    2.213171E-02
 2133    2.211096E-02
 2134    2.209025E-02
 2135    2.206957E-02
 2136    2.204891E-02
 2137    2.202829E-02
 2138    2.200769E-02
 2139    2.198712E-02
 2140    2.196658E-02
 2141    1.615376E-02
 2142    1.613869E-02
 2143    1.612363E-02
 2144    1.610860E-02
 2145    1.609359E-02
 2146    1.607859E-02
 2147    1.606362E-02
 2148    1.604867E-02
 2149    1.603374E-02
 2150    1.601884E-02
 2151    5.726712E-03
 2152    5.721392E-03
 2153    5.716080E-03
 2154    5.710775E-03
 2155    5.705477E-03
 2156    5.700187E-03
 2157    5.694904E-03
 2158    5.689629E-03
 2159    5.684361E-03
 2160    5.679100E-03
 2161   -3.605702E-04
 2162   -3.602368E-04
 2163   -3.599039E-04
 2164   -3.595714E-04
 2165   -3.592394E-04
 2166   -3.589078E-04
 2167   -3.585767E-04
 2168   -3.582461E-04
 2169   -3.579159E-04
 2170   -3.575862E-04
 2171   -2.065971E-03
 2172   -2.064069E-03
 2173   -2.062171E-03
 2174   -2.060274E-03
 2175   -2.058381E-03
 2176   -2.056490E-03
 2177   -2.054601E-03
 2178   -2.052715E-03
 2179   -2.050832E-03
 2180   -2.048952E-03
 2181   -2.183037E-03
 2182   -2.181037E-03
 2183   -2.179040E-03
 2184   -2.177045E-03
 2185   -2.175053E-03
 2186   -2.173064E-03
 2187   -2.171078E-03
 2188   -2.169094E-03
 2189   -2.167114E-03
 2190   -2.165135E-03
 2191   -1.676885E-03
 2192   -1.675355E-03
 2193   -1.673828E-03
 2194   -1.672303E-03
 2195   -1.670780E-03
 2196   -1.669259E-03
 2197   -1.667740E-03
 2198   -1.666223E-03
 2199   -1.664708E-03
 2200   -1.663196E-03
 2201   -6.457295E-04
 2202   -6.451433E-04
 2203   -6.445579E-04
 2204   -6.439732E-04
 2205   -6.433894E-04
 2206   -6.428063E-04
 2207   -6.422241E-04
 2208   -6.416426E-04
 2209   -6.410620E-04
 2210   -6.404821E-04
 2211    2.699982E-05
 2212    2.697542E-05
 2213    2.695105E-05
 2214    2.692671E-05
 2215    2.690241E-05
 2216    2.687814E-05
 2217    2.685391E-05
 2218    2.682970E-05
 2219    2.680553E-05
 2220    2.678139E-05
 2221    2.036912E-04
 2222    2.035080E-04
 2223    2.033249E-04
 2224    2.031422E-04
 2225    2.029597E-04
 2226    2.027774E-04
 2227    2.025954E-04
 2228    2.024136E-04
 2229    2.022320E-04
 2230    2.020508E-04
 2231    1.730765E-04
 2232    1.729215E-04
 2233    1.727667E-04
 2234    1.726121E-04
 2235    1.724577E-04
 2236    1.723035E-04
 2237    1.721495E-04
 2238    1.719957E-04
 2239    1.718422E-04
 2240    1.716888E-04
 2241    1.199896E-04
 2242    1.198826E-04
 2243    1.197757E-04
 2244    1.196690E-04
 2245    1.195625E-04
 2246    1.194561E-04
 2247    1.193498E-04
 2248    1.192436E-04
 2249    1.191376E-04
 2250    1.190318E-04
 2251    4.511335E-05
 2252    4.507330E-05
 2253    4.503331E-05
 2254    4.499336E-05
 2255    4.495348E-05
 2256    4.491364E-05
 2257    4.487386E-05
 2258    4.483413E-05
 2259    4.479446E-05
 2260    4.475483E-05
 2261   -1.394685E-05
 2262   -1.393453E-05
 2263   -1.392222E-05
 2264   -1.390992E-05
 2265   -1.389765E-05
 2266   -1.388538E-05
 2267   -1.387314E-05
 2268   -1.386091E-05
 2269   -1.384870E-05
 2270   -1.383650E-05
 2271   -4.141336E-05
 2272   -4.137692E-05
 2273   -4.134053E-05
 2274   -4.130419E-05
 2275   -4.126789E-05
 2276   -4.123165E-05
 2277   -4.119545E-05
 2278   -4.115929E-05
 2279   -4.112319E-05
 2280   -4.108713E-05
 2281   -4.064836E-05
 2282   -4.061275E-05
 2283   -4.057719E-05
 2284   -4.054167E-05
 2285   -4.050621E-05
 2286   -4.047078E-05
 2287   -4.043541E-05
 2288   -4.040008E-05
 2289   -4.036479E-05
 2290   -4.032955E-05
 2291   -3.220746E-05
 2292   -3.217936E-05
 2293   -3.215131E-05
 2294   -3.212329E-05
 2295   -3.209531E-05
 2296   -3.206736E-05
 2297   -3.203945E-05
 2298   -3.201158E-05
 2299   -3.198375E-05
 2300   -3.195595E-05
 2301   -1.846482E-05
 2302   -1.844878E-05
 2303   -1.843277E-05
 2304   -1.841677E-05
 2305   -1.840080E-05
 2306   -1.838485E-05
 2307   -1.836892E-05
 2308   -1.835301E-05
 2309   -1.833712E-05
 2310   -1.832125E-05
 2311   -9.043447E-06
 2312   -9.035627E-06
 2313   -9.027818E-06
 2314   -9.020018E-06
 2315   -9.012229E-06
 2316   -9.004450E-06
 2317   -8.996681E-06
 2318   -8.988922E-06
 2319   -8.981173E-06
 2320   -8.973434E-06
 2321   -5.638152E-06
 2322   -5.633298E-06
 2323   -5.628450E-06
 2324   -5.623608E-06
 2325   -5.618773E-06
 2326   -5.613944E-06
 2327   -5.609121E-06
 2328   -5.604304E-06
 2329   -5.599493E-06
 2330   -5.594689E-06
 2331   -8.001992E-06
 2332   -7.995132E-06
 2333   -7.988281E-06
 2334   -7.981439E-06
 2335   -7.974605E-06
 2336   -7.967781E-06
 2337   -7.960965E-06
 2338   -7.954157E-06
 2339   -7.947359E-06
 2340   -7.940569E-06
 2341   -9.366275E-06
 2342   -9.358280E-06
 2343   -9.350295E-06
 2344   -9.342320E-06
 2345   -9.334356E-06
 2346   -9.326402E-06
 2347   -9.318458E-06
 2348   -9.310524E-06
 2349   -9.302600E-06
 2350   -9.294686E-06
 2351   -6.680062E-06
 2352   -6.674384E-06
 2353   -6.668713E-06
 2354   -6.663050E-06
 2355   -6.657393E-06
 2356   -6.651744E-06
 2357   -6.646103E-06
 2358   -6.640468E-06
 2359   -6.634840E-06
 2360   -6.629220E-06
 2361   -6.396538E-06
 2362   -6.391124E-06
 2363   -6.385717E-06
 2364   -6.380317E-06
 2365   -6.374924E-06
 2366   -6.369537E-06
 2367   -6.364158E-06
 2368   -6.358785E-06
 2369   -6.353419E-06
 2370   -6.348060E-06
 2371   -7.913208E-06
 2372   -7.906539E-06
 2373   -7.899878E-06
 2374   -7.893225E-06
 2375   -7.886581E-06
 2376   -7.879945E-06
 2377   -7.873318E-06
 2378   -7.866699E-06
 2379   -7.860088E-06
 2380   -7.853486E-06
 2381   -8.144001E-06
 2382   -8.137166E-06
 2383   -8.130340E-06
 2384   -8.123522E-06
 2385   -8.116712E-06
 2386   -8.109912E-06
 2387   -8.103119E-06
 2388   -8.096336E-06
 2389   -8.089561E-06
 2390   -8.082794E-06
 2391   -7.389749E-06
 2392   -7.383573E-06
 2393   -7.377404E-06
 2394   -7.371244E-06
 2395   -7.365091E-06
 2396   -7.358946E-06
 2397   -7.352808E-06
 2398   -7.346678E-06
 2399   -7.340556E-06
 2400   -7.334441E-06
 2401   -6.062156E-06
 2402   -6.057110E-06
 2403   -6.052071E-06
 2404   -6.047038E-06
 2405   -6.042012E-06
 2406   -6.036991E-06
 2407   -6.031977E-06
 2408   -6.026969E-06
 2409   -6.021968E-06
 2410   -6.016972E-06
 2411   -5.690889E-06
 2412   -5.686172E-06
 2413   -5.681461E-06
 2414   -5.676756E-06
 2415   -5.672057E-06
 2416   -5.667363E-06
 2417   -5.662675E-06
 2418   -5.657994E-06
 2419   -5.653318E-06
 2420   -5.648647E-06
 2421   -5.448076E-06
 2422   -5.443579E-06
 2423   -5.439087E-06
 2424   -5.434602E-06
 2425   -5.430121E-06
 2426   -5.425646E-06
 2427   -5.421177E-06
 2428   -5.416714E-06
 2429   -5.412255E-06
 2430   -5.407803E-06
 2431   -5.702752E-06
 2432   -5.698064E-06
 2433   -5.693382E-06
 2434   -5.688705E-06
 2435   -5.684035E-06
 2436   -5.679370E-06
 2437   -5.674711E-06
 2438   -5.670058E-06
 2439   -5.665410E-06
 2440   -5.660768E-06
 2441   -5.809247E-06
 2442   -5.804491E-06
 2443   -5.799741E-06
 2444   -5.794997E-06
 2445   -5.790258E-06
 2446   -5.785526E-06
 2447   -5.780799E-06
 2448   -5.776078E-06
 2449   -5.771363E-06
 2450   -5.766654E-06
 2451   -4.909500E-06
 2452   -4.905497E-06
 2453   -4.901499E-06
 2454   -4.897506E-06
 2455   -4.893518E-06
 2456   -4.889535E-06
 2457   -4.885556E-06
 2458   -4.881583E-06
 2459   -4.877614E-06
 2460   -4.873650E-06
 2461   -4.760354E-06
 2462   -4.756488E-06
 2463   -4.752627E-06
 2464   -4.748771E-06
 2465   -4.744920E-06
 2466   -4.741073E-06
 2467   -4.737231E-06
 2468   -4.733394E-06
 2469   -4.729561E-06
 2470   -4.725733E-06
 2471   -4.903956E-06
 2472   -4.899990E-06
 2473   -4.896029E-06
 2474   -4.892073E-06
 2475   -4.888121E-06
 2476   -4.884174E-06
 2477   -4.880232E-06
 2478   -4.876295E-06
 2479   -4.872363E-06
 2480   -4.868435E-06
 2481   -5.069879E-06
 2482   -5.065796E-06
 2483   -5.061717E-06
 2484   -5.057643E-06
 2485   -5.053574E-06
 2486   -5.049510E-06
 2487   -5.045451E-06
 2488   -5.041397E-06
 2489   -5.037348E-06
 2490   -5.033303E-06
 2491   -4.906456E-06
 2492   -4.902520E-06
 2493   -4.898588E-06
 2494   -4.894662E-06
 2495   -4.890740E-06
 2496   -4.886822E-06
 2497   -4.882910E-06
 2498   -4.879002E-06
 2499   -4.875099E-06
 2500   -4.871200E-06
 2501   -4.456882E-06
 2502   -4.453321E-06
 2503   -4.449764E-06
 2504   -4.446211E-06
 2505   -4.442662E-06
 2506   -4.439118E-06
 2507   -4.435578E-06
 2508   -4.432043E-06
 2509   -4.428511E-06
 2510   -4.424984E-06
 2511   -4.494243E-06
 2512   -4.490666E-06
 2513   -4.487094E-06
 2514   -4.483526E-06
 2515   -4.479962E-06
 2516   -4.476402E-06
 2517   -4.472846E-06
 2518   -4.469295E-06
 2519   -4.465748E-06
 2520   -4.462205E-06
 2521   -4.280509E-06
 2522   -4.277116E-06
 2523   -4.273727E-06
 2524   -4.270341E-06
 2525   -4.266960E-06
 2526   -4.263583E-06
 2527   -4.260210E-06
 2528   -4.256841E-06
 2529   -4.253476E-06
 2530   -4.250115E-06
 2531   -4.445619E-06
 2532   -4.442109E-06
 2533   -4.438603E-06
 2534   -4.435101E-06
 2535   -4.431603E-06
 2536   -4.428110E-06
 2537   -4.424620E-06
 2538   -4.421135E-06
 2539   -4.417654E-06
 2540   -4.414177E-06
 2541   -4.340030E-06
 2542   -4.336616E-06
 2543   -4.333207E-06
 2544   -4.329802E-06
 2545   -4.326401E-06
 2546   -4.323003E-06
 2547   -4.319610E-06
 2548   -4.316221E-06
 2549   -4.312836E-06
 2550   -4.309454E-06
 2551   -3.938746E-06
 2552   -3.935661E-06
 2553   -3.932579E-06
 2554   -3.929501E-06
 2555   -3.926426E-06
 2556   -3.923355E-06
 2557   -3.920287E-06
 2558   -3.917223E-06
 2559   -3.914163E-06
 2560   -3.911106E-06
 2561   -3.823386E-06
 2562   -3.820402E-06
 2563   -3.817422E-06
 2564   -3.814446E-06
 2565   -3.811473E-06
 2566   -3.808503E-06
 2567   -3.805537E-06
 2568   -3.802574E-06
 2569   -3.799615E-06
 2570   -3.796659E-06
 2571   -3.809834E-06
 2572   -3.806873E-06
 2573   -3.803915E-06
 2574   -3.800960E-06
 2575   -3.798009E-06
 2576   -3.795062E-06
 2577   -3.792118E-06
 2578   -3.789177E-06
 2579   -3.786239E-06
 2580   -3.783305E-06
 2581   -3.986408E-06
 2582   -3.983322E-06
 2583   -3.980239E-06
 2584   -3.977159E-06
 2585   -3.974083E-06
 2586   -3.971011E-06
 2587   -3.967942E-06
 2588   -3.964877E-06
 2589   -3.961815E-06
 2590   -3.958757E-06
 2591   -3.820726E-06
 2592   -3.817779E-06
 2593   -3.814835E-06
 2594   -3.811895E-06
 2595   -3.808958E-06
 2596   -3.806025E-06
 2597   -3.803095E-06
 2598   -3.800168E-06
 2599   -3.797245E-06
 2600   -3.794325E-06
 2601   -3.567934E-06
 2602   -3.565193E-06
 2603   -3.562454E-06
 2604   -3.559719E-06
 2605   -3.556987E-06
 2606   -3.554258E-06
 2607   -3.551533E-06
 2608   -3.548810E-06
 2609   -3.546091E-06
 2610   -3.543375E-06
 2611   -3.454491E-06
 2612   -3.451847E-06
 2613   -3.449206E-06
 2614   -3.446568E-06
 2615   -3.443933E-06
 2616   -3.441301E-06
 2617   -3.438672E-06
 2618   -3.436046E-06
 2619   -3.433423E-06
 2620   -3.430803E-06
 2621   -3.495182E-06
 2622   -3.492517E-06
 2623   -3.489855E-06
 2624   -3.487196E-06
 2625   -3.484540E-06
 2626   -3.481887E-06
 2627   -3.479237E-06
 2628   -3.476590E-06
 2629   -3.473947E-06
 2630   -3.471306E-06
 2631   -3.564806E-06
 2632   -3.562098E-06
 2633   -3.559393E-06
 2634   -3.556691E-06
 2635   -3.553993E-06
 2636   -3.551297E-06
 2637   -3.548605E-06
 2638   -3.545916E-06
 2639   -3.543229E-06
 2640   -3.540546E-06
 2641   -3.377524E-06
 2642   -3.374968E-06
 2643   -3.372415E-06
 2644   -3.369865E-06
 2645   -3.367318E-06
 2646   -3.364773E-06
 2647   -3.362232E-06
 2648   -3.359693E-06
 2649   -3.357158E-06
 2650   -3.354625E-06
 2651   -3.127132E-06
 2652   -3.124775E-06
 2653   -3.122420E-06
 2654   -3.120068E-06
 2655   -3.117718E-06
 2656   -3.115372E-06
 2657   -3.113027E-06
 2658   -3.110686E-06
 2659   -3.108347E-06
 2660   -3.106011E-06
 2661   -2.976013E-06
 2662   -2.973778E-06
 2663   -2.971546E-06
 2664   -2.969316E-06
 2665   -2.967088E-06
 2666   -2.964863E-06
 2667   -2.962640E-06
 2668   -2.960420E-06
 2669   -2.958203E-06
 2670   -2.955988E-06
 2671   -2.997925E-06
 2672   -2.995682E-06
 2673   -2.993441E-06
 2674   -2.991203E-06
 2675   -2.988967E-06
 2676   -2.986734E-06
 2677   -2.984504E-06
 2678   -2.982276E-06
 2679   -2.980050E-06
 2680   -2.977827E-06
 2681   -3.014692E-06
 2682   -3.012445E-06
 2683   -3.010200E-06
 2684   -3.007958E-06
 2685   -3.005718E-06
 2686   -3.003481E-06
 2687   -3.001246E-06
 2688   -2.999014E-06
 2689   -2.996784E-06
 2690   -2.994557E-06
 2691   -2.855606E-06
 2692   -2.853485E-06
 2693   -2.851367E-06
 2694   -2.849251E-06
 2695   -2.847137E-06
 2696   -2.845026E-06
 2697   -2.842917E-06
 2698   -2.840810E-06
 2699   -2.838706E-06
 2700   -2.836604E-06
 2701   -2.574246E-06
 2702   -2.572342E-06
 2703   -2.570439E-06
 2704   -2.568538E-06
 2705   -2.566640E-06
 2706   -2.564744E-06
 2707   -2.562850E-06
 2708   -2.560957E-06
 2709   -2.559067E-06
 2710   -2.557179E-06
 2711   -2.439039E-06
 2712   -2.437241E-06
 2713   -2.435445E-06
 2714   -2.433651E-06
 2715   -2.431859E-06
 2716   -2.430069E-06
 2717   -2.428281E-06
 2718   -2.426495E-06
 2719   -2.424711E-06
 2720   -2.422928E-06
 2721   -2.443777E-06
 2722   -2.441982E-06
 2723   -2.440189E-06
 2724   -2.438398E-06
 2725   -2.436609E-06
 2726   -2.434822E-06
 2727   -2.433037E-06
 2728   -2.431254E-06
 2729   -2.429473E-06
 2730   -2.427694E-06
 2731   -2.424967E-06
 2732   -2.423193E-06
 2733   -2.421420E-06
 2734   -2.419650E-06
 2735   -2.417881E-06
 2736   -2.416114E-06
 2737   -2.414349E-06
 2738   -2.412586E-06
 2739   -2.410825E-06
 2740   -2.409066E-06
 2741   -2.318543E-06
 2742   -2.316853E-06
 2743   -2.315164E-06
 2744   -2.313477E-06
 2745   -2.311792E-06
 2746   -2.310109E-06
 2747   -2.308428E-06
 2748   -2.306748E-06
 2749   -2.305071E-06
 2750   -2.303395E-06
 2751   -2.145659E-06
 2752   -2.144101E-06
 2753   -2.142544E-06
 2754   -2.140988E-06
 2755   -2.139434E-06
 2756   -2.137882E-06
 2757   -2.136332E-06
 2758   -2.134784E-06
 2759   -2.133237E-06
 2760   -2.131691E-06
 2761   -1.994876E-06
 2762   -1.993432E-06
 2763   -1.991990E-06
 2764   -1.990549E-06
 2765   -1.989110E-06
 2766   -1.987672E-06
 2767   -1.986236E-06
 2768   -1.984801E-06
 2769   -1.983368E-06
 2770   -1.981937E-06
 2771   -2.056723E-06
 2772   -2.055240E-06
 2773   -2.053758E-06
 2774   -2.052278E-06
 2775   -2.050799E-06
 2776   -2.049322E-06
 2777   -2.047847E-06
 2778   -2.046373E-06
 2779   -2.044901E-06
 2780   -2.043430E-06
 2781   -1.998361E-06
 2782   -1.996925E-06
 2783   -1.995491E-06
 2784   -1.994058E-06
 2785   -1.992626E-06
 2786   -1.991196E-06
 2787   -1.989768E-06
 2788   -1.988341E-06
 2789   -1.986916E-06
 2790   -1.985492E-06
 2791   -1.890339E-06
 2792   -1.888985E-06
 2793   -1.887633E-06
 2794   -1.886282E-06
 2795   -1.884933E-06
 2796   -1.883585E-06
 2797   -1.882239E-06
 2798   -1.880894E-06
 2799   -1.879550E-06
 2800   -1.878208E-06
 2801   -1.668302E-06
 2802   -1.667111E-06
 2803   -1.665922E-06
 2804   -1.664734E-06
 2805   -1.663548E-06
 2806   -1.662362E-06
 2807   -1.661178E-06
 2808   -1.659996E-06
 2809   -1.658814E-06
 2810   -1.657634E-06
 2811   -1.491877E-06
 2812   -1.490816E-06
 2813   -1.489756E-06
 2814   -1.488698E-06
 2815   -1.487641E-06
 2816   -1.486584E-06
 2817   -1.485529E-06
 2818   -1.484475E-06
 2819   -1.483423E-06
 2820   -1.482371E-06
 2821   -1.523559E-06
 2822   -1.522480E-06
 2823   -1.521402E-06
 2824   -1.520325E-06
 2825   -1.519249E-06
 2826   -1.518174E-06
 2827   -1.517100E-06
 2828   -1.516028E-06
 2829   -1.514956E-06
 2830   -1.513886E-06
 2831   -1.459029E-06
 2832   -1.457999E-06
 2833   -1.456970E-06
 2834   -1.455942E-06
 2835   -1.454915E-06
 2836   -1.453890E-06
 2837   -1.452865E-06
 2838   -1.451842E-06
 2839   -1.450819E-06
 2840   -1.449798E-06
 2841   -1.393541E-06
 2842   -1.392560E-06
 2843   -1.391581E-06
 2844   -1.390603E-06
 2845   -1.389626E-06
 2846   -1.388649E-06
 2847   -1.387674E-06
 2848   -1.386700E-06
 2849   -1.385727E-06
 2850   -1.384755E-06
 2851   -1.248110E-06
 2852   -1.247236E-06
 2853   -1.246361E-06
 2854   -1.245488E-06
 2855   -1.244616E-06
 2856   -1.243745E-06
 2857   -1.242875E-06
 2858   -1.242005E-06
 2859   -1.241137E-06
 2860   -1.240269E-06
 2861   -1.131366E-06
 2862   -1.130575E-06
 2863   -1.129786E-06
 2864   -1.128997E-06
 2865   -1.128209E-06
 2866   -1.127422E-06
 2867   -1.126636E-06
 2868   -1.125851E-06
 2869   -1.125066E-06
 2870   -1.124282E-06
 2871   -1.161714E-06
 2872   -1.160905E-06
 2873   -1.160097E-06
 2874   -1.159290E-06
 2875   -1.158484E-06
 2876   -1.157679E-06
 2877   -1.156874E-06
 2878   -1.156071E-06
 2879   -1.155268E-06
 2880   -1.154466E-06
 2881   -1.118457E-06
 2882   -1.117681E-06
 2883   -1.116906E-06
 2884   -1.116131E-06
 2885   -1.115358E-06
 2886   -1.114585E-06
 2887   -1.113813E-06
 2888   -1.113042E-06
 2889   -1.112272E-06
 2890   -1.111503E-06
 2891   -1.053991E-06
 2892   -1.053262E-06
 2893   -1.052534E-06
 2894   -1.051807E-06
 2895   -1.051080E-06
 2896   -1.050355E-06
 2897   -1.049630E-06
 2898   -1.048906E-06
 2899   -1.048182E-06
 2900   -1.047460E-06
 2901   -9.033064E-07
 2902   -9.026841E-07
 2903   -9.020624E-07
 2904   -9.014414E-07
 2905   -9.008210E-07
 2906   -9.002012E-07
 2907   -8.995821E-07
 2908   -8.989636E-07
 2909   -8.983458E-07
 2910   -8.977286E-07
 2911   -8.025876E-07
 2912   -8.020366E-07
 2913   -8.014861E-07
 2914   -8.009362E-07
 2915   -8.003869E-07
 2916   -7.998381E-07
 2917   -7.992899E-07
 2918   -7.987423E-07
 2919   -7.981952E-07
 2920   -7.976487E-07
 2921   -8.193350E-07
 2922   -8.187744E-07
 2923   -8.182144E-07
 2924   -8.176549E-07
 2925   -8.170960E-07
 2926   -8.165377E-07
 2927   -8.159800E-07
 2928   -8.154228E-07
 2929   -8.148662E-07
 2930   -8.143101E-07
 2931   -7.779883E-07
 2932   -7.774578E-07
 2933   -7.769278E-07
 2934   -7.763984E-07
 2935   -7.758695E-07
 2936   -7.753412E-07
 2937   -7.748134E-07
 2938   -7.742861E-07
 2939   -7.737594E-07
 2940   -7.732332E-07
 2941   -7.397553E-07
 2942   -7.392526E-07
 2943   -7.387503E-07
 2944   -7.382486E-07
 2945   -7.377475E-07
 2946   -7.372468E-07
 2947   -7.367466E-07
 2948   -7.362470E-07
 2949   -7.357478E-07
 2950   -7.352492E-07
 2951   -6.239471E-07
 2952   -6.235245E-07
 2953   -6.231023E-07
 2954   -6.226806E-07
 2955   -6.222593E-07
 2956   -6.218384E-07
 2957   -6.214180E-07
 2958   -6.209980E-07
 2959   -6.205784E-07
 2960   -6.201592E-07
 2961   -5.638742E-07
 2962   -5.634936E-07
 2963   -5.631134E-07
 2964   -5.627336E-07
 2965   -5.623541E-07
 2966   -5.619750E-07
 2967   -5.615964E-07
 2968   -5.612180E-07
 2969   -5.608401E-07
 2970   -5.604626E-07
 2971   -5.648976E-07
 2972   -5.645175E-07
 2973   -5.641379E-07
 2974   -5.637587E-07
 2975   -5.633798E-07
 2976   -5.630013E-07
 2977   -5.626232E-07
 2978   -5.622455E-07
 2979   -5.618681E-07
 2980   -5.614911E-07
 2981   -5.383609E-07
 2982   -5.380000E-07
 2983   -5.376394E-07
 2984   -5.372792E-07
 2985   -5.369193E-07
 2986   -5.365598E-07
 2987   -5.362007E-07
 2988   -5.358419E-07
 2989   -5.354835E-07
 2990   -5.351254E-07
 2991   -4.957384E-07
 2992   -4.954071E-07
 2993   -4.950762E-07
 2994   -4.947456E-07
 2995   -4.944153E-07
 2996   -4.940854E-07
 2997   -4.937558E-07
 2998   -4.934265E-07
 2999   -4.930976E-07
 3000   -4.927689E-07
 3001   -3.973065E-07
 3002   -3.970419E-07
 3003   -3.967775E-07
 3004   -3.965134E-07
 3005   -3.962496E-07
 3006   -3.959861E-07
 3007   -3.957228E-07
 3008   -3.954598E-07
 3009   -3.951970E-07
 3010   -3.949345E-07
 3011   -3.398072E-07
 3012   -3.395817E-07
 3013   -3.393563E-07
 3014   -3.391312E-07
 3015   -3.389063E-07
 3016   -3.386817E-07
 3017   -3.384572E-07
 3018   -3.382330E-07
 3019   -3.380090E-07
 3020   -3.377852E-07
 3021   -3.362171E-07
 3022   -3.359946E-07
 3023   -3.357724E-07
 3024   -3.355504E-07
 3025   -3.353286E-07
 3026   -3.351071E-07
 3027   -3.348857E-07
 3028   -3.346646E-07
 3029   -3.344437E-07
 3030   -3.342230E-07
 3031   -3.200679E-07
 3032   -3.198569E-07
 3033   -3.196460E-07
 3034   -3.194354E-07
 3035   -3.192250E-07
 3036   -3.190147E-07
 3037   -3.188047E-07
 3038   -3.185949E-07
 3039   -3.183853E-07
 3040   -3.181759E-07
 3041   -2.985676E-07
 3042   -2.983714E-07
 3043   -2.981753E-07
 3044   -2.979795E-07
 3045   -2.977839E-07
 3046   -2.975884E-07
 3047   -2.973931E-07
 3048   -2.971980E-07
 3049   -2.970032E-07
 3050   -2.968085E-07
 3051   -2.482015E-07
 3052   -2.480389E-07
 3053   -2.478764E-07
 3054   -2.477142E-07
 3055   -2.475520E-07
 3056   -2.473901E-07
 3057   -2.472283E-07
 3058   -2.470666E-07
 3059   -2.469052E-07
 3060   -2.467438E-07
 3061   -2.193354E-07
 3062   -2.191921E-07
 3063   -2.190491E-07
 3064   -2.189061E-07
 3065   -2.187633E-07
 3066   -2.186207E-07
 3067   -2.184782E-07
 3068   -2.183358E-07
 3069   -2.181936E-07
 3070   -2.180515E-07
 3071   -2.136170E-07
 3072   -2.134779E-07
 3073   -2.133390E-07
 3074   -2.132003E-07
 3075   -2.130617E-07
 3076   -2.129232E-07
 3077   -2.127848E-07
 3078   -2.126466E-07
 3079   -2.125085E-07
 3080   -2.123706E-07
 3081   -1.939634E-07
 3082   -1.938376E-07
 3083   -1.937119E-07
 3084   -1.935863E-07
 3085   -1.934608E-07
 3086   -1.933355E-07
 3087   -1.932103E-07
 3088   -1.930852E-07
 3089   -1.929602E-07
 3090   -1.928354E-07
 3091   -1.496097E-07
 3092   -1.495130E-07
 3093   -1.494163E-07
 3094   -1.493198E-07
 3095   -1.492233E-07
 3096   -1.491269E-07
 3097   -1.490307E-07
 3098   -1.489345E-07
 3099   -1.488384E-07
 3100   -1.487424E-07
 3101   -6.088101E-08
 3102   -6.084177E-08
 3103   -6.080256E-08
 3104   -6.076340E-08
 3105   -6.072427E-08
 3106   -6.068519E-08
 3107   -6.064613E-08
 3108   -6.060712E-08
 3109   -6.056815E-08
 3110   -6.052921E-08
 3111   -1.130245E-08
 3112   -1.129518E-08
 3113   -1.128793E-08
 3114   -1.128068E-08
 3115   -1.127344E-08
 3116   -1.126621E-08
 3117   -1.125898E-08
 3118   -1.125176E-08
 3119   -1.124455E-08
 3120   -1.123734E-08
 3121    2.679377E-09
 3122    2.677661E-09
 3123    2.675946E-09
 3124    2.674234E-09
 3125    2.672523E-09
 3126    2.670814E-09
 3127    2.669106E-09
 3128    2.667400E-09
 3129    2.665695E-09
 3130    2.663993E-09
 3131    4.743562E-09
 3132    4.740534E-09
 3133    4.737509E-09
 3134    4.734486E-09
 3135    4.731467E-09
 3136    4.728450E-09
 3137    4.725437E-09
 3138    4.722426E-09
 3139    4.719418E-09
 3140    4.716413E-09
 3141    5.852688E-09
 3142    5.848964E-09
 3143    5.845243E-09
 3144    5.841526E-09
 3145    5.837812E-09
 3146    5.834102E-09
 3147    5.830396E-09
 3148    5.826693E-09
 3149    5.822993E-09
 3150    5.819297E-09
 3151    6.817054E-09
 3152    6.812730E-09
 3153    6.808410E-09
 3154    6.804094E-09
 3155    6.799782E-09
 3156    6.795474E-09
 3157    6.791170E-09
 3158    6.786871E-09
 3159    6.782575E-09
 3160    6.778284E-09
 3161    6.693624E-09
 3162    6.689392E-09
 3163    6.685164E-09
 3164    6.680939E-09
 3165    6.676719E-09
 3166    6.672502E-09
 3167    6.668290E-09
 3168    6.664081E-09
 3169    6.659877E-09
 3170    6.655676E-09
 3171    6.464894E-09
 3172    6.460819E-09
 3173    6.456748E-09
 3174    6.452681E-09
 3175    6.448617E-09
 3176    6.444558E-09
 3177    6.440502E-09
 3178    6.436450E-09
 3179    6.432402E-09
 3180    6.428358E-09
 3181    6.456148E-09
 3182    6.452091E-09
 3183    6.448038E-09
 3184    6.443989E-09
 3185    6.439944E-09
 3186    6.435903E-09
 3187    6.431865E-09
 3188    6.427831E-09
 3189    6.423801E-09
 3190    6.419775E-09
 3191    6.498008E-09
 3192    6.493938E-09
 3193    6.489872E-09
 3194    6.485809E-09
 3195    6.481750E-09
 3196    6.477696E-09
 3197    6.473645E-09
 3198    6.469597E-09
 3199    6.465554E-09
 3200    6.461514E-09
 3201    6.334839E-09
 3202    6.330883E-09
 3203    6.326932E-09
 3204    6.322983E-09
 3205    6.319039E-09
 3206    6.315098E-09
 3207    6.311161E-09
 3208    6.307228E-09
 3209    6.303298E-09
 3210    6.299372E-09
 3211    6.450654E-09
 3212    6.446638E-09
 3213    6.442627E-09
 3214    6.438619E-09
 3215    6.434615E-09
 3216    6.430615E-09
 3217    6.426618E-09
 3218    6.422625E-09
 3219    6.418636E-09
 3220    6.414650E-09
 3221    6.588427E-09
 3222    6.584339E-09
 3223    6.580254E-09
 3224    6.576173E-09
 3225    6.572096E-09
 3226    6.568023E-09
 3227    6.563954E-09
 3228    6.559888E-09
 3229    6.555826E-09
 3230    6.551768E-09
 3231    6.663469E-09
 3232    6.659347E-09
 3233    6.655228E-09
 3234    6.651114E-09
 3235    6.647003E-09
 3236    6.642896E-09
 3237    6.638793E-09
 3238    6.634694E-09
 3239    6.630598E-09
 3240    6.626507E-09
 3241    6.774565E-09
 3242    6.770387E-09
 3243    6.766213E-09
 3244    6.762043E-09
 3245    6.757876E-09
 3246    6.753714E-09
 3247    6.749555E-09
 3248    6.745400E-09
 3249    6.741249E-09
 3250    6.737102E-09
 3251    6.986131E-09
 3252    6.981836E-09
 3253    6.977545E-09
 3254    6.973258E-09
 3255    6.968974E-09
 3256    6.964695E-09
 3257    6.960420E-09
 3258    6.956148E-09
 3259    6.951881E-09
 3260    6.947617E-09
 3261    7.406759E-09
 3262    7.402219E-09
 3263    7.397683E-09
 3264    7.393152E-09
 3265    7.388624E-09
 3266    7.384101E-09
 3267    7.379582E-09
 3268    7.375067E-09
 3269    7.370557E-09
 3270    7.366050E-09
 3271    7.566144E-09
 3272    7.561520E-09
 3273    7.556901E-09
 3274    7.552286E-09
 3275    7.547676E-09
 3276    7.543069E-09
 3277    7.538467E-09
 3278    7.533869E-09
 3279    7.529275E-09
 3280    7.524686E-09
 3281    8.170651E-09
 3282    8.165673E-09
 3283    8.160700E-09
 3284    8.155732E-09
 3285    8.150768E-09
 3286    8.145809E-09
 3287    8.140854E-09
 3288    8.135903E-09
 3289    8.130958E-09
 3290    8.126016E-09
 3291    8.317431E-09
 3292    8.312380E-09
 3293    8.307333E-09
 3294    8.302291E-09
 3295    8.297253E-09
 3296    8.292219E-09
 3297    8.287191E-09
 3298    8.282167E-09
 3299    8.277147E-09
 3300    8.272132E-09
