   50    0.000000E+00
   51    0.000000E+00
   52    0.000000E+00
   53    0.000000E+00
   54    0.000000E+00
   55    0.000000E+00
   56    0.000000E+00
   57    0.000000E+00
   58    0.000000E+00
   59    0.000000E+00
   60    0.000000E+00
   61    0.000000E+00
   62    0.000000E+00
   63    0.000000E+00
   64    0.000000E+00
   65    0.000000E+00
   66    0.000000E+00
   67    0.000000E+00
   68    0.000000E+00
   69    0.000000E+00
   70    0.000000E+00
   71    0.000000E+00
   72    0.000000E+00
   73    0.000000E+00
   74    0.000000E+00
   75    0.000000E+00
   76    0.000000E+00
   77    0.000000E+00
   78    0.000000E+00
   79    0.000000E+00
   80    0.000000E+00
   81    0.000000E+00
   82    0.000000E+00
   83    0.000000E+00
   84    0.000000E+00
   85    0.000000E+00
   86    0.000000E+00
   87    0.000000E+00
   88    0.000000E+00
   89    0.000000E+00
   90    0.000000E+00
   91    0.000000E+00
   92    0.000000E+00
   93    0.000000E+00
   94    0.000000E+00
   95    0.000000E+00
   96    0.000000E+00
   97    0.000000E+00
   98    0.000000E+00
   99    0.000000E+00
  100    0.000000E+00
  101    0.000000E+00
  102    0.000000E+00
  103    0.000000E+00
  104    0.000000E+00
  105    0.000000E+00
  106    0.000000E+00
  107    0.000000E+00
  108    0.000000E+00
  109    0.000000E+00
  110    0.000000E+00
  111    0.000000E+00
  112    0.000000E+00
  113    0.000000E+00
  114    0.000000E+00
  115    0.000000E+00
  116    0.000000E+00
  117    0.000000E+00
  118    0.000000E+00
  119    0.000000E+00
  120    0.000000E+00
  121    0.000000E+00
  122    0.000000E+00
  123    0.000000E+00
  124    0.000000E+00
  125    0.000000E+00
  126    0.000000E+00
  127    0.000000E+00
  128    0.000000E+00
  129    0.000000E+00
  130    0.000000E+00
  131    0.000000E+00
  132    0.000000E+00
  133    0.000000E+00
  134    0.000000E+00
  135    0.000000E+00
  136    0.000000E+00
  137    0.000000E+00
  138    0.000000E+00
  139    0.000000E+00
  140    0.000000E+00
  141    0.000000E+00
  142    0.000000E+00
  143    0.000000E+00
  144    0.000000E+00
  145    0.000000E+00
  146    0.000000E+00
  147    0.000000E+00
  148    0.000000E+00
  149    0.000000E+00
  150    0.000000E+00
  151    0.000000E+00
  152    0.000000E+00
  153    0.000000E+00
  154    0.000000E+00
  155    0.000000E+00
  156    0.000000E+00
  157    0.000000E+00
  158    0.000000E+00
  159    0.000000E+00
  160    0.000000E+00
  161    0.000000E+00
  162    0.000000E+00
  163    0.000000E+00
  164    0.000000E+00
  165    0.000000E+00
  166    0.000000E+00
  167    0.000000E+00
  168    0.000000E+00
  169    0.000000E+00
  170    0.000000E+00
  171    0.000000E+00
  172    0.000000E+00
  173    0.000000E+00
  174    0.000000E+00
  175    0.000000E+00
  176    0.000000E+00
  177    0.000000E+00
  178    0.000000E+00
  179    0.000000E+00
  180    0.000000E+00
  181    1.041727E-09
  182    1.030342E-09
  183    1.019142E-09
  184    1.008125E-09
  185    9.972845E-10
  186    9.866183E-10
  187    9.761224E-10
  188    9.657931E-10
  189    9.556268E-10
  190    9.456203E-10
  191    2.337435E-09
  192    2.313213E-09
  193    2.289366E-09
  194    2.265885E-09
  195    2.242764E-09
  196    2.219994E-09
  197    2.197570E-09
  198    2.175484E-09
  199    2.153729E-09
  200    2.132299E-09
  201    4.281043E-08
  202    4.238866E-08
  203    4.197308E-08
  204    4.156359E-08
  205    4.116006E-08
  206    4.076238E-08
  207    4.037043E-08
  208    3.998411E-08
  209    3.960331E-08
  210    3.922792E-08
  211    5.866546E-08
  212    5.811461E-08
  213    5.757148E-08
  214    5.703594E-08
  215    5.650783E-08
  216    5.598702E-08
  217    5.547337E-08
  218    5.496677E-08
  219    5.446707E-08
  220    5.397415E-08
  221    9.854729E-08
  222    9.766346E-08
  223    9.679146E-08
  224    9.593109E-08
  225    9.508215E-08
  226    9.424442E-08
  227    9.341771E-08
  228    9.260184E-08
  229    9.179660E-08
  230    9.100183E-08
  231    2.119438E-07
  232    2.101245E-07
  233    2.083286E-07
  234    2.065556E-07
  235    2.048051E-07
  236    2.030768E-07
  237    2.013702E-07
  238    1.996851E-07
  239    1.980211E-07
  240    1.963778E-07
  241    1.877905E-07
  242    1.862449E-07
  243    1.847183E-07
  244    1.832104E-07
  245    1.817209E-07
  246    1.802495E-07
  247    1.787959E-07
  248    1.773597E-07
  249    1.759409E-07
  250    1.745390E-07
  251    3.644867E-07
  252    3.616054E-07
  253    3.587581E-07
  254    3.559443E-07
  255    3.531635E-07
  256    3.504151E-07
  257    3.476987E-07
  258    3.450138E-07
  259    3.423599E-07
  260    3.397364E-07
  261    3.687736E-07
  262    3.659693E-07
  263    3.631968E-07
  264    3.604557E-07
  265    3.577455E-07
  266    3.550657E-07
  267    3.524160E-07
  268    3.497958E-07
  269    3.472047E-07
  270    3.446423E-07
  271    4.778289E-07
  272    4.743283E-07
  273    4.708661E-07
  274    4.674416E-07
  275    4.640543E-07
  276    4.607038E-07
  277    4.573893E-07
  278    4.541106E-07
  279    4.508669E-07
  280    4.476579E-07
  281    5.494191E-07
  282    5.455363E-07
  283    5.416945E-07
  284    5.378932E-07
  285    5.341317E-07
  286    5.304095E-07
  287    5.267261E-07
  288    5.230809E-07
  289    5.194735E-07
  290    5.159032E-07
  291    6.729323E-07
  292    6.683389E-07
  293    6.637924E-07
  294    6.592921E-07
  295    6.548375E-07
  296    6.504278E-07
  297    6.460625E-07
  298    6.417410E-07
  299    6.374627E-07
  300    6.332271E-07
  301    8.374949E-07
  302    8.319669E-07
  303    8.264934E-07
  304    8.210738E-07
  305    8.157073E-07
  306    8.103932E-07
  307    8.051309E-07
  308    7.999197E-07
  309    7.947590E-07
  310    7.896480E-07
  311    9.439129E-07
  312    9.378815E-07
  313    9.319077E-07
  314    9.259908E-07
  315    9.201301E-07
  316    9.143249E-07
  317    9.085744E-07
  318    9.028780E-07
  319    8.972351E-07
  320    8.916448E-07
  321    1.098805E-06
  322    1.092001E-06
  323    1.085260E-06
  324    1.078582E-06
  325    1.071965E-06
  326    1.065408E-06
  327    1.058912E-06
  328    1.052475E-06
  329    1.046096E-06
  330    1.039775E-06
  331    1.275896E-06
  332    1.268233E-06
  333    1.260639E-06
  334    1.253112E-06
  335    1.245653E-06
  336    1.238261E-06
  337    1.230934E-06
  338    1.223672E-06
  339    1.216474E-06
  340    1.209339E-06
  341    1.436785E-06
  342    1.428407E-06
  343    1.420102E-06
  344    1.411870E-06
  345    1.403709E-06
  346    1.395618E-06
  347    1.387598E-06
  348    1.379646E-06
  349    1.371762E-06
  350    1.363946E-06
  351    1.525324E-06
  352    1.516682E-06
  353    1.508113E-06
  354    1.499617E-06
  355    1.491192E-06
  356    1.482838E-06
  357    1.474554E-06
  358    1.466339E-06
  359    1.458193E-06
  360    1.450114E-06
  361    1.845391E-06
  362    1.835224E-06
  363    1.825140E-06
  364    1.815139E-06
  365    1.805221E-06
  366    1.795383E-06
  367    1.785625E-06
  368    1.775947E-06
  369    1.766348E-06
  370    1.756825E-06
  371    1.914881E-06
  372    1.904614E-06
  373    1.894429E-06
  374    1.884325E-06
  375    1.874302E-06
  376    1.864359E-06
  377    1.854494E-06
  378    1.844708E-06
  379    1.834999E-06
  380    1.825367E-06
  381    2.280595E-06
  382    2.268686E-06
  383    2.256870E-06
  384    2.245146E-06
  385    2.233513E-06
  386    2.221971E-06
  387    2.210517E-06
  388    2.199152E-06
  389    2.187874E-06
  390    2.176683E-06
  391    2.551716E-06
  392    2.538731E-06
  393    2.525844E-06
  394    2.513055E-06
  395    2.500362E-06
  396    2.487766E-06
  397    2.475265E-06
  398    2.462857E-06
  399    2.450543E-06
  400    2.438321E-06
  401    2.463525E-06
  402    2.451299E-06
  403    2.439164E-06
  404    2.427119E-06
  405    2.415162E-06
  406    2.403294E-06
  407    2.391513E-06
  408    2.379819E-06
  409    2.368210E-06
  410    2.356686E-06
  411    3.208039E-06
  412    3.192504E-06
  413    3.177081E-06
  414    3.161770E-06
  415    3.146569E-06
  416    3.131477E-06
  417    3.116494E-06
  418    3.101618E-06
  419    3.086849E-06
  420    3.072184E-06
  421    3.150626E-06
  422    3.135730E-06
  423    3.120939E-06
  424    3.106252E-06
  425    3.091669E-06
  426    3.077188E-06
  427    3.062808E-06
  428    3.048529E-06
  429    3.034350E-06
  430    3.020270E-06
  431    3.759192E-06
  432    3.741829E-06
  433    3.724585E-06
  434    3.707461E-06
  435    3.690454E-06
  436    3.673564E-06
  437    3.656790E-06
  438    3.640130E-06
  439    3.623584E-06
  440    3.607151E-06
  441    3.999918E-06
  442    3.981860E-06
  443    3.963924E-06
  444    3.946108E-06
  445    3.928413E-06
  446    3.910836E-06
  447    3.893377E-06
  448    3.876034E-06
  449    3.858808E-06
  450    3.841695E-06
  451    4.272212E-06
  452    4.253350E-06
  453    4.234613E-06
  454    4.215999E-06
  455    4.197508E-06
  456    4.179138E-06
  457    4.160888E-06
  458    4.142758E-06
  459    4.124746E-06
  460    4.106851E-06
  461    4.701994E-06
  462    4.681683E-06
  463    4.661503E-06
  464    4.641454E-06
  465    4.621533E-06
  466    4.601741E-06
  467    4.582075E-06
  468    4.562535E-06
  469    4.543120E-06
  470    4.523829E-06
  471    4.830264E-06
  472    4.809840E-06
  473    4.789546E-06
  474    4.769379E-06
  475    4.749340E-06
  476    4.729426E-06
  477    4.709638E-06
  478    4.689974E-06
  479    4.670432E-06
  480    4.651012E-06
  481    7.023241E-06
  482    6.994159E-06
  483    6.965258E-06
  484    6.936535E-06
  485    6.907990E-06
  486    6.879620E-06
  487    6.851425E-06
  488    6.823403E-06
  489    6.795552E-06
  490    6.767872E-06
  491    7.139733E-06
  492    7.110769E-06
  493    7.081980E-06
  494    7.053366E-06
  495    7.024925E-06
  496    6.996656E-06
  497    6.968557E-06
  498    6.940627E-06
  499    6.912864E-06
  500    6.885268E-06
  501    7.614162E-06
  502    7.583887E-06
  503    7.553792E-06
  504    7.523876E-06
  505    7.494138E-06
  506    7.464575E-06
  507    7.435187E-06
  508    7.405972E-06
  509    7.376929E-06
  510    7.348056E-06
  511    1.011179E-05
  512    1.007237E-05
  513    1.003318E-05
  514    9.994216E-06
  515    9.955479E-06
  516    9.916966E-06
  517    9.878677E-06
  518    9.840609E-06
  519    9.802760E-06
  520    9.765130E-06
  521    1.187195E-05
  522    1.182655E-05
  523    1.178141E-05
  524    1.173653E-05
  525    1.169191E-05
  526    1.164753E-05
  527    1.160341E-05
  528    1.155955E-05
  529    1.151592E-05
  530    1.147255E-05
  531    1.211475E-05
  532    1.206929E-05
  533    1.202409E-05
  534    1.197914E-05
  535    1.193444E-05
  536    1.188999E-05
  537    1.184579E-05
  538    1.180184E-05
  539    1.175813E-05
  540    1.171466E-05
  541    8.486282E-06
  542    8.455025E-06
  543    8.423940E-06
  544    8.393027E-06
  545    8.362283E-06
  546    8.331708E-06
  547    8.301300E-06
  548    8.271059E-06
  549    8.240982E-06
  550    8.211069E-06
  551    6.405209E-06
  552    6.382044E-06
  553    6.359004E-06
  554    6.336089E-06
  555    6.313297E-06
  556    6.290628E-06
  557    6.268081E-06
  558    6.245655E-06
  559    6.223349E-06
  560    6.201163E-06
  561    2.974702E-06
  562    2.964135E-06
  563    2.953624E-06
  564    2.943168E-06
  565    2.932768E-06
  566    2.922424E-06
  567    2.912133E-06
  568    2.901897E-06
  569    2.891715E-06
  570    2.881587E-06
  571    2.986063E-06
  572    2.975640E-06
  573    2.965272E-06
  574    2.954958E-06
  575    2.944698E-06
  576    2.934491E-06
  577    2.924337E-06
  578    2.914236E-06
  579    2.904187E-06
  580    2.894190E-06
  581    2.286755E-05
  582    2.278910E-05
  583    2.271105E-05
  584    2.263341E-05
  585    2.255616E-05
  586    2.247931E-05
  587    2.240285E-05
  588    2.232678E-05
  589    2.225109E-05
  590    2.217579E-05
  591    6.546036E-05
  592    6.523958E-05
  593    6.501992E-05
  594    6.480136E-05
  595    6.458391E-05
  596    6.436755E-05
  597    6.415227E-05
  598    6.393807E-05
  599    6.372495E-05
  600    6.351288E-05
  601    1.222578E-04
  602    1.218523E-04
  603    1.214488E-04
  604    1.210473E-04
  605    1.206478E-04
  606    1.202503E-04
  607    1.198547E-04
  608    1.194611E-04
  609    1.190695E-04
  610    1.186797E-04
  611    1.660688E-04
  612    1.655270E-04
  613    1.649878E-04
  614    1.644513E-04
  615    1.639173E-04
  616    1.633860E-04
  617    1.628573E-04
  618    1.623311E-04
  619    1.618074E-04
  620    1.612863E-04
  621    2.123212E-04
  622    2.116396E-04
  623    2.109612E-04
  624    2.102862E-04
  625    2.096143E-04
  626    2.089457E-04
  627    2.082803E-04
  628    2.076180E-04
  629    2.069589E-04
  630    2.063029E-04
  631    8.945398E-05
  632    8.917135E-05
  633    8.889005E-05
  634    8.861008E-05
  635    8.833143E-05
  636    8.805410E-05
  637    8.777806E-05
  638    8.750333E-05
  639    8.722988E-05
  640    8.695771E-05
  641   -3.979459E-04
  642   -3.967082E-04
  643   -3.954762E-04
  644   -3.942499E-04
  645   -3.930293E-04
  646   -3.918144E-04
  647   -3.906051E-04
  648   -3.894013E-04
  649   -3.882032E-04
  650   -3.870105E-04
  651   -1.216036E-03
  652   -1.212312E-03
  653   -1.208604E-03
  654   -1.204914E-03
  655   -1.201241E-03
  656   -1.197584E-03
  657   -1.193944E-03
  658   -1.190320E-03
  659   -1.186713E-03
  660   -1.183122E-03
  661   -1.601277E-03
  662   -1.596447E-03
  663   -1.591638E-03
  664   -1.586851E-03
  665   -1.582086E-03
  666   -1.577342E-03
  667   -1.572619E-03
  668   -1.567918E-03
  669   -1.563238E-03
  670   -1.558578E-03
  671   -1.629570E-03
  672   -1.624727E-03
  673   -1.619906E-03
  674   -1.615107E-03
  675   -1.610328E-03
  676   -1.605571E-03
  677   -1.600835E-03
  678   -1.596119E-03
  679   -1.591425E-03
  680   -1.586751E-03
  681   -1.145580E-04
  682   -1.142226E-04
  683   -1.138886E-04
  684   -1.135560E-04
  685   -1.132250E-04
  686   -1.128954E-04
  687   -1.125672E-04
  688   -1.122404E-04
  689   -1.119151E-04
  690   -1.115912E-04
  691    5.475564E-03
  692    5.459762E-03
  693    5.444027E-03
  694    5.428361E-03
  695    5.412762E-03
  696    5.397231E-03
  697    5.381766E-03
  698    5.366368E-03
  699    5.351035E-03
  700    5.335768E-03
  701    1.515043E-02
  702    1.510733E-02
  703    1.506441E-02
  704    1.502167E-02
  705    1.497912E-02
  706    1.493674E-02
  707    1.489455E-02
  708    1.485253E-02
  709    1.481070E-02
  710    1.476903E-02
  711    2.117884E-02
  712    2.111943E-02
  713    2.106028E-02
  714    2.100137E-02
  715    2.094270E-02
  716    2.088429E-02
  717    2.082611E-02
  718    2.076818E-02
  719    2.071049E-02
  720    2.065304E-02
  721    2.410967E-02
  722    2.404298E-02
  723    2.397656E-02
  724    2.391042E-02
  725    2.384455E-02
  726    2.377895E-02
  727    2.371363E-02
  728    2.364857E-02
  729    2.358378E-02
  730    2.351925E-02
  731    2.281446E-02
  732    2.275221E-02
  733    2.269022E-02
  734    2.262848E-02
  735    2.256698E-02
  736    2.250574E-02
  737    2.244475E-02
  738    2.238401E-02
  739    2.232351E-02
  740    2.226326E-02
  741    1.786230E-02
  742    1.781422E-02
  743    1.776633E-02
  744    1.771864E-02
  745    1.767113E-02
  746    1.762382E-02
  747    1.757670E-02
  748    1.752976E-02
  749    1.748302E-02
  750    1.743646E-02
  751    6.346279E-03
  752    6.329423E-03
  753    6.312634E-03
  754    6.295912E-03
  755    6.279256E-03
  756    6.262666E-03
  757    6.246142E-03
  758    6.229683E-03
  759    6.213289E-03
  760    6.196960E-03
  761   -4.083923E-04
  762   -4.073218E-04
  763   -4.062556E-04
  764   -4.051935E-04
  765   -4.041355E-04
  766   -4.030817E-04
  767   -4.020320E-04
  768   -4.009864E-04
  769   -3.999449E-04
  770   -3.989074E-04
  771   -2.455622E-03
  772   -2.449268E-03
  773   -2.442939E-03
  774   -2.436635E-03
  775   -2.430355E-03
  776   -2.424099E-03
  777   -2.417868E-03
  778   -2.411660E-03
  779   -2.405476E-03
  780   -2.399316E-03
  781   -2.601271E-03
  782   -2.594627E-03
  783   -2.588008E-03
  784   -2.581414E-03
  785   -2.574845E-03
  786   -2.568302E-03
  787   -2.561783E-03
  788   -2.555290E-03
  789   -2.548821E-03
  790   -2.542376E-03
  791   -2.145538E-03
  792   -2.140126E-03
  793   -2.134736E-03
  794   -2.129365E-03
  795   -2.124015E-03
  796   -2.118685E-03
  797   -2.113375E-03
  798   -2.108085E-03
  799   -2.102815E-03
  800   -2.097564E-03
  801   -8.333340E-04
  802   -8.312584E-04
  803   -8.291906E-04
  804   -8.271305E-04
  805   -8.250781E-04
  806   -8.230333E-04
  807   -8.209960E-04
  808   -8.189664E-04
  809   -8.169443E-04
  810   -8.149296E-04
  811   -8.869361E-06
  812   -8.847542E-06
  813   -8.825804E-06
  814   -8.804146E-06
  815   -8.782567E-06
  816   -8.761067E-06
  817   -8.739647E-06
  818   -8.718304E-06
  819   -8.697040E-06
  820   -8.675854E-06
  821    2.232163E-04
  822    2.226739E-04
  823    2.221334E-04
  824    2.215949E-04
  825    2.210583E-04
  826    2.205237E-04
  827    2.199911E-04
  828    2.194603E-04
  829    2.189315E-04
  830    2.184046E-04
  831    1.884777E-04
  832    1.880252E-04
  833    1.875743E-04
  834    1.871250E-04
  835    1.866774E-04
  836    1.862313E-04
  837    1.857868E-04
  838    1.853440E-04
  839    1.849027E-04
  840    1.844629E-04
  841    1.311437E-04
  842    1.308325E-04
  843    1.305225E-04
  844    1.302136E-04
  845    1.299058E-04
  846    1.295990E-04
  847    1.292934E-04
  848    1.289888E-04
  849    1.286853E-04
  850    1.283828E-04
  851    3.410267E-05
  852    3.402271E-05
  853    3.394303E-05
  854    3.386364E-05
  855    3.378451E-05
  856    3.370567E-05
  857    3.362710E-05
  858    3.354881E-05
  859    3.347079E-05
  860    3.339304E-05
  861   -4.204499E-05
  862   -4.194755E-05
  863   -4.185045E-05
  864   -4.175369E-05
  865   -4.165726E-05
  866   -4.156116E-05
  867   -4.146540E-05
  868   -4.136997E-05
  869   -4.127487E-05
  870   -4.118009E-05
  871   -8.135117E-05
  872   -8.116480E-05
  873   -8.097907E-05
  874   -8.079397E-05
  875   -8.060951E-05
  876   -8.042568E-05
  877   -8.024248E-05
  878   -8.005990E-05
  879   -7.987795E-05
  880   -7.969661E-05
  881   -7.738510E-05
  882   -7.720983E-05
  883   -7.703514E-05
  884   -7.686105E-05
  885   -7.668755E-05
  886   -7.651464E-05
  887   -7.634231E-05
  888   -7.617056E-05
  889   -7.599939E-05
  890   -7.582880E-05
  891   -6.988996E-05
  892   -6.973343E-05
  893   -6.957743E-05
  894   -6.942195E-05
  895   -6.926699E-05
  896   -6.911255E-05
  897   -6.895862E-05
  898   -6.880521E-05
  899   -6.865231E-05
  900   -6.849992E-05
  901   -4.451832E-05
  902   -4.441972E-05
  903   -4.432145E-05
  904   -4.422350E-05
  905   -4.412588E-05
  906   -4.402858E-05
  907   -4.393160E-05
  908   -4.383494E-05
  909   -4.373860E-05
  910   -4.364257E-05
  911   -3.001638E-05
  912   -2.995063E-05
  913   -2.988509E-05
  914   -2.981977E-05
  915   -2.975466E-05
  916   -2.968976E-05
  917   -2.962508E-05
  918   -2.956061E-05
  919   -2.949634E-05
  920   -2.943229E-05
  921   -2.577860E-05
  922   -2.572274E-05
  923   -2.566706E-05
  924   -2.561157E-05
  925   -2.555625E-05
  926   -2.550111E-05
  927   -2.544616E-05
  928   -2.539137E-05
  929   -2.533677E-05
  930   -2.528234E-05
  931   -2.772124E-05
  932   -2.766182E-05
  933   -2.760259E-05
  934   -2.754354E-05
  935   -2.748469E-05
  936   -2.742603E-05
  937   -2.736755E-05
  938   -2.730926E-05
  939   -2.725115E-05
  940   -2.719323E-05
  941   -3.094897E-05
  942   -3.088333E-05
  943   -3.081790E-05
  944   -3.075268E-05
  945   -3.068766E-05
  946   -3.062285E-05
  947   -3.055825E-05
  948   -3.049385E-05
  949   -3.042965E-05
  950   -3.036565E-05
  951   -2.421420E-05
  952   -2.416339E-05
  953   -2.411273E-05
  954   -2.406223E-05
  955   -2.401189E-05
  956   -2.396171E-05
  957   -2.391169E-05
  958   -2.386182E-05
  959   -2.381211E-05
  960   -2.376255E-05
  961   -2.389980E-05
  962   -2.385016E-05
  963   -2.380068E-05
  964   -2.375135E-05
  965   -2.370218E-05
  966   -2.365316E-05
  967   -2.360429E-05
  968   -2.355557E-05
  969   -2.350700E-05
  970   -2.345858E-05
  971   -2.558543E-05
  972   -2.553284E-05
  973   -2.548041E-05
  974   -2.542814E-05
  975   -2.537604E-05
  976   -2.532409E-05
  977   -2.527230E-05
  978   -2.522067E-05
  979   -2.516920E-05
  980   -2.511789E-05
  981   -2.563212E-05
  982   -2.557997E-05
  983   -2.552797E-05
  984   -2.547614E-05
  985   -2.542447E-05
  986   -2.537295E-05
  987   -2.532158E-05
  988   -2.527038E-05
  989   -2.521933E-05
  990   -2.516843E-05
  991   -2.575349E-05
  992   -2.570162E-05
  993   -2.564990E-05
  994   -2.559834E-05
  995   -2.554694E-05
  996   -2.549569E-05
  997   -2.544460E-05
  998   -2.539366E-05
  999   -2.534287E-05
 1000   -2.529224E-05
 1001   -2.078252E-05
 1002   -2.074108E-05
 1003   -2.069976E-05
 1004   -2.065857E-05
 1005   -2.061750E-05
 1006   -2.057655E-05
 1007   -2.053572E-05
 1008   -2.049502E-05
 1009   -2.045444E-05
 1010   -2.041397E-05
 1011   -2.145385E-05
 1012   -2.141149E-05
 1013   -2.136926E-05
 1014   -2.132715E-05
 1015   -2.128517E-05
 1016   -2.124331E-05
 1017   -2.120158E-05
 1018   -2.115997E-05
 1019   -2.111848E-05
 1020   -2.107711E-05
 1021   -2.092139E-05
 1022   -2.088048E-05
 1023   -2.083970E-05
 1024   -2.079904E-05
 1025   -2.075849E-05
 1026   -2.071807E-05
 1027   -2.067776E-05
 1028   -2.063757E-05
 1029   -2.059750E-05
 1030   -2.055754E-05
 1031   -2.104543E-05
 1032   -2.100469E-05
 1033   -2.096406E-05
 1034   -2.092355E-05
 1035   -2.088315E-05
 1036   -2.084288E-05
 1037   -2.080272E-05
 1038   -2.076268E-05
 1039   -2.072275E-05
 1040   -2.068293E-05
 1041   -2.140462E-05
 1042   -2.136358E-05
 1043   -2.132265E-05
 1044   -2.128184E-05
 1045   -2.124115E-05
 1046   -2.120057E-05
 1047   -2.116012E-05
 1048   -2.111977E-05
 1049   -2.107954E-05
 1050   -2.103943E-05
 1051   -1.858228E-05
 1052   -1.854699E-05
 1053   -1.851179E-05
 1054   -1.847670E-05
 1055   -1.844171E-05
 1056   -1.840681E-05
 1057   -1.837202E-05
 1058   -1.833732E-05
 1059   -1.830272E-05
 1060   -1.826822E-05
 1061   -1.944657E-05
 1062   -1.940999E-05
 1063   -1.937350E-05
 1064   -1.933712E-05
 1065   -1.930084E-05
 1066   -1.926466E-05
 1067   -1.922859E-05
 1068   -1.919261E-05
 1069   -1.915674E-05
 1070   -1.912096E-05
 1071   -1.922146E-05
 1072   -1.918564E-05
 1073   -1.914991E-05
 1074   -1.911428E-05
 1075   -1.907875E-05
 1076   -1.904332E-05
 1077   -1.900799E-05
 1078   -1.897276E-05
 1079   -1.893763E-05
 1080   -1.890259E-05
 1081   -1.985965E-05
 1082   -1.982298E-05
 1083   -1.978640E-05
 1084   -1.974993E-05
 1085   -1.971356E-05
 1086   -1.967729E-05
 1087   -1.964112E-05
 1088   -1.960505E-05
 1089   -1.956907E-05
 1090   -1.953320E-05
 1091   -1.943262E-05
 1092   -1.939706E-05
 1093   -1.936160E-05
 1094   -1.932623E-05
 1095   -1.929097E-05
 1096   -1.925580E-05
 1097   -1.922072E-05
 1098   -1.918574E-05
 1099   -1.915086E-05
 1100   -1.911607E-05
 1101   -1.826032E-05
 1102   -1.822721E-05
 1103   -1.819419E-05
 1104   -1.816126E-05
 1105   -1.812842E-05
 1106   -1.809567E-05
 1107   -1.806300E-05
 1108   -1.803043E-05
 1109   -1.799794E-05
 1110   -1.796554E-05
 1111   -1.813882E-05
 1112   -1.810622E-05
 1113   -1.807371E-05
 1114   -1.804130E-05
 1115   -1.800896E-05
 1116   -1.797672E-05
 1117   -1.794456E-05
 1118   -1.791249E-05
 1119   -1.788050E-05
 1120   -1.784860E-05
 1121   -1.821931E-05
 1122   -1.818686E-05
 1123   -1.815450E-05
 1124   -1.812222E-05
 1125   -1.809004E-05
 1126   -1.805793E-05
 1127   -1.802591E-05
 1128   -1.799398E-05
 1129   -1.796213E-05
 1130   -1.793037E-05
 1131   -1.838997E-05
 1132   -1.835751E-05
 1133   -1.832513E-05
 1134   -1.829284E-05
 1135   -1.826064E-05
 1136   -1.822852E-05
 1137   -1.819648E-05
 1138   -1.816453E-05
 1139   -1.813266E-05
 1140   -1.810088E-05
 1141   -1.825453E-05
 1142   -1.822259E-05
 1143   -1.819073E-05
 1144   -1.815896E-05
 1145   -1.812727E-05
 1146   -1.809566E-05
 1147   -1.806413E-05
 1148   -1.803269E-05
 1149   -1.800133E-05
 1150   -1.797005E-05
 1151   -1.722470E-05
 1152   -1.719483E-05
 1153   -1.716503E-05
 1154   -1.713530E-05
 1155   -1.710566E-05
 1156   -1.707609E-05
 1157   -1.704660E-05
 1158   -1.701718E-05
 1159   -1.698784E-05
 1160   -1.695858E-05
 1161   -1.666146E-05
 1162   -1.663281E-05
 1163   -1.660423E-05
 1164   -1.657572E-05
 1165   -1.654729E-05
 1166   -1.651893E-05
 1167   -1.649065E-05
 1168   -1.646243E-05
 1169   -1.643429E-05
 1170   -1.640622E-05
 1171   -1.658049E-05
 1172   -1.655222E-05
 1173   -1.652402E-05
 1174   -1.649589E-05
 1175   -1.646784E-05
 1176   -1.643986E-05
 1177   -1.641194E-05
 1178   -1.638410E-05
 1179   -1.635633E-05
 1180   -1.632863E-05
 1181   -1.748116E-05
 1182   -1.745160E-05
 1183   -1.742212E-05
 1184   -1.739272E-05
 1185   -1.736339E-05
 1186   -1.733413E-05
 1187   -1.730495E-05
 1188   -1.727584E-05
 1189   -1.724681E-05
 1190   -1.721785E-05
 1191   -1.690014E-05
 1192   -1.687181E-05
 1193   -1.684355E-05
 1194   -1.681536E-05
 1195   -1.678724E-05
 1196   -1.675919E-05
 1197   -1.673121E-05
 1198   -1.670330E-05
 1199   -1.667546E-05
 1200   -1.664769E-05
 1201   -1.638907E-05
 1202   -1.636183E-05
 1203   -1.633465E-05
 1204   -1.630754E-05
 1205   -1.628049E-05
 1206   -1.625352E-05
 1207   -1.622661E-05
 1208   -1.619976E-05
 1209   -1.617299E-05
 1210   -1.614628E-05
 1211   -1.570466E-05
 1212   -1.567877E-05
 1213   -1.565294E-05
 1214   -1.562717E-05
 1215   -1.560147E-05
 1216   -1.557583E-05
 1217   -1.555026E-05
 1218   -1.552474E-05
 1219   -1.549929E-05
 1220   -1.547390E-05
 1221   -1.562933E-05
 1222   -1.560377E-05
 1223   -1.557827E-05
 1224   -1.555284E-05
 1225   -1.552747E-05
 1226   -1.550216E-05
 1227   -1.547691E-05
 1228   -1.545172E-05
 1229   -1.542660E-05
 1230   -1.540153E-05
 1231   -1.668295E-05
 1232   -1.665589E-05
 1233   -1.662890E-05
 1234   -1.660197E-05
 1235   -1.657511E-05
 1236   -1.654831E-05
 1237   -1.652157E-05
 1238   -1.649490E-05
 1239   -1.646830E-05
 1240   -1.644176E-05
 1241   -1.556384E-05
 1242   -1.553880E-05
 1243   -1.551382E-05
 1244   -1.548890E-05
 1245   -1.546403E-05
 1246   -1.543923E-05
 1247   -1.541449E-05
 1248   -1.538981E-05
 1249   -1.536518E-05
 1250   -1.534062E-05
 1251   -1.502849E-05
 1252   -1.500450E-05
 1253   -1.498057E-05
 1254   -1.495669E-05
 1255   -1.493288E-05
 1256   -1.490912E-05
 1257   -1.488542E-05
 1258   -1.486177E-05
 1259   -1.483818E-05
 1260   -1.481465E-05
 1261   -1.408366E-05
 1262   -1.406136E-05
 1263   -1.403911E-05
 1264   -1.401691E-05
 1265   -1.399477E-05
 1266   -1.397268E-05
 1267   -1.395064E-05
 1268   -1.392865E-05
 1269   -1.390672E-05
 1270   -1.388484E-05
 1271   -1.473322E-05
 1272   -1.471008E-05
 1273   -1.468698E-05
 1274   -1.466394E-05
 1275   -1.464096E-05
 1276   -1.461803E-05
 1277   -1.459515E-05
 1278   -1.457233E-05
 1279   -1.454956E-05
 1280   -1.452685E-05
 1281   -1.410114E-05
 1282   -1.407915E-05
 1283   -1.405722E-05
 1284   -1.403535E-05
 1285   -1.401352E-05
 1286   -1.399174E-05
 1287   -1.397001E-05
 1288   -1.394834E-05
 1289   -1.392671E-05
 1290   -1.390514E-05
 1291   -1.348680E-05
 1292   -1.346594E-05
 1293   -1.344513E-05
 1294   -1.342436E-05
 1295   -1.340365E-05
 1296   -1.338298E-05
 1297   -1.336236E-05
 1298   -1.334178E-05
 1299   -1.332126E-05
 1300   -1.330078E-05
 1301   -1.286635E-05
 1302   -1.284660E-05
 1303   -1.282690E-05
 1304   -1.280724E-05
 1305   -1.278763E-05
 1306   -1.276806E-05
 1307   -1.274854E-05
 1308   -1.272906E-05
 1309   -1.270963E-05
 1310   -1.269024E-05
 1311   -1.203000E-05
 1312   -1.201168E-05
 1313   -1.199340E-05
 1314   -1.197516E-05
 1315   -1.195696E-05
 1316   -1.193880E-05
 1317   -1.192068E-05
 1318   -1.190261E-05
 1319   -1.188457E-05
 1320   -1.186658E-05
 1321   -1.217105E-05
 1322   -1.215265E-05
 1323   -1.213429E-05
 1324   -1.211598E-05
 1325   -1.209770E-05
 1326   -1.207947E-05
 1327   -1.206128E-05
 1328   -1.204313E-05
 1329   -1.202502E-05
 1330   -1.200695E-05
 1331   -1.211319E-05
 1332   -1.209501E-05
 1333   -1.207688E-05
 1334   -1.205878E-05
 1335   -1.204073E-05
 1336   -1.202272E-05
 1337   -1.200475E-05
 1338   -1.198682E-05
 1339   -1.196893E-05
 1340   -1.195108E-05
 1341   -1.129826E-05
 1342   -1.128143E-05
 1343   -1.126465E-05
 1344   -1.124790E-05
 1345   -1.123118E-05
 1346   -1.121451E-05
 1347   -1.119787E-05
 1348   -1.118127E-05
 1349   -1.116470E-05
 1350   -1.114817E-05
 1351   -1.101224E-05
 1352   -1.099596E-05
 1353   -1.097972E-05
 1354   -1.096351E-05
 1355   -1.094734E-05
 1356   -1.093121E-05
 1357   -1.091511E-05
 1358   -1.089905E-05
 1359   -1.088302E-05
 1360   -1.086703E-05
 1361   -1.036086E-05
 1362   -1.034566E-05
 1363   -1.033049E-05
 1364   -1.031535E-05
 1365   -1.030025E-05
 1366   -1.028518E-05
 1367   -1.027014E-05
 1368   -1.025514E-05
 1369   -1.024017E-05
 1370   -1.022523E-05
 1371   -1.046590E-05
 1372   -1.045066E-05
 1373   -1.043545E-05
 1374   -1.042027E-05
 1375   -1.040512E-05
 1376   -1.039001E-05
 1377   -1.037493E-05
 1378   -1.035988E-05
 1379   -1.034487E-05
 1380   -1.032989E-05
 1381   -1.029204E-05
 1382   -1.027716E-05
 1383   -1.026230E-05
 1384   -1.024749E-05
 1385   -1.023270E-05
 1386   -1.021794E-05
 1387   -1.020322E-05
 1388   -1.018853E-05
 1389   -1.017387E-05
 1390   -1.015924E-05
 1391   -9.645110E-06
 1392   -9.631262E-06
 1393   -9.617444E-06
 1394   -9.603655E-06
 1395   -9.589897E-06
 1396   -9.576167E-06
 1397   -9.562467E-06
 1398   -9.548797E-06
 1399   -9.535156E-06
 1400   -9.521544E-06
 1401   -8.861140E-06
 1402   -8.848508E-06
 1403   -8.835903E-06
 1404   -8.823325E-06
 1405   -8.810774E-06
 1406   -8.798250E-06
 1407   -8.785753E-06
 1408   -8.773282E-06
 1409   -8.760837E-06
 1410   -8.748420E-06
 1411   -7.819002E-06
 1412   -7.807935E-06
 1413   -7.796891E-06
 1414   -7.785871E-06
 1415   -7.774874E-06
 1416   -7.763900E-06
 1417   -7.752950E-06
 1418   -7.742022E-06
 1419   -7.731118E-06
 1420   -7.720237E-06
 1421   -7.936845E-06
 1422   -7.925690E-06
 1423   -7.914559E-06
 1424   -7.903450E-06
 1425   -7.892366E-06
 1426   -7.881304E-06
 1427   -7.870266E-06
 1428   -7.859251E-06
 1429   -7.848259E-06
 1430   -7.837290E-06
 1431   -7.817710E-06
 1432   -7.806799E-06
 1433   -7.795911E-06
 1434   -7.785045E-06
 1435   -7.774203E-06
 1436   -7.763382E-06
 1437   -7.752585E-06
 1438   -7.741810E-06
 1439   -7.731058E-06
 1440   -7.720327E-06
 1441   -7.589875E-06
 1442   -7.579355E-06
 1443   -7.568858E-06
 1444   -7.558382E-06
 1445   -7.547927E-06
 1446   -7.537495E-06
 1447   -7.527084E-06
 1448   -7.516695E-06
 1449   -7.506327E-06
 1450   -7.495980E-06
 1451   -6.623030E-06
 1452   -6.613914E-06
 1453   -6.604816E-06
 1454   -6.595737E-06
 1455   -6.586677E-06
 1456   -6.577636E-06
 1457   -6.568613E-06
 1458   -6.559609E-06
 1459   -6.550623E-06
 1460   -6.541656E-06
 1461   -6.266411E-06
 1462   -6.257845E-06
 1463   -6.249296E-06
 1464   -6.240764E-06
 1465   -6.232250E-06
 1466   -6.223754E-06
 1467   -6.215274E-06
 1468   -6.206813E-06
 1469   -6.198368E-06
 1470   -6.189940E-06
 1471   -6.247907E-06
 1472   -6.239423E-06
 1473   -6.230957E-06
 1474   -6.222509E-06
 1475   -6.214077E-06
 1476   -6.205663E-06
 1477   -6.197265E-06
 1478   -6.188885E-06
 1479   -6.180521E-06
 1480   -6.172175E-06
 1481   -6.154400E-06
 1482   -6.146100E-06
 1483   -6.137817E-06
 1484   -6.129550E-06
 1485   -6.121301E-06
 1486   -6.113067E-06
 1487   -6.104851E-06
 1488   -6.096651E-06
 1489   -6.088468E-06
 1490   -6.080301E-06
 1491   -5.824725E-06
 1492   -5.816922E-06
 1493   -5.809135E-06
 1494   -5.801364E-06
 1495   -5.793608E-06
 1496   -5.785867E-06
 1497   -5.778143E-06
 1498   -5.770433E-06
 1499   -5.762739E-06
 1500   -5.755061E-06
 1501   -5.123951E-06
 1502   -5.117133E-06
 1503   -5.110328E-06
 1504   -5.103537E-06
 1505   -5.096759E-06
 1506   -5.089995E-06
 1507   -5.083244E-06
 1508   -5.076507E-06
 1509   -5.069783E-06
 1510   -5.063073E-06
 1511   -4.530622E-06
 1512   -4.524633E-06
 1513   -4.518656E-06
 1514   -4.512691E-06
 1515   -4.506737E-06
 1516   -4.500796E-06
 1517   -4.494866E-06
 1518   -4.488948E-06
 1519   -4.483041E-06
 1520   -4.477146E-06
 1521   -4.616062E-06
 1522   -4.610000E-06
 1523   -4.603950E-06
 1524   -4.597912E-06
 1525   -4.591886E-06
 1526   -4.585872E-06
 1527   -4.579869E-06
 1528   -4.573879E-06
 1529   -4.567900E-06
 1530   -4.561933E-06
 1531   -4.447537E-06
 1532   -4.441735E-06
 1533   -4.435944E-06
 1534   -4.430164E-06
 1535   -4.424395E-06
 1536   -4.418638E-06
 1537   -4.412892E-06
 1538   -4.407158E-06
 1539   -4.401434E-06
 1540   -4.395722E-06
 1541   -4.209682E-06
 1542   -4.204225E-06
 1543   -4.198779E-06
 1544   -4.193344E-06
 1545   -4.187919E-06
 1546   -4.182505E-06
 1547   -4.177101E-06
 1548   -4.171708E-06
 1549   -4.166325E-06
 1550   -4.160953E-06
 1551   -3.594317E-06
 1552   -3.589688E-06
 1553   -3.585068E-06
 1554   -3.580457E-06
 1555   -3.575855E-06
 1556   -3.571261E-06
 1557   -3.566677E-06
 1558   -3.562101E-06
 1559   -3.557535E-06
 1560   -3.552977E-06
 1561   -3.357826E-06
 1562   -3.353529E-06
 1563   -3.349241E-06
 1564   -3.344961E-06
 1565   -3.340689E-06
 1566   -3.336425E-06
 1567   -3.332169E-06
 1568   -3.327922E-06
 1569   -3.323683E-06
 1570   -3.319451E-06
 1571   -3.252148E-06
 1572   -3.248013E-06
 1573   -3.243886E-06
 1574   -3.239767E-06
 1575   -3.235656E-06
 1576   -3.231552E-06
 1577   -3.227456E-06
 1578   -3.223368E-06
 1579   -3.219288E-06
 1580   -3.215216E-06
 1581   -3.142829E-06
 1582   -3.138859E-06
 1583   -3.134896E-06
 1584   -3.130940E-06
 1585   -3.126992E-06
 1586   -3.123051E-06
 1587   -3.119118E-06
 1588   -3.115192E-06
 1589   -3.111273E-06
 1590   -3.107362E-06
 1591   -2.866345E-06
 1592   -2.862746E-06
 1593   -2.859154E-06
 1594   -2.855569E-06
 1595   -2.851991E-06
 1596   -2.848419E-06
 1597   -2.844854E-06
 1598   -2.841296E-06
 1599   -2.837744E-06
 1600   -2.834199E-06
 1601   -2.364183E-06
 1602   -2.361233E-06
 1603   -2.358289E-06
 1604   -2.355350E-06
 1605   -2.352417E-06
 1606   -2.349489E-06
 1607   -2.346567E-06
 1608   -2.343650E-06
 1609   -2.340739E-06
 1610   -2.337833E-06
 1611   -2.114213E-06
 1612   -2.111591E-06
 1613   -2.108975E-06
 1614   -2.106363E-06
 1615   -2.103756E-06
 1616   -2.101154E-06
 1617   -2.098557E-06
 1618   -2.095965E-06
 1619   -2.093377E-06
 1620   -2.090794E-06
 1621   -1.994244E-06
 1622   -1.991786E-06
 1623   -1.989333E-06
 1624   -1.986885E-06
 1625   -1.984441E-06
 1626   -1.982002E-06
 1627   -1.979567E-06
 1628   -1.977136E-06
 1629   -1.974710E-06
 1630   -1.972289E-06
 1631   -1.930332E-06
 1632   -1.927967E-06
 1633   -1.925608E-06
 1634   -1.923252E-06
 1635   -1.920901E-06
 1636   -1.918554E-06
 1637   -1.916212E-06
 1638   -1.913873E-06
 1639   -1.911539E-06
 1640   -1.909210E-06
 1641   -1.785184E-06
 1642   -1.783011E-06
 1643   -1.780842E-06
 1644   -1.778677E-06
 1645   -1.776516E-06
 1646   -1.774359E-06
 1647   -1.772205E-06
 1648   -1.770056E-06
 1649   -1.767910E-06
 1650   -1.765769E-06
 1651   -1.479775E-06
 1652   -1.477984E-06
 1653   -1.476197E-06
 1654   -1.474413E-06
 1655   -1.472633E-06
 1656   -1.470855E-06
 1657   -1.469081E-06
 1658   -1.467310E-06
 1659   -1.465542E-06
 1660   -1.463777E-06
 1661   -1.338654E-06
 1662   -1.337044E-06
 1663   -1.335437E-06
 1664   -1.333833E-06
 1665   -1.332231E-06
 1666   -1.330633E-06
 1667   -1.329038E-06
 1668   -1.327445E-06
 1669   -1.325855E-06
 1670   -1.324268E-06
 1671   -1.267811E-06
 1672   -1.266295E-06
 1673   -1.264782E-06
 1674   -1.263272E-06
 1675   -1.261765E-06
 1676   -1.260260E-06
 1677   -1.258758E-06
 1678   -1.257258E-06
 1679   -1.255762E-06
 1680   -1.254268E-06
 1681   -1.221098E-06
 1682   -1.219647E-06
 1683   -1.218198E-06
 1684   -1.216752E-06
 1685   -1.215309E-06
 1686   -1.213868E-06
 1687   -1.212430E-06
 1688   -1.210994E-06
 1689   -1.209561E-06
 1690   -1.208131E-06
 1691   -1.119364E-06
 1692   -1.118041E-06
 1693   -1.116721E-06
 1694   -1.115404E-06
 1695   -1.114088E-06
 1696   -1.112775E-06
 1697   -1.111465E-06
 1698   -1.110156E-06
 1699   -1.108850E-06
 1700   -1.107546E-06
 1701   -8.985917E-07
 1702   -8.975364E-07
 1703   -8.964830E-07
 1704   -8.954314E-07
 1705   -8.943816E-07
 1706   -8.933337E-07
 1707   -8.922877E-07
 1708   -8.912434E-07
 1709   -8.902010E-07
 1710   -8.891605E-07
 1711   -7.980753E-07
 1712   -7.971435E-07
 1713   -7.962134E-07
 1714   -7.952848E-07
 1715   -7.943579E-07
 1716   -7.934326E-07
 1717   -7.925090E-07
 1718   -7.915869E-07
 1719   -7.906665E-07
 1720   -7.897476E-07
 1721   -7.421162E-07
 1722   -7.412548E-07
 1723   -7.403949E-07
 1724   -7.395365E-07
 1725   -7.386795E-07
 1726   -7.378241E-07
 1727   -7.369701E-07
 1728   -7.361176E-07
 1729   -7.352666E-07
 1730   -7.344171E-07
 1731   -7.276228E-07
 1732   -7.267831E-07
 1733   -7.259448E-07
 1734   -7.251080E-07
 1735   -7.242726E-07
 1736   -7.234386E-07
 1737   -7.226061E-07
 1738   -7.217751E-07
 1739   -7.209455E-07
 1740   -7.201173E-07
 1741   -6.714470E-07
 1742   -6.706766E-07
 1743   -6.699075E-07
 1744   -6.691397E-07
 1745   -6.683732E-07
 1746   -6.676080E-07
 1747   -6.668442E-07
 1748   -6.660816E-07
 1749   -6.653204E-07
 1750   -6.645604E-07
 1751   -5.781761E-07
 1752   -5.775165E-07
 1753   -5.768580E-07
 1754   -5.762006E-07
 1755   -5.755443E-07
 1756   -5.748892E-07
 1757   -5.742351E-07
 1758   -5.735822E-07
 1759   -5.729304E-07
 1760   -5.722797E-07
 1761   -5.389254E-07
 1762   -5.383140E-07
 1763   -5.377037E-07
 1764   -5.370944E-07
 1765   -5.364861E-07
 1766   -5.358789E-07
 1767   -5.352727E-07
 1768   -5.346676E-07
 1769   -5.340634E-07
 1770   -5.334603E-07
 1771   -5.121505E-07
 1772   -5.115728E-07
 1773   -5.109960E-07
 1774   -5.104203E-07
 1775   -5.098455E-07
 1776   -5.092716E-07
 1777   -5.086988E-07
 1778   -5.081269E-07
 1779   -5.075560E-07
 1780   -5.069860E-07
 1781   -5.079357E-07
 1782   -5.073660E-07
 1783   -5.067972E-07
 1784   -5.062293E-07
 1785   -5.056624E-07
 1786   -5.050965E-07
 1787   -5.045315E-07
 1788   -5.039675E-07
 1789   -5.034044E-07
 1790   -5.028422E-07
 1791   -4.834688E-07
 1792   -4.829295E-07
 1793   -4.823911E-07
 1794   -4.818537E-07
 1795   -4.813171E-07
 1796   -4.807814E-07
 1797   -4.802466E-07
 1798   -4.797127E-07
 1799   -4.791797E-07
 1800   -4.786475E-07
 1801   -4.532036E-07
 1802   -4.527009E-07
 1803   -4.521990E-07
 1804   -4.516980E-07
 1805   -4.511977E-07
 1806   -4.506983E-07
 1807   -4.501998E-07
 1808   -4.497021E-07
 1809   -4.492051E-07
 1810   -4.487091E-07
 1811   -4.436873E-07
 1812   -4.431979E-07
 1813   -4.427092E-07
 1814   -4.422214E-07
 1815   -4.417344E-07
 1816   -4.412481E-07
 1817   -4.407627E-07
 1818   -4.402781E-07
 1819   -4.397943E-07
 1820   -4.393112E-07
 1821   -4.307759E-07
 1822   -4.303033E-07
 1823   -4.298315E-07
 1824   -4.293604E-07
 1825   -4.288902E-07
 1826   -4.284207E-07
 1827   -4.279519E-07
 1828   -4.274840E-07
 1829   -4.270168E-07
 1830   -4.265504E-07
 1831   -4.400720E-07
 1832   -4.395918E-07
 1833   -4.391124E-07
 1834   -4.386338E-07
 1835   -4.381560E-07
 1836   -4.376790E-07
 1837   -4.372027E-07
 1838   -4.367272E-07
 1839   -4.362525E-07
 1840   -4.357786E-07
 1841   -4.368324E-07
 1842   -4.363583E-07
 1843   -4.358851E-07
 1844   -4.354125E-07
 1845   -4.349408E-07
 1846   -4.344698E-07
 1847   -4.339996E-07
 1848   -4.335302E-07
 1849   -4.330615E-07
 1850   -4.325936E-07
 1851   -4.503498E-07
 1852   -4.498637E-07
 1853   -4.493784E-07
 1854   -4.488939E-07
 1855   -4.484102E-07
 1856   -4.479272E-07
 1857   -4.474451E-07
 1858   -4.469637E-07
 1859   -4.464831E-07
 1860   -4.460032E-07
 1861   -4.611989E-07
 1862   -4.607037E-07
 1863   -4.602094E-07
 1864   -4.597159E-07
 1865   -4.592232E-07
 1866   -4.587312E-07
 1867   -4.582401E-07
 1868   -4.577497E-07
 1869   -4.572602E-07
 1870   -4.567714E-07
 1871   -4.491763E-07
 1872   -4.486967E-07
 1873   -4.482178E-07
 1874   -4.477397E-07
 1875   -4.472624E-07
 1876   -4.467858E-07
 1877   -4.463100E-07
 1878   -4.458349E-07
 1879   -4.453606E-07
 1880   -4.448871E-07
 1881   -4.724134E-07
 1882   -4.719117E-07
 1883   -4.714107E-07
 1884   -4.709105E-07
 1885   -4.704112E-07
 1886   -4.699126E-07
 1887   -4.694148E-07
 1888   -4.689178E-07
 1889   -4.684216E-07
 1890   -4.679262E-07
 1891   -4.806066E-07
 1892   -4.800988E-07
 1893   -4.795918E-07
 1894   -4.790857E-07
 1895   -4.785803E-07
 1896   -4.780757E-07
 1897   -4.775720E-07
 1898   -4.770690E-07
 1899   -4.765668E-07
 1900   -4.760654E-07
 1901   -5.154134E-07
 1902   -5.148717E-07
 1903   -5.143308E-07
 1904   -5.137909E-07
 1905   -5.132517E-07
 1906   -5.127134E-07
 1907   -5.121760E-07
 1908   -5.116394E-07
 1909   -5.111037E-07
 1910   -5.105688E-07
 1911   -5.388474E-07
 1912   -5.382840E-07
 1913   -5.377215E-07
 1914   -5.371600E-07
 1915   -5.365992E-07
 1916   -5.360394E-07
 1917   -5.354805E-07
 1918   -5.349224E-07
 1919   -5.343652E-07
 1920   -5.338088E-07
 1921   -5.342571E-07
 1922   -5.337014E-07
 1923   -5.331466E-07
 1924   -5.325927E-07
 1925   -5.320397E-07
 1926   -5.314875E-07
 1927   -5.309361E-07
 1928   -5.303857E-07
 1929   -5.298360E-07
 1930   -5.292873E-07
 1931   -5.677729E-07
 1932   -5.671855E-07
 1933   -5.665989E-07
 1934   -5.660133E-07
 1935   -5.654286E-07
 1936   -5.648447E-07
 1937   -5.642618E-07
 1938   -5.636798E-07
 1939   -5.630987E-07
 1940   -5.625185E-07
 1941   -5.678706E-07
 1942   -5.672861E-07
 1943   -5.667024E-07
 1944   -5.661197E-07
 1945   -5.655379E-07
 1946   -5.649569E-07
 1947   -5.643769E-07
 1948   -5.637978E-07
 1949   -5.632195E-07
 1950   -5.626421E-07
 1951   -6.262829E-07
 1952   -6.256416E-07
 1953   -6.250012E-07
 1954   -6.243618E-07
 1955   -6.237234E-07
 1956   -6.230860E-07
 1957   -6.224495E-07
 1958   -6.218141E-07
 1959   -6.211795E-07
 1960   -6.205460E-07
 1961   -6.437541E-07
 1962   -6.430982E-07
 1963   -6.424433E-07
 1964   -6.417894E-07
 1965   -6.411365E-07
 1966   -6.404846E-07
 1967   -6.398337E-07
 1968   -6.391838E-07
 1969   -6.385349E-07
 1970   -6.378870E-07
 1971   -6.425949E-07
 1972   -6.419436E-07
 1973   -6.412932E-07
 1974   -6.406437E-07
 1975   -6.399953E-07
 1976   -6.393479E-07
 1977   -6.387014E-07
 1978   -6.380559E-07
 1979   -6.374114E-07
 1980   -6.367679E-07
 1981   -6.640918E-07
 1982   -6.634220E-07
 1983   -6.627532E-07
 1984   -6.620855E-07
 1985   -6.614187E-07
 1986   -6.607530E-07
 1987   -6.600882E-07
 1988   -6.594245E-07
 1989   -6.587617E-07
 1990   -6.581000E-07
 1991   -6.830419E-07
 1992   -6.823564E-07
 1993   -6.816720E-07
 1994   -6.809886E-07
 1995   -6.803063E-07
 1996   -6.796250E-07
 1997   -6.789447E-07
 1998   -6.782654E-07
 1999   -6.775871E-07
 2000   -6.769099E-07
 2001   -7.230694E-07
 2002   -7.223474E-07
 2003   -7.216265E-07
 2004   -7.209067E-07
 2005   -7.201879E-07
 2006   -7.194702E-07
 2007   -7.187536E-07
 2008   -7.180381E-07
 2009   -7.173236E-07
 2010   -7.166102E-07
 2011   -7.363105E-07
 2012   -7.355789E-07
 2013   -7.348484E-07
 2014   -7.341191E-07
 2015   -7.333908E-07
 2016   -7.326636E-07
 2017   -7.319374E-07
 2018   -7.312124E-07
 2019   -7.304884E-07
 2020   -7.297655E-07
 2021   -7.407099E-07
 2022   -7.399776E-07
 2023   -7.392464E-07
 2024   -7.385163E-07
 2025   -7.377873E-07
 2026   -7.370593E-07
 2027   -7.363324E-07
 2028   -7.356066E-07
 2029   -7.348819E-07
 2030   -7.341582E-07
 2031   -7.688154E-07
 2032   -7.680591E-07
 2033   -7.673038E-07
 2034   -7.665497E-07
 2035   -7.657967E-07
 2036   -7.650449E-07
 2037   -7.642941E-07
 2038   -7.635444E-07
 2039   -7.627958E-07
 2040   -7.620484E-07
 2041   -7.655506E-07
 2042   -7.648011E-07
 2043   -7.640528E-07
 2044   -7.633056E-07
 2045   -7.625594E-07
 2046   -7.618144E-07
 2047   -7.610704E-07
 2048   -7.603275E-07
 2049   -7.595858E-07
 2050   -7.588451E-07
 2051   -7.999341E-07
 2052   -7.991548E-07
 2053   -7.983767E-07
 2054   -7.975997E-07
 2055   -7.968238E-07
 2056   -7.960491E-07
 2057   -7.952754E-07
 2058   -7.945030E-07
 2059   -7.937316E-07
 2060   -7.929614E-07
 2061   -8.163632E-07
 2062   -8.155718E-07
 2063   -8.147815E-07
 2064   -8.139924E-07
 2065   -8.132044E-07
 2066   -8.124176E-07
 2067   -8.116319E-07
 2068   -8.108473E-07
 2069   -8.100639E-07
 2070   -8.092816E-07
 2071   -8.117276E-07
 2072   -8.109445E-07
 2073   -8.101625E-07
 2074   -8.093816E-07
 2075   -8.086019E-07
 2076   -8.078232E-07
 2077   -8.070457E-07
 2078   -8.062693E-07
 2079   -8.054941E-07
 2080   -8.047199E-07
 2081   -8.292339E-07
 2082   -8.284377E-07
 2083   -8.276427E-07
 2084   -8.268488E-07
 2085   -8.260560E-07
 2086   -8.252644E-07
 2087   -8.244739E-07
 2088   -8.236846E-07
 2089   -8.228963E-07
 2090   -8.221093E-07
 2091   -8.190825E-07
 2092   -8.182998E-07
 2093   -8.175183E-07
 2094   -8.167378E-07
 2095   -8.159585E-07
 2096   -8.151803E-07
 2097   -8.144032E-07
 2098   -8.136272E-07
 2099   -8.128523E-07
 2100   -8.120785E-07
 2101   -8.357044E-07
 2102   -8.349097E-07
 2103   -8.341160E-07
 2104   -8.333235E-07
 2105   -8.325321E-07
 2106   -8.317419E-07
 2107   -8.309528E-07
 2108   -8.301647E-07
 2109   -8.293779E-07
 2110   -8.285921E-07
 2111   -8.246895E-07
 2112   -8.239089E-07
 2113   -8.231294E-07
 2114   -8.223511E-07
 2115   -8.215738E-07
 2116   -8.207976E-07
 2117   -8.200225E-07
 2118   -8.192486E-07
 2119   -8.184757E-07
 2120   -8.177039E-07
 2121   -8.365423E-07
 2122   -8.357543E-07
 2123   -8.349673E-07
 2124   -8.341815E-07
 2125   -8.333967E-07
 2126   -8.326131E-07
 2127   -8.318305E-07
 2128   -8.310491E-07
 2129   -8.302688E-07
 2130   -8.294896E-07
 2131   -8.365798E-07
 2132   -8.357953E-07
 2133   -8.350120E-07
 2134   -8.342298E-07
 2135   -8.334487E-07
 2136   -8.326687E-07
 2137   -8.318898E-07
 2138   -8.311119E-07
 2139   -8.303352E-07
 2140   -8.295595E-07
 2141   -8.406504E-07
 2142   -8.398658E-07
 2143   -8.390824E-07
 2144   -8.383000E-07
 2145   -8.375188E-07
 2146   -8.367386E-07
 2147   -8.359595E-07
 2148   -8.351815E-07
 2149   -8.344046E-07
 2150   -8.336288E-07
 2151   -8.302583E-07
 2152   -8.294870E-07
 2153   -8.287169E-07
 2154   -8.279477E-07
 2155   -8.271797E-07
 2156   -8.264127E-07
 2157   -8.256468E-07
 2158   -8.248820E-07
 2159   -8.241182E-07
 2160   -8.233555E-07
 2161   -8.548829E-07
 2162   -8.540924E-07
 2163   -8.533030E-07
 2164   -8.525148E-07
 2165   -8.517276E-07
 2166   -8.509415E-07
 2167   -8.501565E-07
 2168   -8.493726E-07
 2169   -8.485898E-07
 2170   -8.478080E-07
 2171   -8.453516E-07
 2172   -8.445735E-07
 2173   -8.437965E-07
 2174   -8.430206E-07
 2175   -8.422458E-07
 2176   -8.414720E-07
 2177   -8.406993E-07
 2178   -8.399277E-07
 2179   -8.391571E-07
 2180   -8.383876E-07
 2181   -8.352913E-07
 2182   -8.345261E-07
 2183   -8.337618E-07
 2184   -8.329987E-07
 2185   -8.322366E-07
 2186   -8.314755E-07
 2187   -8.307155E-07
 2188   -8.299565E-07
 2189   -8.291985E-07
 2190   -8.284416E-07
 2191   -8.307428E-07
 2192   -8.299851E-07
 2193   -8.292285E-07
 2194   -8.284730E-07
 2195   -8.277184E-07
 2196   -8.269649E-07
 2197   -8.262125E-07
 2198   -8.254610E-07
 2199   -8.247106E-07
 2200   -8.239612E-07
 2201   -8.222063E-07
 2202   -8.214599E-07
 2203   -8.207144E-07
 2204   -8.199700E-07
 2205   -8.192266E-07
 2206   -8.184842E-07
 2207   -8.177429E-07
 2208   -8.170025E-07
 2209   -8.162631E-07
 2210   -8.155247E-07
 2211   -8.040778E-07
 2212   -8.033511E-07
 2213   -8.026254E-07
 2214   -8.019007E-07
 2215   -8.011769E-07
 2216   -8.004542E-07
 2217   -7.997324E-07
 2218   -7.990116E-07
 2219   -7.982918E-07
 2220   -7.975729E-07
 2221   -8.070309E-07
 2222   -8.063048E-07
 2223   -8.055798E-07
 2224   -8.048556E-07
 2225   -8.041325E-07
 2226   -8.034103E-07
 2227   -8.026891E-07
 2228   -8.019689E-07
 2229   -8.012497E-07
 2230   -8.005314E-07
 2231   -7.860964E-07
 2232   -7.853923E-07
 2233   -7.846892E-07
 2234   -7.839870E-07
 2235   -7.832858E-07
 2236   -7.825855E-07
 2237   -7.818861E-07
 2238   -7.811877E-07
 2239   -7.804902E-07
 2240   -7.797936E-07
 2241   -7.944931E-07
 2242   -7.937847E-07
 2243   -7.930772E-07
 2244   -7.923707E-07
 2245   -7.916651E-07
 2246   -7.909605E-07
 2247   -7.902568E-07
 2248   -7.895540E-07
 2249   -7.888522E-07
 2250   -7.881513E-07
 2251   -7.435125E-07
 2252   -7.428525E-07
 2253   -7.421934E-07
 2254   -7.415351E-07
 2255   -7.408777E-07
 2256   -7.402212E-07
 2257   -7.395656E-07
 2258   -7.389108E-07
 2259   -7.382569E-07
 2260   -7.376039E-07
 2261   -7.286861E-07
 2262   -7.280421E-07
 2263   -7.273989E-07
 2264   -7.267566E-07
 2265   -7.261152E-07
 2266   -7.254746E-07
 2267   -7.248348E-07
 2268   -7.241959E-07
 2269   -7.235579E-07
 2270   -7.229206E-07
 2271   -7.265554E-07
 2272   -7.259161E-07
 2273   -7.252777E-07
 2274   -7.246401E-07
 2275   -7.240033E-07
 2276   -7.233674E-07
 2277   -7.227323E-07
 2278   -7.220980E-07
 2279   -7.214646E-07
 2280   -7.208320E-07
 2281   -7.151234E-07
 2282   -7.144969E-07
 2283   -7.138713E-07
 2284   -7.132464E-07
 2285   -7.126224E-07
 2286   -7.119992E-07
 2287   -7.113768E-07
 2288   -7.107553E-07
 2289   -7.101345E-07
 2290   -7.095146E-07
 2291   -7.112221E-07
 2292   -7.106018E-07
 2293   -7.099822E-07
 2294   -7.093635E-07
 2295   -7.087456E-07
 2296   -7.081285E-07
 2297   -7.075122E-07
 2298   -7.068967E-07
 2299   -7.062820E-07
 2300   -7.056681E-07
 2301   -6.601319E-07
 2302   -6.595586E-07
 2303   -6.589861E-07
 2304   -6.584143E-07
 2305   -6.578433E-07
 2306   -6.572730E-07
 2307   -6.567034E-07
 2308   -6.561346E-07
 2309   -6.555665E-07
 2310   -6.549991E-07
 2311   -6.516816E-07
 2312   -6.511181E-07
 2313   -6.505554E-07
 2314   -6.499933E-07
 2315   -6.494320E-07
 2316   -6.488714E-07
 2317   -6.483116E-07
 2318   -6.477525E-07
 2319   -6.471941E-07
 2320   -6.466364E-07
 2321   -6.312026E-07
 2322   -6.306592E-07
 2323   -6.301164E-07
 2324   -6.295744E-07
 2325   -6.290331E-07
 2326   -6.284924E-07
 2327   -6.279525E-07
 2328   -6.274132E-07
 2329   -6.268747E-07
 2330   -6.263368E-07
 2331   -6.243560E-07
 2332   -6.238208E-07
 2333   -6.232862E-07
 2334   -6.227523E-07
 2335   -6.222192E-07
 2336   -6.216867E-07
 2337   -6.211549E-07
 2338   -6.206237E-07
 2339   -6.200933E-07
 2340   -6.195635E-07
 2341   -6.268301E-07
 2342   -6.262951E-07
 2343   -6.257607E-07
 2344   -6.252270E-07
 2345   -6.246940E-07
 2346   -6.241616E-07
 2347   -6.236300E-07
 2348   -6.230990E-07
 2349   -6.225687E-07
 2350   -6.220391E-07
 2351   -5.678694E-07
 2352   -5.673867E-07
 2353   -5.669047E-07
 2354   -5.664232E-07
 2355   -5.659424E-07
 2356   -5.654622E-07
 2357   -5.649825E-07
 2358   -5.645035E-07
 2359   -5.640251E-07
 2360   -5.635474E-07
 2361   -5.599636E-07
 2362   -5.594897E-07
 2363   -5.590163E-07
 2364   -5.585436E-07
 2365   -5.580714E-07
 2366   -5.575999E-07
 2367   -5.571290E-07
 2368   -5.566586E-07
 2369   -5.561889E-07
 2370   -5.557197E-07
 2371   -5.514801E-07
 2372   -5.510153E-07
 2373   -5.505511E-07
 2374   -5.500875E-07
 2375   -5.496244E-07
 2376   -5.491620E-07
 2377   -5.487001E-07
 2378   -5.482388E-07
 2379   -5.477781E-07
 2380   -5.473180E-07
 2381   -5.367685E-07
 2382   -5.363180E-07
 2383   -5.358681E-07
 2384   -5.354187E-07
 2385   -5.349699E-07
 2386   -5.345217E-07
 2387   -5.340740E-07
 2388   -5.336269E-07
 2389   -5.331803E-07
 2390   -5.327343E-07
 2391   -5.296919E-07
 2392   -5.292492E-07
 2393   -5.288071E-07
 2394   -5.283655E-07
 2395   -5.279245E-07
 2396   -5.274840E-07
 2397   -5.270440E-07
 2398   -5.266046E-07
 2399   -5.261658E-07
 2400   -5.257275E-07
 2401   -4.800367E-07
 2402   -4.796372E-07
 2403   -4.792382E-07
 2404   -4.788396E-07
 2405   -4.784416E-07
 2406   -4.780441E-07
 2407   -4.776470E-07
 2408   -4.772505E-07
 2409   -4.768544E-07
 2410   -4.764588E-07
 2411   -4.694448E-07
 2412   -4.690557E-07
 2413   -4.686670E-07
 2414   -4.682789E-07
 2415   -4.678913E-07
 2416   -4.675041E-07
 2417   -4.671174E-07
 2418   -4.667312E-07
 2419   -4.663455E-07
 2420   -4.659602E-07
 2421   -4.547681E-07
 2422   -4.543927E-07
 2423   -4.540178E-07
 2424   -4.536433E-07
 2425   -4.532693E-07
 2426   -4.528958E-07
 2427   -4.525228E-07
 2428   -4.521502E-07
 2429   -4.517780E-07
 2430   -4.514063E-07
 2431   -4.493741E-07
 2432   -4.490047E-07
 2433   -4.486357E-07
 2434   -4.482672E-07
 2435   -4.478992E-07
 2436   -4.475316E-07
 2437   -4.471645E-07
 2438   -4.467978E-07
 2439   -4.464316E-07
 2440   -4.460658E-07
 2441   -4.399627E-07
 2442   -4.396025E-07
 2443   -4.392428E-07
 2444   -4.388835E-07
 2445   -4.385246E-07
 2446   -4.381662E-07
 2447   -4.378082E-07
 2448   -4.374507E-07
 2449   -4.370936E-07
 2450   -4.367369E-07
 2451   -3.942918E-07
 2452   -3.939703E-07
 2453   -3.936493E-07
 2454   -3.933286E-07
 2455   -3.930083E-07
 2456   -3.926884E-07
 2457   -3.923688E-07
 2458   -3.920497E-07
 2459   -3.917310E-07
 2460   -3.914126E-07
 2461   -3.904728E-07
 2462   -3.901557E-07
 2463   -3.898390E-07
 2464   -3.895227E-07
 2465   -3.892068E-07
 2466   -3.888913E-07
 2467   -3.885761E-07
 2468   -3.882614E-07
 2469   -3.879470E-07
 2470   -3.876330E-07
 2471   -3.767584E-07
 2472   -3.764537E-07
 2473   -3.761494E-07
 2474   -3.758454E-07
 2475   -3.755418E-07
 2476   -3.752386E-07
 2477   -3.749357E-07
 2478   -3.746332E-07
 2479   -3.743311E-07
 2480   -3.740294E-07
 2481   -3.697947E-07
 2482   -3.694968E-07
 2483   -3.691993E-07
 2484   -3.689022E-07
 2485   -3.686054E-07
 2486   -3.683090E-07
 2487   -3.680129E-07
 2488   -3.677172E-07
 2489   -3.674218E-07
 2490   -3.671268E-07
 2491   -3.543247E-07
 2492   -3.540405E-07
 2493   -3.537566E-07
 2494   -3.534730E-07
 2495   -3.531898E-07
 2496   -3.529069E-07
 2497   -3.526243E-07
 2498   -3.523421E-07
 2499   -3.520602E-07
 2500   -3.517787E-07
 2501   -3.193335E-07
 2502   -3.190784E-07
 2503   -3.188235E-07
 2504   -3.185690E-07
 2505   -3.183147E-07
 2506   -3.180608E-07
 2507   -3.178071E-07
 2508   -3.175538E-07
 2509   -3.173008E-07
 2510   -3.170480E-07
 2511   -3.122485E-07
 2512   -3.120000E-07
 2513   -3.117518E-07
 2514   -3.115039E-07
 2515   -3.112563E-07
 2516   -3.110089E-07
 2517   -3.107619E-07
 2518   -3.105152E-07
 2519   -3.102687E-07
 2520   -3.100226E-07
 2521   -2.881729E-07
 2522   -2.879444E-07
 2523   -2.877163E-07
 2524   -2.874884E-07
 2525   -2.872607E-07
 2526   -2.870334E-07
 2527   -2.868063E-07
 2528   -2.865795E-07
 2529   -2.863529E-07
 2530   -2.861267E-07
 2531   -2.900895E-07
 2532   -2.898604E-07
 2533   -2.896316E-07
 2534   -2.894031E-07
 2535   -2.891749E-07
 2536   -2.889469E-07
 2537   -2.887192E-07
 2538   -2.884918E-07
 2539   -2.882646E-07
 2540   -2.880378E-07
 2541   -2.756211E-07
 2542   -2.754043E-07
 2543   -2.751878E-07
 2544   -2.749715E-07
 2545   -2.747555E-07
 2546   -2.745398E-07
 2547   -2.743243E-07
 2548   -2.741090E-07
 2549   -2.738940E-07
 2550   -2.736793E-07
 2551   -2.466743E-07
 2552   -2.464810E-07
 2553   -2.462880E-07
 2554   -2.460952E-07
 2555   -2.459027E-07
 2556   -2.457103E-07
 2557   -2.455182E-07
 2558   -2.453263E-07
 2559   -2.451347E-07
 2560   -2.449432E-07
 2561   -2.341695E-07
 2562   -2.339868E-07
 2563   -2.338043E-07
 2564   -2.336220E-07
 2565   -2.334399E-07
 2566   -2.332580E-07
 2567   -2.330763E-07
 2568   -2.328949E-07
 2569   -2.327136E-07
 2570   -2.325326E-07
 2571   -2.247538E-07
 2572   -2.245791E-07
 2573   -2.244046E-07
 2574   -2.242303E-07
 2575   -2.240562E-07
 2576   -2.238823E-07
 2577   -2.237086E-07
 2578   -2.235351E-07
 2579   -2.233618E-07
 2580   -2.231887E-07
 2581   -2.256849E-07
 2582   -2.255101E-07
 2583   -2.253356E-07
 2584   -2.251612E-07
 2585   -2.249871E-07
 2586   -2.248132E-07
 2587   -2.246394E-07
 2588   -2.244659E-07
 2589   -2.242926E-07
 2590   -2.241194E-07
 2591   -2.085651E-07
 2592   -2.084043E-07
 2593   -2.082436E-07
 2594   -2.080831E-07
 2595   -2.079228E-07
 2596   -2.077627E-07
 2597   -2.076027E-07
 2598   -2.074430E-07
 2599   -2.072834E-07
 2600   -2.071240E-07
 2601   -1.877509E-07
 2602   -1.876067E-07
 2603   -1.874626E-07
 2604   -1.873186E-07
 2605   -1.871749E-07
 2606   -1.870313E-07
 2607   -1.868879E-07
 2608   -1.867446E-07
 2609   -1.866015E-07
 2610   -1.864586E-07
 2611   -1.739681E-07
 2612   -1.738350E-07
 2613   -1.737020E-07
 2614   -1.735691E-07
 2615   -1.734364E-07
 2616   -1.733039E-07
 2617   -1.731715E-07
 2618   -1.730393E-07
 2619   -1.729072E-07
 2620   -1.727752E-07
 2621   -1.693457E-07
 2622   -1.692166E-07
 2623   -1.690876E-07
 2624   -1.689588E-07
 2625   -1.688301E-07
 2626   -1.687016E-07
 2627   -1.685732E-07
 2628   -1.684450E-07
 2629   -1.683169E-07
 2630   -1.681889E-07
 2631   -1.673716E-07
 2632   -1.672445E-07
 2633   -1.671175E-07
 2634   -1.669906E-07
 2635   -1.668639E-07
 2636   -1.667374E-07
 2637   -1.666110E-07
 2638   -1.664847E-07
 2639   -1.663586E-07
 2640   -1.662326E-07
 2641   -1.543859E-07
 2642   -1.542691E-07
 2643   -1.541524E-07
 2644   -1.540358E-07
 2645   -1.539194E-07
 2646   -1.538031E-07
 2647   -1.536869E-07
 2648   -1.535709E-07
 2649   -1.534550E-07
 2650   -1.533392E-07
 2651   -1.399291E-07
 2652   -1.398236E-07
 2653   -1.397183E-07
 2654   -1.396130E-07
 2655   -1.395079E-07
 2656   -1.394029E-07
 2657   -1.392980E-07
 2658   -1.391932E-07
 2659   -1.390886E-07
 2660   -1.389840E-07
 2661   -1.294449E-07
 2662   -1.293477E-07
 2663   -1.292506E-07
 2664   -1.291536E-07
 2665   -1.290567E-07
 2666   -1.289599E-07
 2667   -1.288632E-07
 2668   -1.287667E-07
 2669   -1.286702E-07
 2670   -1.285739E-07
 2671   -1.262877E-07
 2672   -1.261933E-07
 2673   -1.260989E-07
 2674   -1.260046E-07
 2675   -1.259104E-07
 2676   -1.258164E-07
 2677   -1.257224E-07
 2678   -1.256285E-07
 2679   -1.255348E-07
 2680   -1.254411E-07
 2681   -1.234890E-07
 2682   -1.233969E-07
 2683   -1.233050E-07
 2684   -1.232131E-07
 2685   -1.231214E-07
 2686   -1.230298E-07
 2687   -1.229382E-07
 2688   -1.228468E-07
 2689   -1.227554E-07
 2690   -1.226642E-07
 2691   -1.143505E-07
 2692   -1.142656E-07
 2693   -1.141808E-07
 2694   -1.140960E-07
 2695   -1.140114E-07
 2696   -1.139268E-07
 2697   -1.138424E-07
 2698   -1.137580E-07
 2699   -1.136738E-07
 2700   -1.135896E-07
 2701   -1.008999E-07
 2702   -1.008252E-07
 2703   -1.007506E-07
 2704   -1.006762E-07
 2705   -1.006017E-07
 2706   -1.005274E-07
 2707   -1.004532E-07
 2708   -1.003790E-07
 2709   -1.003049E-07
 2710   -1.002309E-07
 2711   -9.289714E-08
 2712   -9.282866E-08
 2713   -9.276025E-08
 2714   -9.269192E-08
 2715   -9.262366E-08
 2716   -9.255548E-08
 2717   -9.248738E-08
 2718   -9.241935E-08
 2719   -9.235139E-08
 2720   -9.228351E-08
 2721   -9.016127E-08
 2722   -9.009505E-08
 2723   -9.002890E-08
 2724   -8.996282E-08
 2725   -8.989682E-08
 2726   -8.983089E-08
 2727   -8.976503E-08
 2728   -8.969924E-08
 2729   -8.963353E-08
 2730   -8.956789E-08
 2731   -8.683851E-08
 2732   -8.677496E-08
 2733   -8.671148E-08
 2734   -8.664807E-08
 2735   -8.658473E-08
 2736   -8.652146E-08
 2737   -8.645826E-08
 2738   -8.639513E-08
 2739   -8.633207E-08
 2740   -8.626908E-08
 2741   -8.088490E-08
 2742   -8.082593E-08
 2743   -8.076701E-08
 2744   -8.070817E-08
 2745   -8.064939E-08
 2746   -8.059067E-08
 2747   -8.053201E-08
 2748   -8.047342E-08
 2749   -8.041490E-08
 2750   -8.035643E-08
 2751   -7.288151E-08
 2752   -7.282856E-08
 2753   -7.277567E-08
 2754   -7.272284E-08
 2755   -7.267007E-08
 2756   -7.261735E-08
 2757   -7.256469E-08
 2758   -7.251209E-08
 2759   -7.245955E-08
 2760   -7.240706E-08
 2761   -6.574688E-08
 2762   -6.569929E-08
 2763   -6.565175E-08
 2764   -6.560427E-08
 2765   -6.555683E-08
 2766   -6.550945E-08
 2767   -6.546211E-08
 2768   -6.541483E-08
 2769   -6.536760E-08
 2770   -6.532042E-08
 2771   -6.554925E-08
 2772   -6.550197E-08
 2773   -6.545474E-08
 2774   -6.540757E-08
 2775   -6.536045E-08
 2776   -6.531337E-08
 2777   -6.526635E-08
 2778   -6.521938E-08
 2779   -6.517246E-08
 2780   -6.512559E-08
 2781   -6.192007E-08
 2782   -6.187557E-08
 2783   -6.183112E-08
 2784   -6.178672E-08
 2785   -6.174236E-08
 2786   -6.169806E-08
 2787   -6.165380E-08
 2788   -6.160958E-08
 2789   -6.156542E-08
 2790   -6.152130E-08
 2791   -5.795871E-08
 2792   -5.791721E-08
 2793   -5.787575E-08
 2794   -5.783434E-08
 2795   -5.779297E-08
 2796   -5.775164E-08
 2797   -5.771036E-08
 2798   -5.766912E-08
 2799   -5.762793E-08
 2800   -5.758678E-08
 2801   -5.167366E-08
 2802   -5.163679E-08
 2803   -5.159995E-08
 2804   -5.156316E-08
 2805   -5.152641E-08
 2806   -5.148970E-08
 2807   -5.145302E-08
 2808   -5.141639E-08
 2809   -5.137979E-08
 2810   -5.134324E-08
 2811   -4.611027E-08
 2812   -4.607748E-08
 2813   -4.604474E-08
 2814   -4.601202E-08
 2815   -4.597934E-08
 2816   -4.594670E-08
 2817   -4.591409E-08
 2818   -4.588151E-08
 2819   -4.584897E-08
 2820   -4.581647E-08
 2821   -4.604719E-08
 2822   -4.601456E-08
 2823   -4.598198E-08
 2824   -4.594942E-08
 2825   -4.591690E-08
 2826   -4.588442E-08
 2827   -4.585197E-08
 2828   -4.581955E-08
 2829   -4.578717E-08
 2830   -4.575483E-08
 2831   -4.307103E-08
 2832   -4.304062E-08
 2833   -4.301025E-08
 2834   -4.297990E-08
 2835   -4.294959E-08
 2836   -4.291932E-08
 2837   -4.288907E-08
 2838   -4.285886E-08
 2839   -4.282867E-08
 2840   -4.279852E-08
 2841   -4.060849E-08
 2842   -4.057992E-08
 2843   -4.055139E-08
 2844   -4.052288E-08
 2845   -4.049440E-08
 2846   -4.046596E-08
 2847   -4.043754E-08
 2848   -4.040915E-08
 2849   -4.038079E-08
 2850   -4.035247E-08
 2851   -3.608536E-08
 2852   -3.606006E-08
 2853   -3.603479E-08
 2854   -3.600955E-08
 2855   -3.598433E-08
 2856   -3.595914E-08
 2857   -3.593398E-08
 2858   -3.590884E-08
 2859   -3.588373E-08
 2860   -3.585865E-08
 2861   -3.211812E-08
 2862   -3.209568E-08
 2863   -3.207327E-08
 2864   -3.205088E-08
 2865   -3.202851E-08
 2866   -3.200617E-08
 2867   -3.198385E-08
 2868   -3.196155E-08
 2869   -3.193928E-08
 2870   -3.191703E-08
 2871   -3.216622E-08
 2872   -3.214383E-08
 2873   -3.212146E-08
 2874   -3.209911E-08
 2875   -3.207679E-08
 2876   -3.205449E-08
 2877   -3.203222E-08
 2878   -3.200996E-08
 2879   -3.198774E-08
 2880   -3.196553E-08
 2881   -3.033275E-08
 2882   -3.031171E-08
 2883   -3.029069E-08
 2884   -3.026969E-08
 2885   -3.024872E-08
 2886   -3.022776E-08
 2887   -3.020683E-08
 2888   -3.018592E-08
 2889   -3.016503E-08
 2890   -3.014416E-08
 2891   -2.851192E-08
 2892   -2.849221E-08
 2893   -2.847252E-08
 2894   -2.845285E-08
 2895   -2.843320E-08
 2896   -2.841357E-08
 2897   -2.839396E-08
 2898   -2.837437E-08
 2899   -2.835481E-08
 2900   -2.833526E-08
 2901   -2.501779E-08
 2902   -2.500056E-08
 2903   -2.498334E-08
 2904   -2.496614E-08
 2905   -2.494896E-08
 2906   -2.493179E-08
 2907   -2.491465E-08
 2908   -2.489752E-08
 2909   -2.488041E-08
 2910   -2.486331E-08
 2911   -2.238917E-08
 2912   -2.237380E-08
 2913   -2.235844E-08
 2914   -2.234310E-08
 2915   -2.232778E-08
 2916   -2.231247E-08
 2917   -2.229718E-08
 2918   -2.228190E-08
 2919   -2.226664E-08
 2920   -2.225139E-08
 2921   -2.253205E-08
 2922   -2.251664E-08
 2923   -2.250123E-08
 2924   -2.248585E-08
 2925   -2.247048E-08
 2926   -2.245513E-08
 2927   -2.243979E-08
 2928   -2.242446E-08
 2929   -2.240916E-08
 2930   -2.239387E-08
 2931   -2.109410E-08
 2932   -2.107971E-08
 2933   -2.106534E-08
 2934   -2.105099E-08
 2935   -2.103665E-08
 2936   -2.102232E-08
 2937   -2.100801E-08
 2938   -2.099372E-08
 2939   -2.097943E-08
 2940   -2.096517E-08
 2941   -2.036102E-08
 2942   -2.034718E-08
 2943   -2.033336E-08
 2944   -2.031955E-08
 2945   -2.030576E-08
 2946   -2.029198E-08
 2947   -2.027821E-08
 2948   -2.026446E-08
 2949   -2.025072E-08
 2950   -2.023699E-08
 2951   -1.807970E-08
 2952   -1.806746E-08
 2953   -1.805522E-08
 2954   -1.804300E-08
 2955   -1.803079E-08
 2956   -1.801860E-08
 2957   -1.800642E-08
 2958   -1.799425E-08
 2959   -1.798209E-08
 2960   -1.796994E-08
 2961   -1.678798E-08
 2962   -1.677665E-08
 2963   -1.676533E-08
 2964   -1.675402E-08
 2965   -1.674272E-08
 2966   -1.673144E-08
 2967   -1.672016E-08
 2968   -1.670890E-08
 2969   -1.669765E-08
 2970   -1.668641E-08
 2971   -1.670541E-08
 2972   -1.669417E-08
 2973   -1.668295E-08
 2974   -1.667173E-08
 2975   -1.666053E-08
 2976   -1.664934E-08
 2977   -1.663815E-08
 2978   -1.662698E-08
 2979   -1.661582E-08
 2980   -1.660468E-08
 2981   -1.588226E-08
 2982   -1.587162E-08
 2983   -1.586098E-08
 2984   -1.585035E-08
 2985   -1.583973E-08
 2986   -1.582913E-08
 2987   -1.581853E-08
 2988   -1.580795E-08
 2989   -1.579737E-08
 2990   -1.578681E-08
 2991   -1.538236E-08
 2992   -1.537208E-08
 2993   -1.536181E-08
 2994   -1.535155E-08
 2995   -1.534130E-08
 2996   -1.533107E-08
 2997   -1.532084E-08
 2998   -1.531062E-08
 2999   -1.530041E-08
 3000   -1.529022E-08
 3001   -1.393570E-08
 3002   -1.392642E-08
 3003   -1.391714E-08
 3004   -1.390788E-08
 3005   -1.389863E-08
 3006   -1.388938E-08
 3007   -1.388015E-08
 3008   -1.387092E-08
 3009   -1.386171E-08
 3010   -1.385250E-08
 3011   -1.298885E-08
 3012   -1.298022E-08
 3013   -1.297161E-08
 3014   -1.296301E-08
 3015   -1.295441E-08
 3016   -1.294582E-08
 3017   -1.293724E-08
 3018   -1.292867E-08
 3019   -1.292011E-08
 3020   -1.291156E-08
 3021   -1.302227E-08
 3022   -1.301366E-08
 3023   -1.300505E-08
 3024   -1.299645E-08
 3025   -1.298786E-08
 3026   -1.297928E-08
 3027   -1.297071E-08
 3028   -1.296215E-08
 3029   -1.295359E-08
 3030   -1.294504E-08
 3031   -1.247623E-08
 3032   -1.246800E-08
 3033   -1.245978E-08
 3034   -1.245157E-08
 3035   -1.244337E-08
 3036   -1.243517E-08
 3037   -1.242699E-08
 3038   -1.241881E-08
 3039   -1.241064E-08
 3040   -1.240248E-08
 3041   -1.258311E-08
 3042   -1.257484E-08
 3043   -1.256658E-08
 3044   -1.255832E-08
 3045   -1.255008E-08
 3046   -1.254184E-08
 3047   -1.253361E-08
 3048   -1.252539E-08
 3049   -1.251717E-08
 3050   -1.250897E-08
 3051   -1.231602E-08
 3052   -1.230795E-08
 3053   -1.229989E-08
 3054   -1.229184E-08
 3055   -1.228379E-08
 3056   -1.227576E-08
 3057   -1.226773E-08
 3058   -1.225971E-08
 3059   -1.225169E-08
 3060   -1.224369E-08
 3061   -1.205403E-08
 3062   -1.204615E-08
 3063   -1.203829E-08
 3064   -1.203044E-08
 3065   -1.202259E-08
 3066   -1.201475E-08
 3067   -1.200692E-08
 3068   -1.199909E-08
 3069   -1.199127E-08
 3070   -1.198347E-08
 3071   -1.194048E-08
 3072   -1.193271E-08
 3073   -1.192495E-08
 3074   -1.191719E-08
 3075   -1.190944E-08
 3076   -1.190170E-08
 3077   -1.189397E-08
 3078   -1.188624E-08
 3079   -1.187853E-08
 3080   -1.187081E-08
 3081   -1.079786E-08
 3082   -1.079085E-08
 3083   -1.078386E-08
 3084   -1.077686E-08
 3085   -1.076988E-08
 3086   -1.076290E-08
 3087   -1.075593E-08
 3088   -1.074897E-08
 3089   -1.074201E-08
 3090   -1.073506E-08
 3091   -8.578244E-09
 3092   -8.572697E-09
 3093   -8.567155E-09
 3094   -8.561619E-09
 3095   -8.556088E-09
 3096   -8.550563E-09
 3097   -8.545043E-09
 3098   -8.539528E-09
 3099   -8.534019E-09
 3100   -8.528515E-09
 3101   -4.191874E-09
 3102   -4.189172E-09
 3103   -4.186473E-09
 3104   -4.183776E-09
 3105   -4.181082E-09
 3106   -4.178391E-09
 3107   -4.175702E-09
 3108   -4.173016E-09
 3109   -4.170332E-09
 3110   -4.167651E-09
 3111   -1.720003E-09
 3112   -1.718898E-09
 3113   -1.717794E-09
 3114   -1.716691E-09
 3115   -1.715589E-09
 3116   -1.714488E-09
 3117   -1.713388E-09
 3118   -1.712290E-09
 3119   -1.711192E-09
 3120   -1.710096E-09
 3121   -9.026129E-10
 3122   -9.020349E-10
 3123   -9.014574E-10
 3124   -9.008805E-10
 3125   -9.003041E-10
 3126   -8.997283E-10
 3127   -8.991530E-10
 3128   -8.985783E-10
 3129   -8.980041E-10
 3130   -8.974305E-10
 3131   -6.942078E-10
 3132   -6.937646E-10
 3133   -6.933219E-10
 3134   -6.928796E-10
 3135   -6.924377E-10
 3136   -6.919962E-10
 3137   -6.915552E-10
 3138   -6.911146E-10
 3139   -6.906744E-10
 3140   -6.902346E-10
 3141   -5.518318E-10
 3142   -5.514807E-10
 3143   -5.511298E-10
 3144   -5.507794E-10
 3145   -5.504292E-10
 3146   -5.500794E-10
 3147   -5.497299E-10
 3148   -5.493808E-10
 3149   -5.490320E-10
 3150   -5.486835E-10
 3151   -4.298057E-10
 3152   -4.295331E-10
 3153   -4.292607E-10
 3154   -4.289886E-10
 3155   -4.287168E-10
 3156   -4.284452E-10
 3157   -4.281738E-10
 3158   -4.279028E-10
 3159   -4.276319E-10
 3160   -4.273614E-10
 3161   -3.594647E-10
 3162   -3.592374E-10
 3163   -3.590103E-10
 3164   -3.587835E-10
 3165   -3.585568E-10
 3166   -3.583304E-10
 3167   -3.581042E-10
 3168   -3.578782E-10
 3169   -3.576524E-10
 3170   -3.574268E-10
 3171   -3.139910E-10
 3172   -3.137930E-10
 3173   -3.135953E-10
 3174   -3.133978E-10
 3175   -3.132004E-10
 3176   -3.130032E-10
 3177   -3.128063E-10
 3178   -3.126095E-10
 3179   -3.124129E-10
 3180   -3.122164E-10
 3181   -2.658305E-10
 3182   -2.656634E-10
 3183   -2.654966E-10
 3184   -2.653299E-10
 3185   -2.651633E-10
 3186   -2.649969E-10
 3187   -2.648306E-10
 3188   -2.646646E-10
 3189   -2.644986E-10
 3190   -2.643328E-10
 3191   -2.332107E-10
 3192   -2.330646E-10
 3193   -2.329186E-10
 3194   -2.327728E-10
 3195   -2.326272E-10
 3196   -2.324817E-10
 3197   -2.323363E-10
 3198   -2.321910E-10
 3199   -2.320459E-10
 3200   -2.319009E-10
 3201   -2.058394E-10
 3202   -2.057109E-10
 3203   -2.055825E-10
 3204   -2.054542E-10
 3205   -2.053260E-10
 3206   -2.051980E-10
 3207   -2.050700E-10
 3208   -2.049422E-10
 3209   -2.048145E-10
 3210   -2.046870E-10
 3211   -1.852177E-10
 3212   -1.851024E-10
 3213   -1.849873E-10
 3214   -1.848722E-10
 3215   -1.847572E-10
 3216   -1.846424E-10
 3217   -1.845276E-10
 3218   -1.844129E-10
 3219   -1.842984E-10
 3220   -1.841840E-10
 3221   -1.657948E-10
 3222   -1.656919E-10
 3223   -1.655891E-10
 3224   -1.654865E-10
 3225   -1.653839E-10
 3226   -1.652814E-10
 3227   -1.651790E-10
 3228   -1.650766E-10
 3229   -1.649744E-10
 3230   -1.648723E-10
 3231   -1.489291E-10
 3232   -1.488369E-10
 3233   -1.487449E-10
 3234   -1.486529E-10
 3235   -1.485611E-10
 3236   -1.484693E-10
 3237   -1.483776E-10
 3238   -1.482860E-10
 3239   -1.481944E-10
 3240   -1.481030E-10
 3241   -1.336724E-10
 3242   -1.335899E-10
 3243   -1.335076E-10
 3244   -1.334253E-10
 3245   -1.333431E-10
 3246   -1.332609E-10
 3247   -1.331789E-10
 3248   -1.330969E-10
 3249   -1.330150E-10
 3250   -1.329332E-10
 3251   -1.193721E-10
 3252   -1.192987E-10
 3253   -1.192254E-10
 3254   -1.191522E-10
 3255   -1.190790E-10
 3256   -1.190058E-10
 3257   -1.189328E-10
 3258   -1.188598E-10
 3259   -1.187869E-10
 3260   -1.187140E-10
 3261   -1.098806E-10
 3262   -1.098133E-10
 3263   -1.097460E-10
 3264   -1.096788E-10
 3265   -1.096116E-10
 3266   -1.095445E-10
 3267   -1.094775E-10
 3268   -1.094105E-10
 3269   -1.093436E-10
 3270   -1.092767E-10
 3271   -9.780056E-11
 3272   -9.774080E-11
 3273   -9.768109E-11
 3274   -9.762144E-11
 3275   -9.756184E-11
 3276   -9.750230E-11
 3277   -9.744281E-11
 3278   -9.738337E-11
 3279   -9.732399E-11
 3280   -9.726467E-11
 3281   -9.061403E-11
 3282   -9.055883E-11
 3283   -9.050367E-11
 3284   -9.044857E-11
 3285   -9.039352E-11
 3286   -9.033852E-11
 3287   -9.028357E-11
 3288   -9.022867E-11
 3289   -9.017382E-11
 3290   -9.011902E-11
 3291   -7.895923E-11
 3292   -7.891127E-11
 3293   -7.886336E-11
 3294   -7.881549E-11
 3295   -7.876767E-11
 3296   -7.871988E-11
 3297   -7.867215E-11
 3298   -7.862445E-11
 3299   -7.857680E-11
 3300   -7.852919E-11
