   50    0.000000E+00
   51    0.000000E+00
   52    0.000000E+00
   53    0.000000E+00
   54    0.000000E+00
   55    0.000000E+00
   56    0.000000E+00
   57    0.000000E+00
   58    0.000000E+00
   59    0.000000E+00
   60    0.000000E+00
   61    0.000000E+00
   62    0.000000E+00
   63    0.000000E+00
   64    0.000000E+00
   65    0.000000E+00
   66    0.000000E+00
   67    0.000000E+00
   68    0.000000E+00
   69    0.000000E+00
   70    0.000000E+00
   71    0.000000E+00
   72    0.000000E+00
   73    0.000000E+00
   74    0.000000E+00
   75    0.000000E+00
   76    0.000000E+00
   77    0.000000E+00
   78    0.000000E+00
   79    0.000000E+00
   80    0.000000E+00
   81    0.000000E+00
   82    0.000000E+00
   83    0.000000E+00
   84    0.000000E+00
   85    0.000000E+00
   86    0.000000E+00
   87    0.000000E+00
   88    0.000000E+00
   89    0.000000E+00
   90    0.000000E+00
   91    0.000000E+00
   92    0.000000E+00
   93    0.000000E+00
   94    0.000000E+00
   95    0.000000E+00
   96    0.000000E+00
   97    0.000000E+00
   98    0.000000E+00
   99    0.000000E+00
  100    0.000000E+00
  101    0.000000E+00
  102    0.000000E+00
  103    0.000000E+00
  104    0.000000E+00
  105    0.000000E+00
  106    0.000000E+00
  107    0.000000E+00
  108    0.000000E+00
  109    0.000000E+00
  110    0.000000E+00
  111    0.000000E+00
  112    0.000000E+00
  113    0.000000E+00
  114    0.000000E+00
  115    0.000000E+00
  116    0.000000E+00
  117    0.000000E+00
  118    0.000000E+00
  119    0.000000E+00
  120    0.000000E+00
  121    0.000000E+00
  122    0.000000E+00
  123    0.000000E+00
  124    0.000000E+00
  125    0.000000E+00
  126    0.000000E+00
  127    0.000000E+00
  128    0.000000E+00
  129    0.000000E+00
  130    0.000000E+00
  131    0.000000E+00
  132    0.000000E+00
  133    0.000000E+00
  134    0.000000E+00
  135    0.000000E+00
  136    0.000000E+00
  137    0.000000E+00
  138    0.000000E+00
  139    0.000000E+00
  140    0.000000E+00
  141    0.000000E+00
  142    0.000000E+00
  143    0.000000E+00
  144    0.000000E+00
  145    0.000000E+00
  146    0.000000E+00
  147    0.000000E+00
  148    0.000000E+00
  149    0.000000E+00
  150    0.000000E+00
  151    0.000000E+00
  152    0.000000E+00
  153    0.000000E+00
  154    0.000000E+00
  155    0.000000E+00
  156    0.000000E+00
  157    0.000000E+00
  158    0.000000E+00
  159    0.000000E+00
  160    0.000000E+00
  161    0.000000E+00
  162    0.000000E+00
  163    0.000000E+00
  164    0.000000E+00
  165    0.000000E+00
  166    0.000000E+00
  167    0.000000E+00
  168    0.000000E+00
  169    0.000000E+00
  170    0.000000E+00
  171    0.000000E+00
  172    0.000000E+00
  173    0.000000E+00
  174    0.000000E+00
  175    0.000000E+00
  176    0.000000E+00
  177    0.000000E+00
  178    0.000000E+00
  179    0.000000E+00
  180    0.000000E+00
  181    1.970809E-13
  182    1.949270E-13
  183    1.928082E-13
  184    1.907238E-13
  185    1.886730E-13
  186    1.866551E-13
  187    1.846694E-13
  188    1.827153E-13
  189    1.807919E-13
  190    1.788988E-13
  191    4.018223E-13
  192    3.976583E-13
  193    3.935588E-13
  194    3.895223E-13
  195    3.855475E-13
  196    3.816334E-13
  197    3.777785E-13
  198    3.739817E-13
  199    3.702419E-13
  200    3.665579E-13
  201    9.365756E-12
  202    9.273483E-12
  203    9.182566E-12
  204    9.092980E-12
  205    9.004699E-12
  206    8.917697E-12
  207    8.831950E-12
  208    8.747434E-12
  209    8.664125E-12
  210    8.582000E-12
  211    1.314902E-11
  212    1.302556E-11
  213    1.290382E-11
  214    1.278379E-11
  215    1.266542E-11
  216    1.254869E-11
  217    1.243356E-11
  218    1.232001E-11
  219    1.220801E-11
  220    1.209753E-11
  221    2.396018E-11
  222    2.374529E-11
  223    2.353328E-11
  224    2.332409E-11
  225    2.311768E-11
  226    2.291400E-11
  227    2.271300E-11
  228    2.251464E-11
  229    2.231886E-11
  230    2.212562E-11
  231    5.597274E-11
  232    5.549229E-11
  233    5.501800E-11
  234    5.454976E-11
  235    5.408747E-11
  236    5.363104E-11
  237    5.318036E-11
  238    5.273533E-11
  239    5.229587E-11
  240    5.186188E-11
  241    5.195199E-11
  242    5.152440E-11
  243    5.110207E-11
  244    5.068491E-11
  245    5.027284E-11
  246    4.986577E-11
  247    4.946363E-11
  248    4.906633E-11
  249    4.867380E-11
  250    4.828596E-11
  251    1.173688E-10
  252    1.164410E-10
  253    1.155241E-10
  254    1.146181E-10
  255    1.137226E-10
  256    1.128376E-10
  257    1.119629E-10
  258    1.110983E-10
  259    1.102437E-10
  260    1.093990E-10
  261    1.256205E-10
  262    1.246652E-10
  263    1.237208E-10
  264    1.227871E-10
  265    1.218639E-10
  266    1.209510E-10
  267    1.200484E-10
  268    1.191559E-10
  269    1.182732E-10
  270    1.174003E-10
  271    1.732807E-10
  272    1.720112E-10
  273    1.707557E-10
  274    1.695138E-10
  275    1.682855E-10
  276    1.670704E-10
  277    1.658685E-10
  278    1.646794E-10
  279    1.635032E-10
  280    1.623394E-10
  281    2.072341E-10
  282    2.057696E-10
  283    2.043205E-10
  284    2.028867E-10
  285    2.014679E-10
  286    2.000639E-10
  287    1.986746E-10
  288    1.972997E-10
  289    1.959390E-10
  290    1.945923E-10
  291    2.658600E-10
  292    2.640453E-10
  293    2.622491E-10
  294    2.604711E-10
  295    2.587112E-10
  296    2.569690E-10
  297    2.552444E-10
  298    2.535371E-10
  299    2.518468E-10
  300    2.501734E-10
  301    3.408600E-10
  302    3.386101E-10
  303    3.363824E-10
  304    3.341767E-10
  305    3.319925E-10
  306    3.298297E-10
  307    3.276879E-10
  308    3.255670E-10
  309    3.234665E-10
  310    3.213864E-10
  311    4.006248E-10
  312    3.980649E-10
  313    3.955294E-10
  314    3.930181E-10
  315    3.905307E-10
  316    3.880667E-10
  317    3.856261E-10
  318    3.832084E-10
  319    3.808133E-10
  320    3.784406E-10
  321    4.944583E-10
  322    4.913966E-10
  323    4.883633E-10
  324    4.853580E-10
  325    4.823803E-10
  326    4.794300E-10
  327    4.765066E-10
  328    4.736099E-10
  329    4.707396E-10
  330    4.678952E-10
  331    6.076431E-10
  332    6.039936E-10
  333    6.003769E-10
  334    5.967926E-10
  335    5.932402E-10
  336    5.897195E-10
  337    5.862300E-10
  338    5.827715E-10
  339    5.793434E-10
  340    5.759455E-10
  341    7.225407E-10
  342    7.183276E-10
  343    7.141513E-10
  344    7.100113E-10
  345    7.059072E-10
  346    7.018385E-10
  347    6.978050E-10
  348    6.938061E-10
  349    6.898415E-10
  350    6.859108E-10
  351    8.163921E-10
  352    8.117666E-10
  353    8.071804E-10
  354    8.026329E-10
  355    7.981237E-10
  356    7.936524E-10
  357    7.892186E-10
  358    7.848219E-10
  359    7.804617E-10
  360    7.761379E-10
  361    1.063539E-09
  362    1.057679E-09
  363    1.051868E-09
  364    1.046104E-09
  365    1.040388E-09
  366    1.034718E-09
  367    1.029095E-09
  368    1.023517E-09
  369    1.017984E-09
  370    1.012497E-09
  371    1.137774E-09
  372    1.131673E-09
  373    1.125622E-09
  374    1.119618E-09
  375    1.113663E-09
  376    1.107755E-09
  377    1.101894E-09
  378    1.096079E-09
  379    1.090310E-09
  380    1.084587E-09
  381    1.390029E-09
  382    1.382770E-09
  383    1.375568E-09
  384    1.368422E-09
  385    1.361332E-09
  386    1.354297E-09
  387    1.347316E-09
  388    1.340389E-09
  389    1.333515E-09
  390    1.326694E-09
  391    1.647127E-09
  392    1.638745E-09
  393    1.630426E-09
  394    1.622171E-09
  395    1.613978E-09
  396    1.605847E-09
  397    1.597778E-09
  398    1.589769E-09
  399    1.581820E-09
  400    1.573931E-09
  401    1.687920E-09
  402    1.679543E-09
  403    1.671228E-09
  404    1.662975E-09
  405    1.654783E-09
  406    1.646652E-09
  407    1.638580E-09
  408    1.630567E-09
  409    1.622613E-09
  410    1.614717E-09
  411    2.222294E-09
  412    2.211532E-09
  413    2.200848E-09
  414    2.190242E-09
  415    2.179712E-09
  416    2.169257E-09
  417    2.158878E-09
  418    2.148573E-09
  419    2.138342E-09
  420    2.128184E-09
  421    2.228411E-09
  422    2.217875E-09
  423    2.207413E-09
  424    2.197025E-09
  425    2.186711E-09
  426    2.176468E-09
  427    2.166298E-09
  428    2.156199E-09
  429    2.146170E-09
  430    2.136211E-09
  431    2.849100E-09
  432    2.835940E-09
  433    2.822872E-09
  434    2.809893E-09
  435    2.797003E-09
  436    2.784203E-09
  437    2.771489E-09
  438    2.758863E-09
  439    2.746323E-09
  440    2.733868E-09
  441    3.099142E-09
  442    3.085150E-09
  443    3.071253E-09
  444    3.057450E-09
  445    3.043739E-09
  446    3.030121E-09
  447    3.016594E-09
  448    3.003157E-09
  449    2.989809E-09
  450    2.976551E-09
  451    3.363952E-09
  452    3.349100E-09
  453    3.334346E-09
  454    3.319690E-09
  455    3.305129E-09
  456    3.290665E-09
  457    3.276295E-09
  458    3.262020E-09
  459    3.247837E-09
  460    3.233746E-09
  461    4.039905E-09
  462    4.022454E-09
  463    4.005116E-09
  464    3.987890E-09
  465    3.970774E-09
  466    3.953769E-09
  467    3.936873E-09
  468    3.920084E-09
  469    3.903403E-09
  470    3.886828E-09
  471    4.156719E-09
  472    4.139143E-09
  473    4.121679E-09
  474    4.104324E-09
  475    4.087079E-09
  476    4.069943E-09
  477    4.052913E-09
  478    4.035991E-09
  479    4.019174E-09
  480    4.002463E-09
  481    5.352512E-09
  482    5.330348E-09
  483    5.308322E-09
  484    5.286432E-09
  485    5.264677E-09
  486    5.243057E-09
  487    5.221569E-09
  488    5.200213E-09
  489    5.178987E-09
  490    5.157891E-09
  491    5.384589E-09
  492    5.362744E-09
  493    5.341033E-09
  494    5.319453E-09
  495    5.298004E-09
  496    5.276684E-09
  497    5.255492E-09
  498    5.234428E-09
  499    5.213490E-09
  500    5.192678E-09
  501    6.180484E-09
  502    6.155909E-09
  503    6.131481E-09
  504    6.107198E-09
  505    6.083059E-09
  506    6.059063E-09
  507    6.035208E-09
  508    6.011494E-09
  509    5.987920E-09
  510    5.964484E-09
  511    7.193164E-09
  512    7.165120E-09
  513    7.137241E-09
  514    7.109523E-09
  515    7.081967E-09
  516    7.054570E-09
  517    7.027333E-09
  518    7.000252E-09
  519    6.973328E-09
  520    6.946559E-09
  521    7.456245E-09
  522    7.427732E-09
  523    7.399381E-09
  524    7.371193E-09
  525    7.343166E-09
  526    7.315298E-09
  527    7.287589E-09
  528    7.260036E-09
  529    7.232640E-09
  530    7.205398E-09
  531    9.025934E-09
  532    8.992066E-09
  533    8.958387E-09
  534    8.924898E-09
  535    8.891596E-09
  536    8.858480E-09
  537    8.825549E-09
  538    8.792801E-09
  539    8.760235E-09
  540    8.727850E-09
  541    9.082637E-09
  542    9.049183E-09
  543    9.015914E-09
  544    8.982828E-09
  545    8.949924E-09
  546    8.917201E-09
  547    8.884656E-09
  548    8.852289E-09
  549    8.820099E-09
  550    8.788084E-09
  551    1.091580E-08
  552    1.087632E-08
  553    1.083706E-08
  554    1.079801E-08
  555    1.075916E-08
  556    1.072053E-08
  557    1.068211E-08
  558    1.064389E-08
  559    1.060587E-08
  560    1.056806E-08
  561    1.186947E-08
  562    1.182731E-08
  563    1.178537E-08
  564    1.174365E-08
  565    1.170215E-08
  566    1.166087E-08
  567    1.161981E-08
  568    1.157897E-08
  569    1.153834E-08
  570    1.149793E-08
  571    1.276117E-08
  572    1.271663E-08
  573    1.267232E-08
  574    1.262824E-08
  575    1.258440E-08
  576    1.254078E-08
  577    1.249738E-08
  578    1.245421E-08
  579    1.241127E-08
  580    1.236854E-08
  581    1.452721E-08
  582    1.447738E-08
  583    1.442780E-08
  584    1.437847E-08
  585    1.432940E-08
  586    1.428057E-08
  587    1.423200E-08
  588    1.418368E-08
  589    1.413560E-08
  590    1.408776E-08
  591    1.581976E-08
  592    1.576640E-08
  593    1.571332E-08
  594    1.566050E-08
  595    1.560795E-08
  596    1.555566E-08
  597    1.550363E-08
  598    1.545187E-08
  599    1.540036E-08
  600    1.534911E-08
  601    1.771086E-08
  602    1.765212E-08
  603    1.759367E-08
  604    1.753550E-08
  605    1.747763E-08
  606    1.742004E-08
  607    1.736274E-08
  608    1.730572E-08
  609    1.724898E-08
  610    1.719252E-08
  611    1.832558E-08
  612    1.826579E-08
  613    1.820630E-08
  614    1.814709E-08
  615    1.808817E-08
  616    1.802954E-08
  617    1.797119E-08
  618    1.791312E-08
  619    1.785534E-08
  620    1.779783E-08
  621    2.103552E-08
  622    2.096799E-08
  623    2.090078E-08
  624    2.083390E-08
  625    2.076734E-08
  626    2.070109E-08
  627    2.063517E-08
  628    2.056955E-08
  629    2.050425E-08
  630    2.043926E-08
  631    2.214618E-08
  632    2.207620E-08
  633    2.200656E-08
  634    2.193725E-08
  635    2.186827E-08
  636    2.179961E-08
  637    2.173127E-08
  638    2.166325E-08
  639    2.159555E-08
  640    2.152817E-08
  641    2.400036E-08
  642    2.392571E-08
  643    2.385141E-08
  644    2.377745E-08
  645    2.370384E-08
  646    2.363056E-08
  647    2.355763E-08
  648    2.348503E-08
  649    2.341277E-08
  650    2.334084E-08
  651    2.687343E-08
  652    2.679112E-08
  653    2.670919E-08
  654    2.662764E-08
  655    2.654646E-08
  656    2.646565E-08
  657    2.638520E-08
  658    2.630513E-08
  659    2.622541E-08
  660    2.614606E-08
  661    2.809413E-08
  662    2.800938E-08
  663    2.792502E-08
  664    2.784103E-08
  665    2.775743E-08
  666    2.767420E-08
  667    2.759134E-08
  668    2.750885E-08
  669    2.742674E-08
  670    2.734499E-08
  671    3.209761E-08
  672    3.200222E-08
  673    3.190726E-08
  674    3.181272E-08
  675    3.171860E-08
  676    3.162490E-08
  677    3.153161E-08
  678    3.143873E-08
  679    3.134627E-08
  680    3.125421E-08
  681    3.333248E-08
  682    3.323487E-08
  683    3.313769E-08
  684    3.304094E-08
  685    3.294461E-08
  686    3.284870E-08
  687    3.275321E-08
  688    3.265814E-08
  689    3.256347E-08
  690    3.246922E-08
  691    3.611068E-08
  692    3.600646E-08
  693    3.590270E-08
  694    3.579938E-08
  695    3.569651E-08
  696    3.559408E-08
  697    3.549209E-08
  698    3.539054E-08
  699    3.528943E-08
  700    3.518874E-08
  701    3.860854E-08
  702    3.849870E-08
  703    3.838932E-08
  704    3.828042E-08
  705    3.817198E-08
  706    3.806399E-08
  707    3.795647E-08
  708    3.784940E-08
  709    3.774278E-08
  710    3.763661E-08
  711    4.078144E-08
  712    4.066704E-08
  713    4.055313E-08
  714    4.043969E-08
  715    4.032673E-08
  716    4.021425E-08
  717    4.010223E-08
  718    3.999068E-08
  719    3.987959E-08
  720    3.976897E-08
  721    4.494705E-08
  722    4.482272E-08
  723    4.469890E-08
  724    4.457559E-08
  725    4.445280E-08
  726    4.433050E-08
  727    4.420872E-08
  728    4.408743E-08
  729    4.396664E-08
  730    4.384635E-08
  731    4.672427E-08
  732    4.659678E-08
  733    4.646981E-08
  734    4.634337E-08
  735    4.621743E-08
  736    4.609201E-08
  737    4.596710E-08
  738    4.584270E-08
  739    4.571880E-08
  740    4.559540E-08
  741    5.233145E-08
  742    5.219059E-08
  743    5.205029E-08
  744    5.191056E-08
  745    5.177139E-08
  746    5.163278E-08
  747    5.149472E-08
  748    5.135722E-08
  749    5.122027E-08
  750    5.108386E-08
  751    5.403679E-08
  752    5.389326E-08
  753    5.375031E-08
  754    5.360793E-08
  755    5.346611E-08
  756    5.332485E-08
  757    5.318415E-08
  758    5.304401E-08
  759    5.290442E-08
  760    5.276538E-08
  761    5.784825E-08
  762    5.769661E-08
  763    5.754558E-08
  764    5.739513E-08
  765    5.724527E-08
  766    5.709600E-08
  767    5.694732E-08
  768    5.679921E-08
  769    5.665168E-08
  770    5.650472E-08
  771    6.272151E-08
  772    6.255923E-08
  773    6.239758E-08
  774    6.223656E-08
  775    6.207615E-08
  776    6.191637E-08
  777    6.175720E-08
  778    6.159865E-08
  779    6.144070E-08
  780    6.128336E-08
  781    6.319514E-08
  782    6.303372E-08
  783    6.287292E-08
  784    6.271274E-08
  785    6.255316E-08
  786    6.239420E-08
  787    6.223584E-08
  788    6.207808E-08
  789    6.192092E-08
  790    6.176435E-08
  791    6.939579E-08
  792    6.922077E-08
  793    6.904641E-08
  794    6.887271E-08
  795    6.869966E-08
  796    6.852727E-08
  797    6.835552E-08
  798    6.818442E-08
  799    6.801395E-08
  800    6.784413E-08
  801    7.053186E-08
  802    7.035619E-08
  803    7.018117E-08
  804    7.000681E-08
  805    6.983309E-08
  806    6.966002E-08
  807    6.948760E-08
  808    6.931581E-08
  809    6.914466E-08
  810    6.897414E-08
  811    7.439088E-08
  812    7.420788E-08
  813    7.402555E-08
  814    7.384389E-08
  815    7.366290E-08
  816    7.348258E-08
  817    7.330292E-08
  818    7.312391E-08
  819    7.294556E-08
  820    7.276786E-08
  821    8.022239E-08
  822    8.002744E-08
  823    7.983320E-08
  824    7.963966E-08
  825    7.944683E-08
  826    7.925470E-08
  827    7.906326E-08
  828    7.887252E-08
  829    7.868246E-08
  830    7.849309E-08
  831    8.106609E-08
  832    8.087146E-08
  833    8.067752E-08
  834    8.048428E-08
  835    8.029174E-08
  836    8.009988E-08
  837    7.990871E-08
  838    7.971822E-08
  839    7.952842E-08
  840    7.933929E-08
  841    9.114779E-08
  842    9.093154E-08
  843    9.071607E-08
  844    9.050135E-08
  845    9.028740E-08
  846    9.007421E-08
  847    8.986177E-08
  848    8.965008E-08
  849    8.943914E-08
  850    8.922894E-08
  851    8.849574E-08
  852    8.828825E-08
  853    8.808149E-08
  854    8.787545E-08
  855    8.767013E-08
  856    8.746553E-08
  857    8.726165E-08
  858    8.705848E-08
  859    8.685602E-08
  860    8.665426E-08
  861    9.487604E-08
  862    9.465617E-08
  863    9.443706E-08
  864    9.421870E-08
  865    9.400111E-08
  866    9.378427E-08
  867    9.356817E-08
  868    9.335283E-08
  869    9.313822E-08
  870    9.292436E-08
  871    1.014894E-07
  872    1.012569E-07
  873    1.010252E-07
  874    1.007943E-07
  875    1.005641E-07
  876    1.003348E-07
  877    1.001062E-07
  878    9.987847E-08
  879    9.965148E-08
  880    9.942525E-08
  881    9.994198E-08
  882    9.971561E-08
  883    9.949001E-08
  884    9.926518E-08
  885    9.904110E-08
  886    9.881779E-08
  887    9.859522E-08
  888    9.837341E-08
  889    9.815235E-08
  890    9.793203E-08
  891    1.129980E-07
  892    1.127449E-07
  893    1.124927E-07
  894    1.122413E-07
  895    1.119907E-07
  896    1.117410E-07
  897    1.114922E-07
  898    1.112441E-07
  899    1.109969E-07
  900    1.107505E-07
  901    1.100665E-07
  902    1.098227E-07
  903    1.095798E-07
  904    1.093376E-07
  905    1.090962E-07
  906    1.088557E-07
  907    1.086159E-07
  908    1.083769E-07
  909    1.081387E-07
  910    1.079013E-07
  911    1.166053E-07
  912    1.163499E-07
  913    1.160953E-07
  914    1.158416E-07
  915    1.155886E-07
  916    1.153365E-07
  917    1.150852E-07
  918    1.148348E-07
  919    1.145851E-07
  920    1.143363E-07
  921    1.228689E-07
  922    1.226026E-07
  923    1.223373E-07
  924    1.220728E-07
  925    1.218091E-07
  926    1.215463E-07
  927    1.212843E-07
  928    1.210232E-07
  929    1.207630E-07
  930    1.205035E-07
  931    1.201534E-07
  932    1.198958E-07
  933    1.196391E-07
  934    1.193832E-07
  935    1.191281E-07
  936    1.188738E-07
  937    1.186203E-07
  938    1.183677E-07
  939    1.181158E-07
  940    1.178648E-07
  941    1.351336E-07
  942    1.348470E-07
  943    1.345613E-07
  944    1.342765E-07
  945    1.339926E-07
  946    1.337096E-07
  947    1.334276E-07
  948    1.331464E-07
  949    1.328661E-07
  950    1.325866E-07
  951    1.301992E-07
  952    1.299260E-07
  953    1.296536E-07
  954    1.293821E-07
  955    1.291114E-07
  956    1.288416E-07
  957    1.285726E-07
  958    1.283045E-07
  959    1.280372E-07
  960    1.277707E-07
  961    1.400660E-07
  962    1.397751E-07
  963    1.394851E-07
  964    1.391961E-07
  965    1.389079E-07
  966    1.386206E-07
  967    1.383342E-07
  968    1.380486E-07
  969    1.377640E-07
  970    1.374803E-07
  971    1.401791E-07
  972    1.398910E-07
  973    1.396037E-07
  974    1.393174E-07
  975    1.390319E-07
  976    1.387473E-07
  977    1.384635E-07
  978    1.381807E-07
  979    1.378987E-07
  980    1.376175E-07
  981    1.399653E-07
  982    1.396805E-07
  983    1.393966E-07
  984    1.391136E-07
  985    1.388314E-07
  986    1.385501E-07
  987    1.382696E-07
  988    1.379900E-07
  989    1.377112E-07
  990    1.374333E-07
  991    1.545876E-07
  992    1.542762E-07
  993    1.539658E-07
  994    1.536563E-07
  995    1.533478E-07
  996    1.530402E-07
  997    1.527335E-07
  998    1.524277E-07
  999    1.521228E-07
 1000    1.518189E-07
 1001    1.434699E-07
 1002    1.431838E-07
 1003    1.428986E-07
 1004    1.426142E-07
 1005    1.423307E-07
 1006    1.420480E-07
 1007    1.417661E-07
 1008    1.414851E-07
 1009    1.412050E-07
 1010    1.409256E-07
 1011    1.603603E-07
 1012    1.600437E-07
 1013    1.597280E-07
 1014    1.594133E-07
 1015    1.590995E-07
 1016    1.587866E-07
 1017    1.584746E-07
 1018    1.581636E-07
 1019    1.578535E-07
 1020    1.575443E-07
 1021    1.601399E-07
 1022    1.598268E-07
 1023    1.595147E-07
 1024    1.592034E-07
 1025    1.588931E-07
 1026    1.585836E-07
 1027    1.582751E-07
 1028    1.579675E-07
 1029    1.576608E-07
 1030    1.573549E-07
 1031    1.597677E-07
 1032    1.594583E-07
 1033    1.591499E-07
 1034    1.588424E-07
 1035    1.585357E-07
 1036    1.582300E-07
 1037    1.579251E-07
 1038    1.576211E-07
 1039    1.573180E-07
 1040    1.570157E-07
 1041    1.662658E-07
 1042    1.659470E-07
 1043    1.656291E-07
 1044    1.653121E-07
 1045    1.649960E-07
 1046    1.646808E-07
 1047    1.643666E-07
 1048    1.640532E-07
 1049    1.637407E-07
 1050    1.634291E-07
 1051    1.572950E-07
 1052    1.569962E-07
 1053    1.566983E-07
 1054    1.564013E-07
 1055    1.561051E-07
 1056    1.558097E-07
 1057    1.555152E-07
 1058    1.552215E-07
 1059    1.549286E-07
 1060    1.546365E-07
 1061    1.718218E-07
 1062    1.714985E-07
 1063    1.711761E-07
 1064    1.708547E-07
 1065    1.705341E-07
 1066    1.702145E-07
 1067    1.698957E-07
 1068    1.695779E-07
 1069    1.692609E-07
 1070    1.689448E-07
 1071    1.666148E-07
 1072    1.663042E-07
 1073    1.659945E-07
 1074    1.656857E-07
 1075    1.653778E-07
 1076    1.650706E-07
 1077    1.647644E-07
 1078    1.644590E-07
 1079    1.641544E-07
 1080    1.638507E-07
 1081    1.691300E-07
 1082    1.688176E-07
 1083    1.685062E-07
 1084    1.681956E-07
 1085    1.678858E-07
 1086    1.675769E-07
 1087    1.672689E-07
 1088    1.669617E-07
 1089    1.666553E-07
 1090    1.663498E-07
 1091    1.685499E-07
 1092    1.682414E-07
 1093    1.679339E-07
 1094    1.676271E-07
 1095    1.673213E-07
 1096    1.670162E-07
 1097    1.667120E-07
 1098    1.664086E-07
 1099    1.661060E-07
 1100    1.658043E-07
 1101    1.652400E-07
 1102    1.649404E-07
 1103    1.646416E-07
 1104    1.643436E-07
 1105    1.640464E-07
 1106    1.637500E-07
 1107    1.634544E-07
 1108    1.631596E-07
 1109    1.628657E-07
 1110    1.625725E-07
 1111    1.661214E-07
 1112    1.658229E-07
 1113    1.655252E-07
 1114    1.652283E-07
 1115    1.649322E-07
 1116    1.646368E-07
 1117    1.643423E-07
 1118    1.640486E-07
 1119    1.637556E-07
 1120    1.634635E-07
 1121    1.646880E-07
 1122    1.643947E-07
 1123    1.641022E-07
 1124    1.638105E-07
 1125    1.635195E-07
 1126    1.632293E-07
 1127    1.629399E-07
 1128    1.626513E-07
 1129    1.623634E-07
 1130    1.620763E-07
 1131    1.639507E-07
 1132    1.636612E-07
 1133    1.633726E-07
 1134    1.630847E-07
 1135    1.627976E-07
 1136    1.625112E-07
 1137    1.622256E-07
 1138    1.619408E-07
 1139    1.616567E-07
 1140    1.613733E-07
 1141    1.659922E-07
 1142    1.657018E-07
 1143    1.654121E-07
 1144    1.651232E-07
 1145    1.648350E-07
 1146    1.645476E-07
 1147    1.642609E-07
 1148    1.639750E-07
 1149    1.636898E-07
 1150    1.634054E-07
 1151    1.652689E-07
 1152    1.649822E-07
 1153    1.646963E-07
 1154    1.644111E-07
 1155    1.641267E-07
 1156    1.638429E-07
 1157    1.635600E-07
 1158    1.632777E-07
 1159    1.629962E-07
 1160    1.627154E-07
 1161    1.634534E-07
 1162    1.631723E-07
 1163    1.628919E-07
 1164    1.626123E-07
 1165    1.623334E-07
 1166    1.620552E-07
 1167    1.617777E-07
 1168    1.615009E-07
 1169    1.612248E-07
 1170    1.609495E-07
 1171    1.598451E-07
 1172    1.595726E-07
 1173    1.593007E-07
 1174    1.590296E-07
 1175    1.587591E-07
 1176    1.584894E-07
 1177    1.582203E-07
 1178    1.579519E-07
 1179    1.576842E-07
 1180    1.574171E-07
 1181    1.642060E-07
 1182    1.639284E-07
 1183    1.636515E-07
 1184    1.633753E-07
 1185    1.630998E-07
 1186    1.628249E-07
 1187    1.625508E-07
 1188    1.622774E-07
 1189    1.620047E-07
 1190    1.617326E-07
 1191    1.584509E-07
 1192    1.581853E-07
 1193    1.579203E-07
 1194    1.576560E-07
 1195    1.573924E-07
 1196    1.571294E-07
 1197    1.568671E-07
 1198    1.566054E-07
 1199    1.563444E-07
 1200    1.560841E-07
 1201    1.571805E-07
 1202    1.569192E-07
 1203    1.566585E-07
 1204    1.563985E-07
 1205    1.561392E-07
 1206    1.558804E-07
 1207    1.556224E-07
 1208    1.553649E-07
 1209    1.551081E-07
 1210    1.548520E-07
 1211    1.498612E-07
 1212    1.496141E-07
 1213    1.493676E-07
 1214    1.491217E-07
 1215    1.488764E-07
 1216    1.486318E-07
 1217    1.483877E-07
 1218    1.481443E-07
 1219    1.479014E-07
 1220    1.476591E-07
 1221    1.445742E-07
 1222    1.443377E-07
 1223    1.441019E-07
 1224    1.438666E-07
 1225    1.436319E-07
 1226    1.433978E-07
 1227    1.431643E-07
 1228    1.429313E-07
 1229    1.426989E-07
 1230    1.424670E-07
 1231    1.500211E-07
 1232    1.497778E-07
 1233    1.495351E-07
 1234    1.492929E-07
 1235    1.490513E-07
 1236    1.488103E-07
 1237    1.485699E-07
 1238    1.483301E-07
 1239    1.480909E-07
 1240    1.478522E-07
 1241    1.400943E-07
 1242    1.398689E-07
 1243    1.396441E-07
 1244    1.394197E-07
 1245    1.391959E-07
 1246    1.389727E-07
 1247    1.387500E-07
 1248    1.385278E-07
 1249    1.383062E-07
 1250    1.380851E-07
 1251    1.398641E-07
 1252    1.396408E-07
 1253    1.394181E-07
 1254    1.391960E-07
 1255    1.389743E-07
 1256    1.387532E-07
 1257    1.385326E-07
 1258    1.383125E-07
 1259    1.380930E-07
 1260    1.378740E-07
 1261    1.310601E-07
 1262    1.308525E-07
 1263    1.306455E-07
 1264    1.304389E-07
 1265    1.302329E-07
 1266    1.300273E-07
 1267    1.298222E-07
 1268    1.296176E-07
 1269    1.294135E-07
 1270    1.292098E-07
 1271    1.324057E-07
 1272    1.321976E-07
 1273    1.319901E-07
 1274    1.317831E-07
 1275    1.315765E-07
 1276    1.313704E-07
 1277    1.311648E-07
 1278    1.309597E-07
 1279    1.307551E-07
 1280    1.305510E-07
 1281    1.226040E-07
 1282    1.224129E-07
 1283    1.222222E-07
 1284    1.220320E-07
 1285    1.218422E-07
 1286    1.216528E-07
 1287    1.214639E-07
 1288    1.212755E-07
 1289    1.210875E-07
 1290    1.208999E-07
 1291    1.176911E-07
 1292    1.175091E-07
 1293    1.173275E-07
 1294    1.171463E-07
 1295    1.169655E-07
 1296    1.167851E-07
 1297    1.166052E-07
 1298    1.164257E-07
 1299    1.162465E-07
 1300    1.160678E-07
 1301    1.169101E-07
 1302    1.167306E-07
 1303    1.165516E-07
 1304    1.163730E-07
 1305    1.161948E-07
 1306    1.160170E-07
 1307    1.158396E-07
 1308    1.156626E-07
 1309    1.154860E-07
 1310    1.153098E-07
 1311    1.101356E-07
 1312    1.099678E-07
 1313    1.098005E-07
 1314    1.096335E-07
 1315    1.094668E-07
 1316    1.093006E-07
 1317    1.091348E-07
 1318    1.089693E-07
 1319    1.088042E-07
 1320    1.086394E-07
 1321    1.078680E-07
 1322    1.077049E-07
 1323    1.075422E-07
 1324    1.073799E-07
 1325    1.072179E-07
 1326    1.070563E-07
 1327    1.068951E-07
 1328    1.067342E-07
 1329    1.065737E-07
 1330    1.064136E-07
 1331    1.034290E-07
 1332    1.032738E-07
 1333    1.031189E-07
 1334    1.029645E-07
 1335    1.028103E-07
 1336    1.026565E-07
 1337    1.025031E-07
 1338    1.023500E-07
 1339    1.021972E-07
 1340    1.020448E-07
 1341    9.607210E-08
 1342    9.592902E-08
 1343    9.578627E-08
 1344    9.564384E-08
 1345    9.550172E-08
 1346    9.535992E-08
 1347    9.521844E-08
 1348    9.507727E-08
 1349    9.493642E-08
 1350    9.479587E-08
 1351    9.702822E-08
 1352    9.688479E-08
 1353    9.674168E-08
 1354    9.659889E-08
 1355    9.645642E-08
 1356    9.631425E-08
 1357    9.617241E-08
 1358    9.603087E-08
 1359    9.588965E-08
 1360    9.574874E-08
 1361    9.180994E-08
 1362    9.167522E-08
 1363    9.154080E-08
 1364    9.140667E-08
 1365    9.127284E-08
 1366    9.113930E-08
 1367    9.100606E-08
 1368    9.087311E-08
 1369    9.074044E-08
 1370    9.060807E-08
 1371    9.038737E-08
 1372    9.025571E-08
 1373    9.012433E-08
 1374    8.999324E-08
 1375    8.986244E-08
 1376    8.973192E-08
 1377    8.960168E-08
 1378    8.947173E-08
 1379    8.934206E-08
 1380    8.921267E-08
 1381    8.749369E-08
 1382    8.736717E-08
 1383    8.724091E-08
 1384    8.711493E-08
 1385    8.698923E-08
 1386    8.686379E-08
 1387    8.673863E-08
 1388    8.661373E-08
 1389    8.648911E-08
 1390    8.636475E-08
 1391    8.539694E-08
 1392    8.527433E-08
 1393    8.515198E-08
 1394    8.502990E-08
 1395    8.490808E-08
 1396    8.478652E-08
 1397    8.466523E-08
 1398    8.454419E-08
 1399    8.442341E-08
 1400    8.430289E-08
 1401    8.720536E-08
 1402    8.708105E-08
 1403    8.695700E-08
 1404    8.683322E-08
 1405    8.670970E-08
 1406    8.658644E-08
 1407    8.646345E-08
 1408    8.634072E-08
 1409    8.621825E-08
 1410    8.609604E-08
 1411    8.279419E-08
 1412    8.267700E-08
 1413    8.256006E-08
 1414    8.244337E-08
 1415    8.232692E-08
 1416    8.221073E-08
 1417    8.209477E-08
 1418    8.197906E-08
 1419    8.186360E-08
 1420    8.174838E-08
 1421    8.644865E-08
 1422    8.632715E-08
 1423    8.620591E-08
 1424    8.608492E-08
 1425    8.596418E-08
 1426    8.584370E-08
 1427    8.572347E-08
 1428    8.560349E-08
 1429    8.548377E-08
 1430    8.536429E-08
 1431    8.780822E-08
 1432    8.768567E-08
 1433    8.756337E-08
 1434    8.744133E-08
 1435    8.731955E-08
 1436    8.719802E-08
 1437    8.707674E-08
 1438    8.695572E-08
 1439    8.683494E-08
 1440    8.671442E-08
 1441    9.211263E-08
 1442    9.198497E-08
 1443    9.185756E-08
 1444    9.173042E-08
 1445    9.160355E-08
 1446    9.147694E-08
 1447    9.135059E-08
 1448    9.122450E-08
 1449    9.109867E-08
 1450    9.097311E-08
 1451    9.136792E-08
 1452    9.124216E-08
 1453    9.111665E-08
 1454    9.099140E-08
 1455    9.086642E-08
 1456    9.074168E-08
 1457    9.061721E-08
 1458    9.049299E-08
 1459    9.036903E-08
 1460    9.024532E-08
 1461    9.601191E-08
 1462    9.588066E-08
 1463    9.574968E-08
 1464    9.561896E-08
 1465    9.548851E-08
 1466    9.535833E-08
 1467    9.522841E-08
 1468    9.509876E-08
 1469    9.496938E-08
 1470    9.484025E-08
 1471    1.033311E-07
 1472    1.031908E-07
 1473    1.030507E-07
 1474    1.029110E-07
 1475    1.027716E-07
 1476    1.026324E-07
 1477    1.024935E-07
 1478    1.023549E-07
 1479    1.022166E-07
 1480    1.020786E-07
 1481    1.110515E-07
 1482    1.109018E-07
 1483    1.107523E-07
 1484    1.106031E-07
 1485    1.104543E-07
 1486    1.103057E-07
 1487    1.101574E-07
 1488    1.100095E-07
 1489    1.098618E-07
 1490    1.097145E-07
 1491    1.212247E-07
 1492    1.210623E-07
 1493    1.209002E-07
 1494    1.207385E-07
 1495    1.205770E-07
 1496    1.204160E-07
 1497    1.202552E-07
 1498    1.200947E-07
 1499    1.199346E-07
 1500    1.197748E-07
 1501    1.300282E-07
 1502    1.298551E-07
 1503    1.296825E-07
 1504    1.295101E-07
 1505    1.293381E-07
 1506    1.291665E-07
 1507    1.289952E-07
 1508    1.288242E-07
 1509    1.286536E-07
 1510    1.284833E-07
 1511    1.359868E-07
 1512    1.358070E-07
 1513    1.356276E-07
 1514    1.354486E-07
 1515    1.352699E-07
 1516    1.350915E-07
 1517    1.349136E-07
 1518    1.347359E-07
 1519    1.345586E-07
 1520    1.343817E-07
 1521    1.571233E-07
 1522    1.569170E-07
 1523    1.567110E-07
 1524    1.565055E-07
 1525    1.563004E-07
 1526    1.560957E-07
 1527    1.558914E-07
 1528    1.556874E-07
 1529    1.554839E-07
 1530    1.552808E-07
 1531    1.713630E-07
 1532    1.711394E-07
 1533    1.709163E-07
 1534    1.706936E-07
 1535    1.704713E-07
 1536    1.702495E-07
 1537    1.700281E-07
 1538    1.698072E-07
 1539    1.695866E-07
 1540    1.693665E-07
 1541    1.909862E-07
 1542    1.907386E-07
 1543    1.904916E-07
 1544    1.902450E-07
 1545    1.899989E-07
 1546    1.897532E-07
 1547    1.895081E-07
 1548    1.892634E-07
 1549    1.890192E-07
 1550    1.887754E-07
 1551    2.048068E-07
 1552    2.045430E-07
 1553    2.042798E-07
 1554    2.040171E-07
 1555    2.037548E-07
 1556    2.034931E-07
 1557    2.032319E-07
 1558    2.029711E-07
 1559    2.027109E-07
 1560    2.024512E-07
 1561    2.334936E-07
 1562    2.331948E-07
 1563    2.328966E-07
 1564    2.325990E-07
 1565    2.323019E-07
 1566    2.320054E-07
 1567    2.317095E-07
 1568    2.314141E-07
 1569    2.311193E-07
 1570    2.308251E-07
 1571    2.609966E-07
 1572    2.606648E-07
 1573    2.603336E-07
 1574    2.600030E-07
 1575    2.596730E-07
 1576    2.593437E-07
 1577    2.590150E-07
 1578    2.586869E-07
 1579    2.583595E-07
 1580    2.580327E-07
 1581    2.887922E-07
 1582    2.884274E-07
 1583    2.880632E-07
 1584    2.876997E-07
 1585    2.873369E-07
 1586    2.869748E-07
 1587    2.866133E-07
 1588    2.862526E-07
 1589    2.858925E-07
 1590    2.855331E-07
 1591    3.162822E-07
 1592    3.158851E-07
 1593    3.154887E-07
 1594    3.150931E-07
 1595    3.146983E-07
 1596    3.143042E-07
 1597    3.139108E-07
 1598    3.135182E-07
 1599    3.131263E-07
 1600    3.127351E-07
 1601    3.347627E-07
 1602    3.343451E-07
 1603    3.339282E-07
 1604    3.335121E-07
 1605    3.330967E-07
 1606    3.326822E-07
 1607    3.322684E-07
 1608    3.318554E-07
 1609    3.314431E-07
 1610    3.310316E-07
 1611    3.707151E-07
 1612    3.702554E-07
 1613    3.697966E-07
 1614    3.693387E-07
 1615    3.688816E-07
 1616    3.684253E-07
 1617    3.679699E-07
 1618    3.675154E-07
 1619    3.670616E-07
 1620    3.666088E-07
 1621    4.059864E-07
 1622    4.054861E-07
 1623    4.049868E-07
 1624    4.044883E-07
 1625    4.039908E-07
 1626    4.034942E-07
 1627    4.029985E-07
 1628    4.025037E-07
 1629    4.020098E-07
 1630    4.015169E-07
 1631    4.543407E-07
 1632    4.537843E-07
 1633    4.532288E-07
 1634    4.526744E-07
 1635    4.521210E-07
 1636    4.515687E-07
 1637    4.510173E-07
 1638    4.504669E-07
 1639    4.499176E-07
 1640    4.493693E-07
 1641    5.104894E-07
 1642    5.098680E-07
 1643    5.092477E-07
 1644    5.086286E-07
 1645    5.080105E-07
 1646    5.073936E-07
 1647    5.067779E-07
 1648    5.061632E-07
 1649    5.055497E-07
 1650    5.049373E-07
 1651    5.487770E-07
 1652    5.481130E-07
 1653    5.474502E-07
 1654    5.467886E-07
 1655    5.461283E-07
 1656    5.454691E-07
 1657    5.448111E-07
 1658    5.441543E-07
 1659    5.434987E-07
 1660    5.428443E-07
 1661    6.129617E-07
 1662    6.122245E-07
 1663    6.114887E-07
 1664    6.107542E-07
 1665    6.100210E-07
 1666    6.092891E-07
 1667    6.085585E-07
 1668    6.078293E-07
 1669    6.071013E-07
 1670    6.063747E-07
 1671    6.650582E-07
 1672    6.642631E-07
 1673    6.634695E-07
 1674    6.626773E-07
 1675    6.618865E-07
 1676    6.610971E-07
 1677    6.603092E-07
 1678    6.595226E-07
 1679    6.587375E-07
 1680    6.579537E-07
 1681    7.232738E-07
 1682    7.224143E-07
 1683    7.215563E-07
 1684    7.206998E-07
 1685    7.198449E-07
 1686    7.189915E-07
 1687    7.181396E-07
 1688    7.172893E-07
 1689    7.164404E-07
 1690    7.155930E-07
 1691    7.865174E-07
 1692    7.855882E-07
 1693    7.846607E-07
 1694    7.837349E-07
 1695    7.828107E-07
 1696    7.818881E-07
 1697    7.809671E-07
 1698    7.800478E-07
 1699    7.791301E-07
 1700    7.782140E-07
 1701    8.045808E-07
 1702    8.036359E-07
 1703    8.026926E-07
 1704    8.017511E-07
 1705    8.008111E-07
 1706    7.998729E-07
 1707    7.989363E-07
 1708    7.980013E-07
 1709    7.970679E-07
 1710    7.961363E-07
 1711    8.738061E-07
 1712    8.727859E-07
 1713    8.717675E-07
 1714    8.707509E-07
 1715    8.697360E-07
 1716    8.687229E-07
 1717    8.677116E-07
 1718    8.667020E-07
 1719    8.656943E-07
 1720    8.646882E-07
 1721    9.267284E-07
 1722    9.256526E-07
 1723    9.245788E-07
 1724    9.235068E-07
 1725    9.224367E-07
 1726    9.213685E-07
 1727    9.203021E-07
 1728    9.192375E-07
 1729    9.181748E-07
 1730    9.171139E-07
 1731    1.012877E-06
 1732    1.011708E-06
 1733    1.010541E-06
 1734    1.009376E-06
 1735    1.008213E-06
 1736    1.007053E-06
 1737    1.005894E-06
 1738    1.004737E-06
 1739    1.003582E-06
 1740    1.002429E-06
 1741    1.070826E-06
 1742    1.069597E-06
 1743    1.068370E-06
 1744    1.067146E-06
 1745    1.065924E-06
 1746    1.064703E-06
 1747    1.063485E-06
 1748    1.062269E-06
 1749    1.061055E-06
 1750    1.059843E-06
 1751    1.117411E-06
 1752    1.116136E-06
 1753    1.114864E-06
 1754    1.113593E-06
 1755    1.112325E-06
 1756    1.111059E-06
 1757    1.109795E-06
 1758    1.108533E-06
 1759    1.107273E-06
 1760    1.106016E-06
 1761    1.227904E-06
 1762    1.226511E-06
 1763    1.225121E-06
 1764    1.223732E-06
 1765    1.222347E-06
 1766    1.220963E-06
 1767    1.219582E-06
 1768    1.218203E-06
 1769    1.216827E-06
 1770    1.215452E-06
 1771    1.298421E-06
 1772    1.296957E-06
 1773    1.295494E-06
 1774    1.294035E-06
 1775    1.292577E-06
 1776    1.291123E-06
 1777    1.289670E-06
 1778    1.288220E-06
 1779    1.286773E-06
 1780    1.285328E-06
 1781    1.397897E-06
 1782    1.396329E-06
 1783    1.394764E-06
 1784    1.393201E-06
 1785    1.391641E-06
 1786    1.390083E-06
 1787    1.388528E-06
 1788    1.386976E-06
 1789    1.385426E-06
 1790    1.383879E-06
 1791    1.453797E-06
 1792    1.452175E-06
 1793    1.450557E-06
 1794    1.448940E-06
 1795    1.447327E-06
 1796    1.445716E-06
 1797    1.444108E-06
 1798    1.442502E-06
 1799    1.440900E-06
 1800    1.439299E-06
 1801    1.492940E-06
 1802    1.491284E-06
 1803    1.489631E-06
 1804    1.487980E-06
 1805    1.486332E-06
 1806    1.484687E-06
 1807    1.483045E-06
 1808    1.481405E-06
 1809    1.479768E-06
 1810    1.478134E-06
 1811    1.577052E-06
 1812    1.575312E-06
 1813    1.573576E-06
 1814    1.571842E-06
 1815    1.570111E-06
 1816    1.568382E-06
 1817    1.566657E-06
 1818    1.564934E-06
 1819    1.563215E-06
 1820    1.561498E-06
 1821    1.643385E-06
 1822    1.641582E-06
 1823    1.639782E-06
 1824    1.637985E-06
 1825    1.636191E-06
 1826    1.634400E-06
 1827    1.632612E-06
 1828    1.630826E-06
 1829    1.629044E-06
 1830    1.627265E-06
 1831    1.799340E-06
 1832    1.797377E-06
 1833    1.795417E-06
 1834    1.793460E-06
 1835    1.791506E-06
 1836    1.789556E-06
 1837    1.787608E-06
 1838    1.785664E-06
 1839    1.783723E-06
 1840    1.781785E-06
 1841    1.854451E-06
 1842    1.852438E-06
 1843    1.850429E-06
 1844    1.848423E-06
 1845    1.846420E-06
 1846    1.844421E-06
 1847    1.842425E-06
 1848    1.840432E-06
 1849    1.838442E-06
 1850    1.836456E-06
 1851    1.945102E-06
 1852    1.943002E-06
 1853    1.940906E-06
 1854    1.938814E-06
 1855    1.936725E-06
 1856    1.934639E-06
 1857    1.932556E-06
 1858    1.930477E-06
 1859    1.928401E-06
 1860    1.926329E-06
 1861    2.101495E-06
 1862    2.099239E-06
 1863    2.096987E-06
 1864    2.094738E-06
 1865    2.092493E-06
 1866    2.090251E-06
 1867    2.088013E-06
 1868    2.085779E-06
 1869    2.083548E-06
 1870    2.081321E-06
 1871    2.197377E-06
 1872    2.195030E-06
 1873    2.192688E-06
 1874    2.190349E-06
 1875    2.188014E-06
 1876    2.185682E-06
 1877    2.183355E-06
 1878    2.181031E-06
 1879    2.178710E-06
 1880    2.176394E-06
 1881    2.406423E-06
 1882    2.403867E-06
 1883    2.401315E-06
 1884    2.398768E-06
 1885    2.396224E-06
 1886    2.393684E-06
 1887    2.391149E-06
 1888    2.388617E-06
 1889    2.386089E-06
 1890    2.383566E-06
 1891    2.401412E-06
 1892    2.398875E-06
 1893    2.396341E-06
 1894    2.393812E-06
 1895    2.391287E-06
 1896    2.388766E-06
 1897    2.386249E-06
 1898    2.383736E-06
 1899    2.381227E-06
 1900    2.378721E-06
 1901    2.421844E-06
 1902    2.419299E-06
 1903    2.416758E-06
 1904    2.414220E-06
 1905    2.411687E-06
 1906    2.409158E-06
 1907    2.406632E-06
 1908    2.404111E-06
 1909    2.401594E-06
 1910    2.399080E-06
 1911    2.490666E-06
 1912    2.488062E-06
 1913    2.485462E-06
 1914    2.482866E-06
 1915    2.480274E-06
 1916    2.477687E-06
 1917    2.475103E-06
 1918    2.472524E-06
 1919    2.469948E-06
 1920    2.467377E-06
 1921    2.543457E-06
 1922    2.540811E-06
 1923    2.538170E-06
 1924    2.535533E-06
 1925    2.532900E-06
 1926    2.530271E-06
 1927    2.527647E-06
 1928    2.525026E-06
 1929    2.522409E-06
 1930    2.519797E-06
 1931    2.807690E-06
 1932    2.804785E-06
 1933    2.801884E-06
 1934    2.798988E-06
 1935    2.796097E-06
 1936    2.793210E-06
 1937    2.790327E-06
 1938    2.787449E-06
 1939    2.784575E-06
 1940    2.781706E-06
 1941    2.800208E-06
 1942    2.797325E-06
 1943    2.794448E-06
 1944    2.791574E-06
 1945    2.788705E-06
 1946    2.785840E-06
 1947    2.782980E-06
 1948    2.780124E-06
 1949    2.777273E-06
 1950    2.774426E-06
 1951    2.947030E-06
 1952    2.944013E-06
 1953    2.940999E-06
 1954    2.937991E-06
 1955    2.934986E-06
 1956    2.931987E-06
 1957    2.928992E-06
 1958    2.926002E-06
 1959    2.923016E-06
 1960    2.920035E-06
 1961    3.016937E-06
 1962    3.013863E-06
 1963    3.010794E-06
 1964    3.007730E-06
 1965    3.004670E-06
 1966    3.001615E-06
 1967    2.998564E-06
 1968    2.995519E-06
 1969    2.992478E-06
 1970    2.989441E-06
 1971    3.113203E-06
 1972    3.110048E-06
 1973    3.106897E-06
 1974    3.103750E-06
 1975    3.100609E-06
 1976    3.097472E-06
 1977    3.094340E-06
 1978    3.091213E-06
 1979    3.088091E-06
 1980    3.084973E-06
 1981    3.312608E-06
 1982    3.309267E-06
 1983    3.305931E-06
 1984    3.302600E-06
 1985    3.299274E-06
 1986    3.295953E-06
 1987    3.292637E-06
 1988    3.289326E-06
 1989    3.286021E-06
 1990    3.282720E-06
 1991    3.372440E-06
 1992    3.369055E-06
 1993    3.365676E-06
 1994    3.362302E-06
 1995    3.358933E-06
 1996    3.355569E-06
 1997    3.352210E-06
 1998    3.348856E-06
 1999    3.345507E-06
 2000    3.342163E-06
 2001    3.411758E-06
 2002    3.408351E-06
 2003    3.404950E-06
 2004    3.401553E-06
 2005    3.398162E-06
 2006    3.394776E-06
 2007    3.391394E-06
 2008    3.388018E-06
 2009    3.384647E-06
 2010    3.381281E-06
 2011    3.461716E-06
 2012    3.458277E-06
 2013    3.454842E-06
 2014    3.451413E-06
 2015    3.447989E-06
 2016    3.444570E-06
 2017    3.441157E-06
 2018    3.437748E-06
 2019    3.434344E-06
 2020    3.430945E-06
 2021    3.580689E-06
 2022    3.577149E-06
 2023    3.573614E-06
 2024    3.570085E-06
 2025    3.566560E-06
 2026    3.563041E-06
 2027    3.559527E-06
 2028    3.556019E-06
 2029    3.552515E-06
 2030    3.549017E-06
 2031    3.811654E-06
 2032    3.807904E-06
 2033    3.804159E-06
 2034    3.800421E-06
 2035    3.796688E-06
 2036    3.792960E-06
 2037    3.789238E-06
 2038    3.785521E-06
 2039    3.781810E-06
 2040    3.778104E-06
 2041    3.749736E-06
 2042    3.746065E-06
 2043    3.742400E-06
 2044    3.738740E-06
 2045    3.735085E-06
 2046    3.731436E-06
 2047    3.727792E-06
 2048    3.724153E-06
 2049    3.720520E-06
 2050    3.716892E-06
 2051    3.728260E-06
 2052    3.724628E-06
 2053    3.721001E-06
 2054    3.717380E-06
 2055    3.713764E-06
 2056    3.710153E-06
 2057    3.706547E-06
 2058    3.702947E-06
 2059    3.699352E-06
 2060    3.695762E-06
 2061    3.758837E-06
 2062    3.755193E-06
 2063    3.751554E-06
 2064    3.747920E-06
 2065    3.744292E-06
 2066    3.740669E-06
 2067    3.737052E-06
 2068    3.733439E-06
 2069    3.729832E-06
 2070    3.726230E-06
 2071    3.892046E-06
 2072    3.888291E-06
 2073    3.884541E-06
 2074    3.880797E-06
 2075    3.877059E-06
 2076    3.873325E-06
 2077    3.869597E-06
 2078    3.865875E-06
 2079    3.862158E-06
 2080    3.858446E-06
 2081    4.154740E-06
 2082    4.150751E-06
 2083    4.146767E-06
 2084    4.142789E-06
 2085    4.138817E-06
 2086    4.134851E-06
 2087    4.130891E-06
 2088    4.126936E-06
 2089    4.122986E-06
 2090    4.119043E-06
 2091    4.139040E-06
 2092    4.135085E-06
 2093    4.131135E-06
 2094    4.127191E-06
 2095    4.123253E-06
 2096    4.119321E-06
 2097    4.115394E-06
 2098    4.111472E-06
 2099    4.107557E-06
 2100    4.103647E-06
 2101    4.163937E-06
 2102    4.159977E-06
 2103    4.156022E-06
 2104    4.152074E-06
 2105    4.148130E-06
 2106    4.144193E-06
 2107    4.140261E-06
 2108    4.136335E-06
 2109    4.132414E-06
 2110    4.128499E-06
 2111    4.213395E-06
 2112    4.209407E-06
 2113    4.205424E-06
 2114    4.201448E-06
 2115    4.197476E-06
 2116    4.193511E-06
 2117    4.189551E-06
 2118    4.185597E-06
 2119    4.181648E-06
 2120    4.177705E-06
 2121    4.429821E-06
 2122    4.425648E-06
 2123    4.421481E-06
 2124    4.417319E-06
 2125    4.413164E-06
 2126    4.409014E-06
 2127    4.404870E-06
 2128    4.400732E-06
 2129    4.396600E-06
 2130    4.392474E-06
 2131    4.536892E-06
 2132    4.532638E-06
 2133    4.528390E-06
 2134    4.524148E-06
 2135    4.519912E-06
 2136    4.515682E-06
 2137    4.511458E-06
 2138    4.507239E-06
 2139    4.503027E-06
 2140    4.498821E-06
 2141    4.628762E-06
 2142    4.624442E-06
 2143    4.620128E-06
 2144    4.615821E-06
 2145    4.611519E-06
 2146    4.607223E-06
 2147    4.602933E-06
 2148    4.598649E-06
 2149    4.594372E-06
 2150    4.590100E-06
 2151    4.459891E-06
 2152    4.455748E-06
 2153    4.451611E-06
 2154    4.447480E-06
 2155    4.443354E-06
 2156    4.439234E-06
 2157    4.435120E-06
 2158    4.431011E-06
 2159    4.426908E-06
 2160    4.422811E-06
 2161    4.515779E-06
 2162    4.511603E-06
 2163    4.507434E-06
 2164    4.503270E-06
 2165    4.499112E-06
 2166    4.494959E-06
 2167    4.490813E-06
 2168    4.486672E-06
 2169    4.482537E-06
 2170    4.478407E-06
 2171    4.796993E-06
 2172    4.792578E-06
 2173    4.788169E-06
 2174    4.783766E-06
 2175    4.779369E-06
 2176    4.774978E-06
 2177    4.770593E-06
 2178    4.766215E-06
 2179    4.761842E-06
 2180    4.757475E-06
 2181    5.244964E-06
 2182    5.240159E-06
 2183    5.235360E-06
 2184    5.230568E-06
 2185    5.225783E-06
 2186    5.221004E-06
 2187    5.216231E-06
 2188    5.211466E-06
 2189    5.206706E-06
 2190    5.201953E-06
 2191    5.190587E-06
 2192    5.185853E-06
 2193    5.181126E-06
 2194    5.176405E-06
 2195    5.171691E-06
 2196    5.166983E-06
 2197    5.162281E-06
 2198    5.157586E-06
 2199    5.152897E-06
 2200    5.148215E-06
 2201    4.913317E-06
 2202    4.908857E-06
 2203    4.904402E-06
 2204    4.899954E-06
 2205    4.895512E-06
 2206    4.891075E-06
 2207    4.886645E-06
 2208    4.882221E-06
 2209    4.877802E-06
 2210    4.873390E-06
 2211    5.352007E-06
 2212    5.347170E-06
 2213    5.342339E-06
 2214    5.337516E-06
 2215    5.332698E-06
 2216    5.327888E-06
 2217    5.323083E-06
 2218    5.318286E-06
 2219    5.313494E-06
 2220    5.308710E-06
 2221    5.882354E-06
 2222    5.877062E-06
 2223    5.871776E-06
 2224    5.866498E-06
 2225    5.861228E-06
 2226    5.855964E-06
 2227    5.850707E-06
 2228    5.845457E-06
 2229    5.840215E-06
 2230    5.834979E-06
 2231    5.703590E-06
 2232    5.698481E-06
 2233    5.693380E-06
 2234    5.688285E-06
 2235    5.683197E-06
 2236    5.678116E-06
 2237    5.673042E-06
 2238    5.667974E-06
 2239    5.662914E-06
 2240    5.657860E-06
 2241    6.044692E-06
 2242    6.039303E-06
 2243    6.033920E-06
 2244    6.028545E-06
 2245    6.023176E-06
 2246    6.017815E-06
 2247    6.012461E-06
 2248    6.007115E-06
 2249    6.001775E-06
 2250    5.996442E-06
 2251    5.768298E-06
 2252    5.763177E-06
 2253    5.758064E-06
 2254    5.752957E-06
 2255    5.747857E-06
 2256    5.742763E-06
 2257    5.737677E-06
 2258    5.732597E-06
 2259    5.727524E-06
 2260    5.722457E-06
 2261    5.243094E-06
 2262    5.238460E-06
 2263    5.233833E-06
 2264    5.229211E-06
 2265    5.224596E-06
 2266    5.219987E-06
 2267    5.215383E-06
 2268    5.210786E-06
 2269    5.206195E-06
 2270    5.201610E-06
 2271    6.033044E-06
 2272    6.027736E-06
 2273    6.022435E-06
 2274    6.017140E-06
 2275    6.011853E-06
 2276    6.006572E-06
 2277    6.001299E-06
 2278    5.996032E-06
 2279    5.990772E-06
 2280    5.985519E-06
 2281    8.509544E-06
 2282    8.502089E-06
 2283    8.494644E-06
 2284    8.487209E-06
 2285    8.479783E-06
 2286    8.472368E-06
 2287    8.464962E-06
 2288    8.457566E-06
 2289    8.450179E-06
 2290    8.442802E-06
 2291    9.228376E-06
 2292    9.220326E-06
 2293    9.212288E-06
 2294    9.204260E-06
 2295    9.196242E-06
 2296    9.188235E-06
 2297    9.180238E-06
 2298    9.172252E-06
 2299    9.164276E-06
 2300    9.156310E-06
 2301    7.632749E-06
 2302    7.626121E-06
 2303    7.619501E-06
 2304    7.612890E-06
 2305    7.606287E-06
 2306    7.599693E-06
 2307    7.593107E-06
 2308    7.586530E-06
 2309    7.579962E-06
 2310    7.573402E-06
 2311    1.048003E-05
 2312    1.047097E-05
 2313    1.046192E-05
 2314    1.045288E-05
 2315    1.044385E-05
 2316    1.043484E-05
 2317    1.042583E-05
 2318    1.041684E-05
 2319    1.040786E-05
 2320    1.039889E-05
 2321    1.393509E-05
 2322    1.392310E-05
 2323    1.391111E-05
 2324    1.389915E-05
 2325    1.388720E-05
 2326    1.387526E-05
 2327    1.386334E-05
 2328    1.385144E-05
 2329    1.383955E-05
 2330    1.382767E-05
 2331    1.108268E-05
 2332    1.107318E-05
 2333    1.106369E-05
 2334    1.105421E-05
 2335    1.104475E-05
 2336    1.103530E-05
 2337    1.102586E-05
 2338    1.101643E-05
 2339    1.100701E-05
 2340    1.099761E-05
 2341    3.924085E-06
 2342    3.920736E-06
 2343    3.917390E-06
 2344    3.914049E-06
 2345    3.910713E-06
 2346    3.907380E-06
 2347    3.904052E-06
 2348    3.900728E-06
 2349    3.897408E-06
 2350    3.894093E-06
 2351   -4.213872E-06
 2352   -4.210290E-06
 2353   -4.206713E-06
 2354   -4.203141E-06
 2355   -4.199573E-06
 2356   -4.196009E-06
 2357   -4.192450E-06
 2358   -4.188896E-06
 2359   -4.185346E-06
 2360   -4.181801E-06
 2361   -1.117313E-05
 2362   -1.116367E-05
 2363   -1.115423E-05
 2364   -1.114480E-05
 2365   -1.113537E-05
 2366   -1.112597E-05
 2367   -1.111657E-05
 2368   -1.110718E-05
 2369   -1.109781E-05
 2370   -1.108845E-05
 2371   -1.081928E-05
 2372   -1.081016E-05
 2373   -1.080105E-05
 2374   -1.079196E-05
 2375   -1.078287E-05
 2376   -1.077380E-05
 2377   -1.076474E-05
 2378   -1.075569E-05
 2379   -1.074665E-05
 2380   -1.073762E-05
 2381    1.955942E-05
 2382    1.954301E-05
 2383    1.952661E-05
 2384    1.951024E-05
 2385    1.949388E-05
 2386    1.947755E-05
 2387    1.946124E-05
 2388    1.944494E-05
 2389    1.942867E-05
 2390    1.941242E-05
 2391    8.279723E-05
 2392    8.272803E-05
 2393    8.265892E-05
 2394    8.258989E-05
 2395    8.252095E-05
 2396    8.245210E-05
 2397    8.238333E-05
 2398    8.231465E-05
 2399    8.224606E-05
 2400    8.217755E-05
 2401    1.499648E-04
 2402    1.498400E-04
 2403    1.497153E-04
 2404    1.495908E-04
 2405    1.494665E-04
 2406    1.493423E-04
 2407    1.492182E-04
 2408    1.490944E-04
 2409    1.489706E-04
 2410    1.488471E-04
 2411    2.137523E-04
 2412    2.135751E-04
 2413    2.133982E-04
 2414    2.132214E-04
 2415    2.130449E-04
 2416    2.128686E-04
 2417    2.126926E-04
 2418    2.125167E-04
 2419    2.123411E-04
 2420    2.121657E-04
 2421    2.428207E-04
 2422    2.426203E-04
 2423    2.424201E-04
 2424    2.422202E-04
 2425    2.420205E-04
 2426    2.418210E-04
 2427    2.416218E-04
 2428    2.414229E-04
 2429    2.412242E-04
 2430    2.410257E-04
 2431    7.127021E-05
 2432    7.121163E-05
 2433    7.115311E-05
 2434    7.109467E-05
 2435    7.103630E-05
 2436    7.097800E-05
 2437    7.091978E-05
 2438    7.086162E-05
 2439    7.080354E-05
 2440    7.074553E-05
 2441   -5.885323E-04
 2442   -5.880505E-04
 2443   -5.875693E-04
 2444   -5.870887E-04
 2445   -5.866086E-04
 2446   -5.861292E-04
 2447   -5.856503E-04
 2448   -5.851720E-04
 2449   -5.846943E-04
 2450   -5.842172E-04
 2451   -1.525020E-03
 2452   -1.523777E-03
 2453   -1.522535E-03
 2454   -1.521294E-03
 2455   -1.520056E-03
 2456   -1.518818E-03
 2457   -1.517582E-03
 2458   -1.516348E-03
 2459   -1.515115E-03
 2460   -1.513884E-03
 2461   -2.062236E-03
 2462   -2.060561E-03
 2463   -2.058889E-03
 2464   -2.057218E-03
 2465   -2.055550E-03
 2466   -2.053883E-03
 2467   -2.052219E-03
 2468   -2.050557E-03
 2469   -2.048896E-03
 2470   -2.047238E-03
 2471   -1.864310E-03
 2472   -1.862802E-03
 2473   -1.861296E-03
 2474   -1.859792E-03
 2475   -1.858290E-03
 2476   -1.856790E-03
 2477   -1.855291E-03
 2478   -1.853794E-03
 2479   -1.852299E-03
 2480   -1.850806E-03
 2481   -1.331318E-04
 2482   -1.330246E-04
 2483   -1.329175E-04
 2484   -1.328105E-04
 2485   -1.327037E-04
 2486   -1.325970E-04
 2487   -1.324904E-04
 2488   -1.323839E-04
 2489   -1.322776E-04
 2490   -1.321714E-04
 2491    6.069030E-03
 2492    6.064162E-03
 2493    6.059299E-03
 2494    6.054441E-03
 2495    6.049590E-03
 2496    6.044745E-03
 2497    6.039905E-03
 2498    6.035071E-03
 2499    6.030243E-03
 2500    6.025421E-03
 2501    1.617800E-02
 2502    1.616508E-02
 2503    1.615217E-02
 2504    1.613927E-02
 2505    1.612639E-02
 2506    1.611353E-02
 2507    1.610068E-02
 2508    1.608784E-02
 2509    1.607502E-02
 2510    1.606222E-02
 2511    2.290921E-02
 2512    2.289098E-02
 2513    2.287277E-02
 2514    2.285458E-02
 2515    2.283641E-02
 2516    2.281826E-02
 2517    2.280014E-02
 2518    2.278204E-02
 2519    2.276396E-02
 2520    2.274590E-02
 2521    2.294304E-02
 2522    2.292485E-02
 2523    2.290668E-02
 2524    2.288854E-02
 2525    2.287042E-02
 2526    2.285232E-02
 2527    2.283424E-02
 2528    2.281618E-02
 2529    2.279814E-02
 2530    2.278013E-02
 2531    2.213812E-02
 2532    2.212064E-02
 2533    2.210318E-02
 2534    2.208574E-02
 2535    2.206833E-02
 2536    2.205093E-02
 2537    2.203355E-02
 2538    2.201620E-02
 2539    2.199886E-02
 2540    2.198154E-02
 2541    1.614814E-02
 2542    1.613544E-02
 2543    1.612276E-02
 2544    1.611009E-02
 2545    1.609743E-02
 2546    1.608479E-02
 2547    1.607216E-02
 2548    1.605955E-02
 2549    1.604696E-02
 2550    1.603438E-02
 2551    5.712767E-03
 2552    5.708292E-03
 2553    5.703822E-03
 2554    5.699357E-03
 2555    5.694897E-03
 2556    5.690443E-03
 2557    5.685994E-03
 2558    5.681550E-03
 2559    5.677111E-03
 2560    5.672678E-03
 2561   -3.476045E-04
 2562   -3.473333E-04
 2563   -3.470623E-04
 2564   -3.467917E-04
 2565   -3.465214E-04
 2566   -3.462514E-04
 2567   -3.459818E-04
 2568   -3.457124E-04
 2569   -3.454434E-04
 2570   -3.451747E-04
 2571   -2.014898E-03
 2572   -2.013332E-03
 2573   -2.011767E-03
 2574   -2.010205E-03
 2575   -2.008644E-03
 2576   -2.007085E-03
 2577   -2.005528E-03
 2578   -2.003973E-03
 2579   -2.002419E-03
 2580   -2.000868E-03
 2581   -2.208088E-03
 2582   -2.206378E-03
 2583   -2.204671E-03
 2584   -2.202965E-03
 2585   -2.201261E-03
 2586   -2.199559E-03
 2587   -2.197859E-03
 2588   -2.196162E-03
 2589   -2.194466E-03
 2590   -2.192772E-03
 2591   -1.658067E-03
 2592   -1.656788E-03
 2593   -1.655511E-03
 2594   -1.654235E-03
 2595   -1.652961E-03
 2596   -1.651688E-03
 2597   -1.650416E-03
 2598   -1.649146E-03
 2599   -1.647877E-03
 2600   -1.646610E-03
 2601   -6.318380E-04
 2602   -6.313525E-04
 2603   -6.308676E-04
 2604   -6.303833E-04
 2605   -6.298995E-04
 2606   -6.294162E-04
 2607   -6.289335E-04
 2608   -6.284514E-04
 2609   -6.279698E-04
 2610   -6.274888E-04
 2611    3.005907E-05
 2612    3.003606E-05
 2613    3.001308E-05
 2614    2.999012E-05
 2615    2.996719E-05
 2616    2.994429E-05
 2617    2.992142E-05
 2618    2.989857E-05
 2619    2.987574E-05
 2620    2.985295E-05
 2621    2.037587E-04
 2622    2.036033E-04
 2623    2.034481E-04
 2624    2.032931E-04
 2625    2.031383E-04
 2626    2.029836E-04
 2627    2.028292E-04
 2628    2.026749E-04
 2629    2.025207E-04
 2630    2.023668E-04
 2631    1.783668E-04
 2632    1.782313E-04
 2633    1.780960E-04
 2634    1.779608E-04
 2635    1.778258E-04
 2636    1.776909E-04
 2637    1.775562E-04
 2638    1.774216E-04
 2639    1.772872E-04
 2640    1.771530E-04
 2641    1.179605E-04
 2642    1.178713E-04
 2643    1.177821E-04
 2644    1.176931E-04
 2645    1.176041E-04
 2646    1.175152E-04
 2647    1.174265E-04
 2648    1.173378E-04
 2649    1.172493E-04
 2650    1.171608E-04
 2651    4.742540E-05
 2652    4.738965E-05
 2653    4.735394E-05
 2654    4.731826E-05
 2655    4.728263E-05
 2656    4.724704E-05
 2657    4.721149E-05
 2658    4.717598E-05
 2659    4.714051E-05
 2660    4.710508E-05
 2661   -1.166551E-05
 2662   -1.165675E-05
 2663   -1.164800E-05
 2664   -1.163926E-05
 2665   -1.163053E-05
 2666   -1.162181E-05
 2667   -1.161309E-05
 2668   -1.160439E-05
 2669   -1.159570E-05
 2670   -1.158702E-05
 2671   -3.886171E-05
 2672   -3.883264E-05
 2673   -3.880359E-05
 2674   -3.877458E-05
 2675   -3.874560E-05
 2676   -3.871665E-05
 2677   -3.868774E-05
 2678   -3.865886E-05
 2679   -3.863001E-05
 2680   -3.860119E-05
 2681   -3.858343E-05
 2682   -3.855467E-05
 2683   -3.852594E-05
 2684   -3.849724E-05
 2685   -3.846858E-05
 2686   -3.843994E-05
 2687   -3.841134E-05
 2688   -3.838277E-05
 2689   -3.835423E-05
 2690   -3.832573E-05
 2691   -2.940851E-05
 2692   -2.938667E-05
 2693   -2.936486E-05
 2694   -2.934306E-05
 2695   -2.932130E-05
 2696   -2.929955E-05
 2697   -2.927783E-05
 2698   -2.925614E-05
 2699   -2.923447E-05
 2700   -2.921282E-05
 2701   -1.694058E-05
 2702   -1.692805E-05
 2703   -1.691553E-05
 2704   -1.690302E-05
 2705   -1.689053E-05
 2706   -1.687805E-05
 2707   -1.686558E-05
 2708   -1.685313E-05
 2709   -1.684069E-05
 2710   -1.682827E-05
 2711   -7.603229E-06
 2712   -7.597624E-06
 2713   -7.592025E-06
 2714   -7.586432E-06
 2715   -7.580846E-06
 2716   -7.575265E-06
 2717   -7.569691E-06
 2718   -7.564123E-06
 2719   -7.558561E-06
 2720   -7.553006E-06
 2721   -4.413037E-06
 2722   -4.409796E-06
 2723   -4.406558E-06
 2724   -4.403324E-06
 2725   -4.400093E-06
 2726   -4.396866E-06
 2727   -4.393643E-06
 2728   -4.390423E-06
 2729   -4.387206E-06
 2730   -4.383993E-06
 2731   -6.769623E-06
 2732   -6.764669E-06
 2733   -6.759721E-06
 2734   -6.754777E-06
 2735   -6.749840E-06
 2736   -6.744907E-06
 2737   -6.739981E-06
 2738   -6.735059E-06
 2739   -6.730143E-06
 2740   -6.725232E-06
 2741   -7.865267E-06
 2742   -7.859532E-06
 2743   -7.853803E-06
 2744   -7.848081E-06
 2745   -7.842365E-06
 2746   -7.836655E-06
 2747   -7.830952E-06
 2748   -7.825255E-06
 2749   -7.819563E-06
 2750   -7.813879E-06
 2751   -5.743050E-06
 2752   -5.738877E-06
 2753   -5.734710E-06
 2754   -5.730547E-06
 2755   -5.726388E-06
 2756   -5.722234E-06
 2757   -5.718084E-06
 2758   -5.713939E-06
 2759   -5.709799E-06
 2760   -5.705663E-06
 2761   -5.256051E-06
 2762   -5.252246E-06
 2763   -5.248446E-06
 2764   -5.244650E-06
 2765   -5.240857E-06
 2766   -5.237069E-06
 2767   -5.233285E-06
 2768   -5.229505E-06
 2769   -5.225729E-06
 2770   -5.221958E-06
 2771   -6.972199E-06
 2772   -6.967170E-06
 2773   -6.962147E-06
 2774   -6.957129E-06
 2775   -6.952117E-06
 2776   -6.947110E-06
 2777   -6.942108E-06
 2778   -6.937112E-06
 2779   -6.932121E-06
 2780   -6.927136E-06
 2781   -7.124296E-06
 2782   -7.119177E-06
 2783   -7.114062E-06
 2784   -7.108953E-06
 2785   -7.103850E-06
 2786   -7.098752E-06
 2787   -7.093660E-06
 2788   -7.088573E-06
 2789   -7.083492E-06
 2790   -7.078416E-06
 2791   -6.270817E-06
 2792   -6.266327E-06
 2793   -6.261841E-06
 2794   -6.257361E-06
 2795   -6.252885E-06
 2796   -6.248414E-06
 2797   -6.243947E-06
 2798   -6.239486E-06
 2799   -6.235029E-06
 2800   -6.230577E-06
 2801   -5.320259E-06
 2802   -5.316463E-06
 2803   -5.312671E-06
 2804   -5.308883E-06
 2805   -5.305099E-06
 2806   -5.301319E-06
 2807   -5.297543E-06
 2808   -5.293771E-06
 2809   -5.290003E-06
 2810   -5.286240E-06
 2811   -4.740081E-06
 2812   -4.736711E-06
 2813   -4.733345E-06
 2814   -4.729982E-06
 2815   -4.726622E-06
 2816   -4.723267E-06
 2817   -4.719914E-06
 2818   -4.716566E-06
 2819   -4.713221E-06
 2820   -4.709879E-06
 2821   -4.745614E-06
 2822   -4.742252E-06
 2823   -4.738893E-06
 2824   -4.735538E-06
 2825   -4.732187E-06
 2826   -4.728839E-06
 2827   -4.725495E-06
 2828   -4.722154E-06
 2829   -4.718817E-06
 2830   -4.715483E-06
 2831   -4.812828E-06
 2832   -4.809431E-06
 2833   -4.806037E-06
 2834   -4.802646E-06
 2835   -4.799259E-06
 2836   -4.795876E-06
 2837   -4.792496E-06
 2838   -4.789120E-06
 2839   -4.785747E-06
 2840   -4.782378E-06
 2841   -4.905415E-06
 2842   -4.901965E-06
 2843   -4.898517E-06
 2844   -4.895074E-06
 2845   -4.891634E-06
 2846   -4.888197E-06
 2847   -4.884765E-06
 2848   -4.881336E-06
 2849   -4.877910E-06
 2850   -4.874488E-06
 2851   -4.295659E-06
 2852   -4.292647E-06
 2853   -4.289639E-06
 2854   -4.286634E-06
 2855   -4.283632E-06
 2856   -4.280634E-06
 2857   -4.277638E-06
 2858   -4.274646E-06
 2859   -4.271656E-06
 2860   -4.268670E-06
 2861   -3.879128E-06
 2862   -3.876418E-06
 2863   -3.873711E-06
 2864   -3.871007E-06
 2865   -3.868306E-06
 2866   -3.865607E-06
 2867   -3.862911E-06
 2868   -3.860219E-06
 2869   -3.857529E-06
 2870   -3.854841E-06
 2871   -4.267645E-06
 2872   -4.264674E-06
 2873   -4.261706E-06
 2874   -4.258741E-06
 2875   -4.255780E-06
 2876   -4.252821E-06
 2877   -4.249866E-06
 2878   -4.246914E-06
 2879   -4.243964E-06
 2880   -4.241018E-06
 2881   -4.317555E-06
 2882   -4.314560E-06
 2883   -4.311568E-06
 2884   -4.308579E-06
 2885   -4.305593E-06
 2886   -4.302610E-06
 2887   -4.299630E-06
 2888   -4.296654E-06
 2889   -4.293680E-06
 2890   -4.290710E-06
 2891   -4.178933E-06
 2892   -4.176044E-06
 2893   -4.173158E-06
 2894   -4.170275E-06
 2895   -4.167395E-06
 2896   -4.164518E-06
 2897   -4.161644E-06
 2898   -4.158773E-06
 2899   -4.155904E-06
 2900   -4.153039E-06
 2901   -3.807086E-06
 2902   -3.804463E-06
 2903   -3.801843E-06
 2904   -3.799225E-06
 2905   -3.796611E-06
 2906   -3.793999E-06
 2907   -3.791389E-06
 2908   -3.788783E-06
 2909   -3.786179E-06
 2910   -3.783577E-06
 2911   -3.617765E-06
 2912   -3.615281E-06
 2913   -3.612800E-06
 2914   -3.610321E-06
 2915   -3.607845E-06
 2916   -3.605371E-06
 2917   -3.602900E-06
 2918   -3.600431E-06
 2919   -3.597965E-06
 2920   -3.595502E-06
 2921   -3.806081E-06
 2922   -3.803477E-06
 2923   -3.800876E-06
 2924   -3.798277E-06
 2925   -3.795680E-06
 2926   -3.793087E-06
 2927   -3.790496E-06
 2928   -3.787908E-06
 2929   -3.785322E-06
 2930   -3.782739E-06
 2931   -3.710892E-06
 2932   -3.708361E-06
 2933   -3.705833E-06
 2934   -3.703308E-06
 2935   -3.700785E-06
 2936   -3.698265E-06
 2937   -3.695748E-06
 2938   -3.693233E-06
 2939   -3.690720E-06
 2940   -3.688210E-06
 2941   -3.697985E-06
 2942   -3.695472E-06
 2943   -3.692962E-06
 2944   -3.690454E-06
 2945   -3.687949E-06
 2946   -3.685446E-06
 2947   -3.682945E-06
 2948   -3.680448E-06
 2949   -3.677952E-06
 2950   -3.675460E-06
 2951   -3.336455E-06
 2952   -3.334195E-06
 2953   -3.331938E-06
 2954   -3.329682E-06
 2955   -3.327430E-06
 2956   -3.325179E-06
 2957   -3.322931E-06
 2958   -3.320685E-06
 2959   -3.318441E-06
 2960   -3.316200E-06
 2961   -3.178515E-06
 2962   -3.176369E-06
 2963   -3.174226E-06
 2964   -3.172085E-06
 2965   -3.169946E-06
 2966   -3.167809E-06
 2967   -3.165674E-06
 2968   -3.163542E-06
 2969   -3.161411E-06
 2970   -3.159283E-06
 2971   -3.306208E-06
 2972   -3.303984E-06
 2973   -3.301762E-06
 2974   -3.299542E-06
 2975   -3.297325E-06
 2976   -3.295110E-06
 2977   -3.292897E-06
 2978   -3.290686E-06
 2979   -3.288477E-06
 2980   -3.286271E-06
 2981   -3.290238E-06
 2982   -3.288032E-06
 2983   -3.285829E-06
 2984   -3.283627E-06
 2985   -3.281428E-06
 2986   -3.279231E-06
 2987   -3.277036E-06
 2988   -3.274843E-06
 2989   -3.272652E-06
 2990   -3.270464E-06
 2991   -3.266201E-06
 2992   -3.264018E-06
 2993   -3.261838E-06
 2994   -3.259660E-06
 2995   -3.257484E-06
 2996   -3.255310E-06
 2997   -3.253138E-06
 2998   -3.250969E-06
 2999   -3.248801E-06
 3000   -3.246636E-06
 3001   -2.982072E-06
 3002   -2.980086E-06
 3003   -2.978102E-06
 3004   -2.976120E-06
 3005   -2.974140E-06
 3006   -2.972162E-06
 3007   -2.970186E-06
 3008   -2.968211E-06
 3009   -2.966239E-06
 3010   -2.964269E-06
 3011   -2.854643E-06
 3012   -2.852749E-06
 3013   -2.850856E-06
 3014   -2.848964E-06
 3015   -2.847075E-06
 3016   -2.845188E-06
 3017   -2.843302E-06
 3018   -2.841419E-06
 3019   -2.839537E-06
 3020   -2.837657E-06
 3021   -2.968905E-06
 3022   -2.966941E-06
 3023   -2.964979E-06
 3024   -2.963018E-06
 3025   -2.961060E-06
 3026   -2.959103E-06
 3027   -2.957149E-06
 3028   -2.955196E-06
 3029   -2.953246E-06
 3030   -2.951297E-06
 3031   -2.932101E-06
 3032   -2.930168E-06
 3033   -2.928236E-06
 3034   -2.926307E-06
 3035   -2.924379E-06
 3036   -2.922453E-06
 3037   -2.920529E-06
 3038   -2.918607E-06
 3039   -2.916687E-06
 3040   -2.914769E-06
 3041   -2.966957E-06
 3042   -2.965007E-06
 3043   -2.963059E-06
 3044   -2.961113E-06
 3045   -2.959168E-06
 3046   -2.957226E-06
 3047   -2.955286E-06
 3048   -2.953347E-06
 3049   -2.951410E-06
 3050   -2.949476E-06
 3051   -2.831801E-06
 3052   -2.829946E-06
 3053   -2.828093E-06
 3054   -2.826241E-06
 3055   -2.824392E-06
 3056   -2.822544E-06
 3057   -2.820698E-06
 3058   -2.818854E-06
 3059   -2.817011E-06
 3060   -2.815171E-06
 3061   -2.765560E-06
 3062   -2.763754E-06
 3063   -2.761950E-06
 3064   -2.760148E-06
 3065   -2.758348E-06
 3066   -2.756549E-06
 3067   -2.754752E-06
 3068   -2.752957E-06
 3069   -2.751163E-06
 3070   -2.749371E-06
 3071   -2.785244E-06
 3072   -2.783432E-06
 3073   -2.781621E-06
 3074   -2.779811E-06
 3075   -2.778004E-06
 3076   -2.776198E-06
 3077   -2.774394E-06
 3078   -2.772592E-06
 3079   -2.770792E-06
 3080   -2.768993E-06
 3081   -2.495940E-06
 3082   -2.494321E-06
 3083   -2.492703E-06
 3084   -2.491087E-06
 3085   -2.489473E-06
 3086   -2.487860E-06
 3087   -2.486249E-06
 3088   -2.484639E-06
 3089   -2.483031E-06
 3090   -2.481424E-06
 3091   -1.669887E-06
 3092   -1.668808E-06
 3093   -1.667729E-06
 3094   -1.666651E-06
 3095   -1.665575E-06
 3096   -1.664499E-06
 3097   -1.663424E-06
 3098   -1.662351E-06
 3099   -1.661278E-06
 3100   -1.660207E-06
 3101   -1.030063E-07
 3102   -1.029400E-07
 3103   -1.028736E-07
 3104   -1.028074E-07
 3105   -1.027412E-07
 3106   -1.026750E-07
 3107   -1.026090E-07
 3108   -1.025430E-07
 3109   -1.024770E-07
 3110   -1.024111E-07
 3111    7.878353E-07
 3112    7.873291E-07
 3113    7.868234E-07
 3114    7.863183E-07
 3115    7.858136E-07
 3116    7.853093E-07
 3117    7.848056E-07
 3118    7.843024E-07
 3119    7.837996E-07
 3120    7.832973E-07
 3121    9.966195E-07
 3122    9.959813E-07
 3123    9.953437E-07
 3124    9.947066E-07
 3125    9.940702E-07
 3126    9.934344E-07
 3127    9.927992E-07
 3128    9.921647E-07
 3129    9.915307E-07
 3130    9.908973E-07
 3131    9.994759E-07
 3132    9.988379E-07
 3133    9.982004E-07
 3134    9.975636E-07
 3135    9.969274E-07
 3136    9.962918E-07
 3137    9.956569E-07
 3138    9.950225E-07
 3139    9.943887E-07
 3140    9.937555E-07
 3141    9.873394E-07
 3142    9.867111E-07
 3143    9.860835E-07
 3144    9.854564E-07
 3145    9.848299E-07
 3146    9.842040E-07
 3147    9.835787E-07
 3148    9.829540E-07
 3149    9.823299E-07
 3150    9.817064E-07
 3151    9.791205E-07
 3152    9.784994E-07
 3153    9.778790E-07
 3154    9.772591E-07
 3155    9.766398E-07
 3156    9.760210E-07
 3157    9.754029E-07
 3158    9.747854E-07
 3159    9.741684E-07
 3160    9.735521E-07
 3161    9.398899E-07
 3162    9.392956E-07
 3163    9.387019E-07
 3164    9.381087E-07
 3165    9.375161E-07
 3166    9.369240E-07
 3167    9.363325E-07
 3168    9.357416E-07
 3169    9.351512E-07
 3170    9.345614E-07
 3171    8.888254E-07
 3172    8.882652E-07
 3173    8.877055E-07
 3174    8.871463E-07
 3175    8.865876E-07
 3176    8.860295E-07
 3177    8.854719E-07
 3178    8.849148E-07
 3179    8.843583E-07
 3180    8.838022E-07
 3181    8.226511E-07
 3182    8.221342E-07
 3183    8.216178E-07
 3184    8.211019E-07
 3185    8.205864E-07
 3186    8.200715E-07
 3187    8.195570E-07
 3188    8.190430E-07
 3189    8.185295E-07
 3190    8.180165E-07
 3191    7.633393E-07
 3192    7.628612E-07
 3193    7.623835E-07
 3194    7.619062E-07
 3195    7.614294E-07
 3196    7.609531E-07
 3197    7.604772E-07
 3198    7.600018E-07
 3199    7.595268E-07
 3200    7.590522E-07
 3201    6.929388E-07
 3202    6.925061E-07
 3203    6.920739E-07
 3204    6.916420E-07
 3205    6.912105E-07
 3206    6.907795E-07
 3207    6.903488E-07
 3208    6.899185E-07
 3209    6.894887E-07
 3210    6.890592E-07
 3211    6.498098E-07
 3212    6.494053E-07
 3213    6.490012E-07
 3214    6.485975E-07
 3215    6.481941E-07
 3216    6.477911E-07
 3217    6.473885E-07
 3218    6.469863E-07
 3219    6.465844E-07
 3220    6.461830E-07
 3221    6.044355E-07
 3222    6.040604E-07
 3223    6.036857E-07
 3224    6.033113E-07
 3225    6.029373E-07
 3226    6.025636E-07
 3227    6.021902E-07
 3228    6.018173E-07
 3229    6.014446E-07
 3230    6.010723E-07
 3231    5.603358E-07
 3232    5.599892E-07
 3233    5.596429E-07
 3234    5.592969E-07
 3235    5.589512E-07
 3236    5.586059E-07
 3237    5.582608E-07
 3238    5.579161E-07
 3239    5.575717E-07
 3240    5.572276E-07
 3241    5.210247E-07
 3242    5.207034E-07
 3243    5.203823E-07
 3244    5.200616E-07
 3245    5.197412E-07
 3246    5.194210E-07
 3247    5.191012E-07
 3248    5.187816E-07
 3249    5.184624E-07
 3250    5.181434E-07
 3251    4.832644E-07
 3252    4.829673E-07
 3253    4.826704E-07
 3254    4.823738E-07
 3255    4.820775E-07
 3256    4.817815E-07
 3257    4.814858E-07
 3258    4.811903E-07
 3259    4.808951E-07
 3260    4.806001E-07
 3261    4.551768E-07
 3262    4.548978E-07
 3263    4.546190E-07
 3264    4.543406E-07
 3265    4.540623E-07
 3266    4.537844E-07
 3267    4.535066E-07
 3268    4.532292E-07
 3269    4.529520E-07
 3270    4.526750E-07
 3271    4.119948E-07
 3272    4.117431E-07
 3273    4.114915E-07
 3274    4.112402E-07
 3275    4.109892E-07
 3276    4.107384E-07
 3277    4.104877E-07
 3278    4.102374E-07
 3279    4.099872E-07
 3280    4.097373E-07
 3281    3.892693E-07
 3282    3.890322E-07
 3283    3.887952E-07
 3284    3.885585E-07
 3285    3.883220E-07
 3286    3.880858E-07
 3287    3.878497E-07
 3288    3.876139E-07
 3289    3.873782E-07
 3290    3.871428E-07
 3291    3.436700E-07
 3292    3.434612E-07
 3293    3.432527E-07
 3294    3.430444E-07
 3295    3.428362E-07
 3296    3.426282E-07
 3297    3.424205E-07
 3298    3.422129E-07
 3299    3.420055E-07
 3300    3.417982E-07
