   50    0.000000E+00
   51    0.000000E+00
   52    0.000000E+00
   53    0.000000E+00
   54    0.000000E+00
   55    0.000000E+00
   56    0.000000E+00
   57    0.000000E+00
   58    0.000000E+00
   59    0.000000E+00
   60    0.000000E+00
   61    0.000000E+00
   62    0.000000E+00
   63    0.000000E+00
   64    0.000000E+00
   65    0.000000E+00
   66    0.000000E+00
   67    0.000000E+00
   68    0.000000E+00
   69    0.000000E+00
   70    0.000000E+00
   71    0.000000E+00
   72    0.000000E+00
   73    0.000000E+00
   74    0.000000E+00
   75    0.000000E+00
   76    0.000000E+00
   77    0.000000E+00
   78    0.000000E+00
   79    0.000000E+00
   80    0.000000E+00
   81    0.000000E+00
   82    0.000000E+00
   83    0.000000E+00
   84    0.000000E+00
   85    0.000000E+00
   86    0.000000E+00
   87    0.000000E+00
   88    0.000000E+00
   89    0.000000E+00
   90    0.000000E+00
   91    0.000000E+00
   92    0.000000E+00
   93    0.000000E+00
   94    0.000000E+00
   95    0.000000E+00
   96    0.000000E+00
   97    0.000000E+00
   98    0.000000E+00
   99    0.000000E+00
  100    0.000000E+00
  101    0.000000E+00
  102    0.000000E+00
  103    0.000000E+00
  104    0.000000E+00
  105    0.000000E+00
  106    0.000000E+00
  107    0.000000E+00
  108    0.000000E+00
  109    0.000000E+00
  110    0.000000E+00
  111    0.000000E+00
  112    0.000000E+00
  113    0.000000E+00
  114    0.000000E+00
  115    0.000000E+00
  116    0.000000E+00
  117    0.000000E+00
  118    0.000000E+00
  119    0.000000E+00
  120    0.000000E+00
  121    0.000000E+00
  122    0.000000E+00
  123    0.000000E+00
  124    0.000000E+00
  125    0.000000E+00
  126    0.000000E+00
  127    0.000000E+00
  128    0.000000E+00
  129    0.000000E+00
  130    0.000000E+00
  131    0.000000E+00
  132    0.000000E+00
  133    0.000000E+00
  134    0.000000E+00
  135    0.000000E+00
  136    0.000000E+00
  137    0.000000E+00
  138    0.000000E+00
  139    0.000000E+00
  140    0.000000E+00
  141    0.000000E+00
  142    0.000000E+00
  143    0.000000E+00
  144    0.000000E+00
  145    0.000000E+00
  146    0.000000E+00
  147    0.000000E+00
  148    0.000000E+00
  149    0.000000E+00
  150    0.000000E+00
  151    0.000000E+00
  152    0.000000E+00
  153    0.000000E+00
  154    0.000000E+00
  155    0.000000E+00
  156    0.000000E+00
  157    0.000000E+00
  158    0.000000E+00
  159    0.000000E+00
  160    0.000000E+00
  161    0.000000E+00
  162    0.000000E+00
  163    0.000000E+00
  164    0.000000E+00
  165    0.000000E+00
  166    0.000000E+00
  167    0.000000E+00
  168    0.000000E+00
  169    0.000000E+00
  170    0.000000E+00
  171    0.000000E+00
  172    0.000000E+00
  173    0.000000E+00
  174    0.000000E+00
  175    0.000000E+00
  176    0.000000E+00
  177    0.000000E+00
  178    0.000000E+00
  179    0.000000E+00
  180    0.000000E+00
  181    2.648580E-11
  182    2.619634E-11
  183    2.591160E-11
  184    2.563147E-11
  185    2.535586E-11
  186    2.508468E-11
  187    2.481782E-11
  188    2.455520E-11
  189    2.429672E-11
  190    2.404230E-11
  191    5.910914E-11
  192    5.849661E-11
  193    5.789355E-11
  194    5.729977E-11
  195    5.671508E-11
  196    5.613930E-11
  197    5.557223E-11
  198    5.501372E-11
  199    5.446358E-11
  200    5.392165E-11
  201    1.036295E-09
  202    1.026085E-09
  203    1.016026E-09
  204    1.006113E-09
  205    9.963452E-10
  206    9.867186E-10
  207    9.772310E-10
  208    9.678795E-10
  209    9.586616E-10
  210    9.495747E-10
  211    1.371242E-09
  212    1.358366E-09
  213    1.345671E-09
  214    1.333153E-09
  215    1.320809E-09
  216    1.308636E-09
  217    1.296630E-09
  218    1.284789E-09
  219    1.273109E-09
  220    1.261588E-09
  221    2.244346E-09
  222    2.224218E-09
  223    2.204359E-09
  224    2.184764E-09
  225    2.165430E-09
  226    2.146351E-09
  227    2.127524E-09
  228    2.108943E-09
  229    2.090604E-09
  230    2.072504E-09
  231    4.744905E-09
  232    4.704176E-09
  233    4.663969E-09
  234    4.624276E-09
  235    4.585087E-09
  236    4.546394E-09
  237    4.508189E-09
  238    4.470464E-09
  239    4.433210E-09
  240    4.396420E-09
  241    4.180482E-09
  242    4.146075E-09
  243    4.112090E-09
  244    4.078522E-09
  245    4.045364E-09
  246    4.012608E-09
  247    3.980248E-09
  248    3.948278E-09
  249    3.916692E-09
  250    3.885483E-09
  251    8.423782E-09
  252    8.357191E-09
  253    8.291386E-09
  254    8.226356E-09
  255    8.162088E-09
  256    8.098569E-09
  257    8.035790E-09
  258    7.973737E-09
  259    7.912401E-09
  260    7.851769E-09
  261    8.536424E-09
  262    8.471509E-09
  263    8.407330E-09
  264    8.343879E-09
  265    8.281143E-09
  266    8.219112E-09
  267    8.157775E-09
  268    8.097123E-09
  269    8.037144E-09
  270    7.977829E-09
  271    1.081369E-08
  272    1.073447E-08
  273    1.065611E-08
  274    1.057862E-08
  275    1.050196E-08
  276    1.042613E-08
  277    1.035112E-08
  278    1.027692E-08
  279    1.020352E-08
  280    1.013089E-08
  281    1.194908E-08
  282    1.186464E-08
  283    1.178108E-08
  284    1.169841E-08
  285    1.161660E-08
  286    1.153565E-08
  287    1.145554E-08
  288    1.137626E-08
  289    1.129781E-08
  290    1.122016E-08
  291    1.404464E-08
  292    1.394877E-08
  293    1.385388E-08
  294    1.375996E-08
  295    1.366699E-08
  296    1.357495E-08
  297    1.348385E-08
  298    1.339365E-08
  299    1.330436E-08
  300    1.321596E-08
  301    1.652795E-08
  302    1.641886E-08
  303    1.631084E-08
  304    1.620388E-08
  305    1.609797E-08
  306    1.599310E-08
  307    1.588925E-08
  308    1.578641E-08
  309    1.568456E-08
  310    1.558369E-08
  311    1.767105E-08
  312    1.755814E-08
  313    1.744630E-08
  314    1.733553E-08
  315    1.722581E-08
  316    1.711713E-08
  317    1.700948E-08
  318    1.690283E-08
  319    1.679719E-08
  320    1.669254E-08
  321    1.972869E-08
  322    1.960653E-08
  323    1.948550E-08
  324    1.936559E-08
  325    1.924678E-08
  326    1.912907E-08
  327    1.901243E-08
  328    1.889685E-08
  329    1.878232E-08
  330    1.866883E-08
  331    2.208621E-08
  332    2.195356E-08
  333    2.182210E-08
  334    2.169182E-08
  335    2.156270E-08
  336    2.143473E-08
  337    2.130790E-08
  338    2.118219E-08
  339    2.105759E-08
  340    2.093408E-08
  341    2.366818E-08
  342    2.353017E-08
  343    2.339337E-08
  344    2.325775E-08
  345    2.312332E-08
  346    2.299004E-08
  347    2.285791E-08
  348    2.272692E-08
  349    2.259705E-08
  350    2.246830E-08
  351    2.402564E-08
  352    2.388952E-08
  353    2.375455E-08
  354    2.362072E-08
  355    2.348802E-08
  356    2.335644E-08
  357    2.322596E-08
  358    2.309656E-08
  359    2.296825E-08
  360    2.284100E-08
  361    2.809891E-08
  362    2.794409E-08
  363    2.779055E-08
  364    2.763827E-08
  365    2.748725E-08
  366    2.733745E-08
  367    2.718888E-08
  368    2.704151E-08
  369    2.689534E-08
  370    2.675035E-08
  371    2.713889E-08
  372    2.699337E-08
  373    2.684902E-08
  374    2.670583E-08
  375    2.656377E-08
  376    2.642285E-08
  377    2.628305E-08
  378    2.614435E-08
  379    2.600675E-08
  380    2.587023E-08
  381    2.967484E-08
  382    2.951988E-08
  383    2.936613E-08
  384    2.921358E-08
  385    2.906222E-08
  386    2.891202E-08
  387    2.876299E-08
  388    2.861511E-08
  389    2.846837E-08
  390    2.832275E-08
  391    3.175126E-08
  392    3.158967E-08
  393    3.142932E-08
  394    3.127018E-08
  395    3.111225E-08
  396    3.095552E-08
  397    3.079996E-08
  398    3.064558E-08
  399    3.049235E-08
  400    3.034027E-08
  401    2.940473E-08
  402    2.925880E-08
  403    2.911396E-08
  404    2.897018E-08
  405    2.882747E-08
  406    2.868581E-08
  407    2.854520E-08
  408    2.840561E-08
  409    2.826705E-08
  410    2.812950E-08
  411    3.459355E-08
  412    3.442602E-08
  413    3.425971E-08
  414    3.409461E-08
  415    3.393069E-08
  416    3.376795E-08
  417    3.360638E-08
  418    3.344597E-08
  419    3.328671E-08
  420    3.312857E-08
  421    3.130247E-08
  422    3.115447E-08
  423    3.100751E-08
  424    3.086160E-08
  425    3.071671E-08
  426    3.057283E-08
  427    3.042997E-08
  428    3.028811E-08
  429    3.014723E-08
  430    3.000734E-08
  431    3.625344E-08
  432    3.608599E-08
  433    3.591969E-08
  434    3.575454E-08
  435    3.559053E-08
  436    3.542765E-08
  437    3.526588E-08
  438    3.510521E-08
  439    3.494564E-08
  440    3.478716E-08
  441    3.560710E-08
  442    3.544635E-08
  443    3.528668E-08
  444    3.512809E-08
  445    3.497056E-08
  446    3.481410E-08
  447    3.465868E-08
  448    3.450429E-08
  449    3.435094E-08
  450    3.419861E-08
  451    3.498436E-08
  452    3.482990E-08
  453    3.467647E-08
  454    3.452404E-08
  455    3.437262E-08
  456    3.422219E-08
  457    3.407275E-08
  458    3.392429E-08
  459    3.377679E-08
  460    3.363025E-08
  461    3.812354E-08
  462    3.795886E-08
  463    3.779524E-08
  464    3.763268E-08
  465    3.747117E-08
  466    3.731069E-08
  467    3.715125E-08
  468    3.699282E-08
  469    3.683540E-08
  470    3.667899E-08
  471    3.566642E-08
  472    3.551561E-08
  473    3.536576E-08
  474    3.521685E-08
  475    3.506888E-08
  476    3.492184E-08
  477    3.477572E-08
  478    3.463052E-08
  479    3.448623E-08
  480    3.434283E-08
  481    4.180665E-08
  482    4.163354E-08
  483    4.146150E-08
  484    4.129052E-08
  485    4.112060E-08
  486    4.095173E-08
  487    4.078389E-08
  488    4.061709E-08
  489    4.045130E-08
  490    4.028653E-08
  491    3.876853E-08
  492    3.861125E-08
  493    3.845493E-08
  494    3.829956E-08
  495    3.814513E-08
  496    3.799162E-08
  497    3.783905E-08
  498    3.768739E-08
  499    3.753664E-08
  500    3.738679E-08
  501    4.142918E-08
  502    4.126445E-08
  503    4.110071E-08
  504    4.093793E-08
  505    4.077612E-08
  506    4.061527E-08
  507    4.045537E-08
  508    4.029641E-08
  509    4.013838E-08
  510    3.998128E-08
  511    4.531913E-08
  512    4.514244E-08
  513    4.496679E-08
  514    4.479216E-08
  515    4.461855E-08
  516    4.444595E-08
  517    4.427434E-08
  518    4.410373E-08
  519    4.393410E-08
  520    4.376544E-08
  521    4.446642E-08
  522    4.429638E-08
  523    4.412731E-08
  524    4.395920E-08
  525    4.379206E-08
  526    4.362586E-08
  527    4.346062E-08
  528    4.329630E-08
  529    4.313292E-08
  530    4.297046E-08
  531    5.135304E-08
  532    5.116035E-08
  533    5.096874E-08
  534    5.077820E-08
  535    5.058873E-08
  536    5.040032E-08
  537    5.021295E-08
  538    5.002664E-08
  539    4.984135E-08
  540    4.965709E-08
  541    4.956641E-08
  542    4.938385E-08
  543    4.920229E-08
  544    4.902173E-08
  545    4.884216E-08
  546    4.866358E-08
  547    4.848598E-08
  548    4.830934E-08
  549    4.813367E-08
  550    4.795896E-08
  551    5.735505E-08
  552    5.714762E-08
  553    5.694131E-08
  554    5.673612E-08
  555    5.653203E-08
  556    5.632904E-08
  557    5.612715E-08
  558    5.592633E-08
  559    5.572660E-08
  560    5.552793E-08
  561    6.041330E-08
  562    6.019869E-08
  563    5.998522E-08
  564    5.977288E-08
  565    5.956167E-08
  566    5.935158E-08
  567    5.914259E-08
  568    5.893471E-08
  569    5.872792E-08
  570    5.852222E-08
  571    6.369102E-08
  572    6.346871E-08
  573    6.324756E-08
  574    6.302757E-08
  575    6.280873E-08
  576    6.259102E-08
  577    6.237444E-08
  578    6.215899E-08
  579    6.194464E-08
  580    6.173141E-08
  581    7.204539E-08
  582    7.179824E-08
  583    7.155235E-08
  584    7.130773E-08
  585    7.106436E-08
  586    7.082223E-08
  587    7.058134E-08
  588    7.034168E-08
  589    7.010323E-08
  590    6.986599E-08
  591    7.898767E-08
  592    7.872127E-08
  593    7.845622E-08
  594    7.819250E-08
  595    7.793011E-08
  596    7.766904E-08
  597    7.740927E-08
  598    7.715081E-08
  599    7.689364E-08
  600    7.663776E-08
  601    8.985673E-08
  602    8.955869E-08
  603    8.926214E-08
  604    8.896706E-08
  605    8.867344E-08
  606    8.838127E-08
  607    8.809054E-08
  608    8.780125E-08
  609    8.751337E-08
  610    8.722691E-08
  611    9.541159E-08
  612    9.510030E-08
  613    9.479053E-08
  614    9.448226E-08
  615    9.417550E-08
  616    9.387023E-08
  617    9.356645E-08
  618    9.326413E-08
  619    9.296328E-08
  620    9.266388E-08
  621    1.136197E-07
  622    1.132550E-07
  623    1.128920E-07
  624    1.125307E-07
  625    1.121712E-07
  626    1.118134E-07
  627    1.114573E-07
  628    1.111029E-07
  629    1.107502E-07
  630    1.103992E-07
  631    1.246390E-07
  632    1.242452E-07
  633    1.238532E-07
  634    1.234631E-07
  635    1.230749E-07
  636    1.226885E-07
  637    1.223039E-07
  638    1.219211E-07
  639    1.215401E-07
  640    1.211609E-07
  641    1.401886E-07
  642    1.397526E-07
  643    1.393186E-07
  644    1.388866E-07
  645    1.384566E-07
  646    1.380286E-07
  647    1.376026E-07
  648    1.371785E-07
  649    1.367565E-07
  650    1.363363E-07
  651    1.641591E-07
  652    1.636564E-07
  653    1.631559E-07
  654    1.626577E-07
  655    1.621618E-07
  656    1.616681E-07
  657    1.611768E-07
  658    1.606876E-07
  659    1.602007E-07
  660    1.597159E-07
  661    1.806899E-07
  662    1.801448E-07
  663    1.796022E-07
  664    1.790621E-07
  665    1.785243E-07
  666    1.779890E-07
  667    1.774561E-07
  668    1.769256E-07
  669    1.763975E-07
  670    1.758717E-07
  671    2.164704E-07
  672    2.158271E-07
  673    2.151867E-07
  674    2.145491E-07
  675    2.139144E-07
  676    2.132824E-07
  677    2.126533E-07
  678    2.120269E-07
  679    2.114033E-07
  680    2.107824E-07
  681    2.346583E-07
  682    2.339712E-07
  683    2.332871E-07
  684    2.326059E-07
  685    2.319278E-07
  686    2.312526E-07
  687    2.305803E-07
  688    2.299110E-07
  689    2.292446E-07
  690    2.285811E-07
  691    2.636671E-07
  692    2.629062E-07
  693    2.621485E-07
  694    2.613942E-07
  695    2.606430E-07
  696    2.598951E-07
  697    2.591504E-07
  698    2.584090E-07
  699    2.576706E-07
  700    2.569355E-07
  701    2.911819E-07
  702    2.903535E-07
  703    2.895286E-07
  704    2.887073E-07
  705    2.878894E-07
  706    2.870750E-07
  707    2.862641E-07
  708    2.854565E-07
  709    2.846524E-07
  710    2.838517E-07
  711    3.197398E-07
  712    3.188430E-07
  713    3.179498E-07
  714    3.170605E-07
  715    3.161748E-07
  716    3.152929E-07
  717    3.144146E-07
  718    3.135400E-07
  719    3.126691E-07
  720    3.118018E-07
  721    3.698432E-07
  722    3.688201E-07
  723    3.678012E-07
  724    3.667866E-07
  725    3.657762E-07
  726    3.647699E-07
  727    3.637678E-07
  728    3.627698E-07
  729    3.617759E-07
  730    3.607861E-07
  731    4.067807E-07
  732    4.056708E-07
  733    4.045654E-07
  734    4.034645E-07
  735    4.023682E-07
  736    4.012762E-07
  737    4.001888E-07
  738    3.991057E-07
  739    3.980271E-07
  740    3.969528E-07
  741    4.817144E-07
  742    4.804177E-07
  743    4.791263E-07
  744    4.778400E-07
  745    4.765590E-07
  746    4.752830E-07
  747    4.740122E-07
  748    4.727465E-07
  749    4.714859E-07
  750    4.702302E-07
  751    5.208483E-07
  752    5.194649E-07
  753    5.180870E-07
  754    5.167146E-07
  755    5.153476E-07
  756    5.139860E-07
  757    5.126299E-07
  758    5.112791E-07
  759    5.099336E-07
  760    5.085934E-07
  761    5.840482E-07
  762    5.825173E-07
  763    5.809924E-07
  764    5.794734E-07
  765    5.779605E-07
  766    5.764534E-07
  767    5.749522E-07
  768    5.734569E-07
  769    5.719674E-07
  770    5.704837E-07
  771    6.638565E-07
  772    6.621389E-07
  773    6.604279E-07
  774    6.587236E-07
  775    6.570258E-07
  776    6.553346E-07
  777    6.536500E-07
  778    6.519718E-07
  779    6.503001E-07
  780    6.486348E-07
  781    7.014516E-07
  782    6.996599E-07
  783    6.978751E-07
  784    6.960971E-07
  785    6.943258E-07
  786    6.925613E-07
  787    6.908036E-07
  788    6.890525E-07
  789    6.873080E-07
  790    6.855702E-07
  791    8.008513E-07
  792    7.988315E-07
  793    7.968194E-07
  794    7.948148E-07
  795    7.928178E-07
  796    7.908283E-07
  797    7.888462E-07
  798    7.868716E-07
  799    7.849045E-07
  800    7.829447E-07
  801    8.350411E-07
  802    8.329613E-07
  803    8.308893E-07
  804    8.288249E-07
  805    8.267683E-07
  806    8.247193E-07
  807    8.226779E-07
  808    8.206441E-07
  809    8.186178E-07
  810    8.165990E-07
  811    9.058810E-07
  812    9.036525E-07
  813    9.014322E-07
  814    8.992201E-07
  815    8.970161E-07
  816    8.948202E-07
  817    8.926324E-07
  818    8.904526E-07
  819    8.882808E-07
  820    8.861169E-07
  821    1.015570E-06
  822    1.013102E-06
  823    1.010643E-06
  824    1.008193E-06
  825    1.005752E-06
  826    1.003320E-06
  827    1.000896E-06
  828    9.984815E-07
  829    9.960755E-07
  830    9.936783E-07
  831    1.059249E-06
  832    1.056706E-06
  833    1.054172E-06
  834    1.051647E-06
  835    1.049131E-06
  836    1.046624E-06
  837    1.044127E-06
  838    1.041638E-06
  839    1.039157E-06
  840    1.036686E-06
  841    1.223030E-06
  842    1.220129E-06
  843    1.217238E-06
  844    1.214357E-06
  845    1.211486E-06
  846    1.208625E-06
  847    1.205775E-06
  848    1.202934E-06
  849    1.200104E-06
  850    1.197283E-06
  851    1.226334E-06
  852    1.223459E-06
  853    1.220593E-06
  854    1.217738E-06
  855    1.214893E-06
  856    1.212058E-06
  857    1.209232E-06
  858    1.206417E-06
  859    1.203611E-06
  860    1.200816E-06
  861    1.363360E-06
  862    1.360201E-06
  863    1.357052E-06
  864    1.353915E-06
  865    1.350788E-06
  866    1.347672E-06
  867    1.344566E-06
  868    1.341472E-06
  869    1.338388E-06
  870    1.335315E-06
  871    1.506957E-06
  872    1.503505E-06
  873    1.500064E-06
  874    1.496636E-06
  875    1.493219E-06
  876    1.489813E-06
  877    1.486420E-06
  878    1.483038E-06
  879    1.479667E-06
  880    1.476308E-06
  881    1.525199E-06
  882    1.521745E-06
  883    1.518302E-06
  884    1.514871E-06
  885    1.511451E-06
  886    1.508043E-06
  887    1.504647E-06
  888    1.501262E-06
  889    1.497888E-06
  890    1.494526E-06
  891    1.768437E-06
  892    1.764477E-06
  893    1.760529E-06
  894    1.756595E-06
  895    1.752674E-06
  896    1.748766E-06
  897    1.744871E-06
  898    1.740990E-06
  899    1.737121E-06
  900    1.733265E-06
  901    1.751494E-06
  902    1.747615E-06
  903    1.743749E-06
  904    1.739895E-06
  905    1.736054E-06
  906    1.732226E-06
  907    1.728410E-06
  908    1.724608E-06
  909    1.720817E-06
  910    1.717039E-06
  911    1.891003E-06
  912    1.886860E-06
  913    1.882731E-06
  914    1.878616E-06
  915    1.874514E-06
  916    1.870426E-06
  917    1.866351E-06
  918    1.862289E-06
  919    1.858241E-06
  920    1.854206E-06
  921    2.050264E-06
  922    2.045821E-06
  923    2.041393E-06
  924    2.036979E-06
  925    2.032580E-06
  926    2.028195E-06
  927    2.023823E-06
  928    2.019466E-06
  929    2.015124E-06
  930    2.010795E-06
  931    2.081037E-06
  932    2.076576E-06
  933    2.072130E-06
  934    2.067697E-06
  935    2.063279E-06
  936    2.058875E-06
  937    2.054485E-06
  938    2.050109E-06
  939    2.045747E-06
  940    2.041399E-06
  941    2.407718E-06
  942    2.402612E-06
  943    2.397521E-06
  944    2.392447E-06
  945    2.387389E-06
  946    2.382347E-06
  947    2.377321E-06
  948    2.372311E-06
  949    2.367317E-06
  950    2.362338E-06
  951    2.381454E-06
  952    2.376456E-06
  953    2.371474E-06
  954    2.366507E-06
  955    2.361556E-06
  956    2.356621E-06
  957    2.351701E-06
  958    2.346797E-06
  959    2.341908E-06
  960    2.337034E-06
  961    2.672194E-06
  962    2.666644E-06
  963    2.661112E-06
  964    2.655596E-06
  965    2.650098E-06
  966    2.644617E-06
  967    2.639153E-06
  968    2.633706E-06
  969    2.628276E-06
  970    2.622862E-06
  971    2.805223E-06
  972    2.799457E-06
  973    2.793709E-06
  974    2.787978E-06
  975    2.782265E-06
  976    2.776570E-06
  977    2.770891E-06
  978    2.765231E-06
  979    2.759587E-06
  980    2.753961E-06
  981    2.884845E-06
  982    2.878975E-06
  983    2.873123E-06
  984    2.867290E-06
  985    2.861474E-06
  986    2.855675E-06
  987    2.849895E-06
  988    2.844131E-06
  989    2.838386E-06
  990    2.832657E-06
  991    3.216231E-06
  992    3.209753E-06
  993    3.203294E-06
  994    3.196856E-06
  995    3.190436E-06
  996    3.184036E-06
  997    3.177655E-06
  998    3.171294E-06
  999    3.164951E-06
 1000    3.158628E-06
 1001    2.980780E-06
 1002    2.974836E-06
 1003    2.968910E-06
 1004    2.963002E-06
 1005    2.957111E-06
 1006    2.951238E-06
 1007    2.945383E-06
 1008    2.939544E-06
 1009    2.933723E-06
 1010    2.927920E-06
 1011    3.361723E-06
 1012    3.355086E-06
 1013    3.348469E-06
 1014    3.341871E-06
 1015    3.335292E-06
 1016    3.328733E-06
 1017    3.322193E-06
 1018    3.315673E-06
 1019    3.309172E-06
 1020    3.302689E-06
 1021    3.433266E-06
 1022    3.426554E-06
 1023    3.419862E-06
 1024    3.413189E-06
 1025    3.406535E-06
 1026    3.399901E-06
 1027    3.393287E-06
 1028    3.386692E-06
 1029    3.380115E-06
 1030    3.373559E-06
 1031    3.545990E-06
 1032    3.539124E-06
 1033    3.532279E-06
 1034    3.525453E-06
 1035    3.518647E-06
 1036    3.511861E-06
 1037    3.505094E-06
 1038    3.498347E-06
 1039    3.491620E-06
 1040    3.484912E-06
 1041    3.818951E-06
 1042    3.811628E-06
 1043    3.804326E-06
 1044    3.797045E-06
 1045    3.789785E-06
 1046    3.782546E-06
 1047    3.775327E-06
 1048    3.768129E-06
 1049    3.760952E-06
 1050    3.753795E-06
 1051    3.712361E-06
 1052    3.705310E-06
 1053    3.698279E-06
 1054    3.691268E-06
 1055    3.684277E-06
 1056    3.677306E-06
 1057    3.670354E-06
 1058    3.663423E-06
 1059    3.656511E-06
 1060    3.649618E-06
 1061    4.198433E-06
 1062    4.190534E-06
 1063    4.182657E-06
 1064    4.174802E-06
 1065    4.166970E-06
 1066    4.159159E-06
 1067    4.151370E-06
 1068    4.143603E-06
 1069    4.135858E-06
 1070    4.128135E-06
 1071    4.224806E-06
 1072    4.216931E-06
 1073    4.209078E-06
 1074    4.201247E-06
 1075    4.193438E-06
 1076    4.185651E-06
 1077    4.177885E-06
 1078    4.170141E-06
 1079    4.162419E-06
 1080    4.154718E-06
 1081    4.435525E-06
 1082    4.427334E-06
 1083    4.419165E-06
 1084    4.411019E-06
 1085    4.402896E-06
 1086    4.394795E-06
 1087    4.386716E-06
 1088    4.378660E-06
 1089    4.370625E-06
 1090    4.362613E-06
 1091    4.557249E-06
 1092    4.548910E-06
 1093    4.540594E-06
 1094    4.532301E-06
 1095    4.524030E-06
 1096    4.515782E-06
 1097    4.507557E-06
 1098    4.499354E-06
 1099    4.491173E-06
 1100    4.483015E-06
 1101    4.589371E-06
 1102    4.581049E-06
 1103    4.572750E-06
 1104    4.564474E-06
 1105    4.556220E-06
 1106    4.547988E-06
 1107    4.539779E-06
 1108    4.531592E-06
 1109    4.523427E-06
 1110    4.515284E-06
 1111    4.771066E-06
 1112    4.762492E-06
 1113    4.753942E-06
 1114    4.745415E-06
 1115    4.736910E-06
 1116    4.728429E-06
 1117    4.719970E-06
 1118    4.711534E-06
 1119    4.703121E-06
 1120    4.694730E-06
 1121    4.902170E-06
 1122    4.893440E-06
 1123    4.884733E-06
 1124    4.876049E-06
 1125    4.867388E-06
 1126    4.858750E-06
 1127    4.850135E-06
 1128    4.841543E-06
 1129    4.832974E-06
 1130    4.824428E-06
 1131    5.049977E-06
 1132    5.041062E-06
 1133    5.032171E-06
 1134    5.023304E-06
 1135    5.014460E-06
 1136    5.005640E-06
 1137    4.996843E-06
 1138    4.988068E-06
 1139    4.979317E-06
 1140    4.970589E-06
 1141    5.196785E-06
 1142    5.187692E-06
 1143    5.178622E-06
 1144    5.169577E-06
 1145    5.160555E-06
 1146    5.151556E-06
 1147    5.142582E-06
 1148    5.133630E-06
 1149    5.124702E-06
 1150    5.115797E-06
 1151    5.173602E-06
 1152    5.164627E-06
 1153    5.155677E-06
 1154    5.146749E-06
 1155    5.137845E-06
 1156    5.128963E-06
 1157    5.120105E-06
 1158    5.111270E-06
 1159    5.102457E-06
 1160    5.093667E-06
 1161    5.205144E-06
 1162    5.196193E-06
 1163    5.187264E-06
 1164    5.178359E-06
 1165    5.169477E-06
 1166    5.160618E-06
 1167    5.151781E-06
 1168    5.142967E-06
 1169    5.134176E-06
 1170    5.125407E-06
 1171    5.337276E-06
 1172    5.328176E-06
 1173    5.319099E-06
 1174    5.310045E-06
 1175    5.301015E-06
 1176    5.292007E-06
 1177    5.283022E-06
 1178    5.274061E-06
 1179    5.265121E-06
 1180    5.256205E-06
 1181    5.782028E-06
 1182    5.772252E-06
 1183    5.762502E-06
 1184    5.752776E-06
 1185    5.743075E-06
 1186    5.733399E-06
 1187    5.723746E-06
 1188    5.714119E-06
 1189    5.704515E-06
 1190    5.694936E-06
 1191    5.786938E-06
 1192    5.777237E-06
 1193    5.767560E-06
 1194    5.757907E-06
 1195    5.748278E-06
 1196    5.738674E-06
 1197    5.729093E-06
 1198    5.719537E-06
 1199    5.710004E-06
 1200    5.700496E-06
 1201    5.912005E-06
 1202    5.902176E-06
 1203    5.892372E-06
 1204    5.882592E-06
 1205    5.872837E-06
 1206    5.863105E-06
 1207    5.853398E-06
 1208    5.843715E-06
 1209    5.834056E-06
 1210    5.824421E-06
 1211    5.936820E-06
 1212    5.927032E-06
 1213    5.917267E-06
 1214    5.907527E-06
 1215    5.897810E-06
 1216    5.888118E-06
 1217    5.878450E-06
 1218    5.868805E-06
 1219    5.859184E-06
 1220    5.849587E-06
 1221    6.042685E-06
 1222    6.032803E-06
 1223    6.022946E-06
 1224    6.013112E-06
 1225    6.003303E-06
 1226    5.993518E-06
 1227    5.983756E-06
 1228    5.974019E-06
 1229    5.964305E-06
 1230    5.954615E-06
 1231    6.550312E-06
 1232    6.539687E-06
 1233    6.529088E-06
 1234    6.518514E-06
 1235    6.507967E-06
 1236    6.497444E-06
 1237    6.486948E-06
 1238    6.476477E-06
 1239    6.466031E-06
 1240    6.455610E-06
 1241    6.411784E-06
 1242    6.401467E-06
 1243    6.391175E-06
 1244    6.380908E-06
 1245    6.370666E-06
 1246    6.360448E-06
 1247    6.350255E-06
 1248    6.340087E-06
 1249    6.329943E-06
 1250    6.319823E-06
 1251    6.562214E-06
 1252    6.551740E-06
 1253    6.541291E-06
 1254    6.530866E-06
 1255    6.520467E-06
 1256    6.510092E-06
 1257    6.499742E-06
 1258    6.489417E-06
 1259    6.479116E-06
 1260    6.468840E-06
 1261    6.320809E-06
 1262    6.310800E-06
 1263    6.300815E-06
 1264    6.290853E-06
 1265    6.280915E-06
 1266    6.271000E-06
 1267    6.261109E-06
 1268    6.251241E-06
 1269    6.241397E-06
 1270    6.231575E-06
 1271    6.973687E-06
 1272    6.962731E-06
 1273    6.951800E-06
 1274    6.940896E-06
 1275    6.930017E-06
 1276    6.919163E-06
 1277    6.908335E-06
 1278    6.897532E-06
 1279    6.886755E-06
 1280    6.876003E-06
 1281    7.227236E-06
 1282    7.215970E-06
 1283    7.204730E-06
 1284    7.193517E-06
 1285    7.182329E-06
 1286    7.171168E-06
 1287    7.160033E-06
 1288    7.148923E-06
 1289    7.137840E-06
 1290    7.126782E-06
 1291    7.174570E-06
 1292    7.163473E-06
 1293    7.152401E-06
 1294    7.141355E-06
 1295    7.130334E-06
 1296    7.119339E-06
 1297    7.108369E-06
 1298    7.097425E-06
 1299    7.086506E-06
 1300    7.075612E-06
 1301    7.172865E-06
 1302    7.161855E-06
 1303    7.150871E-06
 1304    7.139911E-06
 1305    7.128977E-06
 1306    7.118069E-06
 1307    7.107185E-06
 1308    7.096326E-06
 1309    7.085492E-06
 1310    7.074682E-06
 1311    7.587899E-06
 1312    7.576340E-06
 1313    7.564809E-06
 1314    7.553303E-06
 1315    7.541824E-06
 1316    7.530371E-06
 1317    7.518944E-06
 1318    7.507543E-06
 1319    7.496168E-06
 1320    7.484819E-06
 1321    8.252503E-06
 1322    8.240028E-06
 1323    8.227581E-06
 1324    8.215162E-06
 1325    8.202771E-06
 1326    8.190408E-06
 1327    8.178073E-06
 1328    8.165766E-06
 1329    8.153487E-06
 1330    8.141235E-06
 1331    8.186691E-06
 1332    8.174408E-06
 1333    8.162152E-06
 1334    8.149924E-06
 1335    8.137724E-06
 1336    8.125551E-06
 1337    8.113405E-06
 1338    8.101286E-06
 1339    8.089195E-06
 1340    8.077130E-06
 1341    8.195119E-06
 1342    8.182915E-06
 1343    8.170738E-06
 1344    8.158588E-06
 1345    8.146465E-06
 1346    8.134369E-06
 1347    8.122301E-06
 1348    8.110259E-06
 1349    8.098243E-06
 1350    8.086255E-06
 1351    8.718545E-06
 1352    8.705657E-06
 1353    8.692798E-06
 1354    8.679967E-06
 1355    8.667165E-06
 1356    8.654391E-06
 1357    8.641645E-06
 1358    8.628927E-06
 1359    8.616238E-06
 1360    8.603576E-06
 1361    8.112434E-06
 1362    8.100530E-06
 1363    8.088652E-06
 1364    8.076801E-06
 1365    8.064975E-06
 1366    8.053176E-06
 1367    8.041402E-06
 1368    8.029654E-06
 1369    8.017932E-06
 1370    8.006236E-06
 1371    9.043325E-06
 1372    9.030152E-06
 1373    9.017008E-06
 1374    9.003892E-06
 1375    8.990805E-06
 1376    8.977747E-06
 1377    8.964717E-06
 1378    8.951715E-06
 1379    8.938741E-06
 1380    8.925796E-06
 1381    1.163992E-05
 1382    1.162309E-05
 1383    1.160630E-05
 1384    1.158954E-05
 1385    1.157281E-05
 1386    1.155612E-05
 1387    1.153947E-05
 1388    1.152286E-05
 1389    1.150628E-05
 1390    1.148973E-05
 1391    1.225987E-05
 1392    1.224227E-05
 1393    1.222471E-05
 1394    1.220718E-05
 1395    1.218969E-05
 1396    1.217224E-05
 1397    1.215483E-05
 1398    1.213745E-05
 1399    1.212011E-05
 1400    1.210281E-05
 1401    1.154182E-05
 1402    1.152537E-05
 1403    1.150895E-05
 1404    1.149257E-05
 1405    1.147622E-05
 1406    1.145991E-05
 1407    1.144363E-05
 1408    1.142738E-05
 1409    1.141118E-05
 1410    1.139500E-05
 1411    1.381085E-05
 1412    1.379130E-05
 1413    1.377179E-05
 1414    1.375233E-05
 1415    1.373290E-05
 1416    1.371352E-05
 1417    1.369418E-05
 1418    1.367488E-05
 1419    1.365562E-05
 1420    1.363640E-05
 1421    1.816341E-05
 1422    1.813788E-05
 1423    1.811241E-05
 1424    1.808699E-05
 1425    1.806162E-05
 1426    1.803631E-05
 1427    1.801105E-05
 1428    1.798584E-05
 1429    1.796068E-05
 1430    1.793558E-05
 1431    1.541270E-05
 1432    1.539118E-05
 1433    1.536972E-05
 1434    1.534830E-05
 1435    1.532692E-05
 1436    1.530559E-05
 1437    1.528430E-05
 1438    1.526306E-05
 1439    1.524186E-05
 1440    1.522071E-05
 1441    9.045038E-06
 1442    9.032502E-06
 1443    9.019992E-06
 1444    9.007507E-06
 1445    8.995049E-06
 1446    8.982616E-06
 1447    8.970209E-06
 1448    8.957828E-06
 1449    8.945472E-06
 1450    8.933142E-06
 1451    2.004153E-06
 1452    2.001394E-06
 1453    1.998641E-06
 1454    1.995894E-06
 1455    1.993152E-06
 1456    1.990416E-06
 1457    1.987686E-06
 1458    1.984961E-06
 1459    1.982242E-06
 1460    1.979529E-06
 1461   -4.054691E-06
 1462   -4.049148E-06
 1463   -4.043617E-06
 1464   -4.038096E-06
 1465   -4.032587E-06
 1466   -4.027089E-06
 1467   -4.021603E-06
 1468   -4.016128E-06
 1469   -4.010664E-06
 1470   -4.005211E-06
 1471   -3.732533E-06
 1472   -3.727465E-06
 1473   -3.722407E-06
 1474   -3.717360E-06
 1475   -3.712323E-06
 1476   -3.707296E-06
 1477   -3.702279E-06
 1478   -3.697273E-06
 1479   -3.692276E-06
 1480   -3.687290E-06
 1481    2.663126E-05
 1482    2.659535E-05
 1483    2.655951E-05
 1484    2.652374E-05
 1485    2.648804E-05
 1486    2.645241E-05
 1487    2.641686E-05
 1488    2.638137E-05
 1489    2.634596E-05
 1490    2.631062E-05
 1491    8.834573E-05
 1492    8.822738E-05
 1493    8.810927E-05
 1494    8.799140E-05
 1495    8.787377E-05
 1496    8.775637E-05
 1497    8.763920E-05
 1498    8.752227E-05
 1499    8.740558E-05
 1500    8.728911E-05
 1501    1.584419E-04
 1502    1.582310E-04
 1503    1.580206E-04
 1504    1.578106E-04
 1505    1.576011E-04
 1506    1.573919E-04
 1507    1.571832E-04
 1508    1.569748E-04
 1509    1.567669E-04
 1510    1.565594E-04
 1511    2.101134E-04
 1512    2.098357E-04
 1513    2.095585E-04
 1514    2.092818E-04
 1515    2.090057E-04
 1516    2.087302E-04
 1517    2.084552E-04
 1518    2.081807E-04
 1519    2.079068E-04
 1520    2.076334E-04
 1521    2.551393E-04
 1522    2.548042E-04
 1523    2.544699E-04
 1524    2.541361E-04
 1525    2.538030E-04
 1526    2.534706E-04
 1527    2.531389E-04
 1528    2.528077E-04
 1529    2.524773E-04
 1530    2.521475E-04
 1531    8.308624E-05
 1532    8.297784E-05
 1533    8.286966E-05
 1534    8.276168E-05
 1535    8.265392E-05
 1536    8.254637E-05
 1537    8.243903E-05
 1538    8.233189E-05
 1539    8.222497E-05
 1540    8.211825E-05
 1541   -5.595917E-04
 1542   -5.588664E-04
 1543   -5.581425E-04
 1544   -5.574200E-04
 1545   -5.566989E-04
 1546   -5.559792E-04
 1547   -5.552608E-04
 1548   -5.545439E-04
 1549   -5.538284E-04
 1550   -5.531142E-04
 1551   -1.490403E-03
 1552   -1.488484E-03
 1553   -1.486568E-03
 1554   -1.484656E-03
 1555   -1.482748E-03
 1556   -1.480843E-03
 1557   -1.478942E-03
 1558   -1.477045E-03
 1559   -1.475151E-03
 1560   -1.473261E-03
 1561   -1.981078E-03
 1562   -1.978543E-03
 1563   -1.976013E-03
 1564   -1.973488E-03
 1565   -1.970967E-03
 1566   -1.968452E-03
 1567   -1.965941E-03
 1568   -1.963435E-03
 1569   -1.960934E-03
 1570   -1.958437E-03
 1571   -1.815829E-03
 1572   -1.813521E-03
 1573   -1.811216E-03
 1574   -1.808916E-03
 1575   -1.806621E-03
 1576   -1.804329E-03
 1577   -1.802043E-03
 1578   -1.799760E-03
 1579   -1.797482E-03
 1580   -1.795208E-03
 1581   -8.199643E-05
 1582   -8.189283E-05
 1583   -8.178943E-05
 1584   -8.168623E-05
 1585   -8.158322E-05
 1586   -8.148040E-05
 1587   -8.137778E-05
 1588   -8.127536E-05
 1589   -8.117312E-05
 1590   -8.107108E-05
 1591    6.087043E-03
 1592    6.079401E-03
 1593    6.071773E-03
 1594    6.064159E-03
 1595    6.056560E-03
 1596    6.048975E-03
 1597    6.041405E-03
 1598    6.033848E-03
 1599    6.026306E-03
 1600    6.018778E-03
 1601    1.619488E-02
 1602    1.617468E-02
 1603    1.615451E-02
 1604    1.613438E-02
 1605    1.611429E-02
 1606    1.609423E-02
 1607    1.607422E-02
 1608    1.605424E-02
 1609    1.603429E-02
 1610    1.601439E-02
 1611    2.245060E-02
 1612    2.242277E-02
 1613    2.239498E-02
 1614    2.236725E-02
 1615    2.233956E-02
 1616    2.231193E-02
 1617    2.228435E-02
 1618    2.225683E-02
 1619    2.222935E-02
 1620    2.220192E-02
 1621    2.350245E-02
 1622    2.347349E-02
 1623    2.344458E-02
 1624    2.341572E-02
 1625    2.338692E-02
 1626    2.335817E-02
 1627    2.332948E-02
 1628    2.330084E-02
 1629    2.327225E-02
 1630    2.324371E-02
 1631    2.203432E-02
 1632    2.200733E-02
 1633    2.198039E-02
 1634    2.195351E-02
 1635    2.192667E-02
 1636    2.189988E-02
 1637    2.187314E-02
 1638    2.184645E-02
 1639    2.181981E-02
 1640    2.179321E-02
 1641    1.630939E-02
 1642    1.628954E-02
 1643    1.626972E-02
 1644    1.624994E-02
 1645    1.623020E-02
 1646    1.621049E-02
 1647    1.619082E-02
 1648    1.617118E-02
 1649    1.615158E-02
 1650    1.613201E-02
 1651    5.764300E-03
 1652    5.757326E-03
 1653    5.750364E-03
 1654    5.743415E-03
 1655    5.736478E-03
 1656    5.729554E-03
 1657    5.722643E-03
 1658    5.715744E-03
 1659    5.708858E-03
 1660    5.701984E-03
 1661   -3.828376E-04
 1662   -3.823771E-04
 1663   -3.819176E-04
 1664   -3.814588E-04
 1665   -3.810009E-04
 1666   -3.805438E-04
 1667   -3.800875E-04
 1668   -3.796320E-04
 1669   -3.791773E-04
 1670   -3.787235E-04
 1671   -2.094622E-03
 1672   -2.092118E-03
 1673   -2.089618E-03
 1674   -2.087123E-03
 1675   -2.084633E-03
 1676   -2.082146E-03
 1677   -2.079665E-03
 1678   -2.077187E-03
 1679   -2.074715E-03
 1680   -2.072246E-03
 1681   -2.231512E-03
 1682   -2.228860E-03
 1683   -2.226213E-03
 1684   -2.223571E-03
 1685   -2.220933E-03
 1686   -2.218300E-03
 1687   -2.215672E-03
 1688   -2.213048E-03
 1689   -2.210429E-03
 1690   -2.207815E-03
 1691   -1.741861E-03
 1692   -1.739803E-03
 1693   -1.737749E-03
 1694   -1.735698E-03
 1695   -1.733652E-03
 1696   -1.731608E-03
 1697   -1.729569E-03
 1698   -1.727533E-03
 1699   -1.725500E-03
 1700   -1.723472E-03
 1701   -6.507424E-04
 1702   -6.499781E-04
 1703   -6.492152E-04
 1704   -6.484537E-04
 1705   -6.476935E-04
 1706   -6.469346E-04
 1707   -6.461771E-04
 1708   -6.454209E-04
 1709   -6.446660E-04
 1710   -6.439125E-04
 1711    2.231484E-05
 1712    2.228879E-05
 1713    2.226278E-05
 1714    2.223682E-05
 1715    2.221090E-05
 1716    2.218503E-05
 1717    2.215920E-05
 1718    2.213342E-05
 1719    2.210768E-05
 1720    2.208199E-05
 1721    1.985370E-04
 1722    1.983066E-04
 1723    1.980765E-04
 1724    1.978469E-04
 1725    1.976176E-04
 1726    1.973887E-04
 1727    1.971603E-04
 1728    1.969322E-04
 1729    1.967046E-04
 1730    1.964773E-04
 1731    1.745681E-04
 1732    1.743667E-04
 1733    1.741656E-04
 1734    1.739648E-04
 1735    1.737644E-04
 1736    1.735643E-04
 1737    1.733646E-04
 1738    1.731652E-04
 1739    1.729661E-04
 1740    1.727674E-04
 1741    1.161046E-04
 1742    1.159714E-04
 1743    1.158384E-04
 1744    1.157056E-04
 1745    1.155731E-04
 1746    1.154408E-04
 1747    1.153087E-04
 1748    1.151769E-04
 1749    1.150452E-04
 1750    1.149138E-04
 1751    4.198686E-05
 1752    4.193895E-05
 1753    4.189113E-05
 1754    4.184339E-05
 1755    4.179574E-05
 1756    4.174816E-05
 1757    4.170067E-05
 1758    4.165325E-05
 1759    4.160592E-05
 1760    4.155867E-05
 1761   -1.860437E-05
 1762   -1.858326E-05
 1763   -1.856219E-05
 1764   -1.854116E-05
 1765   -1.852016E-05
 1766   -1.849920E-05
 1767   -1.847827E-05
 1768   -1.845738E-05
 1769   -1.843653E-05
 1770   -1.841571E-05
 1771   -4.594750E-05
 1772   -4.589567E-05
 1773   -4.584393E-05
 1774   -4.579228E-05
 1775   -4.574071E-05
 1776   -4.568923E-05
 1777   -4.563783E-05
 1778   -4.558653E-05
 1779   -4.553531E-05
 1780   -4.548417E-05
 1781   -4.593933E-05
 1782   -4.588780E-05
 1783   -4.583635E-05
 1784   -4.578500E-05
 1785   -4.573373E-05
 1786   -4.568254E-05
 1787   -4.563144E-05
 1788   -4.558043E-05
 1789   -4.552950E-05
 1790   -4.547866E-05
 1791   -3.572569E-05
 1792   -3.568584E-05
 1793   -3.564606E-05
 1794   -3.560634E-05
 1795   -3.556669E-05
 1796   -3.552711E-05
 1797   -3.548759E-05
 1798   -3.544814E-05
 1799   -3.540875E-05
 1800   -3.536943E-05
 1801   -2.190292E-05
 1802   -2.187863E-05
 1803   -2.185437E-05
 1804   -2.183016E-05
 1805   -2.180598E-05
 1806   -2.178185E-05
 1807   -2.175775E-05
 1808   -2.173370E-05
 1809   -2.170968E-05
 1810   -2.168571E-05
 1811   -1.197254E-05
 1812   -1.195933E-05
 1813   -1.194615E-05
 1814   -1.193298E-05
 1815   -1.191984E-05
 1816   -1.190672E-05
 1817   -1.189362E-05
 1818   -1.188054E-05
 1819   -1.186749E-05
 1820   -1.185445E-05
 1821   -8.386287E-06
 1822   -8.377086E-06
 1823   -8.367901E-06
 1824   -8.358731E-06
 1825   -8.349575E-06
 1826   -8.340435E-06
 1827   -8.331310E-06
 1828   -8.322200E-06
 1829   -8.313104E-06
 1830   -8.304024E-06
 1831   -1.091539E-05
 1832   -1.090348E-05
 1833   -1.089159E-05
 1834   -1.087972E-05
 1835   -1.086787E-05
 1836   -1.085604E-05
 1837   -1.084422E-05
 1838   -1.083243E-05
 1839   -1.082066E-05
 1840   -1.080890E-05
 1841   -1.160286E-05
 1842   -1.159027E-05
 1843   -1.157770E-05
 1844   -1.156515E-05
 1845   -1.155262E-05
 1846   -1.154011E-05
 1847   -1.152762E-05
 1848   -1.151515E-05
 1849   -1.150270E-05
 1850   -1.149027E-05
 1851   -9.107397E-06
 1852   -9.097567E-06
 1853   -9.087753E-06
 1854   -9.077955E-06
 1855   -9.068173E-06
 1856   -9.058406E-06
 1857   -9.048655E-06
 1858   -9.038921E-06
 1859   -9.029201E-06
 1860   -9.019498E-06
 1861   -8.614553E-06
 1862   -8.605305E-06
 1863   -8.596072E-06
 1864   -8.586854E-06
 1865   -8.577650E-06
 1866   -8.568461E-06
 1867   -8.559287E-06
 1868   -8.550128E-06
 1869   -8.540984E-06
 1870   -8.531854E-06
 1871   -9.792783E-06
 1872   -9.782326E-06
 1873   -9.771886E-06
 1874   -9.761463E-06
 1875   -9.751056E-06
 1876   -9.740666E-06
 1877   -9.730293E-06
 1878   -9.719936E-06
 1879   -9.709596E-06
 1880   -9.699272E-06
 1881   -1.048010E-05
 1882   -1.046897E-05
 1883   -1.045785E-05
 1884   -1.044676E-05
 1885   -1.043568E-05
 1886   -1.042462E-05
 1887   -1.041358E-05
 1888   -1.040255E-05
 1889   -1.039154E-05
 1890   -1.038055E-05
 1891   -9.180408E-06
 1892   -9.170708E-06
 1893   -9.161025E-06
 1894   -9.151356E-06
 1895   -9.141703E-06
 1896   -9.132064E-06
 1897   -9.122442E-06
 1898   -9.112834E-06
 1899   -9.103242E-06
 1900   -9.093664E-06
 1901   -7.940714E-06
 1902   -7.932368E-06
 1903   -7.924036E-06
 1904   -7.915717E-06
 1905   -7.907411E-06
 1906   -7.899118E-06
 1907   -7.890838E-06
 1908   -7.882571E-06
 1909   -7.874317E-06
 1910   -7.866076E-06
 1911   -7.394180E-06
 1912   -7.386449E-06
 1913   -7.378731E-06
 1914   -7.371025E-06
 1915   -7.363331E-06
 1916   -7.355648E-06
 1917   -7.347978E-06
 1918   -7.340320E-06
 1919   -7.332674E-06
 1920   -7.325040E-06
 1921   -7.055550E-06
 1922   -7.048212E-06
 1923   -7.040885E-06
 1924   -7.033570E-06
 1925   -7.026266E-06
 1926   -7.018974E-06
 1927   -7.011693E-06
 1928   -7.004423E-06
 1929   -6.997165E-06
 1930   -6.989917E-06
 1931   -7.610414E-06
 1932   -7.602539E-06
 1933   -7.594677E-06
 1934   -7.586828E-06
 1935   -7.578990E-06
 1936   -7.571165E-06
 1937   -7.563351E-06
 1938   -7.555550E-06
 1939   -7.547761E-06
 1940   -7.539983E-06
 1941   -7.233875E-06
 1942   -7.226429E-06
 1943   -7.218994E-06
 1944   -7.211571E-06
 1945   -7.204159E-06
 1946   -7.196759E-06
 1947   -7.189370E-06
 1948   -7.181992E-06
 1949   -7.174626E-06
 1950   -7.167272E-06
 1951   -6.675681E-06
 1952   -6.668844E-06
 1953   -6.662019E-06
 1954   -6.655203E-06
 1955   -6.648398E-06
 1956   -6.641604E-06
 1957   -6.634820E-06
 1958   -6.628046E-06
 1959   -6.621283E-06
 1960   -6.614530E-06
 1961   -6.222087E-06
 1962   -6.215748E-06
 1963   -6.209418E-06
 1964   -6.203098E-06
 1965   -6.196788E-06
 1966   -6.190487E-06
 1967   -6.184196E-06
 1968   -6.177914E-06
 1969   -6.171642E-06
 1970   -6.165380E-06
 1971   -6.340860E-06
 1972   -6.334432E-06
 1973   -6.328014E-06
 1974   -6.321606E-06
 1975   -6.315208E-06
 1976   -6.308819E-06
 1977   -6.302440E-06
 1978   -6.296071E-06
 1979   -6.289711E-06
 1980   -6.283361E-06
 1981   -6.632749E-06
 1982   -6.626059E-06
 1983   -6.619380E-06
 1984   -6.612710E-06
 1985   -6.606051E-06
 1986   -6.599402E-06
 1987   -6.592763E-06
 1988   -6.586133E-06
 1989   -6.579514E-06
 1990   -6.572905E-06
 1991   -6.360174E-06
 1992   -6.353791E-06
 1993   -6.347418E-06
 1994   -6.341055E-06
 1995   -6.334701E-06
 1996   -6.328357E-06
 1997   -6.322022E-06
 1998   -6.315697E-06
 1999   -6.309382E-06
 2000   -6.303075E-06
 2001   -5.955665E-06
 2002   -5.949718E-06
 2003   -5.943781E-06
 2004   -5.937852E-06
 2005   -5.931932E-06
 2006   -5.926020E-06
 2007   -5.920118E-06
 2008   -5.914224E-06
 2009   -5.908339E-06
 2010   -5.902463E-06
 2011   -5.726336E-06
 2012   -5.720647E-06
 2013   -5.714966E-06
 2014   -5.709293E-06
 2015   -5.703629E-06
 2016   -5.697974E-06
 2017   -5.692327E-06
 2018   -5.686688E-06
 2019   -5.681057E-06
 2020   -5.675435E-06
 2021   -5.733900E-06
 2022   -5.728231E-06
 2023   -5.722571E-06
 2024   -5.716919E-06
 2025   -5.711275E-06
 2026   -5.705640E-06
 2027   -5.700013E-06
 2028   -5.694395E-06
 2029   -5.688784E-06
 2030   -5.683183E-06
 2031   -5.937262E-06
 2032   -5.931421E-06
 2033   -5.925589E-06
 2034   -5.919765E-06
 2035   -5.913950E-06
 2036   -5.908144E-06
 2037   -5.902346E-06
 2038   -5.896556E-06
 2039   -5.890775E-06
 2040   -5.885003E-06
 2041   -5.626695E-06
 2042   -5.621187E-06
 2043   -5.615687E-06
 2044   -5.610195E-06
 2045   -5.604711E-06
 2046   -5.599235E-06
 2047   -5.593767E-06
 2048   -5.588307E-06
 2049   -5.582855E-06
 2050   -5.577411E-06
 2051   -5.289613E-06
 2052   -5.284459E-06
 2053   -5.279314E-06
 2054   -5.274176E-06
 2055   -5.269045E-06
 2056   -5.263922E-06
 2057   -5.258807E-06
 2058   -5.253699E-06
 2059   -5.248598E-06
 2060   -5.243505E-06
 2061   -5.095896E-06
 2062   -5.090956E-06
 2063   -5.086023E-06
 2064   -5.081097E-06
 2065   -5.076178E-06
 2066   -5.071267E-06
 2067   -5.066362E-06
 2068   -5.061465E-06
 2069   -5.056574E-06
 2070   -5.051691E-06
 2071   -5.074753E-06
 2072   -5.069857E-06
 2073   -5.064968E-06
 2074   -5.060086E-06
 2075   -5.055211E-06
 2076   -5.050344E-06
 2077   -5.045483E-06
 2078   -5.040629E-06
 2079   -5.035782E-06
 2080   -5.030942E-06
 2081   -5.237655E-06
 2082   -5.232626E-06
 2083   -5.227604E-06
 2084   -5.222590E-06
 2085   -5.217582E-06
 2086   -5.212582E-06
 2087   -5.207589E-06
 2088   -5.202604E-06
 2089   -5.197625E-06
 2090   -5.192654E-06
 2091   -5.031895E-06
 2092   -5.027087E-06
 2093   -5.022285E-06
 2094   -5.017491E-06
 2095   -5.012703E-06
 2096   -5.007922E-06
 2097   -5.003148E-06
 2098   -4.998381E-06
 2099   -4.993621E-06
 2100   -4.988867E-06
 2101   -4.802701E-06
 2102   -4.798133E-06
 2103   -4.793572E-06
 2104   -4.789018E-06
 2105   -4.784470E-06
 2106   -4.779928E-06
 2107   -4.775393E-06
 2108   -4.770865E-06
 2109   -4.766343E-06
 2110   -4.761827E-06
 2111   -4.602677E-06
 2112   -4.598321E-06
 2113   -4.593970E-06
 2114   -4.589626E-06
 2115   -4.585288E-06
 2116   -4.580956E-06
 2117   -4.576631E-06
 2118   -4.572311E-06
 2119   -4.567998E-06
 2120   -4.563690E-06
 2121   -4.696265E-06
 2122   -4.691841E-06
 2123   -4.687423E-06
 2124   -4.683011E-06
 2125   -4.678606E-06
 2126   -4.674207E-06
 2127   -4.669814E-06
 2128   -4.665427E-06
 2129   -4.661046E-06
 2130   -4.656671E-06
 2131   -4.707092E-06
 2132   -4.702678E-06
 2133   -4.698271E-06
 2134   -4.693870E-06
 2135   -4.689475E-06
 2136   -4.685086E-06
 2137   -4.680703E-06
 2138   -4.676327E-06
 2139   -4.671956E-06
 2140   -4.667592E-06
 2141   -4.559037E-06
 2142   -4.554782E-06
 2143   -4.550533E-06
 2144   -4.546290E-06
 2145   -4.542053E-06
 2146   -4.537822E-06
 2147   -4.533597E-06
 2148   -4.529378E-06
 2149   -4.525164E-06
 2150   -4.520957E-06
 2151   -4.150673E-06
 2152   -4.146817E-06
 2153   -4.142967E-06
 2154   -4.139122E-06
 2155   -4.135282E-06
 2156   -4.131448E-06
 2157   -4.127619E-06
 2158   -4.123795E-06
 2159   -4.119977E-06
 2160   -4.116164E-06
 2161   -4.095872E-06
 2162   -4.092085E-06
 2163   -4.088303E-06
 2164   -4.084526E-06
 2165   -4.080755E-06
 2166   -4.076989E-06
 2167   -4.073228E-06
 2168   -4.069472E-06
 2169   -4.065721E-06
 2170   -4.061976E-06
 2171   -4.048125E-06
 2172   -4.044399E-06
 2173   -4.040679E-06
 2174   -4.036963E-06
 2175   -4.033253E-06
 2176   -4.029547E-06
 2177   -4.025847E-06
 2178   -4.022152E-06
 2179   -4.018462E-06
 2180   -4.014777E-06
 2181   -3.999457E-06
 2182   -3.995792E-06
 2183   -3.992133E-06
 2184   -3.988479E-06
 2185   -3.984830E-06
 2186   -3.981186E-06
 2187   -3.977547E-06
 2188   -3.973913E-06
 2189   -3.970284E-06
 2190   -3.966659E-06
 2191   -3.836274E-06
 2192   -3.832776E-06
 2193   -3.829282E-06
 2194   -3.825793E-06
 2195   -3.822308E-06
 2196   -3.818829E-06
 2197   -3.815354E-06
 2198   -3.811884E-06
 2199   -3.808418E-06
 2200   -3.804958E-06
 2201   -3.519782E-06
 2202   -3.516586E-06
 2203   -3.513395E-06
 2204   -3.510208E-06
 2205   -3.507026E-06
 2206   -3.503848E-06
 2207   -3.500674E-06
 2208   -3.497505E-06
 2209   -3.494339E-06
 2210   -3.491179E-06
 2211   -3.299121E-06
 2212   -3.296140E-06
 2213   -3.293162E-06
 2214   -3.290188E-06
 2215   -3.287219E-06
 2216   -3.284254E-06
 2217   -3.281292E-06
 2218   -3.278335E-06
 2219   -3.275381E-06
 2220   -3.272432E-06
 2221   -3.308358E-06
 2222   -3.305381E-06
 2223   -3.302409E-06
 2224   -3.299440E-06
 2225   -3.296476E-06
 2226   -3.293515E-06
 2227   -3.290559E-06
 2228   -3.287606E-06
 2229   -3.284658E-06
 2230   -3.281713E-06
 2231   -3.240735E-06
 2232   -3.237833E-06
 2233   -3.234934E-06
 2234   -3.232039E-06
 2235   -3.229148E-06
 2236   -3.226261E-06
 2237   -3.223378E-06
 2238   -3.220499E-06
 2239   -3.217623E-06
 2240   -3.214752E-06
 2241   -3.216449E-06
 2242   -3.213581E-06
 2243   -3.210717E-06
 2244   -3.207857E-06
 2245   -3.205000E-06
 2246   -3.202148E-06
 2247   -3.199299E-06
 2248   -3.196454E-06
 2249   -3.193612E-06
 2250   -3.190775E-06
 2251   -2.870210E-06
 2252   -2.867663E-06
 2253   -2.865118E-06
 2254   -2.862577E-06
 2255   -2.860039E-06
 2256   -2.857505E-06
 2257   -2.854974E-06
 2258   -2.852446E-06
 2259   -2.849922E-06
 2260   -2.847401E-06
 2261   -2.749355E-06
 2262   -2.746925E-06
 2263   -2.744499E-06
 2264   -2.742075E-06
 2265   -2.739655E-06
 2266   -2.737238E-06
 2267   -2.734824E-06
 2268   -2.732414E-06
 2269   -2.730006E-06
 2270   -2.727602E-06
 2271   -2.759556E-06
 2272   -2.757128E-06
 2273   -2.754703E-06
 2274   -2.752282E-06
 2275   -2.749863E-06
 2276   -2.747448E-06
 2277   -2.745036E-06
 2278   -2.742627E-06
 2279   -2.740221E-06
 2280   -2.737818E-06
 2281   -2.729720E-06
 2282   -2.727328E-06
 2283   -2.724940E-06
 2284   -2.722555E-06
 2285   -2.720173E-06
 2286   -2.717794E-06
 2287   -2.715419E-06
 2288   -2.713046E-06
 2289   -2.710677E-06
 2290   -2.708310E-06
 2291   -2.622402E-06
 2292   -2.620115E-06
 2293   -2.617830E-06
 2294   -2.615549E-06
 2295   -2.613271E-06
 2296   -2.610995E-06
 2297   -2.608723E-06
 2298   -2.606453E-06
 2299   -2.604187E-06
 2300   -2.601923E-06
 2301   -2.234778E-06
 2302   -2.232837E-06
 2303   -2.230899E-06
 2304   -2.228963E-06
 2305   -2.227030E-06
 2306   -2.225099E-06
 2307   -2.223171E-06
 2308   -2.221245E-06
 2309   -2.219322E-06
 2310   -2.217401E-06
 2311   -2.094111E-06
 2312   -2.092300E-06
 2313   -2.090492E-06
 2314   -2.088686E-06
 2315   -2.086882E-06
 2316   -2.085081E-06
 2317   -2.083282E-06
 2318   -2.081485E-06
 2319   -2.079691E-06
 2320   -2.077899E-06
 2321   -2.019682E-06
 2322   -2.017943E-06
 2323   -2.016206E-06
 2324   -2.014472E-06
 2325   -2.012740E-06
 2326   -2.011010E-06
 2327   -2.009282E-06
 2328   -2.007557E-06
 2329   -2.005833E-06
 2330   -2.004112E-06
 2331   -2.000497E-06
 2332   -1.998782E-06
 2333   -1.997069E-06
 2334   -1.995359E-06
 2335   -1.993650E-06
 2336   -1.991944E-06
 2337   -1.990240E-06
 2338   -1.988538E-06
 2339   -1.986839E-06
 2340   -1.985141E-06
 2341   -1.956823E-06
 2342   -1.955153E-06
 2343   -1.953485E-06
 2344   -1.951819E-06
 2345   -1.950155E-06
 2346   -1.948493E-06
 2347   -1.946833E-06
 2348   -1.945175E-06
 2349   -1.943520E-06
 2350   -1.941867E-06
 2351   -1.675786E-06
 2352   -1.674362E-06
 2353   -1.672939E-06
 2354   -1.671519E-06
 2355   -1.670100E-06
 2356   -1.668683E-06
 2357   -1.667267E-06
 2358   -1.665854E-06
 2359   -1.664442E-06
 2360   -1.663032E-06
 2361   -1.601116E-06
 2362   -1.599761E-06
 2363   -1.598408E-06
 2364   -1.597056E-06
 2365   -1.595706E-06
 2366   -1.594358E-06
 2367   -1.593011E-06
 2368   -1.591666E-06
 2369   -1.590323E-06
 2370   -1.588982E-06
 2371   -1.575257E-06
 2372   -1.573929E-06
 2373   -1.572603E-06
 2374   -1.571279E-06
 2375   -1.569957E-06
 2376   -1.568636E-06
 2377   -1.567316E-06
 2378   -1.565999E-06
 2379   -1.564683E-06
 2380   -1.563368E-06
 2381   -1.533952E-06
 2382   -1.532664E-06
 2383   -1.531378E-06
 2384   -1.530094E-06
 2385   -1.528812E-06
 2386   -1.527531E-06
 2387   -1.526251E-06
 2388   -1.524974E-06
 2389   -1.523697E-06
 2390   -1.522423E-06
 2391   -1.465722E-06
 2392   -1.464497E-06
 2393   -1.463273E-06
 2394   -1.462051E-06
 2395   -1.460831E-06
 2396   -1.459612E-06
 2397   -1.458395E-06
 2398   -1.457179E-06
 2399   -1.455964E-06
 2400   -1.454752E-06
 2401   -1.230884E-06
 2402   -1.229860E-06
 2403   -1.228836E-06
 2404   -1.227814E-06
 2405   -1.226794E-06
 2406   -1.225774E-06
 2407   -1.224756E-06
 2408   -1.223740E-06
 2409   -1.222724E-06
 2410   -1.221710E-06
 2411   -1.145891E-06
 2412   -1.144941E-06
 2413   -1.143992E-06
 2414   -1.143045E-06
 2415   -1.142099E-06
 2416   -1.141154E-06
 2417   -1.140210E-06
 2418   -1.139267E-06
 2419   -1.138326E-06
 2420   -1.137385E-06
 2421   -1.103788E-06
 2422   -1.102877E-06
 2423   -1.101967E-06
 2424   -1.101059E-06
 2425   -1.100151E-06
 2426   -1.099244E-06
 2427   -1.098339E-06
 2428   -1.097434E-06
 2429   -1.096531E-06
 2430   -1.095629E-06
 2431   -1.089488E-06
 2432   -1.088592E-06
 2433   -1.087698E-06
 2434   -1.086804E-06
 2435   -1.085912E-06
 2436   -1.085021E-06
 2437   -1.084131E-06
 2438   -1.083242E-06
 2439   -1.082354E-06
 2440   -1.081467E-06
 2441   -1.029578E-06
 2442   -1.028736E-06
 2443   -1.027894E-06
 2444   -1.027053E-06
 2445   -1.026213E-06
 2446   -1.025374E-06
 2447   -1.024537E-06
 2448   -1.023700E-06
 2449   -1.022864E-06
 2450   -1.022030E-06
 2451   -8.520355E-07
 2452   -8.513408E-07
 2453   -8.506470E-07
 2454   -8.499540E-07
 2455   -8.492618E-07
 2456   -8.485705E-07
 2457   -8.478801E-07
 2458   -8.471905E-07
 2459   -8.465017E-07
 2460   -8.458138E-07
 2461   -8.042032E-07
 2462   -8.035502E-07
 2463   -8.028980E-07
 2464   -8.022465E-07
 2465   -8.015959E-07
 2466   -8.009460E-07
 2467   -8.002970E-07
 2468   -7.996487E-07
 2469   -7.990012E-07
 2470   -7.983545E-07
 2471   -7.698826E-07
 2472   -7.692599E-07
 2473   -7.686381E-07
 2474   -7.680169E-07
 2475   -7.673966E-07
 2476   -7.667769E-07
 2477   -7.661581E-07
 2478   -7.655400E-07
 2479   -7.649226E-07
 2480   -7.643060E-07
 2481   -7.504268E-07
 2482   -7.498223E-07
 2483   -7.492186E-07
 2484   -7.486156E-07
 2485   -7.480134E-07
 2486   -7.474118E-07
 2487   -7.468110E-07
 2488   -7.462109E-07
 2489   -7.456116E-07
 2490   -7.450129E-07
 2491   -6.836767E-07
 2492   -6.831282E-07
 2493   -6.825804E-07
 2494   -6.820332E-07
 2495   -6.814867E-07
 2496   -6.809409E-07
 2497   -6.803957E-07
 2498   -6.798512E-07
 2499   -6.793073E-07
 2500   -6.787641E-07
 2501   -5.519444E-07
 2502   -5.515033E-07
 2503   -5.510628E-07
 2504   -5.506229E-07
 2505   -5.501834E-07
 2506   -5.497445E-07
 2507   -5.493061E-07
 2508   -5.488683E-07
 2509   -5.484309E-07
 2510   -5.479941E-07
 2511   -4.980133E-07
 2512   -4.976170E-07
 2513   -4.972211E-07
 2514   -4.968257E-07
 2515   -4.964308E-07
 2516   -4.960363E-07
 2517   -4.956423E-07
 2518   -4.952488E-07
 2519   -4.948557E-07
 2520   -4.944632E-07
 2521   -4.512045E-07
 2522   -4.508468E-07
 2523   -4.504896E-07
 2524   -4.501328E-07
 2525   -4.497764E-07
 2526   -4.494204E-07
 2527   -4.490648E-07
 2528   -4.487097E-07
 2529   -4.483550E-07
 2530   -4.480007E-07
 2531   -4.516377E-07
 2532   -4.512811E-07
 2533   -4.509249E-07
 2534   -4.505691E-07
 2535   -4.502138E-07
 2536   -4.498589E-07
 2537   -4.495044E-07
 2538   -4.491503E-07
 2539   -4.487966E-07
 2540   -4.484434E-07
 2541   -4.110956E-07
 2542   -4.107723E-07
 2543   -4.104493E-07
 2544   -4.101268E-07
 2545   -4.098046E-07
 2546   -4.094828E-07
 2547   -4.091614E-07
 2548   -4.088404E-07
 2549   -4.085197E-07
 2550   -4.081994E-07
 2551   -3.337303E-07
 2552   -3.334688E-07
 2553   -3.332077E-07
 2554   -3.329469E-07
 2555   -3.326863E-07
 2556   -3.324261E-07
 2557   -3.321662E-07
 2558   -3.319066E-07
 2559   -3.316473E-07
 2560   -3.313883E-07
 2561   -2.964336E-07
 2562   -2.962023E-07
 2563   -2.959712E-07
 2564   -2.957405E-07
 2565   -2.955100E-07
 2566   -2.952797E-07
 2567   -2.950498E-07
 2568   -2.948201E-07
 2569   -2.945906E-07
 2570   -2.943615E-07
 2571   -2.805886E-07
 2572   -2.803705E-07
 2573   -2.801526E-07
 2574   -2.799350E-07
 2575   -2.797177E-07
 2576   -2.795006E-07
 2577   -2.792838E-07
 2578   -2.790672E-07
 2579   -2.788508E-07
 2580   -2.786348E-07
 2581   -2.793707E-07
 2582   -2.791544E-07
 2583   -2.789383E-07
 2584   -2.787225E-07
 2585   -2.785070E-07
 2586   -2.782916E-07
 2587   -2.780766E-07
 2588   -2.778618E-07
 2589   -2.776472E-07
 2590   -2.774329E-07
 2591   -2.458530E-07
 2592   -2.456634E-07
 2593   -2.454740E-07
 2594   -2.452848E-07
 2595   -2.450958E-07
 2596   -2.449071E-07
 2597   -2.447186E-07
 2598   -2.445302E-07
 2599   -2.443421E-07
 2600   -2.441543E-07
 2601   -1.984024E-07
 2602   -1.982500E-07
 2603   -1.980977E-07
 2604   -1.979456E-07
 2605   -1.977937E-07
 2606   -1.976420E-07
 2607   -1.974904E-07
 2608   -1.973390E-07
 2609   -1.971878E-07
 2610   -1.970367E-07
 2611   -1.688243E-07
 2612   -1.686951E-07
 2613   -1.685660E-07
 2614   -1.684371E-07
 2615   -1.683083E-07
 2616   -1.681797E-07
 2617   -1.680512E-07
 2618   -1.679229E-07
 2619   -1.677947E-07
 2620   -1.676667E-07
 2621   -1.605769E-07
 2622   -1.604544E-07
 2623   -1.603321E-07
 2624   -1.602100E-07
 2625   -1.600880E-07
 2626   -1.599661E-07
 2627   -1.598443E-07
 2628   -1.597227E-07
 2629   -1.596013E-07
 2630   -1.594800E-07
 2631   -1.575846E-07
 2632   -1.574649E-07
 2633   -1.573454E-07
 2634   -1.572259E-07
 2635   -1.571067E-07
 2636   -1.569875E-07
 2637   -1.568685E-07
 2638   -1.567496E-07
 2639   -1.566308E-07
 2640   -1.565122E-07
 2641   -1.416790E-07
 2642   -1.415718E-07
 2643   -1.414647E-07
 2644   -1.413577E-07
 2645   -1.412509E-07
 2646   -1.411442E-07
 2647   -1.410375E-07
 2648   -1.409311E-07
 2649   -1.408247E-07
 2650   -1.407185E-07
 2651   -1.217198E-07
 2652   -1.216280E-07
 2653   -1.215364E-07
 2654   -1.214448E-07
 2655   -1.213534E-07
 2656   -1.212620E-07
 2657   -1.211708E-07
 2658   -1.210796E-07
 2659   -1.209886E-07
 2660   -1.208977E-07
 2661   -1.086424E-07
 2662   -1.085608E-07
 2663   -1.084793E-07
 2664   -1.083979E-07
 2665   -1.083166E-07
 2666   -1.082354E-07
 2667   -1.081542E-07
 2668   -1.080732E-07
 2669   -1.079922E-07
 2670   -1.079114E-07
 2671   -1.052203E-07
 2672   -1.051416E-07
 2673   -1.050629E-07
 2674   -1.049844E-07
 2675   -1.049059E-07
 2676   -1.048275E-07
 2677   -1.047492E-07
 2678   -1.046710E-07
 2679   -1.045929E-07
 2680   -1.045149E-07
 2681   -1.037945E-07
 2682   -1.037171E-07
 2683   -1.036399E-07
 2684   -1.035627E-07
 2685   -1.034856E-07
 2686   -1.034085E-07
 2687   -1.033316E-07
 2688   -1.032547E-07
 2689   -1.031780E-07
 2690   -1.031013E-07
 2691   -9.876722E-08
 2692   -9.869387E-08
 2693   -9.862060E-08
 2694   -9.854741E-08
 2695   -9.847430E-08
 2696   -9.840128E-08
 2697   -9.832834E-08
 2698   -9.825547E-08
 2699   -9.818269E-08
 2700   -9.810999E-08
 2701   -9.167342E-08
 2702   -9.160559E-08
 2703   -9.153783E-08
 2704   -9.147015E-08
 2705   -9.140254E-08
 2706   -9.133501E-08
 2707   -9.126756E-08
 2708   -9.120018E-08
 2709   -9.113287E-08
 2710   -9.106564E-08
 2711   -8.780391E-08
 2712   -8.773918E-08
 2713   -8.767453E-08
 2714   -8.760994E-08
 2715   -8.754543E-08
 2716   -8.748098E-08
 2717   -8.741661E-08
 2718   -8.735231E-08
 2719   -8.728808E-08
 2720   -8.722392E-08
 2721   -8.684897E-08
 2722   -8.678518E-08
 2723   -8.672146E-08
 2724   -8.665781E-08
 2725   -8.659423E-08
 2726   -8.653072E-08
 2727   -8.646728E-08
 2728   -8.640392E-08
 2729   -8.634062E-08
 2730   -8.627739E-08
 2731   -8.578894E-08
 2732   -8.572616E-08
 2733   -8.566345E-08
 2734   -8.560080E-08
 2735   -8.553823E-08
 2736   -8.547573E-08
 2737   -8.541329E-08
 2738   -8.535092E-08
 2739   -8.528862E-08
 2740   -8.522639E-08
 2741   -8.630790E-08
 2742   -8.624497E-08
 2743   -8.618211E-08
 2744   -8.611932E-08
 2745   -8.605659E-08
 2746   -8.599394E-08
 2747   -8.593135E-08
 2748   -8.586884E-08
 2749   -8.580639E-08
 2750   -8.574400E-08
 2751   -8.927658E-08
 2752   -8.921172E-08
 2753   -8.914694E-08
 2754   -8.908222E-08
 2755   -8.901757E-08
 2756   -8.895300E-08
 2757   -8.888849E-08
 2758   -8.882406E-08
 2759   -8.875969E-08
 2760   -8.869540E-08
 2761   -8.815283E-08
 2762   -8.808902E-08
 2763   -8.802528E-08
 2764   -8.796161E-08
 2765   -8.789801E-08
 2766   -8.783447E-08
 2767   -8.777101E-08
 2768   -8.770761E-08
 2769   -8.764429E-08
 2770   -8.758103E-08
 2771   -9.098470E-08
 2772   -9.091908E-08
 2773   -9.085353E-08
 2774   -9.078805E-08
 2775   -9.072264E-08
 2776   -9.065730E-08
 2777   -9.059204E-08
 2778   -9.052684E-08
 2779   -9.046171E-08
 2780   -9.039665E-08
 2781   -8.938802E-08
 2782   -8.932378E-08
 2783   -8.925961E-08
 2784   -8.919551E-08
 2785   -8.913148E-08
 2786   -8.906752E-08
 2787   -8.900363E-08
 2788   -8.893980E-08
 2789   -8.887604E-08
 2790   -8.881236E-08
 2791   -9.396401E-08
 2792   -9.389673E-08
 2793   -9.382951E-08
 2794   -9.376237E-08
 2795   -9.369530E-08
 2796   -9.362831E-08
 2797   -9.356138E-08
 2798   -9.349453E-08
 2799   -9.342775E-08
 2800   -9.336104E-08
 2801   -1.021114E-07
 2802   -1.020386E-07
 2803   -1.019658E-07
 2804   -1.018931E-07
 2805   -1.018204E-07
 2806   -1.017479E-07
 2807   -1.016754E-07
 2808   -1.016030E-07
 2809   -1.015307E-07
 2810   -1.014585E-07
 2811   -1.035062E-07
 2812   -1.034326E-07
 2813   -1.033591E-07
 2814   -1.032856E-07
 2815   -1.032123E-07
 2816   -1.031390E-07
 2817   -1.030658E-07
 2818   -1.029927E-07
 2819   -1.029196E-07
 2820   -1.028467E-07
 2821   -1.082278E-07
 2822   -1.081511E-07
 2823   -1.080745E-07
 2824   -1.079980E-07
 2825   -1.079216E-07
 2826   -1.078452E-07
 2827   -1.077690E-07
 2828   -1.076928E-07
 2829   -1.076167E-07
 2830   -1.075406E-07
 2831   -1.057920E-07
 2832   -1.057173E-07
 2833   -1.056427E-07
 2834   -1.055682E-07
 2835   -1.054938E-07
 2836   -1.054194E-07
 2837   -1.053451E-07
 2838   -1.052709E-07
 2839   -1.051968E-07
 2840   -1.051227E-07
 2841   -1.121529E-07
 2842   -1.120740E-07
 2843   -1.119952E-07
 2844   -1.119165E-07
 2845   -1.118378E-07
 2846   -1.117592E-07
 2847   -1.116808E-07
 2848   -1.116024E-07
 2849   -1.115240E-07
 2850   -1.114458E-07
 2851   -1.212025E-07
 2852   -1.211176E-07
 2853   -1.210327E-07
 2854   -1.209479E-07
 2855   -1.208632E-07
 2856   -1.207786E-07
 2857   -1.206941E-07
 2858   -1.206097E-07
 2859   -1.205253E-07
 2860   -1.204411E-07
 2861   -1.224727E-07
 2862   -1.223872E-07
 2863   -1.223017E-07
 2864   -1.222163E-07
 2865   -1.221310E-07
 2866   -1.220458E-07
 2867   -1.219607E-07
 2868   -1.218757E-07
 2869   -1.217908E-07
 2870   -1.217059E-07
 2871   -1.286015E-07
 2872   -1.285120E-07
 2873   -1.284225E-07
 2874   -1.283332E-07
 2875   -1.282439E-07
 2876   -1.281548E-07
 2877   -1.280657E-07
 2878   -1.279768E-07
 2879   -1.278879E-07
 2880   -1.277991E-07
 2881   -1.264371E-07
 2882   -1.263494E-07
 2883   -1.262618E-07
 2884   -1.261743E-07
 2885   -1.260868E-07
 2886   -1.259995E-07
 2887   -1.259122E-07
 2888   -1.258251E-07
 2889   -1.257380E-07
 2890   -1.256510E-07
 2891   -1.323248E-07
 2892   -1.322334E-07
 2893   -1.321420E-07
 2894   -1.320507E-07
 2895   -1.319595E-07
 2896   -1.318684E-07
 2897   -1.317774E-07
 2898   -1.316865E-07
 2899   -1.315957E-07
 2900   -1.315049E-07
 2901   -1.386874E-07
 2902   -1.385918E-07
 2903   -1.384964E-07
 2904   -1.384010E-07
 2905   -1.383058E-07
 2906   -1.382106E-07
 2907   -1.381156E-07
 2908   -1.380206E-07
 2909   -1.379258E-07
 2910   -1.378310E-07
 2911   -1.397721E-07
 2912   -1.396762E-07
 2913   -1.395803E-07
 2914   -1.394846E-07
 2915   -1.393889E-07
 2916   -1.392933E-07
 2917   -1.391978E-07
 2918   -1.391025E-07
 2919   -1.390072E-07
 2920   -1.389120E-07
 2921   -1.468497E-07
 2922   -1.467492E-07
 2923   -1.466488E-07
 2924   -1.465486E-07
 2925   -1.464484E-07
 2926   -1.463483E-07
 2927   -1.462484E-07
 2928   -1.461485E-07
 2929   -1.460488E-07
 2930   -1.459491E-07
 2931   -1.422090E-07
 2932   -1.421121E-07
 2933   -1.420152E-07
 2934   -1.419184E-07
 2935   -1.418217E-07
 2936   -1.417252E-07
 2937   -1.416287E-07
 2938   -1.415323E-07
 2939   -1.414360E-07
 2940   -1.413398E-07
 2941   -1.489026E-07
 2942   -1.488014E-07
 2943   -1.487003E-07
 2944   -1.485993E-07
 2945   -1.484985E-07
 2946   -1.483977E-07
 2947   -1.482970E-07
 2948   -1.481964E-07
 2949   -1.480960E-07
 2950   -1.479956E-07
 2951   -1.515708E-07
 2952   -1.514682E-07
 2953   -1.513656E-07
 2954   -1.512632E-07
 2955   -1.511608E-07
 2956   -1.510586E-07
 2957   -1.509565E-07
 2958   -1.508544E-07
 2959   -1.507525E-07
 2960   -1.506507E-07
 2961   -1.537273E-07
 2962   -1.536236E-07
 2963   -1.535199E-07
 2964   -1.534163E-07
 2965   -1.533129E-07
 2966   -1.532095E-07
 2967   -1.531063E-07
 2968   -1.530032E-07
 2969   -1.529001E-07
 2970   -1.527972E-07
 2971   -1.580066E-07
 2972   -1.579003E-07
 2973   -1.577941E-07
 2974   -1.576880E-07
 2975   -1.575820E-07
 2976   -1.574762E-07
 2977   -1.573704E-07
 2978   -1.572648E-07
 2979   -1.571592E-07
 2980   -1.570538E-07
 2981   -1.538707E-07
 2982   -1.537676E-07
 2983   -1.536645E-07
 2984   -1.535615E-07
 2985   -1.534587E-07
 2986   -1.533559E-07
 2987   -1.532533E-07
 2988   -1.531507E-07
 2989   -1.530483E-07
 2990   -1.529460E-07
 2991   -1.572988E-07
 2992   -1.571936E-07
 2993   -1.570886E-07
 2994   -1.569837E-07
 2995   -1.568789E-07
 2996   -1.567743E-07
 2997   -1.566697E-07
 2998   -1.565652E-07
 2999   -1.564608E-07
 3000   -1.563565E-07
 3001   -1.555072E-07
 3002   -1.554036E-07
 3003   -1.553001E-07
 3004   -1.551968E-07
 3005   -1.550935E-07
 3006   -1.549903E-07
 3007   -1.548873E-07
 3008   -1.547843E-07
 3009   -1.546815E-07
 3010   -1.545788E-07
 3011   -1.537028E-07
 3012   -1.536008E-07
 3013   -1.534989E-07
 3014   -1.533970E-07
 3015   -1.532953E-07
 3016   -1.531937E-07
 3017   -1.530922E-07
 3018   -1.529908E-07
 3019   -1.528894E-07
 3020   -1.527882E-07
 3021   -1.576434E-07
 3022   -1.575391E-07
 3023   -1.574349E-07
 3024   -1.573308E-07
 3025   -1.572268E-07
 3026   -1.571229E-07
 3027   -1.570192E-07
 3028   -1.569155E-07
 3029   -1.568119E-07
 3030   -1.567084E-07
 3031   -1.540139E-07
 3032   -1.539123E-07
 3033   -1.538108E-07
 3034   -1.537095E-07
 3035   -1.536082E-07
 3036   -1.535071E-07
 3037   -1.534060E-07
 3038   -1.533051E-07
 3039   -1.532042E-07
 3040   -1.531034E-07
 3041   -1.612019E-07
 3042   -1.610959E-07
 3043   -1.609901E-07
 3044   -1.608843E-07
 3045   -1.607787E-07
 3046   -1.606731E-07
 3047   -1.605677E-07
 3048   -1.604624E-07
 3049   -1.603572E-07
 3050   -1.602521E-07
 3051   -1.667743E-07
 3052   -1.666650E-07
 3053   -1.665559E-07
 3054   -1.664468E-07
 3055   -1.663379E-07
 3056   -1.662291E-07
 3057   -1.661204E-07
 3058   -1.660118E-07
 3059   -1.659033E-07
 3060   -1.657949E-07
 3061   -1.690491E-07
 3062   -1.689387E-07
 3063   -1.688284E-07
 3064   -1.687183E-07
 3065   -1.686082E-07
 3066   -1.684983E-07
 3067   -1.683884E-07
 3068   -1.682787E-07
 3069   -1.681691E-07
 3070   -1.680595E-07
 3071   -1.694212E-07
 3072   -1.693109E-07
 3073   -1.692008E-07
 3074   -1.690907E-07
 3075   -1.689808E-07
 3076   -1.688710E-07
 3077   -1.687612E-07
 3078   -1.686516E-07
 3079   -1.685421E-07
 3080   -1.684327E-07
 3081   -1.533280E-07
 3082   -1.532286E-07
 3083   -1.531292E-07
 3084   -1.530299E-07
 3085   -1.529308E-07
 3086   -1.528317E-07
 3087   -1.527327E-07
 3088   -1.526338E-07
 3089   -1.525350E-07
 3090   -1.524363E-07
 3091   -1.189671E-07
 3092   -1.188902E-07
 3093   -1.188134E-07
 3094   -1.187366E-07
 3095   -1.186599E-07
 3096   -1.185832E-07
 3097   -1.185067E-07
 3098   -1.184302E-07
 3099   -1.183538E-07
 3100   -1.182775E-07
 3101   -5.098463E-08
 3102   -5.095176E-08
 3103   -5.091893E-08
 3104   -5.088614E-08
 3105   -5.085337E-08
 3106   -5.082064E-08
 3107   -5.078793E-08
 3108   -5.075526E-08
 3109   -5.072262E-08
 3110   -5.069001E-08
 3111   -1.281100E-08
 3112   -1.280277E-08
 3113   -1.279454E-08
 3114   -1.278633E-08
 3115   -1.277812E-08
 3116   -1.276992E-08
 3117   -1.276173E-08
 3118   -1.275355E-08
 3119   -1.274537E-08
 3120   -1.273721E-08
 3121   -1.042095E-09
 3122   -1.041428E-09
 3123   -1.040761E-09
 3124   -1.040095E-09
 3125   -1.039430E-09
 3126   -1.038765E-09
 3127   -1.038101E-09
 3128   -1.037437E-09
 3129   -1.036774E-09
 3130   -1.036112E-09
 3131    1.518185E-09
 3132    1.517216E-09
 3133    1.516248E-09
 3134    1.515280E-09
 3135    1.514314E-09
 3136    1.513349E-09
 3137    1.512384E-09
 3138    1.511420E-09
 3139    1.510458E-09
 3140    1.509496E-09
 3141    3.122297E-09
 3142    3.120311E-09
 3143    3.118326E-09
 3144    3.116343E-09
 3145    3.114361E-09
 3146    3.112382E-09
 3147    3.110405E-09
 3148    3.108429E-09
 3149    3.106456E-09
 3150    3.104484E-09
 3151    4.482214E-09
 3152    4.479371E-09
 3153    4.476530E-09
 3154    4.473692E-09
 3155    4.470857E-09
 3156    4.468025E-09
 3157    4.465195E-09
 3158    4.462368E-09
 3159    4.459544E-09
 3160    4.456723E-09
 3161    4.974041E-09
 3162    4.970896E-09
 3163    4.967754E-09
 3164    4.964615E-09
 3165    4.961479E-09
 3166    4.958345E-09
 3167    4.955215E-09
 3168    4.952088E-09
 3169    4.948963E-09
 3170    4.945842E-09
 3171    5.183988E-09
 3172    5.180721E-09
 3173    5.177456E-09
 3174    5.174195E-09
 3175    5.170937E-09
 3176    5.167681E-09
 3177    5.164429E-09
 3178    5.161180E-09
 3179    5.157934E-09
 3180    5.154691E-09
 3181    5.403251E-09
 3182    5.399856E-09
 3183    5.396464E-09
 3184    5.393076E-09
 3185    5.389690E-09
 3186    5.386308E-09
 3187    5.382929E-09
 3188    5.379553E-09
 3189    5.376180E-09
 3190    5.372811E-09
 3191    5.499765E-09
 3192    5.496320E-09
 3193    5.492878E-09
 3194    5.489440E-09
 3195    5.486004E-09
 3196    5.482572E-09
 3197    5.479144E-09
 3198    5.475718E-09
 3199    5.472296E-09
 3200    5.468877E-09
 3201    5.334230E-09
 3202    5.330899E-09
 3203    5.327572E-09
 3204    5.324247E-09
 3205    5.320926E-09
 3206    5.317608E-09
 3207    5.314292E-09
 3208    5.310980E-09
 3209    5.307671E-09
 3210    5.304365E-09
 3211    5.317153E-09
 3212    5.313843E-09
 3213    5.310536E-09
 3214    5.307232E-09
 3215    5.303932E-09
 3216    5.300634E-09
 3217    5.297340E-09
 3218    5.294049E-09
 3219    5.290761E-09
 3220    5.287475E-09
 3221    5.244625E-09
 3222    5.241370E-09
 3223    5.238119E-09
 3224    5.234870E-09
 3225    5.231625E-09
 3226    5.228382E-09
 3227    5.225143E-09
 3228    5.221907E-09
 3229    5.218673E-09
 3230    5.215443E-09
 3231    5.065200E-09
 3232    5.062067E-09
 3233    5.058936E-09
 3234    5.055809E-09
 3235    5.052684E-09
 3236    5.049562E-09
 3237    5.046443E-09
 3238    5.043327E-09
 3239    5.040214E-09
 3240    5.037104E-09
 3241    4.875643E-09
 3242    4.872636E-09
 3243    4.869632E-09
 3244    4.866630E-09
 3245    4.863632E-09
 3246    4.860636E-09
 3247    4.857643E-09
 3248    4.854653E-09
 3249    4.851665E-09
 3250    4.848681E-09
 3251    4.701944E-09
 3252    4.699053E-09
 3253    4.696165E-09
 3254    4.693279E-09
 3255    4.690396E-09
 3256    4.687516E-09
 3257    4.684639E-09
 3258    4.681764E-09
 3259    4.678891E-09
 3260    4.676022E-09
 3261    4.598116E-09
 3262    4.595298E-09
 3263    4.592482E-09
 3264    4.589669E-09
 3265    4.586858E-09
 3266    4.584050E-09
 3267    4.581245E-09
 3268    4.578442E-09
 3269    4.575642E-09
 3270    4.572844E-09
 3271    4.296593E-09
 3272    4.293968E-09
 3273    4.291345E-09
 3274    4.288724E-09
 3275    4.286106E-09
 3276    4.283490E-09
 3277    4.280876E-09
 3278    4.278265E-09
 3279    4.275657E-09
 3280    4.273050E-09
 3281    4.218644E-09
 3282    4.216074E-09
 3283    4.213506E-09
 3284    4.210941E-09
 3285    4.208378E-09
 3286    4.205817E-09
 3287    4.203259E-09
 3288    4.200703E-09
 3289    4.198149E-09
 3290    4.195598E-09
 3291    3.901280E-09
 3292    3.898911E-09
 3293    3.896544E-09
 3294    3.894178E-09
 3295    3.891815E-09
 3296    3.889455E-09
 3297    3.887096E-09
 3298    3.884739E-09
 3299    3.882385E-09
 3300    3.880033E-09
