   50    0.000000E+00
   51    0.000000E+00
   52    0.000000E+00
   53    0.000000E+00
   54    0.000000E+00
   55    0.000000E+00
   56    0.000000E+00
   57    0.000000E+00
   58    0.000000E+00
   59    0.000000E+00
   60    0.000000E+00
   61    0.000000E+00
   62    0.000000E+00
   63    0.000000E+00
   64    0.000000E+00
   65    0.000000E+00
   66    0.000000E+00
   67    0.000000E+00
   68    0.000000E+00
   69    0.000000E+00
   70    0.000000E+00
   71    0.000000E+00
   72    0.000000E+00
   73    0.000000E+00
   74    0.000000E+00
   75    0.000000E+00
   76    0.000000E+00
   77    0.000000E+00
   78    0.000000E+00
   79    0.000000E+00
   80    0.000000E+00
   81    0.000000E+00
   82    0.000000E+00
   83    0.000000E+00
   84    0.000000E+00
   85    0.000000E+00
   86    0.000000E+00
   87    0.000000E+00
   88    0.000000E+00
   89    0.000000E+00
   90    0.000000E+00
   91    0.000000E+00
   92    0.000000E+00
   93    0.000000E+00
   94    0.000000E+00
   95    0.000000E+00
   96    0.000000E+00
   97    0.000000E+00
   98    0.000000E+00
   99    0.000000E+00
  100    0.000000E+00
  101    0.000000E+00
  102    0.000000E+00
  103    0.000000E+00
  104    0.000000E+00
  105    0.000000E+00
  106    0.000000E+00
  107    0.000000E+00
  108    0.000000E+00
  109    0.000000E+00
  110    0.000000E+00
  111    0.000000E+00
  112    0.000000E+00
  113    0.000000E+00
  114    0.000000E+00
  115    0.000000E+00
  116    0.000000E+00
  117    0.000000E+00
  118    0.000000E+00
  119    0.000000E+00
  120    0.000000E+00
  121    0.000000E+00
  122    0.000000E+00
  123    0.000000E+00
  124    0.000000E+00
  125    0.000000E+00
  126    0.000000E+00
  127    0.000000E+00
  128    0.000000E+00
  129    0.000000E+00
  130    0.000000E+00
  131    0.000000E+00
  132    0.000000E+00
  133    0.000000E+00
  134    0.000000E+00
  135    0.000000E+00
  136    0.000000E+00
  137    0.000000E+00
  138    0.000000E+00
  139    0.000000E+00
  140    0.000000E+00
  141    0.000000E+00
  142    0.000000E+00
  143    0.000000E+00
  144    0.000000E+00
  145    0.000000E+00
  146    0.000000E+00
  147    0.000000E+00
  148    0.000000E+00
  149    0.000000E+00
  150    0.000000E+00
  151    0.000000E+00
  152    0.000000E+00
  153    0.000000E+00
  154    0.000000E+00
  155    0.000000E+00
  156    0.000000E+00
  157    0.000000E+00
  158    0.000000E+00
  159    0.000000E+00
  160    0.000000E+00
  161    0.000000E+00
  162    0.000000E+00
  163    0.000000E+00
  164    0.000000E+00
  165    0.000000E+00
  166    0.000000E+00
  167    0.000000E+00
  168    0.000000E+00
  169    0.000000E+00
  170    0.000000E+00
  171    0.000000E+00
  172    0.000000E+00
  173    0.000000E+00
  174    0.000000E+00
  175    0.000000E+00
  176    0.000000E+00
  177    0.000000E+00
  178    0.000000E+00
  179    0.000000E+00
  180    0.000000E+00
  181    3.468995E-13
  182    3.431083E-13
  183    3.393788E-13
  184    3.357099E-13
  185    3.321001E-13
  186    3.285482E-13
  187    3.250530E-13
  188    3.216133E-13
  189    3.182279E-13
  190    3.148957E-13
  191    6.954022E-13
  192    6.881959E-13
  193    6.811011E-13
  194    6.741155E-13
  195    6.672368E-13
  196    6.604628E-13
  197    6.537914E-13
  198    6.472207E-13
  199    6.407485E-13
  200    6.343729E-13
  201    1.321178E-11
  202    1.308161E-11
  203    1.295336E-11
  204    1.282699E-11
  205    1.270245E-11
  206    1.257972E-11
  207    1.245877E-11
  208    1.233954E-11
  209    1.222202E-11
  210    1.210618E-11
  211    1.746228E-11
  212    1.729832E-11
  213    1.713665E-11
  214    1.697724E-11
  215    1.682005E-11
  216    1.666502E-11
  217    1.651213E-11
  218    1.636134E-11
  219    1.621260E-11
  220    1.606588E-11
  221    2.932201E-11
  222    2.905903E-11
  223    2.879958E-11
  224    2.854358E-11
  225    2.829098E-11
  226    2.804172E-11
  227    2.779574E-11
  228    2.755298E-11
  229    2.731339E-11
  230    2.707691E-11
  231    6.380369E-11
  232    6.325602E-11
  233    6.271537E-11
  234    6.218163E-11
  235    6.165466E-11
  236    6.113437E-11
  237    6.062064E-11
  238    6.011335E-11
  239    5.961241E-11
  240    5.911770E-11
  241    5.668235E-11
  242    5.621583E-11
  243    5.575504E-11
  244    5.529990E-11
  245    5.485031E-11
  246    5.440618E-11
  247    5.396742E-11
  248    5.353394E-11
  249    5.310567E-11
  250    5.268252E-11
  251    1.197098E-10
  252    1.187635E-10
  253    1.178283E-10
  254    1.169042E-10
  255    1.159909E-10
  256    1.150882E-10
  257    1.141961E-10
  258    1.133142E-10
  259    1.124426E-10
  260    1.115810E-10
  261    1.225088E-10
  262    1.215772E-10
  263    1.206562E-10
  264    1.197456E-10
  265    1.188452E-10
  266    1.179550E-10
  267    1.170747E-10
  268    1.162043E-10
  269    1.153435E-10
  270    1.144923E-10
  271    1.591452E-10
  272    1.579793E-10
  273    1.568262E-10
  274    1.556856E-10
  275    1.545575E-10
  276    1.534415E-10
  277    1.523376E-10
  278    1.512456E-10
  279    1.501653E-10
  280    1.490965E-10
  281    1.777625E-10
  282    1.765062E-10
  283    1.752632E-10
  284    1.740333E-10
  285    1.728163E-10
  286    1.716120E-10
  287    1.704202E-10
  288    1.692408E-10
  289    1.680737E-10
  290    1.669185E-10
  291    2.108110E-10
  292    2.093720E-10
  293    2.079477E-10
  294    2.065379E-10
  295    2.051424E-10
  296    2.037609E-10
  297    2.023934E-10
  298    2.010396E-10
  299    1.996993E-10
  300    1.983724E-10
  301    2.474349E-10
  302    2.458017E-10
  303    2.441846E-10
  304    2.425834E-10
  305    2.409978E-10
  306    2.394278E-10
  307    2.378731E-10
  308    2.363335E-10
  309    2.348087E-10
  310    2.332987E-10
  311    2.657936E-10
  312    2.640952E-10
  313    2.624131E-10
  314    2.607470E-10
  315    2.590967E-10
  316    2.574620E-10
  317    2.558428E-10
  318    2.542387E-10
  319    2.526497E-10
  320    2.510756E-10
  321    2.993245E-10
  322    2.974711E-10
  323    2.956348E-10
  324    2.938155E-10
  325    2.920130E-10
  326    2.902270E-10
  327    2.884573E-10
  328    2.867038E-10
  329    2.849662E-10
  330    2.832443E-10
  331    3.364172E-10
  332    3.343966E-10
  333    3.323943E-10
  334    3.304098E-10
  335    3.284431E-10
  336    3.264939E-10
  337    3.245620E-10
  338    3.226471E-10
  339    3.207492E-10
  340    3.188680E-10
  341    3.652282E-10
  342    3.630986E-10
  343    3.609876E-10
  344    3.588949E-10
  345    3.568204E-10
  346    3.547638E-10
  347    3.527249E-10
  348    3.507035E-10
  349    3.486995E-10
  350    3.467126E-10
  351    3.785381E-10
  352    3.763935E-10
  353    3.742669E-10
  354    3.721584E-10
  355    3.700676E-10
  356    3.679944E-10
  357    3.659386E-10
  358    3.638999E-10
  359    3.618782E-10
  360    3.598734E-10
  361    4.546607E-10
  362    4.521557E-10
  363    4.496713E-10
  364    4.472074E-10
  365    4.447636E-10
  366    4.423399E-10
  367    4.399358E-10
  368    4.375514E-10
  369    4.351862E-10
  370    4.328402E-10
  371    4.493034E-10
  372    4.468943E-10
  373    4.445045E-10
  374    4.421338E-10
  375    4.397820E-10
  376    4.374490E-10
  377    4.351344E-10
  378    4.328382E-10
  379    4.305601E-10
  380    4.283000E-10
  381    5.081033E-10
  382    5.054500E-10
  383    5.028175E-10
  384    5.002054E-10
  385    4.976137E-10
  386    4.950421E-10
  387    4.924903E-10
  388    4.899582E-10
  389    4.874456E-10
  390    4.849523E-10
  391    5.588136E-10
  392    5.559697E-10
  393    5.531476E-10
  394    5.503468E-10
  395    5.475673E-10
  396    5.448088E-10
  397    5.420710E-10
  398    5.393539E-10
  399    5.366571E-10
  400    5.339805E-10
  401    5.286451E-10
  402    5.260215E-10
  403    5.234175E-10
  404    5.208327E-10
  405    5.182670E-10
  406    5.157203E-10
  407    5.131922E-10
  408    5.106827E-10
  409    5.081916E-10
  410    5.057186E-10
  411    6.410379E-10
  412    6.379336E-10
  413    6.348518E-10
  414    6.317923E-10
  415    6.287548E-10
  416    6.257392E-10
  417    6.227452E-10
  418    6.197727E-10
  419    6.168214E-10
  420    6.138911E-10
  421    5.924442E-10
  422    5.896430E-10
  423    5.868617E-10
  424    5.841000E-10
  425    5.813577E-10
  426    5.786347E-10
  427    5.759308E-10
  428    5.732458E-10
  429    5.705796E-10
  430    5.679319E-10
  431    7.034926E-10
  432    7.002432E-10
  433    6.970163E-10
  434    6.938116E-10
  435    6.906290E-10
  436    6.874682E-10
  437    6.843291E-10
  438    6.812114E-10
  439    6.781150E-10
  440    6.750396E-10
  441    7.135641E-10
  442    7.103426E-10
  443    7.071428E-10
  444    7.039647E-10
  445    7.008079E-10
  446    6.976723E-10
  447    6.945577E-10
  448    6.914639E-10
  449    6.883907E-10
  450    6.853380E-10
  451    7.213162E-10
  452    7.181315E-10
  453    7.149680E-10
  454    7.118253E-10
  455    7.087032E-10
  456    7.056017E-10
  457    7.025204E-10
  458    6.994593E-10
  459    6.964182E-10
  460    6.933969E-10
  461    8.134051E-10
  462    8.098914E-10
  463    8.064005E-10
  464    8.029321E-10
  465    7.994861E-10
  466    7.960622E-10
  467    7.926602E-10
  468    7.892800E-10
  469    7.859213E-10
  470    7.825841E-10
  471    7.781850E-10
  472    7.748945E-10
  473    7.716249E-10
  474    7.683760E-10
  475    7.651475E-10
  476    7.619394E-10
  477    7.587513E-10
  478    7.555833E-10
  479    7.524350E-10
  480    7.493064E-10
  481    9.315926E-10
  482    9.277351E-10
  483    9.239015E-10
  484    9.200916E-10
  485    9.163052E-10
  486    9.125421E-10
  487    9.088022E-10
  488    9.050852E-10
  489    9.013910E-10
  490    8.977193E-10
  491    8.689793E-10
  492    8.654540E-10
  493    8.619502E-10
  494    8.584676E-10
  495    8.550060E-10
  496    8.515653E-10
  497    8.481454E-10
  498    8.447460E-10
  499    8.413670E-10
  500    8.380083E-10
  501    9.306186E-10
  502    9.269183E-10
  503    9.232401E-10
  504    9.195837E-10
  505    9.159489E-10
  506    9.123357E-10
  507    9.087439E-10
  508    9.051732E-10
  509    9.016235E-10
  510    8.980946E-10
  511    1.015073E-09
  512    1.011116E-09
  513    1.007181E-09
  514    1.003270E-09
  515    9.993812E-10
  516    9.955151E-10
  517    9.916715E-10
  518    9.878500E-10
  519    9.840506E-10
  520    9.802730E-10
  521    9.897767E-10
  522    9.859917E-10
  523    9.822284E-10
  524    9.784866E-10
  525    9.747661E-10
  526    9.710668E-10
  527    9.673885E-10
  528    9.637311E-10
  529    9.600944E-10
  530    9.564782E-10
  531    1.124271E-09
  532    1.120052E-09
  533    1.115857E-09
  534    1.111686E-09
  535    1.107537E-09
  536    1.103413E-09
  537    1.099311E-09
  538    1.095232E-09
  539    1.091175E-09
  540    1.087141E-09
  541    1.054569E-09
  542    1.050684E-09
  543    1.046821E-09
  544    1.042980E-09
  545    1.039159E-09
  546    1.035360E-09
  547    1.031581E-09
  548    1.027823E-09
  549    1.024086E-09
  550    1.020369E-09
  551    1.187322E-09
  552    1.183028E-09
  553    1.178757E-09
  554    1.174510E-09
  555    1.170285E-09
  556    1.166083E-09
  557    1.161903E-09
  558    1.157746E-09
  559    1.153611E-09
  560    1.149499E-09
  561    1.202180E-09
  562    1.197909E-09
  563    1.193661E-09
  564    1.189436E-09
  565    1.185233E-09
  566    1.181052E-09
  567    1.176893E-09
  568    1.172757E-09
  569    1.168642E-09
  570    1.164548E-09
  571    1.209945E-09
  572    1.205721E-09
  573    1.201520E-09
  574    1.197341E-09
  575    1.193184E-09
  576    1.189048E-09
  577    1.184933E-09
  578    1.180840E-09
  579    1.176769E-09
  580    1.172718E-09
  581    1.301837E-09
  582    1.297371E-09
  583    1.292928E-09
  584    1.288508E-09
  585    1.284110E-09
  586    1.279735E-09
  587    1.275382E-09
  588    1.271051E-09
  589    1.266743E-09
  590    1.262456E-09
  591    1.348843E-09
  592    1.344294E-09
  593    1.339768E-09
  594    1.335265E-09
  595    1.330784E-09
  596    1.326326E-09
  597    1.321890E-09
  598    1.317476E-09
  599    1.313084E-09
  600    1.308715E-09
  601    1.447290E-09
  602    1.442489E-09
  603    1.437713E-09
  604    1.432960E-09
  605    1.428231E-09
  606    1.423525E-09
  607    1.418842E-09
  608    1.414183E-09
  609    1.409546E-09
  610    1.404932E-09
  611    1.438675E-09
  612    1.433981E-09
  613    1.429310E-09
  614    1.424662E-09
  615    1.420036E-09
  616    1.415433E-09
  617    1.410853E-09
  618    1.406294E-09
  619    1.401758E-09
  620    1.397243E-09
  621    1.595317E-09
  622    1.590196E-09
  623    1.585099E-09
  624    1.580027E-09
  625    1.574979E-09
  626    1.569955E-09
  627    1.564955E-09
  628    1.559979E-09
  629    1.555027E-09
  630    1.550098E-09
  631    1.619867E-09
  632    1.614749E-09
  633    1.609655E-09
  634    1.604585E-09
  635    1.599539E-09
  636    1.594517E-09
  637    1.589519E-09
  638    1.584544E-09
  639    1.579592E-09
  640    1.574663E-09
  641    1.694469E-09
  642    1.689199E-09
  643    1.683953E-09
  644    1.678731E-09
  645    1.673534E-09
  646    1.668361E-09
  647    1.663211E-09
  648    1.658086E-09
  649    1.652984E-09
  650    1.647906E-09
  651    1.837768E-09
  652    1.832139E-09
  653    1.826536E-09
  654    1.820959E-09
  655    1.815408E-09
  656    1.809881E-09
  657    1.804380E-09
  658    1.798904E-09
  659    1.793453E-09
  660    1.788026E-09
  661    1.875367E-09
  662    1.869710E-09
  663    1.864078E-09
  664    1.858472E-09
  665    1.852891E-09
  666    1.847335E-09
  667    1.841804E-09
  668    1.836298E-09
  669    1.830817E-09
  670    1.825360E-09
  671    2.106404E-09
  672    2.100144E-09
  673    2.093912E-09
  674    2.087708E-09
  675    2.081532E-09
  676    2.075382E-09
  677    2.069260E-09
  678    2.063165E-09
  679    2.057097E-09
  680    2.051056E-09
  681    2.157004E-09
  682    2.150688E-09
  683    2.144399E-09
  684    2.138138E-09
  685    2.131904E-09
  686    2.125698E-09
  687    2.119519E-09
  688    2.113366E-09
  689    2.107240E-09
  690    2.101141E-09
  691    2.316668E-09
  692    2.309983E-09
  693    2.303326E-09
  694    2.296697E-09
  695    2.290098E-09
  696    2.283526E-09
  697    2.276983E-09
  698    2.270468E-09
  699    2.263981E-09
  700    2.257522E-09
  701    2.469230E-09
  702    2.462205E-09
  703    2.455210E-09
  704    2.448245E-09
  705    2.441309E-09
  706    2.434403E-09
  707    2.427526E-09
  708    2.420679E-09
  709    2.413860E-09
  710    2.407070E-09
  711    2.597922E-09
  712    2.590635E-09
  713    2.583378E-09
  714    2.576152E-09
  715    2.568956E-09
  716    2.561790E-09
  717    2.554654E-09
  718    2.547548E-09
  719    2.540472E-09
  720    2.533425E-09
  721    2.851295E-09
  722    2.843408E-09
  723    2.835553E-09
  724    2.827731E-09
  725    2.819941E-09
  726    2.812183E-09
  727    2.804457E-09
  728    2.796763E-09
  729    2.789101E-09
  730    2.781470E-09
  731    2.951253E-09
  732    2.943200E-09
  733    2.935181E-09
  734    2.927194E-09
  735    2.919239E-09
  736    2.911318E-09
  737    2.903428E-09
  738    2.895570E-09
  739    2.887744E-09
  740    2.879950E-09
  741    3.302962E-09
  742    3.294071E-09
  743    3.285216E-09
  744    3.276396E-09
  745    3.267613E-09
  746    3.258864E-09
  747    3.250150E-09
  748    3.241472E-09
  749    3.232828E-09
  750    3.224218E-09
  751    3.423253E-09
  752    3.414161E-09
  753    3.405105E-09
  754    3.396084E-09
  755    3.387100E-09
  756    3.378151E-09
  757    3.369238E-09
  758    3.360360E-09
  759    3.351517E-09
  760    3.342709E-09
  761    3.701550E-09
  762    3.691847E-09
  763    3.682183E-09
  764    3.672556E-09
  765    3.662967E-09
  766    3.653416E-09
  767    3.643902E-09
  768    3.634425E-09
  769    3.624985E-09
  770    3.615581E-09
  771    4.087351E-09
  772    4.076776E-09
  773    4.066242E-09
  774    4.055748E-09
  775    4.045295E-09
  776    4.034883E-09
  777    4.024510E-09
  778    4.014178E-09
  779    4.003885E-09
  780    3.993632E-09
  781    4.238272E-09
  782    4.227446E-09
  783    4.216662E-09
  784    4.205919E-09
  785    4.195217E-09
  786    4.184555E-09
  787    4.173935E-09
  788    4.163354E-09
  789    4.152814E-09
  790    4.142314E-09
  791    4.814996E-09
  792    4.802853E-09
  793    4.790755E-09
  794    4.778703E-09
  795    4.766696E-09
  796    4.754734E-09
  797    4.742818E-09
  798    4.730946E-09
  799    4.719118E-09
  800    4.707335E-09
  801    5.047472E-09
  802    5.034901E-09
  803    5.022376E-09
  804    5.009898E-09
  805    4.997466E-09
  806    4.985081E-09
  807    4.972742E-09
  808    4.960448E-09
  809    4.948200E-09
  810    4.935998E-09
  811    5.483914E-09
  812    5.470423E-09
  813    5.456983E-09
  814    5.443591E-09
  815    5.430249E-09
  816    5.416956E-09
  817    5.403712E-09
  818    5.390516E-09
  819    5.377368E-09
  820    5.364268E-09
  821    6.103964E-09
  822    6.089130E-09
  823    6.074351E-09
  824    6.059625E-09
  825    6.044953E-09
  826    6.030334E-09
  827    6.015768E-09
  828    6.001254E-09
  829    5.986794E-09
  830    5.972385E-09
  831    6.343217E-09
  832    6.327987E-09
  833    6.312812E-09
  834    6.297691E-09
  835    6.282625E-09
  836    6.267613E-09
  837    6.252654E-09
  838    6.237749E-09
  839    6.222898E-09
  840    6.208099E-09
  841    7.356710E-09
  842    7.339256E-09
  843    7.321865E-09
  844    7.304535E-09
  845    7.287266E-09
  846    7.270059E-09
  847    7.252913E-09
  848    7.235827E-09
  849    7.218801E-09
  850    7.201836E-09
  851    7.374652E-09
  852    7.357361E-09
  853    7.340131E-09
  854    7.322961E-09
  855    7.305851E-09
  856    7.288801E-09
  857    7.271811E-09
  858    7.254880E-09
  859    7.238008E-09
  860    7.221195E-09
  861    8.196413E-09
  862    8.177418E-09
  863    8.158489E-09
  864    8.139625E-09
  865    8.120827E-09
  866    8.102094E-09
  867    8.083425E-09
  868    8.064821E-09
  869    8.046282E-09
  870    8.027806E-09
  871    9.047534E-09
  872    9.026807E-09
  873    9.006150E-09
  874    8.985565E-09
  875    8.965050E-09
  876    8.944605E-09
  877    8.924230E-09
  878    8.903925E-09
  879    8.883688E-09
  880    8.863521E-09
  881    9.170534E-09
  882    9.149763E-09
  883    9.129062E-09
  884    9.108431E-09
  885    9.087871E-09
  886    9.067379E-09
  887    9.046957E-09
  888    9.026604E-09
  889    9.006320E-09
  890    8.986104E-09
  891    1.074711E-08
  892    1.072304E-08
  893    1.069905E-08
  894    1.067514E-08
  895    1.065131E-08
  896    1.062756E-08
  897    1.060389E-08
  898    1.058030E-08
  899    1.055679E-08
  900    1.053336E-08
  901    1.090214E-08
  902    1.087800E-08
  903    1.085393E-08
  904    1.082994E-08
  905    1.080604E-08
  906    1.078221E-08
  907    1.075846E-08
  908    1.073479E-08
  909    1.071119E-08
  910    1.068768E-08
  911    1.200553E-08
  912    1.197923E-08
  913    1.195302E-08
  914    1.192689E-08
  915    1.190085E-08
  916    1.187490E-08
  917    1.184903E-08
  918    1.182324E-08
  919    1.179754E-08
  920    1.177192E-08
  921    1.318669E-08
  922    1.315811E-08
  923    1.312963E-08
  924    1.310125E-08
  925    1.307295E-08
  926    1.304474E-08
  927    1.301663E-08
  928    1.298861E-08
  929    1.296068E-08
  930    1.293283E-08
  931    1.346344E-08
  932    1.343458E-08
  933    1.340581E-08
  934    1.337713E-08
  935    1.334855E-08
  936    1.332006E-08
  937    1.329166E-08
  938    1.326335E-08
  939    1.323513E-08
  940    1.320700E-08
  941    1.573759E-08
  942    1.570422E-08
  943    1.567094E-08
  944    1.563778E-08
  945    1.560472E-08
  946    1.557176E-08
  947    1.553891E-08
  948    1.550616E-08
  949    1.547352E-08
  950    1.544097E-08
  951    1.572153E-08
  952    1.568854E-08
  953    1.565565E-08
  954    1.562286E-08
  955    1.559018E-08
  956    1.555760E-08
  957    1.552512E-08
  958    1.549274E-08
  959    1.546046E-08
  960    1.542829E-08
  961    1.753494E-08
  962    1.749852E-08
  963    1.746222E-08
  964    1.742603E-08
  965    1.738995E-08
  966    1.735398E-08
  967    1.731813E-08
  968    1.728238E-08
  969    1.724675E-08
  970    1.721123E-08
  971    1.824875E-08
  972    1.821124E-08
  973    1.817385E-08
  974    1.813657E-08
  975    1.809940E-08
  976    1.806235E-08
  977    1.802541E-08
  978    1.798859E-08
  979    1.795188E-08
  980    1.791528E-08
  981    1.895504E-08
  982    1.891647E-08
  983    1.887802E-08
  984    1.883969E-08
  985    1.880148E-08
  986    1.876338E-08
  987    1.872540E-08
  988    1.868753E-08
  989    1.864978E-08
  990    1.861214E-08
  991    2.182828E-08
  992    2.178431E-08
  993    2.174048E-08
  994    2.169678E-08
  995    2.165321E-08
  996    2.160978E-08
  997    2.156647E-08
  998    2.152329E-08
  999    2.148025E-08
 1000    2.143733E-08
 1001    2.116068E-08
 1002    2.111849E-08
 1003    2.107642E-08
 1004    2.103448E-08
 1005    2.099266E-08
 1006    2.095096E-08
 1007    2.090939E-08
 1008    2.086795E-08
 1009    2.082663E-08
 1010    2.078543E-08
 1011    2.491030E-08
 1012    2.486112E-08
 1013    2.481208E-08
 1014    2.476319E-08
 1015    2.471445E-08
 1016    2.466584E-08
 1017    2.461739E-08
 1018    2.456907E-08
 1019    2.452089E-08
 1020    2.447286E-08
 1021    2.618415E-08
 1022    2.613296E-08
 1023    2.608192E-08
 1024    2.603103E-08
 1025    2.598029E-08
 1026    2.592969E-08
 1027    2.587925E-08
 1028    2.582895E-08
 1029    2.577879E-08
 1030    2.572879E-08
 1031    2.745905E-08
 1032    2.740589E-08
 1033    2.735288E-08
 1034    2.730002E-08
 1035    2.724732E-08
 1036    2.719477E-08
 1037    2.714237E-08
 1038    2.709012E-08
 1039    2.703803E-08
 1040    2.698608E-08
 1041    2.998679E-08
 1042    2.992929E-08
 1043    2.987195E-08
 1044    2.981478E-08
 1045    2.975777E-08
 1046    2.970093E-08
 1047    2.964425E-08
 1048    2.958773E-08
 1049    2.953137E-08
 1050    2.947517E-08
 1051    2.966918E-08
 1052    2.961283E-08
 1053    2.955663E-08
 1054    2.950060E-08
 1055    2.944473E-08
 1056    2.938902E-08
 1057    2.933346E-08
 1058    2.927806E-08
 1059    2.922282E-08
 1060    2.916773E-08
 1061    3.390196E-08
 1062    3.383817E-08
 1063    3.377457E-08
 1064    3.371114E-08
 1065    3.364789E-08
 1066    3.358482E-08
 1067    3.352193E-08
 1068    3.345921E-08
 1069    3.339667E-08
 1070    3.333431E-08
 1071    3.442123E-08
 1072    3.435707E-08
 1073    3.429309E-08
 1074    3.422929E-08
 1075    3.416567E-08
 1076    3.410222E-08
 1077    3.403895E-08
 1078    3.397586E-08
 1079    3.391294E-08
 1080    3.385020E-08
 1081    3.666429E-08
 1082    3.659659E-08
 1083    3.652906E-08
 1084    3.646173E-08
 1085    3.639458E-08
 1086    3.632762E-08
 1087    3.626084E-08
 1088    3.619424E-08
 1089    3.612783E-08
 1090    3.606160E-08
 1091    3.866849E-08
 1092    3.859773E-08
 1093    3.852717E-08
 1094    3.845680E-08
 1095    3.838663E-08
 1096    3.831664E-08
 1097    3.824685E-08
 1098    3.817724E-08
 1099    3.810783E-08
 1100    3.803861E-08
 1101    4.042292E-08
 1102    4.034962E-08
 1103    4.027652E-08
 1104    4.020363E-08
 1105    4.013092E-08
 1106    4.005842E-08
 1107    3.998611E-08
 1108    3.991400E-08
 1109    3.984208E-08
 1110    3.977036E-08
 1111    4.319202E-08
 1112    4.311441E-08
 1113    4.303700E-08
 1114    4.295981E-08
 1115    4.288282E-08
 1116    4.280604E-08
 1117    4.272946E-08
 1118    4.265309E-08
 1119    4.257692E-08
 1120    4.250096E-08
 1121    4.550242E-08
 1122    4.542138E-08
 1123    4.534056E-08
 1124    4.525996E-08
 1125    4.517957E-08
 1126    4.509939E-08
 1127    4.501943E-08
 1128    4.493968E-08
 1129    4.486014E-08
 1130    4.478081E-08
 1131    4.805461E-08
 1132    4.796978E-08
 1133    4.788518E-08
 1134    4.780080E-08
 1135    4.771664E-08
 1136    4.763271E-08
 1137    4.754900E-08
 1138    4.746551E-08
 1139    4.738223E-08
 1140    4.729918E-08
 1141    5.132237E-08
 1142    5.123257E-08
 1143    5.114300E-08
 1144    5.105367E-08
 1145    5.096457E-08
 1146    5.087570E-08
 1147    5.078707E-08
 1148    5.069867E-08
 1149    5.061050E-08
 1150    5.052255E-08
 1151    5.356280E-08
 1152    5.346989E-08
 1153    5.337722E-08
 1154    5.328480E-08
 1155    5.319261E-08
 1156    5.310066E-08
 1157    5.300895E-08
 1158    5.291747E-08
 1159    5.282624E-08
 1160    5.273524E-08
 1161    5.570318E-08
 1162    5.560739E-08
 1163    5.551185E-08
 1164    5.541655E-08
 1165    5.532149E-08
 1166    5.522668E-08
 1167    5.513212E-08
 1168    5.503779E-08
 1169    5.494371E-08
 1170    5.484987E-08
 1171    5.766916E-08
 1172    5.757084E-08
 1173    5.747276E-08
 1174    5.737493E-08
 1175    5.727736E-08
 1176    5.718003E-08
 1177    5.708295E-08
 1178    5.698612E-08
 1179    5.688953E-08
 1180    5.679319E-08
 1181    6.311676E-08
 1182    6.301005E-08
 1183    6.290361E-08
 1184    6.279745E-08
 1185    6.269155E-08
 1186    6.258592E-08
 1187    6.248056E-08
 1188    6.237546E-08
 1189    6.227063E-08
 1190    6.216606E-08
 1191    6.513617E-08
 1192    6.502697E-08
 1193    6.491805E-08
 1194    6.480940E-08
 1195    6.470102E-08
 1196    6.459292E-08
 1197    6.448508E-08
 1198    6.437752E-08
 1199    6.427022E-08
 1200    6.416319E-08
 1201    6.917679E-08
 1202    6.906179E-08
 1203    6.894707E-08
 1204    6.883263E-08
 1205    6.871848E-08
 1206    6.860461E-08
 1207    6.849103E-08
 1208    6.837773E-08
 1209    6.826471E-08
 1210    6.815197E-08
 1211    7.056299E-08
 1212    7.044664E-08
 1213    7.033059E-08
 1214    7.021482E-08
 1215    7.009933E-08
 1216    6.998413E-08
 1217    6.986921E-08
 1218    6.975458E-08
 1219    6.964023E-08
 1220    6.952616E-08
 1221    7.255322E-08
 1222    7.243458E-08
 1223    7.231622E-08
 1224    7.219815E-08
 1225    7.208037E-08
 1226    7.196288E-08
 1227    7.184568E-08
 1228    7.172876E-08
 1229    7.161213E-08
 1230    7.149578E-08
 1231    7.970906E-08
 1232    7.957977E-08
 1233    7.945079E-08
 1234    7.932212E-08
 1235    7.919377E-08
 1236    7.906573E-08
 1237    7.893800E-08
 1238    7.881058E-08
 1239    7.868346E-08
 1240    7.855666E-08
 1241    7.886229E-08
 1242    7.873540E-08
 1243    7.860881E-08
 1244    7.848253E-08
 1245    7.835656E-08
 1246    7.823089E-08
 1247    7.810552E-08
 1248    7.798045E-08
 1249    7.785568E-08
 1250    7.773121E-08
 1251    8.383802E-08
 1252    8.370420E-08
 1253    8.357070E-08
 1254    8.343752E-08
 1255    8.330466E-08
 1256    8.317211E-08
 1257    8.303988E-08
 1258    8.290797E-08
 1259    8.277637E-08
 1260    8.264508E-08
 1261    8.396156E-08
 1262    8.382861E-08
 1263    8.369597E-08
 1264    8.356364E-08
 1265    8.343163E-08
 1266    8.329993E-08
 1267    8.316854E-08
 1268    8.303747E-08
 1269    8.290670E-08
 1270    8.277624E-08
 1271    9.097177E-08
 1272    9.082884E-08
 1273    9.068626E-08
 1274    9.054400E-08
 1275    9.040208E-08
 1276    9.026050E-08
 1277    9.011925E-08
 1278    8.997833E-08
 1279    8.983773E-08
 1280    8.969747E-08
 1281    9.069938E-08
 1282    9.055799E-08
 1283    9.041693E-08
 1284    9.027621E-08
 1285    9.013581E-08
 1286    8.999574E-08
 1287    8.985599E-08
 1288    8.971657E-08
 1289    8.957748E-08
 1290    8.943871E-08
 1291    9.328114E-08
 1292    9.313686E-08
 1293    9.299291E-08
 1294    9.284929E-08
 1295    9.270600E-08
 1296    9.256305E-08
 1297    9.242042E-08
 1298    9.227813E-08
 1299    9.213616E-08
 1300    9.199452E-08
 1301    9.891417E-08
 1302    9.876234E-08
 1303    9.861086E-08
 1304    9.845974E-08
 1305    9.830896E-08
 1306    9.815852E-08
 1307    9.800843E-08
 1308    9.785869E-08
 1309    9.770928E-08
 1310    9.756022E-08
 1311    9.996025E-08
 1312    9.980799E-08
 1313    9.965607E-08
 1314    9.950450E-08
 1315    9.935328E-08
 1316    9.920240E-08
 1317    9.905187E-08
 1318    9.890168E-08
 1319    9.875182E-08
 1320    9.860231E-08
 1321    1.053031E-07
 1322    1.051440E-07
 1323    1.049851E-07
 1324    1.048267E-07
 1325    1.046686E-07
 1326    1.045108E-07
 1327    1.043534E-07
 1328    1.041964E-07
 1329    1.040397E-07
 1330    1.038833E-07
 1331    1.083111E-07
 1332    1.081486E-07
 1333    1.079864E-07
 1334    1.078247E-07
 1335    1.076632E-07
 1336    1.075022E-07
 1337    1.073415E-07
 1338    1.071812E-07
 1339    1.070212E-07
 1340    1.068616E-07
 1341    1.074450E-07
 1342    1.072850E-07
 1343    1.071253E-07
 1344    1.069660E-07
 1345    1.068071E-07
 1346    1.066485E-07
 1347    1.064903E-07
 1348    1.063324E-07
 1349    1.061749E-07
 1350    1.060177E-07
 1351    1.150771E-07
 1352    1.149070E-07
 1353    1.147373E-07
 1354    1.145679E-07
 1355    1.143989E-07
 1356    1.142303E-07
 1357    1.140621E-07
 1358    1.138942E-07
 1359    1.137267E-07
 1360    1.135596E-07
 1361    1.150864E-07
 1362    1.149176E-07
 1363    1.147491E-07
 1364    1.145809E-07
 1365    1.144132E-07
 1366    1.142458E-07
 1367    1.140788E-07
 1368    1.139121E-07
 1369    1.137458E-07
 1370    1.135799E-07
 1371    1.197432E-07
 1372    1.195687E-07
 1373    1.193947E-07
 1374    1.192210E-07
 1375    1.190477E-07
 1376    1.188748E-07
 1377    1.187023E-07
 1378    1.185302E-07
 1379    1.183584E-07
 1380    1.181870E-07
 1381    1.219071E-07
 1382    1.217308E-07
 1383    1.215549E-07
 1384    1.213794E-07
 1385    1.212043E-07
 1386    1.210295E-07
 1387    1.208551E-07
 1388    1.206811E-07
 1389    1.205074E-07
 1390    1.203342E-07
 1391    1.239098E-07
 1392    1.237319E-07
 1393    1.235544E-07
 1394    1.233773E-07
 1395    1.232005E-07
 1396    1.230241E-07
 1397    1.228481E-07
 1398    1.226725E-07
 1399    1.224973E-07
 1400    1.223224E-07
 1401    1.303497E-07
 1402    1.301638E-07
 1403    1.299784E-07
 1404    1.297934E-07
 1405    1.296088E-07
 1406    1.294245E-07
 1407    1.292407E-07
 1408    1.290573E-07
 1409    1.288742E-07
 1410    1.286915E-07
 1411    1.263651E-07
 1412    1.261862E-07
 1413    1.260078E-07
 1414    1.258297E-07
 1415    1.256519E-07
 1416    1.254746E-07
 1417    1.252976E-07
 1418    1.251210E-07
 1419    1.249448E-07
 1420    1.247689E-07
 1421    1.330495E-07
 1422    1.328625E-07
 1423    1.326759E-07
 1424    1.324896E-07
 1425    1.323038E-07
 1426    1.321184E-07
 1427    1.319334E-07
 1428    1.317487E-07
 1429    1.315644E-07
 1430    1.313806E-07
 1431    1.350534E-07
 1432    1.348649E-07
 1433    1.346768E-07
 1434    1.344891E-07
 1435    1.343018E-07
 1436    1.341148E-07
 1437    1.339283E-07
 1438    1.337422E-07
 1439    1.335564E-07
 1440    1.333711E-07
 1441    1.406528E-07
 1442    1.404579E-07
 1443    1.402634E-07
 1444    1.400692E-07
 1445    1.398755E-07
 1446    1.396822E-07
 1447    1.394892E-07
 1448    1.392967E-07
 1449    1.391046E-07
 1450    1.389128E-07
 1451    1.376681E-07
 1452    1.374786E-07
 1453    1.372895E-07
 1454    1.371007E-07
 1455    1.369124E-07
 1456    1.367245E-07
 1457    1.365369E-07
 1458    1.363498E-07
 1459    1.361630E-07
 1460    1.359766E-07
 1461    1.405609E-07
 1462    1.403687E-07
 1463    1.401770E-07
 1464    1.399856E-07
 1465    1.397946E-07
 1466    1.396040E-07
 1467    1.394138E-07
 1468    1.392240E-07
 1469    1.390346E-07
 1470    1.388456E-07
 1471    1.446342E-07
 1472    1.444378E-07
 1473    1.442418E-07
 1474    1.440462E-07
 1475    1.438511E-07
 1476    1.436563E-07
 1477    1.434619E-07
 1478    1.432679E-07
 1479    1.430743E-07
 1480    1.428811E-07
 1481    1.467851E-07
 1482    1.465872E-07
 1483    1.463896E-07
 1484    1.461925E-07
 1485    1.459957E-07
 1486    1.457994E-07
 1487    1.456034E-07
 1488    1.454078E-07
 1489    1.452126E-07
 1490    1.450178E-07
 1491    1.500926E-07
 1492    1.498916E-07
 1493    1.496909E-07
 1494    1.494907E-07
 1495    1.492908E-07
 1496    1.490914E-07
 1497    1.488923E-07
 1498    1.486937E-07
 1499    1.484954E-07
 1500    1.482975E-07
 1501    1.508374E-07
 1502    1.506367E-07
 1503    1.504364E-07
 1504    1.502365E-07
 1505    1.500370E-07
 1506    1.498378E-07
 1507    1.496391E-07
 1508    1.494408E-07
 1509    1.492428E-07
 1510    1.490453E-07
 1511    1.455176E-07
 1512    1.453252E-07
 1513    1.451332E-07
 1514    1.449416E-07
 1515    1.447504E-07
 1516    1.445596E-07
 1517    1.443691E-07
 1518    1.441790E-07
 1519    1.439893E-07
 1520    1.438000E-07
 1521    1.524685E-07
 1522    1.522683E-07
 1523    1.520685E-07
 1524    1.518690E-07
 1525    1.516700E-07
 1526    1.514713E-07
 1527    1.512731E-07
 1528    1.510752E-07
 1529    1.508777E-07
 1530    1.506806E-07
 1531    1.501283E-07
 1532    1.499325E-07
 1533    1.497370E-07
 1534    1.495419E-07
 1535    1.493472E-07
 1536    1.491528E-07
 1537    1.489589E-07
 1538    1.487653E-07
 1539    1.485721E-07
 1540    1.483793E-07
 1541    1.517723E-07
 1542    1.515756E-07
 1543    1.513792E-07
 1544    1.511833E-07
 1545    1.509877E-07
 1546    1.507925E-07
 1547    1.505977E-07
 1548    1.504032E-07
 1549    1.502092E-07
 1550    1.500155E-07
 1551    1.465739E-07
 1552    1.463851E-07
 1553    1.461967E-07
 1554    1.460087E-07
 1555    1.458210E-07
 1556    1.456337E-07
 1557    1.454468E-07
 1558    1.452602E-07
 1559    1.450740E-07
 1560    1.448881E-07
 1561    1.481694E-07
 1562    1.479798E-07
 1563    1.477906E-07
 1564    1.476017E-07
 1565    1.474132E-07
 1566    1.472251E-07
 1567    1.470373E-07
 1568    1.468499E-07
 1569    1.466628E-07
 1570    1.464761E-07
 1571    1.466361E-07
 1572    1.464496E-07
 1573    1.462636E-07
 1574    1.460778E-07
 1575    1.458925E-07
 1576    1.457074E-07
 1577    1.455228E-07
 1578    1.453384E-07
 1579    1.451545E-07
 1580    1.449708E-07
 1581    1.450237E-07
 1582    1.448405E-07
 1583    1.446576E-07
 1584    1.444751E-07
 1585    1.442929E-07
 1586    1.441111E-07
 1587    1.439296E-07
 1588    1.437484E-07
 1589    1.435676E-07
 1590    1.433871E-07
 1591    1.452650E-07
 1592    1.450826E-07
 1593    1.449006E-07
 1594    1.447189E-07
 1595    1.445375E-07
 1596    1.443565E-07
 1597    1.441758E-07
 1598    1.439955E-07
 1599    1.438155E-07
 1600    1.436358E-07
 1601    1.432568E-07
 1602    1.430780E-07
 1603    1.428996E-07
 1604    1.427216E-07
 1605    1.425438E-07
 1606    1.423664E-07
 1607    1.421893E-07
 1608    1.420126E-07
 1609    1.418362E-07
 1610    1.416601E-07
 1611    1.447502E-07
 1612    1.445707E-07
 1613    1.443916E-07
 1614    1.442128E-07
 1615    1.440343E-07
 1616    1.438561E-07
 1617    1.436783E-07
 1618    1.435008E-07
 1619    1.433237E-07
 1620    1.431468E-07
 1621    1.411608E-07
 1622    1.409869E-07
 1623    1.408132E-07
 1624    1.406399E-07
 1625    1.404669E-07
 1626    1.402943E-07
 1627    1.401219E-07
 1628    1.399499E-07
 1629    1.397782E-07
 1630    1.396068E-07
 1631    1.388321E-07
 1632    1.386620E-07
 1633    1.384923E-07
 1634    1.383229E-07
 1635    1.381538E-07
 1636    1.379850E-07
 1637    1.378165E-07
 1638    1.376484E-07
 1639    1.374805E-07
 1640    1.373129E-07
 1641    1.383289E-07
 1642    1.381606E-07
 1643    1.379925E-07
 1644    1.378247E-07
 1645    1.376572E-07
 1646    1.374901E-07
 1647    1.373232E-07
 1648    1.371567E-07
 1649    1.369904E-07
 1650    1.368245E-07
 1651    1.341601E-07
 1652    1.339978E-07
 1653    1.338358E-07
 1654    1.336741E-07
 1655    1.335126E-07
 1656    1.333515E-07
 1657    1.331906E-07
 1658    1.330300E-07
 1659    1.328698E-07
 1660    1.327098E-07
 1661    1.337396E-07
 1662    1.335787E-07
 1663    1.334182E-07
 1664    1.332579E-07
 1665    1.330979E-07
 1666    1.329382E-07
 1667    1.327789E-07
 1668    1.326197E-07
 1669    1.324609E-07
 1670    1.323024E-07
 1671    1.287796E-07
 1672    1.286257E-07
 1673    1.284720E-07
 1674    1.283186E-07
 1675    1.281655E-07
 1676    1.280126E-07
 1677    1.278600E-07
 1678    1.277077E-07
 1679    1.275557E-07
 1680    1.274039E-07
 1681    1.253687E-07
 1682    1.252198E-07
 1683    1.250710E-07
 1684    1.249226E-07
 1685    1.247744E-07
 1686    1.246265E-07
 1687    1.244788E-07
 1688    1.243314E-07
 1689    1.241843E-07
 1690    1.240374E-07
 1691    1.243415E-07
 1692    1.241946E-07
 1693    1.240480E-07
 1694    1.239017E-07
 1695    1.237555E-07
 1696    1.236097E-07
 1697    1.234641E-07
 1698    1.233188E-07
 1699    1.231737E-07
 1700    1.230288E-07
 1701    1.179454E-07
 1702    1.178068E-07
 1703    1.176686E-07
 1704    1.175305E-07
 1705    1.173928E-07
 1706    1.172552E-07
 1707    1.171179E-07
 1708    1.169809E-07
 1709    1.168440E-07
 1710    1.167075E-07
 1711    1.166224E-07
 1712    1.164862E-07
 1713    1.163503E-07
 1714    1.162146E-07
 1715    1.160792E-07
 1716    1.159440E-07
 1717    1.158090E-07
 1718    1.156742E-07
 1719    1.155397E-07
 1720    1.154055E-07
 1721    1.100835E-07
 1722    1.099557E-07
 1723    1.098282E-07
 1724    1.097008E-07
 1725    1.095737E-07
 1726    1.094468E-07
 1727    1.093201E-07
 1728    1.091937E-07
 1729    1.090674E-07
 1730    1.089414E-07
 1731    1.074157E-07
 1732    1.072918E-07
 1733    1.071680E-07
 1734    1.070445E-07
 1735    1.069212E-07
 1736    1.067981E-07
 1737    1.066752E-07
 1738    1.065525E-07
 1739    1.064300E-07
 1740    1.063077E-07
 1741    1.037221E-07
 1742    1.036030E-07
 1743    1.034842E-07
 1744    1.033656E-07
 1745    1.032472E-07
 1746    1.031290E-07
 1747    1.030110E-07
 1748    1.028932E-07
 1749    1.027756E-07
 1750    1.026583E-07
 1751    9.957417E-08
 1752    9.946057E-08
 1753    9.934716E-08
 1754    9.923394E-08
 1755    9.912092E-08
 1756    9.900809E-08
 1757    9.889545E-08
 1758    9.878301E-08
 1759    9.867075E-08
 1760    9.855869E-08
 1761    9.837682E-08
 1762    9.826522E-08
 1763    9.815381E-08
 1764    9.804259E-08
 1765    9.793155E-08
 1766    9.782071E-08
 1767    9.771005E-08
 1768    9.759958E-08
 1769    9.748930E-08
 1770    9.737920E-08
 1771    9.284054E-08
 1772    9.273581E-08
 1773    9.263126E-08
 1774    9.252689E-08
 1775    9.242269E-08
 1776    9.231867E-08
 1777    9.221483E-08
 1778    9.211116E-08
 1779    9.200766E-08
 1780    9.190434E-08
 1781    9.010608E-08
 1782    9.000501E-08
 1783    8.990411E-08
 1784    8.980338E-08
 1785    8.970281E-08
 1786    8.960242E-08
 1787    8.950219E-08
 1788    8.940213E-08
 1789    8.930224E-08
 1790    8.920252E-08
 1791    8.594139E-08
 1792    8.584552E-08
 1793    8.574982E-08
 1794    8.565428E-08
 1795    8.555889E-08
 1796    8.546367E-08
 1797    8.536860E-08
 1798    8.527370E-08
 1799    8.517895E-08
 1800    8.508436E-08
 1801    8.295500E-08
 1802    8.286298E-08
 1803    8.277111E-08
 1804    8.267940E-08
 1805    8.258784E-08
 1806    8.249643E-08
 1807    8.240517E-08
 1808    8.231407E-08
 1809    8.222311E-08
 1810    8.213231E-08
 1811    8.164974E-08
 1812    8.155967E-08
 1813    8.146975E-08
 1814    8.137997E-08
 1815    8.129035E-08
 1816    8.120087E-08
 1817    8.111154E-08
 1818    8.102236E-08
 1819    8.093332E-08
 1820    8.084443E-08
 1821    7.769738E-08
 1822    7.761214E-08
 1823    7.752704E-08
 1824    7.744207E-08
 1825    7.735725E-08
 1826    7.727257E-08
 1827    7.718803E-08
 1828    7.710362E-08
 1829    7.701936E-08
 1830    7.693523E-08
 1831    7.737629E-08
 1832    7.729187E-08
 1833    7.720758E-08
 1834    7.712343E-08
 1835    7.703942E-08
 1836    7.695554E-08
 1837    7.687180E-08
 1838    7.678820E-08
 1839    7.670473E-08
 1840    7.662141E-08
 1841    7.481353E-08
 1842    7.473235E-08
 1843    7.465129E-08
 1844    7.457037E-08
 1845    7.448958E-08
 1846    7.440892E-08
 1847    7.432839E-08
 1848    7.424799E-08
 1849    7.416772E-08
 1850    7.408758E-08
 1851    7.529687E-08
 1852    7.521559E-08
 1853    7.513446E-08
 1854    7.505345E-08
 1855    7.497257E-08
 1856    7.489183E-08
 1857    7.481121E-08
 1858    7.473073E-08
 1859    7.465037E-08
 1860    7.457014E-08
 1861    7.639442E-08
 1862    7.631240E-08
 1863    7.623052E-08
 1864    7.614877E-08
 1865    7.606716E-08
 1866    7.598567E-08
 1867    7.590432E-08
 1868    7.582309E-08
 1869    7.574200E-08
 1870    7.566103E-08
 1871    7.481020E-08
 1872    7.473032E-08
 1873    7.465056E-08
 1874    7.457093E-08
 1875    7.449143E-08
 1876    7.441206E-08
 1877    7.433281E-08
 1878    7.425369E-08
 1879    7.417470E-08
 1880    7.409583E-08
 1881    7.911351E-08
 1882    7.902948E-08
 1883    7.894559E-08
 1884    7.886182E-08
 1885    7.877819E-08
 1886    7.869470E-08
 1887    7.861134E-08
 1888    7.852811E-08
 1889    7.844501E-08
 1890    7.836204E-08
 1891    7.913163E-08
 1892    7.904803E-08
 1893    7.896456E-08
 1894    7.888122E-08
 1895    7.879801E-08
 1896    7.871493E-08
 1897    7.863199E-08
 1898    7.854917E-08
 1899    7.846649E-08
 1900    7.838394E-08
 1901    8.198757E-08
 1902    8.190141E-08
 1903    8.181537E-08
 1904    8.172948E-08
 1905    8.164372E-08
 1906    8.155809E-08
 1907    8.147260E-08
 1908    8.138725E-08
 1909    8.130202E-08
 1910    8.121694E-08
 1911    8.633207E-08
 1912    8.624181E-08
 1913    8.615170E-08
 1914    8.606172E-08
 1915    8.597188E-08
 1916    8.588219E-08
 1917    8.579264E-08
 1918    8.570322E-08
 1919    8.561395E-08
 1920    8.552481E-08
 1921    8.984830E-08
 1922    8.975485E-08
 1923    8.966155E-08
 1924    8.956840E-08
 1925    8.947539E-08
 1926    8.938252E-08
 1927    8.928980E-08
 1928    8.919722E-08
 1929    8.910479E-08
 1930    8.901250E-08
 1931    1.009885E-07
 1932    1.008840E-07
 1933    1.007797E-07
 1934    1.006755E-07
 1935    1.005715E-07
 1936    1.004677E-07
 1937    1.003640E-07
 1938    1.002605E-07
 1939    1.001571E-07
 1940    1.000539E-07
 1941    1.041641E-07
 1942    1.040569E-07
 1943    1.039498E-07
 1944    1.038429E-07
 1945    1.037362E-07
 1946    1.036296E-07
 1947    1.035233E-07
 1948    1.034170E-07
 1949    1.033109E-07
 1950    1.032050E-07
 1951    1.150641E-07
 1952    1.149463E-07
 1953    1.148286E-07
 1954    1.147112E-07
 1955    1.145939E-07
 1956    1.144768E-07
 1957    1.143598E-07
 1958    1.142431E-07
 1959    1.141265E-07
 1960    1.140101E-07
 1961    1.239681E-07
 1962    1.238418E-07
 1963    1.237157E-07
 1964    1.235898E-07
 1965    1.234641E-07
 1966    1.233385E-07
 1967    1.232132E-07
 1968    1.230880E-07
 1969    1.229631E-07
 1970    1.228383E-07
 1971    1.356003E-07
 1972    1.354629E-07
 1973    1.353256E-07
 1974    1.351886E-07
 1975    1.350518E-07
 1976    1.349151E-07
 1977    1.347787E-07
 1978    1.346425E-07
 1979    1.345065E-07
 1980    1.343707E-07
 1981    1.538673E-07
 1982    1.537122E-07
 1983    1.535572E-07
 1984    1.534025E-07
 1985    1.532480E-07
 1986    1.530938E-07
 1987    1.529397E-07
 1988    1.527860E-07
 1989    1.526324E-07
 1990    1.524791E-07
 1991    1.675270E-07
 1992    1.673589E-07
 1993    1.671910E-07
 1994    1.670234E-07
 1995    1.668560E-07
 1996    1.666889E-07
 1997    1.665221E-07
 1998    1.663555E-07
 1999    1.661891E-07
 2000    1.660230E-07
 2001    1.854050E-07
 2002    1.852198E-07
 2003    1.850350E-07
 2004    1.848504E-07
 2005    1.846661E-07
 2006    1.844821E-07
 2007    1.842983E-07
 2008    1.841149E-07
 2009    1.839317E-07
 2010    1.837487E-07
 2011    2.059360E-07
 2012    2.057314E-07
 2013    2.055271E-07
 2014    2.053231E-07
 2015    2.051194E-07
 2016    2.049160E-07
 2017    2.047129E-07
 2018    2.045101E-07
 2019    2.043076E-07
 2020    2.041055E-07
 2021    2.313125E-07
 2022    2.310838E-07
 2023    2.308555E-07
 2024    2.306275E-07
 2025    2.303998E-07
 2026    2.301725E-07
 2027    2.299455E-07
 2028    2.297188E-07
 2029    2.294925E-07
 2030    2.292665E-07
 2031    2.658515E-07
 2032    2.655900E-07
 2033    2.653289E-07
 2034    2.650681E-07
 2035    2.648077E-07
 2036    2.645477E-07
 2037    2.642881E-07
 2038    2.640289E-07
 2039    2.637700E-07
 2040    2.635115E-07
 2041    2.820779E-07
 2042    2.818018E-07
 2043    2.815260E-07
 2044    2.812507E-07
 2045    2.809758E-07
 2046    2.807013E-07
 2047    2.804271E-07
 2048    2.801534E-07
 2049    2.798801E-07
 2050    2.796072E-07
 2051    3.040489E-07
 2052    3.037527E-07
 2053    3.034569E-07
 2054    3.031616E-07
 2055    3.028667E-07
 2056    3.025722E-07
 2057    3.022782E-07
 2058    3.019845E-07
 2059    3.016914E-07
 2060    3.013986E-07
 2061    3.315180E-07
 2062    3.311966E-07
 2063    3.308757E-07
 2064    3.305552E-07
 2065    3.302352E-07
 2066    3.299157E-07
 2067    3.295966E-07
 2068    3.292780E-07
 2069    3.289599E-07
 2070    3.286422E-07
 2071    3.659116E-07
 2072    3.655585E-07
 2073    3.652060E-07
 2074    3.648540E-07
 2075    3.645025E-07
 2076    3.641515E-07
 2077    3.638010E-07
 2078    3.634511E-07
 2079    3.631016E-07
 2080    3.627526E-07
 2081    4.200498E-07
 2082    4.196465E-07
 2083    4.192438E-07
 2084    4.188416E-07
 2085    4.184400E-07
 2086    4.180391E-07
 2087    4.176386E-07
 2088    4.172388E-07
 2089    4.168395E-07
 2090    4.164408E-07
 2091    4.567457E-07
 2092    4.563092E-07
 2093    4.558734E-07
 2094    4.554382E-07
 2095    4.550036E-07
 2096    4.545697E-07
 2097    4.541363E-07
 2098    4.537036E-07
 2099    4.532715E-07
 2100    4.528400E-07
 2101    5.002006E-07
 2102    4.997249E-07
 2103    4.992498E-07
 2104    4.987755E-07
 2105    4.983018E-07
 2106    4.978288E-07
 2107    4.973565E-07
 2108    4.968849E-07
 2109    4.964139E-07
 2110    4.959436E-07
 2111    5.387665E-07
 2112    5.382565E-07
 2113    5.377473E-07
 2114    5.372388E-07
 2115    5.367310E-07
 2116    5.362239E-07
 2117    5.357176E-07
 2118    5.352119E-07
 2119    5.347070E-07
 2120    5.342028E-07
 2121    6.040009E-07
 2122    6.034319E-07
 2123    6.028637E-07
 2124    6.022963E-07
 2125    6.017297E-07
 2126    6.011639E-07
 2127    6.005989E-07
 2128    6.000347E-07
 2129    5.994713E-07
 2130    5.989087E-07
 2131    6.602223E-07
 2132    6.596032E-07
 2133    6.589850E-07
 2134    6.583677E-07
 2135    6.577513E-07
 2136    6.571357E-07
 2137    6.565210E-07
 2138    6.559071E-07
 2139    6.552941E-07
 2140    6.546820E-07
 2141    7.067762E-07
 2142    7.061166E-07
 2143    7.054579E-07
 2144    7.048001E-07
 2145    7.041433E-07
 2146    7.034873E-07
 2147    7.028323E-07
 2148    7.021782E-07
 2149    7.015250E-07
 2150    7.008727E-07
 2151    7.264511E-07
 2152    7.257763E-07
 2153    7.251024E-07
 2154    7.244294E-07
 2155    7.237574E-07
 2156    7.230863E-07
 2157    7.224162E-07
 2158    7.217470E-07
 2159    7.210787E-07
 2160    7.204113E-07
 2161    7.955542E-07
 2162    7.948186E-07
 2163    7.940840E-07
 2164    7.933504E-07
 2165    7.926179E-07
 2166    7.918863E-07
 2167    7.911558E-07
 2168    7.904263E-07
 2169    7.896978E-07
 2170    7.889703E-07
 2171    8.563762E-07
 2172    8.555880E-07
 2173    8.548009E-07
 2174    8.540149E-07
 2175    8.532299E-07
 2176    8.524461E-07
 2177    8.516633E-07
 2178    8.508816E-07
 2179    8.501010E-07
 2180    8.493214E-07
 2181    9.187891E-07
 2182    9.179474E-07
 2183    9.171068E-07
 2184    9.162673E-07
 2185    9.154290E-07
 2186    9.145919E-07
 2187    9.137558E-07
 2188    9.129210E-07
 2189    9.120873E-07
 2190    9.112547E-07
 2191    9.741523E-07
 2192    9.732639E-07
 2193    9.723767E-07
 2194    9.714907E-07
 2195    9.706059E-07
 2196    9.697223E-07
 2197    9.688400E-07
 2198    9.679588E-07
 2199    9.670788E-07
 2200    9.662001E-07
 2201    1.026289E-06
 2202    1.025357E-06
 2203    1.024427E-06
 2204    1.023497E-06
 2205    1.022569E-06
 2206    1.021643E-06
 2207    1.020717E-06
 2208    1.019793E-06
 2209    1.018870E-06
 2210    1.017949E-06
 2211    1.088913E-06
 2212    1.087929E-06
 2213    1.086946E-06
 2214    1.085965E-06
 2215    1.084984E-06
 2216    1.084006E-06
 2217    1.083028E-06
 2218    1.082052E-06
 2219    1.081077E-06
 2220    1.080104E-06
 2221    1.187378E-06
 2222    1.186309E-06
 2223    1.185242E-06
 2224    1.184177E-06
 2225    1.183113E-06
 2226    1.182051E-06
 2227    1.180990E-06
 2228    1.179930E-06
 2229    1.178872E-06
 2230    1.177815E-06
 2231    1.246812E-06
 2232    1.245695E-06
 2233    1.244580E-06
 2234    1.243466E-06
 2235    1.242354E-06
 2236    1.241243E-06
 2237    1.240134E-06
 2238    1.239026E-06
 2239    1.237920E-06
 2240    1.236815E-06
 2241    1.353482E-06
 2242    1.352275E-06
 2243    1.351070E-06
 2244    1.349867E-06
 2245    1.348665E-06
 2246    1.347464E-06
 2247    1.346265E-06
 2248    1.345068E-06
 2249    1.343873E-06
 2250    1.342678E-06
 2251    1.346286E-06
 2252    1.345091E-06
 2253    1.343897E-06
 2254    1.342705E-06
 2255    1.341515E-06
 2256    1.340326E-06
 2257    1.339139E-06
 2258    1.337953E-06
 2259    1.336769E-06
 2260    1.335587E-06
 2261    1.403519E-06
 2262    1.402279E-06
 2263    1.401040E-06
 2264    1.399803E-06
 2265    1.398567E-06
 2266    1.397333E-06
 2267    1.396101E-06
 2268    1.394871E-06
 2269    1.393642E-06
 2270    1.392414E-06
 2271    1.505108E-06
 2272    1.503784E-06
 2273    1.502461E-06
 2274    1.501140E-06
 2275    1.499821E-06
 2276    1.498504E-06
 2277    1.497188E-06
 2278    1.495874E-06
 2279    1.494562E-06
 2280    1.493252E-06
 2281    1.609422E-06
 2282    1.608013E-06
 2283    1.606604E-06
 2284    1.605198E-06
 2285    1.603794E-06
 2286    1.602391E-06
 2287    1.600991E-06
 2288    1.599592E-06
 2289    1.598195E-06
 2290    1.596800E-06
 2291    1.720432E-06
 2292    1.718932E-06
 2293    1.717433E-06
 2294    1.715936E-06
 2295    1.714442E-06
 2296    1.712949E-06
 2297    1.711458E-06
 2298    1.709969E-06
 2299    1.708482E-06
 2300    1.706997E-06
 2301    1.717338E-06
 2302    1.715846E-06
 2303    1.714357E-06
 2304    1.712869E-06
 2305    1.711384E-06
 2306    1.709900E-06
 2307    1.708418E-06
 2308    1.706939E-06
 2309    1.705461E-06
 2310    1.703985E-06
 2311    1.865061E-06
 2312    1.863448E-06
 2313    1.861838E-06
 2314    1.860229E-06
 2315    1.858623E-06
 2316    1.857018E-06
 2317    1.855416E-06
 2318    1.853816E-06
 2319    1.852218E-06
 2320    1.850622E-06
 2321    1.985698E-06
 2322    1.983989E-06
 2323    1.982281E-06
 2324    1.980576E-06
 2325    1.978873E-06
 2326    1.977172E-06
 2327    1.975474E-06
 2328    1.973777E-06
 2329    1.972083E-06
 2330    1.970391E-06
 2331    2.108197E-06
 2332    2.106390E-06
 2333    2.104585E-06
 2334    2.102782E-06
 2335    2.100982E-06
 2336    2.099184E-06
 2337    2.097388E-06
 2338    2.095595E-06
 2339    2.093803E-06
 2340    2.092015E-06
 2341    2.233928E-06
 2342    2.232021E-06
 2343    2.230117E-06
 2344    2.228215E-06
 2345    2.226315E-06
 2346    2.224418E-06
 2347    2.222523E-06
 2348    2.220631E-06
 2349    2.218741E-06
 2350    2.216853E-06
 2351    2.134007E-06
 2352    2.132193E-06
 2353    2.130382E-06
 2354    2.128572E-06
 2355    2.126765E-06
 2356    2.124961E-06
 2357    2.123159E-06
 2358    2.121358E-06
 2359    2.119561E-06
 2360    2.117765E-06
 2361    2.228132E-06
 2362    2.226246E-06
 2363    2.224363E-06
 2364    2.222482E-06
 2365    2.220603E-06
 2366    2.218727E-06
 2367    2.216853E-06
 2368    2.214981E-06
 2369    2.213112E-06
 2370    2.211245E-06
 2371    2.334604E-06
 2372    2.332636E-06
 2373    2.330671E-06
 2374    2.328708E-06
 2375    2.326748E-06
 2376    2.324790E-06
 2377    2.322835E-06
 2378    2.320882E-06
 2379    2.318932E-06
 2380    2.316984E-06
 2381    2.443500E-06
 2382    2.441449E-06
 2383    2.439401E-06
 2384    2.437355E-06
 2385    2.435312E-06
 2386    2.433272E-06
 2387    2.431234E-06
 2388    2.429198E-06
 2389    2.427165E-06
 2390    2.425135E-06
 2391    2.607552E-06
 2392    2.605373E-06
 2393    2.603196E-06
 2394    2.601023E-06
 2395    2.598851E-06
 2396    2.596683E-06
 2397    2.594517E-06
 2398    2.592354E-06
 2399    2.590194E-06
 2400    2.588036E-06
 2401    2.558907E-06
 2402    2.556777E-06
 2403    2.554650E-06
 2404    2.552525E-06
 2405    2.550403E-06
 2406    2.548284E-06
 2407    2.546168E-06
 2408    2.544054E-06
 2409    2.541943E-06
 2410    2.539834E-06
 2411    2.704561E-06
 2412    2.702319E-06
 2413    2.700080E-06
 2414    2.697844E-06
 2415    2.695611E-06
 2416    2.693380E-06
 2417    2.691152E-06
 2418    2.688927E-06
 2419    2.686705E-06
 2420    2.684486E-06
 2421    2.804886E-06
 2422    2.802570E-06
 2423    2.800258E-06
 2424    2.797949E-06
 2425    2.795642E-06
 2426    2.793338E-06
 2427    2.791037E-06
 2428    2.788739E-06
 2429    2.786444E-06
 2430    2.784152E-06
 2431    2.949712E-06
 2432    2.947287E-06
 2433    2.944866E-06
 2434    2.942447E-06
 2435    2.940031E-06
 2436    2.937618E-06
 2437    2.935208E-06
 2438    2.932801E-06
 2439    2.930397E-06
 2440    2.927996E-06
 2441    3.074018E-06
 2442    3.071501E-06
 2443    3.068988E-06
 2444    3.066477E-06
 2445    3.063970E-06
 2446    3.061466E-06
 2447    3.058964E-06
 2448    3.056466E-06
 2449    3.053971E-06
 2450    3.051479E-06
 2451    2.941977E-06
 2452    2.939578E-06
 2453    2.937182E-06
 2454    2.934790E-06
 2455    2.932400E-06
 2456    2.930013E-06
 2457    2.927629E-06
 2458    2.925247E-06
 2459    2.922869E-06
 2460    2.920494E-06
 2461    3.128592E-06
 2462    3.126051E-06
 2463    3.123514E-06
 2464    3.120979E-06
 2465    3.118448E-06
 2466    3.115920E-06
 2467    3.113395E-06
 2468    3.110873E-06
 2469    3.108354E-06
 2470    3.105838E-06
 2471    3.208018E-06
 2472    3.205424E-06
 2473    3.202833E-06
 2474    3.200244E-06
 2475    3.197659E-06
 2476    3.195077E-06
 2477    3.192499E-06
 2478    3.189923E-06
 2479    3.187351E-06
 2480    3.184781E-06
 2481    3.335064E-06
 2482    3.332378E-06
 2483    3.329695E-06
 2484    3.327015E-06
 2485    3.324338E-06
 2486    3.321665E-06
 2487    3.318995E-06
 2488    3.316328E-06
 2489    3.313664E-06
 2490    3.311003E-06
 2491    3.394068E-06
 2492    3.391345E-06
 2493    3.388626E-06
 2494    3.385909E-06
 2495    3.383196E-06
 2496    3.380486E-06
 2497    3.377780E-06
 2498    3.375077E-06
 2499    3.372377E-06
 2500    3.369680E-06
 2501    3.264059E-06
 2502    3.261451E-06
 2503    3.258846E-06
 2504    3.256244E-06
 2505    3.253645E-06
 2506    3.251050E-06
 2507    3.248457E-06
 2508    3.245868E-06
 2509    3.243281E-06
 2510    3.240698E-06
 2511    3.409058E-06
 2512    3.406345E-06
 2513    3.403635E-06
 2514    3.400928E-06
 2515    3.398225E-06
 2516    3.395524E-06
 2517    3.392827E-06
 2518    3.390134E-06
 2519    3.387443E-06
 2520    3.384756E-06
 2521    3.393547E-06
 2522    3.390857E-06
 2523    3.388170E-06
 2524    3.385486E-06
 2525    3.382806E-06
 2526    3.380128E-06
 2527    3.377454E-06
 2528    3.374783E-06
 2529    3.372115E-06
 2530    3.369451E-06
 2531    3.673990E-06
 2532    3.671089E-06
 2533    3.668191E-06
 2534    3.665297E-06
 2535    3.662407E-06
 2536    3.659519E-06
 2537    3.656636E-06
 2538    3.653755E-06
 2539    3.650878E-06
 2540    3.648005E-06
 2541    3.727757E-06
 2542    3.724825E-06
 2543    3.721897E-06
 2544    3.718972E-06
 2545    3.716051E-06
 2546    3.713133E-06
 2547    3.710218E-06
 2548    3.707307E-06
 2549    3.704399E-06
 2550    3.701495E-06
 2551    3.613375E-06
 2552    3.610544E-06
 2553    3.607717E-06
 2554    3.604893E-06
 2555    3.602072E-06
 2556    3.599254E-06
 2557    3.596440E-06
 2558    3.593629E-06
 2559    3.590822E-06
 2560    3.588018E-06
 2561    3.760732E-06
 2562    3.757797E-06
 2563    3.754866E-06
 2564    3.751938E-06
 2565    3.749014E-06
 2566    3.746093E-06
 2567    3.743175E-06
 2568    3.740261E-06
 2569    3.737350E-06
 2570    3.734443E-06
 2571    3.858296E-06
 2572    3.855297E-06
 2573    3.852301E-06
 2574    3.849309E-06
 2575    3.846321E-06
 2576    3.843336E-06
 2577    3.840354E-06
 2578    3.837376E-06
 2579    3.834401E-06
 2580    3.831430E-06
 2581    4.077308E-06
 2582    4.074151E-06
 2583    4.070998E-06
 2584    4.067848E-06
 2585    4.064702E-06
 2586    4.061559E-06
 2587    4.058421E-06
 2588    4.055286E-06
 2589    4.052154E-06
 2590    4.049026E-06
 2591    4.073552E-06
 2592    4.070410E-06
 2593    4.067272E-06
 2594    4.064137E-06
 2595    4.061006E-06
 2596    4.057879E-06
 2597    4.054755E-06
 2598    4.051635E-06
 2599    4.048518E-06
 2600    4.045405E-06
 2601    3.940216E-06
 2602    3.937189E-06
 2603    3.934165E-06
 2604    3.931144E-06
 2605    3.928127E-06
 2606    3.925114E-06
 2607    3.922104E-06
 2608    3.919097E-06
 2609    3.916094E-06
 2610    3.913094E-06
 2611    3.843342E-06
 2612    3.840401E-06
 2613    3.837462E-06
 2614    3.834527E-06
 2615    3.831596E-06
 2616    3.828668E-06
 2617    3.825743E-06
 2618    3.822821E-06
 2619    3.819903E-06
 2620    3.816988E-06
 2621    4.172065E-06
 2622    4.168883E-06
 2623    4.165706E-06
 2624    4.162532E-06
 2625    4.159362E-06
 2626    4.156195E-06
 2627    4.153032E-06
 2628    4.149873E-06
 2629    4.146717E-06
 2630    4.143565E-06
 2631    4.711832E-06
 2632    4.708253E-06
 2633    4.704678E-06
 2634    4.701107E-06
 2635    4.697540E-06
 2636    4.693977E-06
 2637    4.690418E-06
 2638    4.686864E-06
 2639    4.683313E-06
 2640    4.679766E-06
 2641    4.519866E-06
 2642    4.516446E-06
 2643    4.513029E-06
 2644    4.509617E-06
 2645    4.506208E-06
 2646    4.502804E-06
 2647    4.499403E-06
 2648    4.496006E-06
 2649    4.492612E-06
 2650    4.489223E-06
 2651    4.203273E-06
 2652    4.200105E-06
 2653    4.196940E-06
 2654    4.193778E-06
 2655    4.190620E-06
 2656    4.187466E-06
 2657    4.184315E-06
 2658    4.181167E-06
 2659    4.178024E-06
 2660    4.174884E-06
 2661    4.622747E-06
 2662    4.619275E-06
 2663    4.615807E-06
 2664    4.612343E-06
 2665    4.608883E-06
 2666    4.605427E-06
 2667    4.601975E-06
 2668    4.598526E-06
 2669    4.595081E-06
 2670    4.591641E-06
 2671    5.116449E-06
 2672    5.112621E-06
 2673    5.108797E-06
 2674    5.104978E-06
 2675    5.101162E-06
 2676    5.097351E-06
 2677    5.093544E-06
 2678    5.089742E-06
 2679    5.085943E-06
 2680    5.082149E-06
 2681    5.076999E-06
 2682    5.073215E-06
 2683    5.069434E-06
 2684    5.065658E-06
 2685    5.061886E-06
 2686    5.058119E-06
 2687    5.054355E-06
 2688    5.050596E-06
 2689    5.046841E-06
 2690    5.043090E-06
 2691    5.159756E-06
 2692    5.155924E-06
 2693    5.152096E-06
 2694    5.148273E-06
 2695    5.144454E-06
 2696    5.140639E-06
 2697    5.136828E-06
 2698    5.133021E-06
 2699    5.129219E-06
 2700    5.125421E-06
 2701    4.975343E-06
 2702    4.971661E-06
 2703    4.967984E-06
 2704    4.964311E-06
 2705    4.960642E-06
 2706    4.956977E-06
 2707    4.953316E-06
 2708    4.949659E-06
 2709    4.946006E-06
 2710    4.942357E-06
 2711    4.411742E-06
 2712    4.408490E-06
 2713    4.405241E-06
 2714    4.401996E-06
 2715    4.398755E-06
 2716    4.395517E-06
 2717    4.392282E-06
 2718    4.389052E-06
 2719    4.385824E-06
 2720    4.382601E-06
 2721    5.166087E-06
 2722    5.162292E-06
 2723    5.158502E-06
 2724    5.154716E-06
 2725    5.150934E-06
 2726    5.147156E-06
 2727    5.143383E-06
 2728    5.139613E-06
 2729    5.135848E-06
 2730    5.132087E-06
 2731    7.592140E-06
 2732    7.586584E-06
 2733    7.581034E-06
 2734    7.575490E-06
 2735    7.569953E-06
 2736    7.564421E-06
 2737    7.558896E-06
 2738    7.553376E-06
 2739    7.547863E-06
 2740    7.542355E-06
 2741    7.995439E-06
 2742    7.989609E-06
 2743    7.983786E-06
 2744    7.977969E-06
 2745    7.972158E-06
 2746    7.966354E-06
 2747    7.960556E-06
 2748    7.954764E-06
 2749    7.948979E-06
 2750    7.943200E-06
 2751    6.683147E-06
 2752    6.678292E-06
 2753    6.673442E-06
 2754    6.668597E-06
 2755    6.663758E-06
 2756    6.658924E-06
 2757    6.654095E-06
 2758    6.649272E-06
 2759    6.644453E-06
 2760    6.639640E-06
 2761    9.101662E-06
 2762    9.095074E-06
 2763    9.088493E-06
 2764    9.081919E-06
 2765    9.075352E-06
 2766    9.068792E-06
 2767    9.062240E-06
 2768    9.055694E-06
 2769    9.049156E-06
 2770    9.042625E-06
 2771    1.305431E-05
 2772    1.304489E-05
 2773    1.303549E-05
 2774    1.302609E-05
 2775    1.301671E-05
 2776    1.300733E-05
 2777    1.299797E-05
 2778    1.298861E-05
 2779    1.297927E-05
 2780    1.296993E-05
 2781    9.807290E-06
 2782    9.800242E-06
 2783    9.793202E-06
 2784    9.786169E-06
 2785    9.779143E-06
 2786    9.772126E-06
 2787    9.765116E-06
 2788    9.758113E-06
 2789    9.751118E-06
 2790    9.744130E-06
 2791    2.378928E-06
 2792    2.377224E-06
 2793    2.375522E-06
 2794    2.373823E-06
 2795    2.372125E-06
 2796    2.370428E-06
 2797    2.368734E-06
 2798    2.367041E-06
 2799    2.365351E-06
 2800    2.363662E-06
 2801   -6.126096E-06
 2802   -6.121725E-06
 2803   -6.117359E-06
 2804   -6.112997E-06
 2805   -6.108640E-06
 2806   -6.104287E-06
 2807   -6.099940E-06
 2808   -6.095596E-06
 2809   -6.091258E-06
 2810   -6.086924E-06
 2811   -1.281496E-05
 2812   -1.280585E-05
 2813   -1.279675E-05
 2814   -1.278765E-05
 2815   -1.277857E-05
 2816   -1.276950E-05
 2817   -1.276044E-05
 2818   -1.275138E-05
 2819   -1.274234E-05
 2820   -1.273331E-05
 2821   -1.295490E-05
 2822   -1.294572E-05
 2823   -1.293655E-05
 2824   -1.292739E-05
 2825   -1.291824E-05
 2826   -1.290910E-05
 2827   -1.289997E-05
 2828   -1.289085E-05
 2829   -1.288174E-05
 2830   -1.287264E-05
 2831    1.738237E-05
 2832    1.737010E-05
 2833    1.735784E-05
 2834    1.734560E-05
 2835    1.733336E-05
 2836    1.732114E-05
 2837    1.730894E-05
 2838    1.729674E-05
 2839    1.728456E-05
 2840    1.727240E-05
 2841    7.910429E-05
 2842    7.904864E-05
 2843    7.899305E-05
 2844    7.893752E-05
 2845    7.888205E-05
 2846    7.882663E-05
 2847    7.877128E-05
 2848    7.871598E-05
 2849    7.866074E-05
 2850    7.860556E-05
 2851    1.514313E-04
 2852    1.513252E-04
 2853    1.512191E-04
 2854    1.511132E-04
 2855    1.510074E-04
 2856    1.509017E-04
 2857    1.507961E-04
 2858    1.506906E-04
 2859    1.505852E-04
 2860    1.504800E-04
 2861    2.054890E-04
 2862    2.053455E-04
 2863    2.052021E-04
 2864    2.050588E-04
 2865    2.049157E-04
 2866    2.047728E-04
 2867    2.046300E-04
 2868    2.044873E-04
 2869    2.043448E-04
 2870    2.042025E-04
 2871    2.466926E-04
 2872    2.465208E-04
 2873    2.463493E-04
 2874    2.461779E-04
 2875    2.460067E-04
 2876    2.458357E-04
 2877    2.456649E-04
 2878    2.454942E-04
 2879    2.453237E-04
 2880    2.451534E-04
 2881    6.831246E-05
 2882    6.826507E-05
 2883    6.821773E-05
 2884    6.817043E-05
 2885    6.812319E-05
 2886    6.807600E-05
 2887    6.802885E-05
 2888    6.798176E-05
 2889    6.793471E-05
 2890    6.788772E-05
 2891   -5.840213E-04
 2892   -5.836176E-04
 2893   -5.832142E-04
 2894   -5.828113E-04
 2895   -5.824088E-04
 2896   -5.820068E-04
 2897   -5.816051E-04
 2898   -5.812039E-04
 2899   -5.808030E-04
 2900   -5.804026E-04
 2901   -1.568163E-03
 2902   -1.567082E-03
 2903   -1.566003E-03
 2904   -1.564925E-03
 2905   -1.563848E-03
 2906   -1.562772E-03
 2907   -1.561697E-03
 2908   -1.560623E-03
 2909   -1.559551E-03
 2910   -1.558479E-03
 2911   -1.997754E-03
 2912   -1.996382E-03
 2913   -1.995012E-03
 2914   -1.993643E-03
 2915   -1.992276E-03
 2916   -1.990910E-03
 2917   -1.989546E-03
 2918   -1.988182E-03
 2919   -1.986821E-03
 2920   -1.985460E-03
 2921   -1.923950E-03
 2922   -1.922634E-03
 2923   -1.921319E-03
 2924   -1.920005E-03
 2925   -1.918693E-03
 2926   -1.917382E-03
 2927   -1.916072E-03
 2928   -1.914764E-03
 2929   -1.913457E-03
 2930   -1.912151E-03
 2931   -1.444537E-04
 2932   -1.443552E-04
 2933   -1.442568E-04
 2934   -1.441585E-04
 2935   -1.440603E-04
 2936   -1.439622E-04
 2937   -1.438642E-04
 2938   -1.437663E-04
 2939   -1.436685E-04
 2940   -1.435708E-04
 2941    6.072819E-03
 2942    6.068693E-03
 2943    6.064570E-03
 2944    6.060451E-03
 2945    6.056337E-03
 2946    6.052227E-03
 2947    6.048121E-03
 2948    6.044019E-03
 2949    6.039921E-03
 2950    6.035828E-03
 2951    1.620668E-02
 2952    1.619571E-02
 2953    1.618474E-02
 2954    1.617379E-02
 2955    1.616284E-02
 2956    1.615191E-02
 2957    1.614099E-02
 2958    1.613008E-02
 2959    1.611918E-02
 2960    1.610830E-02
 2961    2.202925E-02
 2962    2.201438E-02
 2963    2.199952E-02
 2964    2.198468E-02
 2965    2.196986E-02
 2966    2.195505E-02
 2967    2.194026E-02
 2968    2.192548E-02
 2969    2.191071E-02
 2970    2.189596E-02
 2971    2.390407E-02
 2972    2.388798E-02
 2973    2.387192E-02
 2974    2.385587E-02
 2975    2.383984E-02
 2976    2.382382E-02
 2977    2.380782E-02
 2978    2.379184E-02
 2979    2.377587E-02
 2980    2.375992E-02
 2981    2.186194E-02
 2982    2.184728E-02
 2983    2.183264E-02
 2984    2.181801E-02
 2985    2.180340E-02
 2986    2.178880E-02
 2987    2.177421E-02
 2988    2.175964E-02
 2989    2.174509E-02
 2990    2.173055E-02
 2991    1.626650E-02
 2992    1.625563E-02
 2993    1.624477E-02
 2994    1.623393E-02
 2995    1.622309E-02
 2996    1.621226E-02
 2997    1.620145E-02
 2998    1.619064E-02
 2999    1.617985E-02
 3000    1.616907E-02
 3001    5.774987E-03
 3002    5.771141E-03
 3003    5.767299E-03
 3004    5.763460E-03
 3005    5.759626E-03
 3006    5.755795E-03
 3007    5.751968E-03
 3008    5.748145E-03
 3009    5.744325E-03
 3010    5.740510E-03
 3011   -3.355138E-04
 3012   -3.352911E-04
 3013   -3.350686E-04
 3014   -3.348464E-04
 3015   -3.346243E-04
 3016   -3.344025E-04
 3017   -3.341809E-04
 3018   -3.339595E-04
 3019   -3.337383E-04
 3020   -3.335174E-04
 3021   -2.069734E-03
 3022   -2.068365E-03
 3023   -2.066997E-03
 3024   -2.065630E-03
 3025   -2.064265E-03
 3026   -2.062901E-03
 3027   -2.061539E-03
 3028   -2.060177E-03
 3029   -2.058818E-03
 3030   -2.057459E-03
 3031   -2.139524E-03
 3032   -2.138113E-03
 3033   -2.136703E-03
 3034   -2.135295E-03
 3035   -2.133889E-03
 3036   -2.132483E-03
 3037   -2.131079E-03
 3038   -2.129677E-03
 3039   -2.128276E-03
 3040   -2.126876E-03
 3041   -1.669602E-03
 3042   -1.668504E-03
 3043   -1.667408E-03
 3044   -1.666313E-03
 3045   -1.665219E-03
 3046   -1.664126E-03
 3047   -1.663034E-03
 3048   -1.661943E-03
 3049   -1.660853E-03
 3050   -1.659765E-03
 3051   -6.371294E-04
 3052   -6.367120E-04
 3053   -6.362951E-04
 3054   -6.358785E-04
 3055   -6.354624E-04
 3056   -6.350466E-04
 3057   -6.346313E-04
 3058   -6.342164E-04
 3059   -6.338018E-04
 3060   -6.333877E-04
 3061    2.616421E-05
 3062    2.614712E-05
 3063    2.613006E-05
 3064    2.611301E-05
 3065    2.609597E-05
 3066    2.607896E-05
 3067    2.606195E-05
 3068    2.604497E-05
 3069    2.602800E-05
 3070    2.601105E-05
 3071    2.028898E-04
 3072    2.027578E-04
 3073    2.026259E-04
 3074    2.024941E-04
 3075    2.023624E-04
 3076    2.022309E-04
 3077    2.020995E-04
 3078    2.019682E-04
 3079    2.018371E-04
 3080    2.017060E-04
 3081    1.761431E-04
 3082    1.760288E-04
 3083    1.759147E-04
 3084    1.758006E-04
 3085    1.756867E-04
 3086    1.755729E-04
 3087    1.754592E-04
 3088    1.753456E-04
 3089    1.752321E-04
 3090    1.751187E-04
 3091    1.451668E-04
 3092    1.450729E-04
 3093    1.449791E-04
 3094    1.448854E-04
 3095    1.447918E-04
 3096    1.446983E-04
 3097    1.446049E-04
 3098    1.445116E-04
 3099    1.444184E-04
 3100    1.443252E-04
 3101    1.013900E-04
 3102    1.013247E-04
 3103    1.012594E-04
 3104    1.011942E-04
 3105    1.011290E-04
 3106    1.010639E-04
 3107    1.009989E-04
 3108    1.009339E-04
 3109    1.008690E-04
 3110    1.008041E-04
 3111    6.380987E-05
 3112    6.376887E-05
 3113    6.372792E-05
 3114    6.368700E-05
 3115    6.364612E-05
 3116    6.360529E-05
 3117    6.356449E-05
 3118    6.352373E-05
 3119    6.348301E-05
 3120    6.344233E-05
 3121    4.127160E-05
 3122    4.124517E-05
 3123    4.121877E-05
 3124    4.119239E-05
 3125    4.116603E-05
 3126    4.113970E-05
 3127    4.111340E-05
 3128    4.108712E-05
 3129    4.106087E-05
 3130    4.103464E-05
 3131    3.897227E-05
 3132    3.894740E-05
 3133    3.892254E-05
 3134    3.889771E-05
 3135    3.887290E-05
 3136    3.884812E-05
 3137    3.882336E-05
 3138    3.879862E-05
 3139    3.877391E-05
 3140    3.874922E-05
 3141    3.551645E-05
 3142    3.549385E-05
 3143    3.547127E-05
 3144    3.544872E-05
 3145    3.542618E-05
 3146    3.540367E-05
 3147    3.538117E-05
 3148    3.535870E-05
 3149    3.533625E-05
 3150    3.531382E-05
 3151    2.748979E-05
 3152    2.747235E-05
 3153    2.745493E-05
 3154    2.743753E-05
 3155    2.742014E-05
 3156    2.740277E-05
 3157    2.738541E-05
 3158    2.736808E-05
 3159    2.735076E-05
 3160    2.733345E-05
 3161    2.390762E-05
 3162    2.389251E-05
 3163    2.387740E-05
 3164    2.386231E-05
 3165    2.384724E-05
 3166    2.383218E-05
 3167    2.381714E-05
 3168    2.380210E-05
 3169    2.378709E-05
 3170    2.377208E-05
 3171    2.316878E-05
 3172    2.315418E-05
 3173    2.313959E-05
 3174    2.312501E-05
 3175    2.311045E-05
 3176    2.309590E-05
 3177    2.308137E-05
 3178    2.306685E-05
 3179    2.305234E-05
 3180    2.303785E-05
 3181    1.937676E-05
 3182    1.936459E-05
 3183    1.935242E-05
 3184    1.934027E-05
 3185    1.932813E-05
 3186    1.931600E-05
 3187    1.930388E-05
 3188    1.929178E-05
 3189    1.927968E-05
 3190    1.926760E-05
 3191    1.630960E-05
 3192    1.629938E-05
 3193    1.628918E-05
 3194    1.627898E-05
 3195    1.626879E-05
 3196    1.625862E-05
 3197    1.624845E-05
 3198    1.623829E-05
 3199    1.622814E-05
 3200    1.621800E-05
 3201    1.522678E-05
 3202    1.521727E-05
 3203    1.520777E-05
 3204    1.519828E-05
 3205    1.518880E-05
 3206    1.517933E-05
 3207    1.516987E-05
 3208    1.516041E-05
 3209    1.515097E-05
 3210    1.514153E-05
 3211    1.399508E-05
 3212    1.398637E-05
 3213    1.397766E-05
 3214    1.396897E-05
 3215    1.396028E-05
 3216    1.395160E-05
 3217    1.394293E-05
 3218    1.393427E-05
 3219    1.392561E-05
 3220    1.391696E-05
 3221    1.183120E-05
 3222    1.182386E-05
 3223    1.181652E-05
 3224    1.180919E-05
 3225    1.180187E-05
 3226    1.179456E-05
 3227    1.178725E-05
 3228    1.177995E-05
 3229    1.177266E-05
 3230    1.176537E-05
 3231    1.079132E-05
 3232    1.078464E-05
 3233    1.077798E-05
 3234    1.077131E-05
 3235    1.076465E-05
 3236    1.075800E-05
 3237    1.075136E-05
 3238    1.074472E-05
 3239    1.073809E-05
 3240    1.073146E-05
 3241    1.022211E-05
 3242    1.021580E-05
 3243    1.020950E-05
 3244    1.020321E-05
 3245    1.019693E-05
 3246    1.019064E-05
 3247    1.018437E-05
 3248    1.017810E-05
 3249    1.017184E-05
 3250    1.016558E-05
 3251    9.040449E-06
 3252    9.034891E-06
 3253    9.029337E-06
 3254    9.023790E-06
 3255    9.018247E-06
 3256    9.012709E-06
 3257    9.007176E-06
 3258    9.001649E-06
 3259    8.996126E-06
 3260    8.990609E-06
 3261    8.315468E-06
 3262    8.310371E-06
 3263    8.305279E-06
 3264    8.300191E-06
 3265    8.295108E-06
 3266    8.290030E-06
 3267    8.284957E-06
 3268    8.279888E-06
 3269    8.274824E-06
 3270    8.269764E-06
 3271    7.828644E-06
 3272    7.823860E-06
 3273    7.819081E-06
 3274    7.814306E-06
 3275    7.809535E-06
 3276    7.804769E-06
 3277    7.800007E-06
 3278    7.795249E-06
 3279    7.790496E-06
 3280    7.785747E-06
 3281    7.483451E-06
 3282    7.478892E-06
 3283    7.474337E-06
 3284    7.469786E-06
 3285    7.465240E-06
 3286    7.460698E-06
 3287    7.456160E-06
 3288    7.451626E-06
 3289    7.447096E-06
 3290    7.442570E-06
 3291    6.571279E-06
 3292    6.567288E-06
 3293    6.563300E-06
 3294    6.559317E-06
 3295    6.555336E-06
 3296    6.551360E-06
 3297    6.547387E-06
 3298    6.543418E-06
 3299    6.539452E-06
 3300    6.535490E-06
