   50    0.000000E+00
   51    0.000000E+00
   52    0.000000E+00
   53    0.000000E+00
   54    0.000000E+00
   55    0.000000E+00
   56    0.000000E+00
   57    0.000000E+00
   58    0.000000E+00
   59    0.000000E+00
   60    0.000000E+00
   61    0.000000E+00
   62    0.000000E+00
   63    0.000000E+00
   64    0.000000E+00
   65    0.000000E+00
   66    0.000000E+00
   67    0.000000E+00
   68    0.000000E+00
   69    0.000000E+00
   70    0.000000E+00
   71    0.000000E+00
   72    0.000000E+00
   73    0.000000E+00
   74    0.000000E+00
   75    0.000000E+00
   76    0.000000E+00
   77    0.000000E+00
   78    0.000000E+00
   79    0.000000E+00
   80    0.000000E+00
   81    0.000000E+00
   82    0.000000E+00
   83    0.000000E+00
   84    0.000000E+00
   85    0.000000E+00
   86    0.000000E+00
   87    0.000000E+00
   88    0.000000E+00
   89    0.000000E+00
   90    0.000000E+00
   91    0.000000E+00
   92    0.000000E+00
   93    0.000000E+00
   94    0.000000E+00
   95    0.000000E+00
   96    0.000000E+00
   97    0.000000E+00
   98    0.000000E+00
   99    0.000000E+00
  100    0.000000E+00
  101    0.000000E+00
  102    0.000000E+00
  103    0.000000E+00
  104    0.000000E+00
  105    0.000000E+00
  106    0.000000E+00
  107    0.000000E+00
  108    0.000000E+00
  109    0.000000E+00
  110    0.000000E+00
  111    0.000000E+00
  112    0.000000E+00
  113    0.000000E+00
  114    0.000000E+00
  115    0.000000E+00
  116    0.000000E+00
  117    0.000000E+00
  118    0.000000E+00
  119    0.000000E+00
  120    0.000000E+00
  121    0.000000E+00
  122    0.000000E+00
  123    0.000000E+00
  124    0.000000E+00
  125    0.000000E+00
  126    0.000000E+00
  127    0.000000E+00
  128    0.000000E+00
  129    0.000000E+00
  130    0.000000E+00
  131    0.000000E+00
  132    0.000000E+00
  133    0.000000E+00
  134    0.000000E+00
  135    0.000000E+00
  136    0.000000E+00
  137    0.000000E+00
  138    0.000000E+00
  139    0.000000E+00
  140    0.000000E+00
  141    0.000000E+00
  142    0.000000E+00
  143    0.000000E+00
  144    0.000000E+00
  145    0.000000E+00
  146    0.000000E+00
  147    0.000000E+00
  148    0.000000E+00
  149    0.000000E+00
  150    0.000000E+00
  151    0.000000E+00
  152    0.000000E+00
  153    0.000000E+00
  154    0.000000E+00
  155    0.000000E+00
  156    0.000000E+00
  157    0.000000E+00
  158    0.000000E+00
  159    0.000000E+00
  160    0.000000E+00
  161    0.000000E+00
  162    0.000000E+00
  163    0.000000E+00
  164    0.000000E+00
  165    0.000000E+00
  166    0.000000E+00
  167    0.000000E+00
  168    0.000000E+00
  169    0.000000E+00
  170    0.000000E+00
  171    0.000000E+00
  172    0.000000E+00
  173    0.000000E+00
  174    0.000000E+00
  175    0.000000E+00
  176    0.000000E+00
  177    0.000000E+00
  178    0.000000E+00
  179    0.000000E+00
  180    0.000000E+00
  181    1.742616E-13
  182    1.723571E-13
  183    1.704836E-13
  184    1.686406E-13
  185    1.668272E-13
  186    1.650430E-13
  187    1.632872E-13
  188    1.615593E-13
  189    1.598587E-13
  190    1.581848E-13
  191    3.385649E-13
  192    3.350565E-13
  193    3.316023E-13
  194    3.282012E-13
  195    3.248522E-13
  196    3.215542E-13
  197    3.183062E-13
  198    3.151072E-13
  199    3.119561E-13
  200    3.088521E-13
  201    8.033535E-12
  202    7.954387E-12
  203    7.876403E-12
  204    7.799560E-12
  205    7.723836E-12
  206    7.649210E-12
  207    7.575659E-12
  208    7.503165E-12
  209    7.431706E-12
  210    7.361264E-12
  211    1.093505E-11
  212    1.083237E-11
  213    1.073113E-11
  214    1.063131E-11
  215    1.053287E-11
  216    1.043579E-11
  217    1.034005E-11
  218    1.024562E-11
  219    1.015248E-11
  220    1.006060E-11
  221    1.957399E-11
  222    1.939844E-11
  223    1.922524E-11
  224    1.905435E-11
  225    1.888573E-11
  226    1.871933E-11
  227    1.855513E-11
  228    1.839307E-11
  229    1.823313E-11
  230    1.807527E-11
  231    4.459687E-11
  232    4.421407E-11
  233    4.383617E-11
  234    4.346310E-11
  235    4.309477E-11
  236    4.273110E-11
  237    4.237201E-11
  238    4.201743E-11
  239    4.166729E-11
  240    4.132150E-11
  241    4.049214E-11
  242    4.015888E-11
  243    3.982970E-11
  244    3.950456E-11
  245    3.918339E-11
  246    3.886611E-11
  247    3.855268E-11
  248    3.824302E-11
  249    3.793707E-11
  250    3.763479E-11
  251    9.034896E-11
  252    8.963473E-11
  253    8.892895E-11
  254    8.823147E-11
  255    8.754216E-11
  256    8.686090E-11
  257    8.618756E-11
  258    8.552202E-11
  259    8.486415E-11
  260    8.421385E-11
  261    9.632805E-11
  262    9.559551E-11
  263    9.487131E-11
  264    9.415530E-11
  265    9.344736E-11
  266    9.274738E-11
  267    9.205524E-11
  268    9.137081E-11
  269    9.069399E-11
  270    9.002466E-11
  271    1.325880E-10
  272    1.316167E-10
  273    1.306560E-10
  274    1.297058E-10
  275    1.287659E-10
  276    1.278361E-10
  277    1.269165E-10
  278    1.260067E-10
  279    1.251066E-10
  280    1.242162E-10
  281    1.585045E-10
  282    1.573843E-10
  283    1.562760E-10
  284    1.551793E-10
  285    1.540942E-10
  286    1.530203E-10
  287    1.519577E-10
  288    1.509061E-10
  289    1.498654E-10
  290    1.488354E-10
  291    2.033457E-10
  292    2.019577E-10
  293    2.005838E-10
  294    1.992239E-10
  295    1.978778E-10
  296    1.965453E-10
  297    1.952262E-10
  298    1.939203E-10
  299    1.926275E-10
  300    1.913476E-10
  301    2.587618E-10
  302    2.570538E-10
  303    2.553627E-10
  304    2.536882E-10
  305    2.520301E-10
  306    2.503882E-10
  307    2.487623E-10
  308    2.471522E-10
  309    2.455577E-10
  310    2.439785E-10
  311    3.019896E-10
  312    3.000599E-10
  313    2.981487E-10
  314    2.962557E-10
  315    2.943807E-10
  316    2.925234E-10
  317    2.906836E-10
  318    2.888612E-10
  319    2.870558E-10
  320    2.852673E-10
  321    3.680387E-10
  322    3.657598E-10
  323    3.635020E-10
  324    3.612651E-10
  325    3.590487E-10
  326    3.568527E-10
  327    3.546768E-10
  328    3.525207E-10
  329    3.503842E-10
  330    3.482671E-10
  331    4.463355E-10
  332    4.436548E-10
  333    4.409982E-10
  334    4.383654E-10
  335    4.357561E-10
  336    4.331700E-10
  337    4.306069E-10
  338    4.280664E-10
  339    4.255484E-10
  340    4.230525E-10
  341    5.220460E-10
  342    5.190020E-10
  343    5.159845E-10
  344    5.129933E-10
  345    5.100280E-10
  346    5.070884E-10
  347    5.041741E-10
  348    5.012849E-10
  349    4.984204E-10
  350    4.955804E-10
  351    5.811317E-10
  352    5.778392E-10
  353    5.745746E-10
  354    5.713375E-10
  355    5.681278E-10
  356    5.649450E-10
  357    5.617889E-10
  358    5.586591E-10
  359    5.555554E-10
  360    5.524776E-10
  361    7.490219E-10
  362    7.448951E-10
  363    7.408023E-10
  364    7.367431E-10
  365    7.327172E-10
  366    7.287242E-10
  367    7.247637E-10
  368    7.208354E-10
  369    7.169390E-10
  370    7.130741E-10
  371    7.968213E-10
  372    7.925488E-10
  373    7.883106E-10
  374    7.841063E-10
  375    7.799355E-10
  376    7.757979E-10
  377    7.716931E-10
  378    7.676209E-10
  379    7.635808E-10
  380    7.595725E-10
  381    9.703584E-10
  382    9.652912E-10
  383    9.602637E-10
  384    9.552753E-10
  385    9.503257E-10
  386    9.454144E-10
  387    9.405412E-10
  388    9.357055E-10
  389    9.309070E-10
  390    9.261453E-10
  391    1.154388E-09
  392    1.148513E-09
  393    1.142683E-09
  394    1.136897E-09
  395    1.131155E-09
  396    1.125457E-09
  397    1.119801E-09
  398    1.114188E-09
  399    1.108617E-09
  400    1.103088E-09
  401    1.189009E-09
  402    1.183108E-09
  403    1.177251E-09
  404    1.171438E-09
  405    1.165667E-09
  406    1.159939E-09
  407    1.154253E-09
  408    1.148609E-09
  409    1.143006E-09
  410    1.137444E-09
  411    1.564946E-09
  412    1.557368E-09
  413    1.549844E-09
  414    1.542375E-09
  415    1.534960E-09
  416    1.527598E-09
  417    1.520289E-09
  418    1.513032E-09
  419    1.505827E-09
  420    1.498674E-09
  421    1.573632E-09
  422    1.566191E-09
  423    1.558804E-09
  424    1.551468E-09
  425    1.544184E-09
  426    1.536952E-09
  427    1.529769E-09
  428    1.522638E-09
  429    1.515556E-09
  430    1.508523E-09
  431    2.026177E-09
  432    2.016819E-09
  433    2.007525E-09
  434    1.998295E-09
  435    1.989128E-09
  436    1.980025E-09
  437    1.970983E-09
  438    1.962004E-09
  439    1.953086E-09
  440    1.944228E-09
  441    2.207665E-09
  442    2.197698E-09
  443    2.187799E-09
  444    2.177966E-09
  445    2.168199E-09
  446    2.158498E-09
  447    2.148862E-09
  448    2.139290E-09
  449    2.129782E-09
  450    2.120338E-09
  451    2.394987E-09
  452    2.384413E-09
  453    2.373909E-09
  454    2.363474E-09
  455    2.353108E-09
  456    2.342810E-09
  457    2.332579E-09
  458    2.322416E-09
  459    2.312318E-09
  460    2.302286E-09
  461    2.896864E-09
  462    2.884351E-09
  463    2.871918E-09
  464    2.859566E-09
  465    2.847293E-09
  466    2.835099E-09
  467    2.822983E-09
  468    2.810945E-09
  469    2.798984E-09
  470    2.787098E-09
  471    2.980657E-09
  472    2.968053E-09
  473    2.955530E-09
  474    2.943086E-09
  475    2.930720E-09
  476    2.918432E-09
  477    2.906221E-09
  478    2.894086E-09
  479    2.882027E-09
  480    2.870044E-09
  481    3.815307E-09
  482    3.799508E-09
  483    3.783808E-09
  484    3.768204E-09
  485    3.752697E-09
  486    3.737286E-09
  487    3.721969E-09
  488    3.706746E-09
  489    3.691617E-09
  490    3.676580E-09
  491    3.834316E-09
  492    3.818761E-09
  493    3.803301E-09
  494    3.787934E-09
  495    3.772660E-09
  496    3.757478E-09
  497    3.742388E-09
  498    3.727388E-09
  499    3.712479E-09
  500    3.697659E-09
  501    4.427771E-09
  502    4.410166E-09
  503    4.392665E-09
  504    4.375268E-09
  505    4.357975E-09
  506    4.340784E-09
  507    4.323694E-09
  508    4.306705E-09
  509    4.289816E-09
  510    4.273026E-09
  511    5.174921E-09
  512    5.154746E-09
  513    5.134689E-09
  514    5.114748E-09
  515    5.094924E-09
  516    5.075214E-09
  517    5.055619E-09
  518    5.036137E-09
  519    5.016767E-09
  520    4.997509E-09
  521    5.405993E-09
  522    5.385320E-09
  523    5.364765E-09
  524    5.344328E-09
  525    5.324008E-09
  526    5.303803E-09
  527    5.283713E-09
  528    5.263736E-09
  529    5.243873E-09
  530    5.224122E-09
  531    6.612335E-09
  532    6.587523E-09
  533    6.562851E-09
  534    6.538317E-09
  535    6.513920E-09
  536    6.489659E-09
  537    6.465534E-09
  538    6.441543E-09
  539    6.417686E-09
  540    6.393961E-09
  541    6.674949E-09
  542    6.650363E-09
  543    6.625913E-09
  544    6.601598E-09
  545    6.577416E-09
  546    6.553367E-09
  547    6.529450E-09
  548    6.505663E-09
  549    6.482006E-09
  550    6.458478E-09
  551    7.993982E-09
  552    7.965070E-09
  553    7.936315E-09
  554    7.907716E-09
  555    7.879271E-09
  556    7.850979E-09
  557    7.822840E-09
  558    7.794851E-09
  559    7.767012E-09
  560    7.739322E-09
  561    8.624785E-09
  562    8.594146E-09
  563    8.563671E-09
  564    8.533357E-09
  565    8.503203E-09
  566    8.473210E-09
  567    8.443375E-09
  568    8.413697E-09
  569    8.384175E-09
  570    8.354808E-09
  571    9.216804E-09
  572    9.184634E-09
  573    9.152631E-09
  574    9.120796E-09
  575    9.089127E-09
  576    9.057622E-09
  577    9.026281E-09
  578    8.995102E-09
  579    8.964084E-09
  580    8.933227E-09
  581    1.043376E-08
  582    1.039797E-08
  583    1.036236E-08
  584    1.032693E-08
  585    1.029169E-08
  586    1.025662E-08
  587    1.022173E-08
  588    1.018702E-08
  589    1.015249E-08
  590    1.011814E-08
  591    1.139017E-08
  592    1.135175E-08
  593    1.131353E-08
  594    1.127550E-08
  595    1.123767E-08
  596    1.120002E-08
  597    1.116256E-08
  598    1.112529E-08
  599    1.108821E-08
  600    1.105131E-08
  601    1.291175E-08
  602    1.286893E-08
  603    1.282632E-08
  604    1.278392E-08
  605    1.274173E-08
  606    1.269974E-08
  607    1.265797E-08
  608    1.261640E-08
  609    1.257503E-08
  610    1.253387E-08
  611    1.360701E-08
  612    1.356261E-08
  613    1.351843E-08
  614    1.347447E-08
  615    1.343072E-08
  616    1.338719E-08
  617    1.334386E-08
  618    1.330075E-08
  619    1.325784E-08
  620    1.321515E-08
  621    1.588433E-08
  622    1.583334E-08
  623    1.578259E-08
  624    1.573208E-08
  625    1.568182E-08
  626    1.563180E-08
  627    1.558202E-08
  628    1.553247E-08
  629    1.548316E-08
  630    1.543409E-08
  631    1.693934E-08
  632    1.688582E-08
  633    1.683255E-08
  634    1.677954E-08
  635    1.672677E-08
  636    1.667425E-08
  637    1.662198E-08
  638    1.656996E-08
  639    1.651818E-08
  640    1.646664E-08
  641    1.844119E-08
  642    1.838383E-08
  643    1.832674E-08
  644    1.826991E-08
  645    1.821335E-08
  646    1.815705E-08
  647    1.810100E-08
  648    1.804522E-08
  649    1.798970E-08
  650    1.793443E-08
  651    2.054979E-08
  652    2.048685E-08
  653    2.042420E-08
  654    2.036184E-08
  655    2.029976E-08
  656    2.023796E-08
  657    2.017645E-08
  658    2.011522E-08
  659    2.005426E-08
  660    1.999358E-08
  661    2.133767E-08
  662    2.127330E-08
  663    2.120922E-08
  664    2.114544E-08
  665    2.108194E-08
  666    2.101872E-08
  667    2.095579E-08
  668    2.089314E-08
  669    2.083078E-08
  670    2.076869E-08
  671    2.420062E-08
  672    2.412870E-08
  673    2.405711E-08
  674    2.398582E-08
  675    2.391486E-08
  676    2.384421E-08
  677    2.377387E-08
  678    2.370385E-08
  679    2.363413E-08
  680    2.356472E-08
  681    2.508663E-08
  682    2.501317E-08
  683    2.494003E-08
  684    2.486722E-08
  685    2.479472E-08
  686    2.472253E-08
  687    2.465067E-08
  688    2.457911E-08
  689    2.450787E-08
  690    2.443693E-08
  691    2.726900E-08
  692    2.719031E-08
  693    2.711195E-08
  694    2.703393E-08
  695    2.695624E-08
  696    2.687889E-08
  697    2.680188E-08
  698    2.672519E-08
  699    2.664883E-08
  700    2.657280E-08
  701    2.947491E-08
  702    2.939105E-08
  703    2.930756E-08
  704    2.922441E-08
  705    2.914163E-08
  706    2.905919E-08
  707    2.897710E-08
  708    2.889536E-08
  709    2.881396E-08
  710    2.873291E-08
  711    3.147270E-08
  712    3.138442E-08
  713    3.129651E-08
  714    3.120896E-08
  715    3.112179E-08
  716    3.103498E-08
  717    3.094853E-08
  718    3.086244E-08
  719    3.077671E-08
  720    3.069134E-08
  721    3.501936E-08
  722    3.492248E-08
  723    3.482601E-08
  724    3.472994E-08
  725    3.463427E-08
  726    3.453899E-08
  727    3.444410E-08
  728    3.434960E-08
  729    3.425549E-08
  730    3.416177E-08
  731    3.657394E-08
  732    3.647414E-08
  733    3.637476E-08
  734    3.627578E-08
  735    3.617720E-08
  736    3.607903E-08
  737    3.598126E-08
  738    3.588388E-08
  739    3.578689E-08
  740    3.569030E-08
  741    4.099079E-08
  742    4.088046E-08
  743    4.077056E-08
  744    4.066111E-08
  745    4.055210E-08
  746    4.044353E-08
  747    4.033539E-08
  748    4.022768E-08
  749    4.012041E-08
  750    4.001357E-08
  751    4.220799E-08
  752    4.209588E-08
  753    4.198422E-08
  754    4.187301E-08
  755    4.176223E-08
  756    4.165190E-08
  757    4.154200E-08
  758    4.143253E-08
  759    4.132350E-08
  760    4.121489E-08
  761    4.514666E-08
  762    4.502832E-08
  763    4.491044E-08
  764    4.479303E-08
  765    4.467608E-08
  766    4.455958E-08
  767    4.444354E-08
  768    4.432795E-08
  769    4.421281E-08
  770    4.409812E-08
  771    4.924155E-08
  772    4.911414E-08
  773    4.898724E-08
  774    4.886082E-08
  775    4.873489E-08
  776    4.860944E-08
  777    4.848448E-08
  778    4.836000E-08
  779    4.823600E-08
  780    4.811248E-08
  781    5.042836E-08
  782    5.029955E-08
  783    5.017124E-08
  784    5.004341E-08
  785    4.991608E-08
  786    4.978922E-08
  787    4.966286E-08
  788    4.953697E-08
  789    4.941156E-08
  790    4.928662E-08
  791    5.634908E-08
  792    5.620696E-08
  793    5.606538E-08
  794    5.592434E-08
  795    5.578383E-08
  796    5.564384E-08
  797    5.550438E-08
  798    5.536545E-08
  799    5.522703E-08
  800    5.508914E-08
  801    5.802455E-08
  802    5.788003E-08
  803    5.773605E-08
  804    5.759261E-08
  805    5.744970E-08
  806    5.730732E-08
  807    5.716547E-08
  808    5.702415E-08
  809    5.688335E-08
  810    5.674307E-08
  811    6.185679E-08
  812    6.170463E-08
  813    6.155302E-08
  814    6.140197E-08
  815    6.125147E-08
  816    6.110153E-08
  817    6.095214E-08
  818    6.080329E-08
  819    6.065499E-08
  820    6.050723E-08
  821    6.705971E-08
  822    6.689675E-08
  823    6.673438E-08
  824    6.657260E-08
  825    6.641141E-08
  826    6.625080E-08
  827    6.609077E-08
  828    6.593133E-08
  829    6.577246E-08
  830    6.561416E-08
  831    6.739790E-08
  832    6.723608E-08
  833    6.707484E-08
  834    6.691418E-08
  835    6.675410E-08
  836    6.659459E-08
  837    6.643566E-08
  838    6.627729E-08
  839    6.611948E-08
  840    6.596224E-08
  841    7.562826E-08
  842    7.544884E-08
  843    7.527005E-08
  844    7.509189E-08
  845    7.491437E-08
  846    7.473748E-08
  847    7.456121E-08
  848    7.438557E-08
  849    7.421054E-08
  850    7.403613E-08
  851    7.373365E-08
  852    7.356077E-08
  853    7.338850E-08
  854    7.321683E-08
  855    7.304576E-08
  856    7.287529E-08
  857    7.270542E-08
  858    7.253614E-08
  859    7.236745E-08
  860    7.219935E-08
  861    7.911932E-08
  862    7.893596E-08
  863    7.875324E-08
  864    7.857115E-08
  865    7.838970E-08
  866    7.820887E-08
  867    7.802866E-08
  868    7.784908E-08
  869    7.767012E-08
  870    7.749177E-08
  871    8.476986E-08
  872    8.457566E-08
  873    8.438212E-08
  874    8.418925E-08
  875    8.399704E-08
  876    8.380548E-08
  877    8.361458E-08
  878    8.342433E-08
  879    8.323473E-08
  880    8.304578E-08
  881    8.398743E-08
  882    8.379719E-08
  883    8.360761E-08
  884    8.341866E-08
  885    8.323036E-08
  886    8.304269E-08
  887    8.285566E-08
  888    8.266926E-08
  889    8.248348E-08
  890    8.229834E-08
  891    9.539890E-08
  892    9.518524E-08
  893    9.497230E-08
  894    9.476007E-08
  895    9.454855E-08
  896    9.433774E-08
  897    9.412764E-08
  898    9.391823E-08
  899    9.370952E-08
  900    9.350151E-08
  901    9.343135E-08
  902    9.322441E-08
  903    9.301817E-08
  904    9.281260E-08
  905    9.260772E-08
  906    9.240351E-08
  907    9.219998E-08
  908    9.199712E-08
  909    9.179493E-08
  910    9.159340E-08
  911    1.000185E-07
  912    9.979937E-08
  913    9.958099E-08
  914    9.936333E-08
  915    9.914638E-08
  916    9.893013E-08
  917    9.871460E-08
  918    9.849977E-08
  919    9.828564E-08
  920    9.807221E-08
  921    1.062972E-07
  922    1.060669E-07
  923    1.058373E-07
  924    1.056084E-07
  925    1.053804E-07
  926    1.051530E-07
  927    1.049264E-07
  928    1.047005E-07
  929    1.044753E-07
  930    1.042509E-07
  931    1.045838E-07
  932    1.043596E-07
  933    1.041362E-07
  934    1.039134E-07
  935    1.036914E-07
  936    1.034701E-07
  937    1.032494E-07
  938    1.030295E-07
  939    1.028103E-07
  940    1.025918E-07
  941    1.181924E-07
  942    1.179417E-07
  943    1.176919E-07
  944    1.174428E-07
  945    1.171945E-07
  946    1.169470E-07
  947    1.167002E-07
  948    1.164543E-07
  949    1.162091E-07
  950    1.159647E-07
  951    1.141379E-07
  952    1.138984E-07
  953    1.136596E-07
  954    1.134216E-07
  955    1.131843E-07
  956    1.129477E-07
  957    1.127119E-07
  958    1.124769E-07
  959    1.122425E-07
  960    1.120089E-07
  961    1.227808E-07
  962    1.225258E-07
  963    1.222716E-07
  964    1.220182E-07
  965    1.217656E-07
  966    1.215137E-07
  967    1.212627E-07
  968    1.210124E-07
  969    1.207629E-07
  970    1.205141E-07
  971    1.235474E-07
  972    1.232934E-07
  973    1.230403E-07
  974    1.227879E-07
  975    1.225363E-07
  976    1.222854E-07
  977    1.220353E-07
  978    1.217860E-07
  979    1.215375E-07
  980    1.212897E-07
  981    1.242426E-07
  982    1.239898E-07
  983    1.237378E-07
  984    1.234866E-07
  985    1.232361E-07
  986    1.229864E-07
  987    1.227374E-07
  988    1.224892E-07
  989    1.222418E-07
  990    1.219950E-07
  991    1.379871E-07
  992    1.377092E-07
  993    1.374321E-07
  994    1.371559E-07
  995    1.368805E-07
  996    1.366059E-07
  997    1.363321E-07
  998    1.360592E-07
  999    1.357871E-07
 1000    1.355158E-07
 1001    1.286080E-07
 1002    1.283516E-07
 1003    1.280959E-07
 1004    1.278410E-07
 1005    1.275868E-07
 1006    1.273334E-07
 1007    1.270808E-07
 1008    1.268289E-07
 1009    1.265777E-07
 1010    1.263273E-07
 1011    1.446469E-07
 1012    1.443613E-07
 1013    1.440766E-07
 1014    1.437927E-07
 1015    1.435096E-07
 1016    1.432274E-07
 1017    1.429460E-07
 1018    1.426655E-07
 1019    1.423857E-07
 1020    1.421068E-07
 1021    1.450522E-07
 1022    1.447686E-07
 1023    1.444858E-07
 1024    1.442039E-07
 1025    1.439228E-07
 1026    1.436425E-07
 1027    1.433631E-07
 1028    1.430844E-07
 1029    1.428066E-07
 1030    1.425296E-07
 1031    1.455056E-07
 1032    1.452239E-07
 1033    1.449430E-07
 1034    1.446629E-07
 1035    1.443836E-07
 1036    1.441052E-07
 1037    1.438275E-07
 1038    1.435507E-07
 1039    1.432746E-07
 1040    1.429993E-07
 1041    1.527570E-07
 1042    1.524641E-07
 1043    1.521720E-07
 1044    1.518808E-07
 1045    1.515904E-07
 1046    1.513008E-07
 1047    1.510120E-07
 1048    1.507241E-07
 1049    1.504370E-07
 1050    1.501508E-07
 1051    1.463468E-07
 1052    1.460689E-07
 1053    1.457917E-07
 1054    1.455153E-07
 1055    1.452397E-07
 1056    1.449649E-07
 1057    1.446909E-07
 1058    1.444176E-07
 1059    1.441451E-07
 1060    1.438734E-07
 1061    1.619591E-07
 1062    1.616544E-07
 1063    1.613505E-07
 1064    1.610475E-07
 1065    1.607454E-07
 1066    1.604441E-07
 1067    1.601436E-07
 1068    1.598440E-07
 1069    1.595452E-07
 1070    1.592473E-07
 1071    1.589893E-07
 1072    1.586930E-07
 1073    1.583975E-07
 1074    1.581028E-07
 1075    1.578089E-07
 1076    1.575159E-07
 1077    1.572236E-07
 1078    1.569322E-07
 1079    1.566416E-07
 1080    1.563518E-07
 1081    1.630147E-07
 1082    1.627137E-07
 1083    1.624134E-07
 1084    1.621141E-07
 1085    1.618155E-07
 1086    1.615178E-07
 1087    1.612209E-07
 1088    1.609248E-07
 1089    1.606295E-07
 1090    1.603351E-07
 1091    1.645793E-07
 1092    1.642781E-07
 1093    1.639778E-07
 1094    1.636783E-07
 1095    1.633796E-07
 1096    1.630818E-07
 1097    1.627847E-07
 1098    1.624885E-07
 1099    1.621930E-07
 1100    1.618984E-07
 1101    1.636061E-07
 1102    1.633094E-07
 1103    1.630136E-07
 1104    1.627185E-07
 1105    1.624243E-07
 1106    1.621308E-07
 1107    1.618382E-07
 1108    1.615463E-07
 1109    1.612552E-07
 1110    1.609649E-07
 1111    1.659158E-07
 1112    1.656177E-07
 1113    1.653203E-07
 1114    1.650238E-07
 1115    1.647281E-07
 1116    1.644331E-07
 1117    1.641389E-07
 1118    1.638456E-07
 1119    1.635530E-07
 1120    1.632612E-07
 1121    1.657845E-07
 1122    1.654892E-07
 1123    1.651948E-07
 1124    1.649011E-07
 1125    1.646082E-07
 1126    1.643161E-07
 1127    1.640247E-07
 1128    1.637342E-07
 1129    1.634444E-07
 1130    1.631553E-07
 1131    1.663176E-07
 1132    1.660240E-07
 1133    1.657312E-07
 1134    1.654392E-07
 1135    1.651479E-07
 1136    1.648574E-07
 1137    1.645677E-07
 1138    1.642787E-07
 1139    1.639905E-07
 1140    1.637030E-07
 1141    1.684527E-07
 1142    1.681580E-07
 1143    1.678640E-07
 1144    1.675708E-07
 1145    1.672784E-07
 1146    1.669867E-07
 1147    1.666958E-07
 1148    1.664056E-07
 1149    1.661162E-07
 1150    1.658276E-07
 1151    1.668240E-07
 1152    1.665346E-07
 1153    1.662460E-07
 1154    1.659581E-07
 1155    1.656710E-07
 1156    1.653846E-07
 1157    1.650990E-07
 1158    1.648141E-07
 1159    1.645299E-07
 1160    1.642465E-07
 1161    1.651373E-07
 1162    1.648534E-07
 1163    1.645701E-07
 1164    1.642876E-07
 1165    1.640058E-07
 1166    1.637247E-07
 1167    1.634444E-07
 1168    1.631647E-07
 1169    1.628858E-07
 1170    1.626076E-07
 1171    1.623491E-07
 1172    1.620723E-07
 1173    1.617962E-07
 1174    1.615208E-07
 1175    1.612461E-07
 1176    1.609721E-07
 1177    1.606988E-07
 1178    1.604262E-07
 1179    1.601543E-07
 1180    1.598830E-07
 1181    1.682186E-07
 1182    1.679342E-07
 1183    1.676505E-07
 1184    1.673676E-07
 1185    1.670853E-07
 1186    1.668038E-07
 1187    1.665230E-07
 1188    1.662429E-07
 1189    1.659635E-07
 1190    1.656848E-07
 1191    1.646714E-07
 1192    1.643954E-07
 1193    1.641200E-07
 1194    1.638453E-07
 1195    1.635713E-07
 1196    1.632980E-07
 1197    1.630254E-07
 1198    1.627535E-07
 1199    1.624822E-07
 1200    1.622116E-07
 1201    1.663787E-07
 1202    1.661021E-07
 1203    1.658261E-07
 1204    1.655509E-07
 1205    1.652764E-07
 1206    1.650025E-07
 1207    1.647293E-07
 1208    1.644568E-07
 1209    1.641850E-07
 1210    1.639138E-07
 1211    1.611984E-07
 1212    1.609326E-07
 1213    1.606675E-07
 1214    1.604030E-07
 1215    1.601392E-07
 1216    1.598760E-07
 1217    1.596135E-07
 1218    1.593516E-07
 1219    1.590904E-07
 1220    1.588298E-07
 1221    1.576130E-07
 1222    1.573553E-07
 1223    1.570981E-07
 1224    1.568417E-07
 1225    1.565858E-07
 1226    1.563306E-07
 1227    1.560759E-07
 1228    1.558220E-07
 1229    1.555686E-07
 1230    1.553158E-07
 1231    1.651785E-07
 1232    1.649105E-07
 1233    1.646433E-07
 1234    1.643766E-07
 1235    1.641106E-07
 1236    1.638453E-07
 1237    1.635806E-07
 1238    1.633166E-07
 1239    1.630531E-07
 1240    1.627904E-07
 1241    1.554951E-07
 1242    1.552449E-07
 1243    1.549953E-07
 1244    1.547463E-07
 1245    1.544979E-07
 1246    1.542501E-07
 1247    1.540029E-07
 1248    1.537563E-07
 1249    1.535103E-07
 1250    1.532649E-07
 1251    1.564111E-07
 1252    1.561615E-07
 1253    1.559124E-07
 1254    1.556640E-07
 1255    1.554161E-07
 1256    1.551688E-07
 1257    1.549221E-07
 1258    1.546760E-07
 1259    1.544305E-07
 1260    1.541856E-07
 1261    1.479662E-07
 1262    1.477319E-07
 1263    1.474982E-07
 1264    1.472650E-07
 1265    1.470323E-07
 1266    1.468002E-07
 1267    1.465687E-07
 1268    1.463377E-07
 1269    1.461072E-07
 1270    1.458773E-07
 1271    1.510947E-07
 1272    1.508573E-07
 1273    1.506204E-07
 1274    1.503842E-07
 1275    1.501485E-07
 1276    1.499133E-07
 1277    1.496787E-07
 1278    1.494446E-07
 1279    1.492111E-07
 1280    1.489782E-07
 1281    1.415884E-07
 1282    1.413677E-07
 1283    1.411475E-07
 1284    1.409278E-07
 1285    1.407086E-07
 1286    1.404899E-07
 1287    1.402718E-07
 1288    1.400541E-07
 1289    1.398370E-07
 1290    1.396204E-07
 1291    1.372474E-07
 1292    1.370351E-07
 1293    1.368233E-07
 1294    1.366120E-07
 1295    1.364012E-07
 1296    1.361909E-07
 1297    1.359810E-07
 1298    1.357717E-07
 1299    1.355628E-07
 1300    1.353544E-07
 1301    1.372332E-07
 1302    1.370225E-07
 1303    1.368124E-07
 1304    1.366027E-07
 1305    1.363935E-07
 1306    1.361848E-07
 1307    1.359765E-07
 1308    1.357688E-07
 1309    1.355615E-07
 1310    1.353547E-07
 1311    1.299983E-07
 1312    1.298003E-07
 1313    1.296027E-07
 1314    1.294056E-07
 1315    1.292089E-07
 1316    1.290127E-07
 1317    1.288170E-07
 1318    1.286216E-07
 1319    1.284268E-07
 1320    1.282323E-07
 1321    1.278465E-07
 1322    1.276532E-07
 1323    1.274604E-07
 1324    1.272680E-07
 1325    1.270760E-07
 1326    1.268845E-07
 1327    1.266934E-07
 1328    1.265027E-07
 1329    1.263125E-07
 1330    1.261227E-07
 1331    1.228537E-07
 1332    1.226693E-07
 1333    1.224854E-07
 1334    1.223019E-07
 1335    1.221188E-07
 1336    1.219362E-07
 1337    1.217539E-07
 1338    1.215720E-07
 1339    1.213906E-07
 1340    1.212095E-07
 1341    1.142276E-07
 1342    1.140575E-07
 1343    1.138877E-07
 1344    1.137184E-07
 1345    1.135494E-07
 1346    1.133808E-07
 1347    1.132126E-07
 1348    1.130448E-07
 1349    1.128773E-07
 1350    1.127102E-07
 1351    1.152034E-07
 1352    1.150331E-07
 1353    1.148632E-07
 1354    1.146937E-07
 1355    1.145245E-07
 1356    1.143557E-07
 1357    1.141873E-07
 1358    1.140193E-07
 1359    1.138516E-07
 1360    1.136843E-07
 1361    1.084665E-07
 1362    1.083073E-07
 1363    1.081485E-07
 1364    1.079901E-07
 1365    1.078319E-07
 1366    1.076742E-07
 1367    1.075168E-07
 1368    1.073597E-07
 1369    1.072030E-07
 1370    1.070466E-07
 1371    1.058182E-07
 1372    1.056641E-07
 1373    1.055102E-07
 1374    1.053568E-07
 1375    1.052036E-07
 1376    1.050508E-07
 1377    1.048984E-07
 1378    1.047462E-07
 1379    1.045944E-07
 1380    1.044430E-07
 1381    1.010221E-07
 1382    1.008760E-07
 1383    1.007302E-07
 1384    1.005848E-07
 1385    1.004396E-07
 1386    1.002948E-07
 1387    1.001503E-07
 1388    1.000061E-07
 1389    9.986217E-08
 1390    9.971858E-08
 1391    9.666791E-08
 1392    9.652912E-08
 1393    9.639062E-08
 1394    9.625243E-08
 1395    9.611453E-08
 1396    9.597693E-08
 1397    9.583962E-08
 1398    9.570261E-08
 1399    9.556589E-08
 1400    9.542947E-08
 1401    9.614000E-08
 1402    9.600295E-08
 1403    9.586619E-08
 1404    9.572973E-08
 1405    9.559356E-08
 1406    9.545767E-08
 1407    9.532208E-08
 1408    9.518678E-08
 1409    9.505176E-08
 1410    9.491703E-08
 1411    8.819415E-08
 1412    8.806931E-08
 1413    8.794475E-08
 1414    8.782044E-08
 1415    8.769640E-08
 1416    8.757263E-08
 1417    8.744911E-08
 1418    8.732586E-08
 1419    8.720286E-08
 1420    8.708013E-08
 1421    8.835393E-08
 1422    8.822975E-08
 1423    8.810583E-08
 1424    8.798217E-08
 1425    8.785877E-08
 1426    8.773564E-08
 1427    8.761276E-08
 1428    8.749014E-08
 1429    8.736777E-08
 1430    8.724567E-08
 1431    8.589428E-08
 1432    8.577440E-08
 1433    8.565477E-08
 1434    8.553539E-08
 1435    8.541626E-08
 1436    8.529738E-08
 1437    8.517874E-08
 1438    8.506036E-08
 1439    8.494222E-08
 1440    8.482432E-08
 1441    8.638608E-08
 1442    8.626635E-08
 1443    8.614687E-08
 1444    8.602763E-08
 1445    8.590864E-08
 1446    8.578990E-08
 1447    8.567141E-08
 1448    8.555316E-08
 1449    8.543516E-08
 1450    8.531740E-08
 1451    8.240229E-08
 1452    8.228887E-08
 1453    8.217568E-08
 1454    8.206273E-08
 1455    8.195000E-08
 1456    8.183751E-08
 1457    8.172525E-08
 1458    8.161322E-08
 1459    8.150142E-08
 1460    8.138985E-08
 1461    8.292298E-08
 1462    8.280962E-08
 1463    8.269650E-08
 1464    8.258360E-08
 1465    8.247093E-08
 1466    8.235850E-08
 1467    8.224629E-08
 1468    8.213432E-08
 1469    8.202257E-08
 1470    8.191105E-08
 1471    8.496571E-08
 1472    8.485035E-08
 1473    8.473522E-08
 1474    8.462032E-08
 1475    8.450566E-08
 1476    8.439123E-08
 1477    8.427704E-08
 1478    8.416307E-08
 1479    8.404934E-08
 1480    8.393583E-08
 1481    8.677951E-08
 1482    8.666248E-08
 1483    8.654568E-08
 1484    8.642912E-08
 1485    8.631280E-08
 1486    8.619671E-08
 1487    8.608085E-08
 1488    8.596523E-08
 1489    8.584984E-08
 1490    8.573468E-08
 1491    9.012871E-08
 1492    9.000797E-08
 1493    8.988748E-08
 1494    8.976723E-08
 1495    8.964722E-08
 1496    8.952745E-08
 1497    8.940792E-08
 1498    8.928863E-08
 1499    8.916958E-08
 1500    8.905077E-08
 1501    9.297933E-08
 1502    9.285560E-08
 1503    9.273212E-08
 1504    9.260889E-08
 1505    9.248591E-08
 1506    9.236316E-08
 1507    9.224067E-08
 1508    9.211841E-08
 1509    9.199640E-08
 1510    9.187463E-08
 1511    9.354161E-08
 1512    9.341796E-08
 1513    9.329456E-08
 1514    9.317140E-08
 1515    9.304848E-08
 1516    9.292581E-08
 1517    9.280337E-08
 1518    9.268118E-08
 1519    9.255923E-08
 1520    9.243753E-08
 1521    1.038290E-07
 1522    1.036926E-07
 1523    1.035566E-07
 1524    1.034208E-07
 1525    1.032852E-07
 1526    1.031499E-07
 1527    1.030149E-07
 1528    1.028802E-07
 1529    1.027457E-07
 1530    1.026115E-07
 1531    1.094942E-07
 1532    1.093514E-07
 1533    1.092088E-07
 1534    1.090665E-07
 1535    1.089245E-07
 1536    1.087828E-07
 1537    1.086413E-07
 1538    1.085001E-07
 1539    1.083592E-07
 1540    1.082186E-07
 1541    1.198282E-07
 1542    1.196729E-07
 1543    1.195178E-07
 1544    1.193631E-07
 1545    1.192087E-07
 1546    1.190546E-07
 1547    1.189008E-07
 1548    1.187473E-07
 1549    1.185940E-07
 1550    1.184411E-07
 1551    1.249483E-07
 1552    1.247874E-07
 1553    1.246268E-07
 1554    1.244665E-07
 1555    1.243065E-07
 1556    1.241469E-07
 1557    1.239875E-07
 1558    1.238284E-07
 1559    1.236697E-07
 1560    1.235112E-07
 1561    1.381145E-07
 1562    1.379378E-07
 1563    1.377614E-07
 1564    1.375854E-07
 1565    1.374096E-07
 1566    1.372343E-07
 1567    1.370592E-07
 1568    1.368845E-07
 1569    1.367101E-07
 1570    1.365361E-07
 1571    1.521067E-07
 1572    1.519133E-07
 1573    1.517203E-07
 1574    1.515276E-07
 1575    1.513353E-07
 1576    1.511434E-07
 1577    1.509518E-07
 1578    1.507606E-07
 1579    1.505698E-07
 1580    1.503793E-07
 1581    1.679876E-07
 1582    1.677754E-07
 1583    1.675635E-07
 1584    1.673521E-07
 1585    1.671411E-07
 1586    1.669304E-07
 1587    1.667202E-07
 1588    1.665103E-07
 1589    1.663009E-07
 1590    1.660918E-07
 1591    1.852517E-07
 1592    1.850191E-07
 1593    1.847870E-07
 1594    1.845553E-07
 1595    1.843240E-07
 1596    1.840932E-07
 1597    1.838628E-07
 1598    1.836328E-07
 1599    1.834033E-07
 1600    1.831742E-07
 1601    2.019695E-07
 1602    2.017175E-07
 1603    2.014660E-07
 1604    2.012149E-07
 1605    2.009644E-07
 1606    2.007143E-07
 1607    2.004646E-07
 1608    2.002154E-07
 1609    1.999667E-07
 1610    1.997185E-07
 1611    2.306438E-07
 1612    2.303578E-07
 1613    2.300723E-07
 1614    2.297874E-07
 1615    2.295030E-07
 1616    2.292192E-07
 1617    2.289358E-07
 1618    2.286530E-07
 1619    2.283707E-07
 1620    2.280890E-07
 1621    2.552881E-07
 1622    2.549735E-07
 1623    2.546595E-07
 1624    2.543461E-07
 1625    2.540333E-07
 1626    2.537210E-07
 1627    2.534093E-07
 1628    2.530982E-07
 1629    2.527876E-07
 1630    2.524776E-07
 1631    2.836897E-07
 1632    2.833422E-07
 1633    2.829954E-07
 1634    2.826492E-07
 1635    2.823037E-07
 1636    2.819588E-07
 1637    2.816145E-07
 1638    2.812709E-07
 1639    2.809279E-07
 1640    2.805855E-07
 1641    3.134841E-07
 1642    3.131025E-07
 1643    3.127216E-07
 1644    3.123414E-07
 1645    3.119619E-07
 1646    3.115831E-07
 1647    3.112049E-07
 1648    3.108275E-07
 1649    3.104507E-07
 1650    3.100746E-07
 1651    3.320788E-07
 1652    3.316770E-07
 1653    3.312760E-07
 1654    3.308757E-07
 1655    3.304760E-07
 1656    3.300772E-07
 1657    3.296790E-07
 1658    3.292816E-07
 1659    3.288848E-07
 1660    3.284888E-07
 1661    3.687277E-07
 1662    3.682843E-07
 1663    3.678416E-07
 1664    3.673998E-07
 1665    3.669587E-07
 1666    3.665185E-07
 1667    3.660790E-07
 1668    3.656403E-07
 1669    3.652024E-07
 1670    3.647653E-07
 1671    4.043552E-07
 1672    4.038718E-07
 1673    4.033893E-07
 1674    4.029077E-07
 1675    4.024269E-07
 1676    4.019469E-07
 1677    4.014678E-07
 1678    4.009896E-07
 1679    4.005123E-07
 1680    4.000357E-07
 1681    4.526923E-07
 1682    4.521543E-07
 1683    4.516173E-07
 1684    4.510813E-07
 1685    4.505462E-07
 1686    4.500120E-07
 1687    4.494788E-07
 1688    4.489466E-07
 1689    4.484153E-07
 1690    4.478850E-07
 1691    5.100349E-07
 1692    5.094324E-07
 1693    5.088310E-07
 1694    5.082306E-07
 1695    5.076312E-07
 1696    5.070330E-07
 1697    5.064358E-07
 1698    5.058396E-07
 1699    5.052445E-07
 1700    5.046504E-07
 1701    5.398223E-07
 1702    5.391883E-07
 1703    5.385555E-07
 1704    5.379238E-07
 1705    5.372931E-07
 1706    5.366636E-07
 1707    5.360352E-07
 1708    5.354079E-07
 1709    5.347817E-07
 1710    5.341566E-07
 1711    6.038223E-07
 1712    6.031173E-07
 1713    6.024135E-07
 1714    6.017110E-07
 1715    6.010097E-07
 1716    6.003097E-07
 1717    5.996108E-07
 1718    5.989132E-07
 1719    5.982168E-07
 1720    5.975216E-07
 1721    6.495392E-07
 1722    6.487852E-07
 1723    6.480326E-07
 1724    6.472812E-07
 1725    6.465312E-07
 1726    6.457825E-07
 1727    6.450350E-07
 1728    6.442889E-07
 1729    6.435441E-07
 1730    6.428005E-07
 1731    7.174698E-07
 1732    7.166418E-07
 1733    7.158152E-07
 1734    7.149900E-07
 1735    7.141663E-07
 1736    7.133440E-07
 1737    7.125231E-07
 1738    7.117037E-07
 1739    7.108856E-07
 1740    7.100690E-07
 1741    7.670308E-07
 1742    7.661507E-07
 1743    7.652721E-07
 1744    7.643950E-07
 1745    7.635194E-07
 1746    7.626453E-07
 1747    7.617727E-07
 1748    7.609016E-07
 1749    7.600320E-07
 1750    7.591639E-07
 1751    7.987243E-07
 1752    7.978131E-07
 1753    7.969034E-07
 1754    7.959952E-07
 1755    7.950886E-07
 1756    7.941836E-07
 1757    7.932800E-07
 1758    7.923781E-07
 1759    7.914776E-07
 1760    7.905788E-07
 1761    8.718722E-07
 1762    8.708832E-07
 1763    8.698958E-07
 1764    8.689100E-07
 1765    8.679260E-07
 1766    8.669436E-07
 1767    8.659629E-07
 1768    8.649839E-07
 1769    8.640065E-07
 1770    8.630308E-07
 1771    9.287753E-07
 1772    9.277276E-07
 1773    9.266817E-07
 1774    9.256376E-07
 1775    9.245952E-07
 1776    9.235546E-07
 1777    9.225157E-07
 1778    9.214786E-07
 1779    9.204432E-07
 1780    9.194096E-07
 1781    1.012209E-06
 1782    1.011074E-06
 1783    1.009940E-06
 1784    1.008809E-06
 1785    1.007679E-06
 1786    1.006551E-06
 1787    1.005425E-06
 1788    1.004301E-06
 1789    1.003179E-06
 1790    1.002059E-06
 1791    1.057843E-06
 1792    1.056663E-06
 1793    1.055485E-06
 1794    1.054309E-06
 1795    1.053135E-06
 1796    1.051963E-06
 1797    1.050792E-06
 1798    1.049624E-06
 1799    1.048458E-06
 1800    1.047294E-06
 1801    1.108264E-06
 1802    1.107034E-06
 1803    1.105807E-06
 1804    1.104582E-06
 1805    1.103359E-06
 1806    1.102137E-06
 1807    1.100918E-06
 1808    1.099701E-06
 1809    1.098486E-06
 1810    1.097273E-06
 1811    1.207071E-06
 1812    1.205740E-06
 1813    1.204410E-06
 1814    1.203083E-06
 1815    1.201758E-06
 1816    1.200435E-06
 1817    1.199115E-06
 1818    1.197796E-06
 1819    1.196480E-06
 1820    1.195166E-06
 1821    1.275592E-06
 1822    1.274192E-06
 1823    1.272795E-06
 1824    1.271400E-06
 1825    1.270008E-06
 1826    1.268617E-06
 1827    1.267229E-06
 1828    1.265844E-06
 1829    1.264460E-06
 1830    1.263079E-06
 1831    1.390929E-06
 1832    1.389411E-06
 1833    1.387896E-06
 1834    1.386383E-06
 1835    1.384873E-06
 1836    1.383365E-06
 1837    1.381860E-06
 1838    1.380357E-06
 1839    1.378857E-06
 1840    1.377359E-06
 1841    1.438146E-06
 1842    1.436585E-06
 1843    1.435027E-06
 1844    1.433472E-06
 1845    1.431919E-06
 1846    1.430368E-06
 1847    1.428820E-06
 1848    1.427275E-06
 1849    1.425732E-06
 1850    1.424191E-06
 1851    1.500547E-06
 1852    1.498928E-06
 1853    1.497311E-06
 1854    1.495696E-06
 1855    1.494085E-06
 1856    1.492476E-06
 1857    1.490869E-06
 1858    1.489265E-06
 1859    1.487664E-06
 1860    1.486065E-06
 1861    1.579155E-06
 1862    1.577460E-06
 1863    1.575767E-06
 1864    1.574077E-06
 1865    1.572390E-06
 1866    1.570706E-06
 1867    1.569024E-06
 1868    1.567345E-06
 1869    1.565669E-06
 1870    1.563995E-06
 1871    1.624028E-06
 1872    1.622294E-06
 1873    1.620562E-06
 1874    1.618834E-06
 1875    1.617108E-06
 1876    1.615385E-06
 1877    1.613665E-06
 1878    1.611947E-06
 1879    1.610232E-06
 1880    1.608520E-06
 1881    1.805120E-06
 1882    1.803203E-06
 1883    1.801288E-06
 1884    1.799377E-06
 1885    1.797469E-06
 1886    1.795564E-06
 1887    1.793662E-06
 1888    1.791763E-06
 1889    1.789867E-06
 1890    1.787974E-06
 1891    1.845274E-06
 1892    1.843324E-06
 1893    1.841377E-06
 1894    1.839434E-06
 1895    1.837494E-06
 1896    1.835556E-06
 1897    1.833622E-06
 1898    1.831691E-06
 1899    1.829763E-06
 1900    1.827838E-06
 1901    1.917662E-06
 1902    1.915647E-06
 1903    1.913634E-06
 1904    1.911625E-06
 1905    1.909619E-06
 1906    1.907617E-06
 1907    1.905617E-06
 1908    1.903621E-06
 1909    1.901627E-06
 1910    1.899637E-06
 1911    2.058055E-06
 1912    2.055903E-06
 1913    2.053755E-06
 1914    2.051610E-06
 1915    2.049469E-06
 1916    2.047331E-06
 1917    2.045196E-06
 1918    2.043064E-06
 1919    2.040936E-06
 1920    2.038811E-06
 1921    2.173346E-06
 1922    2.171086E-06
 1923    2.168829E-06
 1924    2.166576E-06
 1925    2.164326E-06
 1926    2.162080E-06
 1927    2.159837E-06
 1928    2.157597E-06
 1929    2.155362E-06
 1930    2.153129E-06
 1931    2.401367E-06
 1932    2.398883E-06
 1933    2.396402E-06
 1934    2.393925E-06
 1935    2.391452E-06
 1936    2.388983E-06
 1937    2.386517E-06
 1938    2.384056E-06
 1939    2.381598E-06
 1940    2.379144E-06
 1941    2.352106E-06
 1942    2.349685E-06
 1943    2.347268E-06
 1944    2.344854E-06
 1945    2.342444E-06
 1946    2.340038E-06
 1947    2.337636E-06
 1948    2.335237E-06
 1949    2.332842E-06
 1950    2.330450E-06
 1951    2.436572E-06
 1952    2.434077E-06
 1953    2.431586E-06
 1954    2.429098E-06
 1955    2.426614E-06
 1956    2.424134E-06
 1957    2.421658E-06
 1958    2.419186E-06
 1959    2.416717E-06
 1960    2.414253E-06
 1961    2.463949E-06
 1962    2.461439E-06
 1963    2.458932E-06
 1964    2.456430E-06
 1965    2.453931E-06
 1966    2.451435E-06
 1967    2.448944E-06
 1968    2.446457E-06
 1969    2.443973E-06
 1970    2.441493E-06
 1971    2.535490E-06
 1972    2.532919E-06
 1973    2.530353E-06
 1974    2.527791E-06
 1975    2.525232E-06
 1976    2.522678E-06
 1977    2.520127E-06
 1978    2.517580E-06
 1979    2.515037E-06
 1980    2.512498E-06
 1981    2.730380E-06
 1982    2.727626E-06
 1983    2.724876E-06
 1984    2.722131E-06
 1985    2.719390E-06
 1986    2.716652E-06
 1987    2.713919E-06
 1988    2.711190E-06
 1989    2.708466E-06
 1990    2.705745E-06
 1991    2.827428E-06
 1992    2.824590E-06
 1993    2.821757E-06
 1994    2.818928E-06
 1995    2.816104E-06
 1996    2.813283E-06
 1997    2.810467E-06
 1998    2.807655E-06
 1999    2.804848E-06
 2000    2.802044E-06
 2001    2.898797E-06
 2002    2.895902E-06
 2003    2.893012E-06
 2004    2.890126E-06
 2005    2.887245E-06
 2006    2.884368E-06
 2007    2.881495E-06
 2008    2.878626E-06
 2009    2.875762E-06
 2010    2.872902E-06
 2011    2.966477E-06
 2012    2.963529E-06
 2013    2.960586E-06
 2014    2.957648E-06
 2015    2.954714E-06
 2016    2.951784E-06
 2017    2.948858E-06
 2018    2.945937E-06
 2019    2.943020E-06
 2020    2.940108E-06
 2021    3.094401E-06
 2022    3.091341E-06
 2023    3.088287E-06
 2024    3.085237E-06
 2025    3.082191E-06
 2026    3.079150E-06
 2027    3.076113E-06
 2028    3.073081E-06
 2029    3.070053E-06
 2030    3.067030E-06
 2031    3.322863E-06
 2032    3.319595E-06
 2033    3.316330E-06
 2034    3.313071E-06
 2035    3.309817E-06
 2036    3.306567E-06
 2037    3.303322E-06
 2038    3.300082E-06
 2039    3.296847E-06
 2040    3.293616E-06
 2041    3.316536E-06
 2042    3.313290E-06
 2043    3.310048E-06
 2044    3.306811E-06
 2045    3.303578E-06
 2046    3.300350E-06
 2047    3.297127E-06
 2048    3.293909E-06
 2049    3.290696E-06
 2050    3.287487E-06
 2051    3.373175E-06
 2052    3.369889E-06
 2053    3.366608E-06
 2054    3.363331E-06
 2055    3.360059E-06
 2056    3.356793E-06
 2057    3.353530E-06
 2058    3.350273E-06
 2059    3.347020E-06
 2060    3.343772E-06
 2061    3.467814E-06
 2062    3.464452E-06
 2063    3.461095E-06
 2064    3.457743E-06
 2065    3.454395E-06
 2066    3.451053E-06
 2067    3.447715E-06
 2068    3.444383E-06
 2069    3.441055E-06
 2070    3.437732E-06
 2071    3.562664E-06
 2072    3.559227E-06
 2073    3.555795E-06
 2074    3.552367E-06
 2075    3.548945E-06
 2076    3.545528E-06
 2077    3.542115E-06
 2078    3.538708E-06
 2079    3.535305E-06
 2080    3.531908E-06
 2081    3.756934E-06
 2082    3.753327E-06
 2083    3.749725E-06
 2084    3.746128E-06
 2085    3.742536E-06
 2086    3.738950E-06
 2087    3.735368E-06
 2088    3.731792E-06
 2089    3.728221E-06
 2090    3.724655E-06
 2091    3.729030E-06
 2092    3.725466E-06
 2093    3.721908E-06
 2094    3.718355E-06
 2095    3.714807E-06
 2096    3.711264E-06
 2097    3.707726E-06
 2098    3.704193E-06
 2099    3.700665E-06
 2100    3.697143E-06
 2101    3.709914E-06
 2102    3.706386E-06
 2103    3.702862E-06
 2104    3.699344E-06
 2105    3.695831E-06
 2106    3.692323E-06
 2107    3.688820E-06
 2108    3.685322E-06
 2109    3.681828E-06
 2110    3.678340E-06
 2111    3.672030E-06
 2112    3.668554E-06
 2113    3.665083E-06
 2114    3.661618E-06
 2115    3.658157E-06
 2116    3.654701E-06
 2117    3.651250E-06
 2118    3.647804E-06
 2119    3.644362E-06
 2120    3.640926E-06
 2121    3.900904E-06
 2122    3.897229E-06
 2123    3.893559E-06
 2124    3.889895E-06
 2125    3.886235E-06
 2126    3.882581E-06
 2127    3.878932E-06
 2128    3.875288E-06
 2129    3.871649E-06
 2130    3.868016E-06
 2131    4.083415E-06
 2132    4.079587E-06
 2133    4.075763E-06
 2134    4.071945E-06
 2135    4.068133E-06
 2136    4.064325E-06
 2137    4.060523E-06
 2138    4.056727E-06
 2139    4.052935E-06
 2140    4.049149E-06
 2141    4.146580E-06
 2142    4.142710E-06
 2143    4.138845E-06
 2144    4.134986E-06
 2145    4.131133E-06
 2146    4.127284E-06
 2147    4.123441E-06
 2148    4.119604E-06
 2149    4.115772E-06
 2150    4.111945E-06
 2151    4.056866E-06
 2152    4.053098E-06
 2153    4.049335E-06
 2154    4.045576E-06
 2155    4.041824E-06
 2156    4.038076E-06
 2157    4.034334E-06
 2158    4.030596E-06
 2159    4.026864E-06
 2160    4.023137E-06
 2161    4.293094E-06
 2162    4.289124E-06
 2163    4.285160E-06
 2164    4.281201E-06
 2165    4.277248E-06
 2166    4.273301E-06
 2167    4.269358E-06
 2168    4.265422E-06
 2169    4.261490E-06
 2170    4.257565E-06
 2171    4.406963E-06
 2172    4.402907E-06
 2173    4.398857E-06
 2174    4.394812E-06
 2175    4.390772E-06
 2176    4.386738E-06
 2177    4.382710E-06
 2178    4.378688E-06
 2179    4.374670E-06
 2180    4.370659E-06
 2181    4.480239E-06
 2182    4.476135E-06
 2183    4.472036E-06
 2184    4.467942E-06
 2185    4.463855E-06
 2186    4.459772E-06
 2187    4.455696E-06
 2188    4.451625E-06
 2189    4.447559E-06
 2190    4.443500E-06
 2191    4.582688E-06
 2192    4.578508E-06
 2193    4.574335E-06
 2194    4.570167E-06
 2195    4.566005E-06
 2196    4.561848E-06
 2197    4.557697E-06
 2198    4.553552E-06
 2199    4.549412E-06
 2200    4.545278E-06
 2201    4.508157E-06
 2202    4.504064E-06
 2203    4.499977E-06
 2204    4.495896E-06
 2205    4.491819E-06
 2206    4.487749E-06
 2207    4.483684E-06
 2208    4.479625E-06
 2209    4.475571E-06
 2210    4.471522E-06
 2211    4.388256E-06
 2212    4.384290E-06
 2213    4.380330E-06
 2214    4.376375E-06
 2215    4.372425E-06
 2216    4.368480E-06
 2217    4.364541E-06
 2218    4.360607E-06
 2219    4.356679E-06
 2220    4.352756E-06
 2221    4.760944E-06
 2222    4.756660E-06
 2223    4.752383E-06
 2224    4.748111E-06
 2225    4.743845E-06
 2226    4.739585E-06
 2227    4.735330E-06
 2228    4.731081E-06
 2229    4.726838E-06
 2230    4.722601E-06
 2231    5.159904E-06
 2232    5.155282E-06
 2233    5.150667E-06
 2234    5.146058E-06
 2235    5.141455E-06
 2236    5.136858E-06
 2237    5.132268E-06
 2238    5.127683E-06
 2239    5.123105E-06
 2240    5.118533E-06
 2241    5.245260E-06
 2242    5.240583E-06
 2243    5.235912E-06
 2244    5.231247E-06
 2245    5.226589E-06
 2246    5.221937E-06
 2247    5.217291E-06
 2248    5.212651E-06
 2249    5.208018E-06
 2250    5.203391E-06
 2251    4.775527E-06
 2252    4.771288E-06
 2253    4.767054E-06
 2254    4.762826E-06
 2255    4.758604E-06
 2256    4.754387E-06
 2257    4.750176E-06
 2258    4.745970E-06
 2259    4.741770E-06
 2260    4.737576E-06
 2261    5.275390E-06
 2262    5.270728E-06
 2263    5.266072E-06
 2264    5.261422E-06
 2265    5.256778E-06
 2266    5.252140E-06
 2267    5.247509E-06
 2268    5.242883E-06
 2269    5.238264E-06
 2270    5.233651E-06
 2271    5.797045E-06
 2272    5.791944E-06
 2273    5.786850E-06
 2274    5.781763E-06
 2275    5.776682E-06
 2276    5.771609E-06
 2277    5.766541E-06
 2278    5.761481E-06
 2279    5.756427E-06
 2280    5.751379E-06
 2281    5.694445E-06
 2282    5.689456E-06
 2283    5.684474E-06
 2284    5.679499E-06
 2285    5.674530E-06
 2286    5.669567E-06
 2287    5.664611E-06
 2288    5.659662E-06
 2289    5.654719E-06
 2290    5.649783E-06
 2291    5.970571E-06
 2292    5.965363E-06
 2293    5.960162E-06
 2294    5.954968E-06
 2295    5.949781E-06
 2296    5.944601E-06
 2297    5.939427E-06
 2298    5.934260E-06
 2299    5.929100E-06
 2300    5.923946E-06
 2301    5.695142E-06
 2302    5.690196E-06
 2303    5.685257E-06
 2304    5.680324E-06
 2305    5.675397E-06
 2306    5.670477E-06
 2307    5.665564E-06
 2308    5.660656E-06
 2309    5.655755E-06
 2310    5.650861E-06
 2311    5.240015E-06
 2312    5.235484E-06
 2313    5.230959E-06
 2314    5.226440E-06
 2315    5.221927E-06
 2316    5.217419E-06
 2317    5.212917E-06
 2318    5.208422E-06
 2319    5.203932E-06
 2320    5.199447E-06
 2321    5.875832E-06
 2322    5.870773E-06
 2323    5.865721E-06
 2324    5.860675E-06
 2325    5.855635E-06
 2326    5.850603E-06
 2327    5.845576E-06
 2328    5.840557E-06
 2329    5.835543E-06
 2330    5.830536E-06
 2331    8.393046E-06
 2332    8.385850E-06
 2333    8.378665E-06
 2334    8.371488E-06
 2335    8.364321E-06
 2336    8.357163E-06
 2337    8.350014E-06
 2338    8.342874E-06
 2339    8.335743E-06
 2340    8.328622E-06
 2341    9.225159E-06
 2342    9.217284E-06
 2343    9.209419E-06
 2344    9.201565E-06
 2345    9.193720E-06
 2346    9.185886E-06
 2347    9.178061E-06
 2348    9.170247E-06
 2349    9.162443E-06
 2350    9.154648E-06
 2351    7.526105E-06
 2352    7.519708E-06
 2353    7.513319E-06
 2354    7.506938E-06
 2355    7.500566E-06
 2356    7.494201E-06
 2357    7.487845E-06
 2358    7.481497E-06
 2359    7.475156E-06
 2360    7.468824E-06
 2361    1.039897E-05
 2362    1.039016E-05
 2363    1.038137E-05
 2364    1.037260E-05
 2365    1.036383E-05
 2366    1.035507E-05
 2367    1.034632E-05
 2368    1.033759E-05
 2369    1.032887E-05
 2370    1.032015E-05
 2371    1.411606E-05
 2372    1.410417E-05
 2373    1.409228E-05
 2374    1.408042E-05
 2375    1.406857E-05
 2376    1.405673E-05
 2377    1.404491E-05
 2378    1.403310E-05
 2379    1.402131E-05
 2380    1.400953E-05
 2381    1.106176E-05
 2382    1.105248E-05
 2383    1.104321E-05
 2384    1.103395E-05
 2385    1.102470E-05
 2386    1.101546E-05
 2387    1.100624E-05
 2388    1.099702E-05
 2389    1.098782E-05
 2390    1.097863E-05
 2391    3.827918E-06
 2392    3.824719E-06
 2393    3.821524E-06
 2394    3.818333E-06
 2395    3.815145E-06
 2396    3.811962E-06
 2397    3.808783E-06
 2398    3.805607E-06
 2399    3.802436E-06
 2400    3.799269E-06
 2401   -4.290909E-06
 2402   -4.287338E-06
 2403   -4.283771E-06
 2404   -4.280209E-06
 2405   -4.276651E-06
 2406   -4.273097E-06
 2407   -4.269548E-06
 2408   -4.266004E-06
 2409   -4.262463E-06
 2410   -4.258927E-06
 2411   -1.133579E-05
 2412   -1.132640E-05
 2413   -1.131702E-05
 2414   -1.130764E-05
 2415   -1.129828E-05
 2416   -1.128893E-05
 2417   -1.127960E-05
 2418   -1.127027E-05
 2419   -1.126096E-05
 2420   -1.125165E-05
 2421   -1.069851E-05
 2422   -1.068968E-05
 2423   -1.068086E-05
 2424   -1.067205E-05
 2425   -1.066325E-05
 2426   -1.065446E-05
 2427   -1.064569E-05
 2428   -1.063692E-05
 2429   -1.062817E-05
 2430   -1.061942E-05
 2431    1.975108E-05
 2432    1.973484E-05
 2433    1.971863E-05
 2434    1.970243E-05
 2435    1.968625E-05
 2436    1.967010E-05
 2437    1.965396E-05
 2438    1.963785E-05
 2439    1.962175E-05
 2440    1.960567E-05
 2441    8.311522E-05
 2442    8.304718E-05
 2443    8.297922E-05
 2444    8.291134E-05
 2445    8.284355E-05
 2446    8.277584E-05
 2447    8.270821E-05
 2448    8.264067E-05
 2449    8.257321E-05
 2450    8.250583E-05
 2451    1.488806E-04
 2452    1.487592E-04
 2453    1.486379E-04
 2454    1.485168E-04
 2455    1.483959E-04
 2456    1.482751E-04
 2457    1.481545E-04
 2458    1.480340E-04
 2459    1.479136E-04
 2460    1.477934E-04
 2461    2.156767E-04
 2462    2.155016E-04
 2463    2.153267E-04
 2464    2.151519E-04
 2465    2.149774E-04
 2466    2.148032E-04
 2467    2.146291E-04
 2468    2.144552E-04
 2469    2.142816E-04
 2470    2.141082E-04
 2471    2.441942E-04
 2472    2.439967E-04
 2473    2.437995E-04
 2474    2.436025E-04
 2475    2.434057E-04
 2476    2.432092E-04
 2477    2.430129E-04
 2478    2.428168E-04
 2479    2.426210E-04
 2480    2.424254E-04
 2481    7.285322E-05
 2482    7.279454E-05
 2483    7.273593E-05
 2484    7.267739E-05
 2485    7.261892E-05
 2486    7.256052E-05
 2487    7.250219E-05
 2488    7.244393E-05
 2489    7.238574E-05
 2490    7.232763E-05
 2491   -5.776209E-04
 2492   -5.771575E-04
 2493   -5.766947E-04
 2494   -5.762324E-04
 2495   -5.757707E-04
 2496   -5.753095E-04
 2497   -5.748489E-04
 2498   -5.743888E-04
 2499   -5.739293E-04
 2500   -5.734704E-04
 2501   -1.542339E-03
 2502   -1.541107E-03
 2503   -1.539876E-03
 2504   -1.538646E-03
 2505   -1.537418E-03
 2506   -1.536192E-03
 2507   -1.534967E-03
 2508   -1.533743E-03
 2509   -1.532521E-03
 2510   -1.531300E-03
 2511   -2.087945E-03
 2512   -2.086283E-03
 2513   -2.084623E-03
 2514   -2.082965E-03
 2515   -2.081310E-03
 2516   -2.079656E-03
 2517   -2.078004E-03
 2518   -2.076354E-03
 2519   -2.074706E-03
 2520   -2.073060E-03
 2521   -1.817266E-03
 2522   -1.815825E-03
 2523   -1.814386E-03
 2524   -1.812949E-03
 2525   -1.811514E-03
 2526   -1.810080E-03
 2527   -1.808648E-03
 2528   -1.807218E-03
 2529   -1.805789E-03
 2530   -1.804362E-03
 2531   -1.236082E-04
 2532   -1.235106E-04
 2533   -1.234131E-04
 2534   -1.233157E-04
 2535   -1.232185E-04
 2536   -1.231213E-04
 2537   -1.230243E-04
 2538   -1.229274E-04
 2539   -1.228306E-04
 2540   -1.227339E-04
 2541    6.090559E-03
 2542    6.085769E-03
 2543    6.080984E-03
 2544    6.076205E-03
 2545    6.071432E-03
 2546    6.066665E-03
 2547    6.061903E-03
 2548    6.057147E-03
 2549    6.052396E-03
 2550    6.047651E-03
 2551    1.617648E-02
 2552    1.616380E-02
 2553    1.615114E-02
 2554    1.613850E-02
 2555    1.612587E-02
 2556    1.611326E-02
 2557    1.610066E-02
 2558    1.608808E-02
 2559    1.607551E-02
 2560    1.606296E-02
 2561    2.229504E-02
 2562    2.227764E-02
 2563    2.226026E-02
 2564    2.224291E-02
 2565    2.222557E-02
 2566    2.220825E-02
 2567    2.219096E-02
 2568    2.217368E-02
 2569    2.215642E-02
 2570    2.213919E-02
 2571    2.329927E-02
 2572    2.328116E-02
 2573    2.326307E-02
 2574    2.324500E-02
 2575    2.322695E-02
 2576    2.320893E-02
 2577    2.319092E-02
 2578    2.317294E-02
 2579    2.315497E-02
 2580    2.313703E-02
 2581    2.247480E-02
 2582    2.245740E-02
 2583    2.244001E-02
 2584    2.242265E-02
 2585    2.240531E-02
 2586    2.238799E-02
 2587    2.237069E-02
 2588    2.235341E-02
 2589    2.233615E-02
 2590    2.231890E-02
 2591    1.606975E-02
 2592    1.605735E-02
 2593    1.604497E-02
 2594    1.603261E-02
 2595    1.602025E-02
 2596    1.600792E-02
 2597    1.599559E-02
 2598    1.598328E-02
 2599    1.597099E-02
 2600    1.595871E-02
 2601    5.760909E-03
 2602    5.756483E-03
 2603    5.752061E-03
 2604    5.747645E-03
 2605    5.743234E-03
 2606    5.738828E-03
 2607    5.734427E-03
 2608    5.730031E-03
 2609    5.725641E-03
 2610    5.721255E-03
 2611   -3.498585E-04
 2612   -3.495908E-04
 2613   -3.493233E-04
 2614   -3.490561E-04
 2615   -3.487892E-04
 2616   -3.485227E-04
 2617   -3.482564E-04
 2618   -3.479905E-04
 2619   -3.477248E-04
 2620   -3.474595E-04
 2621   -2.039047E-03
 2622   -2.037493E-03
 2623   -2.035940E-03
 2624   -2.034388E-03
 2625   -2.032839E-03
 2626   -2.031291E-03
 2627   -2.029745E-03
 2628   -2.028201E-03
 2629   -2.026659E-03
 2630   -2.025118E-03
 2631   -2.199715E-03
 2632   -2.198044E-03
 2633   -2.196375E-03
 2634   -2.194708E-03
 2635   -2.193043E-03
 2636   -2.191380E-03
 2637   -2.189718E-03
 2638   -2.188059E-03
 2639   -2.186401E-03
 2640   -2.184745E-03
 2641   -1.647541E-03
 2642   -1.646294E-03
 2643   -1.645049E-03
 2644   -1.643805E-03
 2645   -1.642562E-03
 2646   -1.641321E-03
 2647   -1.640082E-03
 2648   -1.638843E-03
 2649   -1.637607E-03
 2650   -1.636371E-03
 2651   -6.333696E-04
 2652   -6.328921E-04
 2653   -6.324152E-04
 2654   -6.319388E-04
 2655   -6.314629E-04
 2656   -6.309876E-04
 2657   -6.305128E-04
 2658   -6.300386E-04
 2659   -6.295648E-04
 2660   -6.290917E-04
 2661    2.950213E-05
 2662    2.947998E-05
 2663    2.945784E-05
 2664    2.943574E-05
 2665    2.941365E-05
 2666    2.939160E-05
 2667    2.936956E-05
 2668    2.934756E-05
 2669    2.932557E-05
 2670    2.930361E-05
 2671    2.034045E-04
 2672    2.032523E-04
 2673    2.031002E-04
 2674    2.029484E-04
 2675    2.027967E-04
 2676    2.026452E-04
 2677    2.024939E-04
 2678    2.023427E-04
 2679    2.021917E-04
 2680    2.020409E-04
 2681    1.769103E-04
 2682    1.767785E-04
 2683    1.766467E-04
 2684    1.765152E-04
 2685    1.763837E-04
 2686    1.762524E-04
 2687    1.761213E-04
 2688    1.759903E-04
 2689    1.758595E-04
 2690    1.757288E-04
 2691    1.186868E-04
 2692    1.185986E-04
 2693    1.185106E-04
 2694    1.184226E-04
 2695    1.183348E-04
 2696    1.182470E-04
 2697    1.181594E-04
 2698    1.180718E-04
 2699    1.179843E-04
 2700    1.178970E-04
 2701    4.729656E-05
 2702    4.726157E-05
 2703    4.722661E-05
 2704    4.719169E-05
 2705    4.715681E-05
 2706    4.712197E-05
 2707    4.708717E-05
 2708    4.705241E-05
 2709    4.701768E-05
 2710    4.698299E-05
 2711   -1.154668E-05
 2712   -1.153816E-05
 2713   -1.152966E-05
 2714   -1.152117E-05
 2715   -1.151268E-05
 2716   -1.150421E-05
 2717   -1.149574E-05
 2718   -1.148729E-05
 2719   -1.147884E-05
 2720   -1.147040E-05
 2721   -3.884824E-05
 2722   -3.881970E-05
 2723   -3.879120E-05
 2724   -3.876273E-05
 2725   -3.873429E-05
 2726   -3.870588E-05
 2727   -3.867751E-05
 2728   -3.864916E-05
 2729   -3.862085E-05
 2730   -3.859256E-05
 2731   -3.797846E-05
 2732   -3.795067E-05
 2733   -3.792291E-05
 2734   -3.789518E-05
 2735   -3.786747E-05
 2736   -3.783980E-05
 2737   -3.781216E-05
 2738   -3.778455E-05
 2739   -3.775697E-05
 2740   -3.772942E-05
 2741   -2.899949E-05
 2742   -2.897834E-05
 2743   -2.895722E-05
 2744   -2.893612E-05
 2745   -2.891505E-05
 2746   -2.889399E-05
 2747   -2.887297E-05
 2748   -2.885196E-05
 2749   -2.883098E-05
 2750   -2.881002E-05
 2751   -1.695614E-05
 2752   -1.694382E-05
 2753   -1.693152E-05
 2754   -1.691923E-05
 2755   -1.690695E-05
 2756   -1.689469E-05
 2757   -1.688243E-05
 2758   -1.687020E-05
 2759   -1.685797E-05
 2760   -1.684576E-05
 2761   -7.357049E-06
 2762   -7.351723E-06
 2763   -7.346404E-06
 2764   -7.341090E-06
 2765   -7.335782E-06
 2766   -7.330479E-06
 2767   -7.325183E-06
 2768   -7.319892E-06
 2769   -7.314607E-06
 2770   -7.309327E-06
 2771   -4.325440E-06
 2772   -4.322320E-06
 2773   -4.319204E-06
 2774   -4.316091E-06
 2775   -4.312981E-06
 2776   -4.309875E-06
 2777   -4.306772E-06
 2778   -4.303673E-06
 2779   -4.300576E-06
 2780   -4.297484E-06
 2781   -6.599839E-06
 2782   -6.595096E-06
 2783   -6.590358E-06
 2784   -6.585625E-06
 2785   -6.580898E-06
 2786   -6.576175E-06
 2787   -6.571458E-06
 2788   -6.566745E-06
 2789   -6.562038E-06
 2790   -6.557336E-06
 2791   -7.757208E-06
 2792   -7.751653E-06
 2793   -7.746104E-06
 2794   -7.740561E-06
 2795   -7.735024E-06
 2796   -7.729494E-06
 2797   -7.723968E-06
 2798   -7.718449E-06
 2799   -7.712936E-06
 2800   -7.707429E-06
 2801   -5.627915E-06
 2802   -5.623899E-06
 2803   -5.619888E-06
 2804   -5.615881E-06
 2805   -5.611878E-06
 2806   -5.607879E-06
 2807   -5.603885E-06
 2808   -5.599895E-06
 2809   -5.595909E-06
 2810   -5.591928E-06
 2811   -5.132341E-06
 2812   -5.128692E-06
 2813   -5.125047E-06
 2814   -5.121406E-06
 2815   -5.117768E-06
 2816   -5.114135E-06
 2817   -5.110505E-06
 2818   -5.106879E-06
 2819   -5.103257E-06
 2820   -5.099639E-06
 2821   -6.882826E-06
 2822   -6.877950E-06
 2823   -6.873079E-06
 2824   -6.868213E-06
 2825   -6.863352E-06
 2826   -6.858497E-06
 2827   -6.853646E-06
 2828   -6.848801E-06
 2829   -6.843961E-06
 2830   -6.839126E-06
 2831   -6.976976E-06
 2832   -6.972051E-06
 2833   -6.967130E-06
 2834   -6.962215E-06
 2835   -6.957305E-06
 2836   -6.952401E-06
 2837   -6.947501E-06
 2838   -6.942607E-06
 2839   -6.937718E-06
 2840   -6.932834E-06
 2841   -6.179221E-06
 2842   -6.174874E-06
 2843   -6.170532E-06
 2844   -6.166194E-06
 2845   -6.161861E-06
 2846   -6.157532E-06
 2847   -6.153208E-06
 2848   -6.148888E-06
 2849   -6.144573E-06
 2850   -6.140263E-06
 2851   -5.203420E-06
 2852   -5.199773E-06
 2853   -5.196129E-06
 2854   -5.192489E-06
 2855   -5.188852E-06
 2856   -5.185220E-06
 2857   -5.181592E-06
 2858   -5.177967E-06
 2859   -5.174346E-06
 2860   -5.170729E-06
 2861   -4.621086E-06
 2862   -4.617858E-06
 2863   -4.614634E-06
 2864   -4.611412E-06
 2865   -4.608194E-06
 2866   -4.604980E-06
 2867   -4.601768E-06
 2868   -4.598560E-06
 2869   -4.595356E-06
 2870   -4.592155E-06
 2871   -4.642378E-06
 2872   -4.639146E-06
 2873   -4.635918E-06
 2874   -4.632693E-06
 2875   -4.629471E-06
 2876   -4.626253E-06
 2877   -4.623038E-06
 2878   -4.619826E-06
 2879   -4.616618E-06
 2880   -4.613413E-06
 2881   -4.754287E-06
 2882   -4.750989E-06
 2883   -4.747694E-06
 2884   -4.744403E-06
 2885   -4.741115E-06
 2886   -4.737830E-06
 2887   -4.734549E-06
 2888   -4.731272E-06
 2889   -4.727998E-06
 2890   -4.724727E-06
 2891   -4.843952E-06
 2892   -4.840603E-06
 2893   -4.837258E-06
 2894   -4.833916E-06
 2895   -4.830577E-06
 2896   -4.827243E-06
 2897   -4.823911E-06
 2898   -4.820583E-06
 2899   -4.817259E-06
 2900   -4.813938E-06
 2901   -4.181855E-06
 2902   -4.178974E-06
 2903   -4.176096E-06
 2904   -4.173221E-06
 2905   -4.170349E-06
 2906   -4.167480E-06
 2907   -4.164614E-06
 2908   -4.161750E-06
 2909   -4.158890E-06
 2910   -4.156033E-06
 2911   -3.801613E-06
 2912   -3.799003E-06
 2913   -3.796396E-06
 2914   -3.793791E-06
 2915   -3.791189E-06
 2916   -3.788589E-06
 2917   -3.785993E-06
 2918   -3.783399E-06
 2919   -3.780807E-06
 2920   -3.778219E-06
 2921   -4.202659E-06
 2922   -4.199784E-06
 2923   -4.196911E-06
 2924   -4.194041E-06
 2925   -4.191175E-06
 2926   -4.188311E-06
 2927   -4.185450E-06
 2928   -4.182592E-06
 2929   -4.179737E-06
 2930   -4.176885E-06
 2931   -4.207615E-06
 2932   -4.204745E-06
 2933   -4.201879E-06
 2934   -4.199016E-06
 2935   -4.196156E-06
 2936   -4.193298E-06
 2937   -4.190444E-06
 2938   -4.187592E-06
 2939   -4.184743E-06
 2940   -4.181897E-06
 2941   -4.120321E-06
 2942   -4.117521E-06
 2943   -4.114724E-06
 2944   -4.111929E-06
 2945   -4.109138E-06
 2946   -4.106349E-06
 2947   -4.103563E-06
 2948   -4.100780E-06
 2949   -4.098000E-06
 2950   -4.095223E-06
 2951   -3.711474E-06
 2952   -3.708960E-06
 2953   -3.706449E-06
 2954   -3.703940E-06
 2955   -3.701434E-06
 2956   -3.698931E-06
 2957   -3.696430E-06
 2958   -3.693931E-06
 2959   -3.691435E-06
 2960   -3.688942E-06
 2961   -3.583556E-06
 2962   -3.581137E-06
 2963   -3.578721E-06
 2964   -3.576307E-06
 2965   -3.573895E-06
 2966   -3.571486E-06
 2967   -3.569080E-06
 2968   -3.566675E-06
 2969   -3.564274E-06
 2970   -3.561874E-06
 2971   -3.705442E-06
 2972   -3.702949E-06
 2973   -3.700459E-06
 2974   -3.697971E-06
 2975   -3.695486E-06
 2976   -3.693003E-06
 2977   -3.690523E-06
 2978   -3.688045E-06
 2979   -3.685570E-06
 2980   -3.683097E-06
 2981   -3.655596E-06
 2982   -3.653145E-06
 2983   -3.650697E-06
 2984   -3.648251E-06
 2985   -3.645807E-06
 2986   -3.643366E-06
 2987   -3.640928E-06
 2988   -3.638491E-06
 2989   -3.636058E-06
 2990   -3.633626E-06
 2991   -3.621084E-06
 2992   -3.618664E-06
 2993   -3.616247E-06
 2994   -3.613832E-06
 2995   -3.611419E-06
 2996   -3.609009E-06
 2997   -3.606602E-06
 2998   -3.604197E-06
 2999   -3.601794E-06
 3000   -3.599393E-06
 3001   -3.256092E-06
 3002   -3.253923E-06
 3003   -3.251757E-06
 3004   -3.249592E-06
 3005   -3.247430E-06
 3006   -3.245270E-06
 3007   -3.243113E-06
 3008   -3.240957E-06
 3009   -3.238804E-06
 3010   -3.236652E-06
 3011   -3.070023E-06
 3012   -3.067985E-06
 3013   -3.065949E-06
 3014   -3.063916E-06
 3015   -3.061884E-06
 3016   -3.059854E-06
 3017   -3.057826E-06
 3018   -3.055801E-06
 3019   -3.053777E-06
 3020   -3.051755E-06
 3021   -3.204272E-06
 3022   -3.202152E-06
 3023   -3.200034E-06
 3024   -3.197918E-06
 3025   -3.195804E-06
 3026   -3.193693E-06
 3027   -3.191583E-06
 3028   -3.189476E-06
 3029   -3.187371E-06
 3030   -3.185268E-06
 3031   -3.213485E-06
 3032   -3.211366E-06
 3033   -3.209249E-06
 3034   -3.207135E-06
 3035   -3.205022E-06
 3036   -3.202911E-06
 3037   -3.200803E-06
 3038   -3.198696E-06
 3039   -3.196592E-06
 3040   -3.194489E-06
 3041   -3.294322E-06
 3042   -3.292157E-06
 3043   -3.289994E-06
 3044   -3.287833E-06
 3045   -3.285674E-06
 3046   -3.283517E-06
 3047   -3.281363E-06
 3048   -3.279210E-06
 3049   -3.277060E-06
 3050   -3.274912E-06
 3051   -3.213709E-06
 3052   -3.211603E-06
 3053   -3.209500E-06
 3054   -3.207399E-06
 3055   -3.205300E-06
 3056   -3.203203E-06
 3057   -3.201108E-06
 3058   -3.199015E-06
 3059   -3.196924E-06
 3060   -3.194835E-06
 3061   -3.192471E-06
 3062   -3.190387E-06
 3063   -3.188304E-06
 3064   -3.186224E-06
 3065   -3.184146E-06
 3066   -3.182069E-06
 3067   -3.179995E-06
 3068   -3.177922E-06
 3069   -3.175852E-06
 3070   -3.173784E-06
 3071   -3.233739E-06
 3072   -3.231634E-06
 3073   -3.229531E-06
 3074   -3.227431E-06
 3075   -3.225332E-06
 3076   -3.223236E-06
 3077   -3.221142E-06
 3078   -3.219049E-06
 3079   -3.216959E-06
 3080   -3.214871E-06
 3081   -2.881757E-06
 3082   -2.879888E-06
 3083   -2.878020E-06
 3084   -2.876154E-06
 3085   -2.874290E-06
 3086   -2.872428E-06
 3087   -2.870568E-06
 3088   -2.868709E-06
 3089   -2.866853E-06
 3090   -2.864998E-06
 3091   -1.852282E-06
 3092   -1.851084E-06
 3093   -1.849887E-06
 3094   -1.848692E-06
 3095   -1.847498E-06
 3096   -1.846305E-06
 3097   -1.845113E-06
 3098   -1.843922E-06
 3099   -1.842732E-06
 3100   -1.841544E-06
 3101    8.644477E-08
 3102    8.638906E-08
 3103    8.633339E-08
 3104    8.627778E-08
 3105    8.622223E-08
 3106    8.616673E-08
 3107    8.611128E-08
 3108    8.605588E-08
 3109    8.600054E-08
 3110    8.594525E-08
 3111    1.201866E-06
 3112    1.201094E-06
 3113    1.200322E-06
 3114    1.199552E-06
 3115    1.198782E-06
 3116    1.198012E-06
 3117    1.197244E-06
 3118    1.196476E-06
 3119    1.195709E-06
 3120    1.194943E-06
 3121    1.461256E-06
 3122    1.460320E-06
 3123    1.459385E-06
 3124    1.458451E-06
 3125    1.457518E-06
 3126    1.456586E-06
 3127    1.455654E-06
 3128    1.454724E-06
 3129    1.453794E-06
 3130    1.452866E-06
 3131    1.449497E-06
 3132    1.448572E-06
 3133    1.447647E-06
 3134    1.446724E-06
 3135    1.445801E-06
 3136    1.444879E-06
 3137    1.443958E-06
 3138    1.443038E-06
 3139    1.442119E-06
 3140    1.441201E-06
 3141    1.404359E-06
 3142    1.403465E-06
 3143    1.402572E-06
 3144    1.401680E-06
 3145    1.400789E-06
 3146    1.399899E-06
 3147    1.399010E-06
 3148    1.398121E-06
 3149    1.397233E-06
 3150    1.396347E-06
 3151    1.358706E-06
 3152    1.357844E-06
 3153    1.356983E-06
 3154    1.356123E-06
 3155    1.355263E-06
 3156    1.354405E-06
 3157    1.353547E-06
 3158    1.352690E-06
 3159    1.351834E-06
 3160    1.350978E-06
 3161    1.275836E-06
 3162    1.275030E-06
 3163    1.274224E-06
 3164    1.273418E-06
 3165    1.272614E-06
 3166    1.271810E-06
 3167    1.271007E-06
 3168    1.270205E-06
 3169    1.269404E-06
 3170    1.268603E-06
 3171    1.203447E-06
 3172    1.202688E-06
 3173    1.201930E-06
 3174    1.201173E-06
 3175    1.200417E-06
 3176    1.199661E-06
 3177    1.198906E-06
 3178    1.198152E-06
 3179    1.197398E-06
 3180    1.196645E-06
 3181    1.143179E-06
 3182    1.142460E-06
 3183    1.141743E-06
 3184    1.141026E-06
 3185    1.140310E-06
 3186    1.139594E-06
 3187    1.138879E-06
 3188    1.138165E-06
 3189    1.137451E-06
 3190    1.136738E-06
 3191    1.101393E-06
 3192    1.100703E-06
 3193    1.100014E-06
 3194    1.099325E-06
 3195    1.098637E-06
 3196    1.097950E-06
 3197    1.097263E-06
 3198    1.096577E-06
 3199    1.095892E-06
 3200    1.095207E-06
 3201    1.034399E-06
 3202    1.033753E-06
 3203    1.033108E-06
 3204    1.032463E-06
 3205    1.031819E-06
 3206    1.031176E-06
 3207    1.030533E-06
 3208    1.029891E-06
 3209    1.029249E-06
 3210    1.028608E-06
 3211    9.973533E-07
 3212    9.967325E-07
 3213    9.961122E-07
 3214    9.954926E-07
 3215    9.948735E-07
 3216    9.942550E-07
 3217    9.936370E-07
 3218    9.930197E-07
 3219    9.924029E-07
 3220    9.917867E-07
 3221    9.431294E-07
 3222    9.425442E-07
 3223    9.419595E-07
 3224    9.413753E-07
 3225    9.407917E-07
 3226    9.402086E-07
 3227    9.396261E-07
 3228    9.390441E-07
 3229    9.384627E-07
 3230    9.378817E-07
 3231    8.639367E-07
 3232    8.634022E-07
 3233    8.628683E-07
 3234    8.623348E-07
 3235    8.618018E-07
 3236    8.612694E-07
 3237    8.607374E-07
 3238    8.602059E-07
 3239    8.596749E-07
 3240    8.591444E-07
 3241    7.840296E-07
 3242    7.835461E-07
 3243    7.830630E-07
 3244    7.825803E-07
 3245    7.820982E-07
 3246    7.816164E-07
 3247    7.811351E-07
 3248    7.806543E-07
 3249    7.801739E-07
 3250    7.796939E-07
 3251    7.175974E-07
 3252    7.171562E-07
 3253    7.167154E-07
 3254    7.162751E-07
 3255    7.158351E-07
 3256    7.153955E-07
 3257    7.149564E-07
 3258    7.145176E-07
 3259    7.140793E-07
 3260    7.136413E-07
 3261    6.736354E-07
 3262    6.732225E-07
 3263    6.728100E-07
 3264    6.723979E-07
 3265    6.719861E-07
 3266    6.715748E-07
 3267    6.711638E-07
 3268    6.707531E-07
 3269    6.703429E-07
 3270    6.699330E-07
 3271    6.062148E-07
 3272    6.058443E-07
 3273    6.054742E-07
 3274    6.051045E-07
 3275    6.047351E-07
 3276    6.043660E-07
 3277    6.039972E-07
 3278    6.036288E-07
 3279    6.032608E-07
 3280    6.028930E-07
 3281    5.803126E-07
 3282    5.799591E-07
 3283    5.796059E-07
 3284    5.792530E-07
 3285    5.789005E-07
 3286    5.785482E-07
 3287    5.781963E-07
 3288    5.778447E-07
 3289    5.774934E-07
 3290    5.771425E-07
 3291    5.266101E-07
 3292    5.262902E-07
 3293    5.259707E-07
 3294    5.256514E-07
 3295    5.253325E-07
 3296    5.250138E-07
 3297    5.246954E-07
 3298    5.243773E-07
 3299    5.240595E-07
 3300    5.237420E-07
