   50    0.000000E+00
   51    0.000000E+00
   52    0.000000E+00
   53    0.000000E+00
   54    0.000000E+00
   55    0.000000E+00
   56    0.000000E+00
   57    0.000000E+00
   58    0.000000E+00
   59    0.000000E+00
   60    0.000000E+00
   61    0.000000E+00
   62    0.000000E+00
   63    0.000000E+00
   64    0.000000E+00
   65    0.000000E+00
   66    0.000000E+00
   67    0.000000E+00
   68    0.000000E+00
   69    0.000000E+00
   70    0.000000E+00
   71    0.000000E+00
   72    0.000000E+00
   73    0.000000E+00
   74    0.000000E+00
   75    0.000000E+00
   76    0.000000E+00
   77    0.000000E+00
   78    0.000000E+00
   79    0.000000E+00
   80    0.000000E+00
   81    0.000000E+00
   82    0.000000E+00
   83    0.000000E+00
   84    0.000000E+00
   85    0.000000E+00
   86    0.000000E+00
   87    0.000000E+00
   88    0.000000E+00
   89    0.000000E+00
   90    0.000000E+00
   91    0.000000E+00
   92    0.000000E+00
   93    0.000000E+00
   94    0.000000E+00
   95    0.000000E+00
   96    0.000000E+00
   97    0.000000E+00
   98    0.000000E+00
   99    0.000000E+00
  100    0.000000E+00
  101    0.000000E+00
  102    0.000000E+00
  103    0.000000E+00
  104    0.000000E+00
  105    0.000000E+00
  106    0.000000E+00
  107    0.000000E+00
  108    0.000000E+00
  109    0.000000E+00
  110    0.000000E+00
  111    0.000000E+00
  112    0.000000E+00
  113    0.000000E+00
  114    0.000000E+00
  115    0.000000E+00
  116    0.000000E+00
  117    0.000000E+00
  118    0.000000E+00
  119    0.000000E+00
  120    0.000000E+00
  121    0.000000E+00
  122    0.000000E+00
  123    0.000000E+00
  124    0.000000E+00
  125    0.000000E+00
  126    0.000000E+00
  127    0.000000E+00
  128    0.000000E+00
  129    0.000000E+00
  130    0.000000E+00
  131    0.000000E+00
  132    0.000000E+00
  133    0.000000E+00
  134    0.000000E+00
  135    0.000000E+00
  136    0.000000E+00
  137    0.000000E+00
  138    0.000000E+00
  139    0.000000E+00
  140    0.000000E+00
  141    0.000000E+00
  142    0.000000E+00
  143    0.000000E+00
  144    0.000000E+00
  145    0.000000E+00
  146    0.000000E+00
  147    0.000000E+00
  148    0.000000E+00
  149    0.000000E+00
  150    0.000000E+00
  151    0.000000E+00
  152    0.000000E+00
  153    0.000000E+00
  154    0.000000E+00
  155    0.000000E+00
  156    0.000000E+00
  157    0.000000E+00
  158    0.000000E+00
  159    0.000000E+00
  160    0.000000E+00
  161    0.000000E+00
  162    0.000000E+00
  163    0.000000E+00
  164    0.000000E+00
  165    0.000000E+00
  166    0.000000E+00
  167    0.000000E+00
  168    0.000000E+00
  169    0.000000E+00
  170    0.000000E+00
  171    0.000000E+00
  172    0.000000E+00
  173    0.000000E+00
  174    0.000000E+00
  175    0.000000E+00
  176    0.000000E+00
  177    0.000000E+00
  178    0.000000E+00
  179    0.000000E+00
  180    0.000000E+00
  181    3.702638E-10
  182    3.662172E-10
  183    3.622366E-10
  184    3.583205E-10
  185    3.544676E-10
  186    3.506765E-10
  187    3.469459E-10
  188    3.432745E-10
  189    3.396611E-10
  190    3.361044E-10
  191    8.773371E-10
  192    8.682455E-10
  193    8.592946E-10
  194    8.504813E-10
  195    8.418029E-10
  196    8.332567E-10
  197    8.248399E-10
  198    8.165501E-10
  199    8.083846E-10
  200    8.003410E-10
  201    1.622942E-08
  202    1.606953E-08
  203    1.591198E-08
  204    1.575675E-08
  205    1.560377E-08
  206    1.545301E-08
  207    1.530442E-08
  208    1.515797E-08
  209    1.501360E-08
  210    1.487130E-08
  211    2.292251E-08
  212    2.270728E-08
  213    2.249506E-08
  214    2.228580E-08
  215    2.207945E-08
  216    2.187596E-08
  217    2.167526E-08
  218    2.147731E-08
  219    2.128206E-08
  220    2.108947E-08
  221    3.989626E-08
  222    3.953844E-08
  223    3.918542E-08
  224    3.883711E-08
  225    3.849342E-08
  226    3.815427E-08
  227    3.781958E-08
  228    3.748928E-08
  229    3.716329E-08
  230    3.684152E-08
  231    8.816329E-08
  232    8.740652E-08
  233    8.665946E-08
  234    8.592193E-08
  235    8.519378E-08
  236    8.447485E-08
  237    8.376497E-08
  238    8.306401E-08
  239    8.237181E-08
  240    8.168823E-08
  241    7.952820E-08
  242    7.887365E-08
  243    7.822714E-08
  244    7.758855E-08
  245    7.695775E-08
  246    7.633461E-08
  247    7.571901E-08
  248    7.511083E-08
  249    7.450994E-08
  250    7.391623E-08
  251    1.615457E-07
  252    1.602687E-07
  253    1.590067E-07
  254    1.577596E-07
  255    1.565271E-07
  256    1.553090E-07
  257    1.541050E-07
  258    1.529150E-07
  259    1.517388E-07
  260    1.505760E-07
  261    1.674456E-07
  262    1.661722E-07
  263    1.649134E-07
  264    1.636687E-07
  265    1.624381E-07
  266    1.612214E-07
  267    1.600182E-07
  268    1.588285E-07
  269    1.576520E-07
  270    1.564885E-07
  271    2.200381E-07
  272    2.184261E-07
  273    2.168317E-07
  274    2.152548E-07
  275    2.136950E-07
  276    2.121520E-07
  277    2.106258E-07
  278    2.091159E-07
  279    2.076222E-07
  280    2.061445E-07
  281    2.570284E-07
  282    2.552119E-07
  283    2.534146E-07
  284    2.516363E-07
  285    2.498766E-07
  286    2.481353E-07
  287    2.464121E-07
  288    2.447069E-07
  289    2.430192E-07
  290    2.413490E-07
  291    3.221528E-07
  292    3.199538E-07
  293    3.177773E-07
  294    3.156228E-07
  295    3.134903E-07
  296    3.113792E-07
  297    3.092894E-07
  298    3.072206E-07
  299    3.051725E-07
  300    3.031447E-07
  301    4.051747E-07
  302    4.025002E-07
  303    3.998522E-07
  304    3.972302E-07
  305    3.946340E-07
  306    3.920631E-07
  307    3.895172E-07
  308    3.869960E-07
  309    3.844993E-07
  310    3.820266E-07
  311    4.609265E-07
  312    4.579813E-07
  313    4.550642E-07
  314    4.521749E-07
  315    4.493131E-07
  316    4.464783E-07
  317    4.436703E-07
  318    4.408886E-07
  319    4.381331E-07
  320    4.354033E-07
  321    5.457068E-07
  322    5.423278E-07
  323    5.389801E-07
  324    5.356633E-07
  325    5.323770E-07
  326    5.291209E-07
  327    5.258945E-07
  328    5.226976E-07
  329    5.195297E-07
  330    5.163906E-07
  331    6.448581E-07
  332    6.409851E-07
  333    6.371469E-07
  334    6.333430E-07
  335    6.295731E-07
  336    6.258368E-07
  337    6.221336E-07
  338    6.184632E-07
  339    6.148252E-07
  340    6.112192E-07
  341    7.309819E-07
  342    7.267196E-07
  343    7.224945E-07
  344    7.183061E-07
  345    7.141540E-07
  346    7.100379E-07
  347    7.059572E-07
  348    7.019116E-07
  349    6.979007E-07
  350    6.939240E-07
  351    7.870348E-07
  352    7.825757E-07
  353    7.781544E-07
  354    7.737704E-07
  355    7.694234E-07
  356    7.651129E-07
  357    7.608385E-07
  358    7.565999E-07
  359    7.523965E-07
  360    7.482281E-07
  361    9.774416E-07
  362    9.720563E-07
  363    9.667153E-07
  364    9.614182E-07
  365    9.561646E-07
  366    9.509539E-07
  367    9.457857E-07
  368    9.406594E-07
  369    9.355748E-07
  370    9.305313E-07
  371    1.002299E-06
  372    9.969244E-07
  373    9.915932E-07
  374    9.863047E-07
  375    9.810584E-07
  376    9.758539E-07
  377    9.706906E-07
  378    9.655682E-07
  379    9.604863E-07
  380    9.554444E-07
  381    1.158011E-06
  382    1.151964E-06
  383    1.145964E-06
  384    1.140011E-06
  385    1.134104E-06
  386    1.128243E-06
  387    1.122427E-06
  388    1.116656E-06
  389    1.110930E-06
  390    1.105247E-06
  391    1.303316E-06
  392    1.296683E-06
  393    1.290101E-06
  394    1.283569E-06
  395    1.277087E-06
  396    1.270653E-06
  397    1.264268E-06
  398    1.257930E-06
  399    1.251641E-06
  400    1.245398E-06
  401    1.264716E-06
  402    1.258439E-06
  403    1.252209E-06
  404    1.246026E-06
  405    1.239888E-06
  406    1.233795E-06
  407    1.227747E-06
  408    1.221743E-06
  409    1.215783E-06
  410    1.209867E-06
  411    1.556163E-06
  412    1.548627E-06
  413    1.541146E-06
  414    1.533719E-06
  415    1.526345E-06
  416    1.519024E-06
  417    1.511756E-06
  418    1.504540E-06
  419    1.497376E-06
  420    1.490263E-06
  421    1.505333E-06
  422    1.498216E-06
  423    1.491149E-06
  424    1.484131E-06
  425    1.477164E-06
  426    1.470245E-06
  427    1.463375E-06
  428    1.456552E-06
  429    1.449778E-06
  430    1.443050E-06
  431    1.862367E-06
  432    1.853765E-06
  433    1.845222E-06
  434    1.836738E-06
  435    1.828313E-06
  436    1.819945E-06
  437    1.811635E-06
  438    1.803381E-06
  439    1.795184E-06
  440    1.787043E-06
  441    1.936747E-06
  442    1.928004E-06
  443    1.919319E-06
  444    1.910693E-06
  445    1.902125E-06
  446    1.893614E-06
  447    1.885160E-06
  448    1.876763E-06
  449    1.868422E-06
  450    1.860136E-06
  451    2.016932E-06
  452    2.008028E-06
  453    1.999182E-06
  454    1.990394E-06
  455    1.981664E-06
  456    1.972992E-06
  457    1.964376E-06
  458    1.955817E-06
  459    1.947313E-06
  460    1.938865E-06
  461    2.335071E-06
  462    2.324985E-06
  463    2.314963E-06
  464    2.305006E-06
  465    2.295113E-06
  466    2.285284E-06
  467    2.275518E-06
  468    2.265814E-06
  469    2.256173E-06
  470    2.246592E-06
  471    2.303127E-06
  472    2.293388E-06
  473    2.283711E-06
  474    2.274096E-06
  475    2.264541E-06
  476    2.255046E-06
  477    2.245611E-06
  478    2.236234E-06
  479    2.226917E-06
  480    2.217657E-06
  481    2.807834E-06
  482    2.796208E-06
  483    2.784653E-06
  484    2.773170E-06
  485    2.761758E-06
  486    2.750416E-06
  487    2.739144E-06
  488    2.727940E-06
  489    2.716806E-06
  490    2.705740E-06
  491    2.722072E-06
  492    2.711029E-06
  493    2.700054E-06
  494    2.689144E-06
  495    2.678301E-06
  496    2.667523E-06
  497    2.656810E-06
  498    2.646162E-06
  499    2.635577E-06
  500    2.625056E-06
  501    2.977885E-06
  502    2.966045E-06
  503    2.954275E-06
  504    2.942575E-06
  505    2.930944E-06
  506    2.919382E-06
  507    2.907888E-06
  508    2.896463E-06
  509    2.885104E-06
  510    2.873812E-06
  511    3.275932E-06
  512    3.263160E-06
  513    3.250463E-06
  514    3.237840E-06
  515    3.225290E-06
  516    3.212813E-06
  517    3.200408E-06
  518    3.188076E-06
  519    3.175814E-06
  520    3.163622E-06
  521    3.336829E-06
  522    3.324069E-06
  523    3.311381E-06
  524    3.298767E-06
  525    3.286224E-06
  526    3.273752E-06
  527    3.261352E-06
  528    3.249022E-06
  529    3.236761E-06
  530    3.224570E-06
  531    4.049970E-06
  532    4.034773E-06
  533    4.019661E-06
  534    4.004635E-06
  535    3.989692E-06
  536    3.974833E-06
  537    3.960056E-06
  538    3.945362E-06
  539    3.930750E-06
  540    3.916218E-06
  541    3.874752E-06
  542    3.860481E-06
  543    3.846288E-06
  544    3.832173E-06
  545    3.818136E-06
  546    3.804175E-06
  547    3.790291E-06
  548    3.776483E-06
  549    3.762751E-06
  550    3.749093E-06
  551    4.369584E-06
  552    4.353781E-06
  553    4.338064E-06
  554    4.322431E-06
  555    4.306883E-06
  556    4.291418E-06
  557    4.276037E-06
  558    4.260738E-06
  559    4.245521E-06
  560    4.230385E-06
  561    4.772563E-06
  562    4.755609E-06
  563    4.738745E-06
  564    4.721971E-06
  565    4.705285E-06
  566    4.688688E-06
  567    4.672179E-06
  568    4.655756E-06
  569    4.639420E-06
  570    4.623170E-06
  571    5.066848E-06
  572    5.049162E-06
  573    5.031570E-06
  574    5.014068E-06
  575    4.996659E-06
  576    4.979339E-06
  577    4.962110E-06
  578    4.944969E-06
  579    4.927918E-06
  580    4.910954E-06
  581    5.398263E-06
  582    5.379745E-06
  583    5.361321E-06
  584    5.342991E-06
  585    5.324756E-06
  586    5.306614E-06
  587    5.288564E-06
  588    5.270606E-06
  589    5.252740E-06
  590    5.234964E-06
  591    5.815736E-06
  592    5.796122E-06
  593    5.776606E-06
  594    5.757189E-06
  595    5.737870E-06
  596    5.718647E-06
  597    5.699521E-06
  598    5.680491E-06
  599    5.661556E-06
  600    5.642716E-06
  601    6.471832E-06
  602    6.450367E-06
  603    6.429008E-06
  604    6.407755E-06
  605    6.386607E-06
  606    6.365564E-06
  607    6.344625E-06
  608    6.323789E-06
  609    6.303055E-06
  610    6.282423E-06
  611    6.251698E-06
  612    6.231301E-06
  613    6.211004E-06
  614    6.190806E-06
  615    6.170706E-06
  616    6.150703E-06
  617    6.130798E-06
  618    6.110989E-06
  619    6.091277E-06
  620    6.071659E-06
  621    7.321915E-06
  622    7.298410E-06
  623    7.275018E-06
  624    7.251738E-06
  625    7.228569E-06
  626    7.205511E-06
  627    7.182564E-06
  628    7.159726E-06
  629    7.136997E-06
  630    7.114375E-06
  631    9.027971E-06
  632    8.999447E-06
  633    8.971058E-06
  634    8.942802E-06
  635    8.914680E-06
  636    8.886691E-06
  637    8.858833E-06
  638    8.831106E-06
  639    8.803508E-06
  640    8.776040E-06
  641    9.920168E-06
  642    9.889312E-06
  643    9.858600E-06
  644    9.828030E-06
  645    9.797603E-06
  646    9.767317E-06
  647    9.737171E-06
  648    9.707164E-06
  649    9.677296E-06
  650    9.647565E-06
  651    1.025065E-05
  652    1.021925E-05
  653    1.018800E-05
  654    1.015689E-05
  655    1.012593E-05
  656    1.009510E-05
  657    1.006442E-05
  658    1.003387E-05
  659    1.000347E-05
  660    9.973199E-06
  661    1.233743E-05
  662    1.230021E-05
  663    1.226316E-05
  664    1.222628E-05
  665    1.218957E-05
  666    1.215302E-05
  667    1.211663E-05
  668    1.208041E-05
  669    1.204435E-05
  670    1.200845E-05
  671    1.616271E-05
  672    1.611468E-05
  673    1.606686E-05
  674    1.601925E-05
  675    1.597186E-05
  676    1.592467E-05
  677    1.587770E-05
  678    1.583093E-05
  679    1.578437E-05
  680    1.573801E-05
  681    1.415530E-05
  682    1.411385E-05
  683    1.407258E-05
  684    1.403149E-05
  685    1.399058E-05
  686    1.394985E-05
  687    1.390930E-05
  688    1.386893E-05
  689    1.382873E-05
  690    1.378870E-05
  691    1.048499E-05
  692    1.045473E-05
  693    1.042460E-05
  694    1.039460E-05
  695    1.036473E-05
  696    1.033499E-05
  697    1.030538E-05
  698    1.027589E-05
  699    1.024653E-05
  700    1.021730E-05
  701    6.752397E-06
  702    6.733186E-06
  703    6.714058E-06
  704    6.695011E-06
  705    6.676045E-06
  706    6.657160E-06
  707    6.638354E-06
  708    6.619628E-06
  709    6.600981E-06
  710    6.582413E-06
  711    2.601818E-06
  712    2.594520E-06
  713    2.587252E-06
  714    2.580015E-06
  715    2.572809E-06
  716    2.565632E-06
  717    2.558485E-06
  718    2.551369E-06
  719    2.544281E-06
  720    2.537224E-06
  721    2.825510E-06
  722    2.817694E-06
  723    2.809910E-06
  724    2.802159E-06
  725    2.794439E-06
  726    2.786752E-06
  727    2.779096E-06
  728    2.771471E-06
  729    2.763878E-06
  730    2.756316E-06
  731    2.617027E-05
  732    2.609887E-05
  733    2.602775E-05
  734    2.595693E-05
  735    2.588639E-05
  736    2.581615E-05
  737    2.574618E-05
  738    2.567651E-05
  739    2.560711E-05
  740    2.553799E-05
  741    7.872880E-05
  742    7.851688E-05
  743    7.830581E-05
  744    7.809559E-05
  745    7.788622E-05
  746    7.767769E-05
  747    7.747000E-05
  748    7.726313E-05
  749    7.705710E-05
  750    7.685189E-05
  751    1.358411E-04
  752    1.354803E-04
  753    1.351209E-04
  754    1.347630E-04
  755    1.344065E-04
  756    1.340514E-04
  757    1.336977E-04
  758    1.333454E-04
  759    1.329945E-04
  760    1.326450E-04
  761    1.910922E-04
  762    1.905913E-04
  763    1.900924E-04
  764    1.895954E-04
  765    1.891004E-04
  766    1.886073E-04
  767    1.881161E-04
  768    1.876269E-04
  769    1.871395E-04
  770    1.866541E-04
  771    2.318095E-04
  772    2.312097E-04
  773    2.306123E-04
  774    2.300172E-04
  775    2.294244E-04
  776    2.288338E-04
  777    2.282456E-04
  778    2.276596E-04
  779    2.270758E-04
  780    2.264943E-04
  781    8.900974E-05
  782    8.878239E-05
  783    8.855590E-05
  784    8.833028E-05
  785    8.810552E-05
  786    8.788162E-05
  787    8.765857E-05
  788    8.743637E-05
  789    8.721501E-05
  790    8.699449E-05
  791   -4.663273E-04
  792   -4.651512E-04
  793   -4.639795E-04
  794   -4.628123E-04
  795   -4.616494E-04
  796   -4.604910E-04
  797   -4.593368E-04
  798   -4.581871E-04
  799   -4.570416E-04
  800   -4.559004E-04
  801   -1.294408E-03
  802   -1.291184E-03
  803   -1.287973E-03
  804   -1.284773E-03
  805   -1.281585E-03
  806   -1.278408E-03
  807   -1.275244E-03
  808   -1.272091E-03
  809   -1.268950E-03
  810   -1.265821E-03
  811   -1.749574E-03
  812   -1.745270E-03
  813   -1.740982E-03
  814   -1.736710E-03
  815   -1.732453E-03
  816   -1.728212E-03
  817   -1.723987E-03
  818   -1.719777E-03
  819   -1.715582E-03
  820   -1.711403E-03
  821   -1.704059E-03
  822   -1.699918E-03
  823   -1.695792E-03
  824   -1.691681E-03
  825   -1.687585E-03
  826   -1.683504E-03
  827   -1.679437E-03
  828   -1.675385E-03
  829   -1.671348E-03
  830   -1.667326E-03
  831   -1.037671E-04
  832   -1.035180E-04
  833   -1.032698E-04
  834   -1.030224E-04
  835   -1.027759E-04
  836   -1.025304E-04
  837   -1.022857E-04
  838   -1.020418E-04
  839   -1.017989E-04
  840   -1.015568E-04
  841    5.997849E-03
  842    5.983619E-03
  843    5.969440E-03
  844    5.955311E-03
  845    5.941232E-03
  846    5.927203E-03
  847    5.913224E-03
  848    5.899294E-03
  849    5.885413E-03
  850    5.871582E-03
  851    1.526841E-02
  852    1.523261E-02
  853    1.519694E-02
  854    1.516139E-02
  855    1.512597E-02
  856    1.509067E-02
  857    1.505549E-02
  858    1.502044E-02
  859    1.498551E-02
  860    1.495070E-02
  861    2.171313E-02
  862    2.166281E-02
  863    2.161267E-02
  864    2.156269E-02
  865    2.151290E-02
  866    2.146327E-02
  867    2.141382E-02
  868    2.136453E-02
  869    2.131542E-02
  870    2.126647E-02
  871    2.421449E-02
  872    2.415902E-02
  873    2.410373E-02
  874    2.404864E-02
  875    2.399373E-02
  876    2.393901E-02
  877    2.388448E-02
  878    2.383014E-02
  879    2.377598E-02
  880    2.372200E-02
  881    2.205557E-02
  882    2.200562E-02
  883    2.195583E-02
  884    2.190621E-02
  885    2.185676E-02
  886    2.180748E-02
  887    2.175836E-02
  888    2.170941E-02
  889    2.166063E-02
  890    2.161201E-02
  891    1.769557E-02
  892    1.765594E-02
  893    1.761644E-02
  894    1.757708E-02
  895    1.753784E-02
  896    1.749874E-02
  897    1.745977E-02
  898    1.742092E-02
  899    1.738221E-02
  900    1.734363E-02
  901    6.020364E-03
  902    6.007030E-03
  903    5.993740E-03
  904    5.980494E-03
  905    5.967292E-03
  906    5.954134E-03
  907    5.941019E-03
  908    5.927948E-03
  909    5.914919E-03
  910    5.901934E-03
  911   -4.181283E-04
  912   -4.172124E-04
  913   -4.162994E-04
  914   -4.153895E-04
  915   -4.144825E-04
  916   -4.135785E-04
  917   -4.126775E-04
  918   -4.117794E-04
  919   -4.108842E-04
  920   -4.099920E-04
  921   -2.354794E-03
  922   -2.349692E-03
  923   -2.344606E-03
  924   -2.339536E-03
  925   -2.334483E-03
  926   -2.329447E-03
  927   -2.324426E-03
  928   -2.319422E-03
  929   -2.314434E-03
  930   -2.309462E-03
  931   -2.421644E-03
  932   -2.416453E-03
  933   -2.411278E-03
  934   -2.406120E-03
  935   -2.400979E-03
  936   -2.395854E-03
  937   -2.390746E-03
  938   -2.385654E-03
  939   -2.380578E-03
  940   -2.375518E-03
  941   -2.047329E-03
  942   -2.042986E-03
  943   -2.038658E-03
  944   -2.034344E-03
  945   -2.030043E-03
  946   -2.025755E-03
  947   -2.021482E-03
  948   -2.017221E-03
  949   -2.012974E-03
  950   -2.008741E-03
  951   -7.540024E-04
  952   -7.524200E-04
  953   -7.508426E-04
  954   -7.492702E-04
  955   -7.477027E-04
  956   -7.461401E-04
  957   -7.445824E-04
  958   -7.430295E-04
  959   -7.414815E-04
  960   -7.399384E-04
  961    4.179586E-06
  962    4.170905E-06
  963    4.162252E-06
  964    4.153625E-06
  965    4.145026E-06
  966    4.136453E-06
  967    4.127906E-06
  968    4.119386E-06
  969    4.110893E-06
  970    4.102426E-06
  971    2.118739E-04
  972    2.114384E-04
  973    2.110043E-04
  974    2.105714E-04
  975    2.101399E-04
  976    2.097098E-04
  977    2.092809E-04
  978    2.088534E-04
  979    2.084271E-04
  980    2.080022E-04
  981    1.796142E-04
  982    1.792487E-04
  983    1.788844E-04
  984    1.785212E-04
  985    1.781591E-04
  986    1.777980E-04
  987    1.774381E-04
  988    1.770793E-04
  989    1.767216E-04
  990    1.763649E-04
  991    1.266442E-04
  992    1.263891E-04
  993    1.261348E-04
  994    1.258813E-04
  995    1.256285E-04
  996    1.253765E-04
  997    1.251252E-04
  998    1.248747E-04
  999    1.246250E-04
 1000    1.243760E-04
 1001    3.421126E-05
 1002    3.414305E-05
 1003    3.407503E-05
 1004    3.400722E-05
 1005    3.393961E-05
 1006    3.387220E-05
 1007    3.380500E-05
 1008    3.373799E-05
 1009    3.367118E-05
 1010    3.360457E-05
 1011   -3.525953E-05
 1012   -3.518991E-05
 1013   -3.512050E-05
 1014   -3.505130E-05
 1015   -3.498230E-05
 1016   -3.491351E-05
 1017   -3.484492E-05
 1018   -3.477653E-05
 1019   -3.470834E-05
 1020   -3.464035E-05
 1021   -6.802236E-05
 1022   -6.788937E-05
 1023   -6.775677E-05
 1024   -6.762457E-05
 1025   -6.749274E-05
 1026   -6.736131E-05
 1027   -6.723025E-05
 1028   -6.709958E-05
 1029   -6.696929E-05
 1030   -6.683938E-05
 1031   -6.675861E-05
 1032   -6.662935E-05
 1033   -6.650048E-05
 1034   -6.637197E-05
 1035   -6.624384E-05
 1036   -6.611608E-05
 1037   -6.598869E-05
 1038   -6.586167E-05
 1039   -6.573501E-05
 1040   -6.560872E-05
 1041   -5.619271E-05
 1042   -5.608495E-05
 1043   -5.597751E-05
 1044   -5.587038E-05
 1045   -5.576355E-05
 1046   -5.565703E-05
 1047   -5.555081E-05
 1048   -5.544490E-05
 1049   -5.533929E-05
 1050   -5.523398E-05
 1051   -3.503574E-05
 1052   -3.496920E-05
 1053   -3.490284E-05
 1054   -3.483668E-05
 1055   -3.477070E-05
 1056   -3.470491E-05
 1057   -3.463930E-05
 1058   -3.457388E-05
 1059   -3.450865E-05
 1060   -3.444360E-05
 1061   -2.429754E-05
 1062   -2.425182E-05
 1063   -2.420624E-05
 1064   -2.416078E-05
 1065   -2.411545E-05
 1066   -2.407025E-05
 1067   -2.402517E-05
 1068   -2.398022E-05
 1069   -2.393540E-05
 1070   -2.389070E-05
 1071   -1.923053E-05
 1072   -1.919468E-05
 1073   -1.915894E-05
 1074   -1.912329E-05
 1075   -1.908775E-05
 1076   -1.905230E-05
 1077   -1.901695E-05
 1078   -1.898171E-05
 1079   -1.894655E-05
 1080   -1.891150E-05
 1081   -2.224836E-05
 1082   -2.220727E-05
 1083   -2.216630E-05
 1084   -2.212544E-05
 1085   -2.208469E-05
 1086   -2.204406E-05
 1087   -2.200353E-05
 1088   -2.196312E-05
 1089   -2.192282E-05
 1090   -2.188264E-05
 1091   -2.285000E-05
 1092   -2.280819E-05
 1093   -2.276649E-05
 1094   -2.272491E-05
 1095   -2.268344E-05
 1096   -2.264209E-05
 1097   -2.260084E-05
 1098   -2.255971E-05
 1099   -2.251870E-05
 1100   -2.247779E-05
 1101   -1.865126E-05
 1102   -1.861744E-05
 1103   -1.858372E-05
 1104   -1.855008E-05
 1105   -1.851654E-05
 1106   -1.848308E-05
 1107   -1.844972E-05
 1108   -1.841645E-05
 1109   -1.838326E-05
 1110   -1.835017E-05
 1111   -1.773828E-05
 1112   -1.770640E-05
 1113   -1.767461E-05
 1114   -1.764291E-05
 1115   -1.761129E-05
 1116   -1.757976E-05
 1117   -1.754831E-05
 1118   -1.751695E-05
 1119   -1.748567E-05
 1120   -1.745447E-05
 1121   -1.941766E-05
 1122   -1.938307E-05
 1123   -1.934858E-05
 1124   -1.931419E-05
 1125   -1.927988E-05
 1126   -1.924567E-05
 1127   -1.921154E-05
 1128   -1.917751E-05
 1129   -1.914357E-05
 1130   -1.910971E-05
 1131   -1.984366E-05
 1132   -1.980863E-05
 1133   -1.977369E-05
 1134   -1.973885E-05
 1135   -1.970410E-05
 1136   -1.966944E-05
 1137   -1.963487E-05
 1138   -1.960039E-05
 1139   -1.956601E-05
 1140   -1.953171E-05
 1141   -1.859684E-05
 1142   -1.856429E-05
 1143   -1.853184E-05
 1144   -1.849947E-05
 1145   -1.846718E-05
 1146   -1.843498E-05
 1147   -1.840287E-05
 1148   -1.837083E-05
 1149   -1.833888E-05
 1150   -1.830702E-05
 1151   -1.636306E-05
 1152   -1.633468E-05
 1153   -1.630637E-05
 1154   -1.627813E-05
 1155   -1.624997E-05
 1156   -1.622188E-05
 1157   -1.619386E-05
 1158   -1.616592E-05
 1159   -1.613805E-05
 1160   -1.611025E-05
 1161   -1.526743E-05
 1162   -1.524117E-05
 1163   -1.521499E-05
 1164   -1.518887E-05
 1165   -1.516281E-05
 1166   -1.513683E-05
 1167   -1.511091E-05
 1168   -1.508506E-05
 1169   -1.505927E-05
 1170   -1.503355E-05
 1171   -1.489578E-05
 1172   -1.487038E-05
 1173   -1.484505E-05
 1174   -1.481978E-05
 1175   -1.479458E-05
 1176   -1.476944E-05
 1177   -1.474436E-05
 1178   -1.471935E-05
 1179   -1.469440E-05
 1180   -1.466952E-05
 1181   -1.584810E-05
 1182   -1.582130E-05
 1183   -1.579458E-05
 1184   -1.576792E-05
 1185   -1.574133E-05
 1186   -1.571481E-05
 1187   -1.568835E-05
 1188   -1.566196E-05
 1189   -1.563564E-05
 1190   -1.560938E-05
 1191   -1.535757E-05
 1192   -1.533182E-05
 1193   -1.530614E-05
 1194   -1.528052E-05
 1195   -1.525497E-05
 1196   -1.522948E-05
 1197   -1.520406E-05
 1198   -1.517870E-05
 1199   -1.515340E-05
 1200   -1.512816E-05
 1201   -1.428955E-05
 1202   -1.426579E-05
 1203   -1.424209E-05
 1204   -1.421845E-05
 1205   -1.419487E-05
 1206   -1.417135E-05
 1207   -1.414789E-05
 1208   -1.412449E-05
 1209   -1.410114E-05
 1210   -1.407785E-05
 1211   -1.335092E-05
 1212   -1.332891E-05
 1213   -1.330695E-05
 1214   -1.328505E-05
 1215   -1.326320E-05
 1216   -1.324140E-05
 1217   -1.321966E-05
 1218   -1.319797E-05
 1219   -1.317633E-05
 1220   -1.315475E-05
 1221   -1.348781E-05
 1222   -1.346576E-05
 1223   -1.344375E-05
 1224   -1.342180E-05
 1225   -1.339991E-05
 1226   -1.337807E-05
 1227   -1.335628E-05
 1228   -1.333454E-05
 1229   -1.331286E-05
 1230   -1.329123E-05
 1231   -1.460186E-05
 1232   -1.457817E-05
 1233   -1.455455E-05
 1234   -1.453098E-05
 1235   -1.450746E-05
 1236   -1.448401E-05
 1237   -1.446061E-05
 1238   -1.443727E-05
 1239   -1.441398E-05
 1240   -1.439075E-05
 1241   -1.363724E-05
 1242   -1.361530E-05
 1243   -1.359341E-05
 1244   -1.357157E-05
 1245   -1.354979E-05
 1246   -1.352806E-05
 1247   -1.350638E-05
 1248   -1.348475E-05
 1249   -1.346317E-05
 1250   -1.344165E-05
 1251   -1.326953E-05
 1252   -1.324835E-05
 1253   -1.322722E-05
 1254   -1.320614E-05
 1255   -1.318511E-05
 1256   -1.316413E-05
 1257   -1.314320E-05
 1258   -1.312233E-05
 1259   -1.310150E-05
 1260   -1.308072E-05
 1261   -1.257725E-05
 1262   -1.255733E-05
 1263   -1.253746E-05
 1264   -1.251764E-05
 1265   -1.249787E-05
 1266   -1.247814E-05
 1267   -1.245846E-05
 1268   -1.243882E-05
 1269   -1.241923E-05
 1270   -1.239969E-05
 1271   -1.323923E-05
 1272   -1.321843E-05
 1273   -1.319768E-05
 1274   -1.317698E-05
 1275   -1.315633E-05
 1276   -1.313572E-05
 1277   -1.311516E-05
 1278   -1.309466E-05
 1279   -1.307420E-05
 1280   -1.305378E-05
 1281   -1.279461E-05
 1282   -1.277466E-05
 1283   -1.275477E-05
 1284   -1.273491E-05
 1285   -1.271511E-05
 1286   -1.269535E-05
 1287   -1.267564E-05
 1288   -1.265597E-05
 1289   -1.263635E-05
 1290   -1.261677E-05
 1291   -1.245936E-05
 1292   -1.244009E-05
 1293   -1.242086E-05
 1294   -1.240168E-05
 1295   -1.238254E-05
 1296   -1.236344E-05
 1297   -1.234439E-05
 1298   -1.232539E-05
 1299   -1.230642E-05
 1300   -1.228751E-05
 1301   -1.210554E-05
 1302   -1.208696E-05
 1303   -1.206842E-05
 1304   -1.204993E-05
 1305   -1.203148E-05
 1306   -1.201307E-05
 1307   -1.199470E-05
 1308   -1.197637E-05
 1309   -1.195809E-05
 1310   -1.193984E-05
 1311   -1.150581E-05
 1312   -1.148828E-05
 1313   -1.147080E-05
 1314   -1.145335E-05
 1315   -1.143595E-05
 1316   -1.141858E-05
 1317   -1.140125E-05
 1318   -1.138397E-05
 1319   -1.136672E-05
 1320   -1.134951E-05
 1321   -1.177891E-05
 1322   -1.176110E-05
 1323   -1.174334E-05
 1324   -1.172561E-05
 1325   -1.170793E-05
 1326   -1.169028E-05
 1327   -1.167268E-05
 1328   -1.165511E-05
 1329   -1.163758E-05
 1330   -1.162010E-05
 1331   -1.186491E-05
 1332   -1.184711E-05
 1333   -1.182935E-05
 1334   -1.181163E-05
 1335   -1.179395E-05
 1336   -1.177630E-05
 1337   -1.175870E-05
 1338   -1.174114E-05
 1339   -1.172361E-05
 1340   -1.170613E-05
 1341   -1.124695E-05
 1342   -1.123020E-05
 1343   -1.121349E-05
 1344   -1.119682E-05
 1345   -1.118018E-05
 1346   -1.116358E-05
 1347   -1.114702E-05
 1348   -1.113049E-05
 1349   -1.111400E-05
 1350   -1.109755E-05
 1351   -1.120922E-05
 1352   -1.119265E-05
 1353   -1.117612E-05
 1354   -1.115962E-05
 1355   -1.114316E-05
 1356   -1.112674E-05
 1357   -1.111035E-05
 1358   -1.109400E-05
 1359   -1.107769E-05
 1360   -1.106141E-05
 1361   -1.074990E-05
 1362   -1.073412E-05
 1363   -1.071839E-05
 1364   -1.070268E-05
 1365   -1.068701E-05
 1366   -1.067137E-05
 1367   -1.065577E-05
 1368   -1.064021E-05
 1369   -1.062467E-05
 1370   -1.060917E-05
 1371   -1.097011E-05
 1372   -1.095413E-05
 1373   -1.093818E-05
 1374   -1.092227E-05
 1375   -1.090640E-05
 1376   -1.089056E-05
 1377   -1.087475E-05
 1378   -1.085898E-05
 1379   -1.084324E-05
 1380   -1.082754E-05
 1381   -1.091830E-05
 1382   -1.090251E-05
 1383   -1.088675E-05
 1384   -1.087103E-05
 1385   -1.085534E-05
 1386   -1.083969E-05
 1387   -1.082407E-05
 1388   -1.080849E-05
 1389   -1.079293E-05
 1390   -1.077742E-05
 1391   -1.053693E-05
 1392   -1.052180E-05
 1393   -1.050671E-05
 1394   -1.049165E-05
 1395   -1.047661E-05
 1396   -1.046162E-05
 1397   -1.044665E-05
 1398   -1.043171E-05
 1399   -1.041681E-05
 1400   -1.040194E-05
 1401   -1.016392E-05
 1402   -1.014943E-05
 1403   -1.013497E-05
 1404   -1.012054E-05
 1405   -1.010615E-05
 1406   -1.009178E-05
 1407   -1.007745E-05
 1408   -1.006314E-05
 1409   -1.004887E-05
 1410   -1.003462E-05
 1411   -9.315114E-06
 1412   -9.301929E-06
 1413   -9.288773E-06
 1414   -9.275644E-06
 1415   -9.262542E-06
 1416   -9.249469E-06
 1417   -9.236423E-06
 1418   -9.223405E-06
 1419   -9.210414E-06
 1420   -9.197451E-06
 1421   -9.607851E-06
 1422   -9.594347E-06
 1423   -9.580872E-06
 1424   -9.567425E-06
 1425   -9.554007E-06
 1426   -9.540616E-06
 1427   -9.527254E-06
 1428   -9.513920E-06
 1429   -9.500614E-06
 1430   -9.487336E-06
 1431   -9.531599E-06
 1432   -9.518296E-06
 1433   -9.505021E-06
 1434   -9.491774E-06
 1435   -9.478554E-06
 1436   -9.465362E-06
 1437   -9.452197E-06
 1438   -9.439060E-06
 1439   -9.425950E-06
 1440   -9.412868E-06
 1441   -9.349084E-06
 1442   -9.336126E-06
 1443   -9.323195E-06
 1444   -9.310291E-06
 1445   -9.297414E-06
 1446   -9.284563E-06
 1447   -9.271739E-06
 1448   -9.258942E-06
 1449   -9.246171E-06
 1450   -9.233426E-06
 1451   -8.290276E-06
 1452   -8.278864E-06
 1453   -8.267477E-06
 1454   -8.256112E-06
 1455   -8.244772E-06
 1456   -8.233454E-06
 1457   -8.222160E-06
 1458   -8.210889E-06
 1459   -8.199641E-06
 1460   -8.188417E-06
 1461   -7.938675E-06
 1462   -7.927823E-06
 1463   -7.916992E-06
 1464   -7.906184E-06
 1465   -7.895398E-06
 1466   -7.884634E-06
 1467   -7.873892E-06
 1468   -7.863172E-06
 1469   -7.852474E-06
 1470   -7.841798E-06
 1471   -7.978500E-06
 1472   -7.967667E-06
 1473   -7.956856E-06
 1474   -7.946067E-06
 1475   -7.935300E-06
 1476   -7.924555E-06
 1477   -7.913832E-06
 1478   -7.903130E-06
 1479   -7.892450E-06
 1480   -7.881792E-06
 1481   -7.971424E-06
 1482   -7.960674E-06
 1483   -7.949945E-06
 1484   -7.939238E-06
 1485   -7.928553E-06
 1486   -7.917889E-06
 1487   -7.907247E-06
 1488   -7.896626E-06
 1489   -7.886027E-06
 1490   -7.875448E-06
 1491   -7.784096E-06
 1492   -7.773669E-06
 1493   -7.763262E-06
 1494   -7.752877E-06
 1495   -7.742512E-06
 1496   -7.732168E-06
 1497   -7.721844E-06
 1498   -7.711542E-06
 1499   -7.701260E-06
 1500   -7.690998E-06
 1501   -7.232413E-06
 1502   -7.222789E-06
 1503   -7.213184E-06
 1504   -7.203599E-06
 1505   -7.194032E-06
 1506   -7.184485E-06
 1507   -7.174956E-06
 1508   -7.165447E-06
 1509   -7.155956E-06
 1510   -7.146484E-06
 1511   -6.673929E-06
 1512   -6.665107E-06
 1513   -6.656303E-06
 1514   -6.647515E-06
 1515   -6.638746E-06
 1516   -6.629993E-06
 1517   -6.621258E-06
 1518   -6.612540E-06
 1519   -6.603839E-06
 1520   -6.595156E-06
 1521   -6.932033E-06
 1522   -6.922930E-06
 1523   -6.913844E-06
 1524   -6.904777E-06
 1525   -6.895727E-06
 1526   -6.886696E-06
 1527   -6.877682E-06
 1528   -6.868685E-06
 1529   -6.859707E-06
 1530   -6.850746E-06
 1531   -6.743409E-06
 1532   -6.734612E-06
 1533   -6.725831E-06
 1534   -6.717068E-06
 1535   -6.708322E-06
 1536   -6.699593E-06
 1537   -6.690880E-06
 1538   -6.682185E-06
 1539   -6.673507E-06
 1540   -6.664846E-06
 1541   -6.448193E-06
 1542   -6.439835E-06
 1543   -6.431494E-06
 1544   -6.423168E-06
 1545   -6.414859E-06
 1546   -6.406565E-06
 1547   -6.398288E-06
 1548   -6.390027E-06
 1549   -6.381782E-06
 1550   -6.373553E-06
 1551   -5.591120E-06
 1552   -5.583920E-06
 1553   -5.576733E-06
 1554   -5.569560E-06
 1555   -5.562402E-06
 1556   -5.555257E-06
 1557   -5.548125E-06
 1558   -5.541008E-06
 1559   -5.533904E-06
 1560   -5.526814E-06
 1561   -5.281665E-06
 1562   -5.274907E-06
 1563   -5.268161E-06
 1564   -5.261429E-06
 1565   -5.254709E-06
 1566   -5.248003E-06
 1567   -5.241309E-06
 1568   -5.234628E-06
 1569   -5.227959E-06
 1570   -5.221304E-06
 1571   -5.159152E-06
 1572   -5.152592E-06
 1573   -5.146045E-06
 1574   -5.139510E-06
 1575   -5.132988E-06
 1576   -5.126478E-06
 1577   -5.119981E-06
 1578   -5.113496E-06
 1579   -5.107023E-06
 1580   -5.100562E-06
 1581   -5.065036E-06
 1582   -5.058637E-06
 1583   -5.052250E-06
 1584   -5.045874E-06
 1585   -5.039511E-06
 1586   -5.033160E-06
 1587   -5.026821E-06
 1588   -5.020494E-06
 1589   -5.014179E-06
 1590   -5.007876E-06
 1591   -4.826287E-06
 1592   -4.820228E-06
 1593   -4.814180E-06
 1594   -4.808144E-06
 1595   -4.802118E-06
 1596   -4.796104E-06
 1597   -4.790102E-06
 1598   -4.784110E-06
 1599   -4.778130E-06
 1600   -4.772161E-06
 1601   -4.322481E-06
 1602   -4.317088E-06
 1603   -4.311705E-06
 1604   -4.306332E-06
 1605   -4.300969E-06
 1606   -4.295617E-06
 1607   -4.290274E-06
 1608   -4.284941E-06
 1609   -4.279618E-06
 1610   -4.274305E-06
 1611   -4.134621E-06
 1612   -4.129494E-06
 1613   -4.124377E-06
 1614   -4.119270E-06
 1615   -4.114172E-06
 1616   -4.109083E-06
 1617   -4.104004E-06
 1618   -4.098934E-06
 1619   -4.093873E-06
 1620   -4.088822E-06
 1621   -4.009062E-06
 1622   -4.004121E-06
 1623   -3.999190E-06
 1624   -3.994268E-06
 1625   -3.989355E-06
 1626   -3.984451E-06
 1627   -3.979556E-06
 1628   -3.974670E-06
 1629   -3.969793E-06
 1630   -3.964925E-06
 1631   -3.928957E-06
 1632   -3.924145E-06
 1633   -3.919342E-06
 1634   -3.914548E-06
 1635   -3.909763E-06
 1636   -3.904986E-06
 1637   -3.900218E-06
 1638   -3.895459E-06
 1639   -3.890708E-06
 1640   -3.885966E-06
 1641   -3.716363E-06
 1642   -3.711839E-06
 1643   -3.707324E-06
 1644   -3.702816E-06
 1645   -3.698317E-06
 1646   -3.693826E-06
 1647   -3.689343E-06
 1648   -3.684869E-06
 1649   -3.680402E-06
 1650   -3.675944E-06
 1651   -3.227574E-06
 1652   -3.223669E-06
 1653   -3.219771E-06
 1654   -3.215880E-06
 1655   -3.211996E-06
 1656   -3.208119E-06
 1657   -3.204249E-06
 1658   -3.200386E-06
 1659   -3.196530E-06
 1660   -3.192681E-06
 1661   -3.016021E-06
 1662   -3.012394E-06
 1663   -3.008773E-06
 1664   -3.005159E-06
 1665   -3.001551E-06
 1666   -2.997950E-06
 1667   -2.994356E-06
 1668   -2.990767E-06
 1669   -2.987186E-06
 1670   -2.983610E-06
 1671   -2.898120E-06
 1672   -2.894656E-06
 1673   -2.891197E-06
 1674   -2.887745E-06
 1675   -2.884299E-06
 1676   -2.880859E-06
 1677   -2.877426E-06
 1678   -2.873998E-06
 1679   -2.870577E-06
 1680   -2.867161E-06
 1681   -2.835889E-06
 1682   -2.832519E-06
 1683   -2.829155E-06
 1684   -2.825797E-06
 1685   -2.822445E-06
 1686   -2.819099E-06
 1687   -2.815759E-06
 1688   -2.812425E-06
 1689   -2.809096E-06
 1690   -2.805774E-06
 1691   -2.689888E-06
 1692   -2.686711E-06
 1693   -2.683538E-06
 1694   -2.680372E-06
 1695   -2.677211E-06
 1696   -2.674056E-06
 1697   -2.670906E-06
 1698   -2.667762E-06
 1699   -2.664624E-06
 1700   -2.661491E-06
 1701   -2.291967E-06
 1702   -2.289276E-06
 1703   -2.286589E-06
 1704   -2.283906E-06
 1705   -2.281229E-06
 1706   -2.278556E-06
 1707   -2.275888E-06
 1708   -2.273225E-06
 1709   -2.270566E-06
 1710   -2.267912E-06
 1711   -2.146429E-06
 1712   -2.143923E-06
 1713   -2.141422E-06
 1714   -2.138924E-06
 1715   -2.136431E-06
 1716   -2.133943E-06
 1717   -2.131459E-06
 1718   -2.128979E-06
 1719   -2.126503E-06
 1720   -2.124032E-06
 1721   -2.040210E-06
 1722   -2.037841E-06
 1723   -2.035477E-06
 1724   -2.033117E-06
 1725   -2.030761E-06
 1726   -2.028410E-06
 1727   -2.026062E-06
 1728   -2.023718E-06
 1729   -2.021379E-06
 1730   -2.019043E-06
 1731   -2.004713E-06
 1732   -2.002399E-06
 1733   -2.000090E-06
 1734   -1.997784E-06
 1735   -1.995483E-06
 1736   -1.993185E-06
 1737   -1.990891E-06
 1738   -1.988602E-06
 1739   -1.986316E-06
 1740   -1.984034E-06
 1741   -1.814995E-06
 1742   -1.812912E-06
 1743   -1.810833E-06
 1744   -1.808758E-06
 1745   -1.806686E-06
 1746   -1.804618E-06
 1747   -1.802553E-06
 1748   -1.800492E-06
 1749   -1.798434E-06
 1750   -1.796380E-06
 1751   -1.495684E-06
 1752   -1.493977E-06
 1753   -1.492274E-06
 1754   -1.490573E-06
 1755   -1.488876E-06
 1756   -1.487181E-06
 1757   -1.485489E-06
 1758   -1.483800E-06
 1759   -1.482114E-06
 1760   -1.480431E-06
 1761   -1.343355E-06
 1762   -1.341831E-06
 1763   -1.340310E-06
 1764   -1.338791E-06
 1765   -1.337275E-06
 1766   -1.335761E-06
 1767   -1.334250E-06
 1768   -1.332742E-06
 1769   -1.331236E-06
 1770   -1.329732E-06
 1771   -1.261072E-06
 1772   -1.259650E-06
 1773   -1.258229E-06
 1774   -1.256812E-06
 1775   -1.255396E-06
 1776   -1.253983E-06
 1777   -1.252573E-06
 1778   -1.251165E-06
 1779   -1.249759E-06
 1780   -1.248355E-06
 1781   -1.234724E-06
 1782   -1.233339E-06
 1783   -1.231957E-06
 1784   -1.230576E-06
 1785   -1.229198E-06
 1786   -1.227822E-06
 1787   -1.226449E-06
 1788   -1.225078E-06
 1789   -1.223709E-06
 1790   -1.222343E-06
 1791   -1.111744E-06
 1792   -1.110504E-06
 1793   -1.109266E-06
 1794   -1.108030E-06
 1795   -1.106796E-06
 1796   -1.105564E-06
 1797   -1.104334E-06
 1798   -1.103106E-06
 1799   -1.101881E-06
 1800   -1.100657E-06
 1801   -9.263315E-07
 1802   -9.253040E-07
 1803   -9.242781E-07
 1804   -9.232540E-07
 1805   -9.222316E-07
 1806   -9.212108E-07
 1807   -9.201918E-07
 1808   -9.191745E-07
 1809   -9.181588E-07
 1810   -9.171448E-07
 1811   -8.340877E-07
 1812   -8.331676E-07
 1813   -8.322490E-07
 1814   -8.313319E-07
 1815   -8.304163E-07
 1816   -8.295023E-07
 1817   -8.285898E-07
 1818   -8.276787E-07
 1819   -8.267692E-07
 1820   -8.258611E-07
 1821   -7.864343E-07
 1822   -7.855715E-07
 1823   -7.847101E-07
 1824   -7.838502E-07
 1825   -7.829916E-07
 1826   -7.821345E-07
 1827   -7.812788E-07
 1828   -7.804244E-07
 1829   -7.795715E-07
 1830   -7.787200E-07
 1831   -7.747339E-07
 1832   -7.738886E-07
 1833   -7.730447E-07
 1834   -7.722021E-07
 1835   -7.713609E-07
 1836   -7.705211E-07
 1837   -7.696827E-07
 1838   -7.688456E-07
 1839   -7.680099E-07
 1840   -7.671756E-07
 1841   -6.840661E-07
 1842   -6.833238E-07
 1843   -6.825827E-07
 1844   -6.818427E-07
 1845   -6.811040E-07
 1846   -6.803665E-07
 1847   -6.796302E-07
 1848   -6.788950E-07
 1849   -6.781611E-07
 1850   -6.774283E-07
 1851   -5.667892E-07
 1852   -5.661774E-07
 1853   -5.655666E-07
 1854   -5.649569E-07
 1855   -5.643481E-07
 1856   -5.637403E-07
 1857   -5.631334E-07
 1858   -5.625276E-07
 1859   -5.619227E-07
 1860   -5.613188E-07
 1861   -4.954402E-07
 1862   -4.949084E-07
 1863   -4.943773E-07
 1864   -4.938472E-07
 1865   -4.933179E-07
 1866   -4.927894E-07
 1867   -4.922618E-07
 1868   -4.917350E-07
 1869   -4.912091E-07
 1870   -4.906840E-07
 1871   -4.552461E-07
 1872   -4.547600E-07
 1873   -4.542747E-07
 1874   -4.537901E-07
 1875   -4.533064E-07
 1876   -4.528233E-07
 1877   -4.523411E-07
 1878   -4.518596E-07
 1879   -4.513789E-07
 1880   -4.508990E-07
 1881   -4.570118E-07
 1882   -4.565264E-07
 1883   -4.560417E-07
 1884   -4.555579E-07
 1885   -4.550748E-07
 1886   -4.545924E-07
 1887   -4.541109E-07
 1888   -4.536301E-07
 1889   -4.531501E-07
 1890   -4.526708E-07
 1891   -4.105292E-07
 1892   -4.100955E-07
 1893   -4.096624E-07
 1894   -4.092301E-07
 1895   -4.087984E-07
 1896   -4.083674E-07
 1897   -4.079371E-07
 1898   -4.075074E-07
 1899   -4.070785E-07
 1900   -4.066502E-07
 1901   -3.566956E-07
 1902   -3.563207E-07
 1903   -3.559464E-07
 1904   -3.555727E-07
 1905   -3.551996E-07
 1906   -3.548271E-07
 1907   -3.544552E-07
 1908   -3.540838E-07
 1909   -3.537131E-07
 1910   -3.533429E-07
 1911   -3.251830E-07
 1912   -3.248431E-07
 1913   -3.245036E-07
 1914   -3.241647E-07
 1915   -3.238263E-07
 1916   -3.234885E-07
 1917   -3.231512E-07
 1918   -3.228144E-07
 1919   -3.224781E-07
 1920   -3.221424E-07
 1921   -3.072007E-07
 1922   -3.068812E-07
 1923   -3.065622E-07
 1924   -3.062437E-07
 1925   -3.059257E-07
 1926   -3.056082E-07
 1927   -3.052912E-07
 1928   -3.049747E-07
 1929   -3.046586E-07
 1930   -3.043431E-07
 1931   -3.151442E-07
 1932   -3.148181E-07
 1933   -3.144925E-07
 1934   -3.141675E-07
 1935   -3.138429E-07
 1936   -3.135189E-07
 1937   -3.131953E-07
 1938   -3.128723E-07
 1939   -3.125497E-07
 1940   -3.122277E-07
 1941   -2.898565E-07
 1942   -2.895582E-07
 1943   -2.892603E-07
 1944   -2.889628E-07
 1945   -2.886658E-07
 1946   -2.883693E-07
 1947   -2.880732E-07
 1948   -2.877776E-07
 1949   -2.874825E-07
 1950   -2.871878E-07
 1951   -2.807386E-07
 1952   -2.804511E-07
 1953   -2.801640E-07
 1954   -2.798774E-07
 1955   -2.795912E-07
 1956   -2.793055E-07
 1957   -2.790202E-07
 1958   -2.787353E-07
 1959   -2.784509E-07
 1960   -2.781669E-07
 1961   -2.668157E-07
 1962   -2.665438E-07
 1963   -2.662724E-07
 1964   -2.660014E-07
 1965   -2.657308E-07
 1966   -2.654606E-07
 1967   -2.651908E-07
 1968   -2.649214E-07
 1969   -2.646525E-07
 1970   -2.643839E-07
 1971   -2.593587E-07
 1972   -2.590958E-07
 1973   -2.588333E-07
 1974   -2.585711E-07
 1975   -2.583094E-07
 1976   -2.580481E-07
 1977   -2.577872E-07
 1978   -2.575267E-07
 1979   -2.572666E-07
 1980   -2.570068E-07
 1981   -2.643054E-07
 1982   -2.640388E-07
 1983   -2.637726E-07
 1984   -2.635069E-07
 1985   -2.632415E-07
 1986   -2.629766E-07
 1987   -2.627120E-07
 1988   -2.624478E-07
 1989   -2.621841E-07
 1990   -2.619207E-07
 1991   -2.655229E-07
 1992   -2.652565E-07
 1993   -2.649904E-07
 1994   -2.647247E-07
 1995   -2.644595E-07
 1996   -2.641946E-07
 1997   -2.639302E-07
 1998   -2.636661E-07
 1999   -2.634024E-07
 2000   -2.631392E-07
 2001   -2.724798E-07
 2002   -2.722077E-07
 2003   -2.719360E-07
 2004   -2.716648E-07
 2005   -2.713939E-07
 2006   -2.711235E-07
 2007   -2.708534E-07
 2008   -2.705838E-07
 2009   -2.703146E-07
 2010   -2.700457E-07
 2011   -2.726091E-07
 2012   -2.723383E-07
 2013   -2.720679E-07
 2014   -2.717978E-07
 2015   -2.715282E-07
 2016   -2.712589E-07
 2017   -2.709901E-07
 2018   -2.707217E-07
 2019   -2.704536E-07
 2020   -2.701860E-07
 2021   -2.728069E-07
 2022   -2.725372E-07
 2023   -2.722679E-07
 2024   -2.719990E-07
 2025   -2.717304E-07
 2026   -2.714623E-07
 2027   -2.711946E-07
 2028   -2.709273E-07
 2029   -2.706604E-07
 2030   -2.703938E-07
 2031   -2.843056E-07
 2032   -2.840259E-07
 2033   -2.837466E-07
 2034   -2.834677E-07
 2035   -2.831893E-07
 2036   -2.829112E-07
 2037   -2.826336E-07
 2038   -2.823564E-07
 2039   -2.820796E-07
 2040   -2.818031E-07
 2041   -2.890429E-07
 2042   -2.887599E-07
 2043   -2.884774E-07
 2044   -2.881952E-07
 2045   -2.879135E-07
 2046   -2.876322E-07
 2047   -2.873513E-07
 2048   -2.870709E-07
 2049   -2.867908E-07
 2050   -2.865111E-07
 2051   -3.125777E-07
 2052   -3.122732E-07
 2053   -3.119692E-07
 2054   -3.116655E-07
 2055   -3.113624E-07
 2056   -3.110596E-07
 2057   -3.107573E-07
 2058   -3.104555E-07
 2059   -3.101541E-07
 2060   -3.098531E-07
 2061   -3.253150E-07
 2062   -3.249996E-07
 2063   -3.246847E-07
 2064   -3.243702E-07
 2065   -3.240562E-07
 2066   -3.237427E-07
 2067   -3.234296E-07
 2068   -3.231169E-07
 2069   -3.228048E-07
 2070   -3.224930E-07
 2071   -3.258659E-07
 2072   -3.255515E-07
 2073   -3.252375E-07
 2074   -3.249241E-07
 2075   -3.246110E-07
 2076   -3.242985E-07
 2077   -3.239863E-07
 2078   -3.236747E-07
 2079   -3.233634E-07
 2080   -3.230527E-07
 2081   -3.372488E-07
 2082   -3.369250E-07
 2083   -3.366017E-07
 2084   -3.362788E-07
 2085   -3.359564E-07
 2086   -3.356344E-07
 2087   -3.353129E-07
 2088   -3.349919E-07
 2089   -3.346714E-07
 2090   -3.343512E-07
 2091   -3.465106E-07
 2092   -3.461795E-07
 2093   -3.458488E-07
 2094   -3.455187E-07
 2095   -3.451890E-07
 2096   -3.448598E-07
 2097   -3.445310E-07
 2098   -3.442027E-07
 2099   -3.438749E-07
 2100   -3.435476E-07
 2101   -3.759125E-07
 2102   -3.755550E-07
 2103   -3.751980E-07
 2104   -3.748415E-07
 2105   -3.744855E-07
 2106   -3.741301E-07
 2107   -3.737751E-07
 2108   -3.734206E-07
 2109   -3.730667E-07
 2110   -3.727132E-07
 2111   -3.844409E-07
 2112   -3.840770E-07
 2113   -3.837137E-07
 2114   -3.833508E-07
 2115   -3.829885E-07
 2116   -3.826266E-07
 2117   -3.822653E-07
 2118   -3.819045E-07
 2119   -3.815443E-07
 2120   -3.811845E-07
 2121   -3.947526E-07
 2122   -3.943807E-07
 2123   -3.940094E-07
 2124   -3.936385E-07
 2125   -3.932682E-07
 2126   -3.928984E-07
 2127   -3.925292E-07
 2128   -3.921604E-07
 2129   -3.917922E-07
 2130   -3.914245E-07
 2131   -3.991090E-07
 2132   -3.987347E-07
 2133   -3.983610E-07
 2134   -3.979879E-07
 2135   -3.976152E-07
 2136   -3.972431E-07
 2137   -3.968715E-07
 2138   -3.965004E-07
 2139   -3.961298E-07
 2140   -3.957598E-07
 2141   -4.133656E-07
 2142   -4.129798E-07
 2143   -4.125946E-07
 2144   -4.122099E-07
 2145   -4.118257E-07
 2146   -4.114421E-07
 2147   -4.110590E-07
 2148   -4.106764E-07
 2149   -4.102944E-07
 2150   -4.099129E-07
 2151   -4.285062E-07
 2152   -4.281082E-07
 2153   -4.277107E-07
 2154   -4.273137E-07
 2155   -4.269173E-07
 2156   -4.265215E-07
 2157   -4.261262E-07
 2158   -4.257315E-07
 2159   -4.253373E-07
 2160   -4.249436E-07
 2161   -4.537569E-07
 2162   -4.533373E-07
 2163   -4.529183E-07
 2164   -4.524999E-07
 2165   -4.520821E-07
 2166   -4.516649E-07
 2167   -4.512482E-07
 2168   -4.508321E-07
 2169   -4.504166E-07
 2170   -4.500016E-07
 2171   -4.531450E-07
 2172   -4.527279E-07
 2173   -4.523114E-07
 2174   -4.518955E-07
 2175   -4.514801E-07
 2176   -4.510654E-07
 2177   -4.506512E-07
 2178   -4.502375E-07
 2179   -4.498245E-07
 2180   -4.494120E-07
 2181   -4.528541E-07
 2182   -4.524393E-07
 2183   -4.520249E-07
 2184   -4.516112E-07
 2185   -4.511980E-07
 2186   -4.507854E-07
 2187   -4.503733E-07
 2188   -4.499618E-07
 2189   -4.495509E-07
 2190   -4.491406E-07
 2191   -4.649447E-07
 2192   -4.645206E-07
 2193   -4.640972E-07
 2194   -4.636743E-07
 2195   -4.632520E-07
 2196   -4.628303E-07
 2197   -4.624092E-07
 2198   -4.619886E-07
 2199   -4.615686E-07
 2200   -4.611492E-07
 2201   -4.840463E-07
 2202   -4.836069E-07
 2203   -4.831680E-07
 2204   -4.827298E-07
 2205   -4.822921E-07
 2206   -4.818551E-07
 2207   -4.814186E-07
 2208   -4.809827E-07
 2209   -4.805474E-07
 2210   -4.801128E-07
 2211   -4.881735E-07
 2212   -4.877323E-07
 2213   -4.872917E-07
 2214   -4.868517E-07
 2215   -4.864123E-07
 2216   -4.859735E-07
 2217   -4.855353E-07
 2218   -4.850977E-07
 2219   -4.846607E-07
 2220   -4.842243E-07
 2221   -4.953802E-07
 2222   -4.949345E-07
 2223   -4.944894E-07
 2224   -4.940449E-07
 2225   -4.936010E-07
 2226   -4.931578E-07
 2227   -4.927151E-07
 2228   -4.922730E-07
 2229   -4.918315E-07
 2230   -4.913906E-07
 2231   -4.871026E-07
 2232   -4.866663E-07
 2233   -4.862306E-07
 2234   -4.857955E-07
 2235   -4.853610E-07
 2236   -4.849270E-07
 2237   -4.844937E-07
 2238   -4.840609E-07
 2239   -4.836287E-07
 2240   -4.831971E-07
 2241   -5.052586E-07
 2242   -5.048080E-07
 2243   -5.043581E-07
 2244   -5.039088E-07
 2245   -5.034601E-07
 2246   -5.030120E-07
 2247   -5.025645E-07
 2248   -5.021175E-07
 2249   -5.016712E-07
 2250   -5.012255E-07
 2251   -4.936947E-07
 2252   -4.932564E-07
 2253   -4.928187E-07
 2254   -4.923816E-07
 2255   -4.919451E-07
 2256   -4.915092E-07
 2257   -4.910738E-07
 2258   -4.906391E-07
 2259   -4.902049E-07
 2260   -4.897713E-07
 2261   -4.970893E-07
 2262   -4.966500E-07
 2263   -4.962113E-07
 2264   -4.957731E-07
 2265   -4.953356E-07
 2266   -4.948986E-07
 2267   -4.944621E-07
 2268   -4.940263E-07
 2269   -4.935910E-07
 2270   -4.931563E-07
 2271   -5.008254E-07
 2272   -5.003847E-07
 2273   -4.999446E-07
 2274   -4.995051E-07
 2275   -4.990662E-07
 2276   -4.986278E-07
 2277   -4.981900E-07
 2278   -4.977528E-07
 2279   -4.973162E-07
 2280   -4.968801E-07
 2281   -4.984747E-07
 2282   -4.980380E-07
 2283   -4.976019E-07
 2284   -4.971663E-07
 2285   -4.967314E-07
 2286   -4.962970E-07
 2287   -4.958632E-07
 2288   -4.954299E-07
 2289   -4.949972E-07
 2290   -4.945651E-07
 2291   -5.111243E-07
 2292   -5.106784E-07
 2293   -5.102332E-07
 2294   -5.097886E-07
 2295   -5.093445E-07
 2296   -5.089010E-07
 2297   -5.084581E-07
 2298   -5.080158E-07
 2299   -5.075740E-07
 2300   -5.071329E-07
 2301   -4.978020E-07
 2302   -4.973697E-07
 2303   -4.969379E-07
 2304   -4.965067E-07
 2305   -4.960761E-07
 2306   -4.956461E-07
 2307   -4.952166E-07
 2308   -4.947876E-07
 2309   -4.943592E-07
 2310   -4.939314E-07
 2311   -5.072509E-07
 2312   -5.068123E-07
 2313   -5.063742E-07
 2314   -5.059368E-07
 2315   -5.054998E-07
 2316   -5.050635E-07
 2317   -5.046277E-07
 2318   -5.041925E-07
 2319   -5.037579E-07
 2320   -5.033238E-07
 2321   -4.971930E-07
 2322   -4.967650E-07
 2323   -4.963375E-07
 2324   -4.959105E-07
 2325   -4.954841E-07
 2326   -4.950582E-07
 2327   -4.946329E-07
 2328   -4.942082E-07
 2329   -4.937840E-07
 2330   -4.933603E-07
 2331   -4.962161E-07
 2332   -4.957907E-07
 2333   -4.953658E-07
 2334   -4.949415E-07
 2335   -4.945178E-07
 2336   -4.940946E-07
 2337   -4.936719E-07
 2338   -4.932498E-07
 2339   -4.928282E-07
 2340   -4.924072E-07
 2341   -5.090380E-07
 2342   -5.086035E-07
 2343   -5.081696E-07
 2344   -5.077362E-07
 2345   -5.073033E-07
 2346   -5.068710E-07
 2347   -5.064393E-07
 2348   -5.060081E-07
 2349   -5.055774E-07
 2350   -5.051473E-07
 2351   -4.782522E-07
 2352   -4.778457E-07
 2353   -4.774397E-07
 2354   -4.770343E-07
 2355   -4.766293E-07
 2356   -4.762249E-07
 2357   -4.758210E-07
 2358   -4.754175E-07
 2359   -4.750146E-07
 2360   -4.746123E-07
 2361   -4.827079E-07
 2362   -4.822993E-07
 2363   -4.818913E-07
 2364   -4.814837E-07
 2365   -4.810767E-07
 2366   -4.806703E-07
 2367   -4.802643E-07
 2368   -4.798588E-07
 2369   -4.794539E-07
 2370   -4.790494E-07
 2371   -4.795283E-07
 2372   -4.791241E-07
 2373   -4.787205E-07
 2374   -4.783174E-07
 2375   -4.779147E-07
 2376   -4.775126E-07
 2377   -4.771110E-07
 2378   -4.767099E-07
 2379   -4.763093E-07
 2380   -4.759092E-07
 2381   -4.702061E-07
 2382   -4.698114E-07
 2383   -4.694173E-07
 2384   -4.690237E-07
 2385   -4.686305E-07
 2386   -4.682379E-07
 2387   -4.678457E-07
 2388   -4.674540E-07
 2389   -4.670629E-07
 2390   -4.666722E-07
 2391   -4.719581E-07
 2392   -4.715637E-07
 2393   -4.711697E-07
 2394   -4.707763E-07
 2395   -4.703833E-07
 2396   -4.699908E-07
 2397   -4.695988E-07
 2398   -4.692073E-07
 2399   -4.688163E-07
 2400   -4.684258E-07
 2401   -4.398645E-07
 2402   -4.394984E-07
 2403   -4.391327E-07
 2404   -4.387675E-07
 2405   -4.384028E-07
 2406   -4.380385E-07
 2407   -4.376747E-07
 2408   -4.373114E-07
 2409   -4.369484E-07
 2410   -4.365860E-07
 2411   -4.385535E-07
 2412   -4.381900E-07
 2413   -4.378270E-07
 2414   -4.374644E-07
 2415   -4.371023E-07
 2416   -4.367406E-07
 2417   -4.363793E-07
 2418   -4.360185E-07
 2419   -4.356582E-07
 2420   -4.352983E-07
 2421   -4.282287E-07
 2422   -4.278752E-07
 2423   -4.275222E-07
 2424   -4.271696E-07
 2425   -4.268174E-07
 2426   -4.264657E-07
 2427   -4.261144E-07
 2428   -4.257636E-07
 2429   -4.254131E-07
 2430   -4.250631E-07
 2431   -4.253574E-07
 2432   -4.250077E-07
 2433   -4.246585E-07
 2434   -4.243097E-07
 2435   -4.239614E-07
 2436   -4.236134E-07
 2437   -4.232659E-07
 2438   -4.229188E-07
 2439   -4.225722E-07
 2440   -4.222259E-07
 2441   -4.213955E-07
 2442   -4.210505E-07
 2443   -4.207059E-07
 2444   -4.203618E-07
 2445   -4.200181E-07
 2446   -4.196748E-07
 2447   -4.193319E-07
 2448   -4.189895E-07
 2449   -4.186474E-07
 2450   -4.183058E-07
 2451   -3.860055E-07
 2452   -3.856908E-07
 2453   -3.853764E-07
 2454   -3.850625E-07
 2455   -3.847489E-07
 2456   -3.844357E-07
 2457   -3.841229E-07
 2458   -3.838105E-07
 2459   -3.834985E-07
 2460   -3.831868E-07
 2461   -3.877327E-07
 2462   -3.874178E-07
 2463   -3.871034E-07
 2464   -3.867893E-07
 2465   -3.864756E-07
 2466   -3.861623E-07
 2467   -3.858494E-07
 2468   -3.855368E-07
 2469   -3.852246E-07
 2470   -3.849128E-07
 2471   -3.763348E-07
 2472   -3.760304E-07
 2473   -3.757265E-07
 2474   -3.754228E-07
 2475   -3.751196E-07
 2476   -3.748167E-07
 2477   -3.745142E-07
 2478   -3.742120E-07
 2479   -3.739103E-07
 2480   -3.736088E-07
 2481   -3.720668E-07
 2482   -3.717671E-07
 2483   -3.714678E-07
 2484   -3.711688E-07
 2485   -3.708702E-07
 2486   -3.705720E-07
 2487   -3.702741E-07
 2488   -3.699766E-07
 2489   -3.696794E-07
 2490   -3.693826E-07
 2491   -3.634298E-07
 2492   -3.631382E-07
 2493   -3.628470E-07
 2494   -3.625562E-07
 2495   -3.622656E-07
 2496   -3.619755E-07
 2497   -3.616857E-07
 2498   -3.613962E-07
 2499   -3.611071E-07
 2500   -3.608183E-07
 2501   -3.387539E-07
 2502   -3.384833E-07
 2503   -3.382129E-07
 2504   -3.379429E-07
 2505   -3.376732E-07
 2506   -3.374038E-07
 2507   -3.371347E-07
 2508   -3.368660E-07
 2509   -3.365976E-07
 2510   -3.363295E-07
 2511   -3.393139E-07
 2512   -3.390439E-07
 2513   -3.387742E-07
 2514   -3.385048E-07
 2515   -3.382357E-07
 2516   -3.379669E-07
 2517   -3.376985E-07
 2518   -3.374303E-07
 2519   -3.371625E-07
 2520   -3.368951E-07
 2521   -3.160238E-07
 2522   -3.157733E-07
 2523   -3.155231E-07
 2524   -3.152732E-07
 2525   -3.150236E-07
 2526   -3.147742E-07
 2527   -3.145252E-07
 2528   -3.142765E-07
 2529   -3.140280E-07
 2530   -3.137799E-07
 2531   -3.199000E-07
 2532   -3.196474E-07
 2533   -3.193951E-07
 2534   -3.191431E-07
 2535   -3.188914E-07
 2536   -3.186400E-07
 2537   -3.183889E-07
 2538   -3.181381E-07
 2539   -3.178876E-07
 2540   -3.176374E-07
 2541   -3.087414E-07
 2542   -3.084986E-07
 2543   -3.082561E-07
 2544   -3.080138E-07
 2545   -3.077718E-07
 2546   -3.075302E-07
 2547   -3.072888E-07
 2548   -3.070477E-07
 2549   -3.068069E-07
 2550   -3.065663E-07
 2551   -2.843195E-07
 2552   -2.840968E-07
 2553   -2.838743E-07
 2554   -2.836521E-07
 2555   -2.834301E-07
 2556   -2.832084E-07
 2557   -2.829870E-07
 2558   -2.827658E-07
 2559   -2.825449E-07
 2560   -2.823243E-07
 2561   -2.751101E-07
 2562   -2.748954E-07
 2563   -2.746810E-07
 2564   -2.744668E-07
 2565   -2.742529E-07
 2566   -2.740392E-07
 2567   -2.738258E-07
 2568   -2.736126E-07
 2569   -2.733997E-07
 2570   -2.731870E-07
 2571   -2.658680E-07
 2572   -2.656613E-07
 2573   -2.654549E-07
 2574   -2.652487E-07
 2575   -2.650428E-07
 2576   -2.648371E-07
 2577   -2.646316E-07
 2578   -2.644264E-07
 2579   -2.642214E-07
 2580   -2.640167E-07
 2581   -2.690780E-07
 2582   -2.688697E-07
 2583   -2.686616E-07
 2584   -2.684537E-07
 2585   -2.682461E-07
 2586   -2.680387E-07
 2587   -2.678316E-07
 2588   -2.676247E-07
 2589   -2.674180E-07
 2590   -2.672116E-07
 2591   -2.539495E-07
 2592   -2.537536E-07
 2593   -2.535580E-07
 2594   -2.533626E-07
 2595   -2.531674E-07
 2596   -2.529724E-07
 2597   -2.527777E-07
 2598   -2.525831E-07
 2599   -2.523888E-07
 2600   -2.521948E-07
 2601   -2.369476E-07
 2602   -2.367656E-07
 2603   -2.365837E-07
 2604   -2.364021E-07
 2605   -2.362206E-07
 2606   -2.360394E-07
 2607   -2.358584E-07
 2608   -2.356776E-07
 2609   -2.354970E-07
 2610   -2.353166E-07
 2611   -2.254069E-07
 2612   -2.252344E-07
 2613   -2.250620E-07
 2614   -2.248899E-07
 2615   -2.247180E-07
 2616   -2.245462E-07
 2617   -2.243747E-07
 2618   -2.242034E-07
 2619   -2.240322E-07
 2620   -2.238613E-07
 2621   -2.216555E-07
 2622   -2.214865E-07
 2623   -2.213177E-07
 2624   -2.211490E-07
 2625   -2.209806E-07
 2626   -2.208124E-07
 2627   -2.206443E-07
 2628   -2.204765E-07
 2629   -2.203088E-07
 2630   -2.201413E-07
 2631   -2.201287E-07
 2632   -2.199615E-07
 2633   -2.197945E-07
 2634   -2.196276E-07
 2635   -2.194610E-07
 2636   -2.192945E-07
 2637   -2.191283E-07
 2638   -2.189622E-07
 2639   -2.187963E-07
 2640   -2.186306E-07
 2641   -2.048214E-07
 2642   -2.046664E-07
 2643   -2.045116E-07
 2644   -2.043569E-07
 2645   -2.042024E-07
 2646   -2.040482E-07
 2647   -2.038940E-07
 2648   -2.037401E-07
 2649   -2.035863E-07
 2650   -2.034327E-07
 2651   -1.885506E-07
 2652   -1.884085E-07
 2653   -1.882665E-07
 2654   -1.881247E-07
 2655   -1.879830E-07
 2656   -1.878415E-07
 2657   -1.877002E-07
 2658   -1.875590E-07
 2659   -1.874180E-07
 2660   -1.872771E-07
 2661   -1.762728E-07
 2662   -1.761404E-07
 2663   -1.760082E-07
 2664   -1.758761E-07
 2665   -1.757441E-07
 2666   -1.756123E-07
 2667   -1.754807E-07
 2668   -1.753492E-07
 2669   -1.752179E-07
 2670   -1.750867E-07
 2671   -1.728343E-07
 2672   -1.727050E-07
 2673   -1.725758E-07
 2674   -1.724468E-07
 2675   -1.723179E-07
 2676   -1.721892E-07
 2677   -1.720606E-07
 2678   -1.719321E-07
 2679   -1.718038E-07
 2680   -1.716756E-07
 2681   -1.701515E-07
 2682   -1.700247E-07
 2683   -1.698980E-07
 2684   -1.697714E-07
 2685   -1.696450E-07
 2686   -1.695187E-07
 2687   -1.693926E-07
 2688   -1.692666E-07
 2689   -1.691408E-07
 2690   -1.690150E-07
 2691   -1.600552E-07
 2692   -1.599363E-07
 2693   -1.598176E-07
 2694   -1.596990E-07
 2695   -1.595805E-07
 2696   -1.594622E-07
 2697   -1.593440E-07
 2698   -1.592259E-07
 2699   -1.591080E-07
 2700   -1.589901E-07
 2701   -1.449341E-07
 2702   -1.448268E-07
 2703   -1.447197E-07
 2704   -1.446127E-07
 2705   -1.445058E-07
 2706   -1.443990E-07
 2707   -1.442924E-07
 2708   -1.441859E-07
 2709   -1.440795E-07
 2710   -1.439732E-07
 2711   -1.363043E-07
 2712   -1.362038E-07
 2713   -1.361034E-07
 2714   -1.360032E-07
 2715   -1.359030E-07
 2716   -1.358030E-07
 2717   -1.357031E-07
 2718   -1.356032E-07
 2719   -1.355035E-07
 2720   -1.354039E-07
 2721   -1.335270E-07
 2722   -1.334289E-07
 2723   -1.333309E-07
 2724   -1.332331E-07
 2725   -1.331353E-07
 2726   -1.330377E-07
 2727   -1.329401E-07
 2728   -1.328427E-07
 2729   -1.327454E-07
 2730   -1.326482E-07
 2731   -1.290638E-07
 2732   -1.289694E-07
 2733   -1.288750E-07
 2734   -1.287808E-07
 2735   -1.286867E-07
 2736   -1.285926E-07
 2737   -1.284987E-07
 2738   -1.284049E-07
 2739   -1.283111E-07
 2740   -1.282175E-07
 2741   -1.209565E-07
 2742   -1.208683E-07
 2743   -1.207802E-07
 2744   -1.206922E-07
 2745   -1.206043E-07
 2746   -1.205165E-07
 2747   -1.204288E-07
 2748   -1.203412E-07
 2749   -1.202537E-07
 2750   -1.201663E-07
 2751   -1.104608E-07
 2752   -1.103805E-07
 2753   -1.103004E-07
 2754   -1.102203E-07
 2755   -1.101403E-07
 2756   -1.100604E-07
 2757   -1.099806E-07
 2758   -1.099009E-07
 2759   -1.098213E-07
 2760   -1.097417E-07
 2761   -1.004235E-07
 2762   -1.003508E-07
 2763   -1.002782E-07
 2764   -1.002056E-07
 2765   -1.001332E-07
 2766   -1.000608E-07
 2767   -9.998850E-08
 2768   -9.991628E-08
 2769   -9.984414E-08
 2770   -9.977207E-08
 2771   -1.004747E-07
 2772   -1.004022E-07
 2773   -1.003298E-07
 2774   -1.002575E-07
 2775   -1.001853E-07
 2776   -1.001131E-07
 2777   -1.000411E-07
 2778   -9.996905E-08
 2779   -9.989713E-08
 2780   -9.982529E-08
 2781   -9.529137E-08
 2782   -9.522289E-08
 2783   -9.515448E-08
 2784   -9.508615E-08
 2785   -9.501789E-08
 2786   -9.494970E-08
 2787   -9.488159E-08
 2788   -9.481355E-08
 2789   -9.474558E-08
 2790   -9.467769E-08
 2791   -9.022470E-08
 2792   -9.016009E-08
 2793   -9.009555E-08
 2794   -9.003108E-08
 2795   -8.996668E-08
 2796   -8.990235E-08
 2797   -8.983809E-08
 2798   -8.977390E-08
 2799   -8.970977E-08
 2800   -8.964572E-08
 2801   -8.226186E-08
 2802   -8.220316E-08
 2803   -8.214453E-08
 2804   -8.208596E-08
 2805   -8.202745E-08
 2806   -8.196901E-08
 2807   -8.191063E-08
 2808   -8.185231E-08
 2809   -8.179405E-08
 2810   -8.173585E-08
 2811   -7.462738E-08
 2812   -7.457432E-08
 2813   -7.452132E-08
 2814   -7.446838E-08
 2815   -7.441549E-08
 2816   -7.436265E-08
 2817   -7.430988E-08
 2818   -7.425715E-08
 2819   -7.420449E-08
 2820   -7.415188E-08
 2821   -7.494379E-08
 2822   -7.489069E-08
 2823   -7.483766E-08
 2824   -7.478467E-08
 2825   -7.473175E-08
 2826   -7.467888E-08
 2827   -7.462606E-08
 2828   -7.457330E-08
 2829   -7.452060E-08
 2830   -7.446796E-08
 2831   -7.027340E-08
 2832   -7.022379E-08
 2833   -7.017423E-08
 2834   -7.012472E-08
 2835   -7.007527E-08
 2836   -7.002587E-08
 2837   -6.997652E-08
 2838   -6.992722E-08
 2839   -6.987798E-08
 2840   -6.982879E-08
 2841   -6.636603E-08
 2842   -6.631934E-08
 2843   -6.627270E-08
 2844   -6.622612E-08
 2845   -6.617958E-08
 2846   -6.613308E-08
 2847   -6.608664E-08
 2848   -6.604025E-08
 2849   -6.599391E-08
 2850   -6.594761E-08
 2851   -5.916528E-08
 2852   -5.912380E-08
 2853   -5.908237E-08
 2854   -5.904098E-08
 2855   -5.899964E-08
 2856   -5.895834E-08
 2857   -5.891708E-08
 2858   -5.887586E-08
 2859   -5.883469E-08
 2860   -5.879356E-08
 2861   -5.276559E-08
 2862   -5.272873E-08
 2863   -5.269190E-08
 2864   -5.265512E-08
 2865   -5.261838E-08
 2866   -5.258167E-08
 2867   -5.254500E-08
 2868   -5.250837E-08
 2869   -5.247178E-08
 2870   -5.243523E-08
 2871   -5.291773E-08
 2872   -5.288089E-08
 2873   -5.284409E-08
 2874   -5.280733E-08
 2875   -5.277061E-08
 2876   -5.273392E-08
 2877   -5.269728E-08
 2878   -5.266067E-08
 2879   -5.262410E-08
 2880   -5.258757E-08
 2881   -5.006551E-08
 2882   -5.003078E-08
 2883   -4.999609E-08
 2884   -4.996143E-08
 2885   -4.992680E-08
 2886   -4.989222E-08
 2887   -4.985766E-08
 2888   -4.982315E-08
 2889   -4.978867E-08
 2890   -4.975423E-08
 2891   -4.733332E-08
 2892   -4.730060E-08
 2893   -4.726791E-08
 2894   -4.723525E-08
 2895   -4.720263E-08
 2896   -4.717005E-08
 2897   -4.713749E-08
 2898   -4.710497E-08
 2899   -4.707249E-08
 2900   -4.704003E-08
 2901   -4.178829E-08
 2902   -4.175950E-08
 2903   -4.173074E-08
 2904   -4.170201E-08
 2905   -4.167331E-08
 2906   -4.164464E-08
 2907   -4.161599E-08
 2908   -4.158738E-08
 2909   -4.155880E-08
 2910   -4.153025E-08
 2911   -3.768167E-08
 2912   -3.765580E-08
 2913   -3.762996E-08
 2914   -3.760414E-08
 2915   -3.757835E-08
 2916   -3.755258E-08
 2917   -3.752684E-08
 2918   -3.750113E-08
 2919   -3.747544E-08
 2920   -3.744978E-08
 2921   -3.804072E-08
 2922   -3.801469E-08
 2923   -3.798869E-08
 2924   -3.796271E-08
 2925   -3.793677E-08
 2926   -3.791084E-08
 2927   -3.788495E-08
 2928   -3.785908E-08
 2929   -3.783324E-08
 2930   -3.780742E-08
 2931   -3.554809E-08
 2932   -3.552385E-08
 2933   -3.549963E-08
 2934   -3.547544E-08
 2935   -3.545128E-08
 2936   -3.542714E-08
 2937   -3.540302E-08
 2938   -3.537893E-08
 2939   -3.535486E-08
 2940   -3.533082E-08
 2941   -3.387408E-08
 2942   -3.385106E-08
 2943   -3.382806E-08
 2944   -3.380509E-08
 2945   -3.378214E-08
 2946   -3.375921E-08
 2947   -3.373631E-08
 2948   -3.371343E-08
 2949   -3.369058E-08
 2950   -3.366774E-08
 2951   -2.930838E-08
 2952   -2.928853E-08
 2953   -2.926870E-08
 2954   -2.924889E-08
 2955   -2.922910E-08
 2956   -2.920933E-08
 2957   -2.918958E-08
 2958   -2.916985E-08
 2959   -2.915014E-08
 2960   -2.913045E-08
 2961   -2.668680E-08
 2962   -2.666879E-08
 2963   -2.665079E-08
 2964   -2.663282E-08
 2965   -2.661486E-08
 2966   -2.659692E-08
 2967   -2.657899E-08
 2968   -2.656109E-08
 2969   -2.654320E-08
 2970   -2.652533E-08
 2971   -2.636888E-08
 2972   -2.635114E-08
 2973   -2.633342E-08
 2974   -2.631572E-08
 2975   -2.629803E-08
 2976   -2.628037E-08
 2977   -2.626272E-08
 2978   -2.624509E-08
 2979   -2.622747E-08
 2980   -2.620988E-08
 2981   -2.490398E-08
 2982   -2.488729E-08
 2983   -2.487061E-08
 2984   -2.485394E-08
 2985   -2.483730E-08
 2986   -2.482066E-08
 2987   -2.480405E-08
 2988   -2.478745E-08
 2989   -2.477087E-08
 2990   -2.475431E-08
 2991   -2.360071E-08
 2992   -2.358494E-08
 2993   -2.356919E-08
 2994   -2.355345E-08
 2995   -2.353772E-08
 2996   -2.352202E-08
 2997   -2.350632E-08
 2998   -2.349065E-08
 2999   -2.347499E-08
 3000   -2.345934E-08
 3001   -2.046768E-08
 3002   -2.045405E-08
 3003   -2.044043E-08
 3004   -2.042683E-08
 3005   -2.041324E-08
 3006   -2.039966E-08
 3007   -2.038610E-08
 3008   -2.037255E-08
 3009   -2.035901E-08
 3010   -2.034549E-08
 3011   -1.847851E-08
 3012   -1.846624E-08
 3013   -1.845399E-08
 3014   -1.844175E-08
 3015   -1.842952E-08
 3016   -1.841730E-08
 3017   -1.840509E-08
 3018   -1.839290E-08
 3019   -1.838072E-08
 3020   -1.836855E-08
 3021   -1.829054E-08
 3022   -1.827844E-08
 3023   -1.826635E-08
 3024   -1.825428E-08
 3025   -1.824221E-08
 3026   -1.823016E-08
 3027   -1.821812E-08
 3028   -1.820609E-08
 3029   -1.819407E-08
 3030   -1.818207E-08
 3031   -1.724539E-08
 3032   -1.723402E-08
 3033   -1.722266E-08
 3034   -1.721131E-08
 3035   -1.719997E-08
 3036   -1.718864E-08
 3037   -1.717733E-08
 3038   -1.716602E-08
 3039   -1.715473E-08
 3040   -1.714345E-08
 3041   -1.652732E-08
 3042   -1.651646E-08
 3043   -1.650561E-08
 3044   -1.649477E-08
 3045   -1.648394E-08
 3046   -1.647312E-08
 3047   -1.646231E-08
 3048   -1.645151E-08
 3049   -1.644072E-08
 3050   -1.642994E-08
 3051   -1.483358E-08
 3052   -1.482386E-08
 3053   -1.481415E-08
 3054   -1.480445E-08
 3055   -1.479476E-08
 3056   -1.478508E-08
 3057   -1.477541E-08
 3058   -1.476575E-08
 3059   -1.475610E-08
 3060   -1.474646E-08
 3061   -1.369412E-08
 3062   -1.368518E-08
 3063   -1.367624E-08
 3064   -1.366732E-08
 3065   -1.365840E-08
 3066   -1.364950E-08
 3067   -1.364060E-08
 3068   -1.363171E-08
 3069   -1.362283E-08
 3070   -1.361396E-08
 3071   -1.329935E-08
 3072   -1.329069E-08
 3073   -1.328205E-08
 3074   -1.327341E-08
 3075   -1.326478E-08
 3076   -1.325615E-08
 3077   -1.324754E-08
 3078   -1.323894E-08
 3079   -1.323034E-08
 3080   -1.322175E-08
 3081   -1.199025E-08
 3082   -1.198247E-08
 3083   -1.197470E-08
 3084   -1.196694E-08
 3085   -1.195918E-08
 3086   -1.195143E-08
 3087   -1.194369E-08
 3088   -1.193596E-08
 3089   -1.192823E-08
 3090   -1.192051E-08
 3091   -9.528698E-09
 3092   -9.522537E-09
 3093   -9.516381E-09
 3094   -9.510232E-09
 3095   -9.504088E-09
 3096   -9.497951E-09
 3097   -9.491819E-09
 3098   -9.485693E-09
 3099   -9.479573E-09
 3100   -9.473460E-09
 3101   -4.671542E-09
 3102   -4.668531E-09
 3103   -4.665523E-09
 3104   -4.662518E-09
 3105   -4.659515E-09
 3106   -4.656516E-09
 3107   -4.653519E-09
 3108   -4.650526E-09
 3109   -4.647535E-09
 3110   -4.644547E-09
 3111   -1.960719E-09
 3112   -1.959460E-09
 3113   -1.958201E-09
 3114   -1.956944E-09
 3115   -1.955688E-09
 3116   -1.954433E-09
 3117   -1.953179E-09
 3118   -1.951927E-09
 3119   -1.950676E-09
 3120   -1.949426E-09
 3121   -1.069173E-09
 3122   -1.068488E-09
 3123   -1.067804E-09
 3124   -1.067121E-09
 3125   -1.066438E-09
 3126   -1.065756E-09
 3127   -1.065074E-09
 3128   -1.064394E-09
 3129   -1.063713E-09
 3130   -1.063034E-09
 3131   -8.317011E-10
 3132   -8.311702E-10
 3133   -8.306398E-10
 3134   -8.301099E-10
 3135   -8.295805E-10
 3136   -8.290516E-10
 3137   -8.285232E-10
 3138   -8.279953E-10
 3139   -8.274679E-10
 3140   -8.269410E-10
 3141   -6.672739E-10
 3142   -6.668493E-10
 3143   -6.664251E-10
 3144   -6.660013E-10
 3145   -6.655779E-10
 3146   -6.651549E-10
 3147   -6.647323E-10
 3148   -6.643101E-10
 3149   -6.638883E-10
 3150   -6.634669E-10
 3151   -5.304550E-10
 3152   -5.301185E-10
 3153   -5.297823E-10
 3154   -5.294465E-10
 3155   -5.291110E-10
 3156   -5.287758E-10
 3157   -5.284409E-10
 3158   -5.281063E-10
 3159   -5.277721E-10
 3160   -5.274382E-10
 3161   -4.495176E-10
 3162   -4.492334E-10
 3163   -4.489494E-10
 3164   -4.486657E-10
 3165   -4.483823E-10
 3166   -4.480992E-10
 3167   -4.478163E-10
 3168   -4.475336E-10
 3169   -4.472513E-10
 3170   -4.469692E-10
 3171   -3.958262E-10
 3172   -3.955767E-10
 3173   -3.953274E-10
 3174   -3.950784E-10
 3175   -3.948296E-10
 3176   -3.945811E-10
 3177   -3.943327E-10
 3178   -3.940846E-10
 3179   -3.938368E-10
 3180   -3.935892E-10
 3181   -3.401045E-10
 3182   -3.398908E-10
 3183   -3.396773E-10
 3184   -3.394640E-10
 3185   -3.392509E-10
 3186   -3.390380E-10
 3187   -3.388253E-10
 3188   -3.386128E-10
 3189   -3.384005E-10
 3190   -3.381884E-10
 3191   -3.024604E-10
 3192   -3.022710E-10
 3193   -3.020817E-10
 3194   -3.018926E-10
 3195   -3.017037E-10
 3196   -3.015150E-10
 3197   -3.013264E-10
 3198   -3.011380E-10
 3199   -3.009498E-10
 3200   -3.007618E-10
 3201   -2.693909E-10
 3202   -2.692227E-10
 3203   -2.690547E-10
 3204   -2.688868E-10
 3205   -2.687190E-10
 3206   -2.685515E-10
 3207   -2.683840E-10
 3208   -2.682168E-10
 3209   -2.680496E-10
 3210   -2.678827E-10
 3211   -2.451214E-10
 3212   -2.449688E-10
 3213   -2.448163E-10
 3214   -2.446640E-10
 3215   -2.445119E-10
 3216   -2.443599E-10
 3217   -2.442080E-10
 3218   -2.440563E-10
 3219   -2.439047E-10
 3220   -2.437532E-10
 3221   -2.222342E-10
 3222   -2.220963E-10
 3223   -2.219585E-10
 3224   -2.218209E-10
 3225   -2.216833E-10
 3226   -2.215459E-10
 3227   -2.214087E-10
 3228   -2.212715E-10
 3229   -2.211345E-10
 3230   -2.209976E-10
 3231   -2.015567E-10
 3232   -2.014320E-10
 3233   -2.013074E-10
 3234   -2.011829E-10
 3235   -2.010586E-10
 3236   -2.009344E-10
 3237   -2.008103E-10
 3238   -2.006863E-10
 3239   -2.005624E-10
 3240   -2.004386E-10
 3241   -1.824937E-10
 3242   -1.823811E-10
 3243   -1.822687E-10
 3244   -1.821564E-10
 3245   -1.820441E-10
 3246   -1.819320E-10
 3247   -1.818200E-10
 3248   -1.817080E-10
 3249   -1.815962E-10
 3250   -1.814845E-10
 3251   -1.648727E-10
 3252   -1.647714E-10
 3253   -1.646701E-10
 3254   -1.645689E-10
 3255   -1.644678E-10
 3256   -1.643668E-10
 3257   -1.642659E-10
 3258   -1.641651E-10
 3259   -1.640644E-10
 3260   -1.639638E-10
 3261   -1.534411E-10
 3262   -1.533471E-10
 3263   -1.532531E-10
 3264   -1.531592E-10
 3265   -1.530655E-10
 3266   -1.529717E-10
 3267   -1.528781E-10
 3268   -1.527846E-10
 3269   -1.526912E-10
 3270   -1.525978E-10
 3271   -1.381080E-10
 3272   -1.380236E-10
 3273   -1.379393E-10
 3274   -1.378550E-10
 3275   -1.377709E-10
 3276   -1.376868E-10
 3277   -1.376028E-10
 3278   -1.375189E-10
 3279   -1.374350E-10
 3280   -1.373512E-10
 3281   -1.297934E-10
 3282   -1.297143E-10
 3283   -1.296353E-10
 3284   -1.295564E-10
 3285   -1.294775E-10
 3286   -1.293987E-10
 3287   -1.293200E-10
 3288   -1.292414E-10
 3289   -1.291628E-10
 3290   -1.290843E-10
 3291   -1.149148E-10
 3292   -1.148451E-10
 3293   -1.147753E-10
 3294   -1.147057E-10
 3295   -1.146361E-10
 3296   -1.145665E-10
 3297   -1.144970E-10
 3298   -1.144276E-10
 3299   -1.143583E-10
 3300   -1.142890E-10
