   50    0.000000E+00
   51    0.000000E+00
   52    0.000000E+00
   53    0.000000E+00
   54    0.000000E+00
   55    0.000000E+00
   56    0.000000E+00
   57    0.000000E+00
   58    0.000000E+00
   59    0.000000E+00
   60    0.000000E+00
   61    0.000000E+00
   62    0.000000E+00
   63    0.000000E+00
   64    0.000000E+00
   65    0.000000E+00
   66    0.000000E+00
   67    0.000000E+00
   68    0.000000E+00
   69    0.000000E+00
   70    0.000000E+00
   71    0.000000E+00
   72    0.000000E+00
   73    0.000000E+00
   74    0.000000E+00
   75    0.000000E+00
   76    0.000000E+00
   77    0.000000E+00
   78    0.000000E+00
   79    0.000000E+00
   80    0.000000E+00
   81    0.000000E+00
   82    0.000000E+00
   83    0.000000E+00
   84    0.000000E+00
   85    0.000000E+00
   86    0.000000E+00
   87    0.000000E+00
   88    0.000000E+00
   89    0.000000E+00
   90    0.000000E+00
   91    0.000000E+00
   92    0.000000E+00
   93    0.000000E+00
   94    0.000000E+00
   95    0.000000E+00
   96    0.000000E+00
   97    0.000000E+00
   98    0.000000E+00
   99    0.000000E+00
  100    0.000000E+00
  101    0.000000E+00
  102    0.000000E+00
  103    0.000000E+00
  104    0.000000E+00
  105    0.000000E+00
  106    0.000000E+00
  107    0.000000E+00
  108    0.000000E+00
  109    0.000000E+00
  110    0.000000E+00
  111    0.000000E+00
  112    0.000000E+00
  113    0.000000E+00
  114    0.000000E+00
  115    0.000000E+00
  116    0.000000E+00
  117    0.000000E+00
  118    0.000000E+00
  119    0.000000E+00
  120    0.000000E+00
  121    0.000000E+00
  122    0.000000E+00
  123    0.000000E+00
  124    0.000000E+00
  125    0.000000E+00
  126    0.000000E+00
  127    0.000000E+00
  128    0.000000E+00
  129    0.000000E+00
  130    0.000000E+00
  131    0.000000E+00
  132    0.000000E+00
  133    0.000000E+00
  134    0.000000E+00
  135    0.000000E+00
  136    0.000000E+00
  137    0.000000E+00
  138    0.000000E+00
  139    0.000000E+00
  140    0.000000E+00
  141    0.000000E+00
  142    0.000000E+00
  143    0.000000E+00
  144    0.000000E+00
  145    0.000000E+00
  146    0.000000E+00
  147    0.000000E+00
  148    0.000000E+00
  149    0.000000E+00
  150    0.000000E+00
  151    0.000000E+00
  152    0.000000E+00
  153    0.000000E+00
  154    0.000000E+00
  155    0.000000E+00
  156    0.000000E+00
  157    0.000000E+00
  158    0.000000E+00
  159    0.000000E+00
  160    0.000000E+00
  161    0.000000E+00
  162    0.000000E+00
  163    0.000000E+00
  164    0.000000E+00
  165    0.000000E+00
  166    0.000000E+00
  167    0.000000E+00
  168    0.000000E+00
  169    0.000000E+00
  170    0.000000E+00
  171    0.000000E+00
  172    0.000000E+00
  173    0.000000E+00
  174    0.000000E+00
  175    0.000000E+00
  176    0.000000E+00
  177    0.000000E+00
  178    0.000000E+00
  179    0.000000E+00
  180    0.000000E+00
  181    2.745723E-13
  182    2.715716E-13
  183    2.686197E-13
  184    2.657157E-13
  185    2.628585E-13
  186    2.600472E-13
  187    2.572808E-13
  188    2.545582E-13
  189    2.518786E-13
  190    2.492412E-13
  191    5.405063E-13
  192    5.349052E-13
  193    5.293907E-13
  194    5.239610E-13
  195    5.186145E-13
  196    5.133494E-13
  197    5.081640E-13
  198    5.030568E-13
  199    4.980263E-13
  200    4.930708E-13
  201    1.094662E-11
  202    1.083877E-11
  203    1.073251E-11
  204    1.062780E-11
  205    1.052462E-11
  206    1.042293E-11
  207    1.032271E-11
  208    1.022393E-11
  209    1.012656E-11
  210    1.003057E-11
  211    1.438498E-11
  212    1.424991E-11
  213    1.411673E-11
  214    1.398542E-11
  215    1.385592E-11
  216    1.372822E-11
  217    1.360227E-11
  218    1.347805E-11
  219    1.335552E-11
  220    1.323466E-11
  221    2.415293E-11
  222    2.393631E-11
  223    2.372260E-11
  224    2.351173E-11
  225    2.330366E-11
  226    2.309834E-11
  227    2.289573E-11
  228    2.269576E-11
  229    2.249841E-11
  230    2.230362E-11
  231    5.224147E-11
  232    5.179305E-11
  233    5.135037E-11
  234    5.091335E-11
  235    5.048188E-11
  236    5.005587E-11
  237    4.963523E-11
  238    4.921987E-11
  239    4.880971E-11
  240    4.840465E-11
  241    4.538249E-11
  242    4.500897E-11
  243    4.464005E-11
  244    4.427564E-11
  245    4.391567E-11
  246    4.356008E-11
  247    4.320879E-11
  248    4.286173E-11
  249    4.251884E-11
  250    4.218004E-11
  251    9.403791E-11
  252    9.329452E-11
  253    9.255992E-11
  254    9.183396E-11
  255    9.111651E-11
  256    9.040743E-11
  257    8.970660E-11
  258    8.901388E-11
  259    8.832916E-11
  260    8.765231E-11
  261    9.402674E-11
  262    9.331170E-11
  263    9.260480E-11
  264    9.190589E-11
  265    9.121487E-11
  266    9.053161E-11
  267    8.985600E-11
  268    8.918793E-11
  269    8.852728E-11
  270    8.787394E-11
  271    1.206045E-10
  272    1.197209E-10
  273    1.188470E-10
  274    1.179827E-10
  275    1.171278E-10
  276    1.162821E-10
  277    1.154455E-10
  278    1.146179E-10
  279    1.137992E-10
  280    1.129893E-10
  281    1.350275E-10
  282    1.340732E-10
  283    1.331291E-10
  284    1.321948E-10
  285    1.312704E-10
  286    1.303556E-10
  287    1.294503E-10
  288    1.285545E-10
  289    1.276679E-10
  290    1.267905E-10
  291    1.631867E-10
  292    1.620728E-10
  293    1.609703E-10
  294    1.598790E-10
  295    1.587987E-10
  296    1.577293E-10
  297    1.566708E-10
  298    1.556228E-10
  299    1.545853E-10
  300    1.535582E-10
  301    1.969943E-10
  302    1.956940E-10
  303    1.944066E-10
  304    1.931318E-10
  305    1.918695E-10
  306    1.906195E-10
  307    1.893817E-10
  308    1.881560E-10
  309    1.869421E-10
  310    1.857399E-10
  311    2.182879E-10
  312    2.168931E-10
  313    2.155116E-10
  314    2.141433E-10
  315    2.127879E-10
  316    2.114454E-10
  317    2.101156E-10
  318    2.087982E-10
  319    2.074932E-10
  320    2.062004E-10
  321    2.513682E-10
  322    2.498117E-10
  323    2.482697E-10
  324    2.467419E-10
  325    2.452281E-10
  326    2.437282E-10
  327    2.422421E-10
  328    2.407695E-10
  329    2.393103E-10
  330    2.378643E-10
  331    2.872919E-10
  332    2.855664E-10
  333    2.838564E-10
  334    2.821617E-10
  335    2.804822E-10
  336    2.788176E-10
  337    2.771678E-10
  338    2.755326E-10
  339    2.739118E-10
  340    2.723053E-10
  341    3.153205E-10
  342    3.134819E-10
  343    3.116593E-10
  344    3.098526E-10
  345    3.080616E-10
  346    3.062860E-10
  347    3.045257E-10
  348    3.027806E-10
  349    3.010504E-10
  350    2.993350E-10
  351    3.283557E-10
  352    3.264954E-10
  353    3.246508E-10
  354    3.228218E-10
  355    3.210081E-10
  356    3.192098E-10
  357    3.174265E-10
  358    3.156581E-10
  359    3.139044E-10
  360    3.121654E-10
  361    3.963028E-10
  362    3.941193E-10
  363    3.919538E-10
  364    3.898062E-10
  365    3.876761E-10
  366    3.855634E-10
  367    3.834679E-10
  368    3.813895E-10
  369    3.793280E-10
  370    3.772831E-10
  371    3.915430E-10
  372    3.894436E-10
  373    3.873610E-10
  374    3.852951E-10
  375    3.832456E-10
  376    3.812125E-10
  377    3.791955E-10
  378    3.771945E-10
  379    3.752092E-10
  380    3.732396E-10
  381    4.465576E-10
  382    4.442258E-10
  383    4.419121E-10
  384    4.396164E-10
  385    4.373386E-10
  386    4.350785E-10
  387    4.328358E-10
  388    4.306104E-10
  389    4.284022E-10
  390    4.262109E-10
  391    4.958214E-10
  392    4.932982E-10
  393    4.907941E-10
  394    4.883091E-10
  395    4.858429E-10
  396    4.833953E-10
  397    4.809662E-10
  398    4.785553E-10
  399    4.761626E-10
  400    4.737877E-10
  401    4.730152E-10
  402    4.706677E-10
  403    4.683377E-10
  404    4.660249E-10
  405    4.637292E-10
  406    4.614505E-10
  407    4.591885E-10
  408    4.569430E-10
  409    4.547140E-10
  410    4.525013E-10
  411    5.834675E-10
  412    5.806420E-10
  413    5.778369E-10
  414    5.750522E-10
  415    5.722875E-10
  416    5.695427E-10
  417    5.668176E-10
  418    5.641121E-10
  419    5.614258E-10
  420    5.587587E-10
  421    5.492737E-10
  422    5.466767E-10
  423    5.440980E-10
  424    5.415376E-10
  425    5.389951E-10
  426    5.364706E-10
  427    5.339637E-10
  428    5.314743E-10
  429    5.290024E-10
  430    5.265476E-10
  431    6.671713E-10
  432    6.640897E-10
  433    6.610293E-10
  434    6.579901E-10
  435    6.549718E-10
  436    6.519742E-10
  437    6.489972E-10
  438    6.460405E-10
  439    6.431039E-10
  440    6.401874E-10
  441    6.899543E-10
  442    6.868394E-10
  443    6.837455E-10
  444    6.806725E-10
  445    6.776202E-10
  446    6.745883E-10
  447    6.715768E-10
  448    6.685853E-10
  449    6.656138E-10
  450    6.626621E-10
  451    7.069538E-10
  452    7.038326E-10
  453    7.007320E-10
  454    6.976519E-10
  455    6.945920E-10
  456    6.915522E-10
  457    6.885324E-10
  458    6.855322E-10
  459    6.825516E-10
  460    6.795905E-10
  461    8.094378E-10
  462    8.059413E-10
  463    8.024674E-10
  464    7.990160E-10
  465    7.955867E-10
  466    7.921795E-10
  467    7.887941E-10
  468    7.854304E-10
  469    7.820881E-10
  470    7.787671E-10
  471    7.896235E-10
  472    7.862847E-10
  473    7.829670E-10
  474    7.796703E-10
  475    7.763944E-10
  476    7.731391E-10
  477    7.699042E-10
  478    7.666895E-10
  479    7.634950E-10
  480    7.603204E-10
  481    9.671390E-10
  482    9.631343E-10
  483    9.591544E-10
  484    9.551991E-10
  485    9.512682E-10
  486    9.473616E-10
  487    9.434790E-10
  488    9.396201E-10
  489    9.357850E-10
  490    9.319732E-10
  491    9.299285E-10
  492    9.261560E-10
  493    9.224064E-10
  494    9.186795E-10
  495    9.149751E-10
  496    9.112931E-10
  497    9.076333E-10
  498    9.039955E-10
  499    9.003795E-10
  500    8.967852E-10
  501    1.034114E-09
  502    1.030003E-09
  503    1.025915E-09
  504    1.021852E-09
  505    1.017813E-09
  506    1.013798E-09
  507    1.009807E-09
  508    1.005839E-09
  509    1.001895E-09
  510    9.979733E-10
  511    1.174846E-09
  512    1.170266E-09
  513    1.165712E-09
  514    1.161185E-09
  515    1.156684E-09
  516    1.152210E-09
  517    1.147761E-09
  518    1.143338E-09
  519    1.138941E-09
  520    1.134569E-09
  521    1.196752E-09
  522    1.192175E-09
  523    1.187625E-09
  524    1.183101E-09
  525    1.178602E-09
  526    1.174129E-09
  527    1.169682E-09
  528    1.165260E-09
  529    1.160862E-09
  530    1.156490E-09
  531    1.426781E-09
  532    1.421427E-09
  533    1.416103E-09
  534    1.410810E-09
  535    1.405545E-09
  536    1.400311E-09
  537    1.395105E-09
  538    1.389928E-09
  539    1.384780E-09
  540    1.379661E-09
  541    1.409310E-09
  542    1.404119E-09
  543    1.398957E-09
  544    1.393823E-09
  545    1.388717E-09
  546    1.383640E-09
  547    1.378590E-09
  548    1.373568E-09
  549    1.368573E-09
  550    1.363605E-09
  551    1.666036E-09
  552    1.660010E-09
  553    1.654017E-09
  554    1.648057E-09
  555    1.642129E-09
  556    1.636232E-09
  557    1.630368E-09
  558    1.624535E-09
  559    1.618733E-09
  560    1.612962E-09
  561    1.768526E-09
  562    1.762243E-09
  563    1.755994E-09
  564    1.749778E-09
  565    1.743595E-09
  566    1.737445E-09
  567    1.731327E-09
  568    1.725242E-09
  569    1.719188E-09
  570    1.713167E-09
  571    1.857556E-09
  572    1.851072E-09
  573    1.844622E-09
  574    1.838206E-09
  575    1.831824E-09
  576    1.825474E-09
  577    1.819158E-09
  578    1.812874E-09
  579    1.806623E-09
  580    1.800404E-09
  581    2.081404E-09
  582    2.074264E-09
  583    2.067160E-09
  584    2.060093E-09
  585    2.053062E-09
  586    2.046067E-09
  587    2.039107E-09
  588    2.032183E-09
  589    2.025295E-09
  590    2.018441E-09
  591    2.243431E-09
  592    2.235864E-09
  593    2.228336E-09
  594    2.220846E-09
  595    2.213393E-09
  596    2.205978E-09
  597    2.198601E-09
  598    2.191260E-09
  599    2.183955E-09
  600    2.176688E-09
  601    2.513596E-09
  602    2.505260E-09
  603    2.496964E-09
  604    2.488710E-09
  605    2.480496E-09
  606    2.472323E-09
  607    2.464190E-09
  608    2.456098E-09
  609    2.448045E-09
  610    2.440032E-09
  611    2.616744E-09
  612    2.608207E-09
  613    2.599711E-09
  614    2.591257E-09
  615    2.582843E-09
  616    2.574471E-09
  617    2.566139E-09
  618    2.557848E-09
  619    2.549597E-09
  620    2.541386E-09
  621    3.036203E-09
  622    3.026456E-09
  623    3.016756E-09
  624    3.007102E-09
  625    2.997495E-09
  626    2.987933E-09
  627    2.978418E-09
  628    2.968947E-09
  629    2.959522E-09
  630    2.950142E-09
  631    3.234559E-09
  632    3.224339E-09
  633    3.214168E-09
  634    3.204045E-09
  635    3.193969E-09
  636    3.183941E-09
  637    3.173960E-09
  638    3.164026E-09
  639    3.154138E-09
  640    3.144297E-09
  641    3.545550E-09
  642    3.534522E-09
  643    3.523545E-09
  644    3.512620E-09
  645    3.501745E-09
  646    3.490920E-09
  647    3.480146E-09
  648    3.469421E-09
  649    3.458746E-09
  650    3.448120E-09
  651    4.005989E-09
  652    3.993719E-09
  653    3.981506E-09
  654    3.969349E-09
  655    3.957247E-09
  656    3.945201E-09
  657    3.933209E-09
  658    3.921272E-09
  659    3.909390E-09
  660    3.897561E-09
  661    4.228040E-09
  662    4.215286E-09
  663    4.202590E-09
  664    4.189950E-09
  665    4.177368E-09
  666    4.164842E-09
  667    4.152372E-09
  668    4.139959E-09
  669    4.127601E-09
  670    4.115298E-09
  671    4.885395E-09
  672    4.870877E-09
  673    4.856423E-09
  674    4.842034E-09
  675    4.827709E-09
  676    4.813446E-09
  677    4.799247E-09
  678    4.785111E-09
  679    4.771037E-09
  680    4.757026E-09
  681    5.132478E-09
  682    5.117449E-09
  683    5.102485E-09
  684    5.087588E-09
  685    5.072755E-09
  686    5.057987E-09
  687    5.043284E-09
  688    5.028644E-09
  689    5.014068E-09
  690    4.999556E-09
  691    5.637248E-09
  692    5.620979E-09
  693    5.604781E-09
  694    5.588652E-09
  695    5.572592E-09
  696    5.556602E-09
  697    5.540681E-09
  698    5.524827E-09
  699    5.509042E-09
  700    5.493325E-09
  701    6.145151E-09
  702    6.127669E-09
  703    6.110261E-09
  704    6.092927E-09
  705    6.075666E-09
  706    6.058479E-09
  707    6.041365E-09
  708    6.024323E-09
  709    6.007353E-09
  710    5.990454E-09
  711    6.638058E-09
  712    6.619438E-09
  713    6.600896E-09
  714    6.582432E-09
  715    6.564045E-09
  716    6.545736E-09
  717    6.527502E-09
  718    6.509345E-09
  719    6.491264E-09
  720    6.473257E-09
  721    7.459425E-09
  722    7.438790E-09
  723    7.418241E-09
  724    7.397777E-09
  725    7.377397E-09
  726    7.357102E-09
  727    7.336890E-09
  728    7.316761E-09
  729    7.296715E-09
  730    7.276752E-09
  731    7.851694E-09
  732    7.830270E-09
  733    7.808934E-09
  734    7.787686E-09
  735    7.766523E-09
  736    7.745447E-09
  737    7.724457E-09
  738    7.703552E-09
  739    7.682731E-09
  740    7.661995E-09
  741    8.931496E-09
  742    8.907455E-09
  743    8.883510E-09
  744    8.859662E-09
  745    8.835909E-09
  746    8.812252E-09
  747    8.788690E-09
  748    8.765222E-09
  749    8.741848E-09
  750    8.718568E-09
  751    9.387283E-09
  752    9.362350E-09
  753    9.337517E-09
  754    9.312781E-09
  755    9.288144E-09
  756    9.263605E-09
  757    9.239163E-09
  758    9.214817E-09
  759    9.190568E-09
  760    9.166414E-09
  761    1.021564E-08
  762    1.018887E-08
  763    1.016219E-08
  764    1.013563E-08
  765    1.010916E-08
  766    1.008280E-08
  767    1.005654E-08
  768    1.003039E-08
  769    1.000434E-08
  770    9.978385E-09
  771    1.135361E-08
  772    1.132424E-08
  773    1.129498E-08
  774    1.126583E-08
  775    1.123679E-08
  776    1.120787E-08
  777    1.117906E-08
  778    1.115036E-08
  779    1.112177E-08
  780    1.109328E-08
  781    1.185791E-08
  782    1.182762E-08
  783    1.179745E-08
  784    1.176739E-08
  785    1.173745E-08
  786    1.170762E-08
  787    1.167790E-08
  788    1.164830E-08
  789    1.161881E-08
  790    1.158943E-08
  791    1.343290E-08
  792    1.339903E-08
  793    1.336527E-08
  794    1.333165E-08
  795    1.329815E-08
  796    1.326478E-08
  797    1.323154E-08
  798    1.319842E-08
  799    1.316542E-08
  800    1.313255E-08
  801    1.398604E-08
  802    1.395121E-08
  803    1.391651E-08
  804    1.388193E-08
  805    1.384748E-08
  806    1.381317E-08
  807    1.377897E-08
  808    1.374491E-08
  809    1.371097E-08
  810    1.367716E-08
  811    1.511269E-08
  812    1.507552E-08
  813    1.503848E-08
  814    1.500157E-08
  815    1.496480E-08
  816    1.492817E-08
  817    1.489167E-08
  818    1.485531E-08
  819    1.481907E-08
  820    1.478297E-08
  821    1.668147E-08
  822    1.664093E-08
  823    1.660054E-08
  824    1.656030E-08
  825    1.652020E-08
  826    1.648025E-08
  827    1.644044E-08
  828    1.640078E-08
  829    1.636126E-08
  830    1.632188E-08
  831    1.720283E-08
  832    1.716153E-08
  833    1.712037E-08
  834    1.707937E-08
  835    1.703851E-08
  836    1.699779E-08
  837    1.695723E-08
  838    1.691680E-08
  839    1.687653E-08
  840    1.683639E-08
  841    1.986196E-08
  842    1.981484E-08
  843    1.976789E-08
  844    1.972110E-08
  845    1.967448E-08
  846    1.962802E-08
  847    1.958173E-08
  848    1.953560E-08
  849    1.948963E-08
  850    1.944383E-08
  851    1.991088E-08
  852    1.986420E-08
  853    1.981768E-08
  854    1.977132E-08
  855    1.972513E-08
  856    1.967910E-08
  857    1.963322E-08
  858    1.958751E-08
  859    1.954196E-08
  860    1.949657E-08
  861    2.208535E-08
  862    2.203416E-08
  863    2.198316E-08
  864    2.193233E-08
  865    2.188168E-08
  866    2.183120E-08
  867    2.178090E-08
  868    2.173077E-08
  869    2.168082E-08
  870    2.163103E-08
  871    2.438731E-08
  872    2.433144E-08
  873    2.427576E-08
  874    2.422027E-08
  875    2.416498E-08
  876    2.410987E-08
  877    2.405495E-08
  878    2.400022E-08
  879    2.394567E-08
  880    2.389131E-08
  881    2.477821E-08
  882    2.472209E-08
  883    2.466615E-08
  884    2.461041E-08
  885    2.455486E-08
  886    2.449949E-08
  887    2.444431E-08
  888    2.438932E-08
  889    2.433451E-08
  890    2.427989E-08
  891    2.884404E-08
  892    2.877944E-08
  893    2.871506E-08
  894    2.865089E-08
  895    2.858694E-08
  896    2.852320E-08
  897    2.845967E-08
  898    2.839636E-08
  899    2.833326E-08
  900    2.827036E-08
  901    2.882916E-08
  902    2.876530E-08
  903    2.870166E-08
  904    2.863824E-08
  905    2.857502E-08
  906    2.851201E-08
  907    2.844920E-08
  908    2.838661E-08
  909    2.832422E-08
  910    2.826204E-08
  911    3.132431E-08
  912    3.125570E-08
  913    3.118730E-08
  914    3.111913E-08
  915    3.105119E-08
  916    3.098347E-08
  917    3.091596E-08
  918    3.084868E-08
  919    3.078162E-08
  920    3.071478E-08
  921    3.382223E-08
  922    3.374894E-08
  923    3.367589E-08
  924    3.360308E-08
  925    3.353050E-08
  926    3.345816E-08
  927    3.338605E-08
  928    3.331418E-08
  929    3.324253E-08
  930    3.317112E-08
  931    3.390760E-08
  932    3.383491E-08
  933    3.376246E-08
  934    3.369024E-08
  935    3.361825E-08
  936    3.354650E-08
  937    3.347497E-08
  938    3.340367E-08
  939    3.333260E-08
  940    3.326175E-08
  941    3.927074E-08
  942    3.918745E-08
  943    3.910442E-08
  944    3.902166E-08
  945    3.893917E-08
  946    3.885693E-08
  947    3.877495E-08
  948    3.869323E-08
  949    3.861177E-08
  950    3.853057E-08
  951    3.909048E-08
  952    3.900844E-08
  953    3.892667E-08
  954    3.884514E-08
  955    3.876388E-08
  956    3.868287E-08
  957    3.860211E-08
  958    3.852160E-08
  959    3.844135E-08
  960    3.836135E-08
  961    4.347471E-08
  962    4.338442E-08
  963    4.329441E-08
  964    4.320468E-08
  965    4.311523E-08
  966    4.302606E-08
  967    4.293716E-08
  968    4.284854E-08
  969    4.276019E-08
  970    4.267212E-08
  971    4.513703E-08
  972    4.504426E-08
  973    4.495176E-08
  974    4.485955E-08
  975    4.476763E-08
  976    4.467599E-08
  977    4.458462E-08
  978    4.449354E-08
  979    4.440274E-08
  980    4.431221E-08
  981    4.665510E-08
  982    4.656018E-08
  983    4.646554E-08
  984    4.637120E-08
  985    4.627714E-08
  986    4.618336E-08
  987    4.608988E-08
  988    4.599667E-08
  989    4.590375E-08
  990    4.581111E-08
  991    5.315890E-08
  992    5.305184E-08
  993    5.294509E-08
  994    5.283867E-08
  995    5.273257E-08
  996    5.262678E-08
  997    5.252132E-08
  998    5.241617E-08
  999    5.231134E-08
 1000    5.220682E-08
 1001    5.061967E-08
 1002    5.051873E-08
 1003    5.041810E-08
 1004    5.031776E-08
 1005    5.021773E-08
 1006    5.011799E-08
 1007    5.001855E-08
 1008    4.991940E-08
 1009    4.982055E-08
 1010    4.972200E-08
 1011    5.821146E-08
 1012    5.809653E-08
 1013    5.798194E-08
 1014    5.786769E-08
 1015    5.775378E-08
 1016    5.764020E-08
 1017    5.752696E-08
 1018    5.741405E-08
 1019    5.730148E-08
 1020    5.718923E-08
 1021    5.999726E-08
 1022    5.987997E-08
 1023    5.976301E-08
 1024    5.964640E-08
 1025    5.953013E-08
 1026    5.941420E-08
 1027    5.929861E-08
 1028    5.918335E-08
 1029    5.906844E-08
 1030    5.895385E-08
 1031    6.203082E-08
 1032    6.191073E-08
 1033    6.179098E-08
 1034    6.167157E-08
 1035    6.155252E-08
 1036    6.143380E-08
 1037    6.131543E-08
 1038    6.119741E-08
 1039    6.107972E-08
 1040    6.096237E-08
 1041    6.713268E-08
 1042    6.700395E-08
 1043    6.687559E-08
 1044    6.674760E-08
 1045    6.661998E-08
 1046    6.649272E-08
 1047    6.636582E-08
 1048    6.623929E-08
 1049    6.611312E-08
 1050    6.598731E-08
 1051    6.619273E-08
 1052    6.606700E-08
 1053    6.594164E-08
 1054    6.581663E-08
 1055    6.569198E-08
 1056    6.556768E-08
 1057    6.544373E-08
 1058    6.532014E-08
 1059    6.519689E-08
 1060    6.507399E-08
 1061    7.541879E-08
 1062    7.527689E-08
 1063    7.513539E-08
 1064    7.499429E-08
 1065    7.485359E-08
 1066    7.471328E-08
 1067    7.457337E-08
 1068    7.443385E-08
 1069    7.429472E-08
 1070    7.415598E-08
 1071    7.585903E-08
 1072    7.571764E-08
 1073    7.557664E-08
 1074    7.543603E-08
 1075    7.529581E-08
 1076    7.515599E-08
 1077    7.501655E-08
 1078    7.487750E-08
 1079    7.473884E-08
 1080    7.460056E-08
 1081    7.936938E-08
 1082    7.922281E-08
 1083    7.907664E-08
 1084    7.893088E-08
 1085    7.878552E-08
 1086    7.864056E-08
 1087    7.849600E-08
 1088    7.835184E-08
 1089    7.820807E-08
 1090    7.806470E-08
 1091    8.191548E-08
 1092    8.176559E-08
 1093    8.161611E-08
 1094    8.146704E-08
 1095    8.131838E-08
 1096    8.117012E-08
 1097    8.102227E-08
 1098    8.087483E-08
 1099    8.072778E-08
 1100    8.058114E-08
 1101    8.378322E-08
 1102    8.363130E-08
 1103    8.347980E-08
 1104    8.332870E-08
 1105    8.317802E-08
 1106    8.302774E-08
 1107    8.287787E-08
 1108    8.272841E-08
 1109    8.257935E-08
 1110    8.243069E-08
 1111    8.766523E-08
 1112    8.750770E-08
 1113    8.735060E-08
 1114    8.719392E-08
 1115    8.703766E-08
 1116    8.688181E-08
 1117    8.672639E-08
 1118    8.657138E-08
 1119    8.641679E-08
 1120    8.626261E-08
 1121    9.043847E-08
 1122    9.027740E-08
 1123    9.011677E-08
 1124    8.995656E-08
 1125    8.979678E-08
 1126    8.963743E-08
 1127    8.947849E-08
 1128    8.931998E-08
 1129    8.916190E-08
 1130    8.900423E-08
 1131    9.398710E-08
 1132    9.382119E-08
 1133    9.365572E-08
 1134    9.349069E-08
 1135    9.332610E-08
 1136    9.316193E-08
 1137    9.299821E-08
 1138    9.283491E-08
 1139    9.267204E-08
 1140    9.250960E-08
 1141    9.875075E-08
 1142    9.857795E-08
 1143    9.840562E-08
 1144    9.823373E-08
 1145    9.806229E-08
 1146    9.789130E-08
 1147    9.772076E-08
 1148    9.755066E-08
 1149    9.738101E-08
 1150    9.721180E-08
 1151    1.015770E-07
 1152    1.014008E-07
 1153    1.012250E-07
 1154    1.010498E-07
 1155    1.008749E-07
 1156    1.007006E-07
 1157    1.005266E-07
 1158    1.003532E-07
 1159    1.001801E-07
 1160    1.000076E-07
 1161    1.044693E-07
 1162    1.042896E-07
 1163    1.041105E-07
 1164    1.039317E-07
 1165    1.037535E-07
 1166    1.035756E-07
 1167    1.033983E-07
 1168    1.032214E-07
 1169    1.030449E-07
 1170    1.028689E-07
 1171    1.067248E-07
 1172    1.065428E-07
 1173    1.063613E-07
 1174    1.061803E-07
 1175    1.059997E-07
 1176    1.058196E-07
 1177    1.056399E-07
 1178    1.054607E-07
 1179    1.052820E-07
 1180    1.051037E-07
 1181    1.147601E-07
 1182    1.145661E-07
 1183    1.143726E-07
 1184    1.141795E-07
 1185    1.139870E-07
 1186    1.137949E-07
 1187    1.136033E-07
 1188    1.134123E-07
 1189    1.132216E-07
 1190    1.130315E-07
 1191    1.160943E-07
 1192    1.158997E-07
 1193    1.157056E-07
 1194    1.155119E-07
 1195    1.153188E-07
 1196    1.151261E-07
 1197    1.149339E-07
 1198    1.147422E-07
 1199    1.145509E-07
 1200    1.143602E-07
 1201    1.205774E-07
 1202    1.203770E-07
 1203    1.201770E-07
 1204    1.199775E-07
 1205    1.197786E-07
 1206    1.195801E-07
 1207    1.193821E-07
 1208    1.191846E-07
 1209    1.189876E-07
 1210    1.187911E-07
 1211    1.202236E-07
 1212    1.200254E-07
 1213    1.198277E-07
 1214    1.196304E-07
 1215    1.194337E-07
 1216    1.192374E-07
 1217    1.190416E-07
 1218    1.188463E-07
 1219    1.186515E-07
 1220    1.184571E-07
 1221    1.217554E-07
 1222    1.215563E-07
 1223    1.213576E-07
 1224    1.211595E-07
 1225    1.209619E-07
 1226    1.207647E-07
 1227    1.205680E-07
 1228    1.203718E-07
 1229    1.201761E-07
 1230    1.199808E-07
 1231    1.327869E-07
 1232    1.325715E-07
 1233    1.323566E-07
 1234    1.321423E-07
 1235    1.319285E-07
 1236    1.317152E-07
 1237    1.315024E-07
 1238    1.312901E-07
 1239    1.310784E-07
 1240    1.308671E-07
 1241    1.303365E-07
 1242    1.301268E-07
 1243    1.299176E-07
 1244    1.297089E-07
 1245    1.295007E-07
 1246    1.292930E-07
 1247    1.290858E-07
 1248    1.288791E-07
 1249    1.286729E-07
 1250    1.284672E-07
 1251    1.369477E-07
 1252    1.367291E-07
 1253    1.365110E-07
 1254    1.362935E-07
 1255    1.360765E-07
 1256    1.358599E-07
 1257    1.356440E-07
 1258    1.354285E-07
 1259    1.352135E-07
 1260    1.349991E-07
 1261    1.355178E-07
 1262    1.353032E-07
 1263    1.350891E-07
 1264    1.348755E-07
 1265    1.346624E-07
 1266    1.344498E-07
 1267    1.342378E-07
 1268    1.340262E-07
 1269    1.338152E-07
 1270    1.336046E-07
 1271    1.444810E-07
 1272    1.442540E-07
 1273    1.440275E-07
 1274    1.438016E-07
 1275    1.435762E-07
 1276    1.433513E-07
 1277    1.431270E-07
 1278    1.429032E-07
 1279    1.426799E-07
 1280    1.424571E-07
 1281    1.412382E-07
 1282    1.410180E-07
 1283    1.407983E-07
 1284    1.405792E-07
 1285    1.403606E-07
 1286    1.401424E-07
 1287    1.399248E-07
 1288    1.397077E-07
 1289    1.394911E-07
 1290    1.392750E-07
 1291    1.431164E-07
 1292    1.428951E-07
 1293    1.426742E-07
 1294    1.424539E-07
 1295    1.422340E-07
 1296    1.420147E-07
 1297    1.417959E-07
 1298    1.415776E-07
 1299    1.413597E-07
 1300    1.411424E-07
 1301    1.499973E-07
 1302    1.497671E-07
 1303    1.495374E-07
 1304    1.493082E-07
 1305    1.490795E-07
 1306    1.488514E-07
 1307    1.486238E-07
 1308    1.483967E-07
 1309    1.481702E-07
 1310    1.479441E-07
 1311    1.491779E-07
 1312    1.489506E-07
 1313    1.487239E-07
 1314    1.484977E-07
 1315    1.482720E-07
 1316    1.480469E-07
 1317    1.478222E-07
 1318    1.475981E-07
 1319    1.473744E-07
 1320    1.471513E-07
 1321    1.542459E-07
 1322    1.540127E-07
 1323    1.537800E-07
 1324    1.535479E-07
 1325    1.533163E-07
 1326    1.530852E-07
 1327    1.528547E-07
 1328    1.526247E-07
 1329    1.523952E-07
 1330    1.521662E-07
 1331    1.556412E-07
 1332    1.554077E-07
 1333    1.551747E-07
 1334    1.549422E-07
 1335    1.547103E-07
 1336    1.544788E-07
 1337    1.542479E-07
 1338    1.540175E-07
 1339    1.537877E-07
 1340    1.535583E-07
 1341    1.513916E-07
 1342    1.511662E-07
 1343    1.509412E-07
 1344    1.507168E-07
 1345    1.504928E-07
 1346    1.502694E-07
 1347    1.500464E-07
 1348    1.498240E-07
 1349    1.496020E-07
 1350    1.493805E-07
 1351    1.590999E-07
 1352    1.588647E-07
 1353    1.586301E-07
 1354    1.583959E-07
 1355    1.581623E-07
 1356    1.579292E-07
 1357    1.576966E-07
 1358    1.574645E-07
 1359    1.572330E-07
 1360    1.570019E-07
 1361    1.559828E-07
 1362    1.557539E-07
 1363    1.555255E-07
 1364    1.552977E-07
 1365    1.550703E-07
 1366    1.548434E-07
 1367    1.546170E-07
 1368    1.543911E-07
 1369    1.541658E-07
 1370    1.539409E-07
 1371    1.587448E-07
 1372    1.585136E-07
 1373    1.582829E-07
 1374    1.580526E-07
 1375    1.578229E-07
 1376    1.575937E-07
 1377    1.573650E-07
 1378    1.571367E-07
 1379    1.569090E-07
 1380    1.566818E-07
 1381    1.579077E-07
 1382    1.576793E-07
 1383    1.574515E-07
 1384    1.572241E-07
 1385    1.569972E-07
 1386    1.567709E-07
 1387    1.565450E-07
 1388    1.563196E-07
 1389    1.560946E-07
 1390    1.558702E-07
 1391    1.562324E-07
 1392    1.560081E-07
 1393    1.557843E-07
 1394    1.555609E-07
 1395    1.553381E-07
 1396    1.551157E-07
 1397    1.548938E-07
 1398    1.546723E-07
 1399    1.544514E-07
 1400    1.542309E-07
 1401    1.594735E-07
 1402    1.592462E-07
 1403    1.590193E-07
 1404    1.587929E-07
 1405    1.585671E-07
 1406    1.583417E-07
 1407    1.581168E-07
 1408    1.578923E-07
 1409    1.576684E-07
 1410    1.574449E-07
 1411    1.502815E-07
 1412    1.500688E-07
 1413    1.498565E-07
 1414    1.496447E-07
 1415    1.494333E-07
 1416    1.492224E-07
 1417    1.490120E-07
 1418    1.488019E-07
 1419    1.485923E-07
 1420    1.483832E-07
 1421    1.543724E-07
 1422    1.541554E-07
 1423    1.539389E-07
 1424    1.537229E-07
 1425    1.535073E-07
 1426    1.532921E-07
 1427    1.530774E-07
 1428    1.528632E-07
 1429    1.526494E-07
 1430    1.524360E-07
 1431    1.529762E-07
 1432    1.527627E-07
 1433    1.525496E-07
 1434    1.523370E-07
 1435    1.521248E-07
 1436    1.519131E-07
 1437    1.517018E-07
 1438    1.514910E-07
 1439    1.512806E-07
 1440    1.510706E-07
 1441    1.558997E-07
 1442    1.556836E-07
 1443    1.554680E-07
 1444    1.552528E-07
 1445    1.550381E-07
 1446    1.548238E-07
 1447    1.546099E-07
 1448    1.543965E-07
 1449    1.541836E-07
 1450    1.539711E-07
 1451    1.494012E-07
 1452    1.491956E-07
 1453    1.489903E-07
 1454    1.487855E-07
 1455    1.485812E-07
 1456    1.483772E-07
 1457    1.481737E-07
 1458    1.479706E-07
 1459    1.477679E-07
 1460    1.475656E-07
 1461    1.490837E-07
 1462    1.488799E-07
 1463    1.486765E-07
 1464    1.484736E-07
 1465    1.482710E-07
 1466    1.480689E-07
 1467    1.478671E-07
 1468    1.476658E-07
 1469    1.474649E-07
 1470    1.472644E-07
 1471    1.494440E-07
 1472    1.492410E-07
 1473    1.490385E-07
 1474    1.488365E-07
 1475    1.486348E-07
 1476    1.484335E-07
 1477    1.482327E-07
 1478    1.480322E-07
 1479    1.478322E-07
 1480    1.476325E-07
 1481    1.475977E-07
 1482    1.473987E-07
 1483    1.472000E-07
 1484    1.470018E-07
 1485    1.468039E-07
 1486    1.466065E-07
 1487    1.464094E-07
 1488    1.462128E-07
 1489    1.460165E-07
 1490    1.458207E-07
 1491    1.467780E-07
 1492    1.465814E-07
 1493    1.463851E-07
 1494    1.461893E-07
 1495    1.459939E-07
 1496    1.457988E-07
 1497    1.456042E-07
 1498    1.454099E-07
 1499    1.452160E-07
 1500    1.450225E-07
 1501    1.436525E-07
 1502    1.434613E-07
 1503    1.432706E-07
 1504    1.430802E-07
 1505    1.428902E-07
 1506    1.427005E-07
 1507    1.425113E-07
 1508    1.423224E-07
 1509    1.421339E-07
 1510    1.419457E-07
 1511    1.350962E-07
 1512    1.349176E-07
 1513    1.347394E-07
 1514    1.345615E-07
 1515    1.343840E-07
 1516    1.342068E-07
 1517    1.340300E-07
 1518    1.338535E-07
 1519    1.336774E-07
 1520    1.335016E-07
 1521    1.376838E-07
 1522    1.375030E-07
 1523    1.373225E-07
 1524    1.371424E-07
 1525    1.369627E-07
 1526    1.367833E-07
 1527    1.366042E-07
 1528    1.364256E-07
 1529    1.362472E-07
 1530    1.360692E-07
 1531    1.319598E-07
 1532    1.317876E-07
 1533    1.316158E-07
 1534    1.314443E-07
 1535    1.312732E-07
 1536    1.311023E-07
 1537    1.309319E-07
 1538    1.307617E-07
 1539    1.305919E-07
 1540    1.304224E-07
 1541    1.304391E-07
 1542    1.302701E-07
 1543    1.301013E-07
 1544    1.299329E-07
 1545    1.297648E-07
 1546    1.295970E-07
 1547    1.294296E-07
 1548    1.292625E-07
 1549    1.290957E-07
 1550    1.289292E-07
 1551    1.233803E-07
 1552    1.232214E-07
 1553    1.230628E-07
 1554    1.229045E-07
 1555    1.227465E-07
 1556    1.225889E-07
 1557    1.224315E-07
 1558    1.222744E-07
 1559    1.221177E-07
 1560    1.219612E-07
 1561    1.214378E-07
 1562    1.212824E-07
 1563    1.211273E-07
 1564    1.209725E-07
 1565    1.208180E-07
 1566    1.206638E-07
 1567    1.205099E-07
 1568    1.203563E-07
 1569    1.202030E-07
 1570    1.200499E-07
 1571    1.165717E-07
 1572    1.164235E-07
 1573    1.162756E-07
 1574    1.161279E-07
 1575    1.159806E-07
 1576    1.158335E-07
 1577    1.156867E-07
 1578    1.155401E-07
 1579    1.153939E-07
 1580    1.152479E-07
 1581    1.117114E-07
 1582    1.115702E-07
 1583    1.114294E-07
 1584    1.112887E-07
 1585    1.111484E-07
 1586    1.110083E-07
 1587    1.108685E-07
 1588    1.107290E-07
 1589    1.105897E-07
 1590    1.104507E-07
 1591    1.083401E-07
 1592    1.082041E-07
 1593    1.080683E-07
 1594    1.079328E-07
 1595    1.077976E-07
 1596    1.076626E-07
 1597    1.075278E-07
 1598    1.073933E-07
 1599    1.072591E-07
 1600    1.071251E-07
 1601    1.034619E-07
 1602    1.033328E-07
 1603    1.032039E-07
 1604    1.030753E-07
 1605    1.029470E-07
 1606    1.028189E-07
 1607    1.026910E-07
 1608    1.025633E-07
 1609    1.024359E-07
 1610    1.023088E-07
 1611    1.013144E-07
 1612    1.011887E-07
 1613    1.010634E-07
 1614    1.009382E-07
 1615    1.008133E-07
 1616    1.006886E-07
 1617    1.005641E-07
 1618    1.004399E-07
 1619    1.003159E-07
 1620    1.001921E-07
 1621    9.592811E-08
 1622    9.580990E-08
 1623    9.569191E-08
 1624    9.557414E-08
 1625    9.545658E-08
 1626    9.533924E-08
 1627    9.522211E-08
 1628    9.510521E-08
 1629    9.498851E-08
 1630    9.487203E-08
 1631    9.202035E-08
 1632    9.190765E-08
 1633    9.179516E-08
 1634    9.168287E-08
 1635    9.157079E-08
 1636    9.145891E-08
 1637    9.134724E-08
 1638    9.123577E-08
 1639    9.112451E-08
 1640    9.101345E-08
 1641    8.997050E-08
 1642    8.986098E-08
 1643    8.975166E-08
 1644    8.964254E-08
 1645    8.953362E-08
 1646    8.942490E-08
 1647    8.931637E-08
 1648    8.920804E-08
 1649    8.909991E-08
 1650    8.899198E-08
 1651    8.613889E-08
 1652    8.603467E-08
 1653    8.593063E-08
 1654    8.582679E-08
 1655    8.572313E-08
 1656    8.561967E-08
 1657    8.551639E-08
 1658    8.541329E-08
 1659    8.531038E-08
 1660    8.520766E-08
 1661    8.500973E-08
 1662    8.490749E-08
 1663    8.480544E-08
 1664    8.470357E-08
 1665    8.460188E-08
 1666    8.450038E-08
 1667    8.439906E-08
 1668    8.429793E-08
 1669    8.419697E-08
 1670    8.409620E-08
 1671    8.131081E-08
 1672    8.121361E-08
 1673    8.111658E-08
 1674    8.101972E-08
 1675    8.092304E-08
 1676    8.082653E-08
 1677    8.073020E-08
 1678    8.063403E-08
 1679    8.053804E-08
 1680    8.044222E-08
 1681    7.908604E-08
 1682    7.899206E-08
 1683    7.889824E-08
 1684    7.880459E-08
 1685    7.871111E-08
 1686    7.861780E-08
 1687    7.852465E-08
 1688    7.843166E-08
 1689    7.833885E-08
 1690    7.824619E-08
 1691    7.913227E-08
 1692    7.903878E-08
 1693    7.894547E-08
 1694    7.885232E-08
 1695    7.875933E-08
 1696    7.866651E-08
 1697    7.857385E-08
 1698    7.848136E-08
 1699    7.838903E-08
 1700    7.829686E-08
 1701    7.662049E-08
 1702    7.653051E-08
 1703    7.644068E-08
 1704    7.635102E-08
 1705    7.626151E-08
 1706    7.617216E-08
 1707    7.608296E-08
 1708    7.599392E-08
 1709    7.590504E-08
 1710    7.581632E-08
 1711    7.841869E-08
 1712    7.832713E-08
 1713    7.823573E-08
 1714    7.814450E-08
 1715    7.805342E-08
 1716    7.796250E-08
 1717    7.787174E-08
 1718    7.778114E-08
 1719    7.769070E-08
 1720    7.760041E-08
 1721    7.754932E-08
 1722    7.745930E-08
 1723    7.736944E-08
 1724    7.727974E-08
 1725    7.719019E-08
 1726    7.710080E-08
 1727    7.701156E-08
 1728    7.692248E-08
 1729    7.683355E-08
 1730    7.674478E-08
 1731    8.006424E-08
 1732    7.997184E-08
 1733    7.987960E-08
 1734    7.978752E-08
 1735    7.969560E-08
 1736    7.960384E-08
 1737    7.951223E-08
 1738    7.942079E-08
 1739    7.932950E-08
 1740    7.923837E-08
 1741    8.214122E-08
 1742    8.204696E-08
 1743    8.195287E-08
 1744    8.185894E-08
 1745    8.176518E-08
 1746    8.167157E-08
 1747    8.157813E-08
 1748    8.148484E-08
 1749    8.139171E-08
 1750    8.129875E-08
 1751    8.415421E-08
 1752    8.405820E-08
 1753    8.396235E-08
 1754    8.386667E-08
 1755    8.377115E-08
 1756    8.367579E-08
 1757    8.358060E-08
 1758    8.348557E-08
 1759    8.339070E-08
 1760    8.329599E-08
 1761    9.039863E-08
 1762    9.029608E-08
 1763    9.019371E-08
 1764    9.009150E-08
 1765    8.998948E-08
 1766    8.988762E-08
 1767    8.978594E-08
 1768    8.968443E-08
 1769    8.958309E-08
 1770    8.948192E-08
 1771    9.447198E-08
 1772    9.436541E-08
 1773    9.425902E-08
 1774    9.415282E-08
 1775    9.404679E-08
 1776    9.394094E-08
 1777    9.383527E-08
 1778    9.372978E-08
 1779    9.362446E-08
 1780    9.351933E-08
 1781    1.025197E-07
 1782    1.024047E-07
 1783    1.022899E-07
 1784    1.021753E-07
 1785    1.020609E-07
 1786    1.019467E-07
 1787    1.018326E-07
 1788    1.017188E-07
 1789    1.016051E-07
 1790    1.014917E-07
 1791    1.093127E-07
 1792    1.091908E-07
 1793    1.090691E-07
 1794    1.089475E-07
 1795    1.088262E-07
 1796    1.087051E-07
 1797    1.085842E-07
 1798    1.084634E-07
 1799    1.083429E-07
 1800    1.082226E-07
 1801    1.166806E-07
 1802    1.165512E-07
 1803    1.164219E-07
 1804    1.162929E-07
 1805    1.161642E-07
 1806    1.160356E-07
 1807    1.159072E-07
 1808    1.157791E-07
 1809    1.156512E-07
 1810    1.155234E-07
 1811    1.291634E-07
 1812    1.290209E-07
 1813    1.288787E-07
 1814    1.287367E-07
 1815    1.285949E-07
 1816    1.284534E-07
 1817    1.283120E-07
 1818    1.281710E-07
 1819    1.280301E-07
 1820    1.278895E-07
 1821    1.407512E-07
 1822    1.405967E-07
 1823    1.404426E-07
 1824    1.402887E-07
 1825    1.401350E-07
 1826    1.399816E-07
 1827    1.398285E-07
 1828    1.396755E-07
 1829    1.395229E-07
 1830    1.393705E-07
 1831    1.599888E-07
 1832    1.598143E-07
 1833    1.596400E-07
 1834    1.594660E-07
 1835    1.592923E-07
 1836    1.591189E-07
 1837    1.589457E-07
 1838    1.587729E-07
 1839    1.586003E-07
 1840    1.584280E-07
 1841    1.724685E-07
 1842    1.722814E-07
 1843    1.720945E-07
 1844    1.719080E-07
 1845    1.717217E-07
 1846    1.715358E-07
 1847    1.713501E-07
 1848    1.711648E-07
 1849    1.709797E-07
 1850    1.707950E-07
 1851    1.923923E-07
 1852    1.921847E-07
 1853    1.919774E-07
 1854    1.917704E-07
 1855    1.915637E-07
 1856    1.913574E-07
 1857    1.911514E-07
 1858    1.909458E-07
 1859    1.907405E-07
 1860    1.905355E-07
 1861    2.187037E-07
 1862    2.184689E-07
 1863    2.182345E-07
 1864    2.180005E-07
 1865    2.177668E-07
 1866    2.175335E-07
 1867    2.173006E-07
 1868    2.170681E-07
 1869    2.168360E-07
 1870    2.166042E-07
 1871    2.387082E-07
 1872    2.384533E-07
 1873    2.381988E-07
 1874    2.379447E-07
 1875    2.376911E-07
 1876    2.374378E-07
 1877    2.371849E-07
 1878    2.369325E-07
 1879    2.366804E-07
 1880    2.364288E-07
 1881    2.761815E-07
 1882    2.758882E-07
 1883    2.755953E-07
 1884    2.753029E-07
 1885    2.750109E-07
 1886    2.747195E-07
 1887    2.744284E-07
 1888    2.741379E-07
 1889    2.738478E-07
 1890    2.735582E-07
 1891    2.933851E-07
 1892    2.930751E-07
 1893    2.927656E-07
 1894    2.924566E-07
 1895    2.921481E-07
 1896    2.918401E-07
 1897    2.915326E-07
 1898    2.912256E-07
 1899    2.909190E-07
 1900    2.906130E-07
 1901    3.146131E-07
 1902    3.142825E-07
 1903    3.139523E-07
 1904    3.136227E-07
 1905    3.132936E-07
 1906    3.129651E-07
 1907    3.126370E-07
 1908    3.123095E-07
 1909    3.119824E-07
 1910    3.116559E-07
 1911    3.447661E-07
 1912    3.444057E-07
 1913    3.440458E-07
 1914    3.436865E-07
 1915    3.433277E-07
 1916    3.429695E-07
 1917    3.426119E-07
 1918    3.422548E-07
 1919    3.418983E-07
 1920    3.415423E-07
 1921    3.758827E-07
 1922    3.754918E-07
 1923    3.751014E-07
 1924    3.747117E-07
 1925    3.743226E-07
 1926    3.739341E-07
 1927    3.735462E-07
 1928    3.731589E-07
 1929    3.727722E-07
 1930    3.723861E-07
 1931    4.421182E-07
 1932    4.416608E-07
 1933    4.412040E-07
 1934    4.407480E-07
 1935    4.402927E-07
 1936    4.398381E-07
 1937    4.393842E-07
 1938    4.389310E-07
 1939    4.384785E-07
 1940    4.380267E-07
 1941    4.683419E-07
 1942    4.678598E-07
 1943    4.673785E-07
 1944    4.668979E-07
 1945    4.664180E-07
 1946    4.659389E-07
 1947    4.654606E-07
 1948    4.649829E-07
 1949    4.645060E-07
 1950    4.640298E-07
 1951    5.236930E-07
 1952    5.231567E-07
 1953    5.226212E-07
 1954    5.220865E-07
 1955    5.215527E-07
 1956    5.210197E-07
 1957    5.204875E-07
 1958    5.199561E-07
 1959    5.194256E-07
 1960    5.188958E-07
 1961    5.674930E-07
 1962    5.669148E-07
 1963    5.663375E-07
 1964    5.657611E-07
 1965    5.651855E-07
 1966    5.646109E-07
 1967    5.640371E-07
 1968    5.634641E-07
 1969    5.628921E-07
 1970    5.623209E-07
 1971    6.167866E-07
 1972    6.161613E-07
 1973    6.155371E-07
 1974    6.149137E-07
 1975    6.142914E-07
 1976    6.136699E-07
 1977    6.130494E-07
 1978    6.124299E-07
 1979    6.118112E-07
 1980    6.111936E-07
 1981    6.873210E-07
 1982    6.866278E-07
 1983    6.859357E-07
 1984    6.852445E-07
 1985    6.845545E-07
 1986    6.838654E-07
 1987    6.831774E-07
 1988    6.824905E-07
 1989    6.818046E-07
 1990    6.811197E-07
 1991    7.303966E-07
 1992    7.296636E-07
 1993    7.289317E-07
 1994    7.282010E-07
 1995    7.274713E-07
 1996    7.267427E-07
 1997    7.260153E-07
 1998    7.252889E-07
 1999    7.245636E-07
 2000    7.238394E-07
 2001    7.685900E-07
 2002    7.678226E-07
 2003    7.670563E-07
 2004    7.662912E-07
 2005    7.655272E-07
 2006    7.647643E-07
 2007    7.640026E-07
 2008    7.632420E-07
 2009    7.624826E-07
 2010    7.617243E-07
 2011    8.083456E-07
 2012    8.075425E-07
 2013    8.067405E-07
 2014    8.059398E-07
 2015    8.051403E-07
 2016    8.043419E-07
 2017    8.035447E-07
 2018    8.027487E-07
 2019    8.019539E-07
 2020    8.011603E-07
 2021    8.745600E-07
 2022    8.736954E-07
 2023    8.728320E-07
 2024    8.719700E-07
 2025    8.711092E-07
 2026    8.702497E-07
 2027    8.693915E-07
 2028    8.685345E-07
 2029    8.676788E-07
 2030    8.668244E-07
 2031    9.729322E-07
 2032    9.719751E-07
 2033    9.710194E-07
 2034    9.700650E-07
 2035    9.691121E-07
 2036    9.681606E-07
 2037    9.672105E-07
 2038    9.662618E-07
 2039    9.653145E-07
 2040    9.643686E-07
 2041    1.001560E-06
 2042    1.000580E-06
 2043    9.996005E-07
 2044    9.986229E-07
 2045    9.976468E-07
 2046    9.966720E-07
 2047    9.956987E-07
 2048    9.947268E-07
 2049    9.937564E-07
 2050    9.927873E-07
 2051    1.062067E-06
 2052    1.061032E-06
 2053    1.059999E-06
 2054    1.058968E-06
 2055    1.057938E-06
 2056    1.056909E-06
 2057    1.055882E-06
 2058    1.054856E-06
 2059    1.053832E-06
 2060    1.052809E-06
 2061    1.140481E-06
 2062    1.139375E-06
 2063    1.138271E-06
 2064    1.137169E-06
 2065    1.136068E-06
 2066    1.134969E-06
 2067    1.133871E-06
 2068    1.132775E-06
 2069    1.131680E-06
 2070    1.130588E-06
 2071    1.216217E-06
 2072    1.215043E-06
 2073    1.213872E-06
 2074    1.212702E-06
 2075    1.211533E-06
 2076    1.210367E-06
 2077    1.209202E-06
 2078    1.208039E-06
 2079    1.206877E-06
 2080    1.205717E-06
 2081    1.324307E-06
 2082    1.323035E-06
 2083    1.321766E-06
 2084    1.320498E-06
 2085    1.319232E-06
 2086    1.317967E-06
 2087    1.316705E-06
 2088    1.315444E-06
 2089    1.314186E-06
 2090    1.312929E-06
 2091    1.368105E-06
 2092    1.366798E-06
 2093    1.365492E-06
 2094    1.364189E-06
 2095    1.362887E-06
 2096    1.361587E-06
 2097    1.360289E-06
 2098    1.358993E-06
 2099    1.357699E-06
 2100    1.356406E-06
 2101    1.424266E-06
 2102    1.422911E-06
 2103    1.421559E-06
 2104    1.420208E-06
 2105    1.418859E-06
 2106    1.417512E-06
 2107    1.416168E-06
 2108    1.414825E-06
 2109    1.413483E-06
 2110    1.412144E-06
 2111    1.455908E-06
 2112    1.454530E-06
 2113    1.453153E-06
 2114    1.451779E-06
 2115    1.450407E-06
 2116    1.449037E-06
 2117    1.447669E-06
 2118    1.446302E-06
 2119    1.444938E-06
 2120    1.443575E-06
 2121    1.569722E-06
 2122    1.568244E-06
 2123    1.566767E-06
 2124    1.565292E-06
 2125    1.563820E-06
 2126    1.562349E-06
 2127    1.560881E-06
 2128    1.559415E-06
 2129    1.557950E-06
 2130    1.556488E-06
 2131    1.683880E-06
 2132    1.682301E-06
 2133    1.680725E-06
 2134    1.679150E-06
 2135    1.677578E-06
 2136    1.676008E-06
 2137    1.674440E-06
 2138    1.672875E-06
 2139    1.671311E-06
 2140    1.669750E-06
 2141    1.766411E-06
 2142    1.764762E-06
 2143    1.763116E-06
 2144    1.761472E-06
 2145    1.759830E-06
 2146    1.758191E-06
 2147    1.756554E-06
 2148    1.754919E-06
 2149    1.753287E-06
 2150    1.751656E-06
 2151    1.794511E-06
 2152    1.792844E-06
 2153    1.791179E-06
 2154    1.789517E-06
 2155    1.787857E-06
 2156    1.786199E-06
 2157    1.784543E-06
 2158    1.782890E-06
 2159    1.781240E-06
 2160    1.779591E-06
 2161    1.970315E-06
 2162    1.968493E-06
 2163    1.966673E-06
 2164    1.964857E-06
 2165    1.963042E-06
 2166    1.961231E-06
 2167    1.959421E-06
 2168    1.957615E-06
 2169    1.955810E-06
 2170    1.954009E-06
 2171    2.111447E-06
 2172    2.109504E-06
 2173    2.107563E-06
 2174    2.105625E-06
 2175    2.103690E-06
 2176    2.101757E-06
 2177    2.099827E-06
 2178    2.097900E-06
 2179    2.095975E-06
 2180    2.094053E-06
 2181    2.215238E-06
 2182    2.213208E-06
 2183    2.211181E-06
 2184    2.209158E-06
 2185    2.207136E-06
 2186    2.205118E-06
 2187    2.203102E-06
 2188    2.201089E-06
 2189    2.199079E-06
 2190    2.197072E-06
 2191    2.275709E-06
 2192    2.273634E-06
 2193    2.271561E-06
 2194    2.269491E-06
 2195    2.267425E-06
 2196    2.265360E-06
 2197    2.263299E-06
 2198    2.261241E-06
 2199    2.259185E-06
 2200    2.257132E-06
 2201    2.292694E-06
 2202    2.290613E-06
 2203    2.288534E-06
 2204    2.286459E-06
 2205    2.284386E-06
 2206    2.282316E-06
 2207    2.280248E-06
 2208    2.278184E-06
 2209    2.276122E-06
 2210    2.274063E-06
 2211    2.318566E-06
 2212    2.316471E-06
 2213    2.314378E-06
 2214    2.312288E-06
 2215    2.310202E-06
 2216    2.308117E-06
 2217    2.306036E-06
 2218    2.303958E-06
 2219    2.301882E-06
 2220    2.299809E-06
 2221    2.449677E-06
 2222    2.447473E-06
 2223    2.445272E-06
 2224    2.443074E-06
 2225    2.440879E-06
 2226    2.438687E-06
 2227    2.436498E-06
 2228    2.434311E-06
 2229    2.432128E-06
 2230    2.429948E-06
 2231    2.542246E-06
 2232    2.539969E-06
 2233    2.537695E-06
 2234    2.535424E-06
 2235    2.533156E-06
 2236    2.530891E-06
 2237    2.528630E-06
 2238    2.526371E-06
 2239    2.524115E-06
 2240    2.521863E-06
 2241    2.731499E-06
 2242    2.729064E-06
 2243    2.726632E-06
 2244    2.724202E-06
 2245    2.721777E-06
 2246    2.719354E-06
 2247    2.716935E-06
 2248    2.714519E-06
 2249    2.712106E-06
 2250    2.709696E-06
 2251    2.694444E-06
 2252    2.692052E-06
 2253    2.689664E-06
 2254    2.687278E-06
 2255    2.684896E-06
 2256    2.682517E-06
 2257    2.680141E-06
 2258    2.677768E-06
 2259    2.675398E-06
 2260    2.673032E-06
 2261    2.798774E-06
 2262    2.796301E-06
 2263    2.793830E-06
 2264    2.791363E-06
 2265    2.788900E-06
 2266    2.786439E-06
 2267    2.783982E-06
 2268    2.781528E-06
 2269    2.779077E-06
 2270    2.776630E-06
 2271    2.959556E-06
 2272    2.956952E-06
 2273    2.954352E-06
 2274    2.951754E-06
 2275    2.949161E-06
 2276    2.946570E-06
 2277    2.943983E-06
 2278    2.941400E-06
 2279    2.938819E-06
 2280    2.936243E-06
 2281    3.076273E-06
 2282    3.073578E-06
 2283    3.070887E-06
 2284    3.068199E-06
 2285    3.065514E-06
 2286    3.062834E-06
 2287    3.060156E-06
 2288    3.057482E-06
 2289    3.054812E-06
 2290    3.052145E-06
 2291    3.217128E-06
 2292    3.214322E-06
 2293    3.211519E-06
 2294    3.208721E-06
 2295    3.205926E-06
 2296    3.203134E-06
 2297    3.200346E-06
 2298    3.197562E-06
 2299    3.194782E-06
 2300    3.192005E-06
 2301    3.126397E-06
 2302    3.123682E-06
 2303    3.120971E-06
 2304    3.118263E-06
 2305    3.115558E-06
 2306    3.112857E-06
 2307    3.110160E-06
 2308    3.107466E-06
 2309    3.104775E-06
 2310    3.102088E-06
 2311    3.265012E-06
 2312    3.262188E-06
 2313    3.259369E-06
 2314    3.256553E-06
 2315    3.253741E-06
 2316    3.250932E-06
 2317    3.248127E-06
 2318    3.245326E-06
 2319    3.242528E-06
 2320    3.239734E-06
 2321    3.334328E-06
 2322    3.331457E-06
 2323    3.328590E-06
 2324    3.325727E-06
 2325    3.322868E-06
 2326    3.320012E-06
 2327    3.317159E-06
 2328    3.314311E-06
 2329    3.311466E-06
 2330    3.308625E-06
 2331    3.463961E-06
 2332    3.460991E-06
 2333    3.458025E-06
 2334    3.455064E-06
 2335    3.452105E-06
 2336    3.449151E-06
 2337    3.446201E-06
 2338    3.443254E-06
 2339    3.440311E-06
 2340    3.437372E-06
 2341    3.623147E-06
 2342    3.620054E-06
 2343    3.616965E-06
 2344    3.613880E-06
 2345    3.610800E-06
 2346    3.607723E-06
 2347    3.604650E-06
 2348    3.601580E-06
 2349    3.598515E-06
 2350    3.595454E-06
 2351    3.391925E-06
 2352    3.389042E-06
 2353    3.386163E-06
 2354    3.383287E-06
 2355    3.380415E-06
 2356    3.377547E-06
 2357    3.374682E-06
 2358    3.371821E-06
 2359    3.368963E-06
 2360    3.366110E-06
 2361    3.487929E-06
 2362    3.484977E-06
 2363    3.482029E-06
 2364    3.479084E-06
 2365    3.476143E-06
 2366    3.473206E-06
 2367    3.470272E-06
 2368    3.467343E-06
 2369    3.464417E-06
 2370    3.461494E-06
 2371    3.664184E-06
 2372    3.661096E-06
 2373    3.658012E-06
 2374    3.654931E-06
 2375    3.651855E-06
 2376    3.648782E-06
 2377    3.645713E-06
 2378    3.642649E-06
 2379    3.639587E-06
 2380    3.636530E-06
 2381    3.805424E-06
 2382    3.802231E-06
 2383    3.799041E-06
 2384    3.795855E-06
 2385    3.792673E-06
 2386    3.789495E-06
 2387    3.786322E-06
 2388    3.783152E-06
 2389    3.779986E-06
 2390    3.776824E-06
 2391    3.950355E-06
 2392    3.947053E-06
 2393    3.943756E-06
 2394    3.940463E-06
 2395    3.937173E-06
 2396    3.933888E-06
 2397    3.930607E-06
 2398    3.927330E-06
 2399    3.924058E-06
 2400    3.920789E-06
 2401    3.776470E-06
 2402    3.773327E-06
 2403    3.770188E-06
 2404    3.767052E-06
 2405    3.763921E-06
 2406    3.760794E-06
 2407    3.757670E-06
 2408    3.754550E-06
 2409    3.751434E-06
 2410    3.748323E-06
 2411    3.967643E-06
 2412    3.964355E-06
 2413    3.961070E-06
 2414    3.957790E-06
 2415    3.954514E-06
 2416    3.951241E-06
 2417    3.947973E-06
 2418    3.944709E-06
 2419    3.941449E-06
 2420    3.938193E-06
 2421    4.074855E-06
 2422    4.071492E-06
 2423    4.068132E-06
 2424    4.064777E-06
 2425    4.061426E-06
 2426    4.058079E-06
 2427    4.054737E-06
 2428    4.051398E-06
 2429    4.048063E-06
 2430    4.044733E-06
 2431    4.202104E-06
 2432    4.198650E-06
 2433    4.195200E-06
 2434    4.191754E-06
 2435    4.188312E-06
 2436    4.184875E-06
 2437    4.181442E-06
 2438    4.178013E-06
 2439    4.174589E-06
 2440    4.171168E-06
 2441    4.350899E-06
 2442    4.347337E-06
 2443    4.343780E-06
 2444    4.340226E-06
 2445    4.336678E-06
 2446    4.333133E-06
 2447    4.329593E-06
 2448    4.326057E-06
 2449    4.322526E-06
 2450    4.318999E-06
 2451    4.052131E-06
 2452    4.048827E-06
 2453    4.045527E-06
 2454    4.042232E-06
 2455    4.038940E-06
 2456    4.035652E-06
 2457    4.032369E-06
 2458    4.029089E-06
 2459    4.025813E-06
 2460    4.022542E-06
 2461    4.115874E-06
 2462    4.112532E-06
 2463    4.109194E-06
 2464    4.105860E-06
 2465    4.102530E-06
 2466    4.099204E-06
 2467    4.095882E-06
 2468    4.092564E-06
 2469    4.089250E-06
 2470    4.085941E-06
 2471    4.371859E-06
 2472    4.368324E-06
 2473    4.364792E-06
 2474    4.361265E-06
 2475    4.357742E-06
 2476    4.354224E-06
 2477    4.350709E-06
 2478    4.347199E-06
 2479    4.343694E-06
 2480    4.340192E-06
 2481    4.862925E-06
 2482    4.859008E-06
 2483    4.855096E-06
 2484    4.851188E-06
 2485    4.847286E-06
 2486    4.843387E-06
 2487    4.839494E-06
 2488    4.835605E-06
 2489    4.831721E-06
 2490    4.827842E-06
 2491    4.816668E-06
 2492    4.812804E-06
 2493    4.808945E-06
 2494    4.805090E-06
 2495    4.801240E-06
 2496    4.797394E-06
 2497    4.793553E-06
 2498    4.789717E-06
 2499    4.785885E-06
 2500    4.782058E-06
 2501    4.415531E-06
 2502    4.412002E-06
 2503    4.408478E-06
 2504    4.404959E-06
 2505    4.401443E-06
 2506    4.397932E-06
 2507    4.394425E-06
 2508    4.390922E-06
 2509    4.387423E-06
 2510    4.383928E-06
 2511    5.069031E-06
 2512    5.064996E-06
 2513    5.060967E-06
 2514    5.056942E-06
 2515    5.052922E-06
 2516    5.048907E-06
 2517    5.044897E-06
 2518    5.040892E-06
 2519    5.036891E-06
 2520    5.032895E-06
 2521    5.259018E-06
 2522    5.254849E-06
 2523    5.250685E-06
 2524    5.246526E-06
 2525    5.242372E-06
 2526    5.238223E-06
 2527    5.234079E-06
 2528    5.229940E-06
 2529    5.225805E-06
 2530    5.221676E-06
 2531    5.338519E-06
 2532    5.334304E-06
 2533    5.330093E-06
 2534    5.325888E-06
 2535    5.321688E-06
 2536    5.317493E-06
 2537    5.313302E-06
 2538    5.309117E-06
 2539    5.304937E-06
 2540    5.300761E-06
 2541    5.485771E-06
 2542    5.481456E-06
 2543    5.477147E-06
 2544    5.472843E-06
 2545    5.468544E-06
 2546    5.464250E-06
 2547    5.459961E-06
 2548    5.455677E-06
 2549    5.451398E-06
 2550    5.447124E-06
 2551    5.255112E-06
 2552    5.250995E-06
 2553    5.246883E-06
 2554    5.242776E-06
 2555    5.238674E-06
 2556    5.234576E-06
 2557    5.230484E-06
 2558    5.226396E-06
 2559    5.222313E-06
 2560    5.218234E-06
 2561    4.745994E-06
 2562    4.742290E-06
 2563    4.738591E-06
 2564    4.734897E-06
 2565    4.731206E-06
 2566    4.727520E-06
 2567    4.723838E-06
 2568    4.720160E-06
 2569    4.716487E-06
 2570    4.712818E-06
 2571    5.406514E-06
 2572    5.402312E-06
 2573    5.398114E-06
 2574    5.393921E-06
 2575    5.389734E-06
 2576    5.385551E-06
 2577    5.381373E-06
 2578    5.377199E-06
 2579    5.373031E-06
 2580    5.368867E-06
 2581    8.116525E-06
 2582    8.110240E-06
 2583    8.103963E-06
 2584    8.097693E-06
 2585    8.091430E-06
 2586    8.085175E-06
 2587    8.078927E-06
 2588    8.072686E-06
 2589    8.066452E-06
 2590    8.060225E-06
 2591    8.426659E-06
 2592    8.420160E-06
 2593    8.413668E-06
 2594    8.407183E-06
 2595    8.400706E-06
 2596    8.394236E-06
 2597    8.387774E-06
 2598    8.381320E-06
 2599    8.374873E-06
 2600    8.368433E-06
 2601    7.022534E-06
 2602    7.017138E-06
 2603    7.011749E-06
 2604    7.006365E-06
 2605    7.000988E-06
 2606    6.995617E-06
 2607    6.990253E-06
 2608    6.984894E-06
 2609    6.979542E-06
 2610    6.974195E-06
 2611    9.609470E-06
 2612    9.602115E-06
 2613    9.594768E-06
 2614    9.587430E-06
 2615    9.580100E-06
 2616    9.572779E-06
 2617    9.565466E-06
 2618    9.558161E-06
 2619    9.550865E-06
 2620    9.543577E-06
 2621    1.329712E-05
 2622    1.328699E-05
 2623    1.327686E-05
 2624    1.326674E-05
 2625    1.325664E-05
 2626    1.324655E-05
 2627    1.323646E-05
 2628    1.322640E-05
 2629    1.321634E-05
 2630    1.320629E-05
 2631    1.050238E-05
 2632    1.049441E-05
 2633    1.048644E-05
 2634    1.047848E-05
 2635    1.047053E-05
 2636    1.046259E-05
 2637    1.045465E-05
 2638    1.044673E-05
 2639    1.043882E-05
 2640    1.043091E-05
 2641    2.880069E-06
 2642    2.877890E-06
 2643    2.875713E-06
 2644    2.873539E-06
 2645    2.871367E-06
 2646    2.869197E-06
 2647    2.867030E-06
 2648    2.864865E-06
 2649    2.862703E-06
 2650    2.860543E-06
 2651   -5.464649E-06
 2652   -5.460529E-06
 2653   -5.456414E-06
 2654   -5.452304E-06
 2655   -5.448198E-06
 2656   -5.444097E-06
 2657   -5.440001E-06
 2658   -5.435909E-06
 2659   -5.431822E-06
 2660   -5.427739E-06
 2661   -1.232912E-05
 2662   -1.231986E-05
 2663   -1.231061E-05
 2664   -1.230137E-05
 2665   -1.229215E-05
 2666   -1.228293E-05
 2667   -1.227372E-05
 2668   -1.226452E-05
 2669   -1.225534E-05
 2670   -1.224616E-05
 2671   -1.203827E-05
 2672   -1.202927E-05
 2673   -1.202027E-05
 2674   -1.201128E-05
 2675   -1.200231E-05
 2676   -1.199334E-05
 2677   -1.198438E-05
 2678   -1.197544E-05
 2679   -1.196650E-05
 2680   -1.195757E-05
 2681    1.853822E-05
 2682    1.852441E-05
 2683    1.851060E-05
 2684    1.849681E-05
 2685    1.848304E-05
 2686    1.846928E-05
 2687    1.845554E-05
 2688    1.844181E-05
 2689    1.842810E-05
 2690    1.841441E-05
 2691    8.004645E-05
 2692    7.998701E-05
 2693    7.992762E-05
 2694    7.986831E-05
 2695    7.980906E-05
 2696    7.974988E-05
 2697    7.969076E-05
 2698    7.963171E-05
 2699    7.957272E-05
 2700    7.951380E-05
 2701    1.509639E-04
 2702    1.508522E-04
 2703    1.507406E-04
 2704    1.506291E-04
 2705    1.505178E-04
 2706    1.504066E-04
 2707    1.502955E-04
 2708    1.501846E-04
 2709    1.500737E-04
 2710    1.499630E-04
 2711    2.113312E-04
 2712    2.111754E-04
 2713    2.110197E-04
 2714    2.108643E-04
 2715    2.107090E-04
 2716    2.105539E-04
 2717    2.103990E-04
 2718    2.102442E-04
 2719    2.100896E-04
 2720    2.099352E-04
 2721    2.451613E-04
 2722    2.449812E-04
 2723    2.448013E-04
 2724    2.446217E-04
 2725    2.444422E-04
 2726    2.442629E-04
 2727    2.440838E-04
 2728    2.439050E-04
 2729    2.437263E-04
 2730    2.435478E-04
 2731    7.060141E-05
 2732    7.054975E-05
 2733    7.049814E-05
 2734    7.044659E-05
 2735    7.039509E-05
 2736    7.034365E-05
 2737    7.029227E-05
 2738    7.024094E-05
 2739    7.018967E-05
 2740    7.013846E-05
 2741   -5.759579E-04
 2742   -5.755380E-04
 2743   -5.751185E-04
 2744   -5.746995E-04
 2745   -5.742809E-04
 2746   -5.738628E-04
 2747   -5.734451E-04
 2748   -5.730279E-04
 2749   -5.726112E-04
 2750   -5.721949E-04
 2751   -1.580592E-03
 2752   -1.579444E-03
 2753   -1.578297E-03
 2754   -1.577151E-03
 2755   -1.576007E-03
 2756   -1.574863E-03
 2757   -1.573721E-03
 2758   -1.572581E-03
 2759   -1.571441E-03
 2760   -1.570303E-03
 2761   -2.013932E-03
 2762   -2.012474E-03
 2763   -2.011018E-03
 2764   -2.009563E-03
 2765   -2.008110E-03
 2766   -2.006658E-03
 2767   -2.005209E-03
 2768   -2.003760E-03
 2769   -2.002313E-03
 2770   -2.000868E-03
 2771   -1.910868E-03
 2772   -1.909490E-03
 2773   -1.908113E-03
 2774   -1.906738E-03
 2775   -1.905364E-03
 2776   -1.903992E-03
 2777   -1.902621E-03
 2778   -1.901252E-03
 2779   -1.899884E-03
 2780   -1.898518E-03
 2781   -1.382921E-04
 2782   -1.381927E-04
 2783   -1.380934E-04
 2784   -1.379942E-04
 2785   -1.378952E-04
 2786   -1.377962E-04
 2787   -1.376974E-04
 2788   -1.375986E-04
 2789   -1.375000E-04
 2790   -1.374015E-04
 2791    6.015696E-03
 2792    6.011388E-03
 2793    6.007085E-03
 2794    6.002787E-03
 2795    5.998493E-03
 2796    5.994204E-03
 2797    5.989919E-03
 2798    5.985639E-03
 2799    5.981364E-03
 2800    5.977093E-03
 2801    1.648813E-02
 2802    1.647637E-02
 2803    1.646462E-02
 2804    1.645288E-02
 2805    1.644115E-02
 2806    1.642944E-02
 2807    1.641773E-02
 2808    1.640605E-02
 2809    1.639437E-02
 2810    1.638270E-02
 2811    2.190305E-02
 2812    2.188747E-02
 2813    2.187192E-02
 2814    2.185638E-02
 2815    2.184086E-02
 2816    2.182535E-02
 2817    2.180986E-02
 2818    2.179439E-02
 2819    2.177893E-02
 2820    2.176349E-02
 2821    2.405177E-02
 2822    2.403474E-02
 2823    2.401771E-02
 2824    2.400071E-02
 2825    2.398372E-02
 2826    2.396676E-02
 2827    2.394981E-02
 2828    2.393288E-02
 2829    2.391596E-02
 2830    2.389907E-02
 2831    2.178169E-02
 2832    2.176631E-02
 2833    2.175095E-02
 2834    2.173560E-02
 2835    2.172028E-02
 2836    2.170496E-02
 2837    2.168967E-02
 2838    2.167439E-02
 2839    2.165912E-02
 2840    2.164388E-02
 2841    1.605874E-02
 2842    1.604744E-02
 2843    1.603616E-02
 2844    1.602488E-02
 2845    1.601362E-02
 2846    1.600237E-02
 2847    1.599113E-02
 2848    1.597991E-02
 2849    1.596870E-02
 2850    1.595749E-02
 2851    5.824341E-03
 2852    5.820258E-03
 2853    5.816180E-03
 2854    5.812105E-03
 2855    5.808035E-03
 2856    5.803969E-03
 2857    5.799908E-03
 2858    5.795850E-03
 2859    5.791797E-03
 2860    5.787749E-03
 2861   -3.331071E-04
 2862   -3.328744E-04
 2863   -3.326420E-04
 2864   -3.324098E-04
 2865   -3.321778E-04
 2866   -3.319461E-04
 2867   -3.317146E-04
 2868   -3.314833E-04
 2869   -3.312523E-04
 2870   -3.310216E-04
 2871   -2.069112E-03
 2872   -2.067671E-03
 2873   -2.066232E-03
 2874   -2.064795E-03
 2875   -2.063359E-03
 2876   -2.061925E-03
 2877   -2.060492E-03
 2878   -2.059060E-03
 2879   -2.057630E-03
 2880   -2.056202E-03
 2881   -2.146445E-03
 2882   -2.144956E-03
 2883   -2.143469E-03
 2884   -2.141983E-03
 2885   -2.140498E-03
 2886   -2.139015E-03
 2887   -2.137534E-03
 2888   -2.136054E-03
 2889   -2.134576E-03
 2890   -2.133099E-03
 2891   -1.661296E-03
 2892   -1.660147E-03
 2893   -1.659000E-03
 2894   -1.657854E-03
 2895   -1.656709E-03
 2896   -1.655565E-03
 2897   -1.654422E-03
 2898   -1.653281E-03
 2899   -1.652141E-03
 2900   -1.651002E-03
 2901   -6.283096E-04
 2902   -6.278767E-04
 2903   -6.274443E-04
 2904   -6.270123E-04
 2905   -6.265808E-04
 2906   -6.261497E-04
 2907   -6.257190E-04
 2908   -6.252888E-04
 2909   -6.248591E-04
 2910   -6.244298E-04
 2911    3.217052E-05
 2912    3.214843E-05
 2913    3.212637E-05
 2914    3.210433E-05
 2915    3.208231E-05
 2916    3.206031E-05
 2917    3.203834E-05
 2918    3.201638E-05
 2919    3.199445E-05
 2920    3.197255E-05
 2921    2.107421E-04
 2922    2.105979E-04
 2923    2.104539E-04
 2924    2.103100E-04
 2925    2.101662E-04
 2926    2.100226E-04
 2927    2.098792E-04
 2928    2.097359E-04
 2929    2.095927E-04
 2930    2.094497E-04
 2931    1.749263E-04
 2932    1.748070E-04
 2933    1.746879E-04
 2934    1.745688E-04
 2935    1.744499E-04
 2936    1.743311E-04
 2937    1.742125E-04
 2938    1.740939E-04
 2939    1.739755E-04
 2940    1.738572E-04
 2941    1.220006E-04
 2942    1.219177E-04
 2943    1.218348E-04
 2944    1.217521E-04
 2945    1.216694E-04
 2946    1.215869E-04
 2947    1.215044E-04
 2948    1.214220E-04
 2949    1.213397E-04
 2950    1.212574E-04
 2951    4.901569E-05
 2952    4.898250E-05
 2953    4.894933E-05
 2954    4.891620E-05
 2955    4.888311E-05
 2956    4.885004E-05
 2957    4.881702E-05
 2958    4.878402E-05
 2959    4.875106E-05
 2960    4.871813E-05
 2961   -9.922941E-06
 2962   -9.916243E-06
 2963   -9.909552E-06
 2964   -9.902868E-06
 2965   -9.896190E-06
 2966   -9.889519E-06
 2967   -9.882855E-06
 2968   -9.876198E-06
 2969   -9.869547E-06
 2970   -9.862903E-06
 2971   -3.792164E-05
 2972   -3.789613E-05
 2973   -3.787064E-05
 2974   -3.784518E-05
 2975   -3.781975E-05
 2976   -3.779434E-05
 2977   -3.776896E-05
 2978   -3.774360E-05
 2979   -3.771827E-05
 2980   -3.769297E-05
 2981   -3.648838E-05
 2982   -3.646392E-05
 2983   -3.643948E-05
 2984   -3.641507E-05
 2985   -3.639068E-05
 2986   -3.636631E-05
 2987   -3.634197E-05
 2988   -3.631765E-05
 2989   -3.629336E-05
 2990   -3.626909E-05
 2991   -2.836482E-05
 2992   -2.834587E-05
 2993   -2.832693E-05
 2994   -2.830802E-05
 2995   -2.828912E-05
 2996   -2.827024E-05
 2997   -2.825138E-05
 2998   -2.823254E-05
 2999   -2.821372E-05
 3000   -2.819492E-05
 3001   -1.581289E-05
 3002   -1.580236E-05
 3003   -1.579184E-05
 3004   -1.578133E-05
 3005   -1.577083E-05
 3006   -1.576034E-05
 3007   -1.574986E-05
 3008   -1.573939E-05
 3009   -1.572893E-05
 3010   -1.571848E-05
 3011   -6.442341E-06
 3012   -6.438064E-06
 3013   -6.433792E-06
 3014   -6.429525E-06
 3015   -6.425261E-06
 3016   -6.421002E-06
 3017   -6.416746E-06
 3018   -6.412495E-06
 3019   -6.408249E-06
 3020   -6.404006E-06
 3021   -3.366651E-06
 3022   -3.364424E-06
 3023   -3.362199E-06
 3024   -3.359976E-06
 3025   -3.357755E-06
 3026   -3.355537E-06
 3027   -3.353320E-06
 3028   -3.351106E-06
 3029   -3.348894E-06
 3030   -3.346684E-06
 3031   -5.798929E-06
 3032   -5.795105E-06
 3033   -5.791285E-06
 3034   -5.787469E-06
 3035   -5.783656E-06
 3036   -5.779847E-06
 3037   -5.776042E-06
 3038   -5.772241E-06
 3039   -5.768444E-06
 3040   -5.764650E-06
 3041   -7.405062E-06
 3042   -7.400195E-06
 3043   -7.395332E-06
 3044   -7.390475E-06
 3045   -7.385622E-06
 3046   -7.380775E-06
 3047   -7.375932E-06
 3048   -7.371093E-06
 3049   -7.366260E-06
 3050   -7.361431E-06
 3051   -5.652730E-06
 3052   -5.649027E-06
 3053   -5.645327E-06
 3054   -5.641631E-06
 3055   -5.637939E-06
 3056   -5.634251E-06
 3057   -5.630566E-06
 3058   -5.626884E-06
 3059   -5.623207E-06
 3060   -5.619533E-06
 3061   -5.533390E-06
 3062   -5.529777E-06
 3063   -5.526167E-06
 3064   -5.522561E-06
 3065   -5.518959E-06
 3066   -5.515360E-06
 3067   -5.511764E-06
 3068   -5.508172E-06
 3069   -5.504584E-06
 3070   -5.500999E-06
 3071   -7.107278E-06
 3072   -7.102653E-06
 3073   -7.098031E-06
 3074   -7.093415E-06
 3075   -7.088803E-06
 3076   -7.084195E-06
 3077   -7.079592E-06
 3078   -7.074993E-06
 3079   -7.070399E-06
 3080   -7.065810E-06
 3081   -6.468922E-06
 3082   -6.464726E-06
 3083   -6.460533E-06
 3084   -6.456345E-06
 3085   -6.452161E-06
 3086   -6.447981E-06
 3087   -6.443804E-06
 3088   -6.439632E-06
 3089   -6.435464E-06
 3090   -6.431300E-06
 3091   -2.978330E-06
 3092   -2.976404E-06
 3093   -2.974481E-06
 3094   -2.972558E-06
 3095   -2.970638E-06
 3096   -2.968720E-06
 3097   -2.966803E-06
 3098   -2.964889E-06
 3099   -2.962976E-06
 3100   -2.961065E-06
 3101    2.586657E-06
 3102    2.584990E-06
 3103    2.583325E-06
 3104    2.581661E-06
 3105    2.579998E-06
 3106    2.578337E-06
 3107    2.576678E-06
 3108    2.575021E-06
 3109    2.573365E-06
 3110    2.571710E-06
 3111    5.800125E-06
 3112    5.796399E-06
 3113    5.792676E-06
 3114    5.788957E-06
 3115    5.785241E-06
 3116    5.781529E-06
 3117    5.777821E-06
 3118    5.774116E-06
 3119    5.770414E-06
 3120    5.766716E-06
 3121    6.683561E-06
 3122    6.679281E-06
 3123    6.675005E-06
 3124    6.670733E-06
 3125    6.666465E-06
 3126    6.662201E-06
 3127    6.657942E-06
 3128    6.653686E-06
 3129    6.649434E-06
 3130    6.645187E-06
 3131    6.443705E-06
 3132    6.439592E-06
 3133    6.435482E-06
 3134    6.431377E-06
 3135    6.427275E-06
 3136    6.423177E-06
 3137    6.419084E-06
 3138    6.414994E-06
 3139    6.410908E-06
 3140    6.406826E-06
 3141    5.969238E-06
 3142    5.965440E-06
 3143    5.961645E-06
 3144    5.957854E-06
 3145    5.954066E-06
 3146    5.950282E-06
 3147    5.946502E-06
 3148    5.942725E-06
 3149    5.938952E-06
 3150    5.935182E-06
 3151    5.842922E-06
 3152    5.839216E-06
 3153    5.835513E-06
 3154    5.831814E-06
 3155    5.828118E-06
 3156    5.824426E-06
 3157    5.820737E-06
 3158    5.817052E-06
 3159    5.813370E-06
 3160    5.809692E-06
 3161    5.594196E-06
 3162    5.590659E-06
 3163    5.587125E-06
 3164    5.583594E-06
 3165    5.580067E-06
 3166    5.576543E-06
 3167    5.573023E-06
 3168    5.569505E-06
 3169    5.565991E-06
 3170    5.562481E-06
 3171    5.181804E-06
 3172    5.178538E-06
 3173    5.175274E-06
 3174    5.172014E-06
 3175    5.168758E-06
 3176    5.165504E-06
 3177    5.162253E-06
 3178    5.159005E-06
 3179    5.155760E-06
 3180    5.152519E-06
 3181    4.877456E-06
 3182    4.874391E-06
 3183    4.871329E-06
 3184    4.868270E-06
 3185    4.865214E-06
 3186    4.862161E-06
 3187    4.859111E-06
 3188    4.856063E-06
 3189    4.853019E-06
 3190    4.849977E-06
 3191    4.756628E-06
 3192    4.753648E-06
 3193    4.750672E-06
 3194    4.747698E-06
 3195    4.744727E-06
 3196    4.741759E-06
 3197    4.738793E-06
 3198    4.735831E-06
 3199    4.732871E-06
 3200    4.729914E-06
 3201    4.445197E-06
 3202    4.442422E-06
 3203    4.439649E-06
 3204    4.436878E-06
 3205    4.434110E-06
 3206    4.431345E-06
 3207    4.428582E-06
 3208    4.425822E-06
 3209    4.423065E-06
 3210    4.420310E-06
 3211    4.258447E-06
 3212    4.255796E-06
 3213    4.253148E-06
 3214    4.250502E-06
 3215    4.247859E-06
 3216    4.245218E-06
 3217    4.242579E-06
 3218    4.239943E-06
 3219    4.237310E-06
 3220    4.234679E-06
 3221    4.118602E-06
 3222    4.116046E-06
 3223    4.113493E-06
 3224    4.110942E-06
 3225    4.108393E-06
 3226    4.105847E-06
 3227    4.103303E-06
 3228    4.100761E-06
 3229    4.098222E-06
 3230    4.095685E-06
 3231    3.908971E-06
 3232    3.906553E-06
 3233    3.904137E-06
 3234    3.901723E-06
 3235    3.899312E-06
 3236    3.896902E-06
 3237    3.894495E-06
 3238    3.892091E-06
 3239    3.889688E-06
 3240    3.887288E-06
 3241    3.650220E-06
 3242    3.647969E-06
 3243    3.645720E-06
 3244    3.643473E-06
 3245    3.641228E-06
 3246    3.638985E-06
 3247    3.636745E-06
 3248    3.634506E-06
 3249    3.632269E-06
 3250    3.630035E-06
 3251    3.432102E-06
 3252    3.429992E-06
 3253    3.427884E-06
 3254    3.425777E-06
 3255    3.423673E-06
 3256    3.421571E-06
 3257    3.419470E-06
 3258    3.417372E-06
 3259    3.415275E-06
 3260    3.413181E-06
 3261    3.306506E-06
 3262    3.304480E-06
 3263    3.302455E-06
 3264    3.300432E-06
 3265    3.298411E-06
 3266    3.296391E-06
 3267    3.294374E-06
 3268    3.292359E-06
 3269    3.290345E-06
 3270    3.288333E-06
 3271    3.052350E-06
 3272    3.050485E-06
 3273    3.048621E-06
 3274    3.046759E-06
 3275    3.044899E-06
 3276    3.043041E-06
 3277    3.041184E-06
 3278    3.039329E-06
 3279    3.037476E-06
 3280    3.035625E-06
 3281    2.975107E-06
 3282    2.973294E-06
 3283    2.971484E-06
 3284    2.969674E-06
 3285    2.967867E-06
 3286    2.966061E-06
 3287    2.964257E-06
 3288    2.962455E-06
 3289    2.960654E-06
 3290    2.958854E-06
 3291    2.762886E-06
 3292    2.761208E-06
 3293    2.759531E-06
 3294    2.757856E-06
 3295    2.756183E-06
 3296    2.754511E-06
 3297    2.752840E-06
 3298    2.751171E-06
 3299    2.749504E-06
 3300    2.747838E-06
