   50    0.000000E+00
   51    0.000000E+00
   52    0.000000E+00
   53    0.000000E+00
   54    0.000000E+00
   55    0.000000E+00
   56    0.000000E+00
   57    0.000000E+00
   58    0.000000E+00
   59    0.000000E+00
   60    0.000000E+00
   61    0.000000E+00
   62    0.000000E+00
   63    0.000000E+00
   64    0.000000E+00
   65    0.000000E+00
   66    0.000000E+00
   67    0.000000E+00
   68    0.000000E+00
   69    0.000000E+00
   70    0.000000E+00
   71    0.000000E+00
   72    0.000000E+00
   73    0.000000E+00
   74    0.000000E+00
   75    0.000000E+00
   76    0.000000E+00
   77    0.000000E+00
   78    0.000000E+00
   79    0.000000E+00
   80    0.000000E+00
   81    0.000000E+00
   82    0.000000E+00
   83    0.000000E+00
   84    0.000000E+00
   85    0.000000E+00
   86    0.000000E+00
   87    0.000000E+00
   88    0.000000E+00
   89    0.000000E+00
   90    0.000000E+00
   91    0.000000E+00
   92    0.000000E+00
   93    0.000000E+00
   94    0.000000E+00
   95    0.000000E+00
   96    0.000000E+00
   97    0.000000E+00
   98    0.000000E+00
   99    0.000000E+00
  100    0.000000E+00
  101    0.000000E+00
  102    0.000000E+00
  103    0.000000E+00
  104    0.000000E+00
  105    0.000000E+00
  106    0.000000E+00
  107    0.000000E+00
  108    0.000000E+00
  109    0.000000E+00
  110    0.000000E+00
  111    0.000000E+00
  112    0.000000E+00
  113    0.000000E+00
  114    0.000000E+00
  115    0.000000E+00
  116    0.000000E+00
  117    0.000000E+00
  118    0.000000E+00
  119    0.000000E+00
  120    0.000000E+00
  121    0.000000E+00
  122    0.000000E+00
  123    0.000000E+00
  124    0.000000E+00
  125    0.000000E+00
  126    0.000000E+00
  127    0.000000E+00
  128    0.000000E+00
  129    0.000000E+00
  130    0.000000E+00
  131    0.000000E+00
  132    0.000000E+00
  133    0.000000E+00
  134    0.000000E+00
  135    0.000000E+00
  136    0.000000E+00
  137    0.000000E+00
  138    0.000000E+00
  139    0.000000E+00
  140    0.000000E+00
  141    0.000000E+00
  142    0.000000E+00
  143    0.000000E+00
  144    0.000000E+00
  145    0.000000E+00
  146    0.000000E+00
  147    0.000000E+00
  148    0.000000E+00
  149    0.000000E+00
  150    0.000000E+00
  151    0.000000E+00
  152    0.000000E+00
  153    0.000000E+00
  154    0.000000E+00
  155    0.000000E+00
  156    0.000000E+00
  157    0.000000E+00
  158    0.000000E+00
  159    0.000000E+00
  160    0.000000E+00
  161    0.000000E+00
  162    0.000000E+00
  163    0.000000E+00
  164    0.000000E+00
  165    0.000000E+00
  166    0.000000E+00
  167    0.000000E+00
  168    0.000000E+00
  169    0.000000E+00
  170    0.000000E+00
  171    0.000000E+00
  172    0.000000E+00
  173    0.000000E+00
  174    0.000000E+00
  175    0.000000E+00
  176    0.000000E+00
  177    0.000000E+00
  178    0.000000E+00
  179    0.000000E+00
  180    0.000000E+00
  181    2.882397E-12
  182    2.850896E-12
  183    2.819908E-12
  184    2.789422E-12
  185    2.759428E-12
  186    2.729916E-12
  187    2.700874E-12
  188    2.672293E-12
  189    2.644164E-12
  190    2.616476E-12
  191    6.488920E-12
  192    6.421677E-12
  193    6.355475E-12
  194    6.290290E-12
  195    6.226104E-12
  196    6.162894E-12
  197    6.100643E-12
  198    6.039330E-12
  199    5.978937E-12
  200    5.919445E-12
  201    1.216096E-10
  202    1.204115E-10
  203    1.192310E-10
  204    1.180677E-10
  205    1.169215E-10
  206    1.157918E-10
  207    1.146784E-10
  208    1.135810E-10
  209    1.124993E-10
  210    1.114329E-10
  211    1.712826E-10
  212    1.696743E-10
  213    1.680886E-10
  214    1.665250E-10
  215    1.649831E-10
  216    1.634625E-10
  217    1.619628E-10
  218    1.604837E-10
  219    1.590248E-10
  220    1.575856E-10
  221    3.005757E-10
  222    2.978800E-10
  223    2.952203E-10
  224    2.925961E-10
  225    2.900068E-10
  226    2.874517E-10
  227    2.849302E-10
  228    2.824417E-10
  229    2.799857E-10
  230    2.775616E-10
  231    6.819997E-10
  232    6.761456E-10
  233    6.703666E-10
  234    6.646614E-10
  235    6.590286E-10
  236    6.534672E-10
  237    6.479759E-10
  238    6.425535E-10
  239    6.371989E-10
  240    6.319109E-10
  241    6.395419E-10
  242    6.342781E-10
  243    6.290791E-10
  244    6.239438E-10
  245    6.188711E-10
  246    6.138600E-10
  247    6.089095E-10
  248    6.040187E-10
  249    5.991865E-10
  250    5.944121E-10
  251    1.365401E-09
  252    1.354608E-09
  253    1.343941E-09
  254    1.333401E-09
  255    1.322983E-09
  256    1.312688E-09
  257    1.302512E-09
  258    1.292454E-09
  259    1.282512E-09
  260    1.272684E-09
  261    1.463153E-09
  262    1.452026E-09
  263    1.441026E-09
  264    1.430151E-09
  265    1.419397E-09
  266    1.408765E-09
  267    1.398252E-09
  268    1.387856E-09
  269    1.377576E-09
  270    1.367409E-09
  271    1.966981E-09
  272    1.952571E-09
  273    1.938319E-09
  274    1.924222E-09
  275    1.910278E-09
  276    1.896485E-09
  277    1.882842E-09
  278    1.869345E-09
  279    1.855992E-09
  280    1.842782E-09
  281    2.316157E-09
  282    2.299788E-09
  283    2.283592E-09
  284    2.267567E-09
  285    2.251710E-09
  286    2.236019E-09
  287    2.220491E-09
  288    2.205124E-09
  289    2.189916E-09
  290    2.174865E-09
  291    2.919353E-09
  292    2.899425E-09
  293    2.879701E-09
  294    2.860178E-09
  295    2.840852E-09
  296    2.821722E-09
  297    2.802784E-09
  298    2.784037E-09
  299    2.765476E-09
  300    2.747101E-09
  301    3.701198E-09
  302    3.676768E-09
  303    3.652579E-09
  304    3.628627E-09
  305    3.604911E-09
  306    3.581426E-09
  307    3.558170E-09
  308    3.535140E-09
  309    3.512332E-09
  310    3.489745E-09
  311    4.267352E-09
  312    4.240085E-09
  313    4.213078E-09
  314    4.186328E-09
  315    4.159833E-09
  316    4.133588E-09
  317    4.107590E-09
  318    4.081837E-09
  319    4.056326E-09
  320    4.031053E-09
  321    5.153768E-09
  322    5.121856E-09
  323    5.090240E-09
  324    5.058915E-09
  325    5.027879E-09
  326    4.997127E-09
  327    4.966657E-09
  328    4.936465E-09
  329    4.906547E-09
  330    4.876900E-09
  331    6.213051E-09
  332    6.175736E-09
  333    6.138755E-09
  334    6.102106E-09
  335    6.065784E-09
  336    6.029785E-09
  337    5.994106E-09
  338    5.958742E-09
  339    5.923691E-09
  340    5.888948E-09
  341    7.165569E-09
  342    7.123787E-09
  343    7.082370E-09
  344    7.041313E-09
  345    7.000611E-09
  346    6.960262E-09
  347    6.920261E-09
  348    6.880603E-09
  349    6.841285E-09
  350    6.802303E-09
  351    7.824533E-09
  352    7.780201E-09
  353    7.736245E-09
  354    7.692661E-09
  355    7.649444E-09
  356    7.606590E-09
  357    7.564095E-09
  358    7.521955E-09
  359    7.480166E-09
  360    7.438725E-09
  361    9.854671E-09
  362    9.800375E-09
  363    9.746527E-09
  364    9.693121E-09
  365    9.640153E-09
  366    9.587618E-09
  367    9.535512E-09
  368    9.483829E-09
  369    9.432565E-09
  370    9.381715E-09
  371    1.028785E-08
  372    1.023269E-08
  373    1.017797E-08
  374    1.012369E-08
  375    1.006984E-08
  376    1.001642E-08
  377    9.963421E-09
  378    9.910844E-09
  379    9.858681E-09
  380    9.806930E-09
  381    1.218993E-08
  382    1.212628E-08
  383    1.206312E-08
  384    1.200045E-08
  385    1.193827E-08
  386    1.187658E-08
  387    1.181536E-08
  388    1.175461E-08
  389    1.169433E-08
  390    1.163451E-08
  391    1.415628E-08
  392    1.408424E-08
  393    1.401274E-08
  394    1.394179E-08
  395    1.387138E-08
  396    1.380150E-08
  397    1.373214E-08
  398    1.366331E-08
  399    1.359499E-08
  400    1.352719E-08
  401    1.422867E-08
  402    1.415805E-08
  403    1.408796E-08
  404    1.401839E-08
  405    1.394934E-08
  406    1.388079E-08
  407    1.381275E-08
  408    1.374520E-08
  409    1.367815E-08
  410    1.361159E-08
  411    1.812312E-08
  412    1.803536E-08
  413    1.794823E-08
  414    1.786173E-08
  415    1.777586E-08
  416    1.769060E-08
  417    1.760596E-08
  418    1.752192E-08
  419    1.743848E-08
  420    1.735564E-08
  421    1.766859E-08
  422    1.758505E-08
  423    1.750210E-08
  424    1.741974E-08
  425    1.733796E-08
  426    1.725675E-08
  427    1.717611E-08
  428    1.709603E-08
  429    1.701652E-08
  430    1.693755E-08
  431    2.187614E-08
  432    2.177509E-08
  433    2.167475E-08
  434    2.157509E-08
  435    2.147613E-08
  436    2.137784E-08
  437    2.128022E-08
  438    2.118327E-08
  439    2.108698E-08
  440    2.099135E-08
  441    2.293823E-08
  442    2.283467E-08
  443    2.273181E-08
  444    2.262965E-08
  445    2.252817E-08
  446    2.242737E-08
  447    2.232725E-08
  448    2.222780E-08
  449    2.212900E-08
  450    2.203087E-08
  451    2.410688E-08
  452    2.400045E-08
  453    2.389472E-08
  454    2.378969E-08
  455    2.368535E-08
  456    2.358169E-08
  457    2.347872E-08
  458    2.337641E-08
  459    2.327477E-08
  460    2.317380E-08
  461    2.804120E-08
  462    2.792007E-08
  463    2.779973E-08
  464    2.768016E-08
  465    2.756136E-08
  466    2.744332E-08
  467    2.732605E-08
  468    2.720952E-08
  469    2.709373E-08
  470    2.697868E-08
  471    2.792711E-08
  472    2.780903E-08
  473    2.769169E-08
  474    2.757509E-08
  475    2.745923E-08
  476    2.734410E-08
  477    2.722969E-08
  478    2.711600E-08
  479    2.700301E-08
  480    2.689073E-08
  481    3.475178E-08
  482    3.460788E-08
  483    3.446487E-08
  484    3.432275E-08
  485    3.418150E-08
  486    3.404112E-08
  487    3.390161E-08
  488    3.376295E-08
  489    3.362515E-08
  490    3.348818E-08
  491    3.395436E-08
  492    3.381662E-08
  493    3.367971E-08
  494    3.354363E-08
  495    3.340837E-08
  496    3.327393E-08
  497    3.314030E-08
  498    3.300747E-08
  499    3.287544E-08
  500    3.274420E-08
  501    3.782562E-08
  502    3.767522E-08
  503    3.752572E-08
  504    3.737710E-08
  505    3.722936E-08
  506    3.708250E-08
  507    3.693651E-08
  508    3.679138E-08
  509    3.664710E-08
  510    3.650366E-08
  511    4.285614E-08
  512    4.268906E-08
  513    4.252295E-08
  514    4.235781E-08
  515    4.219364E-08
  516    4.203041E-08
  517    4.186813E-08
  518    4.170679E-08
  519    4.154638E-08
  520    4.138689E-08
  521    4.331565E-08
  522    4.315001E-08
  523    4.298531E-08
  524    4.282156E-08
  525    4.265874E-08
  526    4.249685E-08
  527    4.233588E-08
  528    4.217582E-08
  529    4.201666E-08
  530    4.185841E-08
  531    5.102458E-08
  532    5.083312E-08
  533    5.064273E-08
  534    5.045341E-08
  535    5.026515E-08
  536    5.007794E-08
  537    4.989178E-08
  538    4.970665E-08
  539    4.952256E-08
  540    4.933948E-08
  541    4.970660E-08
  542    4.952351E-08
  543    4.934144E-08
  544    4.916037E-08
  545    4.898030E-08
  546    4.880121E-08
  547    4.862310E-08
  548    4.844597E-08
  549    4.826980E-08
  550    4.809460E-08
  551    5.747056E-08
  552    5.726271E-08
  553    5.705599E-08
  554    5.685038E-08
  555    5.664588E-08
  556    5.644248E-08
  557    5.624018E-08
  558    5.603896E-08
  559    5.583882E-08
  560    5.563976E-08
  561    5.975321E-08
  562    5.954095E-08
  563    5.932981E-08
  564    5.911979E-08
  565    5.891089E-08
  566    5.870309E-08
  567    5.849639E-08
  568    5.829078E-08
  569    5.808625E-08
  570    5.788279E-08
  571    6.170669E-08
  572    6.149131E-08
  573    6.127706E-08
  574    6.106392E-08
  575    6.085189E-08
  576    6.064097E-08
  577    6.043114E-08
  578    6.022239E-08
  579    6.001473E-08
  580    5.980814E-08
  581    6.755927E-08
  582    6.732750E-08
  583    6.709693E-08
  584    6.686754E-08
  585    6.663932E-08
  586    6.641227E-08
  587    6.618638E-08
  588    6.596164E-08
  589    6.573804E-08
  590    6.551557E-08
  591    7.109372E-08
  592    7.085394E-08
  593    7.061538E-08
  594    7.037801E-08
  595    7.014185E-08
  596    6.990687E-08
  597    6.967306E-08
  598    6.944043E-08
  599    6.920896E-08
  600    6.897865E-08
  601    7.736860E-08
  602    7.711199E-08
  603    7.685665E-08
  604    7.660258E-08
  605    7.634976E-08
  606    7.609820E-08
  607    7.584788E-08
  608    7.559879E-08
  609    7.535092E-08
  610    7.510427E-08
  611    7.804479E-08
  612    7.779016E-08
  613    7.753677E-08
  614    7.728462E-08
  615    7.703370E-08
  616    7.678399E-08
  617    7.653550E-08
  618    7.628821E-08
  619    7.604212E-08
  620    7.579722E-08
  621    8.697898E-08
  622    8.669975E-08
  623    8.642187E-08
  624    8.614532E-08
  625    8.587010E-08
  626    8.559619E-08
  627    8.532359E-08
  628    8.505229E-08
  629    8.478228E-08
  630    8.451356E-08
  631    8.858328E-08
  632    8.830340E-08
  633    8.802484E-08
  634    8.774760E-08
  635    8.747166E-08
  636    8.719702E-08
  637    8.692368E-08
  638    8.665162E-08
  639    8.638083E-08
  640    8.611131E-08
  641    9.268800E-08
  642    9.239970E-08
  643    9.211274E-08
  644    9.182712E-08
  645    9.154283E-08
  646    9.125985E-08
  647    9.097819E-08
  648    9.069782E-08
  649    9.041875E-08
  650    9.014097E-08
  651    9.995434E-08
  652    9.964820E-08
  653    9.934346E-08
  654    9.904013E-08
  655    9.873817E-08
  656    9.843760E-08
  657    9.813840E-08
  658    9.784056E-08
  659    9.754407E-08
  660    9.724893E-08
  661    1.005846E-07
  662    1.002812E-07
  663    9.997912E-08
  664    9.967843E-08
  665    9.937909E-08
  666    9.908110E-08
  667    9.878445E-08
  668    9.848913E-08
  669    9.819514E-08
  670    9.790245E-08
  671    1.102761E-07
  672    1.099483E-07
  673    1.096221E-07
  674    1.092973E-07
  675    1.089739E-07
  676    1.086520E-07
  677    1.083315E-07
  678    1.080124E-07
  679    1.076947E-07
  680    1.073784E-07
  681    1.100242E-07
  682    1.097020E-07
  683    1.093813E-07
  684    1.090619E-07
  685    1.087440E-07
  686    1.084274E-07
  687    1.081122E-07
  688    1.077984E-07
  689    1.074859E-07
  690    1.071748E-07
  691    1.145376E-07
  692    1.142071E-07
  693    1.138779E-07
  694    1.135502E-07
  695    1.132239E-07
  696    1.128991E-07
  697    1.125756E-07
  698    1.122535E-07
  699    1.119327E-07
  700    1.116134E-07
  701    1.178211E-07
  702    1.174859E-07
  703    1.171522E-07
  704    1.168198E-07
  705    1.164889E-07
  706    1.161594E-07
  707    1.158312E-07
  708    1.155045E-07
  709    1.151791E-07
  710    1.148551E-07
  711    1.194700E-07
  712    1.191349E-07
  713    1.188012E-07
  714    1.184689E-07
  715    1.181380E-07
  716    1.178084E-07
  717    1.174803E-07
  718    1.171535E-07
  719    1.168281E-07
  720    1.165040E-07
  721    1.262286E-07
  722    1.258794E-07
  723    1.255316E-07
  724    1.251854E-07
  725    1.248405E-07
  726    1.244970E-07
  727    1.241550E-07
  728    1.238144E-07
  729    1.234752E-07
  730    1.231374E-07
  731    1.252602E-07
  732    1.249184E-07
  733    1.245780E-07
  734    1.242390E-07
  735    1.239014E-07
  736    1.235652E-07
  737    1.232303E-07
  738    1.228968E-07
  739    1.225647E-07
  740    1.222339E-07
  741    1.330346E-07
  742    1.326765E-07
  743    1.323198E-07
  744    1.319646E-07
  745    1.316108E-07
  746    1.312584E-07
  747    1.309075E-07
  748    1.305579E-07
  749    1.302098E-07
  750    1.298630E-07
  751    1.300856E-07
  752    1.297400E-07
  753    1.293959E-07
  754    1.290531E-07
  755    1.287117E-07
  756    1.283717E-07
  757    1.280330E-07
  758    1.276956E-07
  759    1.273595E-07
  760    1.270248E-07
  761    1.323964E-07
  762    1.320493E-07
  763    1.317037E-07
  764    1.313593E-07
  765    1.310164E-07
  766    1.306747E-07
  767    1.303344E-07
  768    1.299955E-07
  769    1.296578E-07
  770    1.293215E-07
  771    1.373380E-07
  772    1.369827E-07
  773    1.366287E-07
  774    1.362762E-07
  775    1.359249E-07
  776    1.355751E-07
  777    1.352265E-07
  778    1.348794E-07
  779    1.345335E-07
  780    1.341890E-07
  781    1.332929E-07
  782    1.329524E-07
  783    1.326133E-07
  784    1.322754E-07
  785    1.319388E-07
  786    1.316035E-07
  787    1.312695E-07
  788    1.309368E-07
  789    1.306053E-07
  790    1.302750E-07
  791    1.413168E-07
  792    1.409604E-07
  793    1.406053E-07
  794    1.402516E-07
  795    1.398992E-07
  796    1.395481E-07
  797    1.391984E-07
  798    1.388500E-07
  799    1.385028E-07
  800    1.381570E-07
  801    1.384705E-07
  802    1.381256E-07
  803    1.377820E-07
  804    1.374397E-07
  805    1.370987E-07
  806    1.367589E-07
  807    1.364204E-07
  808    1.360831E-07
  809    1.357471E-07
  810    1.354123E-07
  811    1.402892E-07
  812    1.399441E-07
  813    1.396002E-07
  814    1.392577E-07
  815    1.389163E-07
  816    1.385763E-07
  817    1.382375E-07
  818    1.378999E-07
  819    1.375635E-07
  820    1.372284E-07
  821    1.447098E-07
  822    1.443582E-07
  823    1.440078E-07
  824    1.436587E-07
  825    1.433108E-07
  826    1.429643E-07
  827    1.426189E-07
  828    1.422749E-07
  829    1.419320E-07
  830    1.415904E-07
  831    1.389125E-07
  832    1.385790E-07
  833    1.382467E-07
  834    1.379156E-07
  835    1.375856E-07
  836    1.372569E-07
  837    1.369293E-07
  838    1.366029E-07
  839    1.362776E-07
  840    1.359535E-07
  841    1.483575E-07
  842    1.480055E-07
  843    1.476548E-07
  844    1.473053E-07
  845    1.469571E-07
  846    1.466101E-07
  847    1.462643E-07
  848    1.459197E-07
  849    1.455764E-07
  850    1.452343E-07
  851    1.369142E-07
  852    1.365932E-07
  853    1.362733E-07
  854    1.359545E-07
  855    1.356368E-07
  856    1.353203E-07
  857    1.350049E-07
  858    1.346905E-07
  859    1.343773E-07
  860    1.340652E-07
  861    1.389150E-07
  862    1.385931E-07
  863    1.382723E-07
  864    1.379526E-07
  865    1.376340E-07
  866    1.373165E-07
  867    1.370001E-07
  868    1.366848E-07
  869    1.363705E-07
  870    1.360574E-07
  871    1.404905E-07
  872    1.401687E-07
  873    1.398479E-07
  874    1.395283E-07
  875    1.392097E-07
  876    1.388922E-07
  877    1.385759E-07
  878    1.382606E-07
  879    1.379463E-07
  880    1.376332E-07
  881    1.309974E-07
  882    1.307007E-07
  883    1.304050E-07
  884    1.301103E-07
  885    1.298166E-07
  886    1.295239E-07
  887    1.292322E-07
  888    1.289415E-07
  889    1.286517E-07
  890    1.283629E-07
  891    1.402669E-07
  892    1.399528E-07
  893    1.396397E-07
  894    1.393276E-07
  895    1.390166E-07
  896    1.387067E-07
  897    1.383977E-07
  898    1.380899E-07
  899    1.377830E-07
  900    1.374771E-07
  901    1.295179E-07
  902    1.292311E-07
  903    1.289452E-07
  904    1.286602E-07
  905    1.283762E-07
  906    1.280931E-07
  907    1.278110E-07
  908    1.275298E-07
  909    1.272495E-07
  910    1.269701E-07
  911    1.300712E-07
  912    1.297863E-07
  913    1.295023E-07
  914    1.292192E-07
  915    1.289371E-07
  916    1.286559E-07
  917    1.283756E-07
  918    1.280962E-07
  919    1.278177E-07
  920    1.275402E-07
  921    1.293262E-07
  922    1.290459E-07
  923    1.287666E-07
  924    1.284882E-07
  925    1.282107E-07
  926    1.279341E-07
  927    1.276583E-07
  928    1.273835E-07
  929    1.271096E-07
  930    1.268365E-07
  931    1.190705E-07
  932    1.188153E-07
  933    1.185609E-07
  934    1.183073E-07
  935    1.180545E-07
  936    1.178025E-07
  937    1.175513E-07
  938    1.173009E-07
  939    1.170513E-07
  940    1.168026E-07
  941    1.262411E-07
  942    1.259734E-07
  943    1.257065E-07
  944    1.254404E-07
  945    1.251752E-07
  946    1.249109E-07
  947    1.246473E-07
  948    1.243847E-07
  949    1.241228E-07
  950    1.238618E-07
  951    1.148334E-07
  952    1.145924E-07
  953    1.143521E-07
  954    1.141126E-07
  955    1.138739E-07
  956    1.136359E-07
  957    1.133987E-07
  958    1.131622E-07
  959    1.129265E-07
  960    1.126914E-07
  961    1.164322E-07
  962    1.161904E-07
  963    1.159493E-07
  964    1.157090E-07
  965    1.154695E-07
  966    1.152307E-07
  967    1.149926E-07
  968    1.147552E-07
  969    1.145186E-07
  970    1.142827E-07
  971    1.101246E-07
  972    1.098983E-07
  973    1.096726E-07
  974    1.094476E-07
  975    1.092234E-07
  976    1.089998E-07
  977    1.087769E-07
  978    1.085546E-07
  979    1.083331E-07
  980    1.081122E-07
  981    1.040494E-07
  982    1.038377E-07
  983    1.036266E-07
  984    1.034162E-07
  985    1.032065E-07
  986    1.029973E-07
  987    1.027888E-07
  988    1.025810E-07
  989    1.023737E-07
  990    1.021671E-07
  991    1.088616E-07
  992    1.086424E-07
  993    1.084238E-07
  994    1.082058E-07
  995    1.079886E-07
  996    1.077719E-07
  997    1.075560E-07
  998    1.073406E-07
  999    1.071260E-07
 1000    1.069119E-07
 1001    9.590676E-08
 1002    9.571552E-08
 1003    9.552485E-08
 1004    9.533475E-08
 1005    9.514522E-08
 1006    9.495625E-08
 1007    9.476785E-08
 1008    9.458000E-08
 1009    9.439272E-08
 1010    9.420598E-08
 1011    1.021457E-07
 1012    1.019440E-07
 1013    1.017430E-07
 1014    1.015425E-07
 1015    1.013426E-07
 1016    1.011433E-07
 1017    1.009446E-07
 1018    1.007465E-07
 1019    1.005489E-07
 1020    1.003520E-07
 1021    9.768789E-08
 1022    9.749691E-08
 1023    9.730648E-08
 1024    9.711662E-08
 1025    9.692731E-08
 1026    9.673855E-08
 1027    9.655034E-08
 1028    9.636268E-08
 1029    9.617557E-08
 1030    9.598900E-08
 1031    9.398943E-08
 1032    9.380746E-08
 1033    9.362601E-08
 1034    9.344509E-08
 1035    9.326470E-08
 1036    9.308482E-08
 1037    9.290547E-08
 1038    9.272663E-08
 1039    9.254831E-08
 1040    9.237050E-08
 1041    9.532630E-08
 1042    9.514350E-08
 1043    9.496124E-08
 1044    9.477949E-08
 1045    9.459827E-08
 1046    9.441757E-08
 1047    9.423738E-08
 1048    9.405771E-08
 1049    9.387855E-08
 1050    9.369991E-08
 1051    8.898830E-08
 1052    8.881928E-08
 1053    8.865075E-08
 1054    8.848269E-08
 1055    8.831511E-08
 1056    8.814800E-08
 1057    8.798137E-08
 1058    8.781521E-08
 1059    8.764952E-08
 1060    8.748430E-08
 1061    9.711067E-08
 1062    9.692796E-08
 1063    9.674577E-08
 1064    9.656409E-08
 1065    9.638292E-08
 1066    9.620225E-08
 1067    9.602210E-08
 1068    9.584245E-08
 1069    9.566331E-08
 1070    9.548466E-08
 1071    9.487759E-08
 1072    9.470074E-08
 1073    9.452439E-08
 1074    9.434853E-08
 1075    9.417316E-08
 1076    9.399828E-08
 1077    9.382389E-08
 1078    9.364998E-08
 1079    9.347655E-08
 1080    9.330361E-08
 1081    9.788233E-08
 1082    9.770157E-08
 1083    9.752131E-08
 1084    9.734155E-08
 1085    9.716228E-08
 1086    9.698351E-08
 1087    9.680523E-08
 1088    9.662744E-08
 1089    9.645014E-08
 1090    9.627333E-08
 1091    1.004056E-07
 1092    1.002219E-07
 1093    1.000386E-07
 1094    9.985591E-08
 1095    9.967370E-08
 1096    9.949198E-08
 1097    9.931075E-08
 1098    9.913002E-08
 1099    9.894979E-08
 1100    9.877004E-08
 1101    1.025183E-07
 1102    1.023324E-07
 1103    1.021471E-07
 1104    1.019622E-07
 1105    1.017778E-07
 1106    1.015939E-07
 1107    1.014105E-07
 1108    1.012276E-07
 1109    1.010453E-07
 1110    1.008634E-07
 1111    1.083296E-07
 1112    1.081350E-07
 1113    1.079408E-07
 1114    1.077472E-07
 1115    1.075541E-07
 1116    1.073615E-07
 1117    1.071695E-07
 1118    1.069779E-07
 1119    1.067869E-07
 1120    1.065964E-07
 1121    1.143255E-07
 1122    1.141219E-07
 1123    1.139188E-07
 1124    1.137163E-07
 1125    1.135143E-07
 1126    1.133129E-07
 1127    1.131120E-07
 1128    1.129116E-07
 1129    1.127118E-07
 1130    1.125124E-07
 1131    1.224410E-07
 1132    1.222249E-07
 1133    1.220093E-07
 1134    1.217943E-07
 1135    1.215799E-07
 1136    1.213660E-07
 1137    1.211528E-07
 1138    1.209400E-07
 1139    1.207278E-07
 1140    1.205162E-07
 1141    1.341255E-07
 1142    1.338908E-07
 1143    1.336567E-07
 1144    1.334233E-07
 1145    1.331904E-07
 1146    1.329582E-07
 1147    1.327266E-07
 1148    1.324955E-07
 1149    1.322651E-07
 1150    1.320353E-07
 1151    1.439857E-07
 1152    1.437359E-07
 1153    1.434868E-07
 1154    1.432384E-07
 1155    1.429905E-07
 1156    1.427434E-07
 1157    1.424968E-07
 1158    1.422509E-07
 1159    1.420057E-07
 1160    1.417611E-07
 1161    1.556125E-07
 1162    1.553449E-07
 1163    1.550780E-07
 1164    1.548118E-07
 1165    1.545462E-07
 1166    1.542814E-07
 1167    1.540172E-07
 1168    1.537537E-07
 1169    1.534909E-07
 1170    1.532287E-07
 1171    1.694882E-07
 1172    1.691992E-07
 1173    1.689109E-07
 1174    1.686234E-07
 1175    1.683367E-07
 1176    1.680506E-07
 1177    1.677653E-07
 1178    1.674807E-07
 1179    1.671968E-07
 1180    1.669137E-07
 1181    1.953574E-07
 1182    1.950271E-07
 1183    1.946976E-07
 1184    1.943690E-07
 1185    1.940413E-07
 1186    1.937143E-07
 1187    1.933882E-07
 1188    1.930629E-07
 1189    1.927384E-07
 1190    1.924148E-07
 1191    2.110204E-07
 1192    2.106666E-07
 1193    2.103138E-07
 1194    2.099618E-07
 1195    2.096107E-07
 1196    2.092604E-07
 1197    2.089111E-07
 1198    2.085626E-07
 1199    2.082150E-07
 1200    2.078683E-07
 1201    2.369686E-07
 1202    2.365746E-07
 1203    2.361817E-07
 1204    2.357897E-07
 1205    2.353986E-07
 1206    2.350086E-07
 1207    2.346195E-07
 1208    2.342314E-07
 1209    2.338442E-07
 1210    2.334580E-07
 1211    2.587057E-07
 1212    2.582791E-07
 1213    2.578536E-07
 1214    2.574292E-07
 1215    2.570058E-07
 1216    2.565834E-07
 1217    2.561621E-07
 1218    2.557418E-07
 1219    2.553226E-07
 1220    2.549044E-07
 1221    2.855592E-07
 1222    2.850922E-07
 1223    2.846264E-07
 1224    2.841617E-07
 1225    2.836981E-07
 1226    2.832357E-07
 1227    2.827744E-07
 1228    2.823143E-07
 1229    2.818552E-07
 1230    2.813973E-07
 1231    3.369240E-07
 1232    3.363775E-07
 1233    3.358323E-07
 1234    3.352885E-07
 1235    3.347459E-07
 1236    3.342047E-07
 1237    3.336648E-07
 1238    3.331262E-07
 1239    3.325889E-07
 1240    3.320529E-07
 1241    3.523989E-07
 1242    3.518319E-07
 1243    3.512663E-07
 1244    3.507020E-07
 1245    3.501391E-07
 1246    3.495775E-07
 1247    3.490173E-07
 1248    3.484584E-07
 1249    3.479009E-07
 1250    3.473447E-07
 1251    3.895728E-07
 1252    3.889510E-07
 1253    3.883306E-07
 1254    3.877118E-07
 1255    3.870944E-07
 1256    3.864785E-07
 1257    3.858641E-07
 1258    3.852511E-07
 1259    3.846396E-07
 1260    3.840295E-07
 1261    4.103875E-07
 1262    4.097376E-07
 1263    4.090893E-07
 1264    4.084425E-07
 1265    4.077973E-07
 1266    4.071536E-07
 1267    4.065114E-07
 1268    4.058707E-07
 1269    4.052315E-07
 1270    4.045939E-07
 1271    4.753008E-07
 1272    4.745541E-07
 1273    4.738091E-07
 1274    4.730659E-07
 1275    4.723244E-07
 1276    4.715846E-07
 1277    4.708466E-07
 1278    4.701104E-07
 1279    4.693758E-07
 1280    4.686430E-07
 1281    5.101154E-07
 1282    5.093202E-07
 1283    5.085269E-07
 1284    5.077354E-07
 1285    5.069457E-07
 1286    5.061579E-07
 1287    5.053720E-07
 1288    5.045879E-07
 1289    5.038056E-07
 1290    5.030251E-07
 1291    5.622744E-07
 1292    5.614047E-07
 1293    5.605370E-07
 1294    5.596713E-07
 1295    5.588076E-07
 1296    5.579459E-07
 1297    5.570862E-07
 1298    5.562285E-07
 1299    5.553727E-07
 1300    5.545190E-07
 1301    6.319770E-07
 1302    6.310070E-07
 1303    6.300392E-07
 1304    6.290736E-07
 1305    6.281102E-07
 1306    6.271491E-07
 1307    6.261901E-07
 1308    6.252334E-07
 1309    6.242788E-07
 1310    6.233265E-07
 1311    6.765940E-07
 1312    6.755634E-07
 1313    6.745351E-07
 1314    6.735092E-07
 1315    6.724857E-07
 1316    6.714644E-07
 1317    6.704455E-07
 1318    6.694289E-07
 1319    6.684146E-07
 1320    6.674026E-07
 1321    7.550575E-07
 1322    7.539161E-07
 1323    7.527772E-07
 1324    7.516410E-07
 1325    7.505073E-07
 1326    7.493761E-07
 1327    7.482476E-07
 1328    7.471215E-07
 1329    7.459980E-07
 1330    7.448771E-07
 1331    8.180552E-07
 1332    8.168278E-07
 1333    8.156031E-07
 1334    8.143813E-07
 1335    8.131621E-07
 1336    8.119457E-07
 1337    8.107321E-07
 1338    8.095211E-07
 1339    8.083129E-07
 1340    8.071073E-07
 1341    8.436710E-07
 1342    8.424146E-07
 1343    8.411610E-07
 1344    8.399102E-07
 1345    8.386622E-07
 1346    8.374170E-07
 1347    8.361745E-07
 1348    8.349348E-07
 1349    8.336979E-07
 1350    8.324637E-07
 1351    9.291162E-07
 1352    9.277427E-07
 1353    9.263724E-07
 1354    9.250050E-07
 1355    9.236407E-07
 1356    9.222794E-07
 1357    9.209211E-07
 1358    9.195658E-07
 1359    9.182135E-07
 1360    9.168642E-07
 1361    9.666296E-07
 1362    9.652112E-07
 1363    9.637959E-07
 1364    9.623838E-07
 1365    9.609747E-07
 1366    9.595687E-07
 1367    9.581659E-07
 1368    9.567661E-07
 1369    9.553693E-07
 1370    9.539756E-07
 1371    1.059082E-06
 1372    1.057539E-06
 1373    1.056000E-06
 1374    1.054464E-06
 1375    1.052931E-06
 1376    1.051402E-06
 1377    1.049876E-06
 1378    1.048353E-06
 1379    1.046834E-06
 1380    1.045318E-06
 1381    1.131486E-06
 1382    1.129850E-06
 1383    1.128217E-06
 1384    1.126588E-06
 1385    1.124962E-06
 1386    1.123340E-06
 1387    1.121721E-06
 1388    1.120106E-06
 1389    1.118494E-06
 1390    1.116886E-06
 1391    1.189211E-06
 1392    1.187504E-06
 1393    1.185800E-06
 1394    1.184100E-06
 1395    1.182403E-06
 1396    1.180711E-06
 1397    1.179021E-06
 1398    1.177336E-06
 1399    1.175654E-06
 1400    1.173976E-06
 1401    1.291197E-06
 1402    1.289357E-06
 1403    1.287520E-06
 1404    1.285687E-06
 1405    1.283858E-06
 1406    1.282033E-06
 1407    1.280212E-06
 1408    1.278395E-06
 1409    1.276582E-06
 1410    1.274772E-06
 1411    1.310831E-06
 1412    1.308975E-06
 1413    1.307124E-06
 1414    1.305276E-06
 1415    1.303433E-06
 1416    1.301593E-06
 1417    1.299757E-06
 1418    1.297925E-06
 1419    1.296097E-06
 1420    1.294273E-06
 1421    1.452088E-06
 1422    1.450047E-06
 1423    1.448010E-06
 1424    1.445978E-06
 1425    1.443950E-06
 1426    1.441926E-06
 1427    1.439907E-06
 1428    1.437891E-06
 1429    1.435880E-06
 1430    1.433874E-06
 1431    1.539207E-06
 1432    1.537059E-06
 1433    1.534915E-06
 1434    1.532776E-06
 1435    1.530641E-06
 1436    1.528511E-06
 1437    1.526385E-06
 1438    1.524264E-06
 1439    1.522147E-06
 1440    1.520034E-06
 1441    1.656200E-06
 1442    1.653904E-06
 1443    1.651613E-06
 1444    1.649327E-06
 1445    1.647046E-06
 1446    1.644770E-06
 1447    1.642498E-06
 1448    1.640231E-06
 1449    1.637968E-06
 1450    1.635711E-06
 1451    1.646308E-06
 1452    1.644042E-06
 1453    1.641780E-06
 1454    1.639523E-06
 1455    1.637271E-06
 1456    1.635024E-06
 1457    1.632781E-06
 1458    1.630543E-06
 1459    1.628309E-06
 1460    1.626080E-06
 1461    1.719227E-06
 1462    1.716876E-06
 1463    1.714531E-06
 1464    1.712190E-06
 1465    1.709854E-06
 1466    1.707523E-06
 1467    1.705197E-06
 1468    1.702875E-06
 1469    1.700558E-06
 1470    1.698246E-06
 1471    1.844402E-06
 1472    1.841898E-06
 1473    1.839399E-06
 1474    1.836905E-06
 1475    1.834416E-06
 1476    1.831932E-06
 1477    1.829453E-06
 1478    1.826979E-06
 1479    1.824510E-06
 1480    1.822046E-06
 1481    1.974982E-06
 1482    1.972319E-06
 1483    1.969661E-06
 1484    1.967008E-06
 1485    1.964361E-06
 1486    1.961719E-06
 1487    1.959082E-06
 1488    1.956451E-06
 1489    1.953824E-06
 1490    1.951204E-06
 1491    2.098548E-06
 1492    2.095737E-06
 1493    2.092931E-06
 1494    2.090131E-06
 1495    2.087337E-06
 1496    2.084548E-06
 1497    2.081765E-06
 1498    2.078988E-06
 1499    2.076216E-06
 1500    2.073449E-06
 1501    2.181494E-06
 1502    2.178591E-06
 1503    2.175694E-06
 1504    2.172803E-06
 1505    2.169917E-06
 1506    2.167037E-06
 1507    2.164163E-06
 1508    2.161295E-06
 1509    2.158432E-06
 1510    2.155575E-06
 1511    2.237445E-06
 1512    2.234488E-06
 1513    2.231536E-06
 1514    2.228590E-06
 1515    2.225650E-06
 1516    2.222716E-06
 1517    2.219787E-06
 1518    2.216865E-06
 1519    2.213948E-06
 1520    2.211037E-06
 1521    2.511881E-06
 1522    2.508582E-06
 1523    2.505290E-06
 1524    2.502004E-06
 1525    2.498725E-06
 1526    2.495452E-06
 1527    2.492186E-06
 1528    2.488926E-06
 1529    2.485673E-06
 1530    2.482426E-06
 1531    2.598438E-06
 1532    2.595048E-06
 1533    2.591665E-06
 1534    2.588288E-06
 1535    2.584918E-06
 1536    2.581554E-06
 1537    2.578197E-06
 1538    2.574847E-06
 1539    2.571503E-06
 1540    2.568165E-06
 1541    2.699573E-06
 1542    2.696074E-06
 1543    2.692581E-06
 1544    2.689096E-06
 1545    2.685617E-06
 1546    2.682145E-06
 1547    2.678680E-06
 1548    2.675221E-06
 1549    2.671769E-06
 1550    2.668324E-06
 1551    2.646305E-06
 1552    2.642897E-06
 1553    2.639496E-06
 1554    2.636101E-06
 1555    2.632712E-06
 1556    2.629331E-06
 1557    2.625955E-06
 1558    2.622587E-06
 1559    2.619224E-06
 1560    2.615869E-06
 1561    2.751489E-06
 1562    2.747968E-06
 1563    2.744454E-06
 1564    2.740947E-06
 1565    2.737446E-06
 1566    2.733953E-06
 1567    2.730465E-06
 1568    2.726985E-06
 1569    2.723511E-06
 1570    2.720044E-06
 1571    2.851063E-06
 1572    2.847438E-06
 1573    2.843820E-06
 1574    2.840209E-06
 1575    2.836605E-06
 1576    2.833007E-06
 1577    2.829417E-06
 1578    2.825833E-06
 1579    2.822256E-06
 1580    2.818686E-06
 1581    2.984713E-06
 1582    2.980942E-06
 1583    2.977178E-06
 1584    2.973421E-06
 1585    2.969672E-06
 1586    2.965929E-06
 1587    2.962194E-06
 1588    2.958465E-06
 1589    2.954744E-06
 1590    2.951030E-06
 1591    3.123957E-06
 1592    3.120035E-06
 1593    3.116120E-06
 1594    3.112213E-06
 1595    3.108313E-06
 1596    3.104420E-06
 1597    3.100535E-06
 1598    3.096657E-06
 1599    3.092786E-06
 1600    3.088923E-06
 1601    3.160152E-06
 1602    3.156209E-06
 1603    3.152273E-06
 1604    3.148345E-06
 1605    3.144425E-06
 1606    3.140511E-06
 1607    3.136605E-06
 1608    3.132706E-06
 1609    3.128815E-06
 1610    3.124930E-06
 1611    3.327786E-06
 1612    3.323660E-06
 1613    3.319542E-06
 1614    3.315431E-06
 1615    3.311328E-06
 1616    3.307232E-06
 1617    3.303144E-06
 1618    3.299063E-06
 1619    3.294991E-06
 1620    3.290925E-06
 1621    3.423966E-06
 1622    3.419746E-06
 1623    3.415535E-06
 1624    3.411331E-06
 1625    3.407135E-06
 1626    3.402947E-06
 1627    3.398766E-06
 1628    3.394594E-06
 1629    3.390428E-06
 1630    3.386271E-06
 1631    3.556250E-06
 1632    3.551894E-06
 1633    3.547547E-06
 1634    3.543207E-06
 1635    3.538876E-06
 1636    3.534552E-06
 1637    3.530236E-06
 1638    3.525929E-06
 1639    3.521629E-06
 1640    3.517337E-06
 1641    3.694588E-06
 1642    3.690090E-06
 1643    3.685601E-06
 1644    3.681120E-06
 1645    3.676648E-06
 1646    3.672183E-06
 1647    3.667726E-06
 1648    3.663278E-06
 1649    3.658838E-06
 1650    3.654405E-06
 1651    3.690345E-06
 1652    3.685880E-06
 1653    3.681423E-06
 1654    3.676974E-06
 1655    3.672533E-06
 1656    3.668101E-06
 1657    3.663676E-06
 1658    3.659259E-06
 1659    3.654850E-06
 1660    3.650450E-06
 1661    3.863909E-06
 1662    3.859262E-06
 1663    3.854624E-06
 1664    3.849994E-06
 1665    3.845372E-06
 1666    3.840758E-06
 1667    3.836153E-06
 1668    3.831556E-06
 1669    3.826967E-06
 1670    3.822387E-06
 1671    3.950055E-06
 1672    3.945333E-06
 1673    3.940619E-06
 1674    3.935914E-06
 1675    3.931217E-06
 1676    3.926529E-06
 1677    3.921849E-06
 1678    3.917177E-06
 1679    3.912514E-06
 1680    3.907859E-06
 1681    4.068221E-06
 1682    4.063386E-06
 1683    4.058561E-06
 1684    4.053743E-06
 1685    4.048935E-06
 1686    4.044134E-06
 1687    4.039343E-06
 1688    4.034560E-06
 1689    4.029785E-06
 1690    4.025019E-06
 1691    4.183823E-06
 1692    4.178880E-06
 1693    4.173946E-06
 1694    4.169021E-06
 1695    4.164105E-06
 1696    4.159198E-06
 1697    4.154299E-06
 1698    4.149408E-06
 1699    4.144527E-06
 1700    4.139654E-06
 1701    4.019135E-06
 1702    4.014414E-06
 1703    4.009703E-06
 1704    4.004999E-06
 1705    4.000304E-06
 1706    3.995617E-06
 1707    3.990938E-06
 1708    3.986268E-06
 1709    3.981606E-06
 1710    3.976952E-06
 1711    4.131857E-06
 1712    4.127033E-06
 1713    4.122217E-06
 1714    4.117410E-06
 1715    4.112611E-06
 1716    4.107821E-06
 1717    4.103039E-06
 1718    4.098265E-06
 1719    4.093499E-06
 1720    4.088742E-06
 1721    4.215655E-06
 1722    4.210762E-06
 1723    4.205877E-06
 1724    4.201000E-06
 1725    4.196132E-06
 1726    4.191273E-06
 1727    4.186422E-06
 1728    4.181579E-06
 1729    4.176745E-06
 1730    4.171919E-06
 1731    4.459971E-06
 1732    4.454824E-06
 1733    4.449686E-06
 1734    4.444556E-06
 1735    4.439436E-06
 1736    4.434324E-06
 1737    4.429222E-06
 1738    4.424128E-06
 1739    4.419042E-06
 1740    4.413966E-06
 1741    4.529207E-06
 1742    4.524010E-06
 1743    4.518822E-06
 1744    4.513642E-06
 1745    4.508472E-06
 1746    4.503311E-06
 1747    4.498158E-06
 1748    4.493015E-06
 1749    4.487880E-06
 1750    4.482754E-06
 1751    4.483744E-06
 1752    4.478628E-06
 1753    4.473522E-06
 1754    4.468424E-06
 1755    4.463334E-06
 1756    4.458254E-06
 1757    4.453182E-06
 1758    4.448118E-06
 1759    4.443064E-06
 1760    4.438018E-06
 1761    4.727107E-06
 1762    4.721745E-06
 1763    4.716391E-06
 1764    4.711047E-06
 1765    4.705712E-06
 1766    4.700385E-06
 1767    4.695068E-06
 1768    4.689760E-06
 1769    4.684461E-06
 1770    4.679171E-06
 1771    4.804132E-06
 1772    4.798713E-06
 1773    4.793303E-06
 1774    4.787902E-06
 1775    4.782510E-06
 1776    4.777128E-06
 1777    4.771754E-06
 1778    4.766390E-06
 1779    4.761034E-06
 1780    4.755688E-06
 1781    4.961899E-06
 1782    4.956333E-06
 1783    4.950777E-06
 1784    4.945230E-06
 1785    4.939692E-06
 1786    4.934163E-06
 1787    4.928644E-06
 1788    4.923134E-06
 1789    4.917633E-06
 1790    4.912142E-06
 1791    4.998095E-06
 1792    4.992519E-06
 1793    4.986954E-06
 1794    4.981397E-06
 1795    4.975850E-06
 1796    4.970312E-06
 1797    4.964783E-06
 1798    4.959264E-06
 1799    4.953754E-06
 1800    4.948252E-06
 1801    4.896852E-06
 1802    4.891420E-06
 1803    4.885997E-06
 1804    4.880583E-06
 1805    4.875178E-06
 1806    4.869783E-06
 1807    4.864396E-06
 1808    4.859018E-06
 1809    4.853649E-06
 1810    4.848288E-06
 1811    4.914356E-06
 1812    4.908934E-06
 1813    4.903522E-06
 1814    4.898119E-06
 1815    4.892724E-06
 1816    4.887339E-06
 1817    4.881962E-06
 1818    4.876595E-06
 1819    4.871236E-06
 1820    4.865886E-06
 1821    5.147803E-06
 1822    5.142156E-06
 1823    5.136518E-06
 1824    5.130888E-06
 1825    5.125269E-06
 1826    5.119658E-06
 1827    5.114057E-06
 1828    5.108464E-06
 1829    5.102881E-06
 1830    5.097308E-06
 1831    5.758579E-06
 1832    5.752296E-06
 1833    5.746023E-06
 1834    5.739760E-06
 1835    5.733508E-06
 1836    5.727265E-06
 1837    5.721033E-06
 1838    5.714812E-06
 1839    5.708600E-06
 1840    5.702398E-06
 1841    5.606852E-06
 1842    5.600767E-06
 1843    5.594693E-06
 1844    5.588628E-06
 1845    5.582573E-06
 1846    5.576528E-06
 1847    5.570493E-06
 1848    5.564468E-06
 1849    5.558452E-06
 1850    5.552446E-06
 1851    5.399868E-06
 1852    5.394040E-06
 1853    5.388221E-06
 1854    5.382411E-06
 1855    5.376611E-06
 1856    5.370821E-06
 1857    5.365039E-06
 1858    5.359267E-06
 1859    5.353505E-06
 1860    5.347751E-06
 1861    5.978742E-06
 1862    5.972324E-06
 1863    5.965916E-06
 1864    5.959518E-06
 1865    5.953131E-06
 1866    5.946753E-06
 1867    5.940386E-06
 1868    5.934030E-06
 1869    5.927683E-06
 1870    5.921347E-06
 1871    6.262998E-06
 1872    6.256311E-06
 1873    6.249634E-06
 1874    6.242968E-06
 1875    6.236312E-06
 1876    6.229667E-06
 1877    6.223033E-06
 1878    6.216409E-06
 1879    6.209796E-06
 1880    6.203193E-06
 1881    6.432584E-06
 1882    6.425752E-06
 1883    6.418930E-06
 1884    6.412120E-06
 1885    6.405320E-06
 1886    6.398531E-06
 1887    6.391753E-06
 1888    6.384986E-06
 1889    6.378229E-06
 1890    6.371483E-06
 1891    6.464958E-06
 1892    6.458128E-06
 1893    6.451308E-06
 1894    6.444499E-06
 1895    6.437701E-06
 1896    6.430914E-06
 1897    6.424138E-06
 1898    6.417372E-06
 1899    6.410617E-06
 1900    6.403872E-06
 1901    6.467931E-06
 1902    6.461133E-06
 1903    6.454346E-06
 1904    6.447570E-06
 1905    6.440804E-06
 1906    6.434049E-06
 1907    6.427305E-06
 1908    6.420572E-06
 1909    6.413848E-06
 1910    6.407136E-06
 1911    5.998524E-06
 1912    5.992252E-06
 1913    5.985991E-06
 1914    5.979739E-06
 1915    5.973497E-06
 1916    5.967265E-06
 1917    5.961043E-06
 1918    5.954830E-06
 1919    5.948627E-06
 1920    5.942434E-06
 1921    6.598036E-06
 1922    6.591174E-06
 1923    6.584322E-06
 1924    6.577482E-06
 1925    6.570651E-06
 1926    6.563832E-06
 1927    6.557023E-06
 1928    6.550224E-06
 1929    6.543437E-06
 1930    6.536659E-06
 1931    9.511466E-06
 1932    9.501624E-06
 1933    9.491798E-06
 1934    9.481988E-06
 1935    9.472192E-06
 1936    9.462412E-06
 1937    9.452647E-06
 1938    9.442897E-06
 1939    9.433162E-06
 1940    9.423442E-06
 1941    9.651662E-06
 1942    9.641727E-06
 1943    9.631807E-06
 1944    9.621903E-06
 1945    9.612014E-06
 1946    9.602141E-06
 1947    9.592282E-06
 1948    9.582439E-06
 1949    9.572611E-06
 1950    9.562798E-06
 1951    8.699869E-06
 1952    8.690960E-06
 1953    8.682064E-06
 1954    8.673182E-06
 1955    8.664314E-06
 1956    8.655459E-06
 1957    8.646618E-06
 1958    8.637791E-06
 1959    8.628977E-06
 1960    8.620176E-06
 1961    1.133306E-05
 1962    1.132151E-05
 1963    1.130998E-05
 1964    1.129847E-05
 1965    1.128698E-05
 1966    1.127550E-05
 1967    1.126404E-05
 1968    1.125260E-05
 1969    1.124118E-05
 1970    1.122977E-05
 1971    1.482722E-05
 1972    1.481219E-05
 1973    1.479718E-05
 1974    1.478220E-05
 1975    1.476724E-05
 1976    1.475230E-05
 1977    1.473738E-05
 1978    1.472249E-05
 1979    1.470761E-05
 1980    1.469277E-05
 1981    1.230160E-05
 1982    1.228919E-05
 1983    1.227680E-05
 1984    1.226443E-05
 1985    1.225208E-05
 1986    1.223975E-05
 1987    1.222744E-05
 1988    1.221514E-05
 1989    1.220286E-05
 1990    1.219061E-05
 1991    5.186761E-06
 1992    5.181556E-06
 1993    5.176359E-06
 1994    5.171170E-06
 1995    5.165988E-06
 1996    5.160815E-06
 1997    5.155649E-06
 1998    5.150490E-06
 1999    5.145340E-06
 2000    5.140197E-06
 2001   -2.474729E-06
 2002   -2.472258E-06
 2003   -2.469790E-06
 2004   -2.467327E-06
 2005   -2.464867E-06
 2006   -2.462411E-06
 2007   -2.459958E-06
 2008   -2.457509E-06
 2009   -2.455064E-06
 2010   -2.452622E-06
 2011   -8.977106E-06
 2012   -8.968187E-06
 2013   -8.959281E-06
 2014   -8.950389E-06
 2015   -8.941509E-06
 2016   -8.932643E-06
 2017   -8.923790E-06
 2018   -8.914951E-06
 2019   -8.906124E-06
 2020   -8.897310E-06
 2021   -8.544936E-06
 2022   -8.536488E-06
 2023   -8.528053E-06
 2024   -8.519630E-06
 2025   -8.511220E-06
 2026   -8.502822E-06
 2027   -8.494436E-06
 2028   -8.486063E-06
 2029   -8.477703E-06
 2030   -8.469354E-06
 2031    2.182024E-05
 2032    2.179878E-05
 2033    2.177734E-05
 2034    2.175594E-05
 2035    2.173457E-05
 2036    2.171323E-05
 2037    2.169192E-05
 2038    2.167064E-05
 2039    2.164940E-05
 2040    2.162818E-05
 2041    8.152849E-05
 2042    8.144867E-05
 2043    8.136898E-05
 2044    8.128940E-05
 2045    8.120994E-05
 2046    8.113059E-05
 2047    8.105136E-05
 2048    8.097225E-05
 2049    8.089325E-05
 2050    8.081437E-05
 2051    1.525142E-04
 2052    1.523656E-04
 2053    1.522173E-04
 2054    1.520691E-04
 2055    1.519212E-04
 2056    1.517735E-04
 2057    1.516260E-04
 2058    1.514787E-04
 2059    1.513316E-04
 2060    1.511848E-04
 2061    2.120922E-04
 2062    2.118866E-04
 2063    2.116813E-04
 2064    2.114763E-04
 2065    2.112716E-04
 2066    2.110672E-04
 2067    2.108630E-04
 2068    2.106592E-04
 2069    2.104557E-04
 2070    2.102524E-04
 2071    2.428212E-04
 2072    2.425870E-04
 2073    2.423530E-04
 2074    2.421194E-04
 2075    2.418862E-04
 2076    2.416533E-04
 2077    2.414207E-04
 2078    2.411884E-04
 2079    2.409565E-04
 2080    2.407249E-04
 2081    7.603152E-05
 2082    7.595852E-05
 2083    7.588562E-05
 2084    7.581283E-05
 2085    7.574014E-05
 2086    7.566756E-05
 2087    7.559508E-05
 2088    7.552271E-05
 2089    7.545044E-05
 2090    7.537827E-05
 2091   -5.607982E-04
 2092   -5.602623E-04
 2093   -5.597272E-04
 2094   -5.591929E-04
 2095   -5.586593E-04
 2096   -5.581265E-04
 2097   -5.575944E-04
 2098   -5.570631E-04
 2099   -5.565326E-04
 2100   -5.560028E-04
 2101   -1.545714E-03
 2102   -1.544244E-03
 2103   -1.542776E-03
 2104   -1.541310E-03
 2105   -1.539846E-03
 2106   -1.538385E-03
 2107   -1.536925E-03
 2108   -1.535468E-03
 2109   -1.534012E-03
 2110   -1.532559E-03
 2111   -1.983390E-03
 2112   -1.981513E-03
 2113   -1.979638E-03
 2114   -1.977766E-03
 2115   -1.975897E-03
 2116   -1.974030E-03
 2117   -1.972166E-03
 2118   -1.970305E-03
 2119   -1.968446E-03
 2120   -1.966590E-03
 2121   -1.850579E-03
 2122   -1.848835E-03
 2123   -1.847094E-03
 2124   -1.845356E-03
 2125   -1.843620E-03
 2126   -1.841886E-03
 2127   -1.840155E-03
 2128   -1.838427E-03
 2129   -1.836700E-03
 2130   -1.834977E-03
 2131   -1.132907E-04
 2132   -1.131845E-04
 2133   -1.130784E-04
 2134   -1.129725E-04
 2135   -1.128667E-04
 2136   -1.127611E-04
 2137   -1.126556E-04
 2138   -1.125502E-04
 2139   -1.124451E-04
 2140   -1.123400E-04
 2141    6.050952E-03
 2142    6.045305E-03
 2143    6.039666E-03
 2144    6.034034E-03
 2145    6.028411E-03
 2146    6.022795E-03
 2147    6.017187E-03
 2148    6.011587E-03
 2149    6.005995E-03
 2150    6.000411E-03
 2151    1.612371E-02
 2152    1.610874E-02
 2153    1.609378E-02
 2154    1.607884E-02
 2155    1.606393E-02
 2156    1.604903E-02
 2157    1.603416E-02
 2158    1.601930E-02
 2159    1.600447E-02
 2160    1.598966E-02
 2161    2.254410E-02
 2162    2.252325E-02
 2163    2.250244E-02
 2164    2.248165E-02
 2165    2.246089E-02
 2166    2.244016E-02
 2167    2.241946E-02
 2168    2.239879E-02
 2169    2.237814E-02
 2170    2.235753E-02
 2171    2.364659E-02
 2172    2.362483E-02
 2173    2.360310E-02
 2174    2.358139E-02
 2175    2.355972E-02
 2176    2.353807E-02
 2177    2.351646E-02
 2178    2.349487E-02
 2179    2.347332E-02
 2180    2.345179E-02
 2181    2.200089E-02
 2182    2.198073E-02
 2183    2.196060E-02
 2184    2.194050E-02
 2185    2.192043E-02
 2186    2.190038E-02
 2187    2.188036E-02
 2188    2.186037E-02
 2189    2.184041E-02
 2190    2.182047E-02
 2191    1.605802E-02
 2192    1.604338E-02
 2193    1.602875E-02
 2194    1.601415E-02
 2195    1.599956E-02
 2196    1.598500E-02
 2197    1.597045E-02
 2198    1.595593E-02
 2199    1.594142E-02
 2200    1.592694E-02
 2201    5.811495E-03
 2202    5.806219E-03
 2203    5.800950E-03
 2204    5.795689E-03
 2205    5.790434E-03
 2206    5.785187E-03
 2207    5.779947E-03
 2208    5.774713E-03
 2209    5.769487E-03
 2210    5.764269E-03
 2211   -3.560921E-04
 2212   -3.557703E-04
 2213   -3.554489E-04
 2214   -3.551279E-04
 2215   -3.548074E-04
 2216   -3.544873E-04
 2217   -3.541677E-04
 2218   -3.538485E-04
 2219   -3.535297E-04
 2220   -3.532113E-04
 2221   -2.068178E-03
 2222   -2.066318E-03
 2223   -2.064459E-03
 2224   -2.062604E-03
 2225   -2.060750E-03
 2226   -2.058900E-03
 2227   -2.057052E-03
 2228   -2.055206E-03
 2229   -2.053363E-03
 2230   -2.051522E-03
 2231   -2.163653E-03
 2232   -2.161715E-03
 2233   -2.159780E-03
 2234   -2.157847E-03
 2235   -2.155917E-03
 2236   -2.153990E-03
 2237   -2.152065E-03
 2238   -2.150143E-03
 2239   -2.148223E-03
 2240   -2.146306E-03
 2241   -1.707703E-03
 2242   -1.706180E-03
 2243   -1.704659E-03
 2244   -1.703141E-03
 2245   -1.701624E-03
 2246   -1.700110E-03
 2247   -1.698597E-03
 2248   -1.697087E-03
 2249   -1.695578E-03
 2250   -1.694072E-03
 2251   -6.330125E-04
 2252   -6.324506E-04
 2253   -6.318894E-04
 2254   -6.313290E-04
 2255   -6.307693E-04
 2256   -6.302103E-04
 2257   -6.296521E-04
 2258   -6.290947E-04
 2259   -6.285380E-04
 2260   -6.279820E-04
 2261    2.838679E-05
 2262    2.836170E-05
 2263    2.833665E-05
 2264    2.831163E-05
 2265    2.828664E-05
 2266    2.826168E-05
 2267    2.823676E-05
 2268    2.821187E-05
 2269    2.818702E-05
 2270    2.816219E-05
 2271    2.042047E-04
 2272    2.040250E-04
 2273    2.038455E-04
 2274    2.036663E-04
 2275    2.034874E-04
 2276    2.033086E-04
 2277    2.031301E-04
 2278    2.029519E-04
 2279    2.027739E-04
 2280    2.025961E-04
 2281    1.758140E-04
 2282    1.756600E-04
 2283    1.755061E-04
 2284    1.753525E-04
 2285    1.751991E-04
 2286    1.750459E-04
 2287    1.748929E-04
 2288    1.747401E-04
 2289    1.745875E-04
 2290    1.744350E-04
 2291    1.209366E-04
 2292    1.208311E-04
 2293    1.207257E-04
 2294    1.206205E-04
 2295    1.205155E-04
 2296    1.204105E-04
 2297    1.203057E-04
 2298    1.202011E-04
 2299    1.200965E-04
 2300    1.199922E-04
 2301    4.551531E-05
 2302    4.547579E-05
 2303    4.543631E-05
 2304    4.539689E-05
 2305    4.535751E-05
 2306    4.531819E-05
 2307    4.527892E-05
 2308    4.523970E-05
 2309    4.520053E-05
 2310    4.516142E-05
 2311   -1.386299E-05
 2312   -1.385100E-05
 2313   -1.383903E-05
 2314   -1.382707E-05
 2315   -1.381513E-05
 2316   -1.380321E-05
 2317   -1.379130E-05
 2318   -1.377940E-05
 2319   -1.376752E-05
 2320   -1.375566E-05
 2321   -4.057625E-05
 2322   -4.054131E-05
 2323   -4.050642E-05
 2324   -4.047158E-05
 2325   -4.043678E-05
 2326   -4.040203E-05
 2327   -4.036732E-05
 2328   -4.033265E-05
 2329   -4.029803E-05
 2330   -4.026346E-05
 2331   -4.010567E-05
 2332   -4.007129E-05
 2333   -4.003695E-05
 2334   -4.000266E-05
 2335   -3.996841E-05
 2336   -3.993421E-05
 2337   -3.990005E-05
 2338   -3.986593E-05
 2339   -3.983186E-05
 2340   -3.979783E-05
 2341   -3.219243E-05
 2342   -3.216495E-05
 2343   -3.213750E-05
 2344   -3.211009E-05
 2345   -3.208272E-05
 2346   -3.205538E-05
 2347   -3.202807E-05
 2348   -3.200080E-05
 2349   -3.197357E-05
 2350   -3.194637E-05
 2351   -1.812825E-05
 2352   -1.811284E-05
 2353   -1.809745E-05
 2354   -1.808208E-05
 2355   -1.806673E-05
 2356   -1.805140E-05
 2357   -1.803609E-05
 2358   -1.802080E-05
 2359   -1.800553E-05
 2360   -1.799028E-05
 2361   -8.780498E-06
 2362   -8.773067E-06
 2363   -8.765644E-06
 2364   -8.758232E-06
 2365   -8.750828E-06
 2366   -8.743434E-06
 2367   -8.736050E-06
 2368   -8.728674E-06
 2369   -8.721308E-06
 2370   -8.713952E-06
 2371   -5.476018E-06
 2372   -5.471402E-06
 2373   -5.466793E-06
 2374   -5.462189E-06
 2375   -5.457591E-06
 2376   -5.452999E-06
 2377   -5.448413E-06
 2378   -5.443833E-06
 2379   -5.439258E-06
 2380   -5.434689E-06
 2381   -7.767420E-06
 2382   -7.760901E-06
 2383   -7.754390E-06
 2384   -7.747888E-06
 2385   -7.741393E-06
 2386   -7.734907E-06
 2387   -7.728429E-06
 2388   -7.721959E-06
 2389   -7.715497E-06
 2390   -7.709043E-06
 2391   -9.054408E-06
 2392   -9.046840E-06
 2393   -9.039282E-06
 2394   -9.031734E-06
 2395   -9.024195E-06
 2396   -9.016665E-06
 2397   -9.009145E-06
 2398   -9.001634E-06
 2399   -8.994133E-06
 2400   -8.986641E-06
 2401   -6.516762E-06
 2402   -6.511338E-06
 2403   -6.505921E-06
 2404   -6.500511E-06
 2405   -6.495107E-06
 2406   -6.489710E-06
 2407   -6.484320E-06
 2408   -6.478937E-06
 2409   -6.473560E-06
 2410   -6.468190E-06
 2411   -6.251569E-06
 2412   -6.246388E-06
 2413   -6.241212E-06
 2414   -6.236044E-06
 2415   -6.230881E-06
 2416   -6.225726E-06
 2417   -6.220576E-06
 2418   -6.215433E-06
 2419   -6.210296E-06
 2420   -6.205166E-06
 2421   -7.671391E-06
 2422   -7.665059E-06
 2423   -7.658735E-06
 2424   -7.652418E-06
 2425   -7.646109E-06
 2426   -7.639809E-06
 2427   -7.633515E-06
 2428   -7.627230E-06
 2429   -7.620953E-06
 2430   -7.614683E-06
 2431   -8.025592E-06
 2432   -8.018995E-06
 2433   -8.012405E-06
 2434   -8.005824E-06
 2435   -7.999251E-06
 2436   -7.992687E-06
 2437   -7.986130E-06
 2438   -7.979581E-06
 2439   -7.973040E-06
 2440   -7.966508E-06
 2441   -7.235057E-06
 2442   -7.229134E-06
 2443   -7.223218E-06
 2444   -7.217310E-06
 2445   -7.211408E-06
 2446   -7.205514E-06
 2447   -7.199627E-06
 2448   -7.193748E-06
 2449   -7.187875E-06
 2450   -7.182010E-06
 2451   -5.868005E-06
 2452   -5.863221E-06
 2453   -5.858442E-06
 2454   -5.853670E-06
 2455   -5.848903E-06
 2456   -5.844142E-06
 2457   -5.839387E-06
 2458   -5.834637E-06
 2459   -5.829894E-06
 2460   -5.825156E-06
 2461   -5.588265E-06
 2462   -5.583727E-06
 2463   -5.579195E-06
 2464   -5.574668E-06
 2465   -5.570147E-06
 2466   -5.565631E-06
 2467   -5.561121E-06
 2468   -5.556616E-06
 2469   -5.552117E-06
 2470   -5.547623E-06
 2471   -5.327965E-06
 2472   -5.323656E-06
 2473   -5.319352E-06
 2474   -5.315054E-06
 2475   -5.310760E-06
 2476   -5.306472E-06
 2477   -5.302190E-06
 2478   -5.297912E-06
 2479   -5.293639E-06
 2480   -5.289372E-06
 2481   -5.564872E-06
 2482   -5.560390E-06
 2483   -5.555913E-06
 2484   -5.551441E-06
 2485   -5.546975E-06
 2486   -5.542514E-06
 2487   -5.538059E-06
 2488   -5.533609E-06
 2489   -5.529164E-06
 2490   -5.524725E-06
 2491   -5.615836E-06
 2492   -5.611331E-06
 2493   -5.606831E-06
 2494   -5.602337E-06
 2495   -5.597848E-06
 2496   -5.593364E-06
 2497   -5.588886E-06
 2498   -5.584413E-06
 2499   -5.579945E-06
 2500   -5.575483E-06
 2501   -4.861434E-06
 2502   -4.857549E-06
 2503   -4.853669E-06
 2504   -4.849794E-06
 2505   -4.845924E-06
 2506   -4.842058E-06
 2507   -4.838196E-06
 2508   -4.834340E-06
 2509   -4.830488E-06
 2510   -4.826640E-06
 2511   -4.717667E-06
 2512   -4.713912E-06
 2513   -4.710162E-06
 2514   -4.706417E-06
 2515   -4.702675E-06
 2516   -4.698939E-06
 2517   -4.695206E-06
 2518   -4.691479E-06
 2519   -4.687755E-06
 2520   -4.684036E-06
 2521   -4.679688E-06
 2522   -4.675979E-06
 2523   -4.672274E-06
 2524   -4.668573E-06
 2525   -4.664876E-06
 2526   -4.661184E-06
 2527   -4.657497E-06
 2528   -4.653813E-06
 2529   -4.650135E-06
 2530   -4.646460E-06
 2531   -4.973490E-06
 2532   -4.969563E-06
 2533   -4.965640E-06
 2534   -4.961723E-06
 2535   -4.957810E-06
 2536   -4.953901E-06
 2537   -4.949997E-06
 2538   -4.946098E-06
 2539   -4.942204E-06
 2540   -4.938314E-06
 2541   -4.788334E-06
 2542   -4.784568E-06
 2543   -4.780807E-06
 2544   -4.777050E-06
 2545   -4.773297E-06
 2546   -4.769549E-06
 2547   -4.765805E-06
 2548   -4.762066E-06
 2549   -4.758331E-06
 2550   -4.754600E-06
 2551   -4.343589E-06
 2552   -4.340186E-06
 2553   -4.336787E-06
 2554   -4.333393E-06
 2555   -4.330002E-06
 2556   -4.326615E-06
 2557   -4.323232E-06
 2558   -4.319853E-06
 2559   -4.316478E-06
 2560   -4.313107E-06
 2561   -4.268874E-06
 2562   -4.265543E-06
 2563   -4.262216E-06
 2564   -4.258892E-06
 2565   -4.255573E-06
 2566   -4.252257E-06
 2567   -4.248945E-06
 2568   -4.245638E-06
 2569   -4.242334E-06
 2570   -4.239033E-06
 2571   -4.237521E-06
 2572   -4.234227E-06
 2573   -4.230937E-06
 2574   -4.227651E-06
 2575   -4.224368E-06
 2576   -4.221090E-06
 2577   -4.217815E-06
 2578   -4.214544E-06
 2579   -4.211277E-06
 2580   -4.208014E-06
 2581   -4.399894E-06
 2582   -4.396487E-06
 2583   -4.393085E-06
 2584   -4.389686E-06
 2585   -4.386291E-06
 2586   -4.382900E-06
 2587   -4.379513E-06
 2588   -4.376129E-06
 2589   -4.372750E-06
 2590   -4.369375E-06
 2591   -4.204977E-06
 2592   -4.201734E-06
 2593   -4.198494E-06
 2594   -4.195259E-06
 2595   -4.192027E-06
 2596   -4.188798E-06
 2597   -4.185574E-06
 2598   -4.182353E-06
 2599   -4.179135E-06
 2600   -4.175922E-06
 2601   -3.872176E-06
 2602   -3.869201E-06
 2603   -3.866229E-06
 2604   -3.863261E-06
 2605   -3.860296E-06
 2606   -3.857334E-06
 2607   -3.854376E-06
 2608   -3.851421E-06
 2609   -3.848470E-06
 2610   -3.845522E-06
 2611   -3.698843E-06
 2612   -3.696012E-06
 2613   -3.693184E-06
 2614   -3.690359E-06
 2615   -3.687538E-06
 2616   -3.684720E-06
 2617   -3.681905E-06
 2618   -3.679093E-06
 2619   -3.676285E-06
 2620   -3.673479E-06
 2621   -3.752311E-06
 2622   -3.749450E-06
 2623   -3.746592E-06
 2624   -3.743737E-06
 2625   -3.740886E-06
 2626   -3.738038E-06
 2627   -3.735193E-06
 2628   -3.732352E-06
 2629   -3.729513E-06
 2630   -3.726678E-06
 2631   -3.870808E-06
 2632   -3.867868E-06
 2633   -3.864931E-06
 2634   -3.861998E-06
 2635   -3.859067E-06
 2636   -3.856141E-06
 2637   -3.853217E-06
 2638   -3.850297E-06
 2639   -3.847380E-06
 2640   -3.844466E-06
 2641   -3.700473E-06
 2642   -3.697673E-06
 2643   -3.694876E-06
 2644   -3.692082E-06
 2645   -3.689291E-06
 2646   -3.686503E-06
 2647   -3.683719E-06
 2648   -3.680938E-06
 2649   -3.678160E-06
 2650   -3.675385E-06
 2651   -3.480629E-06
 2652   -3.478005E-06
 2653   -3.475384E-06
 2654   -3.472766E-06
 2655   -3.470151E-06
 2656   -3.467539E-06
 2657   -3.464930E-06
 2658   -3.462324E-06
 2659   -3.459720E-06
 2660   -3.457120E-06
 2661   -3.359995E-06
 2662   -3.357471E-06
 2663   -3.354950E-06
 2664   -3.352433E-06
 2665   -3.349918E-06
 2666   -3.347406E-06
 2667   -3.344896E-06
 2668   -3.342390E-06
 2669   -3.339886E-06
 2670   -3.337385E-06
 2671   -3.410033E-06
 2672   -3.407481E-06
 2673   -3.404933E-06
 2674   -3.402387E-06
 2675   -3.399844E-06
 2676   -3.397304E-06
 2677   -3.394767E-06
 2678   -3.392233E-06
 2679   -3.389701E-06
 2680   -3.387172E-06
 2681   -3.454252E-06
 2682   -3.451677E-06
 2683   -3.449105E-06
 2684   -3.446535E-06
 2685   -3.443969E-06
 2686   -3.441406E-06
 2687   -3.438845E-06
 2688   -3.436287E-06
 2689   -3.433733E-06
 2690   -3.431181E-06
 2691   -3.318155E-06
 2692   -3.315691E-06
 2693   -3.313229E-06
 2694   -3.310770E-06
 2695   -3.308314E-06
 2696   -3.305861E-06
 2697   -3.303410E-06
 2698   -3.300962E-06
 2699   -3.298517E-06
 2700   -3.296075E-06
 2701   -3.036088E-06
 2702   -3.033842E-06
 2703   -3.031598E-06
 2704   -3.029356E-06
 2705   -3.027117E-06
 2706   -3.024881E-06
 2707   -3.022647E-06
 2708   -3.020415E-06
 2709   -3.018186E-06
 2710   -3.015959E-06
 2711   -2.916230E-06
 2712   -2.914080E-06
 2713   -2.911932E-06
 2714   -2.909787E-06
 2715   -2.907645E-06
 2716   -2.905504E-06
 2717   -2.903366E-06
 2718   -2.901231E-06
 2719   -2.899097E-06
 2720   -2.896967E-06
 2721   -2.938849E-06
 2722   -2.936691E-06
 2723   -2.934535E-06
 2724   -2.932381E-06
 2725   -2.930229E-06
 2726   -2.928080E-06
 2727   -2.925934E-06
 2728   -2.923789E-06
 2729   -2.921647E-06
 2730   -2.919508E-06
 2731   -2.911439E-06
 2732   -2.909308E-06
 2733   -2.907180E-06
 2734   -2.905054E-06
 2735   -2.902931E-06
 2736   -2.900809E-06
 2737   -2.898690E-06
 2738   -2.896574E-06
 2739   -2.894460E-06
 2740   -2.892348E-06
 2741   -2.765229E-06
 2742   -2.763212E-06
 2743   -2.761198E-06
 2744   -2.759187E-06
 2745   -2.757177E-06
 2746   -2.755170E-06
 2747   -2.753164E-06
 2748   -2.751161E-06
 2749   -2.749161E-06
 2750   -2.747162E-06
 2751   -2.535927E-06
 2752   -2.534085E-06
 2753   -2.532244E-06
 2754   -2.530406E-06
 2755   -2.528570E-06
 2756   -2.526735E-06
 2757   -2.524903E-06
 2758   -2.523073E-06
 2759   -2.521244E-06
 2760   -2.519418E-06
 2761   -2.341732E-06
 2762   -2.340036E-06
 2763   -2.338343E-06
 2764   -2.336652E-06
 2765   -2.334962E-06
 2766   -2.333275E-06
 2767   -2.331589E-06
 2768   -2.329905E-06
 2769   -2.328222E-06
 2770   -2.326542E-06
 2771   -2.406560E-06
 2772   -2.404825E-06
 2773   -2.403091E-06
 2774   -2.401359E-06
 2775   -2.399629E-06
 2776   -2.397900E-06
 2777   -2.396174E-06
 2778   -2.394450E-06
 2779   -2.392727E-06
 2780   -2.391006E-06
 2781   -2.345232E-06
 2782   -2.343547E-06
 2783   -2.341863E-06
 2784   -2.340181E-06
 2785   -2.338501E-06
 2786   -2.336823E-06
 2787   -2.335147E-06
 2788   -2.333472E-06
 2789   -2.331800E-06
 2790   -2.330129E-06
 2791   -2.264085E-06
 2792   -2.262464E-06
 2793   -2.260844E-06
 2794   -2.259227E-06
 2795   -2.257610E-06
 2796   -2.255996E-06
 2797   -2.254384E-06
 2798   -2.252773E-06
 2799   -2.251164E-06
 2800   -2.249556E-06
 2801   -2.091507E-06
 2802   -2.090014E-06
 2803   -2.088524E-06
 2804   -2.087035E-06
 2805   -2.085547E-06
 2806   -2.084061E-06
 2807   -2.082577E-06
 2808   -2.081094E-06
 2809   -2.079613E-06
 2810   -2.078133E-06
 2811   -1.939325E-06
 2812   -1.937946E-06
 2813   -1.936569E-06
 2814   -1.935193E-06
 2815   -1.933819E-06
 2816   -1.932446E-06
 2817   -1.931074E-06
 2818   -1.929704E-06
 2819   -1.928335E-06
 2820   -1.926968E-06
 2821   -2.008298E-06
 2822   -2.006875E-06
 2823   -2.005453E-06
 2824   -2.004034E-06
 2825   -2.002615E-06
 2826   -2.001199E-06
 2827   -1.999783E-06
 2828   -1.998370E-06
 2829   -1.996957E-06
 2830   -1.995546E-06
 2831   -1.937714E-06
 2832   -1.936346E-06
 2833   -1.934979E-06
 2834   -1.933614E-06
 2835   -1.932250E-06
 2836   -1.930888E-06
 2837   -1.929528E-06
 2838   -1.928168E-06
 2839   -1.926810E-06
 2840   -1.925454E-06
 2841   -1.846616E-06
 2842   -1.845317E-06
 2843   -1.844019E-06
 2844   -1.842723E-06
 2845   -1.841428E-06
 2846   -1.840134E-06
 2847   -1.838842E-06
 2848   -1.837551E-06
 2849   -1.836262E-06
 2850   -1.834973E-06
 2851   -1.618649E-06
 2852   -1.617515E-06
 2853   -1.616381E-06
 2854   -1.615249E-06
 2855   -1.614118E-06
 2856   -1.612988E-06
 2857   -1.611859E-06
 2858   -1.610732E-06
 2859   -1.609605E-06
 2860   -1.608480E-06
 2861   -1.442055E-06
 2862   -1.441048E-06
 2863   -1.440041E-06
 2864   -1.439036E-06
 2865   -1.438032E-06
 2866   -1.437029E-06
 2867   -1.436027E-06
 2868   -1.435026E-06
 2869   -1.434026E-06
 2870   -1.433027E-06
 2871   -1.479830E-06
 2872   -1.478800E-06
 2873   -1.477771E-06
 2874   -1.476743E-06
 2875   -1.475716E-06
 2876   -1.474690E-06
 2877   -1.473665E-06
 2878   -1.472641E-06
 2879   -1.471619E-06
 2880   -1.470597E-06
 2881   -1.430050E-06
 2882   -1.429058E-06
 2883   -1.428067E-06
 2884   -1.427077E-06
 2885   -1.426088E-06
 2886   -1.425100E-06
 2887   -1.424113E-06
 2888   -1.423127E-06
 2889   -1.422142E-06
 2890   -1.421158E-06
 2891   -1.363409E-06
 2892   -1.362467E-06
 2893   -1.361525E-06
 2894   -1.360584E-06
 2895   -1.359645E-06
 2896   -1.358706E-06
 2897   -1.357768E-06
 2898   -1.356832E-06
 2899   -1.355896E-06
 2900   -1.354961E-06
 2901   -1.204569E-06
 2902   -1.203740E-06
 2903   -1.202911E-06
 2904   -1.202082E-06
 2905   -1.201255E-06
 2906   -1.200429E-06
 2907   -1.199603E-06
 2908   -1.198778E-06
 2909   -1.197954E-06
 2910   -1.197131E-06
 2911   -1.100148E-06
 2912   -1.099393E-06
 2913   -1.098639E-06
 2914   -1.097885E-06
 2915   -1.097132E-06
 2916   -1.096380E-06
 2917   -1.095628E-06
 2918   -1.094877E-06
 2919   -1.094127E-06
 2920   -1.093378E-06
 2921   -1.133594E-06
 2922   -1.132818E-06
 2923   -1.132043E-06
 2924   -1.131269E-06
 2925   -1.130496E-06
 2926   -1.129723E-06
 2927   -1.128952E-06
 2928   -1.128181E-06
 2929   -1.127411E-06
 2930   -1.126641E-06
 2931   -1.078859E-06
 2932   -1.078124E-06
 2933   -1.077389E-06
 2934   -1.076655E-06
 2935   -1.075921E-06
 2936   -1.075188E-06
 2937   -1.074457E-06
 2938   -1.073725E-06
 2939   -1.072995E-06
 2940   -1.072265E-06
 2941   -1.029677E-06
 2942   -1.028978E-06
 2943   -1.028279E-06
 2944   -1.027580E-06
 2945   -1.026883E-06
 2946   -1.026186E-06
 2947   -1.025490E-06
 2948   -1.024794E-06
 2949   -1.024099E-06
 2950   -1.023405E-06
 2951   -8.738396E-07
 2952   -8.732477E-07
 2953   -8.726565E-07
 2954   -8.720659E-07
 2955   -8.714758E-07
 2956   -8.708864E-07
 2957   -8.702976E-07
 2958   -8.697093E-07
 2959   -8.691217E-07
 2960   -8.685347E-07
 2961   -7.892798E-07
 2962   -7.887471E-07
 2963   -7.882149E-07
 2964   -7.876832E-07
 2965   -7.871520E-07
 2966   -7.866214E-07
 2967   -7.860914E-07
 2968   -7.855618E-07
 2969   -7.850328E-07
 2970   -7.845044E-07
 2971   -7.914856E-07
 2972   -7.909532E-07
 2973   -7.904213E-07
 2974   -7.898899E-07
 2975   -7.893590E-07
 2976   -7.888287E-07
 2977   -7.882990E-07
 2978   -7.877697E-07
 2979   -7.872410E-07
 2980   -7.867129E-07
 2981   -7.614440E-07
 2982   -7.609335E-07
 2983   -7.604235E-07
 2984   -7.599140E-07
 2985   -7.594050E-07
 2986   -7.588965E-07
 2987   -7.583886E-07
 2988   -7.578811E-07
 2989   -7.573742E-07
 2990   -7.568677E-07
 2991   -7.207937E-07
 2992   -7.203121E-07
 2993   -7.198309E-07
 2994   -7.193502E-07
 2995   -7.188700E-07
 2996   -7.183903E-07
 2997   -7.179110E-07
 2998   -7.174323E-07
 2999   -7.169540E-07
 3000   -7.164762E-07
 3001   -6.078829E-07
 3002   -6.074781E-07
 3003   -6.070736E-07
 3004   -6.066696E-07
 3005   -6.062660E-07
 3006   -6.058627E-07
 3007   -6.054599E-07
 3008   -6.050574E-07
 3009   -6.046554E-07
 3010   -6.042538E-07
 3011   -5.450545E-07
 3012   -5.446927E-07
 3013   -5.443313E-07
 3014   -5.439702E-07
 3015   -5.436095E-07
 3016   -5.432491E-07
 3017   -5.428891E-07
 3018   -5.425294E-07
 3019   -5.421702E-07
 3020   -5.418112E-07
 3021   -5.482966E-07
 3022   -5.479338E-07
 3023   -5.475714E-07
 3024   -5.472094E-07
 3025   -5.468477E-07
 3026   -5.464864E-07
 3027   -5.461255E-07
 3028   -5.457649E-07
 3029   -5.454046E-07
 3030   -5.450447E-07
 3031   -5.220407E-07
 3032   -5.216965E-07
 3033   -5.213526E-07
 3034   -5.210090E-07
 3035   -5.206658E-07
 3036   -5.203229E-07
 3037   -5.199804E-07
 3038   -5.196382E-07
 3039   -5.192963E-07
 3040   -5.189548E-07
 3041   -4.853650E-07
 3042   -4.850460E-07
 3043   -4.847273E-07
 3044   -4.844089E-07
 3045   -4.840908E-07
 3046   -4.837731E-07
 3047   -4.834556E-07
 3048   -4.831385E-07
 3049   -4.828217E-07
 3050   -4.825052E-07
 3051   -4.021196E-07
 3052   -4.018562E-07
 3053   -4.015930E-07
 3054   -4.013301E-07
 3055   -4.010675E-07
 3056   -4.008051E-07
 3057   -4.005430E-07
 3058   -4.002811E-07
 3059   -4.000195E-07
 3060   -3.997581E-07
 3061   -3.526796E-07
 3062   -3.524493E-07
 3063   -3.522192E-07
 3064   -3.519894E-07
 3065   -3.517598E-07
 3066   -3.515304E-07
 3067   -3.513012E-07
 3068   -3.510723E-07
 3069   -3.508436E-07
 3070   -3.506151E-07
 3071   -3.425437E-07
 3072   -3.423208E-07
 3073   -3.420980E-07
 3074   -3.418755E-07
 3075   -3.416533E-07
 3076   -3.414312E-07
 3077   -3.412093E-07
 3078   -3.409877E-07
 3079   -3.407663E-07
 3080   -3.405451E-07
 3081   -3.108463E-07
 3082   -3.106446E-07
 3083   -3.104432E-07
 3084   -3.102419E-07
 3085   -3.100408E-07
 3086   -3.098400E-07
 3087   -3.096393E-07
 3088   -3.094388E-07
 3089   -3.092385E-07
 3090   -3.090384E-07
 3091   -2.362059E-07
 3092   -2.360532E-07
 3093   -2.359006E-07
 3094   -2.357482E-07
 3095   -2.355959E-07
 3096   -2.354437E-07
 3097   -2.352917E-07
 3098   -2.351399E-07
 3099   -2.349882E-07
 3100   -2.348366E-07
 3101   -8.773338E-08
 3102   -8.767683E-08
 3103   -8.762034E-08
 3104   -8.756390E-08
 3105   -8.750752E-08
 3106   -8.745119E-08
 3107   -8.739491E-08
 3108   -8.733869E-08
 3109   -8.728253E-08
 3110   -8.722641E-08
 3111   -6.152974E-09
 3112   -6.149021E-09
 3113   -6.145072E-09
 3114   -6.141126E-09
 3115   -6.137185E-09
 3116   -6.133247E-09
 3117   -6.129313E-09
 3118   -6.125382E-09
 3119   -6.121456E-09
 3120   -6.117533E-09
 3121    1.525350E-08
 3122    1.524374E-08
 3123    1.523398E-08
 3124    1.522423E-08
 3125    1.521449E-08
 3126    1.520476E-08
 3127    1.519503E-08
 3128    1.518532E-08
 3129    1.517562E-08
 3130    1.516592E-08
 3131    1.701260E-08
 3132    1.700174E-08
 3133    1.699089E-08
 3134    1.698005E-08
 3135    1.696922E-08
 3136    1.695840E-08
 3137    1.694759E-08
 3138    1.693679E-08
 3139    1.692601E-08
 3140    1.691523E-08
 3141    1.676851E-08
 3142    1.675784E-08
 3143    1.674718E-08
 3144    1.673653E-08
 3145    1.672589E-08
 3146    1.671526E-08
 3147    1.670464E-08
 3148    1.669403E-08
 3149    1.668343E-08
 3150    1.667284E-08
 3151    1.647372E-08
 3152    1.646327E-08
 3153    1.645283E-08
 3154    1.644240E-08
 3155    1.643198E-08
 3156    1.642157E-08
 3157    1.641117E-08
 3158    1.640078E-08
 3159    1.639040E-08
 3160    1.638003E-08
 3161    1.508448E-08
 3162    1.507494E-08
 3163    1.506541E-08
 3164    1.505589E-08
 3165    1.504638E-08
 3166    1.503688E-08
 3167    1.502738E-08
 3168    1.501790E-08
 3169    1.500842E-08
 3170    1.499896E-08
 3171    1.350415E-08
 3172    1.349563E-08
 3173    1.348713E-08
 3174    1.347863E-08
 3175    1.347015E-08
 3176    1.346167E-08
 3177    1.345319E-08
 3178    1.344473E-08
 3179    1.343627E-08
 3180    1.342783E-08
 3181    1.234139E-08
 3182    1.233363E-08
 3183    1.232589E-08
 3184    1.231815E-08
 3185    1.231041E-08
 3186    1.230269E-08
 3187    1.229497E-08
 3188    1.228726E-08
 3189    1.227956E-08
 3190    1.227186E-08
 3191    1.141952E-08
 3192    1.141237E-08
 3193    1.140522E-08
 3194    1.139808E-08
 3195    1.139095E-08
 3196    1.138382E-08
 3197    1.137670E-08
 3198    1.136959E-08
 3199    1.136249E-08
 3200    1.135539E-08
 3201    1.019582E-08
 3202    1.018945E-08
 3203    1.018309E-08
 3204    1.017674E-08
 3205    1.017039E-08
 3206    1.016405E-08
 3207    1.015771E-08
 3208    1.015138E-08
 3209    1.014506E-08
 3210    1.013874E-08
 3211    9.382636E-09
 3212    9.376796E-09
 3213    9.370961E-09
 3214    9.365131E-09
 3215    9.359307E-09
 3216    9.353489E-09
 3217    9.347675E-09
 3218    9.341868E-09
 3219    9.336065E-09
 3220    9.330268E-09
 3221    8.753461E-09
 3222    8.748029E-09
 3223    8.742602E-09
 3224    8.737181E-09
 3225    8.731764E-09
 3226    8.726352E-09
 3227    8.720946E-09
 3228    8.715544E-09
 3229    8.710147E-09
 3230    8.704756E-09
 3231    8.156819E-09
 3232    8.151773E-09
 3233    8.146731E-09
 3234    8.141695E-09
 3235    8.136663E-09
 3236    8.131635E-09
 3237    8.126613E-09
 3238    8.121595E-09
 3239    8.116582E-09
 3240    8.111573E-09
 3241    7.713678E-09
 3242    7.708921E-09
 3243    7.704168E-09
 3244    7.699420E-09
 3245    7.694676E-09
 3246    7.689936E-09
 3247    7.685201E-09
 3248    7.680470E-09
 3249    7.675744E-09
 3250    7.671022E-09
 3251    7.450031E-09
 3252    7.445451E-09
 3253    7.440875E-09
 3254    7.436303E-09
 3255    7.431735E-09
 3256    7.427171E-09
 3257    7.422612E-09
 3258    7.418057E-09
 3259    7.413506E-09
 3260    7.408959E-09
 3261    7.422216E-09
 3262    7.417666E-09
 3263    7.413121E-09
 3264    7.408580E-09
 3265    7.404043E-09
 3266    7.399511E-09
 3267    7.394982E-09
 3268    7.390458E-09
 3269    7.385938E-09
 3270    7.381422E-09
 3271    7.173229E-09
 3272    7.168846E-09
 3273    7.164467E-09
 3274    7.160091E-09
 3275    7.155720E-09
 3276    7.151353E-09
 3277    7.146990E-09
 3278    7.142630E-09
 3279    7.138275E-09
 3280    7.133924E-09
 3281    7.398639E-09
 3282    7.394132E-09
 3283    7.389628E-09
 3284    7.385129E-09
 3285    7.380635E-09
 3286    7.376144E-09
 3287    7.371657E-09
 3288    7.367174E-09
 3289    7.362696E-09
 3290    7.358221E-09
 3291    7.261686E-09
 3292    7.257276E-09
 3293    7.252869E-09
 3294    7.248467E-09
 3295    7.244069E-09
 3296    7.239674E-09
 3297    7.235284E-09
 3298    7.230898E-09
 3299    7.226515E-09
 3300    7.222137E-09
