   50    0.000000E+00
   51    0.000000E+00
   52    0.000000E+00
   53    0.000000E+00
   54    0.000000E+00
   55    0.000000E+00
   56    0.000000E+00
   57    0.000000E+00
   58    0.000000E+00
   59    0.000000E+00
   60    0.000000E+00
   61    0.000000E+00
   62    0.000000E+00
   63    0.000000E+00
   64    0.000000E+00
   65    0.000000E+00
   66    0.000000E+00
   67    0.000000E+00
   68    0.000000E+00
   69    0.000000E+00
   70    0.000000E+00
   71    0.000000E+00
   72    0.000000E+00
   73    0.000000E+00
   74    0.000000E+00
   75    0.000000E+00
   76    0.000000E+00
   77    0.000000E+00
   78    0.000000E+00
   79    0.000000E+00
   80    0.000000E+00
   81    0.000000E+00
   82    0.000000E+00
   83    0.000000E+00
   84    0.000000E+00
   85    0.000000E+00
   86    0.000000E+00
   87    0.000000E+00
   88    0.000000E+00
   89    0.000000E+00
   90    0.000000E+00
   91    0.000000E+00
   92    0.000000E+00
   93    0.000000E+00
   94    0.000000E+00
   95    0.000000E+00
   96    0.000000E+00
   97    0.000000E+00
   98    0.000000E+00
   99    0.000000E+00
  100    0.000000E+00
  101    0.000000E+00
  102    0.000000E+00
  103    0.000000E+00
  104    0.000000E+00
  105    0.000000E+00
  106    0.000000E+00
  107    0.000000E+00
  108    0.000000E+00
  109    0.000000E+00
  110    0.000000E+00
  111    0.000000E+00
  112    0.000000E+00
  113    0.000000E+00
  114    0.000000E+00
  115    0.000000E+00
  116    0.000000E+00
  117    0.000000E+00
  118    0.000000E+00
  119    0.000000E+00
  120    0.000000E+00
  121    0.000000E+00
  122    0.000000E+00
  123    0.000000E+00
  124    0.000000E+00
  125    0.000000E+00
  126    0.000000E+00
  127    0.000000E+00
  128    0.000000E+00
  129    0.000000E+00
  130    0.000000E+00
  131    0.000000E+00
  132    0.000000E+00
  133    0.000000E+00
  134    0.000000E+00
  135    0.000000E+00
  136    0.000000E+00
  137    0.000000E+00
  138    0.000000E+00
  139    0.000000E+00
  140    0.000000E+00
  141    0.000000E+00
  142    0.000000E+00
  143    0.000000E+00
  144    0.000000E+00
  145    0.000000E+00
  146    0.000000E+00
  147    0.000000E+00
  148    0.000000E+00
  149    0.000000E+00
  150    0.000000E+00
  151    0.000000E+00
  152    0.000000E+00
  153    0.000000E+00
  154    0.000000E+00
  155    0.000000E+00
  156    0.000000E+00
  157    0.000000E+00
  158    0.000000E+00
  159    0.000000E+00
  160    0.000000E+00
  161    0.000000E+00
  162    0.000000E+00
  163    0.000000E+00
  164    0.000000E+00
  165    0.000000E+00
  166    0.000000E+00
  167    0.000000E+00
  168    0.000000E+00
  169    0.000000E+00
  170    0.000000E+00
  171    0.000000E+00
  172    0.000000E+00
  173    0.000000E+00
  174    0.000000E+00
  175    0.000000E+00
  176    0.000000E+00
  177    0.000000E+00
  178    0.000000E+00
  179    0.000000E+00
  180    0.000000E+00
  181    2.321648E-11
  182    2.296275E-11
  183    2.271316E-11
  184    2.246761E-11
  185    2.222602E-11
  186    2.198831E-11
  187    2.175439E-11
  188    2.152419E-11
  189    2.129762E-11
  190    2.107461E-11
  191    5.218251E-11
  192    5.164175E-11
  193    5.110936E-11
  194    5.058517E-11
  195    5.006899E-11
  196    4.956068E-11
  197    4.906006E-11
  198    4.856700E-11
  199    4.808133E-11
  200    4.760291E-11
  201    9.246790E-10
  202    9.155688E-10
  203    9.065927E-10
  204    8.977479E-10
  205    8.890319E-10
  206    8.804422E-10
  207    8.719764E-10
  208    8.636321E-10
  209    8.554070E-10
  210    8.472989E-10
  211    1.245192E-09
  212    1.233500E-09
  213    1.221972E-09
  214    1.210605E-09
  215    1.199396E-09
  216    1.188341E-09
  217    1.177439E-09
  218    1.166686E-09
  219    1.156080E-09
  220    1.145618E-09
  221    2.075288E-09
  222    2.056675E-09
  223    2.038312E-09
  224    2.020194E-09
  225    2.002316E-09
  226    1.984674E-09
  227    1.967265E-09
  228    1.950084E-09
  229    1.933126E-09
  230    1.916389E-09
  231    4.457600E-09
  232    4.419337E-09
  233    4.381565E-09
  234    4.344275E-09
  235    4.307459E-09
  236    4.271109E-09
  237    4.235218E-09
  238    4.199777E-09
  239    4.164778E-09
  240    4.130216E-09
  241    3.962580E-09
  242    3.929966E-09
  243    3.897753E-09
  244    3.865935E-09
  245    3.834505E-09
  246    3.803456E-09
  247    3.772783E-09
  248    3.742480E-09
  249    3.712540E-09
  250    3.682958E-09
  251    8.070833E-09
  252    8.007032E-09
  253    7.943984E-09
  254    7.881678E-09
  255    7.820103E-09
  256    7.759246E-09
  257    7.699097E-09
  258    7.639644E-09
  259    7.580878E-09
  260    7.522787E-09
  261    8.234065E-09
  262    8.171448E-09
  263    8.109544E-09
  264    8.048339E-09
  265    7.987826E-09
  266    7.927992E-09
  267    7.868828E-09
  268    7.810323E-09
  269    7.752469E-09
  270    7.695255E-09
  271    1.055281E-08
  272    1.047550E-08
  273    1.039904E-08
  274    1.032341E-08
  275    1.024860E-08
  276    1.017460E-08
  277    1.010140E-08
  278    1.002899E-08
  279    9.957357E-09
  280    9.886486E-09
  281    1.182338E-08
  282    1.173982E-08
  283    1.165715E-08
  284    1.157534E-08
  285    1.149440E-08
  286    1.141430E-08
  287    1.133503E-08
  288    1.125659E-08
  289    1.117896E-08
  290    1.110212E-08
  291    1.406525E-08
  292    1.396925E-08
  293    1.387422E-08
  294    1.378015E-08
  295    1.368705E-08
  296    1.359488E-08
  297    1.350364E-08
  298    1.341331E-08
  299    1.332389E-08
  300    1.323536E-08
  301    1.672550E-08
  302    1.661510E-08
  303    1.650579E-08
  304    1.639756E-08
  305    1.629039E-08
  306    1.618426E-08
  307    1.607917E-08
  308    1.597509E-08
  309    1.587203E-08
  310    1.576996E-08
  311    1.813040E-08
  312    1.801455E-08
  313    1.789981E-08
  314    1.778616E-08
  315    1.767359E-08
  316    1.756208E-08
  317    1.745163E-08
  318    1.734221E-08
  319    1.723382E-08
  320    1.712645E-08
  321    2.055856E-08
  322    2.043126E-08
  323    2.030514E-08
  324    2.018019E-08
  325    2.005638E-08
  326    1.993372E-08
  327    1.981217E-08
  328    1.969173E-08
  329    1.957239E-08
  330    1.945412E-08
  331    2.337937E-08
  332    2.323895E-08
  333    2.309980E-08
  334    2.296189E-08
  335    2.282521E-08
  336    2.268975E-08
  337    2.255549E-08
  338    2.242242E-08
  339    2.229052E-08
  340    2.215979E-08
  341    2.554761E-08
  342    2.539865E-08
  343    2.525098E-08
  344    2.510460E-08
  345    2.495948E-08
  346    2.481563E-08
  347    2.467301E-08
  348    2.453161E-08
  349    2.439143E-08
  350    2.425245E-08
  351    2.656550E-08
  352    2.641499E-08
  353    2.626575E-08
  354    2.611777E-08
  355    2.597104E-08
  356    2.582555E-08
  357    2.568127E-08
  358    2.553820E-08
  359    2.539632E-08
  360    2.525562E-08
  361    3.177820E-08
  362    3.160311E-08
  363    3.142947E-08
  364    3.125725E-08
  365    3.108644E-08
  366    3.091704E-08
  367    3.074901E-08
  368    3.058235E-08
  369    3.041704E-08
  370    3.025306E-08
  371    3.133746E-08
  372    3.116943E-08
  373    3.100275E-08
  374    3.083740E-08
  375    3.067337E-08
  376    3.051065E-08
  377    3.034921E-08
  378    3.018906E-08
  379    3.003017E-08
  380    2.987253E-08
  381    3.489613E-08
  382    3.471391E-08
  383    3.453311E-08
  384    3.435371E-08
  385    3.417572E-08
  386    3.399910E-08
  387    3.382384E-08
  388    3.364994E-08
  389    3.347738E-08
  390    3.330614E-08
  391    3.792041E-08
  392    3.772743E-08
  393    3.753592E-08
  394    3.734586E-08
  395    3.715725E-08
  396    3.697006E-08
  397    3.678428E-08
  398    3.659990E-08
  399    3.641690E-08
  400    3.623527E-08
  401    3.555546E-08
  402    3.537901E-08
  403    3.520386E-08
  404    3.503002E-08
  405    3.485746E-08
  406    3.468617E-08
  407    3.451614E-08
  408    3.434735E-08
  409    3.417980E-08
  410    3.401348E-08
  411    4.235041E-08
  412    4.214532E-08
  413    4.194172E-08
  414    4.173959E-08
  415    4.153892E-08
  416    4.133969E-08
  417    4.114190E-08
  418    4.094551E-08
  419    4.075054E-08
  420    4.055695E-08
  421    3.878625E-08
  422    3.860287E-08
  423    3.842078E-08
  424    3.823998E-08
  425    3.806045E-08
  426    3.788218E-08
  427    3.770516E-08
  428    3.752937E-08
  429    3.735482E-08
  430    3.718148E-08
  431    4.542997E-08
  432    4.522013E-08
  433    4.501175E-08
  434    4.480480E-08
  435    4.459927E-08
  436    4.439515E-08
  437    4.419244E-08
  438    4.399110E-08
  439    4.379114E-08
  440    4.359254E-08
  441    4.501316E-08
  442    4.480994E-08
  443    4.460809E-08
  444    4.440760E-08
  445    4.420847E-08
  446    4.401067E-08
  447    4.381419E-08
  448    4.361903E-08
  449    4.342516E-08
  450    4.323259E-08
  451    4.443944E-08
  452    4.424324E-08
  453    4.404834E-08
  454    4.385472E-08
  455    4.366237E-08
  456    4.347129E-08
  457    4.328146E-08
  458    4.309287E-08
  459    4.290551E-08
  460    4.271937E-08
  461    4.844445E-08
  462    4.823519E-08
  463    4.802728E-08
  464    4.782071E-08
  465    4.761547E-08
  466    4.741155E-08
  467    4.720894E-08
  468    4.700762E-08
  469    4.680759E-08
  470    4.660883E-08
  471    4.512796E-08
  472    4.493714E-08
  473    4.474753E-08
  474    4.455912E-08
  475    4.437190E-08
  476    4.418585E-08
  477    4.400097E-08
  478    4.381725E-08
  479    4.363468E-08
  480    4.345325E-08
  481    5.234389E-08
  482    5.212714E-08
  483    5.191174E-08
  484    5.169767E-08
  485    5.148492E-08
  486    5.127349E-08
  487    5.106335E-08
  488    5.085450E-08
  489    5.064693E-08
  490    5.044063E-08
  491    4.776642E-08
  492    4.757264E-08
  493    4.738003E-08
  494    4.718860E-08
  495    4.699832E-08
  496    4.680920E-08
  497    4.662121E-08
  498    4.643435E-08
  499    4.624861E-08
  500    4.606399E-08
  501    4.984419E-08
  502    4.964600E-08
  503    4.944900E-08
  504    4.925316E-08
  505    4.905848E-08
  506    4.886496E-08
  507    4.867258E-08
  508    4.848133E-08
  509    4.829121E-08
  510    4.810220E-08
  511    5.275473E-08
  512    5.254905E-08
  513    5.234458E-08
  514    5.214130E-08
  515    5.193921E-08
  516    5.173828E-08
  517    5.153852E-08
  518    5.133991E-08
  519    5.114245E-08
  520    5.094613E-08
  521    4.974398E-08
  522    4.955375E-08
  523    4.936462E-08
  524    4.917656E-08
  525    4.898958E-08
  526    4.880366E-08
  527    4.861880E-08
  528    4.843498E-08
  529    4.825221E-08
  530    4.807047E-08
  531    5.483349E-08
  532    5.462774E-08
  533    5.442314E-08
  534    5.421969E-08
  535    5.401738E-08
  536    5.381620E-08
  537    5.361614E-08
  538    5.341719E-08
  539    5.321935E-08
  540    5.302260E-08
  541    5.014848E-08
  542    4.996377E-08
  543    4.978008E-08
  544    4.959740E-08
  545    4.941572E-08
  546    4.923504E-08
  547    4.905535E-08
  548    4.887665E-08
  549    4.869891E-08
  550    4.852215E-08
  551    5.472158E-08
  552    5.452368E-08
  553    5.432684E-08
  554    5.413107E-08
  555    5.393635E-08
  556    5.374268E-08
  557    5.355006E-08
  558    5.335847E-08
  559    5.316790E-08
  560    5.297835E-08
  561    5.393244E-08
  562    5.374085E-08
  563    5.355028E-08
  564    5.336072E-08
  565    5.317216E-08
  566    5.298461E-08
  567    5.279804E-08
  568    5.261246E-08
  569    5.242785E-08
  570    5.224422E-08
  571    5.286202E-08
  572    5.267751E-08
  573    5.249396E-08
  574    5.231137E-08
  575    5.212974E-08
  576    5.194905E-08
  577    5.176929E-08
  578    5.159047E-08
  579    5.141257E-08
  580    5.123559E-08
  581    5.519577E-08
  582    5.500642E-08
  583    5.481804E-08
  584    5.463063E-08
  585    5.444417E-08
  586    5.425867E-08
  587    5.407412E-08
  588    5.389051E-08
  589    5.370783E-08
  590    5.352608E-08
  591    5.575702E-08
  592    5.556897E-08
  593    5.538187E-08
  594    5.519571E-08
  595    5.501049E-08
  596    5.482620E-08
  597    5.464284E-08
  598    5.446039E-08
  599    5.427886E-08
  600    5.409823E-08
  601    5.878929E-08
  602    5.859430E-08
  603    5.840028E-08
  604    5.820722E-08
  605    5.801512E-08
  606    5.782396E-08
  607    5.763375E-08
  608    5.744448E-08
  609    5.725614E-08
  610    5.706872E-08
  611    5.792281E-08
  612    5.773383E-08
  613    5.754577E-08
  614    5.735863E-08
  615    5.717240E-08
  616    5.698708E-08
  617    5.680265E-08
  618    5.661912E-08
  619    5.643648E-08
  620    5.625472E-08
  621    6.377950E-08
  622    6.357475E-08
  623    6.337098E-08
  624    6.316820E-08
  625    6.296638E-08
  626    6.276553E-08
  627    6.256564E-08
  628    6.236671E-08
  629    6.216872E-08
  630    6.197167E-08
  631    6.482577E-08
  632    6.462095E-08
  633    6.441710E-08
  634    6.421421E-08
  635    6.401228E-08
  636    6.381130E-08
  637    6.361127E-08
  638    6.341217E-08
  639    6.321401E-08
  640    6.301677E-08
  641    6.810742E-08
  642    6.789558E-08
  643    6.768472E-08
  644    6.747484E-08
  645    6.726594E-08
  646    6.705801E-08
  647    6.685104E-08
  648    6.664503E-08
  649    6.643997E-08
  650    6.623585E-08
  651    7.428040E-08
  652    7.405290E-08
  653    7.382644E-08
  654    7.360101E-08
  655    7.337662E-08
  656    7.315325E-08
  657    7.293090E-08
  658    7.270956E-08
  659    7.248923E-08
  660    7.226990E-08
  661    7.643079E-08
  662    7.620023E-08
  663    7.597071E-08
  664    7.574223E-08
  665    7.551477E-08
  666    7.528834E-08
  667    7.506293E-08
  668    7.483852E-08
  669    7.461513E-08
  670    7.439273E-08
  671    8.691004E-08
  672    8.665177E-08
  673    8.639464E-08
  674    8.613866E-08
  675    8.588381E-08
  676    8.563009E-08
  677    8.537749E-08
  678    8.512601E-08
  679    8.487564E-08
  680    8.462637E-08
  681    9.096947E-08
  682    9.070309E-08
  683    9.043788E-08
  684    9.017382E-08
  685    8.991093E-08
  686    8.964918E-08
  687    8.938857E-08
  688    8.912910E-08
  689    8.887075E-08
  690    8.861353E-08
  691    1.005694E-07
  692    1.002791E-07
  693    9.999015E-08
  694    9.970241E-08
  695    9.941591E-08
  696    9.913064E-08
  697    9.884660E-08
  698    9.856377E-08
  699    9.828216E-08
  700    9.800176E-08
  701    1.103402E-07
  702    1.100263E-07
  703    1.097137E-07
  704    1.094025E-07
  705    1.090926E-07
  706    1.087840E-07
  707    1.084767E-07
  708    1.081707E-07
  709    1.078660E-07
  710    1.075625E-07
  711    1.205376E-07
  712    1.201995E-07
  713    1.198628E-07
  714    1.195275E-07
  715    1.191936E-07
  716    1.188612E-07
  717    1.185301E-07
  718    1.182004E-07
  719    1.178720E-07
  720    1.175451E-07
  721    1.387228E-07
  722    1.383391E-07
  723    1.379569E-07
  724    1.375764E-07
  725    1.371974E-07
  726    1.368199E-07
  727    1.364440E-07
  728    1.360697E-07
  729    1.356969E-07
  730    1.353257E-07
  731    1.510325E-07
  732    1.506204E-07
  733    1.502100E-07
  734    1.498012E-07
  735    1.493942E-07
  736    1.489887E-07
  737    1.485850E-07
  738    1.481829E-07
  739    1.477824E-07
  740    1.473835E-07
  741    1.770166E-07
  742    1.765401E-07
  743    1.760655E-07
  744    1.755928E-07
  745    1.751221E-07
  746    1.746532E-07
  747    1.741862E-07
  748    1.737211E-07
  749    1.732579E-07
  750    1.727964E-07
  751    1.931681E-07
  752    1.926550E-07
  753    1.921440E-07
  754    1.916350E-07
  755    1.911280E-07
  756    1.906231E-07
  757    1.901201E-07
  758    1.896191E-07
  759    1.891201E-07
  760    1.886231E-07
  761    2.206381E-07
  762    2.200598E-07
  763    2.194837E-07
  764    2.189099E-07
  765    2.183383E-07
  766    2.177690E-07
  767    2.172019E-07
  768    2.166370E-07
  769    2.160743E-07
  770    2.155138E-07
  771    2.551956E-07
  772    2.545353E-07
  773    2.538776E-07
  774    2.532225E-07
  775    2.525698E-07
  776    2.519197E-07
  777    2.512721E-07
  778    2.506270E-07
  779    2.499844E-07
  780    2.493442E-07
  781    2.746701E-07
  782    2.739685E-07
  783    2.732696E-07
  784    2.725734E-07
  785    2.718798E-07
  786    2.711889E-07
  787    2.705006E-07
  788    2.698149E-07
  789    2.691318E-07
  790    2.684514E-07
  791    3.191498E-07
  792    3.183448E-07
  793    3.175430E-07
  794    3.167441E-07
  795    3.159483E-07
  796    3.151554E-07
  797    3.143656E-07
  798    3.135787E-07
  799    3.127947E-07
  800    3.120137E-07
  801    3.387052E-07
  802    3.378616E-07
  803    3.370212E-07
  804    3.361839E-07
  805    3.353497E-07
  806    3.345186E-07
  807    3.336905E-07
  808    3.328656E-07
  809    3.320437E-07
  810    3.312249E-07
  811    3.752995E-07
  812    3.743763E-07
  813    3.734565E-07
  814    3.725400E-07
  815    3.716269E-07
  816    3.707172E-07
  817    3.698108E-07
  818    3.689077E-07
  819    3.680079E-07
  820    3.671114E-07
  821    4.306797E-07
  822    4.296331E-07
  823    4.285903E-07
  824    4.275513E-07
  825    4.265161E-07
  826    4.254846E-07
  827    4.244569E-07
  828    4.234329E-07
  829    4.224125E-07
  830    4.213959E-07
  831    4.660500E-07
  832    4.649311E-07
  833    4.638161E-07
  834    4.627052E-07
  835    4.615982E-07
  836    4.604953E-07
  837    4.593962E-07
  838    4.583011E-07
  839    4.572099E-07
  840    4.561226E-07
  841    5.626573E-07
  842    5.613224E-07
  843    5.599923E-07
  844    5.586669E-07
  845    5.573461E-07
  846    5.560301E-07
  847    5.547187E-07
  848    5.534119E-07
  849    5.521098E-07
  850    5.508122E-07
  851    5.817707E-07
  852    5.804066E-07
  853    5.790474E-07
  854    5.776929E-07
  855    5.763431E-07
  856    5.749981E-07
  857    5.736578E-07
  858    5.723221E-07
  859    5.709912E-07
  860    5.696648E-07
  861    6.614824E-07
  862    6.599495E-07
  863    6.584218E-07
  864    6.568994E-07
  865    6.553823E-07
  866    6.538705E-07
  867    6.523639E-07
  868    6.508625E-07
  869    6.493662E-07
  870    6.478752E-07
  871    7.474156E-07
  872    7.457033E-07
  873    7.439969E-07
  874    7.422963E-07
  875    7.406016E-07
  876    7.389127E-07
  877    7.372295E-07
  878    7.355521E-07
  879    7.338803E-07
  880    7.322143E-07
  881    7.724754E-07
  882    7.707257E-07
  883    7.689820E-07
  884    7.672442E-07
  885    7.655122E-07
  886    7.637862E-07
  887    7.620659E-07
  888    7.603515E-07
  889    7.586428E-07
  890    7.569399E-07
  891    9.107289E-07
  892    9.086892E-07
  893    9.066564E-07
  894    9.046303E-07
  895    9.026111E-07
  896    9.005986E-07
  897    8.985928E-07
  898    8.965937E-07
  899    8.946012E-07
  900    8.926154E-07
  901    9.176432E-07
  902    9.156108E-07
  903    9.135851E-07
  904    9.115661E-07
  905    9.095538E-07
  906    9.075482E-07
  907    9.055492E-07
  908    9.035568E-07
  909    9.015709E-07
  910    8.995916E-07
  911    1.012772E-06
  912    1.010554E-06
  913    1.008342E-06
  914    1.006138E-06
  915    1.003942E-06
  916    1.001752E-06
  917    9.995695E-07
  918    9.973941E-07
  919    9.952259E-07
  920    9.930647E-07
  921    1.120546E-06
  922    1.118118E-06
  923    1.115698E-06
  924    1.113286E-06
  925    1.110881E-06
  926    1.108484E-06
  927    1.106095E-06
  928    1.103714E-06
  929    1.101341E-06
  930    1.098975E-06
  931    1.146247E-06
  932    1.143790E-06
  933    1.141340E-06
  934    1.138899E-06
  935    1.136466E-06
  936    1.134040E-06
  937    1.131622E-06
  938    1.129212E-06
  939    1.126809E-06
  940    1.124414E-06
  941    1.336878E-06
  942    1.334043E-06
  943    1.331216E-06
  944    1.328399E-06
  945    1.325590E-06
  946    1.322791E-06
  947    1.320000E-06
  948    1.317218E-06
  949    1.314445E-06
  950    1.311681E-06
  951    1.337712E-06
  952    1.334904E-06
  953    1.332106E-06
  954    1.329316E-06
  955    1.326535E-06
  956    1.323763E-06
  957    1.320999E-06
  958    1.318244E-06
  959    1.315498E-06
  960    1.312760E-06
  961    1.508062E-06
  962    1.504930E-06
  963    1.501808E-06
  964    1.498695E-06
  965    1.495592E-06
  966    1.492499E-06
  967    1.489415E-06
  968    1.486341E-06
  969    1.483277E-06
  970    1.480222E-06
  971    1.583141E-06
  972    1.579887E-06
  973    1.576643E-06
  974    1.573409E-06
  975    1.570185E-06
  976    1.566970E-06
  977    1.563766E-06
  978    1.560571E-06
  979    1.557386E-06
  980    1.554211E-06
  981    1.646750E-06
  982    1.643400E-06
  983    1.640060E-06
  984    1.636730E-06
  985    1.633410E-06
  986    1.630100E-06
  987    1.626800E-06
  988    1.623510E-06
  989    1.620230E-06
  990    1.616961E-06
  991    1.884136E-06
  992    1.880341E-06
  993    1.876558E-06
  994    1.872786E-06
  995    1.869025E-06
  996    1.865276E-06
  997    1.861538E-06
  998    1.857811E-06
  999    1.854095E-06
 1000    1.850391E-06
 1001    1.785936E-06
 1002    1.782375E-06
 1003    1.778825E-06
 1004    1.775285E-06
 1005    1.771755E-06
 1006    1.768236E-06
 1007    1.764728E-06
 1008    1.761230E-06
 1009    1.757742E-06
 1010    1.754265E-06
 1011    2.047955E-06
 1012    2.043911E-06
 1013    2.039880E-06
 1014    2.035860E-06
 1015    2.031853E-06
 1016    2.027857E-06
 1017    2.023873E-06
 1018    2.019901E-06
 1019    2.015940E-06
 1020    2.011991E-06
 1021    2.124937E-06
 1022    2.120783E-06
 1023    2.116641E-06
 1024    2.112511E-06
 1025    2.108393E-06
 1026    2.104287E-06
 1027    2.100193E-06
 1028    2.096111E-06
 1029    2.092041E-06
 1030    2.087983E-06
 1031    2.230123E-06
 1032    2.225805E-06
 1033    2.221500E-06
 1034    2.217207E-06
 1035    2.212927E-06
 1036    2.208659E-06
 1037    2.204404E-06
 1038    2.200160E-06
 1039    2.195929E-06
 1040    2.191710E-06
 1041    2.421655E-06
 1042    2.417011E-06
 1043    2.412381E-06
 1044    2.407764E-06
 1045    2.403160E-06
 1046    2.398569E-06
 1047    2.393992E-06
 1048    2.389428E-06
 1049    2.384876E-06
 1050    2.380338E-06
 1051    2.388438E-06
 1052    2.383902E-06
 1053    2.379378E-06
 1054    2.374868E-06
 1055    2.370370E-06
 1056    2.365885E-06
 1057    2.361412E-06
 1058    2.356953E-06
 1059    2.352506E-06
 1060    2.348071E-06
 1061    2.773835E-06
 1062    2.768616E-06
 1063    2.763411E-06
 1064    2.758222E-06
 1065    2.753047E-06
 1066    2.747887E-06
 1067    2.742741E-06
 1068    2.737609E-06
 1069    2.732492E-06
 1070    2.727390E-06
 1071    2.869505E-06
 1072    2.864156E-06
 1073    2.858823E-06
 1074    2.853504E-06
 1075    2.848200E-06
 1076    2.842911E-06
 1077    2.837636E-06
 1078    2.832377E-06
 1079    2.827131E-06
 1080    2.821901E-06
 1081    3.049559E-06
 1082    3.043927E-06
 1083    3.038311E-06
 1084    3.032711E-06
 1085    3.027126E-06
 1086    3.021556E-06
 1087    3.016002E-06
 1088    3.010463E-06
 1089    3.004939E-06
 1090    2.999430E-06
 1091    3.131386E-06
 1092    3.125656E-06
 1093    3.119942E-06
 1094    3.114244E-06
 1095    3.108561E-06
 1096    3.102893E-06
 1097    3.097241E-06
 1098    3.091605E-06
 1099    3.085984E-06
 1100    3.080378E-06
 1101    3.142953E-06
 1102    3.137254E-06
 1103    3.131570E-06
 1104    3.125902E-06
 1105    3.120250E-06
 1106    3.114612E-06
 1107    3.108990E-06
 1108    3.103384E-06
 1109    3.097792E-06
 1110    3.092215E-06
 1111    3.257264E-06
 1112    3.251411E-06
 1113    3.245574E-06
 1114    3.239752E-06
 1115    3.233946E-06
 1116    3.228156E-06
 1117    3.222381E-06
 1118    3.216621E-06
 1119    3.210877E-06
 1120    3.205149E-06
 1121    3.370481E-06
 1122    3.364479E-06
 1123    3.358492E-06
 1124    3.352521E-06
 1125    3.346567E-06
 1126    3.340628E-06
 1127    3.334705E-06
 1128    3.328797E-06
 1129    3.322906E-06
 1130    3.317030E-06
 1131    3.540899E-06
 1132    3.534649E-06
 1133    3.528415E-06
 1134    3.522197E-06
 1135    3.515996E-06
 1136    3.509812E-06
 1137    3.503643E-06
 1138    3.497491E-06
 1139    3.491355E-06
 1140    3.485235E-06
 1141    3.755467E-06
 1142    3.748896E-06
 1143    3.742342E-06
 1144    3.735805E-06
 1145    3.729285E-06
 1146    3.722782E-06
 1147    3.716297E-06
 1148    3.709828E-06
 1149    3.703376E-06
 1150    3.696941E-06
 1151    3.867563E-06
 1152    3.860854E-06
 1153    3.854163E-06
 1154    3.847489E-06
 1155    3.840833E-06
 1156    3.834193E-06
 1157    3.827571E-06
 1158    3.820966E-06
 1159    3.814379E-06
 1160    3.807808E-06
 1161    3.996055E-06
 1162    3.989183E-06
 1163    3.982328E-06
 1164    3.975492E-06
 1165    3.968673E-06
 1166    3.961871E-06
 1167    3.955087E-06
 1168    3.948321E-06
 1169    3.941571E-06
 1170    3.934839E-06
 1171    4.111135E-06
 1172    4.104125E-06
 1173    4.097134E-06
 1174    4.090160E-06
 1175    4.083204E-06
 1176    4.076265E-06
 1177    4.069345E-06
 1178    4.062442E-06
 1179    4.055556E-06
 1180    4.048688E-06
 1181    4.442773E-06
 1182    4.435262E-06
 1183    4.427770E-06
 1184    4.420297E-06
 1185    4.412843E-06
 1186    4.405408E-06
 1187    4.397991E-06
 1188    4.390593E-06
 1189    4.383214E-06
 1190    4.375854E-06
 1191    4.485587E-06
 1192    4.478067E-06
 1193    4.470566E-06
 1194    4.463084E-06
 1195    4.455621E-06
 1196    4.448176E-06
 1197    4.440750E-06
 1198    4.433343E-06
 1199    4.425954E-06
 1200    4.418583E-06
 1201    4.624224E-06
 1202    4.616536E-06
 1203    4.608867E-06
 1204    4.601218E-06
 1205    4.593587E-06
 1206    4.585975E-06
 1207    4.578383E-06
 1208    4.570809E-06
 1209    4.563254E-06
 1210    4.555718E-06
 1211    4.633977E-06
 1212    4.626337E-06
 1213    4.618715E-06
 1214    4.611112E-06
 1215    4.603528E-06
 1216    4.595963E-06
 1217    4.588416E-06
 1218    4.580888E-06
 1219    4.573378E-06
 1220    4.565887E-06
 1221    4.727797E-06
 1222    4.720065E-06
 1223    4.712353E-06
 1224    4.704659E-06
 1225    4.696984E-06
 1226    4.689328E-06
 1227    4.681691E-06
 1228    4.674072E-06
 1229    4.666472E-06
 1230    4.658891E-06
 1231    5.170529E-06
 1232    5.162142E-06
 1233    5.153775E-06
 1234    5.145429E-06
 1235    5.137103E-06
 1236    5.128798E-06
 1237    5.120512E-06
 1238    5.112246E-06
 1239    5.104001E-06
 1240    5.095775E-06
 1241    5.017956E-06
 1242    5.009882E-06
 1243    5.001828E-06
 1244    4.993793E-06
 1245    4.985777E-06
 1246    4.977780E-06
 1247    4.969803E-06
 1248    4.961845E-06
 1249    4.953906E-06
 1250    4.945986E-06
 1251    5.130137E-06
 1252    5.121949E-06
 1253    5.113780E-06
 1254    5.105630E-06
 1255    5.097500E-06
 1256    5.089390E-06
 1257    5.081299E-06
 1258    5.073227E-06
 1259    5.065174E-06
 1260    5.057140E-06
 1261    5.015385E-06
 1262    5.007443E-06
 1263    4.999520E-06
 1264    4.991615E-06
 1265    4.983730E-06
 1266    4.975863E-06
 1267    4.968014E-06
 1268    4.960184E-06
 1269    4.952373E-06
 1270    4.944580E-06
 1271    5.447047E-06
 1272    5.438489E-06
 1273    5.429952E-06
 1274    5.421434E-06
 1275    5.412937E-06
 1276    5.404459E-06
 1277    5.396001E-06
 1278    5.387563E-06
 1279    5.379145E-06
 1280    5.370747E-06
 1281    5.439278E-06
 1282    5.430799E-06
 1283    5.422340E-06
 1284    5.413900E-06
 1285    5.405480E-06
 1286    5.397080E-06
 1287    5.388700E-06
 1288    5.380339E-06
 1289    5.371997E-06
 1290    5.363675E-06
 1291    5.509736E-06
 1292    5.501214E-06
 1293    5.492711E-06
 1294    5.484228E-06
 1295    5.475765E-06
 1296    5.467321E-06
 1297    5.458897E-06
 1298    5.450492E-06
 1299    5.442107E-06
 1300    5.433741E-06
 1301    5.694483E-06
 1302    5.685742E-06
 1303    5.677022E-06
 1304    5.668321E-06
 1305    5.659641E-06
 1306    5.650981E-06
 1307    5.642340E-06
 1308    5.633719E-06
 1309    5.625118E-06
 1310    5.616537E-06
 1311    5.731760E-06
 1312    5.723030E-06
 1313    5.714319E-06
 1314    5.705628E-06
 1315    5.696957E-06
 1316    5.688305E-06
 1317    5.679673E-06
 1318    5.671061E-06
 1319    5.662469E-06
 1320    5.653896E-06
 1321    6.014335E-06
 1322    6.005243E-06
 1323    5.996171E-06
 1324    5.987121E-06
 1325    5.978090E-06
 1326    5.969080E-06
 1327    5.960091E-06
 1328    5.951121E-06
 1329    5.942172E-06
 1330    5.933243E-06
 1331    6.117955E-06
 1332    6.108775E-06
 1333    6.099617E-06
 1334    6.090479E-06
 1335    6.081361E-06
 1336    6.072264E-06
 1337    6.063188E-06
 1338    6.054131E-06
 1339    6.045095E-06
 1340    6.036079E-06
 1341    6.017219E-06
 1342    6.008259E-06
 1343    5.999318E-06
 1344    5.990397E-06
 1345    5.981496E-06
 1346    5.972614E-06
 1347    5.963753E-06
 1348    5.954911E-06
 1349    5.946089E-06
 1350    5.937287E-06
 1351    6.241733E-06
 1352    6.232507E-06
 1353    6.223301E-06
 1354    6.214115E-06
 1355    6.204950E-06
 1356    6.195805E-06
 1357    6.186680E-06
 1358    6.177575E-06
 1359    6.168490E-06
 1360    6.159426E-06
 1361    6.065596E-06
 1362    6.056696E-06
 1363    6.047815E-06
 1364    6.038954E-06
 1365    6.030112E-06
 1366    6.021290E-06
 1367    6.012487E-06
 1368    6.003703E-06
 1369    5.994938E-06
 1370    5.986193E-06
 1371    6.504374E-06
 1372    6.494900E-06
 1373    6.485446E-06
 1374    6.476012E-06
 1375    6.466600E-06
 1376    6.457207E-06
 1377    6.447835E-06
 1378    6.438484E-06
 1379    6.429153E-06
 1380    6.419842E-06
 1381    6.980098E-06
 1382    6.970004E-06
 1383    6.959931E-06
 1384    6.949881E-06
 1385    6.939852E-06
 1386    6.929845E-06
 1387    6.919860E-06
 1388    6.909896E-06
 1389    6.899954E-06
 1390    6.890033E-06
 1391    6.906841E-06
 1392    6.896925E-06
 1393    6.887030E-06
 1394    6.877156E-06
 1395    6.867303E-06
 1396    6.857472E-06
 1397    6.847661E-06
 1398    6.837872E-06
 1399    6.828104E-06
 1400    6.818356E-06
 1401    6.872938E-06
 1402    6.863141E-06
 1403    6.853364E-06
 1404    6.843609E-06
 1405    6.833874E-06
 1406    6.824160E-06
 1407    6.814466E-06
 1408    6.804794E-06
 1409    6.795141E-06
 1410    6.785510E-06
 1411    7.056378E-06
 1412    7.046390E-06
 1413    7.036424E-06
 1414    7.026478E-06
 1415    7.016554E-06
 1416    7.006650E-06
 1417    6.996768E-06
 1418    6.986906E-06
 1419    6.977066E-06
 1420    6.967246E-06
 1421    7.798724E-06
 1422    7.787763E-06
 1423    7.776826E-06
 1424    7.765911E-06
 1425    7.755019E-06
 1426    7.744150E-06
 1427    7.733304E-06
 1428    7.722480E-06
 1429    7.711680E-06
 1430    7.700902E-06
 1431    7.727601E-06
 1432    7.716816E-06
 1433    7.706054E-06
 1434    7.695313E-06
 1435    7.684596E-06
 1436    7.673900E-06
 1437    7.663227E-06
 1438    7.652577E-06
 1439    7.641948E-06
 1440    7.631342E-06
 1441    8.191382E-06
 1442    8.180029E-06
 1443    8.168699E-06
 1444    8.157393E-06
 1445    8.146110E-06
 1446    8.134851E-06
 1447    8.123615E-06
 1448    8.112402E-06
 1449    8.101213E-06
 1450    8.090047E-06
 1451    7.982238E-06
 1452    7.971251E-06
 1453    7.960286E-06
 1454    7.949344E-06
 1455    7.938425E-06
 1456    7.927528E-06
 1457    7.916653E-06
 1458    7.905801E-06
 1459    7.894971E-06
 1460    7.884164E-06
 1461    7.582916E-06
 1462    7.572550E-06
 1463    7.562205E-06
 1464    7.551881E-06
 1465    7.541579E-06
 1466    7.531297E-06
 1467    7.521036E-06
 1468    7.510797E-06
 1469    7.500578E-06
 1470    7.490380E-06
 1471    8.481823E-06
 1472    8.470306E-06
 1473    8.458813E-06
 1474    8.447344E-06
 1475    8.435897E-06
 1476    8.424474E-06
 1477    8.413075E-06
 1478    8.401698E-06
 1479    8.390344E-06
 1480    8.379014E-06
 1481    1.116531E-05
 1482    1.115025E-05
 1483    1.113523E-05
 1484    1.112023E-05
 1485    1.110526E-05
 1486    1.109033E-05
 1487    1.107542E-05
 1488    1.106054E-05
 1489    1.104570E-05
 1490    1.103088E-05
 1491    1.196996E-05
 1492    1.195393E-05
 1493    1.193793E-05
 1494    1.192196E-05
 1495    1.190602E-05
 1496    1.189011E-05
 1497    1.187424E-05
 1498    1.185839E-05
 1499    1.184258E-05
 1500    1.182680E-05
 1501    1.088369E-05
 1502    1.086921E-05
 1503    1.085476E-05
 1504    1.084033E-05
 1505    1.082593E-05
 1506    1.081157E-05
 1507    1.079723E-05
 1508    1.078292E-05
 1509    1.076863E-05
 1510    1.075438E-05
 1511    1.331823E-05
 1512    1.330063E-05
 1513    1.328306E-05
 1514    1.326552E-05
 1515    1.324802E-05
 1516    1.323055E-05
 1517    1.321312E-05
 1518    1.319573E-05
 1519    1.317836E-05
 1520    1.316103E-05
 1521    1.785044E-05
 1522    1.782700E-05
 1523    1.780361E-05
 1524    1.778026E-05
 1525    1.775695E-05
 1526    1.773370E-05
 1527    1.771049E-05
 1528    1.768732E-05
 1529    1.766420E-05
 1530    1.764112E-05
 1531    1.482667E-05
 1532    1.480733E-05
 1533    1.478802E-05
 1534    1.476876E-05
 1535    1.474953E-05
 1536    1.473033E-05
 1537    1.471118E-05
 1538    1.469206E-05
 1539    1.467298E-05
 1540    1.465394E-05
 1541    8.270415E-06
 1542    8.259695E-06
 1543    8.248996E-06
 1544    8.238317E-06
 1545    8.227660E-06
 1546    8.217023E-06
 1547    8.206407E-06
 1548    8.195811E-06
 1549    8.185236E-06
 1550    8.174681E-06
 1551    1.222020E-06
 1552    1.220447E-06
 1553    1.218876E-06
 1554    1.217308E-06
 1555    1.215744E-06
 1556    1.214182E-06
 1557    1.212623E-06
 1558    1.211068E-06
 1559    1.209515E-06
 1560    1.207965E-06
 1561   -5.001954E-06
 1562   -4.995553E-06
 1563   -4.989165E-06
 1564   -4.982789E-06
 1565   -4.976425E-06
 1566   -4.970074E-06
 1567   -4.963735E-06
 1568   -4.957407E-06
 1569   -4.951092E-06
 1570   -4.944789E-06
 1571   -4.584002E-06
 1572   -4.578174E-06
 1573   -4.572356E-06
 1574   -4.566550E-06
 1575   -4.560755E-06
 1576   -4.554971E-06
 1577   -4.549198E-06
 1578   -4.543436E-06
 1579   -4.537685E-06
 1580   -4.531944E-06
 1581    2.561668E-05
 1582    2.558431E-05
 1583    2.555201E-05
 1584    2.551977E-05
 1585    2.548759E-05
 1586    2.545547E-05
 1587    2.542341E-05
 1588    2.539141E-05
 1589    2.535947E-05
 1590    2.532759E-05
 1591    8.652444E-05
 1592    8.641580E-05
 1593    8.630738E-05
 1594    8.619916E-05
 1595    8.609114E-05
 1596    8.598332E-05
 1597    8.587571E-05
 1598    8.576830E-05
 1599    8.566109E-05
 1600    8.555408E-05
 1601    1.543893E-04
 1602    1.541966E-04
 1603    1.540044E-04
 1604    1.538125E-04
 1605    1.536209E-04
 1606    1.534297E-04
 1607    1.532389E-04
 1608    1.530484E-04
 1609    1.528583E-04
 1610    1.526685E-04
 1611    2.174835E-04
 1612    2.172138E-04
 1613    2.169447E-04
 1614    2.166760E-04
 1615    2.164078E-04
 1616    2.161402E-04
 1617    2.158730E-04
 1618    2.156063E-04
 1619    2.153401E-04
 1620    2.150745E-04
 1621    2.479623E-04
 1622    2.476567E-04
 1623    2.473517E-04
 1624    2.470473E-04
 1625    2.467434E-04
 1626    2.464401E-04
 1627    2.461374E-04
 1628    2.458352E-04
 1629    2.455335E-04
 1630    2.452325E-04
 1631    8.091997E-05
 1632    8.082087E-05
 1633    8.072194E-05
 1634    8.062320E-05
 1635    8.052464E-05
 1636    8.042626E-05
 1637    8.032806E-05
 1638    8.023004E-05
 1639    8.013220E-05
 1640    8.003453E-05
 1641   -5.551438E-04
 1642   -5.544681E-04
 1643   -5.537935E-04
 1644   -5.531202E-04
 1645   -5.524481E-04
 1646   -5.517773E-04
 1647   -5.511077E-04
 1648   -5.504392E-04
 1649   -5.497720E-04
 1650   -5.491061E-04
 1651   -1.503963E-03
 1652   -1.502143E-03
 1653   -1.500327E-03
 1654   -1.498514E-03
 1655   -1.496704E-03
 1656   -1.494898E-03
 1657   -1.493094E-03
 1658   -1.491294E-03
 1659   -1.489498E-03
 1660   -1.487704E-03
 1661   -2.004395E-03
 1662   -2.001984E-03
 1663   -1.999578E-03
 1664   -1.997176E-03
 1665   -1.994778E-03
 1666   -1.992385E-03
 1667   -1.989996E-03
 1668   -1.987611E-03
 1669   -1.985231E-03
 1670   -1.982855E-03
 1671   -1.820861E-03
 1672   -1.818685E-03
 1673   -1.816512E-03
 1674   -1.814343E-03
 1675   -1.812178E-03
 1676   -1.810016E-03
 1677   -1.807859E-03
 1678   -1.805706E-03
 1679   -1.803556E-03
 1680   -1.801410E-03
 1681   -9.115429E-05
 1682   -9.104597E-05
 1683   -9.093783E-05
 1684   -9.082990E-05
 1685   -9.072215E-05
 1686   -9.061460E-05
 1687   -9.050723E-05
 1688   -9.040006E-05
 1689   -9.029308E-05
 1690   -9.018629E-05
 1691    6.170037E-03
 1692    6.162748E-03
 1693    6.155472E-03
 1694    6.148209E-03
 1695    6.140959E-03
 1696    6.133721E-03
 1697    6.126497E-03
 1698    6.119285E-03
 1699    6.112086E-03
 1700    6.104899E-03
 1701    1.615758E-02
 1702    1.613861E-02
 1703    1.611967E-02
 1704    1.610076E-02
 1705    1.608188E-02
 1706    1.606304E-02
 1707    1.604423E-02
 1708    1.602545E-02
 1709    1.600671E-02
 1710    1.598800E-02
 1711    2.246254E-02
 1712    2.243632E-02
 1713    2.241014E-02
 1714    2.238400E-02
 1715    2.235792E-02
 1716    2.233187E-02
 1717    2.230588E-02
 1718    2.227992E-02
 1719    2.225402E-02
 1720    2.222815E-02
 1721    2.332621E-02
 1722    2.329914E-02
 1723    2.327211E-02
 1724    2.324513E-02
 1725    2.321819E-02
 1726    2.319130E-02
 1727    2.316446E-02
 1728    2.313767E-02
 1729    2.311092E-02
 1730    2.308422E-02
 1731    2.227915E-02
 1732    2.225344E-02
 1733    2.222778E-02
 1734    2.220215E-02
 1735    2.217657E-02
 1736    2.215104E-02
 1737    2.212555E-02
 1738    2.210010E-02
 1739    2.207470E-02
 1740    2.204934E-02
 1741    1.624811E-02
 1742    1.622947E-02
 1743    1.621086E-02
 1744    1.619228E-02
 1745    1.617373E-02
 1746    1.615521E-02
 1747    1.613673E-02
 1748    1.611828E-02
 1749    1.609986E-02
 1750    1.608147E-02
 1751    5.765365E-03
 1752    5.758787E-03
 1753    5.752221E-03
 1754    5.745666E-03
 1755    5.739122E-03
 1756    5.732589E-03
 1757    5.726067E-03
 1758    5.719556E-03
 1759    5.713057E-03
 1760    5.706568E-03
 1761   -3.753252E-04
 1762   -3.748994E-04
 1763   -3.744743E-04
 1764   -3.740500E-04
 1765   -3.736264E-04
 1766   -3.732035E-04
 1767   -3.727813E-04
 1768   -3.723598E-04
 1769   -3.719391E-04
 1770   -3.715191E-04
 1771   -2.082727E-03
 1772   -2.080378E-03
 1773   -2.078033E-03
 1774   -2.075691E-03
 1775   -2.073354E-03
 1776   -2.071020E-03
 1777   -2.068691E-03
 1778   -2.066365E-03
 1779   -2.064043E-03
 1780   -2.061725E-03
 1781   -2.247724E-03
 1782   -2.245202E-03
 1783   -2.242685E-03
 1784   -2.240172E-03
 1785   -2.237664E-03
 1786   -2.235160E-03
 1787   -2.232659E-03
 1788   -2.230163E-03
 1789   -2.227672E-03
 1790   -2.225184E-03
 1791   -1.700316E-03
 1792   -1.698419E-03
 1793   -1.696525E-03
 1794   -1.694635E-03
 1795   -1.692748E-03
 1796   -1.690864E-03
 1797   -1.688983E-03
 1798   -1.687106E-03
 1799   -1.685231E-03
 1800   -1.683360E-03
 1801   -6.500304E-04
 1802   -6.493094E-04
 1803   -6.485895E-04
 1804   -6.478709E-04
 1805   -6.471534E-04
 1806   -6.464371E-04
 1807   -6.457220E-04
 1808   -6.450081E-04
 1809   -6.442954E-04
 1810   -6.435839E-04
 1811    2.225771E-05
 1812    2.223316E-05
 1813    2.220865E-05
 1814    2.218417E-05
 1815    2.215974E-05
 1816    2.213535E-05
 1817    2.211100E-05
 1818    2.208669E-05
 1819    2.206242E-05
 1820    2.203819E-05
 1821    1.983488E-04
 1822    1.981312E-04
 1823    1.979140E-04
 1824    1.976971E-04
 1825    1.974805E-04
 1826    1.972643E-04
 1827    1.970485E-04
 1828    1.968330E-04
 1829    1.966179E-04
 1830    1.964032E-04
 1831    1.751783E-04
 1832    1.749871E-04
 1833    1.747963E-04
 1834    1.746058E-04
 1835    1.744156E-04
 1836    1.742257E-04
 1837    1.740361E-04
 1838    1.738468E-04
 1839    1.736579E-04
 1840    1.734692E-04
 1841    1.148642E-04
 1842    1.147395E-04
 1843    1.146151E-04
 1844    1.144909E-04
 1845    1.143668E-04
 1846    1.142430E-04
 1847    1.141193E-04
 1848    1.139959E-04
 1849    1.138727E-04
 1850    1.137496E-04
 1851    4.329099E-05
 1852    4.324426E-05
 1853    4.319761E-05
 1854    4.315104E-05
 1855    4.310454E-05
 1856    4.305811E-05
 1857    4.301176E-05
 1858    4.296549E-05
 1859    4.291929E-05
 1860    4.287317E-05
 1861   -1.738468E-05
 1862   -1.736602E-05
 1863   -1.734739E-05
 1864   -1.732878E-05
 1865   -1.731021E-05
 1866   -1.729167E-05
 1867   -1.727315E-05
 1868   -1.725467E-05
 1869   -1.723621E-05
 1870   -1.721779E-05
 1871   -4.402164E-05
 1872   -4.397463E-05
 1873   -4.392770E-05
 1874   -4.388085E-05
 1875   -4.383406E-05
 1876   -4.378736E-05
 1877   -4.374073E-05
 1878   -4.369417E-05
 1879   -4.364769E-05
 1880   -4.360128E-05
 1881   -4.512801E-05
 1882   -4.508007E-05
 1883   -4.503222E-05
 1884   -4.498444E-05
 1885   -4.493674E-05
 1886   -4.488911E-05
 1887   -4.484156E-05
 1888   -4.479408E-05
 1889   -4.474668E-05
 1890   -4.469935E-05
 1891   -3.449411E-05
 1892   -3.445766E-05
 1893   -3.442128E-05
 1894   -3.438495E-05
 1895   -3.434868E-05
 1896   -3.431246E-05
 1897   -3.427631E-05
 1898   -3.424021E-05
 1899   -3.420417E-05
 1900   -3.416818E-05
 1901   -2.112008E-05
 1902   -2.109788E-05
 1903   -2.107572E-05
 1904   -2.105359E-05
 1905   -2.103150E-05
 1906   -2.100944E-05
 1907   -2.098742E-05
 1908   -2.096543E-05
 1909   -2.094348E-05
 1910   -2.092156E-05
 1911   -1.114065E-05
 1912   -1.112900E-05
 1913   -1.111737E-05
 1914   -1.110576E-05
 1915   -1.109417E-05
 1916   -1.108259E-05
 1917   -1.107104E-05
 1918   -1.105950E-05
 1919   -1.104798E-05
 1920   -1.103648E-05
 1921   -7.579881E-06
 1922   -7.571998E-06
 1923   -7.564126E-06
 1924   -7.556268E-06
 1925   -7.548421E-06
 1926   -7.540587E-06
 1927   -7.532764E-06
 1928   -7.524954E-06
 1929   -7.517157E-06
 1930   -7.509371E-06
 1931   -1.036185E-05
 1932   -1.035113E-05
 1933   -1.034042E-05
 1934   -1.032973E-05
 1935   -1.031906E-05
 1936   -1.030841E-05
 1937   -1.029777E-05
 1938   -1.028715E-05
 1939   -1.027654E-05
 1940   -1.026595E-05
 1941   -1.084373E-05
 1942   -1.083256E-05
 1943   -1.082142E-05
 1944   -1.081029E-05
 1945   -1.079918E-05
 1946   -1.078809E-05
 1947   -1.077701E-05
 1948   -1.076595E-05
 1949   -1.075491E-05
 1950   -1.074389E-05
 1951   -8.604128E-06
 1952   -8.595317E-06
 1953   -8.586520E-06
 1954   -8.577735E-06
 1955   -8.568965E-06
 1956   -8.560207E-06
 1957   -8.551464E-06
 1958   -8.542733E-06
 1959   -8.534016E-06
 1960   -8.525312E-06
 1961   -7.964771E-06
 1962   -7.956657E-06
 1963   -7.948554E-06
 1964   -7.940464E-06
 1965   -7.932386E-06
 1966   -7.924321E-06
 1967   -7.916267E-06
 1968   -7.908227E-06
 1969   -7.900198E-06
 1970   -7.892181E-06
 1971   -9.314364E-06
 1972   -9.304922E-06
 1973   -9.295494E-06
 1974   -9.286081E-06
 1975   -9.276682E-06
 1976   -9.267298E-06
 1977   -9.257927E-06
 1978   -9.248571E-06
 1979   -9.239229E-06
 1980   -9.229901E-06
 1981   -9.829208E-06
 1982   -9.819295E-06
 1983   -9.809396E-06
 1984   -9.799513E-06
 1985   -9.789644E-06
 1986   -9.779790E-06
 1987   -9.769951E-06
 1988   -9.760127E-06
 1989   -9.750318E-06
 1990   -9.740524E-06
 1991   -8.746715E-06
 1992   -8.737937E-06
 1993   -8.729173E-06
 1994   -8.720422E-06
 1995   -8.711684E-06
 1996   -8.702959E-06
 1997   -8.694248E-06
 1998   -8.685549E-06
 1999   -8.676863E-06
 2000   -8.668191E-06
 2001   -7.537276E-06
 2002   -7.529750E-06
 2003   -7.522235E-06
 2004   -7.514732E-06
 2005   -7.507239E-06
 2006   -7.499758E-06
 2007   -7.492288E-06
 2008   -7.484830E-06
 2009   -7.477382E-06
 2010   -7.469946E-06
 2011   -6.880135E-06
 2012   -6.873299E-06
 2013   -6.866474E-06
 2014   -6.859658E-06
 2015   -6.852853E-06
 2016   -6.846058E-06
 2017   -6.839273E-06
 2018   -6.832498E-06
 2019   -6.825733E-06
 2020   -6.818978E-06
 2021   -6.674946E-06
 2022   -6.668347E-06
 2023   -6.661758E-06
 2024   -6.655178E-06
 2025   -6.648608E-06
 2026   -6.642048E-06
 2027   -6.635498E-06
 2028   -6.628957E-06
 2029   -6.622426E-06
 2030   -6.615905E-06
 2031   -7.097562E-06
 2032   -7.090579E-06
 2033   -7.083607E-06
 2034   -7.076645E-06
 2035   -7.069694E-06
 2036   -7.062753E-06
 2037   -7.055822E-06
 2038   -7.048901E-06
 2039   -7.041990E-06
 2040   -7.035089E-06
 2041   -6.875981E-06
 2042   -6.869250E-06
 2043   -6.862529E-06
 2044   -6.855817E-06
 2045   -6.849115E-06
 2046   -6.842424E-06
 2047   -6.835742E-06
 2048   -6.829069E-06
 2049   -6.822407E-06
 2050   -6.815754E-06
 2051   -6.199323E-06
 2052   -6.193284E-06
 2053   -6.187254E-06
 2054   -6.181232E-06
 2055   -6.175219E-06
 2056   -6.169215E-06
 2057   -6.163220E-06
 2058   -6.157233E-06
 2059   -6.151255E-06
 2060   -6.145286E-06
 2061   -5.840939E-06
 2062   -5.835276E-06
 2063   -5.829622E-06
 2064   -5.823976E-06
 2065   -5.818338E-06
 2066   -5.812708E-06
 2067   -5.807086E-06
 2068   -5.801473E-06
 2069   -5.795868E-06
 2070   -5.790271E-06
 2071   -5.995002E-06
 2072   -5.989218E-06
 2073   -5.983442E-06
 2074   -5.977675E-06
 2075   -5.971916E-06
 2076   -5.966166E-06
 2077   -5.960424E-06
 2078   -5.954690E-06
 2079   -5.948964E-06
 2080   -5.943247E-06
 2081   -6.273242E-06
 2082   -6.267219E-06
 2083   -6.261204E-06
 2084   -6.255198E-06
 2085   -6.249201E-06
 2086   -6.243212E-06
 2087   -6.237232E-06
 2088   -6.231261E-06
 2089   -6.225298E-06
 2090   -6.219344E-06
 2091   -5.937558E-06
 2092   -5.931884E-06
 2093   -5.926218E-06
 2094   -5.920561E-06
 2095   -5.914912E-06
 2096   -5.909270E-06
 2097   -5.903637E-06
 2098   -5.898012E-06
 2099   -5.892395E-06
 2100   -5.886785E-06
 2101   -5.593059E-06
 2102   -5.587740E-06
 2103   -5.582428E-06
 2104   -5.577124E-06
 2105   -5.571828E-06
 2106   -5.566539E-06
 2107   -5.561257E-06
 2108   -5.555984E-06
 2109   -5.550717E-06
 2110   -5.545458E-06
 2111   -5.351940E-06
 2112   -5.346874E-06
 2113   -5.341815E-06
 2114   -5.336764E-06
 2115   -5.331720E-06
 2116   -5.326683E-06
 2117   -5.321653E-06
 2118   -5.316630E-06
 2119   -5.311614E-06
 2120   -5.306606E-06
 2121   -5.457749E-06
 2122   -5.452607E-06
 2123   -5.447473E-06
 2124   -5.442346E-06
 2125   -5.437226E-06
 2126   -5.432113E-06
 2127   -5.427008E-06
 2128   -5.421910E-06
 2129   -5.416819E-06
 2130   -5.411735E-06
 2131   -5.490640E-06
 2132   -5.485492E-06
 2133   -5.480351E-06
 2134   -5.475217E-06
 2135   -5.470091E-06
 2136   -5.464971E-06
 2137   -5.459859E-06
 2138   -5.454754E-06
 2139   -5.449656E-06
 2140   -5.444565E-06
 2141   -5.345460E-06
 2142   -5.340471E-06
 2143   -5.335489E-06
 2144   -5.330514E-06
 2145   -5.325546E-06
 2146   -5.320586E-06
 2147   -5.315632E-06
 2148   -5.310684E-06
 2149   -5.305744E-06
 2150   -5.300811E-06
 2151   -4.882932E-06
 2152   -4.878396E-06
 2153   -4.873867E-06
 2154   -4.869343E-06
 2155   -4.864826E-06
 2156   -4.860315E-06
 2157   -4.855811E-06
 2158   -4.851313E-06
 2159   -4.846821E-06
 2160   -4.842335E-06
 2161   -4.824504E-06
 2162   -4.820043E-06
 2163   -4.815589E-06
 2164   -4.811140E-06
 2165   -4.806698E-06
 2166   -4.802261E-06
 2167   -4.797831E-06
 2168   -4.793407E-06
 2169   -4.788989E-06
 2170   -4.784577E-06
 2171   -4.812274E-06
 2172   -4.807845E-06
 2173   -4.803422E-06
 2174   -4.799005E-06
 2175   -4.794594E-06
 2176   -4.790189E-06
 2177   -4.785790E-06
 2178   -4.781398E-06
 2179   -4.777011E-06
 2180   -4.772630E-06
 2181   -4.836376E-06
 2182   -4.831945E-06
 2183   -4.827521E-06
 2184   -4.823102E-06
 2185   -4.818689E-06
 2186   -4.814282E-06
 2187   -4.809882E-06
 2188   -4.805487E-06
 2189   -4.801099E-06
 2190   -4.796716E-06
 2191   -4.743924E-06
 2192   -4.739597E-06
 2193   -4.735277E-06
 2194   -4.730962E-06
 2195   -4.726654E-06
 2196   -4.722351E-06
 2197   -4.718054E-06
 2198   -4.713763E-06
 2199   -4.709477E-06
 2200   -4.705198E-06
 2201   -4.495462E-06
 2202   -4.491380E-06
 2203   -4.487305E-06
 2204   -4.483235E-06
 2205   -4.479170E-06
 2206   -4.475111E-06
 2207   -4.471058E-06
 2208   -4.467009E-06
 2209   -4.462967E-06
 2210   -4.458930E-06
 2211   -4.332642E-06
 2212   -4.328726E-06
 2213   -4.324816E-06
 2214   -4.320911E-06
 2215   -4.317011E-06
 2216   -4.313117E-06
 2217   -4.309228E-06
 2218   -4.305344E-06
 2219   -4.301465E-06
 2220   -4.297592E-06
 2221   -4.404453E-06
 2222   -4.400491E-06
 2223   -4.396533E-06
 2224   -4.392581E-06
 2225   -4.388635E-06
 2226   -4.384694E-06
 2227   -4.380758E-06
 2228   -4.376827E-06
 2229   -4.372901E-06
 2230   -4.368981E-06
 2231   -4.342008E-06
 2232   -4.338120E-06
 2233   -4.334236E-06
 2234   -4.330357E-06
 2235   -4.326484E-06
 2236   -4.322616E-06
 2237   -4.318753E-06
 2238   -4.314895E-06
 2239   -4.311043E-06
 2240   -4.307195E-06
 2241   -4.337039E-06
 2242   -4.333172E-06
 2243   -4.329310E-06
 2244   -4.325453E-06
 2245   -4.321601E-06
 2246   -4.317755E-06
 2247   -4.313913E-06
 2248   -4.310077E-06
 2249   -4.306246E-06
 2250   -4.302420E-06
 2251   -3.890154E-06
 2252   -3.886701E-06
 2253   -3.883252E-06
 2254   -3.879808E-06
 2255   -3.876368E-06
 2256   -3.872933E-06
 2257   -3.869503E-06
 2258   -3.866077E-06
 2259   -3.862656E-06
 2260   -3.859239E-06
 2261   -3.749266E-06
 2262   -3.745952E-06
 2263   -3.742643E-06
 2264   -3.739338E-06
 2265   -3.736038E-06
 2266   -3.732742E-06
 2267   -3.729450E-06
 2268   -3.726163E-06
 2269   -3.722880E-06
 2270   -3.719601E-06
 2271   -3.776226E-06
 2272   -3.772903E-06
 2273   -3.769585E-06
 2274   -3.766271E-06
 2275   -3.762961E-06
 2276   -3.759656E-06
 2277   -3.756355E-06
 2278   -3.753059E-06
 2279   -3.749767E-06
 2280   -3.746479E-06
 2281   -3.745644E-06
 2282   -3.742362E-06
 2283   -3.739085E-06
 2284   -3.735813E-06
 2285   -3.732544E-06
 2286   -3.729280E-06
 2287   -3.726020E-06
 2288   -3.722765E-06
 2289   -3.719513E-06
 2290   -3.716266E-06
 2291   -3.654269E-06
 2292   -3.651082E-06
 2293   -3.647899E-06
 2294   -3.644720E-06
 2295   -3.641545E-06
 2296   -3.638374E-06
 2297   -3.635208E-06
 2298   -3.632045E-06
 2299   -3.628887E-06
 2300   -3.625733E-06
 2301   -3.227941E-06
 2302   -3.225138E-06
 2303   -3.222338E-06
 2304   -3.219542E-06
 2305   -3.216750E-06
 2306   -3.213961E-06
 2307   -3.211176E-06
 2308   -3.208395E-06
 2309   -3.205617E-06
 2310   -3.202843E-06
 2311   -3.109563E-06
 2312   -3.106875E-06
 2313   -3.104189E-06
 2314   -3.101507E-06
 2315   -3.098829E-06
 2316   -3.096154E-06
 2317   -3.093483E-06
 2318   -3.090815E-06
 2319   -3.088150E-06
 2320   -3.085489E-06
 2321   -3.033015E-06
 2322   -3.030403E-06
 2323   -3.027795E-06
 2324   -3.025191E-06
 2325   -3.022590E-06
 2326   -3.019992E-06
 2327   -3.017397E-06
 2328   -3.014806E-06
 2329   -3.012218E-06
 2330   -3.009634E-06
 2331   -3.034039E-06
 2332   -3.031438E-06
 2333   -3.028840E-06
 2334   -3.026246E-06
 2335   -3.023655E-06
 2336   -3.021067E-06
 2337   -3.018483E-06
 2338   -3.015902E-06
 2339   -3.013324E-06
 2340   -3.010750E-06
 2341   -3.020975E-06
 2342   -3.018396E-06
 2343   -3.015821E-06
 2344   -3.013248E-06
 2345   -3.010680E-06
 2346   -3.008114E-06
 2347   -3.005552E-06
 2348   -3.002993E-06
 2349   -3.000437E-06
 2350   -2.997885E-06
 2351   -2.652022E-06
 2352   -2.649768E-06
 2353   -2.647517E-06
 2354   -2.645269E-06
 2355   -2.643023E-06
 2356   -2.640780E-06
 2357   -2.638540E-06
 2358   -2.636303E-06
 2359   -2.634069E-06
 2360   -2.631838E-06
 2361   -2.583316E-06
 2362   -2.581129E-06
 2363   -2.578946E-06
 2364   -2.576765E-06
 2365   -2.574586E-06
 2366   -2.572411E-06
 2367   -2.570238E-06
 2368   -2.568068E-06
 2369   -2.565901E-06
 2370   -2.563737E-06
 2371   -2.574900E-06
 2372   -2.572730E-06
 2373   -2.570562E-06
 2374   -2.568398E-06
 2375   -2.566236E-06
 2376   -2.564076E-06
 2377   -2.561920E-06
 2378   -2.559766E-06
 2379   -2.557615E-06
 2380   -2.555467E-06
 2381   -2.533369E-06
 2382   -2.531242E-06
 2383   -2.529119E-06
 2384   -2.526998E-06
 2385   -2.524880E-06
 2386   -2.522764E-06
 2387   -2.520651E-06
 2388   -2.518541E-06
 2389   -2.516434E-06
 2390   -2.514329E-06
 2391   -2.443339E-06
 2392   -2.441297E-06
 2393   -2.439258E-06
 2394   -2.437221E-06
 2395   -2.435186E-06
 2396   -2.433154E-06
 2397   -2.431125E-06
 2398   -2.429098E-06
 2399   -2.427074E-06
 2400   -2.425052E-06
 2401   -2.071636E-06
 2402   -2.069912E-06
 2403   -2.068189E-06
 2404   -2.066470E-06
 2405   -2.064752E-06
 2406   -2.063036E-06
 2407   -2.061323E-06
 2408   -2.059611E-06
 2409   -2.057902E-06
 2410   -2.056195E-06
 2411   -1.948228E-06
 2412   -1.946613E-06
 2413   -1.945000E-06
 2414   -1.943389E-06
 2415   -1.941780E-06
 2416   -1.940174E-06
 2417   -1.938569E-06
 2418   -1.936966E-06
 2419   -1.935365E-06
 2420   -1.933767E-06
 2421   -1.891142E-06
 2422   -1.889581E-06
 2423   -1.888022E-06
 2424   -1.886464E-06
 2425   -1.884909E-06
 2426   -1.883356E-06
 2427   -1.881805E-06
 2428   -1.880255E-06
 2429   -1.878708E-06
 2430   -1.877162E-06
 2431   -1.879602E-06
 2432   -1.878057E-06
 2433   -1.876514E-06
 2434   -1.874973E-06
 2435   -1.873433E-06
 2436   -1.871896E-06
 2437   -1.870360E-06
 2438   -1.868827E-06
 2439   -1.867295E-06
 2440   -1.865765E-06
 2441   -1.805863E-06
 2442   -1.804384E-06
 2443   -1.802908E-06
 2444   -1.801433E-06
 2445   -1.799960E-06
 2446   -1.798489E-06
 2447   -1.797020E-06
 2448   -1.795552E-06
 2449   -1.794086E-06
 2450   -1.792622E-06
 2451   -1.547773E-06
 2452   -1.546511E-06
 2453   -1.545251E-06
 2454   -1.543992E-06
 2455   -1.542735E-06
 2456   -1.541479E-06
 2457   -1.540225E-06
 2458   -1.538972E-06
 2459   -1.537721E-06
 2460   -1.536471E-06
 2461   -1.499591E-06
 2462   -1.498373E-06
 2463   -1.497157E-06
 2464   -1.495942E-06
 2465   -1.494729E-06
 2466   -1.493517E-06
 2467   -1.492307E-06
 2468   -1.491098E-06
 2469   -1.489891E-06
 2470   -1.488685E-06
 2471   -1.452862E-06
 2472   -1.451687E-06
 2473   -1.450514E-06
 2474   -1.449342E-06
 2475   -1.448171E-06
 2476   -1.447002E-06
 2477   -1.445834E-06
 2478   -1.444667E-06
 2479   -1.443502E-06
 2480   -1.442338E-06
 2481   -1.433783E-06
 2482   -1.432628E-06
 2483   -1.431474E-06
 2484   -1.430322E-06
 2485   -1.429172E-06
 2486   -1.428022E-06
 2487   -1.426874E-06
 2488   -1.425728E-06
 2489   -1.424583E-06
 2490   -1.423439E-06
 2491   -1.346953E-06
 2492   -1.345873E-06
 2493   -1.344794E-06
 2494   -1.343716E-06
 2495   -1.342639E-06
 2496   -1.341563E-06
 2497   -1.340489E-06
 2498   -1.339417E-06
 2499   -1.338345E-06
 2500   -1.337275E-06
 2501   -1.149827E-06
 2502   -1.148909E-06
 2503   -1.147991E-06
 2504   -1.147074E-06
 2505   -1.146159E-06
 2506   -1.145244E-06
 2507   -1.144331E-06
 2508   -1.143419E-06
 2509   -1.142508E-06
 2510   -1.141598E-06
 2511   -1.086656E-06
 2512   -1.085791E-06
 2513   -1.084927E-06
 2514   -1.084064E-06
 2515   -1.083203E-06
 2516   -1.082342E-06
 2517   -1.081482E-06
 2518   -1.080624E-06
 2519   -1.079766E-06
 2520   -1.078909E-06
 2521   -1.003308E-06
 2522   -1.002513E-06
 2523   -1.001718E-06
 2524   -1.000925E-06
 2525   -1.000132E-06
 2526   -9.993407E-07
 2527   -9.985501E-07
 2528   -9.977604E-07
 2529   -9.969717E-07
 2530   -9.961839E-07
 2531   -1.014798E-06
 2532   -1.013997E-06
 2533   -1.013197E-06
 2534   -1.012397E-06
 2535   -1.011599E-06
 2536   -1.010801E-06
 2537   -1.010005E-06
 2538   -1.009209E-06
 2539   -1.008415E-06
 2540   -1.007621E-06
 2541   -9.455812E-07
 2542   -9.448375E-07
 2543   -9.440947E-07
 2544   -9.433528E-07
 2545   -9.426117E-07
 2546   -9.418716E-07
 2547   -9.411323E-07
 2548   -9.403938E-07
 2549   -9.396563E-07
 2550   -9.389196E-07
 2551   -8.016267E-07
 2552   -8.009987E-07
 2553   -8.003714E-07
 2554   -7.997449E-07
 2555   -7.991192E-07
 2556   -7.984941E-07
 2557   -7.978698E-07
 2558   -7.972462E-07
 2559   -7.966234E-07
 2560   -7.960013E-07
 2561   -7.379199E-07
 2562   -7.373440E-07
 2563   -7.367689E-07
 2564   -7.361944E-07
 2565   -7.356206E-07
 2566   -7.350475E-07
 2567   -7.344750E-07
 2568   -7.339032E-07
 2569   -7.333321E-07
 2570   -7.327616E-07
 2571   -7.080637E-07
 2572   -7.075133E-07
 2573   -7.069636E-07
 2574   -7.064145E-07
 2575   -7.058660E-07
 2576   -7.053182E-07
 2577   -7.047710E-07
 2578   -7.042245E-07
 2579   -7.036786E-07
 2580   -7.031333E-07
 2581   -7.098062E-07
 2582   -7.092566E-07
 2583   -7.087077E-07
 2584   -7.081593E-07
 2585   -7.076117E-07
 2586   -7.070646E-07
 2587   -7.065182E-07
 2588   -7.059724E-07
 2589   -7.054273E-07
 2590   -7.048827E-07
 2591   -6.292175E-07
 2592   -6.287321E-07
 2593   -6.282474E-07
 2594   -6.277632E-07
 2595   -6.272795E-07
 2596   -6.267965E-07
 2597   -6.263139E-07
 2598   -6.258320E-07
 2599   -6.253506E-07
 2600   -6.248697E-07
 2601   -5.147773E-07
 2602   -5.143818E-07
 2603   -5.139867E-07
 2604   -5.135921E-07
 2605   -5.131979E-07
 2606   -5.128042E-07
 2607   -5.124110E-07
 2608   -5.120182E-07
 2609   -5.116258E-07
 2610   -5.112339E-07
 2611   -4.449650E-07
 2612   -4.446245E-07
 2613   -4.442843E-07
 2614   -4.439445E-07
 2615   -4.436051E-07
 2616   -4.432660E-07
 2617   -4.429274E-07
 2618   -4.425892E-07
 2619   -4.422513E-07
 2620   -4.419139E-07
 2621   -4.277969E-07
 2622   -4.274707E-07
 2623   -4.271449E-07
 2624   -4.268194E-07
 2625   -4.264944E-07
 2626   -4.261697E-07
 2627   -4.258453E-07
 2628   -4.255214E-07
 2629   -4.251978E-07
 2630   -4.248745E-07
 2631   -4.221512E-07
 2632   -4.218306E-07
 2633   -4.215103E-07
 2634   -4.211903E-07
 2635   -4.208708E-07
 2636   -4.205516E-07
 2637   -4.202327E-07
 2638   -4.199142E-07
 2639   -4.195961E-07
 2640   -4.192784E-07
 2641   -3.754858E-07
 2642   -3.752017E-07
 2643   -3.749179E-07
 2644   -3.746344E-07
 2645   -3.743512E-07
 2646   -3.740684E-07
 2647   -3.737858E-07
 2648   -3.735036E-07
 2649   -3.732217E-07
 2650   -3.729402E-07
 2651   -3.110742E-07
 2652   -3.108397E-07
 2653   -3.106055E-07
 2654   -3.103715E-07
 2655   -3.101378E-07
 2656   -3.099043E-07
 2657   -3.096712E-07
 2658   -3.094382E-07
 2659   -3.092056E-07
 2660   -3.089732E-07
 2661   -2.712024E-07
 2662   -2.709987E-07
 2663   -2.707953E-07
 2664   -2.705921E-07
 2665   -2.703891E-07
 2666   -2.701863E-07
 2667   -2.699838E-07
 2668   -2.697815E-07
 2669   -2.695794E-07
 2670   -2.693775E-07
 2671   -2.622589E-07
 2672   -2.620626E-07
 2673   -2.618666E-07
 2674   -2.616709E-07
 2675   -2.614753E-07
 2676   -2.612799E-07
 2677   -2.610848E-07
 2678   -2.608899E-07
 2679   -2.606952E-07
 2680   -2.605007E-07
 2681   -2.555614E-07
 2682   -2.553709E-07
 2683   -2.551806E-07
 2684   -2.549905E-07
 2685   -2.548006E-07
 2686   -2.546110E-07
 2687   -2.544215E-07
 2688   -2.542323E-07
 2689   -2.540433E-07
 2690   -2.538545E-07
 2691   -2.274821E-07
 2692   -2.273131E-07
 2693   -2.271444E-07
 2694   -2.269758E-07
 2695   -2.268074E-07
 2696   -2.266392E-07
 2697   -2.264712E-07
 2698   -2.263034E-07
 2699   -2.261358E-07
 2700   -2.259683E-07
 2701   -1.826779E-07
 2702   -1.825427E-07
 2703   -1.824077E-07
 2704   -1.822728E-07
 2705   -1.821381E-07
 2706   -1.820036E-07
 2707   -1.818691E-07
 2708   -1.817349E-07
 2709   -1.816007E-07
 2710   -1.814668E-07
 2711   -1.563976E-07
 2712   -1.562823E-07
 2713   -1.561672E-07
 2714   -1.560521E-07
 2715   -1.559372E-07
 2716   -1.558224E-07
 2717   -1.557078E-07
 2718   -1.555932E-07
 2719   -1.554788E-07
 2720   -1.553646E-07
 2721   -1.491977E-07
 2722   -1.490881E-07
 2723   -1.489787E-07
 2724   -1.488693E-07
 2725   -1.487601E-07
 2726   -1.486510E-07
 2727   -1.485420E-07
 2728   -1.484332E-07
 2729   -1.483244E-07
 2730   -1.482158E-07
 2731   -1.432668E-07
 2732   -1.431619E-07
 2733   -1.430572E-07
 2734   -1.429526E-07
 2735   -1.428481E-07
 2736   -1.427437E-07
 2737   -1.426394E-07
 2738   -1.425353E-07
 2739   -1.424312E-07
 2740   -1.423273E-07
 2741   -1.308804E-07
 2742   -1.307849E-07
 2743   -1.306896E-07
 2744   -1.305944E-07
 2745   -1.304993E-07
 2746   -1.304043E-07
 2747   -1.303094E-07
 2748   -1.302145E-07
 2749   -1.301198E-07
 2750   -1.300252E-07
 2751   -1.131573E-07
 2752   -1.130751E-07
 2753   -1.129930E-07
 2754   -1.129109E-07
 2755   -1.128290E-07
 2756   -1.127471E-07
 2757   -1.126654E-07
 2758   -1.125837E-07
 2759   -1.125021E-07
 2760   -1.124206E-07
 2761   -9.928224E-08
 2762   -9.921037E-08
 2763   -9.913858E-08
 2764   -9.906687E-08
 2765   -9.899524E-08
 2766   -9.892369E-08
 2767   -9.885221E-08
 2768   -9.878081E-08
 2769   -9.870949E-08
 2770   -9.863824E-08
 2771   -9.861064E-08
 2772   -9.853952E-08
 2773   -9.846847E-08
 2774   -9.839751E-08
 2775   -9.832661E-08
 2776   -9.825580E-08
 2777   -9.818506E-08
 2778   -9.811440E-08
 2779   -9.804381E-08
 2780   -9.797330E-08
 2781   -9.404168E-08
 2782   -9.397410E-08
 2783   -9.390659E-08
 2784   -9.383915E-08
 2785   -9.377179E-08
 2786   -9.370450E-08
 2787   -9.363728E-08
 2788   -9.357013E-08
 2789   -9.350305E-08
 2790   -9.343605E-08
 2791   -9.064616E-08
 2792   -9.058125E-08
 2793   -9.051641E-08
 2794   -9.045164E-08
 2795   -9.038694E-08
 2796   -9.032231E-08
 2797   -9.025775E-08
 2798   -9.019326E-08
 2799   -9.012883E-08
 2800   -9.006448E-08
 2801   -8.547459E-08
 2802   -8.541360E-08
 2803   -8.535268E-08
 2804   -8.529182E-08
 2805   -8.523103E-08
 2806   -8.517030E-08
 2807   -8.510964E-08
 2808   -8.504904E-08
 2809   -8.498851E-08
 2810   -8.492804E-08
 2811   -7.954415E-08
 2812   -7.948759E-08
 2813   -7.943110E-08
 2814   -7.937466E-08
 2815   -7.931829E-08
 2816   -7.926198E-08
 2817   -7.920572E-08
 2818   -7.914953E-08
 2819   -7.909339E-08
 2820   -7.903732E-08
 2821   -8.097994E-08
 2822   -8.092257E-08
 2823   -8.086526E-08
 2824   -8.080801E-08
 2825   -8.075082E-08
 2826   -8.069369E-08
 2827   -8.063662E-08
 2828   -8.057961E-08
 2829   -8.052267E-08
 2830   -8.046578E-08
 2831   -7.792667E-08
 2832   -7.787166E-08
 2833   -7.781670E-08
 2834   -7.776180E-08
 2835   -7.770696E-08
 2836   -7.765218E-08
 2837   -7.759746E-08
 2838   -7.754280E-08
 2839   -7.748819E-08
 2840   -7.743364E-08
 2841   -7.977271E-08
 2842   -7.971659E-08
 2843   -7.966053E-08
 2844   -7.960453E-08
 2845   -7.954859E-08
 2846   -7.949270E-08
 2847   -7.943688E-08
 2848   -7.938112E-08
 2849   -7.932541E-08
 2850   -7.926976E-08
 2851   -8.196250E-08
 2852   -8.190504E-08
 2853   -8.184765E-08
 2854   -8.179031E-08
 2855   -8.173303E-08
 2856   -8.167582E-08
 2857   -8.161866E-08
 2858   -8.156157E-08
 2859   -8.150453E-08
 2860   -8.144755E-08
 2861   -8.047541E-08
 2862   -8.041919E-08
 2863   -8.036304E-08
 2864   -8.030694E-08
 2865   -8.025090E-08
 2866   -8.019491E-08
 2867   -8.013899E-08
 2868   -8.008312E-08
 2869   -8.002732E-08
 2870   -7.997157E-08
 2871   -8.371717E-08
 2872   -8.365889E-08
 2873   -8.360067E-08
 2874   -8.354251E-08
 2875   -8.348442E-08
 2876   -8.342638E-08
 2877   -8.336841E-08
 2878   -8.331049E-08
 2879   -8.325264E-08
 2880   -8.319484E-08
 2881   -8.228242E-08
 2882   -8.222534E-08
 2883   -8.216832E-08
 2884   -8.211135E-08
 2885   -8.205445E-08
 2886   -8.199761E-08
 2887   -8.194082E-08
 2888   -8.188409E-08
 2889   -8.182743E-08
 2890   -8.177082E-08
 2891   -8.698875E-08
 2892   -8.692861E-08
 2893   -8.686854E-08
 2894   -8.680852E-08
 2895   -8.674857E-08
 2896   -8.668868E-08
 2897   -8.662886E-08
 2898   -8.656909E-08
 2899   -8.650939E-08
 2900   -8.644975E-08
 2901   -9.283179E-08
 2902   -9.276784E-08
 2903   -9.270395E-08
 2904   -9.264012E-08
 2905   -9.257636E-08
 2906   -9.251267E-08
 2907   -9.244905E-08
 2908   -9.238549E-08
 2909   -9.232199E-08
 2910   -9.225856E-08
 2911   -9.443029E-08
 2912   -9.436546E-08
 2913   -9.430069E-08
 2914   -9.423599E-08
 2915   -9.417136E-08
 2916   -9.410679E-08
 2917   -9.404229E-08
 2918   -9.397786E-08
 2919   -9.391349E-08
 2920   -9.384919E-08
 2921   -9.945723E-08
 2922   -9.938918E-08
 2923   -9.932120E-08
 2924   -9.925329E-08
 2925   -9.918544E-08
 2926   -9.911767E-08
 2927   -9.904997E-08
 2928   -9.898233E-08
 2929   -9.891477E-08
 2930   -9.884727E-08
 2931   -9.689431E-08
 2932   -9.682824E-08
 2933   -9.676224E-08
 2934   -9.669630E-08
 2935   -9.663043E-08
 2936   -9.656463E-08
 2937   -9.649889E-08
 2938   -9.643323E-08
 2939   -9.636762E-08
 2940   -9.630209E-08
 2941   -1.039144E-07
 2942   -1.038438E-07
 2943   -1.037733E-07
 2944   -1.037028E-07
 2945   -1.036324E-07
 2946   -1.035620E-07
 2947   -1.034918E-07
 2948   -1.034216E-07
 2949   -1.033515E-07
 2950   -1.032814E-07
 2951   -1.098932E-07
 2952   -1.098187E-07
 2953   -1.097444E-07
 2954   -1.096701E-07
 2955   -1.095959E-07
 2956   -1.095218E-07
 2957   -1.094477E-07
 2958   -1.093737E-07
 2959   -1.092998E-07
 2960   -1.092260E-07
 2961   -1.138091E-07
 2962   -1.137323E-07
 2963   -1.136555E-07
 2964   -1.135789E-07
 2965   -1.135023E-07
 2966   -1.134258E-07
 2967   -1.133493E-07
 2968   -1.132730E-07
 2969   -1.131967E-07
 2970   -1.131205E-07
 2971   -1.177133E-07
 2972   -1.176341E-07
 2973   -1.175550E-07
 2974   -1.174760E-07
 2975   -1.173971E-07
 2976   -1.173182E-07
 2977   -1.172394E-07
 2978   -1.171607E-07
 2979   -1.170821E-07
 2980   -1.170035E-07
 2981   -1.156569E-07
 2982   -1.155793E-07
 2983   -1.155018E-07
 2984   -1.154245E-07
 2985   -1.153471E-07
 2986   -1.152699E-07
 2987   -1.151928E-07
 2988   -1.151157E-07
 2989   -1.150387E-07
 2990   -1.149618E-07
 2991   -1.217742E-07
 2992   -1.216928E-07
 2993   -1.216115E-07
 2994   -1.215303E-07
 2995   -1.214492E-07
 2996   -1.213681E-07
 2997   -1.212872E-07
 2998   -1.212063E-07
 2999   -1.211255E-07
 3000   -1.210448E-07
 3001   -1.262472E-07
 3002   -1.261631E-07
 3003   -1.260791E-07
 3004   -1.259952E-07
 3005   -1.259113E-07
 3006   -1.258276E-07
 3007   -1.257439E-07
 3008   -1.256603E-07
 3009   -1.255769E-07
 3010   -1.254934E-07
 3011   -1.282830E-07
 3012   -1.281978E-07
 3013   -1.281127E-07
 3014   -1.280278E-07
 3015   -1.279429E-07
 3016   -1.278580E-07
 3017   -1.277733E-07
 3018   -1.276887E-07
 3019   -1.276041E-07
 3020   -1.275196E-07
 3021   -1.327092E-07
 3022   -1.326214E-07
 3023   -1.325337E-07
 3024   -1.324461E-07
 3025   -1.323585E-07
 3026   -1.322711E-07
 3027   -1.321837E-07
 3028   -1.320964E-07
 3029   -1.320092E-07
 3030   -1.319221E-07
 3031   -1.306197E-07
 3032   -1.305335E-07
 3033   -1.304475E-07
 3034   -1.303615E-07
 3035   -1.302757E-07
 3036   -1.301899E-07
 3037   -1.301042E-07
 3038   -1.300185E-07
 3039   -1.299330E-07
 3040   -1.298475E-07
 3041   -1.398411E-07
 3042   -1.397492E-07
 3043   -1.396574E-07
 3044   -1.395657E-07
 3045   -1.394740E-07
 3046   -1.393825E-07
 3047   -1.392910E-07
 3048   -1.391997E-07
 3049   -1.391084E-07
 3050   -1.390172E-07
 3051   -1.497799E-07
 3052   -1.496818E-07
 3053   -1.495837E-07
 3054   -1.494858E-07
 3055   -1.493880E-07
 3056   -1.492902E-07
 3057   -1.491926E-07
 3058   -1.490951E-07
 3059   -1.489976E-07
 3060   -1.489003E-07
 3061   -1.545852E-07
 3062   -1.544842E-07
 3063   -1.543834E-07
 3064   -1.542826E-07
 3065   -1.541820E-07
 3066   -1.540815E-07
 3067   -1.539810E-07
 3068   -1.538807E-07
 3069   -1.537804E-07
 3070   -1.536803E-07
 3071   -1.555416E-07
 3072   -1.554403E-07
 3073   -1.553392E-07
 3074   -1.552382E-07
 3075   -1.551372E-07
 3076   -1.550364E-07
 3077   -1.549356E-07
 3078   -1.548350E-07
 3079   -1.547345E-07
 3080   -1.546340E-07
 3081   -1.406814E-07
 3082   -1.405902E-07
 3083   -1.404990E-07
 3084   -1.404079E-07
 3085   -1.403169E-07
 3086   -1.402260E-07
 3087   -1.401352E-07
 3088   -1.400445E-07
 3089   -1.399538E-07
 3090   -1.398633E-07
 3091   -1.084337E-07
 3092   -1.083636E-07
 3093   -1.082935E-07
 3094   -1.082235E-07
 3095   -1.081536E-07
 3096   -1.080838E-07
 3097   -1.080140E-07
 3098   -1.079443E-07
 3099   -1.078747E-07
 3100   -1.078051E-07
 3101   -4.478948E-08
 3102   -4.476061E-08
 3103   -4.473177E-08
 3104   -4.470296E-08
 3105   -4.467418E-08
 3106   -4.464542E-08
 3107   -4.461669E-08
 3108   -4.458799E-08
 3109   -4.455931E-08
 3110   -4.453067E-08
 3111   -8.915135E-09
 3112   -8.909407E-09
 3113   -8.903685E-09
 3114   -8.897968E-09
 3115   -8.892257E-09
 3116   -8.886551E-09
 3117   -8.880851E-09
 3118   -8.875156E-09
 3119   -8.869467E-09
 3120   -8.863784E-09
 3121    2.157727E-09
 3122    2.156345E-09
 3123    2.154965E-09
 3124    2.153586E-09
 3125    2.152208E-09
 3126    2.150831E-09
 3127    2.149456E-09
 3128    2.148082E-09
 3129    2.146710E-09
 3130    2.145338E-09
 3131    4.643796E-09
 3132    4.640832E-09
 3133    4.637870E-09
 3134    4.634911E-09
 3135    4.631955E-09
 3136    4.629002E-09
 3137    4.626052E-09
 3138    4.623105E-09
 3139    4.620160E-09
 3140    4.617218E-09
 3141    6.274635E-09
 3142    6.270642E-09
 3143    6.266653E-09
 3144    6.262668E-09
 3145    6.258687E-09
 3146    6.254709E-09
 3147    6.250735E-09
 3148    6.246765E-09
 3149    6.242799E-09
 3150    6.238837E-09
 3151    7.735336E-09
 3152    7.730429E-09
 3153    7.725527E-09
 3154    7.720630E-09
 3155    7.715737E-09
 3156    7.710849E-09
 3157    7.705966E-09
 3158    7.701087E-09
 3159    7.696213E-09
 3160    7.691344E-09
 3161    8.288500E-09
 3162    8.283259E-09
 3163    8.278023E-09
 3164    8.272792E-09
 3165    8.267566E-09
 3166    8.262345E-09
 3167    8.257129E-09
 3168    8.251918E-09
 3169    8.246712E-09
 3170    8.241510E-09
 3171    8.525130E-09
 3172    8.519756E-09
 3173    8.514388E-09
 3174    8.509024E-09
 3175    8.503666E-09
 3176    8.498313E-09
 3177    8.492964E-09
 3178    8.487621E-09
 3179    8.482283E-09
 3180    8.476950E-09
 3181    8.741387E-09
 3182    8.735895E-09
 3183    8.730407E-09
 3184    8.724925E-09
 3185    8.719448E-09
 3186    8.713976E-09
 3187    8.708510E-09
 3188    8.703048E-09
 3189    8.697591E-09
 3190    8.692140E-09
 3191    8.909267E-09
 3192    8.903686E-09
 3193    8.898111E-09
 3194    8.892541E-09
 3195    8.886976E-09
 3196    8.881417E-09
 3197    8.875862E-09
 3198    8.870313E-09
 3199    8.864769E-09
 3200    8.859231E-09
 3201    8.706035E-09
 3202    8.700599E-09
 3203    8.695167E-09
 3204    8.689741E-09
 3205    8.684321E-09
 3206    8.678905E-09
 3207    8.673494E-09
 3208    8.668088E-09
 3209    8.662687E-09
 3210    8.657292E-09
 3211    8.723534E-09
 3212    8.718104E-09
 3213    8.712679E-09
 3214    8.707259E-09
 3215    8.701844E-09
 3216    8.696434E-09
 3217    8.691029E-09
 3218    8.685630E-09
 3219    8.680235E-09
 3220    8.674845E-09
 3221    8.645971E-09
 3222    8.640606E-09
 3223    8.635246E-09
 3224    8.629891E-09
 3225    8.624541E-09
 3226    8.619195E-09
 3227    8.613855E-09
 3228    8.608520E-09
 3229    8.603189E-09
 3230    8.597864E-09
 3231    8.388560E-09
 3232    8.383371E-09
 3233    8.378186E-09
 3234    8.373006E-09
 3235    8.367831E-09
 3236    8.362661E-09
 3237    8.357496E-09
 3238    8.352335E-09
 3239    8.347180E-09
 3240    8.342029E-09
 3241    8.082075E-09
 3242    8.077091E-09
 3243    8.072111E-09
 3244    8.067136E-09
 3245    8.062166E-09
 3246    8.057200E-09
 3247    8.052238E-09
 3248    8.047282E-09
 3249    8.042329E-09
 3250    8.037382E-09
 3251    7.800060E-09
 3252    7.795264E-09
 3253    7.790473E-09
 3254    7.785686E-09
 3255    7.780904E-09
 3256    7.776126E-09
 3257    7.771352E-09
 3258    7.766583E-09
 3259    7.761818E-09
 3260    7.757058E-09
 3261    7.686278E-09
 3262    7.681567E-09
 3263    7.676860E-09
 3264    7.672158E-09
 3265    7.667460E-09
 3266    7.662766E-09
 3267    7.658076E-09
 3268    7.653391E-09
 3269    7.648710E-09
 3270    7.644033E-09
 3271    7.269000E-09
 3272    7.264558E-09
 3273    7.260121E-09
 3274    7.255687E-09
 3275    7.251257E-09
 3276    7.246832E-09
 3277    7.242410E-09
 3278    7.237993E-09
 3279    7.233579E-09
 3280    7.229170E-09
 3281    7.225773E-09
 3282    7.221371E-09
 3283    7.216973E-09
 3284    7.212579E-09
 3285    7.208189E-09
 3286    7.203804E-09
 3287    7.199422E-09
 3288    7.195044E-09
 3289    7.190670E-09
 3290    7.186300E-09
 3291    6.739938E-09
 3292    6.735845E-09
 3293    6.731755E-09
 3294    6.727669E-09
 3295    6.723586E-09
 3296    6.719508E-09
 3297    6.715433E-09
 3298    6.711362E-09
 3299    6.707294E-09
 3300    6.703230E-09
