   50    0.000000E+00
   51    0.000000E+00
   52    0.000000E+00
   53    0.000000E+00
   54    0.000000E+00
   55    0.000000E+00
   56    0.000000E+00
   57    0.000000E+00
   58    0.000000E+00
   59    0.000000E+00
   60    0.000000E+00
   61    0.000000E+00
   62    0.000000E+00
   63    0.000000E+00
   64    0.000000E+00
   65    0.000000E+00
   66    0.000000E+00
   67    0.000000E+00
   68    0.000000E+00
   69    0.000000E+00
   70    0.000000E+00
   71    0.000000E+00
   72    0.000000E+00
   73    0.000000E+00
   74    0.000000E+00
   75    0.000000E+00
   76    0.000000E+00
   77    0.000000E+00
   78    0.000000E+00
   79    0.000000E+00
   80    0.000000E+00
   81    0.000000E+00
   82    0.000000E+00
   83    0.000000E+00
   84    0.000000E+00
   85    0.000000E+00
   86    0.000000E+00
   87    0.000000E+00
   88    0.000000E+00
   89    0.000000E+00
   90    0.000000E+00
   91    0.000000E+00
   92    0.000000E+00
   93    0.000000E+00
   94    0.000000E+00
   95    0.000000E+00
   96    0.000000E+00
   97    0.000000E+00
   98    0.000000E+00
   99    0.000000E+00
  100    0.000000E+00
  101    0.000000E+00
  102    0.000000E+00
  103    0.000000E+00
  104    0.000000E+00
  105    0.000000E+00
  106    0.000000E+00
  107    0.000000E+00
  108    0.000000E+00
  109    0.000000E+00
  110    0.000000E+00
  111    0.000000E+00
  112    0.000000E+00
  113    0.000000E+00
  114    0.000000E+00
  115    0.000000E+00
  116    0.000000E+00
  117    0.000000E+00
  118    0.000000E+00
  119    0.000000E+00
  120    0.000000E+00
  121    0.000000E+00
  122    0.000000E+00
  123    0.000000E+00
  124    0.000000E+00
  125    0.000000E+00
  126    0.000000E+00
  127    0.000000E+00
  128    0.000000E+00
  129    0.000000E+00
  130    0.000000E+00
  131    0.000000E+00
  132    0.000000E+00
  133    0.000000E+00
  134    0.000000E+00
  135    0.000000E+00
  136    0.000000E+00
  137    0.000000E+00
  138    0.000000E+00
  139    0.000000E+00
  140    0.000000E+00
  141    0.000000E+00
  142    0.000000E+00
  143    0.000000E+00
  144    0.000000E+00
  145    0.000000E+00
  146    0.000000E+00
  147    0.000000E+00
  148    0.000000E+00
  149    0.000000E+00
  150    0.000000E+00
  151    0.000000E+00
  152    0.000000E+00
  153    0.000000E+00
  154    0.000000E+00
  155    0.000000E+00
  156    0.000000E+00
  157    0.000000E+00
  158    0.000000E+00
  159    0.000000E+00
  160    0.000000E+00
  161    0.000000E+00
  162    0.000000E+00
  163    0.000000E+00
  164    0.000000E+00
  165    0.000000E+00
  166    0.000000E+00
  167    0.000000E+00
  168    0.000000E+00
  169    0.000000E+00
  170    0.000000E+00
  171    0.000000E+00
  172    0.000000E+00
  173    0.000000E+00
  174    0.000000E+00
  175    0.000000E+00
  176    0.000000E+00
  177    0.000000E+00
  178    0.000000E+00
  179    0.000000E+00
  180    0.000000E+00
  181    1.761577E-10
  182    1.742325E-10
  183    1.723386E-10
  184    1.704755E-10
  185    1.686424E-10
  186    1.668388E-10
  187    1.650639E-10
  188    1.633172E-10
  189    1.615981E-10
  190    1.599059E-10
  191    4.178409E-10
  192    4.135109E-10
  193    4.092479E-10
  194    4.050505E-10
  195    4.009173E-10
  196    3.968471E-10
  197    3.928385E-10
  198    3.888904E-10
  199    3.850015E-10
  200    3.811706E-10
  201    7.678260E-09
  202    7.602612E-09
  203    7.528076E-09
  204    7.454632E-09
  205    7.382257E-09
  206    7.310930E-09
  207    7.240633E-09
  208    7.171345E-09
  209    7.103046E-09
  210    7.035719E-09
  211    1.097043E-08
  212    1.086742E-08
  213    1.076586E-08
  214    1.066571E-08
  215    1.056695E-08
  216    1.046956E-08
  217    1.037351E-08
  218    1.027878E-08
  219    1.018533E-08
  220    1.009316E-08
  221    1.924906E-08
  222    1.907643E-08
  223    1.890610E-08
  224    1.873805E-08
  225    1.857222E-08
  226    1.840859E-08
  227    1.824711E-08
  228    1.808775E-08
  229    1.793046E-08
  230    1.777522E-08
  231    4.322470E-08
  232    4.285367E-08
  233    4.248740E-08
  234    4.212580E-08
  235    4.176880E-08
  236    4.141632E-08
  237    4.106829E-08
  238    4.072462E-08
  239    4.038525E-08
  240    4.005010E-08
  241    4.007808E-08
  242    3.974822E-08
  243    3.942242E-08
  244    3.910060E-08
  245    3.878271E-08
  246    3.846868E-08
  247    3.815845E-08
  248    3.785196E-08
  249    3.754914E-08
  250    3.724994E-08
  251    8.430177E-08
  252    8.363535E-08
  253    8.297681E-08
  254    8.232601E-08
  255    8.168284E-08
  256    8.104717E-08
  257    8.041890E-08
  258    7.979791E-08
  259    7.918408E-08
  260    7.857730E-08
  261    8.916962E-08
  262    8.849153E-08
  263    8.782114E-08
  264    8.715834E-08
  265    8.650301E-08
  266    8.585505E-08
  267    8.521434E-08
  268    8.458077E-08
  269    8.395425E-08
  270    8.333466E-08
  271    1.198940E-07
  272    1.190156E-07
  273    1.181469E-07
  274    1.172877E-07
  275    1.164377E-07
  276    1.155970E-07
  277    1.147654E-07
  278    1.139427E-07
  279    1.131288E-07
  280    1.123236E-07
  281    1.426163E-07
  282    1.416084E-07
  283    1.406112E-07
  284    1.396245E-07
  285    1.386481E-07
  286    1.376819E-07
  287    1.367258E-07
  288    1.357796E-07
  289    1.348431E-07
  290    1.339164E-07
  291    1.806637E-07
  292    1.794305E-07
  293    1.782099E-07
  294    1.770017E-07
  295    1.758057E-07
  296    1.746218E-07
  297    1.734499E-07
  298    1.722897E-07
  299    1.711411E-07
  300    1.700039E-07
  301    2.301670E-07
  302    2.286478E-07
  303    2.271435E-07
  304    2.256540E-07
  305    2.241792E-07
  306    2.227187E-07
  307    2.212725E-07
  308    2.198403E-07
  309    2.184220E-07
  310    2.170174E-07
  311    2.687409E-07
  312    2.670237E-07
  313    2.653229E-07
  314    2.636383E-07
  315    2.619697E-07
  316    2.603169E-07
  317    2.586797E-07
  318    2.570579E-07
  319    2.554513E-07
  320    2.538597E-07
  321    3.266196E-07
  322    3.245972E-07
  323    3.225935E-07
  324    3.206083E-07
  325    3.186414E-07
  326    3.166925E-07
  327    3.147614E-07
  328    3.128480E-07
  329    3.109519E-07
  330    3.090731E-07
  331    3.914642E-07
  332    3.891130E-07
  333    3.867830E-07
  334    3.844739E-07
  335    3.821853E-07
  336    3.799172E-07
  337    3.776691E-07
  338    3.754410E-07
  339    3.732325E-07
  340    3.710435E-07
  341    4.439245E-07
  342    4.413360E-07
  343    4.387701E-07
  344    4.362265E-07
  345    4.337049E-07
  346    4.312052E-07
  347    4.287270E-07
  348    4.262701E-07
  349    4.238343E-07
  350    4.214193E-07
  351    4.757846E-07
  352    4.730889E-07
  353    4.704161E-07
  354    4.677659E-07
  355    4.651380E-07
  356    4.625322E-07
  357    4.599482E-07
  358    4.573858E-07
  359    4.548448E-07
  360    4.523249E-07
  361    5.894462E-07
  362    5.861986E-07
  363    5.829777E-07
  364    5.797833E-07
  365    5.766151E-07
  366    5.734728E-07
  367    5.703561E-07
  368    5.672647E-07
  369    5.641984E-07
  370    5.611569E-07
  371    6.096067E-07
  372    6.063381E-07
  373    6.030956E-07
  374    5.998791E-07
  375    5.966883E-07
  376    5.935228E-07
  377    5.903825E-07
  378    5.872670E-07
  379    5.841761E-07
  380    5.811096E-07
  381    7.188673E-07
  382    7.151134E-07
  383    7.113889E-07
  384    7.076933E-07
  385    7.040265E-07
  386    7.003881E-07
  387    6.967779E-07
  388    6.931955E-07
  389    6.896406E-07
  390    6.861131E-07
  391    8.338349E-07
  392    8.295915E-07
  393    8.253804E-07
  394    8.212012E-07
  395    8.170537E-07
  396    8.129376E-07
  397    8.088525E-07
  398    8.047981E-07
  399    8.007741E-07
  400    7.967802E-07
  401    8.337916E-07
  402    8.296537E-07
  403    8.255465E-07
  404    8.214698E-07
  405    8.174231E-07
  406    8.134063E-07
  407    8.094190E-07
  408    8.054610E-07
  409    8.015319E-07
  410    7.976315E-07
  411    1.056642E-06
  412    1.051526E-06
  413    1.046446E-06
  414    1.041403E-06
  415    1.036396E-06
  416    1.031425E-06
  417    1.026490E-06
  418    1.021590E-06
  419    1.016726E-06
  420    1.011896E-06
  421    1.027534E-06
  422    1.022676E-06
  423    1.017852E-06
  424    1.013062E-06
  425    1.008306E-06
  426    1.003583E-06
  427    9.988931E-07
  428    9.942363E-07
  429    9.896119E-07
  430    9.850198E-07
  431    1.273545E-06
  432    1.267663E-06
  433    1.261821E-06
  434    1.256020E-06
  435    1.250258E-06
  436    1.244536E-06
  437    1.238853E-06
  438    1.233209E-06
  439    1.227604E-06
  440    1.222036E-06
  441    1.335443E-06
  442    1.329414E-06
  443    1.323425E-06
  444    1.317477E-06
  445    1.311570E-06
  446    1.305701E-06
  447    1.299872E-06
  448    1.294082E-06
  449    1.288331E-06
  450    1.282617E-06
  451    1.393981E-06
  452    1.387826E-06
  453    1.381712E-06
  454    1.375639E-06
  455    1.369605E-06
  456    1.363612E-06
  457    1.357657E-06
  458    1.351741E-06
  459    1.345864E-06
  460    1.340025E-06
  461    1.614333E-06
  462    1.607360E-06
  463    1.600432E-06
  464    1.593548E-06
  465    1.586709E-06
  466    1.579914E-06
  467    1.573162E-06
  468    1.566453E-06
  469    1.559788E-06
  470    1.553164E-06
  471    1.596935E-06
  472    1.590183E-06
  473    1.583473E-06
  474    1.576806E-06
  475    1.570180E-06
  476    1.563597E-06
  477    1.557055E-06
  478    1.550553E-06
  479    1.544093E-06
  480    1.537672E-06
  481    1.961620E-06
  482    1.953498E-06
  483    1.945426E-06
  484    1.937403E-06
  485    1.929430E-06
  486    1.921507E-06
  487    1.913632E-06
  488    1.905805E-06
  489    1.898026E-06
  490    1.890295E-06
  491    1.886401E-06
  492    1.878748E-06
  493    1.871142E-06
  494    1.863582E-06
  495    1.856067E-06
  496    1.848598E-06
  497    1.841174E-06
  498    1.833795E-06
  499    1.826459E-06
  500    1.819168E-06
  501    2.052943E-06
  502    2.044781E-06
  503    2.036666E-06
  504    2.028600E-06
  505    2.020582E-06
  506    2.012611E-06
  507    2.004688E-06
  508    1.996811E-06
  509    1.988980E-06
  510    1.981196E-06
  511    2.283530E-06
  512    2.274628E-06
  513    2.265777E-06
  514    2.256978E-06
  515    2.248230E-06
  516    2.239533E-06
  517    2.230886E-06
  518    2.222289E-06
  519    2.213742E-06
  520    2.205244E-06
  521    2.298540E-06
  522    2.289750E-06
  523    2.281010E-06
  524    2.272321E-06
  525    2.263681E-06
  526    2.255090E-06
  527    2.246548E-06
  528    2.238054E-06
  529    2.229609E-06
  530    2.221211E-06
  531    2.714992E-06
  532    2.704804E-06
  533    2.694674E-06
  534    2.684600E-06
  535    2.674583E-06
  536    2.664622E-06
  537    2.654716E-06
  538    2.644866E-06
  539    2.635070E-06
  540    2.625328E-06
  541    2.637421E-06
  542    2.627707E-06
  543    2.618046E-06
  544    2.608439E-06
  545    2.598884E-06
  546    2.589382E-06
  547    2.579931E-06
  548    2.570533E-06
  549    2.561185E-06
  550    2.551889E-06
  551    3.033754E-06
  552    3.022782E-06
  553    3.011869E-06
  554    3.001016E-06
  555    2.990221E-06
  556    2.979484E-06
  557    2.968805E-06
  558    2.958183E-06
  559    2.947618E-06
  560    2.937109E-06
  561    3.182832E-06
  562    3.171525E-06
  563    3.160279E-06
  564    3.149092E-06
  565    3.137964E-06
  566    3.126896E-06
  567    3.115886E-06
  568    3.104933E-06
  569    3.094039E-06
  570    3.083202E-06
  571    3.293278E-06
  572    3.281783E-06
  573    3.270348E-06
  574    3.258973E-06
  575    3.247657E-06
  576    3.236400E-06
  577    3.225202E-06
  578    3.214061E-06
  579    3.202978E-06
  580    3.191952E-06
  581    3.576801E-06
  582    3.564530E-06
  583    3.552323E-06
  584    3.540178E-06
  585    3.528096E-06
  586    3.516075E-06
  587    3.504116E-06
  588    3.492217E-06
  589    3.480379E-06
  590    3.468601E-06
  591    3.765444E-06
  592    3.752744E-06
  593    3.740109E-06
  594    3.727537E-06
  595    3.715028E-06
  596    3.702583E-06
  597    3.690200E-06
  598    3.677878E-06
  599    3.665619E-06
  600    3.653420E-06
  601    4.044994E-06
  602    4.031578E-06
  603    4.018228E-06
  604    4.004945E-06
  605    3.991727E-06
  606    3.978575E-06
  607    3.965488E-06
  608    3.952465E-06
  609    3.939506E-06
  610    3.926611E-06
  611    4.002327E-06
  612    3.989268E-06
  613    3.976274E-06
  614    3.963343E-06
  615    3.950475E-06
  616    3.937670E-06
  617    3.924926E-06
  618    3.912245E-06
  619    3.899625E-06
  620    3.887066E-06
  621    4.566185E-06
  622    4.551526E-06
  623    4.536938E-06
  624    4.522420E-06
  625    4.507971E-06
  626    4.493592E-06
  627    4.479281E-06
  628    4.465038E-06
  629    4.450864E-06
  630    4.436756E-06
  631    4.871734E-06
  632    4.856342E-06
  633    4.841022E-06
  634    4.825775E-06
  635    4.810599E-06
  636    4.795495E-06
  637    4.780463E-06
  638    4.765500E-06
  639    4.750608E-06
  640    4.735785E-06
  641    5.045950E-06
  642    5.030255E-06
  643    5.014633E-06
  644    4.999083E-06
  645    4.983606E-06
  646    4.968201E-06
  647    4.952867E-06
  648    4.937604E-06
  649    4.922411E-06
  650    4.907289E-06
  651    5.328458E-06
  652    5.312138E-06
  653    5.295893E-06
  654    5.279722E-06
  655    5.263626E-06
  656    5.247602E-06
  657    5.231652E-06
  658    5.215775E-06
  659    5.199969E-06
  660    5.184236E-06
  661    5.668695E-06
  662    5.651595E-06
  663    5.634572E-06
  664    5.617626E-06
  665    5.600757E-06
  666    5.583963E-06
  667    5.567244E-06
  668    5.550601E-06
  669    5.534032E-06
  670    5.517537E-06
  671    6.456312E-06
  672    6.437126E-06
  673    6.418024E-06
  674    6.399008E-06
  675    6.380076E-06
  676    6.361228E-06
  677    6.342463E-06
  678    6.323782E-06
  679    6.305182E-06
  680    6.286665E-06
  681    6.354296E-06
  682    6.335689E-06
  683    6.317163E-06
  684    6.298719E-06
  685    6.280356E-06
  686    6.262072E-06
  687    6.243868E-06
  688    6.225744E-06
  689    6.207698E-06
  690    6.189731E-06
  691    6.854924E-06
  692    6.835140E-06
  693    6.815443E-06
  694    6.795830E-06
  695    6.776302E-06
  696    6.756857E-06
  697    6.737497E-06
  698    6.718219E-06
  699    6.699024E-06
  700    6.679912E-06
  701    7.294781E-06
  702    7.274028E-06
  703    7.253363E-06
  704    7.232786E-06
  705    7.212296E-06
  706    7.191894E-06
  707    7.171578E-06
  708    7.151348E-06
  709    7.131203E-06
  710    7.111143E-06
  711    7.176712E-06
  712    7.156581E-06
  713    7.136535E-06
  714    7.116572E-06
  715    7.096694E-06
  716    7.076898E-06
  717    7.057185E-06
  718    7.037555E-06
  719    7.018006E-06
  720    6.998539E-06
  721    8.136553E-06
  722    8.114045E-06
  723    8.091630E-06
  724    8.069309E-06
  725    8.047079E-06
  726    8.024941E-06
  727    8.002895E-06
  728    7.980939E-06
  729    7.959074E-06
  730    7.937298E-06
  731    9.977907E-06
  732    9.950682E-06
  733    9.923569E-06
  734    9.896566E-06
  735    9.869673E-06
  736    9.842890E-06
  737    9.816215E-06
  738    9.789649E-06
  739    9.763190E-06
  740    9.736839E-06
  741    1.138052E-05
  742    1.134989E-05
  743    1.131938E-05
  744    1.128899E-05
  745    1.125872E-05
  746    1.122858E-05
  747    1.119856E-05
  748    1.116865E-05
  749    1.113887E-05
  750    1.110921E-05
  751    1.083885E-05
  752    1.081006E-05
  753    1.078138E-05
  754    1.075282E-05
  755    1.072438E-05
  756    1.069604E-05
  757    1.066782E-05
  758    1.063971E-05
  759    1.061171E-05
  760    1.058382E-05
  761    1.357172E-05
  762    1.353615E-05
  763    1.350071E-05
  764    1.346541E-05
  765    1.343026E-05
  766    1.339524E-05
  767    1.336035E-05
  768    1.332561E-05
  769    1.329099E-05
  770    1.325652E-05
  771    1.724105E-05
  772    1.719644E-05
  773    1.715201E-05
  774    1.710775E-05
  775    1.706365E-05
  776    1.701973E-05
  777    1.697598E-05
  778    1.693239E-05
  779    1.688898E-05
  780    1.684573E-05
  781    1.489815E-05
  782    1.486010E-05
  783    1.482219E-05
  784    1.478442E-05
  785    1.474680E-05
  786    1.470933E-05
  787    1.467199E-05
  788    1.463480E-05
  789    1.459775E-05
  790    1.456084E-05
  791    1.105813E-05
  792    1.103024E-05
  793    1.100245E-05
  794    1.097478E-05
  795    1.094720E-05
  796    1.091973E-05
  797    1.089236E-05
  798    1.086510E-05
  799    1.083793E-05
  800    1.081087E-05
  801    6.360384E-06
  802    6.344542E-06
  803    6.328760E-06
  804    6.313036E-06
  805    6.297371E-06
  806    6.281764E-06
  807    6.266215E-06
  808    6.250724E-06
  809    6.235290E-06
  810    6.219913E-06
  811    1.850407E-06
  812    1.845855E-06
  813    1.841319E-06
  814    1.836801E-06
  815    1.832299E-06
  816    1.827813E-06
  817    1.823344E-06
  818    1.818892E-06
  819    1.814455E-06
  820    1.810035E-06
  821    2.022741E-06
  822    2.017825E-06
  823    2.012927E-06
  824    2.008048E-06
  825    2.003186E-06
  826    1.998341E-06
  827    1.993514E-06
  828    1.988705E-06
  829    1.983913E-06
  830    1.979138E-06
  831    2.704759E-05
  832    2.698265E-05
  833    2.691794E-05
  834    2.685347E-05
  835    2.678923E-05
  836    2.672521E-05
  837    2.666143E-05
  838    2.659787E-05
  839    2.653455E-05
  840    2.647144E-05
  841    8.469462E-05
  842    8.449368E-05
  843    8.429346E-05
  844    8.409395E-05
  845    8.389514E-05
  846    8.369704E-05
  847    8.349965E-05
  848    8.330294E-05
  849    8.310694E-05
  850    8.291162E-05
  851    1.400027E-04
  852    1.396744E-04
  853    1.393473E-04
  854    1.390213E-04
  855    1.386965E-04
  856    1.383729E-04
  857    1.380503E-04
  858    1.377289E-04
  859    1.374086E-04
  860    1.370894E-04
  861    2.002737E-04
  862    1.998095E-04
  863    1.993470E-04
  864    1.988861E-04
  865    1.984268E-04
  866    1.979690E-04
  867    1.975129E-04
  868    1.970583E-04
  869    1.966053E-04
  870    1.961539E-04
  871    2.407597E-04
  872    2.402081E-04
  873    2.396585E-04
  874    2.391107E-04
  875    2.385647E-04
  876    2.380207E-04
  877    2.374785E-04
  878    2.369382E-04
  879    2.363997E-04
  880    2.358630E-04
  881    8.790534E-05
  882    8.770624E-05
  883    8.750780E-05
  884    8.731005E-05
  885    8.711296E-05
  886    8.691654E-05
  887    8.672078E-05
  888    8.652568E-05
  889    8.633124E-05
  890    8.613746E-05
  891   -4.994472E-04
  892   -4.983286E-04
  893   -4.972138E-04
  894   -4.961027E-04
  895   -4.949953E-04
  896   -4.938916E-04
  897   -4.927917E-04
  898   -4.916954E-04
  899   -4.906027E-04
  900   -4.895137E-04
  901   -1.333866E-03
  902   -1.330912E-03
  903   -1.327967E-03
  904   -1.325033E-03
  905   -1.322108E-03
  906   -1.319192E-03
  907   -1.316287E-03
  908   -1.313390E-03
  909   -1.310504E-03
  910   -1.307627E-03
  911   -1.827625E-03
  912   -1.823621E-03
  913   -1.819631E-03
  914   -1.815654E-03
  915   -1.811689E-03
  916   -1.807738E-03
  917   -1.803800E-03
  918   -1.799874E-03
  919   -1.795961E-03
  920   -1.792061E-03
  921   -1.753611E-03
  922   -1.749811E-03
  923   -1.746024E-03
  924   -1.742248E-03
  925   -1.738486E-03
  926   -1.734735E-03
  927   -1.730996E-03
  928   -1.727270E-03
  929   -1.723555E-03
  930   -1.719852E-03
  931   -9.808077E-05
  932   -9.787052E-05
  933   -9.766095E-05
  934   -9.745204E-05
  935   -9.724381E-05
  936   -9.703625E-05
  937   -9.682935E-05
  938   -9.662311E-05
  939   -9.641753E-05
  940   -9.621260E-05
  941    6.083083E-03
  942    6.070182E-03
  943    6.057321E-03
  944    6.044502E-03
  945    6.031722E-03
  946    6.018984E-03
  947    6.006286E-03
  948    5.993627E-03
  949    5.981009E-03
  950    5.968431E-03
  951    1.552901E-02
  952    1.549642E-02
  953    1.546393E-02
  954    1.543155E-02
  955    1.539926E-02
  956    1.536708E-02
  957    1.533500E-02
  958    1.530302E-02
  959    1.527114E-02
  960    1.523936E-02
  961    2.239310E-02
  962    2.234660E-02
  963    2.230023E-02
  964    2.225402E-02
  965    2.220794E-02
  966    2.216201E-02
  967    2.211622E-02
  968    2.207057E-02
  969    2.202507E-02
  970    2.197970E-02
  971    2.355644E-02
  972    2.350802E-02
  973    2.345975E-02
  974    2.341163E-02
  975    2.336366E-02
  976    2.331583E-02
  977    2.326815E-02
  978    2.322061E-02
  979    2.317322E-02
  980    2.312598E-02
  981    2.197401E-02
  982    2.192931E-02
  983    2.188473E-02
  984    2.184030E-02
  985    2.179600E-02
  986    2.175183E-02
  987    2.170780E-02
  988    2.166390E-02
  989    2.162014E-02
  990    2.157650E-02
  991    1.736019E-02
  992    1.732522E-02
  993    1.729036E-02
  994    1.725561E-02
  995    1.722096E-02
  996    1.718641E-02
  997    1.715197E-02
  998    1.711763E-02
  999    1.708340E-02
 1000    1.704926E-02
 1001    5.676793E-03
 1002    5.665474E-03
 1003    5.654188E-03
 1004    5.642936E-03
 1005    5.631717E-03
 1006    5.620532E-03
 1007    5.609380E-03
 1008    5.598262E-03
 1009    5.587176E-03
 1010    5.576123E-03
 1011   -4.217671E-04
 1012   -4.209344E-04
 1013   -4.201041E-04
 1014   -4.192763E-04
 1015   -4.184510E-04
 1016   -4.176281E-04
 1017   -4.168076E-04
 1018   -4.159895E-04
 1019   -4.151738E-04
 1020   -4.143606E-04
 1021   -2.252893E-03
 1022   -2.248488E-03
 1023   -2.244097E-03
 1024   -2.239718E-03
 1025   -2.235352E-03
 1026   -2.230999E-03
 1027   -2.226658E-03
 1028   -2.222330E-03
 1029   -2.218015E-03
 1030   -2.213713E-03
 1031   -2.387530E-03
 1032   -2.382907E-03
 1033   -2.378298E-03
 1034   -2.373703E-03
 1035   -2.369120E-03
 1036   -2.364551E-03
 1037   -2.359995E-03
 1038   -2.355452E-03
 1039   -2.350923E-03
 1040   -2.346406E-03
 1041   -1.895812E-03
 1042   -1.892177E-03
 1043   -1.888552E-03
 1044   -1.884938E-03
 1045   -1.881334E-03
 1046   -1.877740E-03
 1047   -1.874156E-03
 1048   -1.870583E-03
 1049   -1.867020E-03
 1050   -1.863467E-03
 1051   -6.982145E-04
 1052   -6.968884E-04
 1053   -6.955660E-04
 1054   -6.942474E-04
 1055   -6.929325E-04
 1056   -6.916214E-04
 1057   -6.903140E-04
 1058   -6.890103E-04
 1059   -6.877103E-04
 1060   -6.864139E-04
 1061    1.271477E-06
 1062    1.269084E-06
 1063    1.266699E-06
 1064    1.264320E-06
 1065    1.261948E-06
 1066    1.259583E-06
 1067    1.257224E-06
 1068    1.254872E-06
 1069    1.252526E-06
 1070    1.250187E-06
 1071    1.965903E-04
 1072    1.962239E-04
 1073    1.958585E-04
 1074    1.954941E-04
 1075    1.951307E-04
 1076    1.947683E-04
 1077    1.944070E-04
 1078    1.940466E-04
 1079    1.936873E-04
 1080    1.933289E-04
 1081    1.725623E-04
 1082    1.722436E-04
 1083    1.719258E-04
 1084    1.716089E-04
 1085    1.712928E-04
 1086    1.709777E-04
 1087    1.706634E-04
 1088    1.703499E-04
 1089    1.700374E-04
 1090    1.697257E-04
 1091    1.111758E-04
 1092    1.109723E-04
 1093    1.107695E-04
 1094    1.105671E-04
 1095    1.103654E-04
 1096    1.101642E-04
 1097    1.099635E-04
 1098    1.097634E-04
 1099    1.095638E-04
 1100    1.093648E-04
 1101    3.276783E-05
 1102    3.270841E-05
 1103    3.264916E-05
 1104    3.259007E-05
 1105    3.253113E-05
 1106    3.247236E-05
 1107    3.241375E-05
 1108    3.235529E-05
 1109    3.229699E-05
 1110    3.223885E-05
 1111   -3.165013E-05
 1112   -3.159325E-05
 1113   -3.153653E-05
 1114   -3.147997E-05
 1115   -3.142355E-05
 1116   -3.136729E-05
 1117   -3.131117E-05
 1118   -3.125521E-05
 1119   -3.119940E-05
 1120   -3.114373E-05
 1121   -6.140785E-05
 1122   -6.129849E-05
 1123   -6.118942E-05
 1124   -6.108064E-05
 1125   -6.097215E-05
 1126   -6.086394E-05
 1127   -6.075603E-05
 1128   -6.064840E-05
 1129   -6.054106E-05
 1130   -6.043400E-05
 1131   -6.091422E-05
 1132   -6.080669E-05
 1133   -6.069945E-05
 1134   -6.059249E-05
 1135   -6.048581E-05
 1136   -6.037942E-05
 1137   -6.027330E-05
 1138   -6.016747E-05
 1139   -6.006191E-05
 1140   -5.995663E-05
 1141   -5.040717E-05
 1142   -5.031897E-05
 1143   -5.023100E-05
 1144   -5.014326E-05
 1145   -5.005575E-05
 1146   -4.996847E-05
 1147   -4.988141E-05
 1148   -4.979459E-05
 1149   -4.970799E-05
 1150   -4.962162E-05
 1151   -3.306995E-05
 1152   -3.301258E-05
 1153   -3.295537E-05
 1154   -3.289830E-05
 1155   -3.284139E-05
 1156   -3.278462E-05
 1157   -3.272799E-05
 1158   -3.267152E-05
 1159   -3.261519E-05
 1160   -3.255900E-05
 1161   -2.068848E-05
 1162   -2.065290E-05
 1163   -2.061742E-05
 1164   -2.058202E-05
 1165   -2.054672E-05
 1166   -2.051151E-05
 1167   -2.047638E-05
 1168   -2.044135E-05
 1169   -2.040641E-05
 1170   -2.037156E-05
 1171   -1.654567E-05
 1172   -1.651746E-05
 1173   -1.648932E-05
 1174   -1.646125E-05
 1175   -1.643325E-05
 1176   -1.640533E-05
 1177   -1.637748E-05
 1178   -1.634970E-05
 1179   -1.632198E-05
 1180   -1.629434E-05
 1181   -1.975390E-05
 1182   -1.972051E-05
 1183   -1.968720E-05
 1184   -1.965397E-05
 1185   -1.962082E-05
 1186   -1.958777E-05
 1187   -1.955479E-05
 1188   -1.952190E-05
 1189   -1.948909E-05
 1190   -1.945636E-05
 1191   -1.995929E-05
 1192   -1.992583E-05
 1193   -1.989245E-05
 1194   -1.985916E-05
 1195   -1.982595E-05
 1196   -1.979282E-05
 1197   -1.975978E-05
 1198   -1.972682E-05
 1199   -1.969394E-05
 1200   -1.966114E-05
 1201   -1.661228E-05
 1202   -1.658466E-05
 1203   -1.655711E-05
 1204   -1.652963E-05
 1205   -1.650222E-05
 1206   -1.647488E-05
 1207   -1.644760E-05
 1208   -1.642039E-05
 1209   -1.639325E-05
 1210   -1.636618E-05
 1211   -1.519157E-05
 1212   -1.516652E-05
 1213   -1.514153E-05
 1214   -1.511661E-05
 1215   -1.509174E-05
 1216   -1.506694E-05
 1217   -1.504220E-05
 1218   -1.501752E-05
 1219   -1.499290E-05
 1220   -1.496835E-05
 1221   -1.652717E-05
 1222   -1.650014E-05
 1223   -1.647318E-05
 1224   -1.644628E-05
 1225   -1.641945E-05
 1226   -1.639269E-05
 1227   -1.636599E-05
 1228   -1.633936E-05
 1229   -1.631279E-05
 1230   -1.628629E-05
 1231   -1.794226E-05
 1232   -1.791315E-05
 1233   -1.788412E-05
 1234   -1.785516E-05
 1235   -1.782627E-05
 1236   -1.779745E-05
 1237   -1.776869E-05
 1238   -1.774001E-05
 1239   -1.771140E-05
 1240   -1.768285E-05
 1241   -1.581824E-05
 1242   -1.579278E-05
 1243   -1.576739E-05
 1244   -1.574206E-05
 1245   -1.571680E-05
 1246   -1.569159E-05
 1247   -1.566644E-05
 1248   -1.564136E-05
 1249   -1.561633E-05
 1250   -1.559136E-05
 1251   -1.431101E-05
 1252   -1.428816E-05
 1253   -1.426538E-05
 1254   -1.424264E-05
 1255   -1.421996E-05
 1256   -1.419734E-05
 1257   -1.417477E-05
 1258   -1.415225E-05
 1259   -1.412978E-05
 1260   -1.410737E-05
 1261   -1.295721E-05
 1262   -1.293670E-05
 1263   -1.291623E-05
 1264   -1.289581E-05
 1265   -1.287543E-05
 1266   -1.285511E-05
 1267   -1.283483E-05
 1268   -1.281461E-05
 1269   -1.279442E-05
 1270   -1.277429E-05
 1271   -1.335998E-05
 1272   -1.333899E-05
 1273   -1.331805E-05
 1274   -1.329716E-05
 1275   -1.327632E-05
 1276   -1.325552E-05
 1277   -1.323478E-05
 1278   -1.321408E-05
 1279   -1.319344E-05
 1280   -1.317284E-05
 1281   -1.309434E-05
 1282   -1.307393E-05
 1283   -1.305356E-05
 1284   -1.303325E-05
 1285   -1.301298E-05
 1286   -1.299275E-05
 1287   -1.297258E-05
 1288   -1.295245E-05
 1289   -1.293237E-05
 1290   -1.291234E-05
 1291   -1.286216E-05
 1292   -1.284226E-05
 1293   -1.282241E-05
 1294   -1.280261E-05
 1295   -1.278285E-05
 1296   -1.276314E-05
 1297   -1.274348E-05
 1298   -1.272386E-05
 1299   -1.270428E-05
 1300   -1.268475E-05
 1301   -1.214193E-05
 1302   -1.212329E-05
 1303   -1.210470E-05
 1304   -1.208615E-05
 1305   -1.206764E-05
 1306   -1.204917E-05
 1307   -1.203075E-05
 1308   -1.201237E-05
 1309   -1.199403E-05
 1310   -1.197573E-05
 1311   -1.136851E-05
 1312   -1.135119E-05
 1313   -1.133392E-05
 1314   -1.131668E-05
 1315   -1.129948E-05
 1316   -1.128232E-05
 1317   -1.126520E-05
 1318   -1.124812E-05
 1319   -1.123108E-05
 1320   -1.121407E-05
 1321   -1.183399E-05
 1322   -1.181610E-05
 1323   -1.179825E-05
 1324   -1.178045E-05
 1325   -1.176268E-05
 1326   -1.174495E-05
 1327   -1.172726E-05
 1328   -1.170961E-05
 1329   -1.169200E-05
 1330   -1.167444E-05
 1331   -1.200688E-05
 1332   -1.198887E-05
 1333   -1.197089E-05
 1334   -1.195296E-05
 1335   -1.193507E-05
 1336   -1.191721E-05
 1337   -1.189940E-05
 1338   -1.188163E-05
 1339   -1.186389E-05
 1340   -1.184620E-05
 1341   -1.126205E-05
 1342   -1.124528E-05
 1343   -1.122855E-05
 1344   -1.121185E-05
 1345   -1.119519E-05
 1346   -1.117857E-05
 1347   -1.116198E-05
 1348   -1.114543E-05
 1349   -1.112892E-05
 1350   -1.111245E-05
 1351   -1.111605E-05
 1352   -1.109962E-05
 1353   -1.108323E-05
 1354   -1.106687E-05
 1355   -1.105054E-05
 1356   -1.103426E-05
 1357   -1.101801E-05
 1358   -1.100179E-05
 1359   -1.098561E-05
 1360   -1.096947E-05
 1361   -1.063056E-05
 1362   -1.061496E-05
 1363   -1.059940E-05
 1364   -1.058387E-05
 1365   -1.056837E-05
 1366   -1.055291E-05
 1367   -1.053748E-05
 1368   -1.052208E-05
 1369   -1.050672E-05
 1370   -1.049140E-05
 1371   -1.084572E-05
 1372   -1.082993E-05
 1373   -1.081416E-05
 1374   -1.079843E-05
 1375   -1.078274E-05
 1376   -1.076707E-05
 1377   -1.075145E-05
 1378   -1.073585E-05
 1379   -1.072030E-05
 1380   -1.070477E-05
 1381   -1.082160E-05
 1382   -1.080595E-05
 1383   -1.079034E-05
 1384   -1.077475E-05
 1385   -1.075921E-05
 1386   -1.074369E-05
 1387   -1.072821E-05
 1388   -1.071276E-05
 1389   -1.069735E-05
 1390   -1.068197E-05
 1391   -1.048511E-05
 1392   -1.047006E-05
 1393   -1.045504E-05
 1394   -1.044005E-05
 1395   -1.042509E-05
 1396   -1.041017E-05
 1397   -1.039527E-05
 1398   -1.038041E-05
 1399   -1.036558E-05
 1400   -1.035079E-05
 1401   -1.016194E-05
 1402   -1.014746E-05
 1403   -1.013300E-05
 1404   -1.011858E-05
 1405   -1.010418E-05
 1406   -1.008982E-05
 1407   -1.007549E-05
 1408   -1.006119E-05
 1409   -1.004692E-05
 1410   -1.003267E-05
 1411   -9.340036E-06
 1412   -9.326816E-06
 1413   -9.313624E-06
 1414   -9.300459E-06
 1415   -9.287323E-06
 1416   -9.274215E-06
 1417   -9.261134E-06
 1418   -9.248081E-06
 1419   -9.235056E-06
 1420   -9.222058E-06
 1421   -9.687441E-06
 1422   -9.673826E-06
 1423   -9.660239E-06
 1424   -9.646681E-06
 1425   -9.633151E-06
 1426   -9.619650E-06
 1427   -9.606177E-06
 1428   -9.592732E-06
 1429   -9.579316E-06
 1430   -9.565928E-06
 1431   -9.747305E-06
 1432   -9.733701E-06
 1433   -9.720125E-06
 1434   -9.706578E-06
 1435   -9.693059E-06
 1436   -9.679568E-06
 1437   -9.666106E-06
 1438   -9.652671E-06
 1439   -9.639265E-06
 1440   -9.625886E-06
 1441   -9.785378E-06
 1442   -9.771816E-06
 1443   -9.758281E-06
 1444   -9.744775E-06
 1445   -9.731297E-06
 1446   -9.717846E-06
 1447   -9.704424E-06
 1448   -9.691029E-06
 1449   -9.677662E-06
 1450   -9.664323E-06
 1451   -8.960906E-06
 1452   -8.948572E-06
 1453   -8.936263E-06
 1454   -8.923979E-06
 1455   -8.911721E-06
 1456   -8.899488E-06
 1457   -8.887280E-06
 1458   -8.875098E-06
 1459   -8.862940E-06
 1460   -8.850807E-06
 1461   -8.816073E-06
 1462   -8.804021E-06
 1463   -8.791994E-06
 1464   -8.779991E-06
 1465   -8.768013E-06
 1466   -8.756059E-06
 1467   -8.744130E-06
 1468   -8.732225E-06
 1469   -8.720345E-06
 1470   -8.708488E-06
 1471   -8.977114E-06
 1472   -8.964925E-06
 1473   -8.952761E-06
 1474   -8.940622E-06
 1475   -8.928507E-06
 1476   -8.916417E-06
 1477   -8.904352E-06
 1478   -8.892311E-06
 1479   -8.880294E-06
 1480   -8.868302E-06
 1481   -9.012680E-06
 1482   -9.000525E-06
 1483   -8.988395E-06
 1484   -8.976289E-06
 1485   -8.964208E-06
 1486   -8.952151E-06
 1487   -8.940119E-06
 1488   -8.928111E-06
 1489   -8.916127E-06
 1490   -8.904167E-06
 1491   -8.848315E-06
 1492   -8.836462E-06
 1493   -8.824633E-06
 1494   -8.812827E-06
 1495   -8.801046E-06
 1496   -8.789287E-06
 1497   -8.777553E-06
 1498   -8.765841E-06
 1499   -8.754154E-06
 1500   -8.742489E-06
 1501   -8.260734E-06
 1502   -8.249742E-06
 1503   -8.238772E-06
 1504   -8.227823E-06
 1505   -8.216896E-06
 1506   -8.205991E-06
 1507   -8.195108E-06
 1508   -8.184246E-06
 1509   -8.173406E-06
 1510   -8.162588E-06
 1511   -7.661289E-06
 1512   -7.651162E-06
 1513   -7.641055E-06
 1514   -7.630968E-06
 1515   -7.620900E-06
 1516   -7.610853E-06
 1517   -7.600826E-06
 1518   -7.590818E-06
 1519   -7.580830E-06
 1520   -7.570862E-06
 1521   -7.983554E-06
 1522   -7.973070E-06
 1523   -7.962607E-06
 1524   -7.952164E-06
 1525   -7.941742E-06
 1526   -7.931340E-06
 1527   -7.920959E-06
 1528   -7.910598E-06
 1529   -7.900257E-06
 1530   -7.889937E-06
 1531   -7.804990E-06
 1532   -7.794808E-06
 1533   -7.784645E-06
 1534   -7.774502E-06
 1535   -7.764379E-06
 1536   -7.754276E-06
 1537   -7.744192E-06
 1538   -7.734128E-06
 1539   -7.724084E-06
 1540   -7.714059E-06
 1541   -7.590083E-06
 1542   -7.580245E-06
 1543   -7.570426E-06
 1544   -7.560626E-06
 1545   -7.550845E-06
 1546   -7.541083E-06
 1547   -7.531340E-06
 1548   -7.521616E-06
 1549   -7.511911E-06
 1550   -7.502224E-06
 1551   -6.807714E-06
 1552   -6.798947E-06
 1553   -6.790196E-06
 1554   -6.781463E-06
 1555   -6.772746E-06
 1556   -6.764047E-06
 1557   -6.755364E-06
 1558   -6.746697E-06
 1559   -6.738048E-06
 1560   -6.729415E-06
 1561   -6.593149E-06
 1562   -6.584712E-06
 1563   -6.576292E-06
 1564   -6.567888E-06
 1565   -6.559500E-06
 1566   -6.551128E-06
 1567   -6.542772E-06
 1568   -6.534431E-06
 1569   -6.526107E-06
 1570   -6.517799E-06
 1571   -6.503808E-06
 1572   -6.495539E-06
 1573   -6.487285E-06
 1574   -6.479047E-06
 1575   -6.470825E-06
 1576   -6.462619E-06
 1577   -6.454428E-06
 1578   -6.446252E-06
 1579   -6.438093E-06
 1580   -6.429948E-06
 1581   -6.448873E-06
 1582   -6.440725E-06
 1583   -6.432593E-06
 1584   -6.424476E-06
 1585   -6.416375E-06
 1586   -6.408289E-06
 1587   -6.400218E-06
 1588   -6.392162E-06
 1589   -6.384122E-06
 1590   -6.376096E-06
 1591   -6.254295E-06
 1592   -6.246443E-06
 1593   -6.238605E-06
 1594   -6.230783E-06
 1595   -6.222975E-06
 1596   -6.215181E-06
 1597   -6.207403E-06
 1598   -6.199639E-06
 1599   -6.191889E-06
 1600   -6.184154E-06
 1601   -5.746455E-06
 1602   -5.739286E-06
 1603   -5.732129E-06
 1604   -5.724987E-06
 1605   -5.717857E-06
 1606   -5.710741E-06
 1607   -5.703638E-06
 1608   -5.696548E-06
 1609   -5.689472E-06
 1610   -5.682409E-06
 1611   -5.607712E-06
 1612   -5.600759E-06
 1613   -5.593819E-06
 1614   -5.586892E-06
 1615   -5.579977E-06
 1616   -5.573076E-06
 1617   -5.566187E-06
 1618   -5.559311E-06
 1619   -5.552447E-06
 1620   -5.545597E-06
 1621   -5.495855E-06
 1622   -5.489082E-06
 1623   -5.482322E-06
 1624   -5.475575E-06
 1625   -5.468840E-06
 1626   -5.462117E-06
 1627   -5.455407E-06
 1628   -5.448709E-06
 1629   -5.442024E-06
 1630   -5.435350E-06
 1631   -5.428183E-06
 1632   -5.421535E-06
 1633   -5.414899E-06
 1634   -5.408275E-06
 1635   -5.401663E-06
 1636   -5.395064E-06
 1637   -5.388477E-06
 1638   -5.381901E-06
 1639   -5.375338E-06
 1640   -5.368787E-06
 1641   -5.176902E-06
 1642   -5.170600E-06
 1643   -5.164309E-06
 1644   -5.158031E-06
 1645   -5.151763E-06
 1646   -5.145507E-06
 1647   -5.139263E-06
 1648   -5.133030E-06
 1649   -5.126808E-06
 1650   -5.120597E-06
 1651   -4.543084E-06
 1652   -4.537587E-06
 1653   -4.532101E-06
 1654   -4.526624E-06
 1655   -4.521157E-06
 1656   -4.515700E-06
 1657   -4.510253E-06
 1658   -4.504815E-06
 1659   -4.499388E-06
 1660   -4.493970E-06
 1661   -4.288977E-06
 1662   -4.283819E-06
 1663   -4.278670E-06
 1664   -4.273530E-06
 1665   -4.268400E-06
 1666   -4.263279E-06
 1667   -4.258167E-06
 1668   -4.253065E-06
 1669   -4.247971E-06
 1670   -4.242887E-06
 1671   -4.149867E-06
 1672   -4.144906E-06
 1673   -4.139954E-06
 1674   -4.135011E-06
 1675   -4.130076E-06
 1676   -4.125151E-06
 1677   -4.120234E-06
 1678   -4.115326E-06
 1679   -4.110427E-06
 1680   -4.105536E-06
 1681   -4.087071E-06
 1682   -4.082214E-06
 1683   -4.077366E-06
 1684   -4.072526E-06
 1685   -4.067695E-06
 1686   -4.062873E-06
 1687   -4.058059E-06
 1688   -4.053254E-06
 1689   -4.048457E-06
 1690   -4.043669E-06
 1691   -3.940268E-06
 1692   -3.935613E-06
 1693   -3.930967E-06
 1694   -3.926328E-06
 1695   -3.921698E-06
 1696   -3.917076E-06
 1697   -3.912463E-06
 1698   -3.907857E-06
 1699   -3.903259E-06
 1700   -3.898670E-06
 1701   -3.475791E-06
 1702   -3.471709E-06
 1703   -3.467634E-06
 1704   -3.463567E-06
 1705   -3.459506E-06
 1706   -3.455453E-06
 1707   -3.451407E-06
 1708   -3.447368E-06
 1709   -3.443336E-06
 1710   -3.439311E-06
 1711   -3.332907E-06
 1712   -3.329016E-06
 1713   -3.325132E-06
 1714   -3.321254E-06
 1715   -3.317383E-06
 1716   -3.313519E-06
 1717   -3.309661E-06
 1718   -3.305811E-06
 1719   -3.301967E-06
 1720   -3.298130E-06
 1721   -3.206615E-06
 1722   -3.202893E-06
 1723   -3.199177E-06
 1724   -3.195468E-06
 1725   -3.191765E-06
 1726   -3.188069E-06
 1727   -3.184379E-06
 1728   -3.180696E-06
 1729   -3.177018E-06
 1730   -3.173348E-06
 1731   -3.189376E-06
 1732   -3.185696E-06
 1733   -3.182021E-06
 1734   -3.178353E-06
 1735   -3.174691E-06
 1736   -3.171036E-06
 1737   -3.167387E-06
 1738   -3.163744E-06
 1739   -3.160108E-06
 1740   -3.156477E-06
 1741   -2.973791E-06
 1742   -2.970379E-06
 1743   -2.966973E-06
 1744   -2.963572E-06
 1745   -2.960178E-06
 1746   -2.956789E-06
 1747   -2.953406E-06
 1748   -2.950028E-06
 1749   -2.946657E-06
 1750   -2.943291E-06
 1751   -2.585226E-06
 1752   -2.582276E-06
 1753   -2.579332E-06
 1754   -2.576393E-06
 1755   -2.573458E-06
 1756   -2.570529E-06
 1757   -2.567604E-06
 1758   -2.564685E-06
 1759   -2.561771E-06
 1760   -2.558861E-06
 1761   -2.427908E-06
 1762   -2.425154E-06
 1763   -2.422405E-06
 1764   -2.419660E-06
 1765   -2.416919E-06
 1766   -2.414184E-06
 1767   -2.411453E-06
 1768   -2.408726E-06
 1769   -2.406005E-06
 1770   -2.403288E-06
 1771   -2.323027E-06
 1772   -2.320406E-06
 1773   -2.317790E-06
 1774   -2.315179E-06
 1775   -2.312571E-06
 1776   -2.309969E-06
 1777   -2.307370E-06
 1778   -2.304776E-06
 1779   -2.302187E-06
 1780   -2.299601E-06
 1781   -2.298290E-06
 1782   -2.295712E-06
 1783   -2.293138E-06
 1784   -2.290569E-06
 1785   -2.288004E-06
 1786   -2.285443E-06
 1787   -2.282887E-06
 1788   -2.280335E-06
 1789   -2.277787E-06
 1790   -2.275243E-06
 1791   -2.115214E-06
 1792   -2.112854E-06
 1793   -2.110499E-06
 1794   -2.108147E-06
 1795   -2.105800E-06
 1796   -2.103456E-06
 1797   -2.101116E-06
 1798   -2.098781E-06
 1799   -2.096449E-06
 1800   -2.094120E-06
 1801   -1.838697E-06
 1802   -1.836657E-06
 1803   -1.834621E-06
 1804   -1.832588E-06
 1805   -1.830559E-06
 1806   -1.828533E-06
 1807   -1.826510E-06
 1808   -1.824490E-06
 1809   -1.822474E-06
 1810   -1.820462E-06
 1811   -1.710919E-06
 1812   -1.709031E-06
 1813   -1.707147E-06
 1814   -1.705266E-06
 1815   -1.703388E-06
 1816   -1.701513E-06
 1817   -1.699641E-06
 1818   -1.697772E-06
 1819   -1.695907E-06
 1820   -1.694044E-06
 1821   -1.633353E-06
 1822   -1.631561E-06
 1823   -1.629772E-06
 1824   -1.627986E-06
 1825   -1.626203E-06
 1826   -1.624423E-06
 1827   -1.622645E-06
 1828   -1.620871E-06
 1829   -1.619100E-06
 1830   -1.617331E-06
 1831   -1.618754E-06
 1832   -1.616988E-06
 1833   -1.615224E-06
 1834   -1.613464E-06
 1835   -1.611706E-06
 1836   -1.609951E-06
 1837   -1.608200E-06
 1838   -1.606451E-06
 1839   -1.604705E-06
 1840   -1.602961E-06
 1841   -1.439370E-06
 1842   -1.437808E-06
 1843   -1.436248E-06
 1844   -1.434691E-06
 1845   -1.433137E-06
 1846   -1.431585E-06
 1847   -1.430036E-06
 1848   -1.428489E-06
 1849   -1.426945E-06
 1850   -1.425403E-06
 1851   -1.207907E-06
 1852   -1.206603E-06
 1853   -1.205301E-06
 1854   -1.204002E-06
 1855   -1.202704E-06
 1856   -1.201409E-06
 1857   -1.200116E-06
 1858   -1.198825E-06
 1859   -1.197536E-06
 1860   -1.196249E-06
 1861   -1.068234E-06
 1862   -1.067087E-06
 1863   -1.065942E-06
 1864   -1.064799E-06
 1865   -1.063658E-06
 1866   -1.062518E-06
 1867   -1.061381E-06
 1868   -1.060245E-06
 1869   -1.059111E-06
 1870   -1.057979E-06
 1871   -9.879022E-07
 1872   -9.868474E-07
 1873   -9.857942E-07
 1874   -9.847426E-07
 1875   -9.836928E-07
 1876   -9.826447E-07
 1877   -9.815982E-07
 1878   -9.805534E-07
 1879   -9.795102E-07
 1880   -9.784687E-07
 1881   -9.938913E-07
 1882   -9.928357E-07
 1883   -9.917817E-07
 1884   -9.907294E-07
 1885   -9.896788E-07
 1886   -9.886298E-07
 1887   -9.875826E-07
 1888   -9.865369E-07
 1889   -9.854930E-07
 1890   -9.844507E-07
 1891   -8.820821E-07
 1892   -8.811501E-07
 1893   -8.802197E-07
 1894   -8.792907E-07
 1895   -8.783631E-07
 1896   -8.774371E-07
 1897   -8.765125E-07
 1898   -8.755894E-07
 1899   -8.746677E-07
 1900   -8.737475E-07
 1901   -7.397393E-07
 1902   -7.389619E-07
 1903   -7.381857E-07
 1904   -7.374107E-07
 1905   -7.366369E-07
 1906   -7.358643E-07
 1907   -7.350930E-07
 1908   -7.343228E-07
 1909   -7.335539E-07
 1910   -7.327862E-07
 1911   -6.579940E-07
 1912   -6.573061E-07
 1913   -6.566192E-07
 1914   -6.559335E-07
 1915   -6.552488E-07
 1916   -6.545651E-07
 1917   -6.538826E-07
 1918   -6.532011E-07
 1919   -6.525207E-07
 1920   -6.518413E-07
 1921   -6.174245E-07
 1922   -6.167824E-07
 1923   -6.161412E-07
 1924   -6.155011E-07
 1925   -6.148619E-07
 1926   -6.142238E-07
 1927   -6.135866E-07
 1928   -6.129504E-07
 1929   -6.123153E-07
 1930   -6.116811E-07
 1931   -6.225957E-07
 1932   -6.219516E-07
 1933   -6.213084E-07
 1934   -6.206662E-07
 1935   -6.200250E-07
 1936   -6.193848E-07
 1937   -6.187456E-07
 1938   -6.181074E-07
 1939   -6.174702E-07
 1940   -6.168340E-07
 1941   -5.349558E-07
 1942   -5.344051E-07
 1943   -5.338553E-07
 1944   -5.333064E-07
 1945   -5.327583E-07
 1946   -5.322110E-07
 1947   -5.316646E-07
 1948   -5.311190E-07
 1949   -5.305743E-07
 1950   -5.300304E-07
 1951   -4.512905E-07
 1952   -4.508284E-07
 1953   -4.503669E-07
 1954   -4.499062E-07
 1955   -4.494462E-07
 1956   -4.489869E-07
 1957   -4.485282E-07
 1958   -4.480703E-07
 1959   -4.476131E-07
 1960   -4.471566E-07
 1961   -3.852550E-07
 1962   -3.848625E-07
 1963   -3.844706E-07
 1964   -3.840792E-07
 1965   -3.836885E-07
 1966   -3.832984E-07
 1967   -3.829089E-07
 1968   -3.825199E-07
 1969   -3.821316E-07
 1970   -3.817438E-07
 1971   -3.597730E-07
 1972   -3.594083E-07
 1973   -3.590442E-07
 1974   -3.586806E-07
 1975   -3.583176E-07
 1976   -3.579551E-07
 1977   -3.575931E-07
 1978   -3.572318E-07
 1979   -3.568709E-07
 1980   -3.565106E-07
 1981   -3.547190E-07
 1982   -3.543613E-07
 1983   -3.540041E-07
 1984   -3.536474E-07
 1985   -3.532912E-07
 1986   -3.529356E-07
 1987   -3.525806E-07
 1988   -3.522260E-07
 1989   -3.518721E-07
 1990   -3.515186E-07
 1991   -3.243334E-07
 1992   -3.240080E-07
 1993   -3.236830E-07
 1994   -3.233585E-07
 1995   -3.230345E-07
 1996   -3.227109E-07
 1997   -3.223879E-07
 1998   -3.220654E-07
 1999   -3.217433E-07
 2000   -3.214217E-07
 2001   -2.815873E-07
 2002   -2.813061E-07
 2003   -2.810254E-07
 2004   -2.807451E-07
 2005   -2.804652E-07
 2006   -2.801857E-07
 2007   -2.799066E-07
 2008   -2.796280E-07
 2009   -2.793497E-07
 2010   -2.790719E-07
 2011   -2.516749E-07
 2012   -2.514249E-07
 2013   -2.511752E-07
 2014   -2.509259E-07
 2015   -2.506769E-07
 2016   -2.504284E-07
 2017   -2.501802E-07
 2018   -2.499324E-07
 2019   -2.496849E-07
 2020   -2.494378E-07
 2021   -2.417744E-07
 2022   -2.415354E-07
 2023   -2.412967E-07
 2024   -2.410584E-07
 2025   -2.408204E-07
 2026   -2.405828E-07
 2027   -2.403456E-07
 2028   -2.401087E-07
 2029   -2.398721E-07
 2030   -2.396359E-07
 2031   -2.438779E-07
 2032   -2.436379E-07
 2033   -2.433984E-07
 2034   -2.431592E-07
 2035   -2.429203E-07
 2036   -2.426818E-07
 2037   -2.424436E-07
 2038   -2.422058E-07
 2039   -2.419684E-07
 2040   -2.417313E-07
 2041   -2.281680E-07
 2042   -2.279446E-07
 2043   -2.277216E-07
 2044   -2.274989E-07
 2045   -2.272765E-07
 2046   -2.270544E-07
 2047   -2.268327E-07
 2048   -2.266113E-07
 2049   -2.263902E-07
 2050   -2.261694E-07
 2051   -2.163831E-07
 2052   -2.161723E-07
 2053   -2.159618E-07
 2054   -2.157517E-07
 2055   -2.155418E-07
 2056   -2.153322E-07
 2057   -2.151229E-07
 2058   -2.149140E-07
 2059   -2.147053E-07
 2060   -2.144970E-07
 2061   -2.078250E-07
 2062   -2.076235E-07
 2063   -2.074223E-07
 2064   -2.072215E-07
 2065   -2.070209E-07
 2066   -2.068205E-07
 2067   -2.066205E-07
 2068   -2.064208E-07
 2069   -2.062214E-07
 2070   -2.060222E-07
 2071   -2.026168E-07
 2072   -2.024213E-07
 2073   -2.022261E-07
 2074   -2.020312E-07
 2075   -2.018366E-07
 2076   -2.016422E-07
 2077   -2.014481E-07
 2078   -2.012543E-07
 2079   -2.010608E-07
 2080   -2.008676E-07
 2081   -2.062627E-07
 2082   -2.060647E-07
 2083   -2.058669E-07
 2084   -2.056695E-07
 2085   -2.054723E-07
 2086   -2.052754E-07
 2087   -2.050787E-07
 2088   -2.048824E-07
 2089   -2.046863E-07
 2090   -2.044906E-07
 2091   -2.048152E-07
 2092   -2.046194E-07
 2093   -2.044240E-07
 2094   -2.042289E-07
 2095   -2.040340E-07
 2096   -2.038394E-07
 2097   -2.036451E-07
 2098   -2.034510E-07
 2099   -2.032573E-07
 2100   -2.030638E-07
 2101   -2.117410E-07
 2102   -2.115396E-07
 2103   -2.113385E-07
 2104   -2.111377E-07
 2105   -2.109372E-07
 2106   -2.107370E-07
 2107   -2.105370E-07
 2108   -2.103374E-07
 2109   -2.101380E-07
 2110   -2.099389E-07
 2111   -2.107391E-07
 2112   -2.105396E-07
 2113   -2.103405E-07
 2114   -2.101416E-07
 2115   -2.099429E-07
 2116   -2.097446E-07
 2117   -2.095465E-07
 2118   -2.093488E-07
 2119   -2.091513E-07
 2120   -2.089540E-07
 2121   -2.145911E-07
 2122   -2.143890E-07
 2123   -2.141871E-07
 2124   -2.139855E-07
 2125   -2.137842E-07
 2126   -2.135832E-07
 2127   -2.133824E-07
 2128   -2.131820E-07
 2129   -2.129818E-07
 2130   -2.127819E-07
 2131   -2.169552E-07
 2132   -2.167518E-07
 2133   -2.165487E-07
 2134   -2.163458E-07
 2135   -2.161432E-07
 2136   -2.159410E-07
 2137   -2.157390E-07
 2138   -2.155372E-07
 2139   -2.153358E-07
 2140   -2.151346E-07
 2141   -2.267565E-07
 2142   -2.265449E-07
 2143   -2.263335E-07
 2144   -2.261225E-07
 2145   -2.259118E-07
 2146   -2.257013E-07
 2147   -2.254912E-07
 2148   -2.252813E-07
 2149   -2.250718E-07
 2150   -2.248625E-07
 2151   -2.388211E-07
 2152   -2.385993E-07
 2153   -2.383778E-07
 2154   -2.381565E-07
 2155   -2.379356E-07
 2156   -2.377150E-07
 2157   -2.374947E-07
 2158   -2.372747E-07
 2159   -2.370550E-07
 2160   -2.368356E-07
 2161   -2.551819E-07
 2162   -2.549460E-07
 2163   -2.547103E-07
 2164   -2.544750E-07
 2165   -2.542401E-07
 2166   -2.540054E-07
 2167   -2.537711E-07
 2168   -2.535371E-07
 2169   -2.533034E-07
 2170   -2.530701E-07
 2171   -2.556576E-07
 2172   -2.554222E-07
 2173   -2.551873E-07
 2174   -2.549526E-07
 2175   -2.547183E-07
 2176   -2.544843E-07
 2177   -2.542506E-07
 2178   -2.540172E-07
 2179   -2.537842E-07
 2180   -2.535515E-07
 2181   -2.572142E-07
 2182   -2.569786E-07
 2183   -2.567432E-07
 2184   -2.565082E-07
 2185   -2.562735E-07
 2186   -2.560392E-07
 2187   -2.558051E-07
 2188   -2.555714E-07
 2189   -2.553380E-07
 2190   -2.551049E-07
 2191   -2.701493E-07
 2192   -2.699029E-07
 2193   -2.696569E-07
 2194   -2.694112E-07
 2195   -2.691658E-07
 2196   -2.689208E-07
 2197   -2.686761E-07
 2198   -2.684317E-07
 2199   -2.681877E-07
 2200   -2.679440E-07
 2201   -2.913783E-07
 2202   -2.911138E-07
 2203   -2.908496E-07
 2204   -2.905858E-07
 2205   -2.903224E-07
 2206   -2.900593E-07
 2207   -2.897966E-07
 2208   -2.895342E-07
 2209   -2.892722E-07
 2210   -2.890105E-07
 2211   -2.997910E-07
 2212   -2.995200E-07
 2213   -2.992495E-07
 2214   -2.989793E-07
 2215   -2.987094E-07
 2216   -2.984399E-07
 2217   -2.981708E-07
 2218   -2.979021E-07
 2219   -2.976337E-07
 2220   -2.973657E-07
 2221   -3.063820E-07
 2222   -3.061064E-07
 2223   -3.058311E-07
 2224   -3.055562E-07
 2225   -3.052817E-07
 2226   -3.050075E-07
 2227   -3.047337E-07
 2228   -3.044603E-07
 2229   -3.041872E-07
 2230   -3.039145E-07
 2231   -3.043225E-07
 2232   -3.040500E-07
 2233   -3.037777E-07
 2234   -3.035059E-07
 2235   -3.032344E-07
 2236   -3.029633E-07
 2237   -3.026926E-07
 2238   -3.024222E-07
 2239   -3.021522E-07
 2240   -3.018825E-07
 2241   -3.250857E-07
 2242   -3.247959E-07
 2243   -3.245064E-07
 2244   -3.242173E-07
 2245   -3.239286E-07
 2246   -3.236403E-07
 2247   -3.233523E-07
 2248   -3.230648E-07
 2249   -3.227776E-07
 2250   -3.224908E-07
 2251   -3.324427E-07
 2252   -3.321476E-07
 2253   -3.318529E-07
 2254   -3.315585E-07
 2255   -3.312646E-07
 2256   -3.309711E-07
 2257   -3.306779E-07
 2258   -3.303851E-07
 2259   -3.300928E-07
 2260   -3.298008E-07
 2261   -3.438336E-07
 2262   -3.435297E-07
 2263   -3.432262E-07
 2264   -3.429231E-07
 2265   -3.426205E-07
 2266   -3.423182E-07
 2267   -3.420163E-07
 2268   -3.417149E-07
 2269   -3.414138E-07
 2270   -3.411131E-07
 2271   -3.495594E-07
 2272   -3.492518E-07
 2273   -3.489446E-07
 2274   -3.486379E-07
 2275   -3.483315E-07
 2276   -3.480256E-07
 2277   -3.477200E-07
 2278   -3.474149E-07
 2279   -3.471101E-07
 2280   -3.468058E-07
 2281   -3.504752E-07
 2282   -3.501682E-07
 2283   -3.498615E-07
 2284   -3.495553E-07
 2285   -3.492495E-07
 2286   -3.489441E-07
 2287   -3.486390E-07
 2288   -3.483344E-07
 2289   -3.480302E-07
 2290   -3.477264E-07
 2291   -3.659893E-07
 2292   -3.656700E-07
 2293   -3.653512E-07
 2294   -3.650328E-07
 2295   -3.647149E-07
 2296   -3.643973E-07
 2297   -3.640802E-07
 2298   -3.637634E-07
 2299   -3.634471E-07
 2300   -3.631312E-07
 2301   -3.672481E-07
 2302   -3.669292E-07
 2303   -3.666107E-07
 2304   -3.662926E-07
 2305   -3.659749E-07
 2306   -3.656576E-07
 2307   -3.653407E-07
 2308   -3.650243E-07
 2309   -3.647083E-07
 2310   -3.643926E-07
 2311   -3.807421E-07
 2312   -3.804129E-07
 2313   -3.800841E-07
 2314   -3.797557E-07
 2315   -3.794278E-07
 2316   -3.791002E-07
 2317   -3.787732E-07
 2318   -3.784465E-07
 2319   -3.781202E-07
 2320   -3.777944E-07
 2321   -3.753369E-07
 2322   -3.750137E-07
 2323   -3.746910E-07
 2324   -3.743687E-07
 2325   -3.740468E-07
 2326   -3.737253E-07
 2327   -3.734042E-07
 2328   -3.730836E-07
 2329   -3.727633E-07
 2330   -3.724435E-07
 2331   -3.765033E-07
 2332   -3.761805E-07
 2333   -3.758582E-07
 2334   -3.755363E-07
 2335   -3.752147E-07
 2336   -3.748936E-07
 2337   -3.745729E-07
 2338   -3.742526E-07
 2339   -3.739328E-07
 2340   -3.736133E-07
 2341   -3.918919E-07
 2342   -3.915574E-07
 2343   -3.912233E-07
 2344   -3.908897E-07
 2345   -3.905564E-07
 2346   -3.902236E-07
 2347   -3.898912E-07
 2348   -3.895592E-07
 2349   -3.892277E-07
 2350   -3.888966E-07
 2351   -3.771621E-07
 2352   -3.768415E-07
 2353   -3.765213E-07
 2354   -3.762015E-07
 2355   -3.758822E-07
 2356   -3.755632E-07
 2357   -3.752447E-07
 2358   -3.749265E-07
 2359   -3.746088E-07
 2360   -3.742915E-07
 2361   -3.863931E-07
 2362   -3.860661E-07
 2363   -3.857395E-07
 2364   -3.854132E-07
 2365   -3.850875E-07
 2366   -3.847621E-07
 2367   -3.844371E-07
 2368   -3.841126E-07
 2369   -3.837884E-07
 2370   -3.834647E-07
 2371   -3.860705E-07
 2372   -3.857452E-07
 2373   -3.854202E-07
 2374   -3.850956E-07
 2375   -3.847715E-07
 2376   -3.844477E-07
 2377   -3.841244E-07
 2378   -3.838014E-07
 2379   -3.834789E-07
 2380   -3.831568E-07
 2381   -3.818795E-07
 2382   -3.815590E-07
 2383   -3.812389E-07
 2384   -3.809192E-07
 2385   -3.805999E-07
 2386   -3.802810E-07
 2387   -3.799625E-07
 2388   -3.796444E-07
 2389   -3.793267E-07
 2390   -3.790094E-07
 2391   -3.929473E-07
 2392   -3.926189E-07
 2393   -3.922909E-07
 2394   -3.919633E-07
 2395   -3.916361E-07
 2396   -3.913094E-07
 2397   -3.909830E-07
 2398   -3.906570E-07
 2399   -3.903315E-07
 2400   -3.900064E-07
 2401   -3.812304E-07
 2402   -3.809132E-07
 2403   -3.805963E-07
 2404   -3.802797E-07
 2405   -3.799636E-07
 2406   -3.796479E-07
 2407   -3.793326E-07
 2408   -3.790177E-07
 2409   -3.787031E-07
 2410   -3.783890E-07
 2411   -3.901216E-07
 2412   -3.897982E-07
 2413   -3.894753E-07
 2414   -3.891527E-07
 2415   -3.888306E-07
 2416   -3.885088E-07
 2417   -3.881875E-07
 2418   -3.878665E-07
 2419   -3.875460E-07
 2420   -3.872258E-07
 2421   -3.844695E-07
 2422   -3.841521E-07
 2423   -3.838352E-07
 2424   -3.835186E-07
 2425   -3.832024E-07
 2426   -3.828866E-07
 2427   -3.825713E-07
 2428   -3.822562E-07
 2429   -3.819416E-07
 2430   -3.816274E-07
 2431   -3.846622E-07
 2432   -3.843460E-07
 2433   -3.840301E-07
 2434   -3.837147E-07
 2435   -3.833997E-07
 2436   -3.830850E-07
 2437   -3.827708E-07
 2438   -3.824569E-07
 2439   -3.821434E-07
 2440   -3.818303E-07
 2441   -3.876717E-07
 2442   -3.873543E-07
 2443   -3.870373E-07
 2444   -3.867207E-07
 2445   -3.864045E-07
 2446   -3.860887E-07
 2447   -3.857733E-07
 2448   -3.854582E-07
 2449   -3.851436E-07
 2450   -3.848293E-07
 2451   -3.649449E-07
 2452   -3.646474E-07
 2453   -3.643502E-07
 2454   -3.640533E-07
 2455   -3.637569E-07
 2456   -3.634608E-07
 2457   -3.631650E-07
 2458   -3.628697E-07
 2459   -3.625747E-07
 2460   -3.622800E-07
 2461   -3.734287E-07
 2462   -3.731255E-07
 2463   -3.728226E-07
 2464   -3.725201E-07
 2465   -3.722180E-07
 2466   -3.719163E-07
 2467   -3.716149E-07
 2468   -3.713138E-07
 2469   -3.710132E-07
 2470   -3.707129E-07
 2471   -3.648977E-07
 2472   -3.646026E-07
 2473   -3.643079E-07
 2474   -3.640135E-07
 2475   -3.637194E-07
 2476   -3.634258E-07
 2477   -3.631324E-07
 2478   -3.628395E-07
 2479   -3.625469E-07
 2480   -3.622546E-07
 2481   -3.623019E-07
 2482   -3.620101E-07
 2483   -3.617186E-07
 2484   -3.614275E-07
 2485   -3.611367E-07
 2486   -3.608463E-07
 2487   -3.605562E-07
 2488   -3.602665E-07
 2489   -3.599771E-07
 2490   -3.596881E-07
 2491   -3.574540E-07
 2492   -3.571673E-07
 2493   -3.568808E-07
 2494   -3.565948E-07
 2495   -3.563090E-07
 2496   -3.560236E-07
 2497   -3.557386E-07
 2498   -3.554539E-07
 2499   -3.551695E-07
 2500   -3.548855E-07
 2501   -3.389667E-07
 2502   -3.386959E-07
 2503   -3.384254E-07
 2504   -3.381552E-07
 2505   -3.378853E-07
 2506   -3.376157E-07
 2507   -3.373465E-07
 2508   -3.370776E-07
 2509   -3.368090E-07
 2510   -3.365407E-07
 2511   -3.433010E-07
 2512   -3.430278E-07
 2513   -3.427549E-07
 2514   -3.424824E-07
 2515   -3.422101E-07
 2516   -3.419382E-07
 2517   -3.416666E-07
 2518   -3.413953E-07
 2519   -3.411244E-07
 2520   -3.408538E-07
 2521   -3.210644E-07
 2522   -3.208099E-07
 2523   -3.205557E-07
 2524   -3.203018E-07
 2525   -3.200482E-07
 2526   -3.197949E-07
 2527   -3.195418E-07
 2528   -3.192891E-07
 2529   -3.190367E-07
 2530   -3.187846E-07
 2531   -3.264734E-07
 2532   -3.262156E-07
 2533   -3.259581E-07
 2534   -3.257010E-07
 2535   -3.254441E-07
 2536   -3.251875E-07
 2537   -3.249313E-07
 2538   -3.246753E-07
 2539   -3.244197E-07
 2540   -3.241643E-07
 2541   -3.187863E-07
 2542   -3.185356E-07
 2543   -3.182851E-07
 2544   -3.180350E-07
 2545   -3.177852E-07
 2546   -3.175356E-07
 2547   -3.172864E-07
 2548   -3.170375E-07
 2549   -3.167888E-07
 2550   -3.165404E-07
 2551   -2.994293E-07
 2552   -2.991948E-07
 2553   -2.989605E-07
 2554   -2.987265E-07
 2555   -2.984927E-07
 2556   -2.982592E-07
 2557   -2.980260E-07
 2558   -2.977931E-07
 2559   -2.975605E-07
 2560   -2.973281E-07
 2561   -2.936433E-07
 2562   -2.934142E-07
 2563   -2.931853E-07
 2564   -2.929567E-07
 2565   -2.927283E-07
 2566   -2.925003E-07
 2567   -2.922725E-07
 2568   -2.920449E-07
 2569   -2.918177E-07
 2570   -2.915907E-07
 2571   -2.853407E-07
 2572   -2.851189E-07
 2573   -2.848974E-07
 2574   -2.846761E-07
 2575   -2.844551E-07
 2576   -2.842343E-07
 2577   -2.840138E-07
 2578   -2.837935E-07
 2579   -2.835735E-07
 2580   -2.833538E-07
 2581   -2.896835E-07
 2582   -2.894592E-07
 2583   -2.892352E-07
 2584   -2.890114E-07
 2585   -2.887879E-07
 2586   -2.885646E-07
 2587   -2.883416E-07
 2588   -2.881189E-07
 2589   -2.878964E-07
 2590   -2.876741E-07
 2591   -2.754857E-07
 2592   -2.752732E-07
 2593   -2.750610E-07
 2594   -2.748490E-07
 2595   -2.746373E-07
 2596   -2.744258E-07
 2597   -2.742145E-07
 2598   -2.740035E-07
 2599   -2.737927E-07
 2600   -2.735822E-07
 2601   -2.604743E-07
 2602   -2.602741E-07
 2603   -2.600742E-07
 2604   -2.598746E-07
 2605   -2.596751E-07
 2606   -2.594759E-07
 2607   -2.592769E-07
 2608   -2.590782E-07
 2609   -2.588796E-07
 2610   -2.586813E-07
 2611   -2.501712E-07
 2612   -2.499797E-07
 2613   -2.497884E-07
 2614   -2.495974E-07
 2615   -2.494065E-07
 2616   -2.492159E-07
 2617   -2.490256E-07
 2618   -2.488354E-07
 2619   -2.486454E-07
 2620   -2.484557E-07
 2621   -2.469009E-07
 2622   -2.467127E-07
 2623   -2.465246E-07
 2624   -2.463368E-07
 2625   -2.461492E-07
 2626   -2.459618E-07
 2627   -2.457746E-07
 2628   -2.455876E-07
 2629   -2.454009E-07
 2630   -2.452143E-07
 2631   -2.461489E-07
 2632   -2.459620E-07
 2633   -2.457752E-07
 2634   -2.455887E-07
 2635   -2.454023E-07
 2636   -2.452162E-07
 2637   -2.450303E-07
 2638   -2.448446E-07
 2639   -2.446591E-07
 2640   -2.444738E-07
 2641   -2.318744E-07
 2642   -2.316989E-07
 2643   -2.315237E-07
 2644   -2.313486E-07
 2645   -2.311737E-07
 2646   -2.309991E-07
 2647   -2.308246E-07
 2648   -2.306503E-07
 2649   -2.304763E-07
 2650   -2.303024E-07
 2651   -2.184262E-07
 2652   -2.182615E-07
 2653   -2.180970E-07
 2654   -2.179327E-07
 2655   -2.177686E-07
 2656   -2.176047E-07
 2657   -2.174410E-07
 2658   -2.172774E-07
 2659   -2.171141E-07
 2660   -2.169509E-07
 2661   -2.074216E-07
 2662   -2.072658E-07
 2663   -2.071102E-07
 2664   -2.069548E-07
 2665   -2.067995E-07
 2666   -2.066444E-07
 2667   -2.064895E-07
 2668   -2.063348E-07
 2669   -2.061803E-07
 2670   -2.060259E-07
 2671   -2.045352E-07
 2672   -2.043822E-07
 2673   -2.042293E-07
 2674   -2.040766E-07
 2675   -2.039241E-07
 2676   -2.037717E-07
 2677   -2.036196E-07
 2678   -2.034675E-07
 2679   -2.033157E-07
 2680   -2.031640E-07
 2681   -2.024447E-07
 2682   -2.022938E-07
 2683   -2.021430E-07
 2684   -2.019925E-07
 2685   -2.018421E-07
 2686   -2.016918E-07
 2687   -2.015418E-07
 2688   -2.013919E-07
 2689   -2.012421E-07
 2690   -2.010925E-07
 2691   -1.932289E-07
 2692   -1.930854E-07
 2693   -1.929421E-07
 2694   -1.927989E-07
 2695   -1.926558E-07
 2696   -1.925130E-07
 2697   -1.923703E-07
 2698   -1.922277E-07
 2699   -1.920853E-07
 2700   -1.919431E-07
 2701   -1.797303E-07
 2702   -1.795974E-07
 2703   -1.794645E-07
 2704   -1.793318E-07
 2705   -1.791993E-07
 2706   -1.790669E-07
 2707   -1.789346E-07
 2708   -1.788025E-07
 2709   -1.786706E-07
 2710   -1.785388E-07
 2711   -1.720903E-07
 2712   -1.719635E-07
 2713   -1.718367E-07
 2714   -1.717102E-07
 2715   -1.715837E-07
 2716   -1.714574E-07
 2717   -1.713313E-07
 2718   -1.712052E-07
 2719   -1.710793E-07
 2720   -1.709536E-07
 2721   -1.696794E-07
 2722   -1.695548E-07
 2723   -1.694303E-07
 2724   -1.693059E-07
 2725   -1.691817E-07
 2726   -1.690576E-07
 2727   -1.689337E-07
 2728   -1.688099E-07
 2729   -1.686862E-07
 2730   -1.685627E-07
 2731   -1.647472E-07
 2732   -1.646267E-07
 2733   -1.645062E-07
 2734   -1.643859E-07
 2735   -1.642658E-07
 2736   -1.641457E-07
 2737   -1.640258E-07
 2738   -1.639061E-07
 2739   -1.637864E-07
 2740   -1.636669E-07
 2741   -1.557808E-07
 2742   -1.556672E-07
 2743   -1.555538E-07
 2744   -1.554404E-07
 2745   -1.553272E-07
 2746   -1.552141E-07
 2747   -1.551012E-07
 2748   -1.549883E-07
 2749   -1.548756E-07
 2750   -1.547630E-07
 2751   -1.444270E-07
 2752   -1.443221E-07
 2753   -1.442173E-07
 2754   -1.441126E-07
 2755   -1.440080E-07
 2756   -1.439035E-07
 2757   -1.437992E-07
 2758   -1.436949E-07
 2759   -1.435908E-07
 2760   -1.434868E-07
 2761   -1.328053E-07
 2762   -1.327092E-07
 2763   -1.326132E-07
 2764   -1.325173E-07
 2765   -1.324214E-07
 2766   -1.323257E-07
 2767   -1.322301E-07
 2768   -1.321346E-07
 2769   -1.320392E-07
 2770   -1.319439E-07
 2771   -1.335094E-07
 2772   -1.334131E-07
 2773   -1.333169E-07
 2774   -1.332208E-07
 2775   -1.331248E-07
 2776   -1.330290E-07
 2777   -1.329332E-07
 2778   -1.328375E-07
 2779   -1.327420E-07
 2780   -1.326465E-07
 2781   -1.270495E-07
 2782   -1.269582E-07
 2783   -1.268670E-07
 2784   -1.267759E-07
 2785   -1.266849E-07
 2786   -1.265940E-07
 2787   -1.265031E-07
 2788   -1.264124E-07
 2789   -1.263218E-07
 2790   -1.262313E-07
 2791   -1.210266E-07
 2792   -1.209399E-07
 2793   -1.208533E-07
 2794   -1.207668E-07
 2795   -1.206805E-07
 2796   -1.205942E-07
 2797   -1.205080E-07
 2798   -1.204219E-07
 2799   -1.203358E-07
 2800   -1.202499E-07
 2801   -1.114022E-07
 2802   -1.113227E-07
 2803   -1.112433E-07
 2804   -1.111640E-07
 2805   -1.110848E-07
 2806   -1.110056E-07
 2807   -1.109266E-07
 2808   -1.108476E-07
 2809   -1.107687E-07
 2810   -1.106899E-07
 2811   -1.018278E-07
 2812   -1.017554E-07
 2813   -1.016831E-07
 2814   -1.016109E-07
 2815   -1.015387E-07
 2816   -1.014666E-07
 2817   -1.013946E-07
 2818   -1.013226E-07
 2819   -1.012508E-07
 2820   -1.011790E-07
 2821   -1.026690E-07
 2822   -1.025963E-07
 2823   -1.025236E-07
 2824   -1.024510E-07
 2825   -1.023785E-07
 2826   -1.023061E-07
 2827   -1.022337E-07
 2828   -1.021615E-07
 2829   -1.020893E-07
 2830   -1.020171E-07
 2831   -9.667198E-08
 2832   -9.660373E-08
 2833   -9.653556E-08
 2834   -9.646746E-08
 2835   -9.639943E-08
 2836   -9.633147E-08
 2837   -9.626358E-08
 2838   -9.619576E-08
 2839   -9.612802E-08
 2840   -9.606035E-08
 2841   -9.217034E-08
 2842   -9.210550E-08
 2843   -9.204072E-08
 2844   -9.197602E-08
 2845   -9.191138E-08
 2846   -9.184682E-08
 2847   -9.178232E-08
 2848   -9.171789E-08
 2849   -9.165352E-08
 2850   -9.158923E-08
 2851   -8.356384E-08
 2852   -8.350526E-08
 2853   -8.344674E-08
 2854   -8.338829E-08
 2855   -8.332989E-08
 2856   -8.327156E-08
 2857   -8.321329E-08
 2858   -8.315507E-08
 2859   -8.309692E-08
 2860   -8.303883E-08
 2861   -7.551156E-08
 2862   -7.545881E-08
 2863   -7.540611E-08
 2864   -7.535347E-08
 2865   -7.530089E-08
 2866   -7.524836E-08
 2867   -7.519588E-08
 2868   -7.514346E-08
 2869   -7.509110E-08
 2870   -7.503879E-08
 2871   -7.616041E-08
 2872   -7.610740E-08
 2873   -7.605443E-08
 2874   -7.600153E-08
 2875   -7.594867E-08
 2876   -7.589588E-08
 2877   -7.584313E-08
 2878   -7.579045E-08
 2879   -7.573781E-08
 2880   -7.568524E-08
 2881   -7.228406E-08
 2882   -7.223392E-08
 2883   -7.218382E-08
 2884   -7.213378E-08
 2885   -7.208379E-08
 2886   -7.203386E-08
 2887   -7.198397E-08
 2888   -7.193414E-08
 2889   -7.188436E-08
 2890   -7.183463E-08
 2891   -6.879388E-08
 2892   -6.874632E-08
 2893   -6.869881E-08
 2894   -6.865135E-08
 2895   -6.860394E-08
 2896   -6.855658E-08
 2897   -6.850926E-08
 2898   -6.846200E-08
 2899   -6.841478E-08
 2900   -6.836762E-08
 2901   -6.152288E-08
 2902   -6.148049E-08
 2903   -6.143815E-08
 2904   -6.139585E-08
 2905   -6.135360E-08
 2906   -6.131138E-08
 2907   -6.126922E-08
 2908   -6.122709E-08
 2909   -6.118501E-08
 2910   -6.114298E-08
 2911   -5.597962E-08
 2912   -5.594118E-08
 2913   -5.590279E-08
 2914   -5.586443E-08
 2915   -5.582612E-08
 2916   -5.578784E-08
 2917   -5.574960E-08
 2918   -5.571141E-08
 2919   -5.567325E-08
 2920   -5.563513E-08
 2921   -5.665798E-08
 2922   -5.661921E-08
 2923   -5.658048E-08
 2924   -5.654180E-08
 2925   -5.650315E-08
 2926   -5.646454E-08
 2927   -5.642597E-08
 2928   -5.638744E-08
 2929   -5.634895E-08
 2930   -5.631050E-08
 2931   -5.298562E-08
 2932   -5.294949E-08
 2933   -5.291340E-08
 2934   -5.287734E-08
 2935   -5.284132E-08
 2936   -5.280534E-08
 2937   -5.276939E-08
 2938   -5.273348E-08
 2939   -5.269761E-08
 2940   -5.266177E-08
 2941   -5.058709E-08
 2942   -5.055271E-08
 2943   -5.051837E-08
 2944   -5.048406E-08
 2945   -5.044979E-08
 2946   -5.041555E-08
 2947   -5.038135E-08
 2948   -5.034718E-08
 2949   -5.031305E-08
 2950   -5.027895E-08
 2951   -4.406821E-08
 2952   -4.403836E-08
 2953   -4.400855E-08
 2954   -4.397876E-08
 2955   -4.394900E-08
 2956   -4.391928E-08
 2957   -4.388958E-08
 2958   -4.385992E-08
 2959   -4.383028E-08
 2960   -4.380068E-08
 2961   -4.023368E-08
 2962   -4.020652E-08
 2963   -4.017939E-08
 2964   -4.015229E-08
 2965   -4.012521E-08
 2966   -4.009816E-08
 2967   -4.007114E-08
 2968   -4.004415E-08
 2969   -4.001718E-08
 2970   -3.999025E-08
 2971   -3.976391E-08
 2972   -3.973716E-08
 2973   -3.971043E-08
 2974   -3.968374E-08
 2975   -3.965707E-08
 2976   -3.963043E-08
 2977   -3.960381E-08
 2978   -3.957722E-08
 2979   -3.955066E-08
 2980   -3.952413E-08
 2981   -3.766324E-08
 2982   -3.763799E-08
 2983   -3.761276E-08
 2984   -3.758756E-08
 2985   -3.756238E-08
 2986   -3.753723E-08
 2987   -3.751211E-08
 2988   -3.748701E-08
 2989   -3.746193E-08
 2990   -3.743688E-08
 2991   -3.589851E-08
 2992   -3.587452E-08
 2993   -3.585056E-08
 2994   -3.582662E-08
 2995   -3.580270E-08
 2996   -3.577881E-08
 2997   -3.575494E-08
 2998   -3.573110E-08
 2999   -3.570728E-08
 3000   -3.568348E-08
 3001   -3.136699E-08
 3002   -3.134610E-08
 3003   -3.132523E-08
 3004   -3.130438E-08
 3005   -3.128355E-08
 3006   -3.126274E-08
 3007   -3.124196E-08
 3008   -3.122119E-08
 3009   -3.120045E-08
 3010   -3.117972E-08
 3011   -2.854599E-08
 3012   -2.852704E-08
 3013   -2.850811E-08
 3014   -2.848920E-08
 3015   -2.847031E-08
 3016   -2.845143E-08
 3017   -2.843258E-08
 3018   -2.841374E-08
 3019   -2.839493E-08
 3020   -2.837613E-08
 3021   -2.837618E-08
 3022   -2.835741E-08
 3023   -2.833865E-08
 3024   -2.831991E-08
 3025   -2.830120E-08
 3026   -2.828250E-08
 3027   -2.826382E-08
 3028   -2.824515E-08
 3029   -2.822651E-08
 3030   -2.820789E-08
 3031   -2.682253E-08
 3032   -2.680484E-08
 3033   -2.678717E-08
 3034   -2.676952E-08
 3035   -2.675189E-08
 3036   -2.673427E-08
 3037   -2.671667E-08
 3038   -2.669909E-08
 3039   -2.668152E-08
 3040   -2.666398E-08
 3041   -2.570646E-08
 3042   -2.568957E-08
 3043   -2.567269E-08
 3044   -2.565583E-08
 3045   -2.563898E-08
 3046   -2.562215E-08
 3047   -2.560534E-08
 3048   -2.558854E-08
 3049   -2.557176E-08
 3050   -2.555500E-08
 3051   -2.299977E-08
 3052   -2.298470E-08
 3053   -2.296965E-08
 3054   -2.295461E-08
 3055   -2.293959E-08
 3056   -2.292458E-08
 3057   -2.290959E-08
 3058   -2.289461E-08
 3059   -2.287965E-08
 3060   -2.286470E-08
 3061   -2.122723E-08
 3062   -2.121336E-08
 3063   -2.119952E-08
 3064   -2.118568E-08
 3065   -2.117187E-08
 3066   -2.115806E-08
 3067   -2.114427E-08
 3068   -2.113049E-08
 3069   -2.111672E-08
 3070   -2.110297E-08
 3071   -2.064568E-08
 3072   -2.063225E-08
 3073   -2.061882E-08
 3074   -2.060541E-08
 3075   -2.059201E-08
 3076   -2.057863E-08
 3077   -2.056526E-08
 3078   -2.055190E-08
 3079   -2.053855E-08
 3080   -2.052522E-08
 3081   -1.861432E-08
 3082   -1.860224E-08
 3083   -1.859018E-08
 3084   -1.857813E-08
 3085   -1.856609E-08
 3086   -1.855406E-08
 3087   -1.854204E-08
 3088   -1.853004E-08
 3089   -1.851804E-08
 3090   -1.850606E-08
 3091   -1.475863E-08
 3092   -1.474909E-08
 3093   -1.473956E-08
 3094   -1.473003E-08
 3095   -1.472052E-08
 3096   -1.471101E-08
 3097   -1.470151E-08
 3098   -1.469202E-08
 3099   -1.468255E-08
 3100   -1.467308E-08
 3101   -7.160257E-09
 3102   -7.155641E-09
 3103   -7.151031E-09
 3104   -7.146425E-09
 3105   -7.141823E-09
 3106   -7.137226E-09
 3107   -7.132633E-09
 3108   -7.128045E-09
 3109   -7.123461E-09
 3110   -7.118881E-09
 3111   -2.913990E-09
 3112   -2.912118E-09
 3113   -2.910248E-09
 3114   -2.908379E-09
 3115   -2.906512E-09
 3116   -2.904647E-09
 3117   -2.902784E-09
 3118   -2.900923E-09
 3119   -2.899063E-09
 3120   -2.897206E-09
 3121   -1.521369E-09
 3122   -1.520395E-09
 3123   -1.519422E-09
 3124   -1.518449E-09
 3125   -1.517478E-09
 3126   -1.516507E-09
 3127   -1.515538E-09
 3128   -1.514569E-09
 3129   -1.513601E-09
 3130   -1.512634E-09
 3131   -1.161459E-09
 3132   -1.160718E-09
 3133   -1.159977E-09
 3134   -1.159237E-09
 3135   -1.158498E-09
 3136   -1.157759E-09
 3137   -1.157021E-09
 3138   -1.156284E-09
 3139   -1.155548E-09
 3140   -1.154812E-09
 3141   -9.158666E-10
 3142   -9.152838E-10
 3143   -9.147016E-10
 3144   -9.141199E-10
 3145   -9.135387E-10
 3146   -9.129582E-10
 3147   -9.123781E-10
 3148   -9.117987E-10
 3149   -9.112198E-10
 3150   -9.106414E-10
 3151   -7.108357E-10
 3152   -7.103848E-10
 3153   -7.099344E-10
 3154   -7.094843E-10
 3155   -7.090347E-10
 3156   -7.085855E-10
 3157   -7.081368E-10
 3158   -7.076885E-10
 3159   -7.072406E-10
 3160   -7.067931E-10
 3161   -5.941960E-10
 3162   -5.938203E-10
 3163   -5.934449E-10
 3164   -5.930699E-10
 3165   -5.926953E-10
 3166   -5.923210E-10
 3167   -5.919470E-10
 3168   -5.915735E-10
 3169   -5.912002E-10
 3170   -5.908273E-10
 3171   -5.189408E-10
 3172   -5.186137E-10
 3173   -5.182869E-10
 3174   -5.179604E-10
 3175   -5.176343E-10
 3176   -5.173084E-10
 3177   -5.169828E-10
 3178   -5.166576E-10
 3179   -5.163326E-10
 3180   -5.160080E-10
 3181   -4.406956E-10
 3182   -4.404187E-10
 3183   -4.401420E-10
 3184   -4.398656E-10
 3185   -4.395895E-10
 3186   -4.393136E-10
 3187   -4.390380E-10
 3188   -4.387627E-10
 3189   -4.384876E-10
 3190   -4.382128E-10
 3191   -3.888076E-10
 3192   -3.885640E-10
 3193   -3.883207E-10
 3194   -3.880777E-10
 3195   -3.878348E-10
 3196   -3.875922E-10
 3197   -3.873498E-10
 3198   -3.871076E-10
 3199   -3.868657E-10
 3200   -3.866240E-10
 3201   -3.455453E-10
 3202   -3.453295E-10
 3203   -3.451140E-10
 3204   -3.448986E-10
 3205   -3.446834E-10
 3206   -3.444685E-10
 3207   -3.442537E-10
 3208   -3.440392E-10
 3209   -3.438248E-10
 3210   -3.436107E-10
 3211   -3.138074E-10
 3212   -3.136121E-10
 3213   -3.134169E-10
 3214   -3.132220E-10
 3215   -3.130272E-10
 3216   -3.128326E-10
 3217   -3.126381E-10
 3218   -3.124439E-10
 3219   -3.122498E-10
 3220   -3.120559E-10
 3221   -2.840722E-10
 3222   -2.838959E-10
 3223   -2.837198E-10
 3224   -2.835438E-10
 3225   -2.833681E-10
 3226   -2.831924E-10
 3227   -2.830170E-10
 3228   -2.828417E-10
 3229   -2.826665E-10
 3230   -2.824916E-10
 3231   -2.580802E-10
 3232   -2.579205E-10
 3233   -2.577610E-10
 3234   -2.576017E-10
 3235   -2.574424E-10
 3236   -2.572834E-10
 3237   -2.571245E-10
 3238   -2.569657E-10
 3239   -2.568071E-10
 3240   -2.566486E-10
 3241   -2.343513E-10
 3242   -2.342068E-10
 3243   -2.340624E-10
 3244   -2.339182E-10
 3245   -2.337740E-10
 3246   -2.336300E-10
 3247   -2.334862E-10
 3248   -2.333424E-10
 3249   -2.331988E-10
 3250   -2.330554E-10
 3251   -2.123946E-10
 3252   -2.122640E-10
 3253   -2.121336E-10
 3254   -2.120032E-10
 3255   -2.118730E-10
 3256   -2.117429E-10
 3257   -2.116129E-10
 3258   -2.114831E-10
 3259   -2.113533E-10
 3260   -2.112237E-10
 3261   -1.987524E-10
 3262   -1.986306E-10
 3263   -1.985089E-10
 3264   -1.983873E-10
 3265   -1.982658E-10
 3266   -1.981444E-10
 3267   -1.980231E-10
 3268   -1.979020E-10
 3269   -1.977810E-10
 3270   -1.976600E-10
 3271   -1.802333E-10
 3272   -1.801232E-10
 3273   -1.800132E-10
 3274   -1.799032E-10
 3275   -1.797934E-10
 3276   -1.796837E-10
 3277   -1.795740E-10
 3278   -1.794645E-10
 3279   -1.793551E-10
 3280   -1.792458E-10
 3281   -1.706433E-10
 3282   -1.705394E-10
 3283   -1.704355E-10
 3284   -1.703317E-10
 3285   -1.702281E-10
 3286   -1.701245E-10
 3287   -1.700210E-10
 3288   -1.699176E-10
 3289   -1.698143E-10
 3290   -1.697111E-10
 3291   -1.523410E-10
 3292   -1.522485E-10
 3293   -1.521561E-10
 3294   -1.520637E-10
 3295   -1.519714E-10
 3296   -1.518793E-10
 3297   -1.517872E-10
 3298   -1.516951E-10
 3299   -1.516032E-10
 3300   -1.515113E-10
