   50    0.000000E+00
   51    0.000000E+00
   52    0.000000E+00
   53    0.000000E+00
   54    0.000000E+00
   55    0.000000E+00
   56    0.000000E+00
   57    0.000000E+00
   58    0.000000E+00
   59    0.000000E+00
   60    0.000000E+00
   61    0.000000E+00
   62    0.000000E+00
   63    0.000000E+00
   64    0.000000E+00
   65    0.000000E+00
   66    0.000000E+00
   67    0.000000E+00
   68    0.000000E+00
   69    0.000000E+00
   70    0.000000E+00
   71    0.000000E+00
   72    0.000000E+00
   73    0.000000E+00
   74    0.000000E+00
   75    0.000000E+00
   76    0.000000E+00
   77    0.000000E+00
   78    0.000000E+00
   79    0.000000E+00
   80    0.000000E+00
   81    0.000000E+00
   82    0.000000E+00
   83    0.000000E+00
   84    0.000000E+00
   85    0.000000E+00
   86    0.000000E+00
   87    0.000000E+00
   88    0.000000E+00
   89    0.000000E+00
   90    0.000000E+00
   91    0.000000E+00
   92    0.000000E+00
   93    0.000000E+00
   94    0.000000E+00
   95    0.000000E+00
   96    0.000000E+00
   97    0.000000E+00
   98    0.000000E+00
   99    0.000000E+00
  100    0.000000E+00
  101    0.000000E+00
  102    0.000000E+00
  103    0.000000E+00
  104    0.000000E+00
  105    0.000000E+00
  106    0.000000E+00
  107    0.000000E+00
  108    0.000000E+00
  109    0.000000E+00
  110    0.000000E+00
  111    0.000000E+00
  112    0.000000E+00
  113    0.000000E+00
  114    0.000000E+00
  115    0.000000E+00
  116    0.000000E+00
  117    0.000000E+00
  118    0.000000E+00
  119    0.000000E+00
  120    0.000000E+00
  121    0.000000E+00
  122    0.000000E+00
  123    0.000000E+00
  124    0.000000E+00
  125    0.000000E+00
  126    0.000000E+00
  127    0.000000E+00
  128    0.000000E+00
  129    0.000000E+00
  130    0.000000E+00
  131    0.000000E+00
  132    0.000000E+00
  133    0.000000E+00
  134    0.000000E+00
  135    0.000000E+00
  136    0.000000E+00
  137    0.000000E+00
  138    0.000000E+00
  139    0.000000E+00
  140    0.000000E+00
  141    0.000000E+00
  142    0.000000E+00
  143    0.000000E+00
  144    0.000000E+00
  145    0.000000E+00
  146    0.000000E+00
  147    0.000000E+00
  148    0.000000E+00
  149    0.000000E+00
  150    0.000000E+00
  151    0.000000E+00
  152    0.000000E+00
  153    0.000000E+00
  154    0.000000E+00
  155    0.000000E+00
  156    0.000000E+00
  157    0.000000E+00
  158    0.000000E+00
  159    0.000000E+00
  160    0.000000E+00
  161    0.000000E+00
  162    0.000000E+00
  163    0.000000E+00
  164    0.000000E+00
  165    0.000000E+00
  166    0.000000E+00
  167    0.000000E+00
  168    0.000000E+00
  169    0.000000E+00
  170    0.000000E+00
  171    0.000000E+00
  172    0.000000E+00
  173    0.000000E+00
  174    0.000000E+00
  175    0.000000E+00
  176    0.000000E+00
  177    0.000000E+00
  178    0.000000E+00
  179    0.000000E+00
  180    0.000000E+00
  181    2.448602E-11
  182    2.421842E-11
  183    2.395517E-11
  184    2.369620E-11
  185    2.344140E-11
  186    2.319069E-11
  187    2.294398E-11
  188    2.270119E-11
  189    2.246223E-11
  190    2.222702E-11
  191    5.295761E-11
  192    5.240882E-11
  193    5.186853E-11
  194    5.133654E-11
  195    5.081270E-11
  196    5.029683E-11
  197    4.978879E-11
  198    4.928840E-11
  199    4.879551E-11
  200    4.830998E-11
  201    9.012373E-10
  202    8.923581E-10
  203    8.836095E-10
  204    8.749889E-10
  205    8.664939E-10
  206    8.581220E-10
  207    8.498708E-10
  208    8.417381E-10
  209    8.337215E-10
  210    8.258190E-10
  211    1.175472E-09
  212    1.164435E-09
  213    1.153552E-09
  214    1.142822E-09
  215    1.132240E-09
  216    1.121805E-09
  217    1.111513E-09
  218    1.101362E-09
  219    1.091350E-09
  220    1.081473E-09
  221    1.893223E-09
  222    1.876243E-09
  223    1.859491E-09
  224    1.842962E-09
  225    1.826653E-09
  226    1.810559E-09
  227    1.794677E-09
  228    1.779003E-09
  229    1.763533E-09
  230    1.748265E-09
  231    3.929342E-09
  232    3.895614E-09
  233    3.862318E-09
  234    3.829447E-09
  235    3.796995E-09
  236    3.764952E-09
  237    3.733314E-09
  238    3.702073E-09
  239    3.671222E-09
  240    3.640756E-09
  241    3.389671E-09
  242    3.361773E-09
  243    3.334217E-09
  244    3.306999E-09
  245    3.280113E-09
  246    3.253554E-09
  247    3.227315E-09
  248    3.201393E-09
  249    3.175782E-09
  250    3.150477E-09
  251    6.673603E-09
  252    6.620847E-09
  253    6.568714E-09
  254    6.517195E-09
  255    6.466280E-09
  256    6.415958E-09
  257    6.366222E-09
  258    6.317062E-09
  259    6.268469E-09
  260    6.220435E-09
  261    6.629626E-09
  262    6.579211E-09
  263    6.529368E-09
  264    6.480090E-09
  265    6.431368E-09
  266    6.383193E-09
  267    6.335557E-09
  268    6.288452E-09
  269    6.241871E-09
  270    6.195806E-09
  271    8.275665E-09
  272    8.215038E-09
  273    8.155074E-09
  274    8.095764E-09
  275    8.037100E-09
  276    7.979070E-09
  277    7.921667E-09
  278    7.864880E-09
  279    7.808703E-09
  280    7.753125E-09
  281    9.047467E-09
  282    8.983527E-09
  283    8.920263E-09
  284    8.857664E-09
  285    8.795723E-09
  286    8.734428E-09
  287    8.673773E-09
  288    8.613747E-09
  289    8.554341E-09
  290    8.495549E-09
  291    1.054685E-08
  292    1.047486E-08
  293    1.040360E-08
  294    1.033307E-08
  295    1.026325E-08
  296    1.019413E-08
  297    1.012572E-08
  298    1.005799E-08
  299    9.990934E-09
  300    9.924549E-09
  301    1.234179E-08
  302    1.226032E-08
  303    1.217966E-08
  304    1.209979E-08
  305    1.202071E-08
  306    1.194240E-08
  307    1.186485E-08
  308    1.178806E-08
  309    1.171201E-08
  310    1.163669E-08
  311    1.313606E-08
  312    1.305213E-08
  313    1.296899E-08
  314    1.288665E-08
  315    1.280509E-08
  316    1.272430E-08
  317    1.264427E-08
  318    1.256500E-08
  319    1.248647E-08
  320    1.240867E-08
  321    1.464697E-08
  322    1.455628E-08
  323    1.446643E-08
  324    1.437740E-08
  325    1.428920E-08
  326    1.420180E-08
  327    1.411521E-08
  328    1.402940E-08
  329    1.394437E-08
  330    1.386012E-08
  331    1.643193E-08
  332    1.633324E-08
  333    1.623544E-08
  334    1.613851E-08
  335    1.604245E-08
  336    1.594724E-08
  337    1.585288E-08
  338    1.575935E-08
  339    1.566665E-08
  340    1.557476E-08
  341    1.778111E-08
  342    1.767743E-08
  343    1.757466E-08
  344    1.747278E-08
  345    1.737178E-08
  346    1.727165E-08
  347    1.717239E-08
  348    1.707398E-08
  349    1.697642E-08
  350    1.687968E-08
  351    1.840376E-08
  352    1.829949E-08
  353    1.819611E-08
  354    1.809359E-08
  355    1.799194E-08
  356    1.789115E-08
  357    1.779120E-08
  358    1.769208E-08
  359    1.759379E-08
  360    1.749632E-08
  361    2.211190E-08
  362    2.199007E-08
  363    2.186925E-08
  364    2.174942E-08
  365    2.163057E-08
  366    2.151269E-08
  367    2.139577E-08
  368    2.127981E-08
  369    2.116478E-08
  370    2.105068E-08
  371    2.211853E-08
  372    2.199993E-08
  373    2.188228E-08
  374    2.176558E-08
  375    2.164980E-08
  376    2.153495E-08
  377    2.142101E-08
  378    2.130797E-08
  379    2.119582E-08
  380    2.108456E-08
  381    2.521440E-08
  382    2.508274E-08
  383    2.495210E-08
  384    2.482248E-08
  385    2.469386E-08
  386    2.456625E-08
  387    2.443962E-08
  388    2.431396E-08
  389    2.418927E-08
  390    2.406554E-08
  391    2.826747E-08
  392    2.812361E-08
  393    2.798085E-08
  394    2.783918E-08
  395    2.769858E-08
  396    2.755904E-08
  397    2.742055E-08
  398    2.728310E-08
  399    2.714669E-08
  400    2.701129E-08
  401    2.764911E-08
  402    2.751189E-08
  403    2.737570E-08
  404    2.724051E-08
  405    2.710632E-08
  406    2.697312E-08
  407    2.684090E-08
  408    2.670965E-08
  409    2.657935E-08
  410    2.645001E-08
  411    3.464468E-08
  412    3.447691E-08
  413    3.431035E-08
  414    3.414500E-08
  415    3.398084E-08
  416    3.381786E-08
  417    3.365606E-08
  418    3.349541E-08
  419    3.333591E-08
  420    3.317754E-08
  421    3.372182E-08
  422    3.356238E-08
  423    3.340407E-08
  424    3.324687E-08
  425    3.309078E-08
  426    3.293579E-08
  427    3.278188E-08
  428    3.262905E-08
  429    3.247729E-08
  430    3.232659E-08
  431    4.235237E-08
  432    4.215675E-08
  433    4.196248E-08
  434    4.176955E-08
  435    4.157795E-08
  436    4.138766E-08
  437    4.119867E-08
  438    4.101098E-08
  439    4.082457E-08
  440    4.063942E-08
  441    4.553151E-08
  442    4.532595E-08
  443    4.512178E-08
  444    4.491899E-08
  445    4.471756E-08
  446    4.451748E-08
  447    4.431874E-08
  448    4.412133E-08
  449    4.392523E-08
  450    4.373044E-08
  451    4.906522E-08
  452    4.884860E-08
  453    4.863340E-08
  454    4.841963E-08
  455    4.820726E-08
  456    4.799629E-08
  457    4.778670E-08
  458    4.757848E-08
  459    4.737162E-08
  460    4.716610E-08
  461    5.896766E-08
  462    5.871294E-08
  463    5.845987E-08
  464    5.820843E-08
  465    5.795861E-08
  466    5.771039E-08
  467    5.746376E-08
  468    5.721872E-08
  469    5.697523E-08
  470    5.673330E-08
  471    6.123115E-08
  472    6.097225E-08
  473    6.071498E-08
  474    6.045934E-08
  475    6.020531E-08
  476    5.995288E-08
  477    5.970203E-08
  478    5.945275E-08
  479    5.920503E-08
  480    5.895885E-08
  481    7.985827E-08
  482    7.952759E-08
  483    7.919896E-08
  484    7.887237E-08
  485    7.854779E-08
  486    7.822521E-08
  487    7.790462E-08
  488    7.758599E-08
  489    7.726931E-08
  490    7.695457E-08
  491    8.174477E-08
  492    8.141315E-08
  493    8.108354E-08
  494    8.075593E-08
  495    8.043030E-08
  496    8.010664E-08
  497    7.978492E-08
  498    7.946514E-08
  499    7.914728E-08
  500    7.883132E-08
  501    9.698672E-08
  502    9.660109E-08
  503    9.621775E-08
  504    9.583669E-08
  505    9.545789E-08
  506    9.508133E-08
  507    9.470699E-08
  508    9.433486E-08
  509    9.396492E-08
  510    9.359715E-08
  511    1.176760E-07
  512    1.172173E-07
  513    1.167612E-07
  514    1.163077E-07
  515    1.158569E-07
  516    1.154087E-07
  517    1.149631E-07
  518    1.145201E-07
  519    1.140796E-07
  520    1.136417E-07
  521    1.265151E-07
  522    1.260313E-07
  523    1.255503E-07
  524    1.250720E-07
  525    1.245965E-07
  526    1.241236E-07
  527    1.236534E-07
  528    1.231859E-07
  529    1.227211E-07
  530    1.222589E-07
  531    1.580807E-07
  532    1.574875E-07
  533    1.568977E-07
  534    1.563112E-07
  535    1.557279E-07
  536    1.551479E-07
  537    1.545712E-07
  538    1.539976E-07
  539    1.534273E-07
  540    1.528601E-07
  541    1.626428E-07
  542    1.620437E-07
  543    1.614480E-07
  544    1.608555E-07
  545    1.602663E-07
  546    1.596803E-07
  547    1.590975E-07
  548    1.585179E-07
  549    1.579415E-07
  550    1.573682E-07
  551    1.976949E-07
  552    1.969799E-07
  553    1.962688E-07
  554    1.955615E-07
  555    1.948580E-07
  556    1.941583E-07
  557    1.934624E-07
  558    1.927703E-07
  559    1.920818E-07
  560    1.913970E-07
  561    2.176834E-07
  562    2.169101E-07
  563    2.161409E-07
  564    2.153758E-07
  565    2.146148E-07
  566    2.138577E-07
  567    2.131047E-07
  568    2.123557E-07
  569    2.116106E-07
  570    2.108694E-07
  571    2.400958E-07
  572    2.392578E-07
  573    2.384241E-07
  574    2.375948E-07
  575    2.367699E-07
  576    2.359492E-07
  577    2.351327E-07
  578    2.343205E-07
  579    2.335125E-07
  580    2.327087E-07
  581    2.839141E-07
  582    2.829401E-07
  583    2.819711E-07
  584    2.810071E-07
  585    2.800480E-07
  586    2.790939E-07
  587    2.781446E-07
  588    2.772001E-07
  589    2.762604E-07
  590    2.753255E-07
  591    3.225555E-07
  592    3.214676E-07
  593    3.203852E-07
  594    3.193083E-07
  595    3.182368E-07
  596    3.171707E-07
  597    3.161099E-07
  598    3.150545E-07
  599    3.140043E-07
  600    3.129593E-07
  601    3.768459E-07
  602    3.755960E-07
  603    3.743523E-07
  604    3.731147E-07
  605    3.718833E-07
  606    3.706580E-07
  607    3.694388E-07
  608    3.682255E-07
  609    3.670182E-07
  610    3.658168E-07
  611    4.062547E-07
  612    4.049293E-07
  613    4.036103E-07
  614    4.022977E-07
  615    4.009916E-07
  616    3.996918E-07
  617    3.983983E-07
  618    3.971110E-07
  619    3.958300E-07
  620    3.945552E-07
  621    4.838227E-07
  622    4.822695E-07
  623    4.807238E-07
  624    4.791855E-07
  625    4.776545E-07
  626    4.761309E-07
  627    4.746146E-07
  628    4.731055E-07
  629    4.716035E-07
  630    4.701087E-07
  631    5.237947E-07
  632    5.221397E-07
  633    5.204926E-07
  634    5.188532E-07
  635    5.172216E-07
  636    5.155977E-07
  637    5.139814E-07
  638    5.123727E-07
  639    5.107715E-07
  640    5.091778E-07
  641    5.767995E-07
  642    5.750054E-07
  643    5.732197E-07
  644    5.714423E-07
  645    5.696731E-07
  646    5.679122E-07
  647    5.661593E-07
  648    5.644146E-07
  649    5.626780E-07
  650    5.609493E-07
  651    6.481123E-07
  652    6.461272E-07
  653    6.441513E-07
  654    6.421844E-07
  655    6.402265E-07
  656    6.382776E-07
  657    6.363376E-07
  658    6.344063E-07
  659    6.324839E-07
  660    6.305702E-07
  661    6.832533E-07
  662    6.811922E-07
  663    6.791404E-07
  664    6.770979E-07
  665    6.750646E-07
  666    6.730404E-07
  667    6.710253E-07
  668    6.690193E-07
  669    6.670222E-07
  670    6.650340E-07
  671    7.918966E-07
  672    7.895433E-07
  673    7.872004E-07
  674    7.848680E-07
  675    7.825459E-07
  676    7.802341E-07
  677    7.779325E-07
  678    7.756411E-07
  679    7.733598E-07
  680    7.710886E-07
  681    8.368504E-07
  682    8.343999E-07
  683    8.319601E-07
  684    8.295310E-07
  685    8.271125E-07
  686    8.247047E-07
  687    8.223073E-07
  688    8.199203E-07
  689    8.175437E-07
  690    8.151775E-07
  691    9.160504E-07
  692    9.134067E-07
  693    9.107744E-07
  694    9.081535E-07
  695    9.055438E-07
  696    9.029454E-07
  697    9.003582E-07
  698    8.977821E-07
  699    8.952170E-07
  700    8.926628E-07
  701    9.974540E-07
  702    9.946163E-07
  703    9.917907E-07
  704    9.889771E-07
  705    9.861755E-07
  706    9.833857E-07
  707    9.806078E-07
  708    9.778416E-07
  709    9.750871E-07
  710    9.723443E-07
  711    1.080204E-06
  712    1.077174E-06
  713    1.074157E-06
  714    1.071152E-06
  715    1.068160E-06
  716    1.065181E-06
  717    1.062214E-06
  718    1.059259E-06
  719    1.056317E-06
  720    1.053386E-06
  721    1.213914E-06
  722    1.210556E-06
  723    1.207211E-06
  724    1.203881E-06
  725    1.200565E-06
  726    1.197262E-06
  727    1.193973E-06
  728    1.190697E-06
  729    1.187435E-06
  730    1.184186E-06
  731    1.273564E-06
  732    1.270089E-06
  733    1.266628E-06
  734    1.263182E-06
  735    1.259749E-06
  736    1.256330E-06
  737    1.252926E-06
  738    1.249535E-06
  739    1.246158E-06
  740    1.242794E-06
  741    1.431625E-06
  742    1.427772E-06
  743    1.423934E-06
  744    1.420111E-06
  745    1.416304E-06
  746    1.412512E-06
  747    1.408735E-06
  748    1.404973E-06
  749    1.401227E-06
  750    1.397495E-06
  751    1.471527E-06
  752    1.467619E-06
  753    1.463726E-06
  754    1.459848E-06
  755    1.455986E-06
  756    1.452140E-06
  757    1.448308E-06
  758    1.444492E-06
  759    1.440690E-06
  760    1.436904E-06
  761    1.570760E-06
  762    1.566643E-06
  763    1.562542E-06
  764    1.558457E-06
  765    1.554388E-06
  766    1.550335E-06
  767    1.546297E-06
  768    1.542276E-06
  769    1.538270E-06
  770    1.534279E-06
  771    1.725257E-06
  772    1.720794E-06
  773    1.716347E-06
  774    1.711918E-06
  775    1.707506E-06
  776    1.703111E-06
  777    1.698732E-06
  778    1.694371E-06
  779    1.690027E-06
  780    1.685699E-06
  781    1.789545E-06
  782    1.784974E-06
  783    1.780420E-06
  784    1.775884E-06
  785    1.771365E-06
  786    1.766864E-06
  787    1.762379E-06
  788    1.757912E-06
  789    1.753461E-06
  790    1.749028E-06
  791    2.007648E-06
  792    2.002584E-06
  793    1.997540E-06
  794    1.992515E-06
  795    1.987508E-06
  796    1.982521E-06
  797    1.977552E-06
  798    1.972602E-06
  799    1.967670E-06
  800    1.962757E-06
  801    2.075728E-06
  802    2.070558E-06
  803    2.065407E-06
  804    2.060276E-06
  805    2.055163E-06
  806    2.050070E-06
  807    2.044995E-06
  808    2.039940E-06
  809    2.034903E-06
  810    2.029885E-06
  811    2.255517E-06
  812    2.249968E-06
  813    2.244440E-06
  814    2.238932E-06
  815    2.233444E-06
  816    2.227977E-06
  817    2.222530E-06
  818    2.217102E-06
  819    2.211695E-06
  820    2.206307E-06
  821    2.509884E-06
  822    2.503785E-06
  823    2.497708E-06
  824    2.491653E-06
  825    2.485620E-06
  826    2.479609E-06
  827    2.473619E-06
  828    2.467652E-06
  829    2.461705E-06
  830    2.455781E-06
  831    2.559949E-06
  832    2.553803E-06
  833    2.547678E-06
  834    2.541576E-06
  835    2.535496E-06
  836    2.529437E-06
  837    2.523400E-06
  838    2.517385E-06
  839    2.511391E-06
  840    2.505419E-06
  841    2.862409E-06
  842    2.855618E-06
  843    2.848851E-06
  844    2.842108E-06
  845    2.835389E-06
  846    2.828694E-06
  847    2.822022E-06
  848    2.815374E-06
  849    2.808750E-06
  850    2.802149E-06
  851    2.748202E-06
  852    2.741758E-06
  853    2.735337E-06
  854    2.728939E-06
  855    2.722563E-06
  856    2.716209E-06
  857    2.709877E-06
  858    2.703568E-06
  859    2.697281E-06
  860    2.691015E-06
  861    2.924515E-06
  862    2.917737E-06
  863    2.910983E-06
  864    2.904252E-06
  865    2.897545E-06
  866    2.890861E-06
  867    2.884200E-06
  868    2.877562E-06
  869    2.870947E-06
  870    2.864355E-06
  871    3.138988E-06
  872    3.131797E-06
  873    3.124630E-06
  874    3.117488E-06
  875    3.110370E-06
  876    3.103277E-06
  877    3.096208E-06
  878    3.089163E-06
  879    3.082143E-06
  880    3.075146E-06
  881    3.139566E-06
  882    3.132455E-06
  883    3.125368E-06
  884    3.118305E-06
  885    3.111266E-06
  886    3.104251E-06
  887    3.097259E-06
  888    3.090291E-06
  889    3.083347E-06
  890    3.076426E-06
  891    3.606188E-06
  892    3.598112E-06
  893    3.590062E-06
  894    3.582040E-06
  895    3.574044E-06
  896    3.566075E-06
  897    3.558133E-06
  898    3.550217E-06
  899    3.542328E-06
  900    3.534465E-06
  901    3.549686E-06
  902    3.541824E-06
  903    3.533988E-06
  904    3.526179E-06
  905    3.518395E-06
  906    3.510636E-06
  907    3.502904E-06
  908    3.495196E-06
  909    3.487515E-06
  910    3.479858E-06
  911    3.822590E-06
  912    3.814216E-06
  913    3.805870E-06
  914    3.797551E-06
  915    3.789259E-06
  916    3.780995E-06
  917    3.772757E-06
  918    3.764547E-06
  919    3.756363E-06
  920    3.748206E-06
  921    4.089114E-06
  922    4.080253E-06
  923    4.071422E-06
  924    4.062619E-06
  925    4.053844E-06
  926    4.045098E-06
  927    4.036380E-06
  928    4.027690E-06
  929    4.019029E-06
  930    4.010395E-06
  931    4.042336E-06
  932    4.033670E-06
  933    4.025033E-06
  934    4.016423E-06
  935    4.007841E-06
  936    3.999287E-06
  937    3.990759E-06
  938    3.982259E-06
  939    3.973786E-06
  940    3.965340E-06
  941    4.566392E-06
  942    4.556707E-06
  943    4.547053E-06
  944    4.537430E-06
  945    4.527837E-06
  946    4.518274E-06
  947    4.508742E-06
  948    4.499240E-06
  949    4.489768E-06
  950    4.480326E-06
  951    4.391700E-06
  952    4.382484E-06
  953    4.373296E-06
  954    4.364137E-06
  955    4.355007E-06
  956    4.345906E-06
  957    4.336833E-06
  958    4.327789E-06
  959    4.318772E-06
  960    4.309784E-06
  961    4.753485E-06
  962    4.743612E-06
  963    4.733771E-06
  964    4.723960E-06
  965    4.714179E-06
  966    4.704429E-06
  967    4.694709E-06
  968    4.685020E-06
  969    4.675360E-06
  970    4.665730E-06
  971    4.812087E-06
  972    4.802196E-06
  973    4.792335E-06
  974    4.782505E-06
  975    4.772705E-06
  976    4.762935E-06
  977    4.753195E-06
  978    4.743484E-06
  979    4.733804E-06
  980    4.724153E-06
  981    4.848986E-06
  982    4.839121E-06
  983    4.829285E-06
  984    4.819479E-06
  985    4.809704E-06
  986    4.799957E-06
  987    4.790241E-06
  988    4.780554E-06
  989    4.770896E-06
  990    4.761268E-06
  991    5.332569E-06
  992    5.321829E-06
  993    5.311121E-06
  994    5.300445E-06
  995    5.289802E-06
  996    5.279190E-06
  997    5.268611E-06
  998    5.258063E-06
  999    5.247547E-06
 1000    5.237062E-06
 1001    4.865580E-06
 1002    4.855878E-06
 1003    4.846205E-06
 1004    4.836560E-06
 1005    4.826945E-06
 1006    4.817358E-06
 1007    4.807800E-06
 1008    4.798270E-06
 1009    4.788769E-06
 1010    4.779295E-06
 1011    5.405738E-06
 1012    5.395066E-06
 1013    5.384424E-06
 1014    5.373815E-06
 1015    5.363236E-06
 1016    5.352689E-06
 1017    5.342173E-06
 1018    5.331688E-06
 1019    5.321234E-06
 1020    5.310810E-06
 1021    5.512722E-06
 1022    5.501944E-06
 1023    5.491198E-06
 1024    5.480484E-06
 1025    5.469800E-06
 1026    5.459148E-06
 1027    5.448527E-06
 1028    5.437938E-06
 1029    5.427378E-06
 1030    5.416850E-06
 1031    5.636235E-06
 1032    5.625322E-06
 1033    5.614442E-06
 1034    5.603592E-06
 1035    5.592775E-06
 1036    5.581988E-06
 1037    5.571233E-06
 1038    5.560509E-06
 1039    5.549815E-06
 1040    5.539153E-06
 1041    5.928090E-06
 1042    5.916722E-06
 1043    5.905388E-06
 1044    5.894085E-06
 1045    5.882816E-06
 1046    5.871578E-06
 1047    5.860373E-06
 1048    5.849200E-06
 1049    5.838058E-06
 1050    5.826949E-06
 1051    5.643411E-06
 1052    5.632692E-06
 1053    5.622004E-06
 1054    5.611346E-06
 1055    5.600719E-06
 1056    5.590121E-06
 1057    5.579554E-06
 1058    5.569017E-06
 1059    5.558509E-06
 1060    5.548031E-06
 1061    6.325782E-06
 1062    6.313880E-06
 1063    6.302012E-06
 1064    6.290177E-06
 1065    6.278375E-06
 1066    6.266607E-06
 1067    6.254872E-06
 1068    6.243170E-06
 1069    6.231500E-06
 1070    6.219863E-06
 1071    6.298609E-06
 1072    6.286869E-06
 1073    6.275161E-06
 1074    6.263487E-06
 1075    6.251844E-06
 1076    6.240235E-06
 1077    6.228657E-06
 1078    6.217112E-06
 1079    6.205599E-06
 1080    6.194118E-06
 1081    6.503591E-06
 1082    6.491580E-06
 1083    6.479603E-06
 1084    6.467659E-06
 1085    6.455748E-06
 1086    6.443870E-06
 1087    6.432025E-06
 1088    6.420212E-06
 1089    6.408432E-06
 1090    6.396684E-06
 1091    6.645734E-06
 1092    6.633573E-06
 1093    6.621446E-06
 1094    6.609352E-06
 1095    6.597291E-06
 1096    6.585263E-06
 1097    6.573268E-06
 1098    6.561306E-06
 1099    6.549376E-06
 1100    6.537479E-06
 1101    6.563045E-06
 1102    6.551145E-06
 1103    6.539277E-06
 1104    6.527441E-06
 1105    6.515637E-06
 1106    6.503865E-06
 1107    6.492126E-06
 1108    6.480417E-06
 1109    6.468741E-06
 1110    6.457096E-06
 1111    6.617065E-06
 1112    6.605174E-06
 1113    6.593316E-06
 1114    6.581489E-06
 1115    6.569695E-06
 1116    6.557931E-06
 1117    6.546200E-06
 1118    6.534500E-06
 1119    6.522831E-06
 1120    6.511194E-06
 1121    6.936728E-06
 1122    6.924374E-06
 1123    6.912053E-06
 1124    6.899765E-06
 1125    6.887510E-06
 1126    6.875287E-06
 1127    6.863097E-06
 1128    6.850939E-06
 1129    6.838814E-06
 1130    6.826720E-06
 1131    7.474626E-06
 1132    7.461431E-06
 1133    7.448272E-06
 1134    7.435147E-06
 1135    7.422057E-06
 1136    7.409001E-06
 1137    7.395980E-06
 1138    7.382994E-06
 1139    7.370041E-06
 1140    7.357122E-06
 1141    7.602071E-06
 1142    7.588769E-06
 1143    7.575502E-06
 1144    7.562270E-06
 1145    7.549072E-06
 1146    7.535909E-06
 1147    7.522780E-06
 1148    7.509686E-06
 1149    7.496626E-06
 1150    7.483599E-06
 1151    7.430956E-06
 1152    7.418066E-06
 1153    7.405210E-06
 1154    7.392387E-06
 1155    7.379597E-06
 1156    7.366841E-06
 1157    7.354117E-06
 1158    7.341427E-06
 1159    7.328769E-06
 1160    7.316144E-06
 1161    7.997055E-06
 1162    7.983302E-06
 1163    7.969585E-06
 1164    7.955903E-06
 1165    7.942257E-06
 1166    7.928646E-06
 1167    7.915069E-06
 1168    7.901527E-06
 1169    7.888021E-06
 1170    7.874548E-06
 1171    8.411434E-06
 1172    8.397092E-06
 1173    8.382787E-06
 1174    8.368518E-06
 1175    8.354286E-06
 1176    8.340090E-06
 1177    8.325930E-06
 1178    8.311807E-06
 1179    8.297719E-06
 1180    8.283667E-06
 1181    8.742284E-06
 1182    8.727504E-06
 1183    8.712761E-06
 1184    8.698056E-06
 1185    8.683388E-06
 1186    8.668758E-06
 1187    8.654164E-06
 1188    8.639607E-06
 1189    8.625086E-06
 1190    8.610603E-06
 1191    8.941300E-06
 1192    8.926310E-06
 1193    8.911358E-06
 1194    8.896444E-06
 1195    8.881567E-06
 1196    8.866727E-06
 1197    8.851924E-06
 1198    8.837159E-06
 1199    8.822430E-06
 1200    8.807738E-06
 1201    9.291825E-06
 1202    9.276377E-06
 1203    9.260968E-06
 1204    9.245597E-06
 1205    9.230264E-06
 1206    9.214970E-06
 1207    9.199713E-06
 1208    9.184494E-06
 1209    9.169313E-06
 1210    9.154170E-06
 1211    8.683199E-06
 1212    8.668882E-06
 1213    8.654601E-06
 1214    8.640354E-06
 1215    8.626143E-06
 1216    8.611967E-06
 1217    8.597826E-06
 1218    8.583720E-06
 1219    8.569648E-06
 1220    8.555611E-06
 1221    9.381894E-06
 1222    9.366552E-06
 1223    9.351247E-06
 1224    9.335980E-06
 1225    9.320750E-06
 1226    9.305557E-06
 1227    9.290401E-06
 1228    9.275283E-06
 1229    9.260201E-06
 1230    9.245156E-06
 1231    1.277743E-05
 1232    1.275670E-05
 1233    1.273603E-05
 1234    1.271540E-05
 1235    1.269483E-05
 1236    1.267430E-05
 1237    1.265383E-05
 1238    1.263340E-05
 1239    1.261302E-05
 1240    1.259270E-05
 1241    1.299391E-05
 1242    1.297300E-05
 1243    1.295215E-05
 1244    1.293134E-05
 1245    1.291058E-05
 1246    1.288988E-05
 1247    1.286922E-05
 1248    1.284861E-05
 1249    1.282806E-05
 1250    1.280755E-05
 1251    1.241243E-05
 1252    1.239262E-05
 1253    1.237285E-05
 1254    1.235314E-05
 1255    1.233346E-05
 1256    1.231384E-05
 1257    1.229426E-05
 1258    1.227473E-05
 1259    1.225525E-05
 1260    1.223581E-05
 1261    1.500966E-05
 1262    1.498589E-05
 1263    1.496218E-05
 1264    1.493852E-05
 1265    1.491492E-05
 1266    1.489138E-05
 1267    1.486789E-05
 1268    1.484446E-05
 1269    1.482108E-05
 1270    1.479776E-05
 1271    1.975802E-05
 1272    1.972698E-05
 1273    1.969601E-05
 1274    1.966511E-05
 1275    1.963429E-05
 1276    1.960354E-05
 1277    1.957286E-05
 1278    1.954226E-05
 1279    1.951172E-05
 1280    1.948126E-05
 1281    1.640568E-05
 1282    1.638010E-05
 1283    1.635459E-05
 1284    1.632913E-05
 1285    1.630374E-05
 1286    1.627840E-05
 1287    1.625312E-05
 1288    1.622791E-05
 1289    1.620275E-05
 1290    1.617765E-05
 1291    1.017622E-05
 1292    1.016048E-05
 1293    1.014477E-05
 1294    1.012911E-05
 1295    1.011348E-05
 1296    1.009788E-05
 1297    1.008232E-05
 1298    1.006680E-05
 1299    1.005131E-05
 1300    1.003586E-05
 1301    4.067905E-06
 1302    4.061661E-06
 1303    4.055432E-06
 1304    4.049216E-06
 1305    4.043016E-06
 1306    4.036829E-06
 1307    4.030656E-06
 1308    4.024498E-06
 1309    4.018354E-06
 1310    4.012223E-06
 1311   -1.837263E-06
 1312   -1.834465E-06
 1313   -1.831673E-06
 1314   -1.828887E-06
 1315   -1.826107E-06
 1316   -1.823334E-06
 1317   -1.820567E-06
 1318   -1.817807E-06
 1319   -1.815053E-06
 1320   -1.812305E-06
 1321   -1.409301E-06
 1322   -1.407171E-06
 1323   -1.405045E-06
 1324   -1.402924E-06
 1325   -1.400808E-06
 1326   -1.398697E-06
 1327   -1.396591E-06
 1328   -1.394489E-06
 1329   -1.392392E-06
 1330   -1.390300E-06
 1331    2.910969E-05
 1332    2.906602E-05
 1333    2.902244E-05
 1334    2.897896E-05
 1335    2.893558E-05
 1336    2.889229E-05
 1337    2.884911E-05
 1338    2.880602E-05
 1339    2.876302E-05
 1340    2.872013E-05
 1341    8.660869E-05
 1342    8.647971E-05
 1343    8.635102E-05
 1344    8.622262E-05
 1345    8.609450E-05
 1346    8.596667E-05
 1347    8.583912E-05
 1348    8.571186E-05
 1349    8.558488E-05
 1350    8.545818E-05
 1351    1.609270E-04
 1352    1.606891E-04
 1353    1.604518E-04
 1354    1.602150E-04
 1355    1.599786E-04
 1356    1.597429E-04
 1357    1.595076E-04
 1358    1.592729E-04
 1359    1.590386E-04
 1360    1.588049E-04
 1361    2.162846E-04
 1362    2.159673E-04
 1363    2.156506E-04
 1364    2.153346E-04
 1365    2.150194E-04
 1366    2.147048E-04
 1367    2.143909E-04
 1368    2.140777E-04
 1369    2.137651E-04
 1370    2.134533E-04
 1371    2.550312E-04
 1372    2.546597E-04
 1373    2.542890E-04
 1374    2.539192E-04
 1375    2.535501E-04
 1376    2.531818E-04
 1377    2.528144E-04
 1378    2.524477E-04
 1379    2.520818E-04
 1380    2.517168E-04
 1381    8.639113E-05
 1382    8.626620E-05
 1383    8.614153E-05
 1384    8.601714E-05
 1385    8.589302E-05
 1386    8.576917E-05
 1387    8.564558E-05
 1388    8.552226E-05
 1389    8.539921E-05
 1390    8.527642E-05
 1391   -5.390703E-04
 1392   -5.382963E-04
 1393   -5.375240E-04
 1394   -5.367534E-04
 1395   -5.359844E-04
 1396   -5.352171E-04
 1397   -5.344514E-04
 1398   -5.336873E-04
 1399   -5.329249E-04
 1400   -5.321641E-04
 1401   -1.528148E-03
 1402   -1.525970E-03
 1403   -1.523796E-03
 1404   -1.521627E-03
 1405   -1.519462E-03
 1406   -1.517302E-03
 1407   -1.515147E-03
 1408   -1.512996E-03
 1409   -1.510850E-03
 1410   -1.508709E-03
 1411   -1.894466E-03
 1412   -1.891785E-03
 1413   -1.889109E-03
 1414   -1.886439E-03
 1415   -1.883774E-03
 1416   -1.881116E-03
 1417   -1.878462E-03
 1418   -1.875815E-03
 1419   -1.873173E-03
 1420   -1.870536E-03
 1421   -1.804408E-03
 1422   -1.801872E-03
 1423   -1.799342E-03
 1424   -1.796816E-03
 1425   -1.794296E-03
 1426   -1.791781E-03
 1427   -1.789272E-03
 1428   -1.786768E-03
 1429   -1.784269E-03
 1430   -1.781775E-03
 1431   -7.315265E-05
 1432   -7.305055E-05
 1433   -7.294866E-05
 1434   -7.284699E-05
 1435   -7.274554E-05
 1436   -7.264429E-05
 1437   -7.254325E-05
 1438   -7.244243E-05
 1439   -7.234181E-05
 1440   -7.224141E-05
 1441    6.219391E-03
 1442    6.210771E-03
 1443    6.202169E-03
 1444    6.193584E-03
 1445    6.185018E-03
 1446    6.176469E-03
 1447    6.167938E-03
 1448    6.159425E-03
 1449    6.150929E-03
 1450    6.142451E-03
 1451    1.602184E-02
 1452    1.599978E-02
 1453    1.597778E-02
 1454    1.595581E-02
 1455    1.593390E-02
 1456    1.591202E-02
 1457    1.589020E-02
 1458    1.586842E-02
 1459    1.584668E-02
 1460    1.582498E-02
 1461    2.197974E-02
 1462    2.194970E-02
 1463    2.191971E-02
 1464    2.188979E-02
 1465    2.185992E-02
 1466    2.183012E-02
 1467    2.180038E-02
 1468    2.177070E-02
 1469    2.174108E-02
 1470    2.171152E-02
 1471    2.369392E-02
 1472    2.366175E-02
 1473    2.362964E-02
 1474    2.359760E-02
 1475    2.356562E-02
 1476    2.353371E-02
 1477    2.350187E-02
 1478    2.347009E-02
 1479    2.343837E-02
 1480    2.340672E-02
 1481    2.240502E-02
 1482    2.237480E-02
 1483    2.234465E-02
 1484    2.231455E-02
 1485    2.228452E-02
 1486    2.225455E-02
 1487    2.222464E-02
 1488    2.219479E-02
 1489    2.216499E-02
 1490    2.213526E-02
 1491    1.645630E-02
 1492    1.643425E-02
 1493    1.641225E-02
 1494    1.639030E-02
 1495    1.636838E-02
 1496    1.634652E-02
 1497    1.632469E-02
 1498    1.630291E-02
 1499    1.628117E-02
 1500    1.625948E-02
 1501    5.877736E-03
 1502    5.869914E-03
 1503    5.862109E-03
 1504    5.854318E-03
 1505    5.846544E-03
 1506    5.838785E-03
 1507    5.831041E-03
 1508    5.823313E-03
 1509    5.815600E-03
 1510    5.807902E-03
 1511   -4.014251E-04
 1512   -4.008945E-04
 1513   -4.003649E-04
 1514   -3.998364E-04
 1515   -3.993089E-04
 1516   -3.987824E-04
 1517   -3.982570E-04
 1518   -3.977327E-04
 1519   -3.972093E-04
 1520   -3.966870E-04
 1521   -2.175789E-03
 1522   -2.172932E-03
 1523   -2.170080E-03
 1524   -2.167234E-03
 1525   -2.164394E-03
 1526   -2.161559E-03
 1527   -2.158730E-03
 1528   -2.155906E-03
 1529   -2.153088E-03
 1530   -2.150275E-03
 1531   -2.279337E-03
 1532   -2.276363E-03
 1533   -2.273395E-03
 1534   -2.270433E-03
 1535   -2.267477E-03
 1536   -2.264526E-03
 1537   -2.261582E-03
 1538   -2.258643E-03
 1539   -2.255709E-03
 1540   -2.252782E-03
 1541   -1.769731E-03
 1542   -1.767437E-03
 1543   -1.765148E-03
 1544   -1.762863E-03
 1545   -1.760582E-03
 1546   -1.758306E-03
 1547   -1.756034E-03
 1548   -1.753767E-03
 1549   -1.751504E-03
 1550   -1.749245E-03
 1551   -6.620268E-04
 1552   -6.611742E-04
 1553   -6.603232E-04
 1554   -6.594740E-04
 1555   -6.586263E-04
 1556   -6.577803E-04
 1557   -6.569359E-04
 1558   -6.560931E-04
 1559   -6.552520E-04
 1560   -6.544125E-04
 1561    1.922159E-05
 1562    1.919700E-05
 1563    1.917245E-05
 1564    1.914795E-05
 1565    1.912349E-05
 1566    1.909908E-05
 1567    1.907472E-05
 1568    1.905041E-05
 1569    1.902614E-05
 1570    1.900192E-05
 1571    2.012445E-04
 1572    2.009886E-04
 1573    2.007332E-04
 1574    2.004783E-04
 1575    2.002239E-04
 1576    1.999700E-04
 1577    1.997166E-04
 1578    1.994636E-04
 1579    1.992111E-04
 1580    1.989591E-04
 1581    1.737940E-04
 1582    1.735744E-04
 1583    1.733553E-04
 1584    1.731365E-04
 1585    1.729182E-04
 1586    1.727003E-04
 1587    1.724828E-04
 1588    1.722657E-04
 1589    1.720490E-04
 1590    1.718327E-04
 1591    1.157109E-04
 1592    1.155656E-04
 1593    1.154206E-04
 1594    1.152759E-04
 1595    1.151314E-04
 1596    1.149872E-04
 1597    1.148433E-04
 1598    1.146997E-04
 1599    1.145563E-04
 1600    1.144132E-04
 1601    4.010390E-05
 1602    4.005386E-05
 1603    4.000392E-05
 1604    3.995407E-05
 1605    3.990432E-05
 1606    3.985465E-05
 1607    3.980508E-05
 1608    3.975560E-05
 1609    3.970622E-05
 1610    3.965692E-05
 1611   -2.098534E-05
 1612   -2.095932E-05
 1613   -2.093335E-05
 1614   -2.090743E-05
 1615   -2.088155E-05
 1616   -2.085573E-05
 1617   -2.082995E-05
 1618   -2.080421E-05
 1619   -2.077853E-05
 1620   -2.075289E-05
 1621   -4.838144E-05
 1622   -4.832182E-05
 1623   -4.826231E-05
 1624   -4.820291E-05
 1625   -4.814362E-05
 1626   -4.808444E-05
 1627   -4.802537E-05
 1628   -4.796641E-05
 1629   -4.790755E-05
 1630   -4.784881E-05
 1631   -4.776099E-05
 1632   -4.770250E-05
 1633   -4.764411E-05
 1634   -4.758583E-05
 1635   -4.752766E-05
 1636   -4.746959E-05
 1637   -4.741163E-05
 1638   -4.735378E-05
 1639   -4.729603E-05
 1640   -4.723838E-05
 1641   -3.831086E-05
 1642   -3.826422E-05
 1643   -3.821767E-05
 1644   -3.817120E-05
 1645   -3.812482E-05
 1646   -3.807853E-05
 1647   -3.803232E-05
 1648   -3.798619E-05
 1649   -3.794014E-05
 1650   -3.789418E-05
 1651   -2.357131E-05
 1652   -2.354279E-05
 1653   -2.351433E-05
 1654   -2.348591E-05
 1655   -2.345755E-05
 1656   -2.342923E-05
 1657   -2.340097E-05
 1658   -2.337276E-05
 1659   -2.334460E-05
 1660   -2.331649E-05
 1661   -1.335674E-05
 1662   -1.334068E-05
 1663   -1.332465E-05
 1664   -1.330864E-05
 1665   -1.329266E-05
 1666   -1.327672E-05
 1667   -1.326080E-05
 1668   -1.324491E-05
 1669   -1.322904E-05
 1670   -1.321321E-05
 1671   -9.656391E-06
 1672   -9.644847E-06
 1673   -9.633324E-06
 1674   -9.621821E-06
 1675   -9.610339E-06
 1676   -9.598878E-06
 1677   -9.587437E-06
 1678   -9.576017E-06
 1679   -9.564617E-06
 1680   -9.553237E-06
 1681   -1.192147E-05
 1682   -1.190730E-05
 1683   -1.189316E-05
 1684   -1.187905E-05
 1685   -1.186495E-05
 1686   -1.185089E-05
 1687   -1.183685E-05
 1688   -1.182283E-05
 1689   -1.180884E-05
 1690   -1.179487E-05
 1691   -1.298059E-05
 1692   -1.296525E-05
 1693   -1.294994E-05
 1694   -1.293466E-05
 1695   -1.291941E-05
 1696   -1.290418E-05
 1697   -1.288899E-05
 1698   -1.287381E-05
 1699   -1.285867E-05
 1700   -1.284355E-05
 1701   -1.001679E-05
 1702   -1.000503E-05
 1703   -9.993283E-06
 1704   -9.981561E-06
 1705   -9.969859E-06
 1706   -9.958178E-06
 1707   -9.946517E-06
 1708   -9.934877E-06
 1709   -9.923257E-06
 1710   -9.911658E-06
 1711   -9.602632E-06
 1712   -9.591421E-06
 1713   -9.580229E-06
 1714   -9.569057E-06
 1715   -9.557904E-06
 1716   -9.546771E-06
 1717   -9.535657E-06
 1718   -9.524563E-06
 1719   -9.513488E-06
 1720   -9.502432E-06
 1721   -1.081793E-05
 1722   -1.080537E-05
 1723   -1.079284E-05
 1724   -1.078032E-05
 1725   -1.076783E-05
 1726   -1.075536E-05
 1727   -1.074291E-05
 1728   -1.073049E-05
 1729   -1.071808E-05
 1730   -1.070570E-05
 1731   -1.126259E-05
 1732   -1.124959E-05
 1733   -1.123662E-05
 1734   -1.122366E-05
 1735   -1.121073E-05
 1736   -1.119782E-05
 1737   -1.118494E-05
 1738   -1.117207E-05
 1739   -1.115923E-05
 1740   -1.114641E-05
 1741   -1.016890E-05
 1742   -1.015723E-05
 1743   -1.014558E-05
 1744   -1.013395E-05
 1745   -1.012234E-05
 1746   -1.011076E-05
 1747   -1.009919E-05
 1748   -1.008764E-05
 1749   -1.007611E-05
 1750   -1.006460E-05
 1751   -8.700320E-06
 1752   -8.690394E-06
 1753   -8.680485E-06
 1754   -8.670593E-06
 1755   -8.660717E-06
 1756   -8.650859E-06
 1757   -8.641017E-06
 1758   -8.631192E-06
 1759   -8.621384E-06
 1760   -8.611593E-06
 1761   -8.253982E-06
 1762   -8.244619E-06
 1763   -8.235271E-06
 1764   -8.225939E-06
 1765   -8.216623E-06
 1766   -8.207323E-06
 1767   -8.198039E-06
 1768   -8.188771E-06
 1769   -8.179518E-06
 1770   -8.170280E-06
 1771   -7.920378E-06
 1772   -7.911444E-06
 1773   -7.902525E-06
 1774   -7.893620E-06
 1775   -7.884731E-06
 1776   -7.875857E-06
 1777   -7.866998E-06
 1778   -7.858153E-06
 1779   -7.849324E-06
 1780   -7.840510E-06
 1781   -8.217246E-06
 1782   -8.208029E-06
 1783   -8.198827E-06
 1784   -8.189641E-06
 1785   -8.180470E-06
 1786   -8.171314E-06
 1787   -8.162174E-06
 1788   -8.153049E-06
 1789   -8.143940E-06
 1790   -8.134845E-06
 1791   -8.053665E-06
 1792   -8.044682E-06
 1793   -8.035713E-06
 1794   -8.026760E-06
 1795   -8.017821E-06
 1796   -8.008898E-06
 1797   -7.999989E-06
 1798   -7.991095E-06
 1799   -7.982216E-06
 1800   -7.973352E-06
 1801   -7.225310E-06
 1802   -7.217296E-06
 1803   -7.209294E-06
 1804   -7.201306E-06
 1805   -7.193331E-06
 1806   -7.185370E-06
 1807   -7.177421E-06
 1808   -7.169486E-06
 1809   -7.161564E-06
 1810   -7.153655E-06
 1811   -6.948850E-06
 1812   -6.941185E-06
 1813   -6.933532E-06
 1814   -6.925891E-06
 1815   -6.918264E-06
 1816   -6.910649E-06
 1817   -6.903046E-06
 1818   -6.895456E-06
 1819   -6.887879E-06
 1820   -6.880314E-06
 1821   -7.032313E-06
 1822   -7.024598E-06
 1823   -7.016896E-06
 1824   -7.009206E-06
 1825   -7.001529E-06
 1826   -6.993865E-06
 1827   -6.986213E-06
 1828   -6.978573E-06
 1829   -6.970946E-06
 1830   -6.963332E-06
 1831   -7.342765E-06
 1832   -7.334754E-06
 1833   -7.326755E-06
 1834   -7.318769E-06
 1835   -7.310797E-06
 1836   -7.302837E-06
 1837   -7.294891E-06
 1838   -7.286957E-06
 1839   -7.279037E-06
 1840   -7.271129E-06
 1841   -6.965156E-06
 1842   -6.957597E-06
 1843   -6.950051E-06
 1844   -6.942517E-06
 1845   -6.934995E-06
 1846   -6.927486E-06
 1847   -6.919989E-06
 1848   -6.912503E-06
 1849   -6.905030E-06
 1850   -6.897570E-06
 1851   -6.574393E-06
 1852   -6.567297E-06
 1853   -6.560213E-06
 1854   -6.553140E-06
 1855   -6.546078E-06
 1856   -6.539028E-06
 1857   -6.531989E-06
 1858   -6.524962E-06
 1859   -6.517946E-06
 1860   -6.510941E-06
 1861   -6.472372E-06
 1862   -6.465423E-06
 1863   -6.458486E-06
 1864   -6.451560E-06
 1865   -6.444645E-06
 1866   -6.437742E-06
 1867   -6.430849E-06
 1868   -6.423967E-06
 1869   -6.417097E-06
 1870   -6.410237E-06
 1871   -6.296934E-06
 1872   -6.290211E-06
 1873   -6.283497E-06
 1874   -6.276795E-06
 1875   -6.270103E-06
 1876   -6.263422E-06
 1877   -6.256752E-06
 1878   -6.250092E-06
 1879   -6.243443E-06
 1880   -6.236805E-06
 1881   -6.569491E-06
 1882   -6.562513E-06
 1883   -6.555547E-06
 1884   -6.548591E-06
 1885   -6.541647E-06
 1886   -6.534713E-06
 1887   -6.527791E-06
 1888   -6.520880E-06
 1889   -6.513979E-06
 1890   -6.507090E-06
 1891   -6.239251E-06
 1892   -6.232659E-06
 1893   -6.226078E-06
 1894   -6.219506E-06
 1895   -6.212946E-06
 1896   -6.206396E-06
 1897   -6.199856E-06
 1898   -6.193326E-06
 1899   -6.186807E-06
 1900   -6.180298E-06
 1901   -5.841545E-06
 1902   -5.835406E-06
 1903   -5.829276E-06
 1904   -5.823156E-06
 1905   -5.817046E-06
 1906   -5.810945E-06
 1907   -5.804854E-06
 1908   -5.798772E-06
 1909   -5.792700E-06
 1910   -5.786638E-06
 1911   -5.664687E-06
 1912   -5.658764E-06
 1913   -5.652851E-06
 1914   -5.646948E-06
 1915   -5.641053E-06
 1916   -5.635168E-06
 1917   -5.629292E-06
 1918   -5.623425E-06
 1919   -5.617567E-06
 1920   -5.611718E-06
 1921   -5.573500E-06
 1922   -5.567703E-06
 1923   -5.561916E-06
 1924   -5.556137E-06
 1925   -5.550367E-06
 1926   -5.544607E-06
 1927   -5.538855E-06
 1928   -5.533112E-06
 1929   -5.527379E-06
 1930   -5.521654E-06
 1931   -5.896535E-06
 1932   -5.890434E-06
 1933   -5.884343E-06
 1934   -5.878261E-06
 1935   -5.872188E-06
 1936   -5.866125E-06
 1937   -5.860071E-06
 1938   -5.854027E-06
 1939   -5.847991E-06
 1940   -5.841966E-06
 1941   -5.518643E-06
 1942   -5.512962E-06
 1943   -5.507291E-06
 1944   -5.501628E-06
 1945   -5.495973E-06
 1946   -5.490328E-06
 1947   -5.484691E-06
 1948   -5.479063E-06
 1949   -5.473443E-06
 1950   -5.467832E-06
 1951   -5.374759E-06
 1952   -5.369255E-06
 1953   -5.363759E-06
 1954   -5.358272E-06
 1955   -5.352793E-06
 1956   -5.347323E-06
 1957   -5.341861E-06
 1958   -5.336407E-06
 1959   -5.330962E-06
 1960   -5.325525E-06
 1961   -5.180692E-06
 1962   -5.175414E-06
 1963   -5.170144E-06
 1964   -5.164881E-06
 1965   -5.159627E-06
 1966   -5.154381E-06
 1967   -5.149143E-06
 1968   -5.143913E-06
 1969   -5.138690E-06
 1970   -5.133476E-06
 1971   -5.131466E-06
 1972   -5.126265E-06
 1973   -5.121071E-06
 1974   -5.115885E-06
 1975   -5.110707E-06
 1976   -5.105537E-06
 1977   -5.100375E-06
 1978   -5.095220E-06
 1979   -5.090073E-06
 1980   -5.084934E-06
 1981   -5.249469E-06
 1982   -5.244174E-06
 1983   -5.238888E-06
 1984   -5.233609E-06
 1985   -5.228339E-06
 1986   -5.223076E-06
 1987   -5.217821E-06
 1988   -5.212575E-06
 1989   -5.207336E-06
 1990   -5.202105E-06
 1991   -5.051536E-06
 1992   -5.046466E-06
 1993   -5.041405E-06
 1994   -5.036351E-06
 1995   -5.031304E-06
 1996   -5.026265E-06
 1997   -5.021234E-06
 1998   -5.016210E-06
 1999   -5.011194E-06
 2000   -5.006186E-06
 2001   -4.710950E-06
 2002   -4.706246E-06
 2003   -4.701549E-06
 2004   -4.696860E-06
 2005   -4.692177E-06
 2006   -4.687501E-06
 2007   -4.682832E-06
 2008   -4.678170E-06
 2009   -4.673515E-06
 2010   -4.668867E-06
 2011   -4.474401E-06
 2012   -4.469956E-06
 2013   -4.465517E-06
 2014   -4.461085E-06
 2015   -4.456659E-06
 2016   -4.452240E-06
 2017   -4.447827E-06
 2018   -4.443421E-06
 2019   -4.439022E-06
 2020   -4.434629E-06
 2021   -4.447200E-06
 2022   -4.442803E-06
 2023   -4.438413E-06
 2024   -4.434029E-06
 2025   -4.429652E-06
 2026   -4.425281E-06
 2027   -4.420917E-06
 2028   -4.416559E-06
 2029   -4.412208E-06
 2030   -4.407863E-06
 2031   -4.557706E-06
 2032   -4.553222E-06
 2033   -4.548745E-06
 2034   -4.544275E-06
 2035   -4.539811E-06
 2036   -4.535354E-06
 2037   -4.530903E-06
 2038   -4.526459E-06
 2039   -4.522021E-06
 2040   -4.517590E-06
 2041   -4.239810E-06
 2042   -4.235660E-06
 2043   -4.231515E-06
 2044   -4.227377E-06
 2045   -4.223244E-06
 2046   -4.219118E-06
 2047   -4.214998E-06
 2048   -4.210884E-06
 2049   -4.206775E-06
 2050   -4.202673E-06
 2051   -3.915117E-06
 2052   -3.911303E-06
 2053   -3.907494E-06
 2054   -3.903691E-06
 2055   -3.899894E-06
 2056   -3.896102E-06
 2057   -3.892316E-06
 2058   -3.888535E-06
 2059   -3.884760E-06
 2060   -3.880990E-06
 2061   -3.713560E-06
 2062   -3.709960E-06
 2063   -3.706365E-06
 2064   -3.702775E-06
 2065   -3.699191E-06
 2066   -3.695611E-06
 2067   -3.692037E-06
 2068   -3.688468E-06
 2069   -3.684905E-06
 2070   -3.681346E-06
 2071   -3.643646E-06
 2072   -3.640131E-06
 2073   -3.636621E-06
 2074   -3.633115E-06
 2075   -3.629615E-06
 2076   -3.626120E-06
 2077   -3.622630E-06
 2078   -3.619145E-06
 2079   -3.615665E-06
 2080   -3.612190E-06
 2081   -3.702869E-06
 2082   -3.699314E-06
 2083   -3.695763E-06
 2084   -3.692218E-06
 2085   -3.688678E-06
 2086   -3.685143E-06
 2087   -3.681614E-06
 2088   -3.678089E-06
 2089   -3.674569E-06
 2090   -3.671055E-06
 2091   -3.500283E-06
 2092   -3.496938E-06
 2093   -3.493599E-06
 2094   -3.490263E-06
 2095   -3.486933E-06
 2096   -3.483607E-06
 2097   -3.480286E-06
 2098   -3.476970E-06
 2099   -3.473659E-06
 2100   -3.470352E-06
 2101   -3.267955E-06
 2102   -3.264847E-06
 2103   -3.261744E-06
 2104   -3.258645E-06
 2105   -3.255550E-06
 2106   -3.252460E-06
 2107   -3.249374E-06
 2108   -3.246293E-06
 2109   -3.243216E-06
 2110   -3.240143E-06
 2111   -3.069905E-06
 2112   -3.066999E-06
 2113   -3.064098E-06
 2114   -3.061200E-06
 2115   -3.058307E-06
 2116   -3.055417E-06
 2117   -3.052532E-06
 2118   -3.049651E-06
 2119   -3.046774E-06
 2120   -3.043901E-06
 2121   -3.098331E-06
 2122   -3.095412E-06
 2123   -3.092497E-06
 2124   -3.089587E-06
 2125   -3.086680E-06
 2126   -3.083778E-06
 2127   -3.080879E-06
 2128   -3.077985E-06
 2129   -3.075095E-06
 2130   -3.072209E-06
 2131   -3.072265E-06
 2132   -3.069384E-06
 2133   -3.066508E-06
 2134   -3.063635E-06
 2135   -3.060767E-06
 2136   -3.057902E-06
 2137   -3.055041E-06
 2138   -3.052185E-06
 2139   -3.049332E-06
 2140   -3.046484E-06
 2141   -2.891505E-06
 2142   -2.888807E-06
 2143   -2.886112E-06
 2144   -2.883421E-06
 2145   -2.880734E-06
 2146   -2.878050E-06
 2147   -2.875371E-06
 2148   -2.872695E-06
 2149   -2.870022E-06
 2150   -2.867354E-06
 2151   -2.503744E-06
 2152   -2.501418E-06
 2153   -2.499095E-06
 2154   -2.496776E-06
 2155   -2.494460E-06
 2156   -2.492147E-06
 2157   -2.489837E-06
 2158   -2.487531E-06
 2159   -2.485227E-06
 2160   -2.482927E-06
 2161   -2.372794E-06
 2162   -2.370600E-06
 2163   -2.368409E-06
 2164   -2.366221E-06
 2165   -2.364036E-06
 2166   -2.361854E-06
 2167   -2.359675E-06
 2168   -2.357499E-06
 2169   -2.355327E-06
 2170   -2.353157E-06
 2171   -2.304982E-06
 2172   -2.302861E-06
 2173   -2.300742E-06
 2174   -2.298627E-06
 2175   -2.296514E-06
 2176   -2.294404E-06
 2177   -2.292297E-06
 2178   -2.290193E-06
 2179   -2.288092E-06
 2180   -2.285994E-06
 2181   -2.257265E-06
 2182   -2.255197E-06
 2183   -2.253131E-06
 2184   -2.251069E-06
 2185   -2.249010E-06
 2186   -2.246953E-06
 2187   -2.244899E-06
 2188   -2.242848E-06
 2189   -2.240800E-06
 2190   -2.238754E-06
 2191   -2.141236E-06
 2192   -2.139283E-06
 2193   -2.137333E-06
 2194   -2.135385E-06
 2195   -2.133441E-06
 2196   -2.131498E-06
 2197   -2.129559E-06
 2198   -2.127622E-06
 2199   -2.125688E-06
 2200   -2.123756E-06
 2201   -1.934618E-06
 2202   -1.932862E-06
 2203   -1.931108E-06
 2204   -1.929356E-06
 2205   -1.927607E-06
 2206   -1.925860E-06
 2207   -1.924116E-06
 2208   -1.922374E-06
 2209   -1.920634E-06
 2210   -1.918897E-06
 2211   -1.791827E-06
 2212   -1.790207E-06
 2213   -1.788590E-06
 2214   -1.786975E-06
 2215   -1.785362E-06
 2216   -1.783752E-06
 2217   -1.782143E-06
 2218   -1.780537E-06
 2219   -1.778933E-06
 2220   -1.777331E-06
 2221   -1.778515E-06
 2222   -1.776915E-06
 2223   -1.775317E-06
 2224   -1.773721E-06
 2225   -1.772128E-06
 2226   -1.770536E-06
 2227   -1.768947E-06
 2228   -1.767360E-06
 2229   -1.765775E-06
 2230   -1.764192E-06
 2231   -1.717872E-06
 2232   -1.716334E-06
 2233   -1.714797E-06
 2234   -1.713263E-06
 2235   -1.711730E-06
 2236   -1.710200E-06
 2237   -1.708672E-06
 2238   -1.707145E-06
 2239   -1.705621E-06
 2240   -1.704099E-06
 2241   -1.652660E-06
 2242   -1.651186E-06
 2243   -1.649714E-06
 2244   -1.648245E-06
 2245   -1.646777E-06
 2246   -1.645311E-06
 2247   -1.643847E-06
 2248   -1.642386E-06
 2249   -1.640926E-06
 2250   -1.639468E-06
 2251   -1.396143E-06
 2252   -1.394903E-06
 2253   -1.393666E-06
 2254   -1.392430E-06
 2255   -1.391195E-06
 2256   -1.389962E-06
 2257   -1.388731E-06
 2258   -1.387502E-06
 2259   -1.386274E-06
 2260   -1.385048E-06
 2261   -1.278250E-06
 2262   -1.277120E-06
 2263   -1.275992E-06
 2264   -1.274865E-06
 2265   -1.273740E-06
 2266   -1.272616E-06
 2267   -1.271494E-06
 2268   -1.270373E-06
 2269   -1.269254E-06
 2270   -1.268136E-06
 2271   -1.254915E-06
 2272   -1.253811E-06
 2273   -1.252709E-06
 2274   -1.251607E-06
 2275   -1.250507E-06
 2276   -1.249409E-06
 2277   -1.248312E-06
 2278   -1.247217E-06
 2279   -1.246123E-06
 2280   -1.245030E-06
 2281   -1.225944E-06
 2282   -1.224870E-06
 2283   -1.223797E-06
 2284   -1.222726E-06
 2285   -1.221656E-06
 2286   -1.220588E-06
 2287   -1.219521E-06
 2288   -1.218455E-06
 2289   -1.217391E-06
 2290   -1.216329E-06
 2291   -1.163001E-06
 2292   -1.161986E-06
 2293   -1.160973E-06
 2294   -1.159962E-06
 2295   -1.158951E-06
 2296   -1.157942E-06
 2297   -1.156934E-06
 2298   -1.155928E-06
 2299   -1.154923E-06
 2300   -1.153919E-06
 2301   -9.769754E-07
 2302   -9.761270E-07
 2303   -9.752796E-07
 2304   -9.744334E-07
 2305   -9.735883E-07
 2306   -9.727442E-07
 2307   -9.719013E-07
 2308   -9.710595E-07
 2309   -9.702187E-07
 2310   -9.693791E-07
 2311   -9.057189E-07
 2312   -9.049358E-07
 2313   -9.041536E-07
 2314   -9.033725E-07
 2315   -9.025924E-07
 2316   -9.018133E-07
 2317   -9.010352E-07
 2318   -9.002581E-07
 2319   -8.994820E-07
 2320   -8.987069E-07
 2321   -8.648520E-07
 2322   -8.641074E-07
 2323   -8.633638E-07
 2324   -8.626211E-07
 2325   -8.618794E-07
 2326   -8.611386E-07
 2327   -8.603988E-07
 2328   -8.596600E-07
 2329   -8.589221E-07
 2330   -8.581851E-07
 2331   -8.420056E-07
 2332   -8.412838E-07
 2333   -8.405629E-07
 2334   -8.398429E-07
 2335   -8.391239E-07
 2336   -8.384057E-07
 2337   -8.376885E-07
 2338   -8.369723E-07
 2339   -8.362569E-07
 2340   -8.355425E-07
 2341   -7.883425E-07
 2342   -7.876695E-07
 2343   -7.869975E-07
 2344   -7.863262E-07
 2345   -7.856559E-07
 2346   -7.849864E-07
 2347   -7.843178E-07
 2348   -7.836500E-07
 2349   -7.829830E-07
 2350   -7.823169E-07
 2351   -6.199121E-07
 2352   -6.193852E-07
 2353   -6.188589E-07
 2354   -6.183334E-07
 2355   -6.178085E-07
 2356   -6.172842E-07
 2357   -6.167607E-07
 2358   -6.162378E-07
 2359   -6.157155E-07
 2360   -6.151940E-07
 2361   -5.509099E-07
 2362   -5.504436E-07
 2363   -5.499779E-07
 2364   -5.495128E-07
 2365   -5.490483E-07
 2366   -5.485844E-07
 2367   -5.481211E-07
 2368   -5.476583E-07
 2369   -5.471962E-07
 2370   -5.467346E-07
 2371   -5.269578E-07
 2372   -5.265137E-07
 2373   -5.260701E-07
 2374   -5.256271E-07
 2375   -5.251847E-07
 2376   -5.247428E-07
 2377   -5.243014E-07
 2378   -5.238607E-07
 2379   -5.234204E-07
 2380   -5.229808E-07
 2381   -5.061176E-07
 2382   -5.056928E-07
 2383   -5.052686E-07
 2384   -5.048449E-07
 2385   -5.044217E-07
 2386   -5.039991E-07
 2387   -5.035770E-07
 2388   -5.031554E-07
 2389   -5.027343E-07
 2390   -5.023138E-07
 2391   -4.715516E-07
 2392   -4.711575E-07
 2393   -4.707639E-07
 2394   -4.703708E-07
 2395   -4.699782E-07
 2396   -4.695860E-07
 2397   -4.691944E-07
 2398   -4.688032E-07
 2399   -4.684125E-07
 2400   -4.680224E-07
 2401   -3.773108E-07
 2402   -3.769968E-07
 2403   -3.766832E-07
 2404   -3.763699E-07
 2405   -3.760571E-07
 2406   -3.757446E-07
 2407   -3.754325E-07
 2408   -3.751208E-07
 2409   -3.748095E-07
 2410   -3.744986E-07
 2411   -3.390020E-07
 2412   -3.387210E-07
 2413   -3.384404E-07
 2414   -3.381601E-07
 2415   -3.378801E-07
 2416   -3.376006E-07
 2417   -3.373213E-07
 2418   -3.370424E-07
 2419   -3.367639E-07
 2420   -3.364857E-07
 2421   -3.211526E-07
 2422   -3.208876E-07
 2423   -3.206228E-07
 2424   -3.203584E-07
 2425   -3.200943E-07
 2426   -3.198305E-07
 2427   -3.195670E-07
 2428   -3.193039E-07
 2429   -3.190411E-07
 2430   -3.187786E-07
 2431   -3.117665E-07
 2432   -3.115102E-07
 2433   -3.112542E-07
 2434   -3.109986E-07
 2435   -3.107432E-07
 2436   -3.104882E-07
 2437   -3.102335E-07
 2438   -3.099791E-07
 2439   -3.097250E-07
 2440   -3.094712E-07
 2441   -2.847488E-07
 2442   -2.845157E-07
 2443   -2.842828E-07
 2444   -2.840503E-07
 2445   -2.838180E-07
 2446   -2.835861E-07
 2447   -2.833544E-07
 2448   -2.831230E-07
 2449   -2.828919E-07
 2450   -2.826610E-07
 2451   -2.209909E-07
 2452   -2.208107E-07
 2453   -2.206307E-07
 2454   -2.204510E-07
 2455   -2.202715E-07
 2456   -2.200922E-07
 2457   -2.199131E-07
 2458   -2.197342E-07
 2459   -2.195556E-07
 2460   -2.193771E-07
 2461   -1.961106E-07
 2462   -1.959513E-07
 2463   -1.957923E-07
 2464   -1.956334E-07
 2465   -1.954748E-07
 2466   -1.953163E-07
 2467   -1.951580E-07
 2468   -1.949999E-07
 2469   -1.948420E-07
 2470   -1.946843E-07
 2471   -1.827337E-07
 2472   -1.825860E-07
 2473   -1.824384E-07
 2474   -1.822909E-07
 2475   -1.821437E-07
 2476   -1.819966E-07
 2477   -1.818497E-07
 2478   -1.817030E-07
 2479   -1.815565E-07
 2480   -1.814101E-07
 2481   -1.771850E-07
 2482   -1.770423E-07
 2483   -1.768997E-07
 2484   -1.767574E-07
 2485   -1.766152E-07
 2486   -1.764731E-07
 2487   -1.763313E-07
 2488   -1.761896E-07
 2489   -1.760481E-07
 2490   -1.759067E-07
 2491   -1.640085E-07
 2492   -1.638769E-07
 2493   -1.637455E-07
 2494   -1.636143E-07
 2495   -1.634832E-07
 2496   -1.633522E-07
 2497   -1.632214E-07
 2498   -1.630908E-07
 2499   -1.629603E-07
 2500   -1.628300E-07
 2501   -1.381755E-07
 2502   -1.380651E-07
 2503   -1.379548E-07
 2504   -1.378447E-07
 2505   -1.377347E-07
 2506   -1.376248E-07
 2507   -1.375151E-07
 2508   -1.374054E-07
 2509   -1.372960E-07
 2510   -1.371866E-07
 2511   -1.290209E-07
 2512   -1.289183E-07
 2513   -1.288157E-07
 2514   -1.287133E-07
 2515   -1.286109E-07
 2516   -1.285087E-07
 2517   -1.284067E-07
 2518   -1.283047E-07
 2519   -1.282029E-07
 2520   -1.281012E-07
 2521   -1.175734E-07
 2522   -1.174802E-07
 2523   -1.173871E-07
 2524   -1.172941E-07
 2525   -1.172013E-07
 2526   -1.171085E-07
 2527   -1.170159E-07
 2528   -1.169233E-07
 2529   -1.168309E-07
 2530   -1.167386E-07
 2531   -1.185140E-07
 2532   -1.184204E-07
 2533   -1.183269E-07
 2534   -1.182336E-07
 2535   -1.181403E-07
 2536   -1.180472E-07
 2537   -1.179542E-07
 2538   -1.178613E-07
 2539   -1.177685E-07
 2540   -1.176758E-07
 2541   -1.139211E-07
 2542   -1.138315E-07
 2543   -1.137420E-07
 2544   -1.136526E-07
 2545   -1.135634E-07
 2546   -1.134742E-07
 2547   -1.133851E-07
 2548   -1.132961E-07
 2549   -1.132073E-07
 2550   -1.131185E-07
 2551   -1.045832E-07
 2552   -1.045013E-07
 2553   -1.044194E-07
 2554   -1.043377E-07
 2555   -1.042561E-07
 2556   -1.041745E-07
 2557   -1.040931E-07
 2558   -1.040117E-07
 2559   -1.039305E-07
 2560   -1.038493E-07
 2561   -1.011601E-07
 2562   -1.010812E-07
 2563   -1.010024E-07
 2564   -1.009236E-07
 2565   -1.008449E-07
 2566   -1.007664E-07
 2567   -1.006879E-07
 2568   -1.006095E-07
 2569   -1.005312E-07
 2570   -1.004530E-07
 2571   -9.803762E-08
 2572   -9.796142E-08
 2573   -9.788530E-08
 2574   -9.780928E-08
 2575   -9.773334E-08
 2576   -9.765749E-08
 2577   -9.758172E-08
 2578   -9.750605E-08
 2579   -9.743046E-08
 2580   -9.735497E-08
 2581   -1.005863E-07
 2582   -1.005084E-07
 2583   -1.004306E-07
 2584   -1.003529E-07
 2585   -1.002753E-07
 2586   -1.001978E-07
 2587   -1.001203E-07
 2588   -1.000430E-07
 2589   -9.996575E-08
 2590   -9.988859E-08
 2591   -9.976299E-08
 2592   -9.968604E-08
 2593   -9.960918E-08
 2594   -9.953241E-08
 2595   -9.945573E-08
 2596   -9.937914E-08
 2597   -9.930263E-08
 2598   -9.922622E-08
 2599   -9.914989E-08
 2600   -9.907365E-08
 2601   -1.016708E-07
 2602   -1.015927E-07
 2603   -1.015146E-07
 2604   -1.014367E-07
 2605   -1.013589E-07
 2606   -1.012811E-07
 2607   -1.012034E-07
 2608   -1.011258E-07
 2609   -1.010484E-07
 2610   -1.009709E-07
 2611   -1.023091E-07
 2612   -1.022308E-07
 2613   -1.021526E-07
 2614   -1.020745E-07
 2615   -1.019964E-07
 2616   -1.019185E-07
 2617   -1.018406E-07
 2618   -1.017628E-07
 2619   -1.016852E-07
 2620   -1.016076E-07
 2621   -1.027554E-07
 2622   -1.026770E-07
 2623   -1.025988E-07
 2624   -1.025206E-07
 2625   -1.024425E-07
 2626   -1.023645E-07
 2627   -1.022866E-07
 2628   -1.022088E-07
 2629   -1.021311E-07
 2630   -1.020535E-07
 2631   -1.051934E-07
 2632   -1.051135E-07
 2633   -1.050337E-07
 2634   -1.049539E-07
 2635   -1.048743E-07
 2636   -1.047948E-07
 2637   -1.047153E-07
 2638   -1.046360E-07
 2639   -1.045567E-07
 2640   -1.044775E-07
 2641   -1.076737E-07
 2642   -1.075923E-07
 2643   -1.075109E-07
 2644   -1.074296E-07
 2645   -1.073484E-07
 2646   -1.072673E-07
 2647   -1.071863E-07
 2648   -1.071053E-07
 2649   -1.070245E-07
 2650   -1.069438E-07
 2651   -1.162424E-07
 2652   -1.161547E-07
 2653   -1.160672E-07
 2654   -1.159798E-07
 2655   -1.158924E-07
 2656   -1.158052E-07
 2657   -1.157181E-07
 2658   -1.156310E-07
 2659   -1.155441E-07
 2660   -1.154572E-07
 2661   -1.200256E-07
 2662   -1.199355E-07
 2663   -1.198454E-07
 2664   -1.197555E-07
 2665   -1.196657E-07
 2666   -1.195759E-07
 2667   -1.194863E-07
 2668   -1.193968E-07
 2669   -1.193073E-07
 2670   -1.192180E-07
 2671   -1.219362E-07
 2672   -1.218449E-07
 2673   -1.217538E-07
 2674   -1.216628E-07
 2675   -1.215718E-07
 2676   -1.214810E-07
 2677   -1.213903E-07
 2678   -1.212997E-07
 2679   -1.212091E-07
 2680   -1.211187E-07
 2681   -1.242683E-07
 2682   -1.241757E-07
 2683   -1.240831E-07
 2684   -1.239907E-07
 2685   -1.238984E-07
 2686   -1.238062E-07
 2687   -1.237141E-07
 2688   -1.236220E-07
 2689   -1.235301E-07
 2690   -1.234383E-07
 2691   -1.291157E-07
 2692   -1.290198E-07
 2693   -1.289241E-07
 2694   -1.288284E-07
 2695   -1.287328E-07
 2696   -1.286373E-07
 2697   -1.285420E-07
 2698   -1.284467E-07
 2699   -1.283516E-07
 2700   -1.282566E-07
 2701   -1.379450E-07
 2702   -1.378430E-07
 2703   -1.377410E-07
 2704   -1.376392E-07
 2705   -1.375375E-07
 2706   -1.374358E-07
 2707   -1.373343E-07
 2708   -1.372329E-07
 2709   -1.371317E-07
 2710   -1.370305E-07
 2711   -1.437761E-07
 2712   -1.436701E-07
 2713   -1.435642E-07
 2714   -1.434585E-07
 2715   -1.433528E-07
 2716   -1.432473E-07
 2717   -1.431419E-07
 2718   -1.430366E-07
 2719   -1.429314E-07
 2720   -1.428264E-07
 2721   -1.460712E-07
 2722   -1.459639E-07
 2723   -1.458567E-07
 2724   -1.457497E-07
 2725   -1.456428E-07
 2726   -1.455359E-07
 2727   -1.454293E-07
 2728   -1.453227E-07
 2729   -1.452162E-07
 2730   -1.451099E-07
 2731   -1.462161E-07
 2732   -1.461091E-07
 2733   -1.460022E-07
 2734   -1.458954E-07
 2735   -1.457888E-07
 2736   -1.456822E-07
 2737   -1.455758E-07
 2738   -1.454695E-07
 2739   -1.453633E-07
 2740   -1.452573E-07
 2741   -1.506626E-07
 2742   -1.505528E-07
 2743   -1.504430E-07
 2744   -1.503334E-07
 2745   -1.502239E-07
 2746   -1.501146E-07
 2747   -1.500053E-07
 2748   -1.498962E-07
 2749   -1.497872E-07
 2750   -1.496783E-07
 2751   -1.610396E-07
 2752   -1.609226E-07
 2753   -1.608057E-07
 2754   -1.606890E-07
 2755   -1.605724E-07
 2756   -1.604559E-07
 2757   -1.603395E-07
 2758   -1.602233E-07
 2759   -1.601072E-07
 2760   -1.599912E-07
 2761   -1.620549E-07
 2762   -1.619376E-07
 2763   -1.618204E-07
 2764   -1.617033E-07
 2765   -1.615864E-07
 2766   -1.614696E-07
 2767   -1.613530E-07
 2768   -1.612364E-07
 2769   -1.611200E-07
 2770   -1.610037E-07
 2771   -1.683653E-07
 2772   -1.682438E-07
 2773   -1.681225E-07
 2774   -1.680014E-07
 2775   -1.678803E-07
 2776   -1.677594E-07
 2777   -1.676386E-07
 2778   -1.675180E-07
 2779   -1.673975E-07
 2780   -1.672771E-07
 2781   -1.648310E-07
 2782   -1.647125E-07
 2783   -1.645942E-07
 2784   -1.644760E-07
 2785   -1.643579E-07
 2786   -1.642400E-07
 2787   -1.641221E-07
 2788   -1.640045E-07
 2789   -1.638869E-07
 2790   -1.637695E-07
 2791   -1.694190E-07
 2792   -1.692977E-07
 2793   -1.691765E-07
 2794   -1.690554E-07
 2795   -1.689345E-07
 2796   -1.688137E-07
 2797   -1.686930E-07
 2798   -1.685725E-07
 2799   -1.684521E-07
 2800   -1.683318E-07
 2801   -1.773003E-07
 2802   -1.771738E-07
 2803   -1.770474E-07
 2804   -1.769212E-07
 2805   -1.767950E-07
 2806   -1.766691E-07
 2807   -1.765432E-07
 2808   -1.764176E-07
 2809   -1.762920E-07
 2810   -1.761666E-07
 2811   -1.760528E-07
 2812   -1.759277E-07
 2813   -1.758026E-07
 2814   -1.756777E-07
 2815   -1.755530E-07
 2816   -1.754283E-07
 2817   -1.753038E-07
 2818   -1.751794E-07
 2819   -1.750552E-07
 2820   -1.749311E-07
 2821   -1.828982E-07
 2822   -1.827686E-07
 2823   -1.826392E-07
 2824   -1.825099E-07
 2825   -1.823807E-07
 2826   -1.822517E-07
 2827   -1.821228E-07
 2828   -1.819941E-07
 2829   -1.818654E-07
 2830   -1.817370E-07
 2831   -1.766464E-07
 2832   -1.765217E-07
 2833   -1.763971E-07
 2834   -1.762727E-07
 2835   -1.761484E-07
 2836   -1.760242E-07
 2837   -1.759002E-07
 2838   -1.757762E-07
 2839   -1.756525E-07
 2840   -1.755288E-07
 2841   -1.796858E-07
 2842   -1.795594E-07
 2843   -1.794331E-07
 2844   -1.793070E-07
 2845   -1.791810E-07
 2846   -1.790551E-07
 2847   -1.789294E-07
 2848   -1.788038E-07
 2849   -1.786783E-07
 2850   -1.785530E-07
 2851   -1.819238E-07
 2852   -1.817963E-07
 2853   -1.816689E-07
 2854   -1.815417E-07
 2855   -1.814145E-07
 2856   -1.812875E-07
 2857   -1.811607E-07
 2858   -1.810339E-07
 2859   -1.809073E-07
 2860   -1.807809E-07
 2861   -1.771122E-07
 2862   -1.769884E-07
 2863   -1.768648E-07
 2864   -1.767414E-07
 2865   -1.766180E-07
 2866   -1.764948E-07
 2867   -1.763718E-07
 2868   -1.762488E-07
 2869   -1.761260E-07
 2870   -1.760033E-07
 2871   -1.838302E-07
 2872   -1.837022E-07
 2873   -1.835744E-07
 2874   -1.834466E-07
 2875   -1.833191E-07
 2876   -1.831916E-07
 2877   -1.830643E-07
 2878   -1.829372E-07
 2879   -1.828101E-07
 2880   -1.826832E-07
 2881   -1.789416E-07
 2882   -1.788175E-07
 2883   -1.786935E-07
 2884   -1.785696E-07
 2885   -1.784458E-07
 2886   -1.783222E-07
 2887   -1.781987E-07
 2888   -1.780754E-07
 2889   -1.779521E-07
 2890   -1.778290E-07
 2891   -1.815249E-07
 2892   -1.813994E-07
 2893   -1.812740E-07
 2894   -1.811488E-07
 2895   -1.810237E-07
 2896   -1.808987E-07
 2897   -1.807739E-07
 2898   -1.806492E-07
 2899   -1.805246E-07
 2900   -1.804001E-07
 2901   -1.807765E-07
 2902   -1.806520E-07
 2903   -1.805275E-07
 2904   -1.804033E-07
 2905   -1.802791E-07
 2906   -1.801551E-07
 2907   -1.800312E-07
 2908   -1.799074E-07
 2909   -1.797837E-07
 2910   -1.796602E-07
 2911   -1.769613E-07
 2912   -1.768398E-07
 2913   -1.767184E-07
 2914   -1.765972E-07
 2915   -1.764760E-07
 2916   -1.763550E-07
 2917   -1.762342E-07
 2918   -1.761134E-07
 2919   -1.759928E-07
 2920   -1.758723E-07
 2921   -1.843042E-07
 2922   -1.841781E-07
 2923   -1.840521E-07
 2924   -1.839263E-07
 2925   -1.838006E-07
 2926   -1.836750E-07
 2927   -1.835495E-07
 2928   -1.834242E-07
 2929   -1.832990E-07
 2930   -1.831739E-07
 2931   -1.765221E-07
 2932   -1.764017E-07
 2933   -1.762815E-07
 2934   -1.761613E-07
 2935   -1.760413E-07
 2936   -1.759215E-07
 2937   -1.758017E-07
 2938   -1.756821E-07
 2939   -1.755626E-07
 2940   -1.754432E-07
 2941   -1.789126E-07
 2942   -1.787910E-07
 2943   -1.786695E-07
 2944   -1.785482E-07
 2945   -1.784270E-07
 2946   -1.783059E-07
 2947   -1.781849E-07
 2948   -1.780641E-07
 2949   -1.779434E-07
 2950   -1.778228E-07
 2951   -1.727989E-07
 2952   -1.726819E-07
 2953   -1.725650E-07
 2954   -1.724482E-07
 2955   -1.723315E-07
 2956   -1.722150E-07
 2957   -1.720985E-07
 2958   -1.719822E-07
 2959   -1.718660E-07
 2960   -1.717499E-07
 2961   -1.697580E-07
 2962   -1.696434E-07
 2963   -1.695289E-07
 2964   -1.694146E-07
 2965   -1.693003E-07
 2966   -1.691862E-07
 2967   -1.690722E-07
 2968   -1.689583E-07
 2969   -1.688445E-07
 2970   -1.687309E-07
 2971   -1.726575E-07
 2972   -1.725414E-07
 2973   -1.724254E-07
 2974   -1.723094E-07
 2975   -1.721936E-07
 2976   -1.720780E-07
 2977   -1.719624E-07
 2978   -1.718469E-07
 2979   -1.717316E-07
 2980   -1.716164E-07
 2981   -1.666818E-07
 2982   -1.665701E-07
 2983   -1.664584E-07
 2984   -1.663469E-07
 2985   -1.662355E-07
 2986   -1.661242E-07
 2987   -1.660130E-07
 2988   -1.659019E-07
 2989   -1.657909E-07
 2990   -1.656801E-07
 2991   -1.660854E-07
 2992   -1.659744E-07
 2993   -1.658635E-07
 2994   -1.657528E-07
 2995   -1.656421E-07
 2996   -1.655316E-07
 2997   -1.654212E-07
 2998   -1.653108E-07
 2999   -1.652006E-07
 3000   -1.650905E-07
 3001   -1.571877E-07
 3002   -1.570830E-07
 3003   -1.569784E-07
 3004   -1.568739E-07
 3005   -1.567696E-07
 3006   -1.566653E-07
 3007   -1.565611E-07
 3008   -1.564571E-07
 3009   -1.563531E-07
 3010   -1.562493E-07
 3011   -1.512068E-07
 3012   -1.511064E-07
 3013   -1.510061E-07
 3014   -1.509060E-07
 3015   -1.508059E-07
 3016   -1.507059E-07
 3017   -1.506060E-07
 3018   -1.505063E-07
 3019   -1.504066E-07
 3020   -1.503070E-07
 3021   -1.535733E-07
 3022   -1.534717E-07
 3023   -1.533702E-07
 3024   -1.532688E-07
 3025   -1.531675E-07
 3026   -1.530663E-07
 3027   -1.529652E-07
 3028   -1.528642E-07
 3029   -1.527633E-07
 3030   -1.526625E-07
 3031   -1.480710E-07
 3032   -1.479734E-07
 3033   -1.478758E-07
 3034   -1.477784E-07
 3035   -1.476810E-07
 3036   -1.475838E-07
 3037   -1.474866E-07
 3038   -1.473895E-07
 3039   -1.472926E-07
 3040   -1.471957E-07
 3041   -1.495015E-07
 3042   -1.494033E-07
 3043   -1.493051E-07
 3044   -1.492071E-07
 3045   -1.491091E-07
 3046   -1.490112E-07
 3047   -1.489134E-07
 3048   -1.488158E-07
 3049   -1.487182E-07
 3050   -1.486207E-07
 3051   -1.464757E-07
 3052   -1.463798E-07
 3053   -1.462839E-07
 3054   -1.461881E-07
 3055   -1.460925E-07
 3056   -1.459969E-07
 3057   -1.459014E-07
 3058   -1.458060E-07
 3059   -1.457107E-07
 3060   -1.456155E-07
 3061   -1.435854E-07
 3062   -1.434917E-07
 3063   -1.433980E-07
 3064   -1.433044E-07
 3065   -1.432110E-07
 3066   -1.431176E-07
 3067   -1.430243E-07
 3068   -1.429311E-07
 3069   -1.428379E-07
 3070   -1.427449E-07
 3071   -1.424240E-07
 3072   -1.423313E-07
 3073   -1.422387E-07
 3074   -1.421462E-07
 3075   -1.420538E-07
 3076   -1.419615E-07
 3077   -1.418692E-07
 3078   -1.417771E-07
 3079   -1.416850E-07
 3080   -1.415930E-07
 3081   -1.289125E-07
 3082   -1.288289E-07
 3083   -1.287453E-07
 3084   -1.286619E-07
 3085   -1.285785E-07
 3086   -1.284952E-07
 3087   -1.284120E-07
 3088   -1.283288E-07
 3089   -1.282458E-07
 3090   -1.281628E-07
 3091   -1.008186E-07
 3092   -1.007534E-07
 3093   -1.006883E-07
 3094   -1.006232E-07
 3095   -1.005582E-07
 3096   -1.004933E-07
 3097   -1.004284E-07
 3098   -1.003636E-07
 3099   -1.002988E-07
 3100   -1.002341E-07
 3101   -4.498531E-08
 3102   -4.495632E-08
 3103   -4.492735E-08
 3104   -4.489841E-08
 3105   -4.486950E-08
 3106   -4.484062E-08
 3107   -4.481176E-08
 3108   -4.478294E-08
 3109   -4.475414E-08
 3110   -4.472537E-08
 3111   -1.384174E-08
 3112   -1.383285E-08
 3113   -1.382396E-08
 3114   -1.381509E-08
 3115   -1.380622E-08
 3116   -1.379736E-08
 3117   -1.378851E-08
 3118   -1.377967E-08
 3119   -1.377084E-08
 3120   -1.376201E-08
 3121   -4.170300E-09
 3122   -4.167629E-09
 3123   -4.164961E-09
 3124   -4.162296E-09
 3125   -4.159633E-09
 3126   -4.156972E-09
 3127   -4.154314E-09
 3128   -4.151659E-09
 3129   -4.149006E-09
 3130   -4.146356E-09
 3131   -2.006092E-09
 3132   -2.004811E-09
 3133   -2.003532E-09
 3134   -2.002253E-09
 3135   -2.000976E-09
 3136   -1.999701E-09
 3137   -1.998426E-09
 3138   -1.997153E-09
 3139   -1.995881E-09
 3140   -1.994610E-09
 3141   -6.036317E-10
 3142   -6.032476E-10
 3143   -6.028638E-10
 3144   -6.024805E-10
 3145   -6.020974E-10
 3146   -6.017148E-10
 3147   -6.013325E-10
 3148   -6.009506E-10
 3149   -6.005690E-10
 3150   -6.001878E-10
 3151    5.826681E-10
 3152    5.822985E-10
 3153    5.819293E-10
 3154    5.815604E-10
 3155    5.811918E-10
 3156    5.808236E-10
 3157    5.804558E-10
 3158    5.800883E-10
 3159    5.797212E-10
 3160    5.793544E-10
 3161    1.072663E-09
 3162    1.071985E-09
 3163    1.071307E-09
 3164    1.070630E-09
 3165    1.069954E-09
 3166    1.069278E-09
 3167    1.068603E-09
 3168    1.067929E-09
 3169    1.067255E-09
 3170    1.066582E-09
 3171    1.300335E-09
 3172    1.299515E-09
 3173    1.298696E-09
 3174    1.297878E-09
 3175    1.297061E-09
 3176    1.296244E-09
 3177    1.295428E-09
 3178    1.294613E-09
 3179    1.293799E-09
 3180    1.292986E-09
 3181    1.560135E-09
 3182    1.559155E-09
 3183    1.558175E-09
 3184    1.557197E-09
 3185    1.556219E-09
 3186    1.555243E-09
 3187    1.554267E-09
 3188    1.553292E-09
 3189    1.552318E-09
 3190    1.551345E-09
 3191    1.704840E-09
 3192    1.703772E-09
 3193    1.702705E-09
 3194    1.701639E-09
 3195    1.700574E-09
 3196    1.699510E-09
 3197    1.698448E-09
 3198    1.697386E-09
 3199    1.696325E-09
 3200    1.695265E-09
 3201    1.695765E-09
 3202    1.694706E-09
 3203    1.693648E-09
 3204    1.692591E-09
 3205    1.691535E-09
 3206    1.690480E-09
 3207    1.689426E-09
 3208    1.688374E-09
 3209    1.687322E-09
 3210    1.686271E-09
 3211    1.745275E-09
 3212    1.744189E-09
 3213    1.743103E-09
 3214    1.742019E-09
 3215    1.740936E-09
 3216    1.739853E-09
 3217    1.738772E-09
 3218    1.737692E-09
 3219    1.736612E-09
 3220    1.735534E-09
 3221    1.769661E-09
 3222    1.768562E-09
 3223    1.767465E-09
 3224    1.766369E-09
 3225    1.765274E-09
 3226    1.764180E-09
 3227    1.763087E-09
 3228    1.761995E-09
 3229    1.760904E-09
 3230    1.759814E-09
 3231    1.708839E-09
 3232    1.707781E-09
 3233    1.706725E-09
 3234    1.705670E-09
 3235    1.704616E-09
 3236    1.703563E-09
 3237    1.702511E-09
 3238    1.701459E-09
 3239    1.700409E-09
 3240    1.699360E-09
 3241    1.622152E-09
 3242    1.621152E-09
 3243    1.620152E-09
 3244    1.619154E-09
 3245    1.618156E-09
 3246    1.617160E-09
 3247    1.616164E-09
 3248    1.615169E-09
 3249    1.614175E-09
 3250    1.613182E-09
 3251    1.545835E-09
 3252    1.544884E-09
 3253    1.543935E-09
 3254    1.542986E-09
 3255    1.542038E-09
 3256    1.541092E-09
 3257    1.540146E-09
 3258    1.539200E-09
 3259    1.538256E-09
 3260    1.537313E-09
 3261    1.486409E-09
 3262    1.485498E-09
 3263    1.484587E-09
 3264    1.483678E-09
 3265    1.482769E-09
 3266    1.481862E-09
 3267    1.480955E-09
 3268    1.480049E-09
 3269    1.479143E-09
 3270    1.478239E-09
 3271    1.363703E-09
 3272    1.362870E-09
 3273    1.362037E-09
 3274    1.361206E-09
 3275    1.360375E-09
 3276    1.359544E-09
 3277    1.358715E-09
 3278    1.357886E-09
 3279    1.357058E-09
 3280    1.356231E-09
 3281    1.328636E-09
 3282    1.327826E-09
 3283    1.327017E-09
 3284    1.326210E-09
 3285    1.325402E-09
 3286    1.324596E-09
 3287    1.323790E-09
 3288    1.322985E-09
 3289    1.322181E-09
 3290    1.321377E-09
 3291    1.220321E-09
 3292    1.219580E-09
 3293    1.218840E-09
 3294    1.218100E-09
 3295    1.217361E-09
 3296    1.216622E-09
 3297    1.215884E-09
 3298    1.215147E-09
 3299    1.214411E-09
 3300    1.213675E-09
