   50    0.000000E+00
   51    0.000000E+00
   52    0.000000E+00
   53    0.000000E+00
   54    0.000000E+00
   55    0.000000E+00
   56    0.000000E+00
   57    0.000000E+00
   58    0.000000E+00
   59    0.000000E+00
   60    0.000000E+00
   61    0.000000E+00
   62    0.000000E+00
   63    0.000000E+00
   64    0.000000E+00
   65    0.000000E+00
   66    0.000000E+00
   67    0.000000E+00
   68    0.000000E+00
   69    0.000000E+00
   70    0.000000E+00
   71    0.000000E+00
   72    0.000000E+00
   73    0.000000E+00
   74    0.000000E+00
   75    0.000000E+00
   76    0.000000E+00
   77    0.000000E+00
   78    0.000000E+00
   79    0.000000E+00
   80    0.000000E+00
   81    0.000000E+00
   82    0.000000E+00
   83    0.000000E+00
   84    0.000000E+00
   85    0.000000E+00
   86    0.000000E+00
   87    0.000000E+00
   88    0.000000E+00
   89    0.000000E+00
   90    0.000000E+00
   91    0.000000E+00
   92    0.000000E+00
   93    0.000000E+00
   94    0.000000E+00
   95    0.000000E+00
   96    0.000000E+00
   97    0.000000E+00
   98    0.000000E+00
   99    0.000000E+00
  100    0.000000E+00
  101    0.000000E+00
  102    0.000000E+00
  103    0.000000E+00
  104    0.000000E+00
  105    0.000000E+00
  106    0.000000E+00
  107    0.000000E+00
  108    0.000000E+00
  109    0.000000E+00
  110    0.000000E+00
  111    0.000000E+00
  112    0.000000E+00
  113    0.000000E+00
  114    0.000000E+00
  115    0.000000E+00
  116    0.000000E+00
  117    0.000000E+00
  118    0.000000E+00
  119    0.000000E+00
  120    0.000000E+00
  121    0.000000E+00
  122    0.000000E+00
  123    0.000000E+00
  124    0.000000E+00
  125    0.000000E+00
  126    0.000000E+00
  127    0.000000E+00
  128    0.000000E+00
  129    0.000000E+00
  130    0.000000E+00
  131    0.000000E+00
  132    0.000000E+00
  133    0.000000E+00
  134    0.000000E+00
  135    0.000000E+00
  136    0.000000E+00
  137    0.000000E+00
  138    0.000000E+00
  139    0.000000E+00
  140    0.000000E+00
  141    0.000000E+00
  142    0.000000E+00
  143    0.000000E+00
  144    0.000000E+00
  145    0.000000E+00
  146    0.000000E+00
  147    0.000000E+00
  148    0.000000E+00
  149    0.000000E+00
  150    0.000000E+00
  151    0.000000E+00
  152    0.000000E+00
  153    0.000000E+00
  154    0.000000E+00
  155    0.000000E+00
  156    0.000000E+00
  157    0.000000E+00
  158    0.000000E+00
  159    0.000000E+00
  160    0.000000E+00
  161    0.000000E+00
  162    0.000000E+00
  163    0.000000E+00
  164    0.000000E+00
  165    0.000000E+00
  166    0.000000E+00
  167    0.000000E+00
  168    0.000000E+00
  169    0.000000E+00
  170    0.000000E+00
  171    0.000000E+00
  172    0.000000E+00
  173    0.000000E+00
  174    0.000000E+00
  175    0.000000E+00
  176    0.000000E+00
  177    0.000000E+00
  178    0.000000E+00
  179    0.000000E+00
  180    0.000000E+00
  181    1.974248E-12
  182    1.952671E-12
  183    1.931446E-12
  184    1.910566E-12
  185    1.890022E-12
  186    1.869808E-12
  187    1.849916E-12
  188    1.830341E-12
  189    1.811074E-12
  190    1.792110E-12
  191    4.602581E-12
  192    4.554886E-12
  193    4.507928E-12
  194    4.461693E-12
  195    4.416166E-12
  196    4.371332E-12
  197    4.327177E-12
  198    4.283688E-12
  199    4.240851E-12
  200    4.198653E-12
  201    8.691536E-11
  202    8.605905E-11
  203    8.521533E-11
  204    8.438396E-11
  205    8.356470E-11
  206    8.275731E-11
  207    8.196157E-11
  208    8.117725E-11
  209    8.040413E-11
  210    7.964201E-11
  211    1.222589E-10
  212    1.211109E-10
  213    1.199791E-10
  214    1.188630E-10
  215    1.177624E-10
  216    1.166770E-10
  217    1.156066E-10
  218    1.145508E-10
  219    1.135095E-10
  220    1.124822E-10
  221    2.124885E-10
  222    2.105828E-10
  223    2.087026E-10
  224    2.068474E-10
  225    2.050169E-10
  226    2.032106E-10
  227    2.014281E-10
  228    1.996689E-10
  229    1.979326E-10
  230    1.962189E-10
  231    4.784214E-10
  232    4.743148E-10
  233    4.702608E-10
  234    4.662586E-10
  235    4.623073E-10
  236    4.584059E-10
  237    4.545538E-10
  238    4.507500E-10
  239    4.469937E-10
  240    4.432842E-10
  241    4.498202E-10
  242    4.461180E-10
  243    4.424613E-10
  244    4.388494E-10
  245    4.352815E-10
  246    4.317569E-10
  247    4.282750E-10
  248    4.248351E-10
  249    4.214364E-10
  250    4.180783E-10
  251    9.752594E-10
  252    9.675499E-10
  253    9.599314E-10
  254    9.524025E-10
  255    9.449619E-10
  256    9.376081E-10
  257    9.303398E-10
  258    9.231557E-10
  259    9.160545E-10
  260    9.090349E-10
  261    1.065323E-09
  262    1.057221E-09
  263    1.049212E-09
  264    1.041294E-09
  265    1.033464E-09
  266    1.025723E-09
  267    1.018068E-09
  268    1.010499E-09
  269    1.003014E-09
  270    9.956116E-10
  271    1.459698E-09
  272    1.449004E-09
  273    1.438428E-09
  274    1.427966E-09
  275    1.417619E-09
  276    1.407383E-09
  277    1.397258E-09
  278    1.387242E-09
  279    1.377333E-09
  280    1.367530E-09
  281    1.743036E-09
  282    1.730718E-09
  283    1.718530E-09
  284    1.706470E-09
  285    1.694536E-09
  286    1.682728E-09
  287    1.671042E-09
  288    1.659478E-09
  289    1.648033E-09
  290    1.636706E-09
  291    2.209374E-09
  292    2.194293E-09
  293    2.179366E-09
  294    2.164590E-09
  295    2.149965E-09
  296    2.135487E-09
  297    2.121155E-09
  298    2.106966E-09
  299    2.092920E-09
  300    2.079013E-09
  301    2.791672E-09
  302    2.773245E-09
  303    2.755000E-09
  304    2.736934E-09
  305    2.719046E-09
  306    2.701332E-09
  307    2.683791E-09
  308    2.666420E-09
  309    2.649218E-09
  310    2.632181E-09
  311    3.196020E-09
  312    3.175598E-09
  313    3.155372E-09
  314    3.135337E-09
  315    3.115494E-09
  316    3.095837E-09
  317    3.076367E-09
  318    3.057079E-09
  319    3.037972E-09
  320    3.019044E-09
  321    3.831485E-09
  322    3.807761E-09
  323    3.784256E-09
  324    3.760968E-09
  325    3.737895E-09
  326    3.715033E-09
  327    3.692380E-09
  328    3.669934E-09
  329    3.647692E-09
  330    3.625652E-09
  331    4.613964E-09
  332    4.586253E-09
  333    4.558790E-09
  334    4.531574E-09
  335    4.504600E-09
  336    4.477866E-09
  337    4.451370E-09
  338    4.425108E-09
  339    4.399078E-09
  340    4.373277E-09
  341    5.349338E-09
  342    5.318146E-09
  343    5.287227E-09
  344    5.256576E-09
  345    5.226191E-09
  346    5.196069E-09
  347    5.166207E-09
  348    5.136601E-09
  349    5.107249E-09
  350    5.078148E-09
  351    5.909362E-09
  352    5.875881E-09
  353    5.842684E-09
  354    5.809767E-09
  355    5.777128E-09
  356    5.744763E-09
  357    5.712669E-09
  358    5.680844E-09
  359    5.649284E-09
  360    5.617986E-09
  361    7.526750E-09
  362    7.485280E-09
  363    7.444152E-09
  364    7.403362E-09
  365    7.362907E-09
  366    7.322782E-09
  367    7.282984E-09
  368    7.243510E-09
  369    7.204356E-09
  370    7.165518E-09
  371    7.932646E-09
  372    7.890112E-09
  373    7.847919E-09
  374    7.806063E-09
  375    7.764541E-09
  376    7.723350E-09
  377    7.682486E-09
  378    7.641945E-09
  379    7.601724E-09
  380    7.561820E-09
  381    9.456107E-09
  382    9.406728E-09
  383    9.357734E-09
  384    9.309123E-09
  385    9.260889E-09
  386    9.213029E-09
  387    9.165539E-09
  388    9.118416E-09
  389    9.071655E-09
  390    9.025252E-09
  391    1.098063E-08
  392    1.092475E-08
  393    1.086929E-08
  394    1.081426E-08
  395    1.075964E-08
  396    1.070543E-08
  397    1.065164E-08
  398    1.059825E-08
  399    1.054526E-08
  400    1.049266E-08
  401    1.100914E-08
  402    1.095450E-08
  403    1.090027E-08
  404    1.084644E-08
  405    1.079301E-08
  406    1.073997E-08
  407    1.068733E-08
  408    1.063507E-08
  409    1.058319E-08
  410    1.053169E-08
  411    1.402580E-08
  412    1.395787E-08
  413    1.389045E-08
  414    1.382350E-08
  415    1.375704E-08
  416    1.369106E-08
  417    1.362556E-08
  418    1.356052E-08
  419    1.349594E-08
  420    1.343183E-08
  421    1.376112E-08
  422    1.369606E-08
  423    1.363145E-08
  424    1.356730E-08
  425    1.350361E-08
  426    1.344036E-08
  427    1.337755E-08
  428    1.331519E-08
  429    1.325326E-08
  430    1.319176E-08
  431    1.730424E-08
  432    1.722432E-08
  433    1.714494E-08
  434    1.706612E-08
  435    1.698783E-08
  436    1.691008E-08
  437    1.683287E-08
  438    1.675618E-08
  439    1.668002E-08
  440    1.660437E-08
  441    1.847857E-08
  442    1.839515E-08
  443    1.831228E-08
  444    1.822998E-08
  445    1.814823E-08
  446    1.806703E-08
  447    1.798638E-08
  448    1.790626E-08
  449    1.782668E-08
  450    1.774762E-08
  451    1.968385E-08
  452    1.959695E-08
  453    1.951062E-08
  454    1.942486E-08
  455    1.933966E-08
  456    1.925502E-08
  457    1.917094E-08
  458    1.908741E-08
  459    1.900442E-08
  460    1.892197E-08
  461    2.315672E-08
  462    2.305669E-08
  463    2.295731E-08
  464    2.285856E-08
  465    2.276046E-08
  466    2.266298E-08
  467    2.256613E-08
  468    2.246990E-08
  469    2.237429E-08
  470    2.227928E-08
  471    2.318830E-08
  472    2.309026E-08
  473    2.299283E-08
  474    2.289602E-08
  475    2.279982E-08
  476    2.270422E-08
  477    2.260922E-08
  478    2.251482E-08
  479    2.242101E-08
  480    2.232778E-08
  481    2.873538E-08
  482    2.861639E-08
  483    2.849814E-08
  484    2.838062E-08
  485    2.826383E-08
  486    2.814775E-08
  487    2.803239E-08
  488    2.791774E-08
  489    2.780379E-08
  490    2.769054E-08
  491    2.802014E-08
  492    2.790646E-08
  493    2.779348E-08
  494    2.768118E-08
  495    2.756957E-08
  496    2.745862E-08
  497    2.734835E-08
  498    2.723873E-08
  499    2.712978E-08
  500    2.702148E-08
  501    3.130792E-08
  502    3.118344E-08
  503    3.105969E-08
  504    3.093668E-08
  505    3.081441E-08
  506    3.069285E-08
  507    3.057201E-08
  508    3.045189E-08
  509    3.033247E-08
  510    3.021375E-08
  511    3.553835E-08
  512    3.539980E-08
  513    3.526206E-08
  514    3.512512E-08
  515    3.498898E-08
  516    3.485362E-08
  517    3.471905E-08
  518    3.458526E-08
  519    3.445224E-08
  520    3.431999E-08
  521    3.594490E-08
  522    3.580744E-08
  523    3.567077E-08
  524    3.553489E-08
  525    3.539977E-08
  526    3.526543E-08
  527    3.513185E-08
  528    3.499902E-08
  529    3.486695E-08
  530    3.473562E-08
  531    4.259172E-08
  532    4.243190E-08
  533    4.227298E-08
  534    4.211495E-08
  535    4.195780E-08
  536    4.180154E-08
  537    4.164614E-08
  538    4.149161E-08
  539    4.133794E-08
  540    4.118512E-08
  541    4.170981E-08
  542    4.155618E-08
  543    4.140340E-08
  544    4.125146E-08
  545    4.110036E-08
  546    4.095008E-08
  547    4.080063E-08
  548    4.065199E-08
  549    4.050417E-08
  550    4.035715E-08
  551    4.853741E-08
  552    4.836187E-08
  553    4.818727E-08
  554    4.801363E-08
  555    4.784091E-08
  556    4.766913E-08
  557    4.749828E-08
  558    4.732834E-08
  559    4.715931E-08
  560    4.699118E-08
  561    5.096651E-08
  562    5.078546E-08
  563    5.060537E-08
  564    5.042624E-08
  565    5.024805E-08
  566    5.007081E-08
  567    4.989450E-08
  568    4.971913E-08
  569    4.954468E-08
  570    4.937114E-08
  571    5.312396E-08
  572    5.293854E-08
  573    5.275408E-08
  574    5.257059E-08
  575    5.238805E-08
  576    5.220646E-08
  577    5.202582E-08
  578    5.184611E-08
  579    5.166733E-08
  580    5.148947E-08
  581    5.848640E-08
  582    5.828576E-08
  583    5.808615E-08
  584    5.788757E-08
  585    5.769000E-08
  586    5.749344E-08
  587    5.729788E-08
  588    5.710332E-08
  589    5.690975E-08
  590    5.671717E-08
  591    6.183733E-08
  592    6.162878E-08
  593    6.142127E-08
  594    6.121481E-08
  595    6.100940E-08
  596    6.080501E-08
  597    6.060165E-08
  598    6.039931E-08
  599    6.019797E-08
  600    5.999765E-08
  601    6.741297E-08
  602    6.718938E-08
  603    6.696690E-08
  604    6.674552E-08
  605    6.652524E-08
  606    6.630604E-08
  607    6.608793E-08
  608    6.587089E-08
  609    6.565492E-08
  610    6.544001E-08
  611    6.801305E-08
  612    6.779114E-08
  613    6.757033E-08
  614    6.735059E-08
  615    6.713192E-08
  616    6.691431E-08
  617    6.669776E-08
  618    6.648225E-08
  619    6.626780E-08
  620    6.605437E-08
  621    7.617436E-08
  622    7.592982E-08
  623    7.568645E-08
  624    7.544426E-08
  625    7.520322E-08
  626    7.496334E-08
  627    7.472460E-08
  628    7.448700E-08
  629    7.425054E-08
  630    7.401520E-08
  631    7.818825E-08
  632    7.794121E-08
  633    7.769534E-08
  634    7.745063E-08
  635    7.720707E-08
  636    7.696466E-08
  637    7.672340E-08
  638    7.648326E-08
  639    7.624425E-08
  640    7.600636E-08
  641    8.228043E-08
  642    8.202450E-08
  643    8.176977E-08
  644    8.151622E-08
  645    8.126385E-08
  646    8.101264E-08
  647    8.076260E-08
  648    8.051372E-08
  649    8.026599E-08
  650    8.001939E-08
  651    8.913720E-08
  652    8.886420E-08
  653    8.859244E-08
  654    8.832193E-08
  655    8.805265E-08
  656    8.778461E-08
  657    8.751779E-08
  658    8.725218E-08
  659    8.698778E-08
  660    8.672458E-08
  661    9.024489E-08
  662    8.997266E-08
  663    8.970165E-08
  664    8.943187E-08
  665    8.916331E-08
  666    8.889595E-08
  667    8.862980E-08
  668    8.836484E-08
  669    8.810106E-08
  670    8.783846E-08
  671    9.935052E-08
  672    9.905527E-08
  673    9.876134E-08
  674    9.846872E-08
  675    9.817739E-08
  676    9.788735E-08
  677    9.759860E-08
  678    9.731112E-08
  679    9.702491E-08
  680    9.673996E-08
  681    9.970437E-08
  682    9.941241E-08
  683    9.912173E-08
  684    9.883233E-08
  685    9.854419E-08
  686    9.825730E-08
  687    9.797167E-08
  688    9.768728E-08
  689    9.740413E-08
  690    9.712221E-08
  691    1.046982E-07
  692    1.043960E-07
  693    1.040952E-07
  694    1.037956E-07
  695    1.034973E-07
  696    1.032004E-07
  697    1.029047E-07
  698    1.026102E-07
  699    1.023171E-07
  700    1.020251E-07
  701    1.090723E-07
  702    1.087620E-07
  703    1.084530E-07
  704    1.081453E-07
  705    1.078389E-07
  706    1.075339E-07
  707    1.072301E-07
  708    1.069276E-07
  709    1.066264E-07
  710    1.063265E-07
  711    1.120634E-07
  712    1.117490E-07
  713    1.114360E-07
  714    1.111243E-07
  715    1.108139E-07
  716    1.105048E-07
  717    1.101970E-07
  718    1.098904E-07
  719    1.095852E-07
  720    1.092812E-07
  721    1.197737E-07
  722    1.194424E-07
  723    1.191125E-07
  724    1.187839E-07
  725    1.184566E-07
  726    1.181308E-07
  727    1.178062E-07
  728    1.174830E-07
  729    1.171612E-07
  730    1.168406E-07
  731    1.200644E-07
  732    1.197368E-07
  733    1.194106E-07
  734    1.190856E-07
  735    1.187620E-07
  736    1.184397E-07
  737    1.181188E-07
  738    1.177991E-07
  739    1.174807E-07
  740    1.171636E-07
  741    1.291687E-07
  742    1.288210E-07
  743    1.284747E-07
  744    1.281298E-07
  745    1.277863E-07
  746    1.274442E-07
  747    1.271034E-07
  748    1.267640E-07
  749    1.264260E-07
  750    1.260893E-07
  751    1.279933E-07
  752    1.276533E-07
  753    1.273147E-07
  754    1.269775E-07
  755    1.266415E-07
  756    1.263069E-07
  757    1.259737E-07
  758    1.256417E-07
  759    1.253111E-07
  760    1.249818E-07
  761    1.314333E-07
  762    1.310888E-07
  763    1.307457E-07
  764    1.304038E-07
  765    1.300634E-07
  766    1.297242E-07
  767    1.293864E-07
  768    1.290499E-07
  769    1.287147E-07
  770    1.283808E-07
  771    1.374484E-07
  772    1.370927E-07
  773    1.367385E-07
  774    1.363856E-07
  775    1.360341E-07
  776    1.356840E-07
  777    1.353352E-07
  778    1.349877E-07
  779    1.346416E-07
  780    1.342968E-07
  781    1.344103E-07
  782    1.340670E-07
  783    1.337250E-07
  784    1.333843E-07
  785    1.330449E-07
  786    1.327068E-07
  787    1.323700E-07
  788    1.320344E-07
  789    1.317002E-07
  790    1.313672E-07
  791    1.424971E-07
  792    1.421377E-07
  793    1.417797E-07
  794    1.414230E-07
  795    1.410677E-07
  796    1.407137E-07
  797    1.403610E-07
  798    1.400097E-07
  799    1.396596E-07
  800    1.393109E-07
  801    1.389365E-07
  802    1.385905E-07
  803    1.382457E-07
  804    1.379022E-07
  805    1.375600E-07
  806    1.372191E-07
  807    1.368795E-07
  808    1.365411E-07
  809    1.362039E-07
  810    1.358681E-07
  811    1.408146E-07
  812    1.404681E-07
  813    1.401230E-07
  814    1.397792E-07
  815    1.394366E-07
  816    1.390952E-07
  817    1.387551E-07
  818    1.384163E-07
  819    1.380787E-07
  820    1.377423E-07
  821    1.459725E-07
  822    1.456177E-07
  823    1.452643E-07
  824    1.449122E-07
  825    1.445613E-07
  826    1.442117E-07
  827    1.438633E-07
  828    1.435163E-07
  829    1.431704E-07
  830    1.428259E-07
  831    1.413280E-07
  832    1.409887E-07
  833    1.406506E-07
  834    1.403137E-07
  835    1.399781E-07
  836    1.396436E-07
  837    1.393103E-07
  838    1.389782E-07
  839    1.386473E-07
  840    1.383176E-07
  841    1.530826E-07
  842    1.527195E-07
  843    1.523576E-07
  844    1.519969E-07
  845    1.516376E-07
  846    1.512796E-07
  847    1.509228E-07
  848    1.505672E-07
  849    1.502130E-07
  850    1.498599E-07
  851    1.438690E-07
  852    1.435316E-07
  853    1.431955E-07
  854    1.428605E-07
  855    1.425267E-07
  856    1.421941E-07
  857    1.418627E-07
  858    1.415324E-07
  859    1.412032E-07
  860    1.408752E-07
  861    1.483208E-07
  862    1.479770E-07
  863    1.476345E-07
  864    1.472931E-07
  865    1.469530E-07
  866    1.466140E-07
  867    1.462762E-07
  868    1.459395E-07
  869    1.456040E-07
  870    1.452697E-07
  871    1.519695E-07
  872    1.516213E-07
  873    1.512744E-07
  874    1.509286E-07
  875    1.505840E-07
  876    1.502406E-07
  877    1.498984E-07
  878    1.495573E-07
  879    1.492174E-07
  880    1.488787E-07
  881    1.430943E-07
  882    1.427702E-07
  883    1.424472E-07
  884    1.421253E-07
  885    1.418045E-07
  886    1.414847E-07
  887    1.411661E-07
  888    1.408485E-07
  889    1.405320E-07
  890    1.402165E-07
  891    1.544337E-07
  892    1.540878E-07
  893    1.537431E-07
  894    1.533995E-07
  895    1.530571E-07
  896    1.527159E-07
  897    1.523757E-07
  898    1.520367E-07
  899    1.516989E-07
  900    1.513622E-07
  901    1.436585E-07
  902    1.433403E-07
  903    1.430232E-07
  904    1.427071E-07
  905    1.423921E-07
  906    1.420781E-07
  907    1.417651E-07
  908    1.414532E-07
  909    1.411423E-07
  910    1.408325E-07
  911    1.456272E-07
  912    1.453082E-07
  913    1.449902E-07
  914    1.446733E-07
  915    1.443574E-07
  916    1.440426E-07
  917    1.437287E-07
  918    1.434159E-07
  919    1.431042E-07
  920    1.427934E-07
  921    1.462844E-07
  922    1.459674E-07
  923    1.456515E-07
  924    1.453366E-07
  925    1.450227E-07
  926    1.447098E-07
  927    1.443979E-07
  928    1.440870E-07
  929    1.437772E-07
  930    1.434683E-07
  931    1.362002E-07
  932    1.359082E-07
  933    1.356172E-07
  934    1.353271E-07
  935    1.350379E-07
  936    1.347497E-07
  937    1.344624E-07
  938    1.341760E-07
  939    1.338905E-07
  940    1.336060E-07
  941    1.457671E-07
  942    1.454579E-07
  943    1.451498E-07
  944    1.448426E-07
  945    1.445363E-07
  946    1.442311E-07
  947    1.439268E-07
  948    1.436235E-07
  949    1.433211E-07
  950    1.430197E-07
  951    1.334741E-07
  952    1.331940E-07
  953    1.329148E-07
  954    1.326364E-07
  955    1.323589E-07
  956    1.320823E-07
  957    1.318066E-07
  958    1.315317E-07
  959    1.312577E-07
  960    1.309845E-07
  961    1.360529E-07
  962    1.357704E-07
  963    1.354887E-07
  964    1.352079E-07
  965    1.349279E-07
  966    1.346489E-07
  967    1.343707E-07
  968    1.340933E-07
  969    1.338169E-07
  970    1.335412E-07
  971    1.291679E-07
  972    1.289023E-07
  973    1.286377E-07
  974    1.283738E-07
  975    1.281107E-07
  976    1.278485E-07
  977    1.275870E-07
  978    1.273264E-07
  979    1.270665E-07
  980    1.268075E-07
  981    1.222837E-07
  982    1.220349E-07
  983    1.217869E-07
  984    1.215396E-07
  985    1.212931E-07
  986    1.210473E-07
  987    1.208022E-07
  988    1.205579E-07
  989    1.203144E-07
  990    1.200716E-07
  991    1.280163E-07
  992    1.277584E-07
  993    1.275014E-07
  994    1.272451E-07
  995    1.269896E-07
  996    1.267348E-07
  997    1.264809E-07
  998    1.262276E-07
  999    1.259752E-07
 1000    1.257235E-07
 1001    1.126423E-07
 1002    1.124177E-07
 1003    1.121937E-07
 1004    1.119705E-07
 1005    1.117479E-07
 1006    1.115259E-07
 1007    1.113046E-07
 1008    1.110840E-07
 1009    1.108640E-07
 1010    1.106447E-07
 1011    1.193206E-07
 1012    1.190850E-07
 1013    1.188501E-07
 1014    1.186159E-07
 1015    1.183824E-07
 1016    1.181496E-07
 1017    1.179175E-07
 1018    1.176861E-07
 1019    1.174553E-07
 1020    1.172252E-07
 1021    1.130737E-07
 1022    1.128527E-07
 1023    1.126323E-07
 1024    1.124125E-07
 1025    1.121934E-07
 1026    1.119749E-07
 1027    1.117570E-07
 1028    1.115398E-07
 1029    1.113232E-07
 1030    1.111073E-07
 1031    1.073310E-07
 1032    1.071232E-07
 1033    1.069160E-07
 1034    1.067094E-07
 1035    1.065034E-07
 1036    1.062979E-07
 1037    1.060931E-07
 1038    1.058889E-07
 1039    1.056853E-07
 1040    1.054822E-07
 1041    1.067159E-07
 1042    1.065112E-07
 1043    1.063072E-07
 1044    1.061037E-07
 1045    1.059008E-07
 1046    1.056986E-07
 1047    1.054968E-07
 1048    1.052957E-07
 1049    1.050951E-07
 1050    1.048951E-07
 1051    9.702650E-08
 1052    9.684221E-08
 1053    9.665845E-08
 1054    9.647521E-08
 1055    9.629250E-08
 1056    9.611030E-08
 1057    9.592861E-08
 1058    9.574745E-08
 1059    9.556679E-08
 1060    9.538664E-08
 1061    1.023243E-07
 1062    1.021318E-07
 1063    1.019398E-07
 1064    1.017484E-07
 1065    1.015575E-07
 1066    1.013671E-07
 1067    1.011773E-07
 1068    1.009880E-07
 1069    1.007992E-07
 1070    1.006110E-07
 1071    9.610319E-08
 1072    9.592406E-08
 1073    9.574543E-08
 1074    9.556729E-08
 1075    9.538966E-08
 1076    9.521252E-08
 1077    9.503587E-08
 1078    9.485972E-08
 1079    9.468405E-08
 1080    9.450887E-08
 1081    9.505560E-08
 1082    9.488006E-08
 1083    9.470501E-08
 1084    9.453044E-08
 1085    9.435635E-08
 1086    9.418274E-08
 1087    9.400961E-08
 1088    9.383696E-08
 1089    9.366478E-08
 1090    9.349307E-08
 1091    9.352031E-08
 1092    9.334918E-08
 1093    9.317852E-08
 1094    9.300833E-08
 1095    9.283861E-08
 1096    9.266935E-08
 1097    9.250056E-08
 1098    9.233222E-08
 1099    9.216434E-08
 1100    9.199692E-08
 1101    9.174399E-08
 1102    9.157764E-08
 1103    9.141174E-08
 1104    9.124629E-08
 1105    9.108128E-08
 1106    9.091673E-08
 1107    9.075262E-08
 1108    9.058895E-08
 1109    9.042573E-08
 1110    9.026295E-08
 1111    9.289461E-08
 1112    9.272768E-08
 1113    9.256120E-08
 1114    9.239517E-08
 1115    9.222959E-08
 1116    9.206445E-08
 1117    9.189976E-08
 1118    9.173550E-08
 1119    9.157169E-08
 1120    9.140832E-08
 1121    9.353983E-08
 1122    9.337325E-08
 1123    9.320710E-08
 1124    9.304140E-08
 1125    9.287614E-08
 1126    9.271132E-08
 1127    9.254694E-08
 1128    9.238299E-08
 1129    9.221948E-08
 1130    9.205641E-08
 1131    9.539329E-08
 1132    9.522490E-08
 1133    9.505695E-08
 1134    9.488945E-08
 1135    9.472239E-08
 1136    9.455578E-08
 1137    9.438960E-08
 1138    9.422386E-08
 1139    9.405855E-08
 1140    9.389368E-08
 1141    9.944475E-08
 1142    9.927075E-08
 1143    9.909720E-08
 1144    9.892410E-08
 1145    9.875146E-08
 1146    9.857927E-08
 1147    9.840753E-08
 1148    9.823623E-08
 1149    9.806539E-08
 1150    9.789499E-08
 1151    1.025381E-07
 1152    1.023603E-07
 1153    1.021829E-07
 1154    1.020059E-07
 1155    1.018294E-07
 1156    1.016534E-07
 1157    1.014778E-07
 1158    1.013027E-07
 1159    1.011281E-07
 1160    1.009539E-07
 1161    1.066471E-07
 1162    1.064637E-07
 1163    1.062807E-07
 1164    1.060983E-07
 1165    1.059163E-07
 1166    1.057348E-07
 1167    1.055537E-07
 1168    1.053731E-07
 1169    1.051930E-07
 1170    1.050133E-07
 1171    1.117217E-07
 1172    1.115312E-07
 1173    1.113412E-07
 1174    1.111517E-07
 1175    1.109627E-07
 1176    1.107741E-07
 1177    1.105861E-07
 1178    1.103985E-07
 1179    1.102114E-07
 1180    1.100247E-07
 1181    1.246159E-07
 1182    1.244052E-07
 1183    1.241950E-07
 1184    1.239854E-07
 1185    1.237763E-07
 1186    1.235678E-07
 1187    1.233598E-07
 1188    1.231523E-07
 1189    1.229453E-07
 1190    1.227388E-07
 1191    1.320057E-07
 1192    1.317844E-07
 1193    1.315637E-07
 1194    1.313435E-07
 1195    1.311239E-07
 1196    1.309048E-07
 1197    1.306862E-07
 1198    1.304682E-07
 1199    1.302508E-07
 1200    1.300339E-07
 1201    1.438161E-07
 1202    1.435770E-07
 1203    1.433385E-07
 1204    1.431006E-07
 1205    1.428633E-07
 1206    1.426266E-07
 1207    1.423904E-07
 1208    1.421549E-07
 1209    1.419199E-07
 1210    1.416855E-07
 1211    1.523227E-07
 1212    1.520716E-07
 1213    1.518211E-07
 1214    1.515711E-07
 1215    1.513218E-07
 1216    1.510732E-07
 1217    1.508251E-07
 1218    1.505776E-07
 1219    1.503308E-07
 1220    1.500846E-07
 1221    1.658296E-07
 1222    1.655584E-07
 1223    1.652879E-07
 1224    1.650180E-07
 1225    1.647488E-07
 1226    1.644803E-07
 1227    1.642124E-07
 1228    1.639452E-07
 1229    1.636786E-07
 1230    1.634127E-07
 1231    1.952367E-07
 1232    1.949200E-07
 1233    1.946041E-07
 1234    1.942890E-07
 1235    1.939746E-07
 1236    1.936610E-07
 1237    1.933481E-07
 1238    1.930360E-07
 1239    1.927246E-07
 1240    1.924140E-07
 1241    2.056305E-07
 1242    2.052996E-07
 1243    2.049695E-07
 1244    2.046403E-07
 1245    2.043118E-07
 1246    2.039841E-07
 1247    2.036572E-07
 1248    2.033311E-07
 1249    2.030058E-07
 1250    2.026812E-07
 1251    2.338816E-07
 1252    2.335083E-07
 1253    2.331359E-07
 1254    2.327643E-07
 1255    2.323937E-07
 1256    2.320239E-07
 1257    2.316551E-07
 1258    2.312871E-07
 1259    2.309199E-07
 1260    2.305537E-07
 1261    2.535246E-07
 1262    2.531232E-07
 1263    2.527226E-07
 1264    2.523231E-07
 1265    2.519245E-07
 1266    2.515268E-07
 1267    2.511301E-07
 1268    2.507343E-07
 1269    2.503394E-07
 1270    2.499455E-07
 1271    2.969162E-07
 1272    2.964498E-07
 1273    2.959844E-07
 1274    2.955201E-07
 1275    2.950569E-07
 1276    2.945948E-07
 1277    2.941337E-07
 1278    2.936738E-07
 1279    2.932149E-07
 1280    2.927571E-07
 1281    3.162458E-07
 1282    3.157529E-07
 1283    3.152610E-07
 1284    3.147704E-07
 1285    3.142808E-07
 1286    3.137924E-07
 1287    3.133052E-07
 1288    3.128191E-07
 1289    3.123341E-07
 1290    3.118502E-07
 1291    3.431760E-07
 1292    3.426452E-07
 1293    3.421156E-07
 1294    3.415873E-07
 1295    3.410601E-07
 1296    3.405342E-07
 1297    3.400095E-07
 1298    3.394860E-07
 1299    3.389637E-07
 1300    3.384426E-07
 1301    3.799024E-07
 1302    3.793193E-07
 1303    3.787375E-07
 1304    3.781571E-07
 1305    3.775780E-07
 1306    3.770002E-07
 1307    3.764238E-07
 1308    3.758486E-07
 1309    3.752748E-07
 1310    3.747023E-07
 1311    4.044774E-07
 1312    4.038613E-07
 1313    4.032466E-07
 1314    4.026333E-07
 1315    4.020214E-07
 1316    4.014109E-07
 1317    4.008017E-07
 1318    4.001940E-07
 1319    3.995876E-07
 1320    3.989827E-07
 1321    4.559904E-07
 1322    4.553011E-07
 1323    4.546133E-07
 1324    4.539271E-07
 1325    4.532424E-07
 1326    4.525593E-07
 1327    4.518778E-07
 1328    4.511977E-07
 1329    4.505192E-07
 1330    4.498423E-07
 1331    5.081370E-07
 1332    5.073746E-07
 1333    5.066139E-07
 1334    5.058549E-07
 1335    5.050977E-07
 1336    5.043421E-07
 1337    5.035882E-07
 1338    5.028360E-07
 1339    5.020855E-07
 1340    5.013367E-07
 1341    5.430194E-07
 1342    5.422108E-07
 1343    5.414039E-07
 1344    5.405988E-07
 1345    5.397956E-07
 1346    5.389941E-07
 1347    5.381944E-07
 1348    5.373965E-07
 1349    5.366003E-07
 1350    5.358060E-07
 1351    6.189035E-07
 1352    6.179887E-07
 1353    6.170758E-07
 1354    6.161650E-07
 1355    6.152562E-07
 1356    6.143494E-07
 1357    6.134446E-07
 1358    6.125418E-07
 1359    6.116410E-07
 1360    6.107422E-07
 1361    6.623631E-07
 1362    6.613912E-07
 1363    6.604214E-07
 1364    6.594537E-07
 1365    6.584882E-07
 1366    6.575248E-07
 1367    6.565635E-07
 1368    6.556043E-07
 1369    6.546472E-07
 1370    6.536922E-07
 1371    7.373053E-07
 1372    7.362313E-07
 1373    7.351596E-07
 1374    7.340903E-07
 1375    7.330233E-07
 1376    7.319586E-07
 1377    7.308963E-07
 1378    7.298362E-07
 1379    7.287785E-07
 1380    7.277231E-07
 1381    7.955518E-07
 1382    7.944013E-07
 1383    7.932533E-07
 1384    7.921078E-07
 1385    7.909648E-07
 1386    7.898243E-07
 1387    7.886862E-07
 1388    7.875506E-07
 1389    7.864174E-07
 1390    7.852867E-07
 1391    8.446395E-07
 1392    8.434268E-07
 1393    8.422167E-07
 1394    8.410093E-07
 1395    8.398044E-07
 1396    8.386021E-07
 1397    8.374024E-07
 1398    8.362052E-07
 1399    8.350106E-07
 1400    8.338186E-07
 1401    9.150004E-07
 1402    9.136961E-07
 1403    9.123945E-07
 1404    9.110957E-07
 1405    9.097997E-07
 1406    9.085065E-07
 1407    9.072160E-07
 1408    9.059282E-07
 1409    9.046432E-07
 1410    9.033610E-07
 1411    9.231754E-07
 1412    9.218687E-07
 1413    9.205648E-07
 1414    9.192636E-07
 1415    9.179652E-07
 1416    9.166696E-07
 1417    9.153767E-07
 1418    9.140865E-07
 1419    9.127991E-07
 1420    9.115143E-07
 1421    1.030226E-06
 1422    1.028778E-06
 1423    1.027333E-06
 1424    1.025891E-06
 1425    1.024452E-06
 1426    1.023016E-06
 1427    1.021583E-06
 1428    1.020154E-06
 1429    1.018727E-06
 1430    1.017303E-06
 1431    1.105729E-06
 1432    1.104186E-06
 1433    1.102646E-06
 1434    1.101109E-06
 1435    1.099575E-06
 1436    1.098045E-06
 1437    1.096518E-06
 1438    1.094994E-06
 1439    1.093473E-06
 1440    1.091955E-06
 1441    1.196742E-06
 1442    1.195083E-06
 1443    1.193428E-06
 1444    1.191776E-06
 1445    1.190127E-06
 1446    1.188482E-06
 1447    1.186841E-06
 1448    1.185203E-06
 1449    1.183568E-06
 1450    1.181937E-06
 1451    1.213072E-06
 1452    1.211402E-06
 1453    1.209736E-06
 1454    1.208073E-06
 1455    1.206414E-06
 1456    1.204758E-06
 1457    1.203105E-06
 1458    1.201456E-06
 1459    1.199810E-06
 1460    1.198168E-06
 1461    1.305165E-06
 1462    1.303381E-06
 1463    1.301600E-06
 1464    1.299823E-06
 1465    1.298050E-06
 1466    1.296280E-06
 1467    1.294514E-06
 1468    1.292752E-06
 1469    1.290993E-06
 1470    1.289237E-06
 1471    1.419204E-06
 1472    1.417277E-06
 1473    1.415354E-06
 1474    1.413435E-06
 1475    1.411520E-06
 1476    1.409608E-06
 1477    1.407701E-06
 1478    1.405797E-06
 1479    1.403897E-06
 1480    1.402002E-06
 1481    1.512864E-06
 1482    1.510824E-06
 1483    1.508787E-06
 1484    1.506755E-06
 1485    1.504728E-06
 1486    1.502704E-06
 1487    1.500684E-06
 1488    1.498668E-06
 1489    1.496657E-06
 1490    1.494649E-06
 1491    1.612211E-06
 1492    1.610051E-06
 1493    1.607896E-06
 1494    1.605745E-06
 1495    1.603598E-06
 1496    1.601456E-06
 1497    1.599318E-06
 1498    1.597184E-06
 1499    1.595054E-06
 1500    1.592929E-06
 1501    1.664538E-06
 1502    1.662324E-06
 1503    1.660113E-06
 1504    1.657907E-06
 1505    1.655705E-06
 1506    1.653508E-06
 1507    1.651315E-06
 1508    1.649126E-06
 1509    1.646942E-06
 1510    1.644762E-06
 1511    1.665412E-06
 1512    1.663211E-06
 1513    1.661014E-06
 1514    1.658821E-06
 1515    1.656633E-06
 1516    1.654449E-06
 1517    1.652269E-06
 1518    1.650093E-06
 1519    1.647922E-06
 1520    1.645755E-06
 1521    1.841716E-06
 1522    1.839297E-06
 1523    1.836883E-06
 1524    1.834474E-06
 1525    1.832070E-06
 1526    1.829670E-06
 1527    1.827276E-06
 1528    1.824885E-06
 1529    1.822500E-06
 1530    1.820119E-06
 1531    1.933351E-06
 1532    1.930829E-06
 1533    1.928311E-06
 1534    1.925799E-06
 1535    1.923291E-06
 1536    1.920789E-06
 1537    1.918291E-06
 1538    1.915798E-06
 1539    1.913310E-06
 1540    1.910827E-06
 1541    2.056608E-06
 1542    2.053943E-06
 1543    2.051282E-06
 1544    2.048627E-06
 1545    2.045977E-06
 1546    2.043331E-06
 1547    2.040692E-06
 1548    2.038057E-06
 1549    2.035427E-06
 1550    2.032802E-06
 1551    2.080043E-06
 1552    2.077364E-06
 1553    2.074690E-06
 1554    2.072022E-06
 1555    2.069359E-06
 1556    2.066701E-06
 1557    2.064048E-06
 1558    2.061400E-06
 1559    2.058757E-06
 1560    2.056119E-06
 1561    2.254228E-06
 1562    2.251343E-06
 1563    2.248464E-06
 1564    2.245591E-06
 1565    2.242723E-06
 1566    2.239861E-06
 1567    2.237004E-06
 1568    2.234152E-06
 1569    2.231306E-06
 1570    2.228465E-06
 1571    2.412212E-06
 1572    2.409144E-06
 1573    2.406083E-06
 1574    2.403028E-06
 1575    2.399978E-06
 1576    2.396935E-06
 1577    2.393897E-06
 1578    2.390865E-06
 1579    2.387838E-06
 1580    2.384818E-06
 1581    2.526306E-06
 1582    2.523114E-06
 1583    2.519929E-06
 1584    2.516749E-06
 1585    2.513575E-06
 1586    2.510408E-06
 1587    2.507246E-06
 1588    2.504090E-06
 1589    2.500940E-06
 1590    2.497796E-06
 1591    2.599086E-06
 1592    2.595823E-06
 1593    2.592566E-06
 1594    2.589315E-06
 1595    2.586070E-06
 1596    2.582831E-06
 1597    2.579599E-06
 1598    2.576372E-06
 1599    2.573152E-06
 1600    2.569937E-06
 1601    2.587185E-06
 1602    2.583957E-06
 1603    2.580735E-06
 1604    2.577520E-06
 1605    2.574310E-06
 1606    2.571106E-06
 1607    2.567908E-06
 1608    2.564716E-06
 1609    2.561530E-06
 1610    2.558350E-06
 1611    2.690959E-06
 1612    2.687623E-06
 1613    2.684292E-06
 1614    2.680968E-06
 1615    2.677650E-06
 1616    2.674338E-06
 1617    2.671033E-06
 1618    2.667733E-06
 1619    2.664439E-06
 1620    2.661152E-06
 1621    2.764494E-06
 1622    2.761087E-06
 1623    2.757687E-06
 1624    2.754292E-06
 1625    2.750905E-06
 1626    2.747523E-06
 1627    2.744148E-06
 1628    2.740779E-06
 1629    2.737416E-06
 1630    2.734059E-06
 1631    2.903316E-06
 1632    2.899760E-06
 1633    2.896211E-06
 1634    2.892668E-06
 1635    2.889132E-06
 1636    2.885602E-06
 1637    2.882079E-06
 1638    2.878562E-06
 1639    2.875052E-06
 1640    2.871547E-06
 1641    3.068654E-06
 1642    3.064919E-06
 1643    3.061190E-06
 1644    3.057468E-06
 1645    3.053753E-06
 1646    3.050045E-06
 1647    3.046343E-06
 1648    3.042649E-06
 1649    3.038961E-06
 1650    3.035279E-06
 1651    3.105979E-06
 1652    3.102221E-06
 1653    3.098470E-06
 1654    3.094726E-06
 1655    3.090988E-06
 1656    3.087257E-06
 1657    3.083533E-06
 1658    3.079816E-06
 1659    3.076105E-06
 1660    3.072401E-06
 1661    3.279610E-06
 1662    3.275665E-06
 1663    3.271728E-06
 1664    3.267798E-06
 1665    3.263875E-06
 1666    3.259959E-06
 1667    3.256051E-06
 1668    3.252149E-06
 1669    3.248254E-06
 1670    3.244366E-06
 1671    3.381700E-06
 1672    3.377657E-06
 1673    3.373622E-06
 1674    3.369593E-06
 1675    3.365572E-06
 1676    3.361559E-06
 1677    3.357552E-06
 1678    3.353552E-06
 1679    3.349560E-06
 1680    3.345575E-06
 1681    3.510219E-06
 1682    3.506048E-06
 1683    3.501884E-06
 1684    3.497727E-06
 1685    3.493578E-06
 1686    3.489437E-06
 1687    3.485302E-06
 1688    3.481175E-06
 1689    3.477055E-06
 1690    3.472943E-06
 1691    3.655175E-06
 1692    3.650857E-06
 1693    3.646547E-06
 1694    3.642244E-06
 1695    3.637949E-06
 1696    3.633661E-06
 1697    3.629381E-06
 1698    3.625109E-06
 1699    3.620844E-06
 1700    3.616587E-06
 1701    3.594968E-06
 1702    3.590746E-06
 1703    3.586532E-06
 1704    3.582325E-06
 1705    3.578125E-06
 1706    3.573933E-06
 1707    3.569748E-06
 1708    3.565570E-06
 1709    3.561400E-06
 1710    3.557237E-06
 1711    3.766389E-06
 1712    3.761991E-06
 1713    3.757602E-06
 1714    3.753220E-06
 1715    3.748845E-06
 1716    3.744478E-06
 1717    3.740119E-06
 1718    3.735768E-06
 1719    3.731424E-06
 1720    3.727088E-06
 1721    3.819190E-06
 1722    3.814757E-06
 1723    3.810331E-06
 1724    3.805913E-06
 1725    3.801503E-06
 1726    3.797101E-06
 1727    3.792706E-06
 1728    3.788319E-06
 1729    3.783939E-06
 1730    3.779567E-06
 1731    3.995374E-06
 1732    3.990763E-06
 1733    3.986160E-06
 1734    3.981565E-06
 1735    3.976978E-06
 1736    3.972398E-06
 1737    3.967827E-06
 1738    3.963264E-06
 1739    3.958708E-06
 1740    3.954161E-06
 1741    4.038734E-06
 1742    4.034100E-06
 1743    4.029474E-06
 1744    4.024855E-06
 1745    4.020245E-06
 1746    4.015642E-06
 1747    4.011048E-06
 1748    4.006461E-06
 1749    4.001882E-06
 1750    3.997311E-06
 1751    3.952922E-06
 1752    3.948413E-06
 1753    3.943910E-06
 1754    3.939416E-06
 1755    3.934929E-06
 1756    3.930450E-06
 1757    3.925978E-06
 1758    3.921515E-06
 1759    3.917058E-06
 1760    3.912610E-06
 1761    4.085521E-06
 1762    4.080886E-06
 1763    4.076259E-06
 1764    4.071640E-06
 1765    4.067029E-06
 1766    4.062426E-06
 1767    4.057830E-06
 1768    4.053243E-06
 1769    4.048663E-06
 1770    4.044090E-06
 1771    4.190664E-06
 1772    4.185937E-06
 1773    4.181218E-06
 1774    4.176507E-06
 1775    4.171804E-06
 1776    4.167108E-06
 1777    4.162421E-06
 1778    4.157741E-06
 1779    4.153070E-06
 1780    4.148406E-06
 1781    4.419626E-06
 1782    4.414668E-06
 1783    4.409719E-06
 1784    4.404778E-06
 1785    4.399846E-06
 1786    4.394922E-06
 1787    4.390006E-06
 1788    4.385098E-06
 1789    4.380198E-06
 1790    4.375307E-06
 1791    4.434120E-06
 1792    4.429174E-06
 1793    4.424236E-06
 1794    4.419307E-06
 1795    4.414385E-06
 1796    4.409472E-06
 1797    4.404567E-06
 1798    4.399671E-06
 1799    4.394782E-06
 1800    4.389902E-06
 1801    4.401063E-06
 1802    4.396181E-06
 1803    4.391307E-06
 1804    4.386441E-06
 1805    4.381584E-06
 1806    4.376734E-06
 1807    4.371892E-06
 1808    4.367059E-06
 1809    4.362234E-06
 1810    4.357416E-06
 1811    4.598333E-06
 1812    4.593260E-06
 1813    4.588196E-06
 1814    4.583140E-06
 1815    4.578093E-06
 1816    4.573053E-06
 1817    4.568023E-06
 1818    4.563000E-06
 1819    4.557986E-06
 1820    4.552980E-06
 1821    4.668150E-06
 1822    4.663029E-06
 1823    4.657916E-06
 1824    4.652811E-06
 1825    4.647715E-06
 1826    4.642627E-06
 1827    4.637548E-06
 1828    4.632477E-06
 1829    4.627414E-06
 1830    4.622359E-06
 1831    4.885537E-06
 1832    4.880207E-06
 1833    4.874885E-06
 1834    4.869571E-06
 1835    4.864267E-06
 1836    4.858971E-06
 1837    4.853684E-06
 1838    4.848405E-06
 1839    4.843135E-06
 1840    4.837874E-06
 1841    4.892895E-06
 1842    4.887586E-06
 1843    4.882284E-06
 1844    4.876992E-06
 1845    4.871708E-06
 1846    4.866433E-06
 1847    4.861166E-06
 1848    4.855908E-06
 1849    4.850658E-06
 1850    4.845417E-06
 1851    4.869272E-06
 1852    4.864016E-06
 1853    4.858769E-06
 1854    4.853531E-06
 1855    4.848301E-06
 1856    4.843079E-06
 1857    4.837866E-06
 1858    4.832661E-06
 1859    4.827464E-06
 1860    4.822276E-06
 1861    4.869256E-06
 1862    4.864029E-06
 1863    4.858810E-06
 1864    4.853599E-06
 1865    4.848397E-06
 1866    4.843203E-06
 1867    4.838018E-06
 1868    4.832841E-06
 1869    4.827672E-06
 1870    4.822511E-06
 1871    5.036582E-06
 1872    5.031203E-06
 1873    5.025834E-06
 1874    5.020473E-06
 1875    5.015121E-06
 1876    5.009777E-06
 1877    5.004442E-06
 1878    4.999115E-06
 1879    4.993797E-06
 1880    4.988487E-06
 1881    5.726694E-06
 1882    5.720612E-06
 1883    5.714539E-06
 1884    5.708476E-06
 1885    5.702422E-06
 1886    5.696378E-06
 1887    5.690344E-06
 1888    5.684319E-06
 1889    5.678304E-06
 1890    5.672298E-06
 1891    5.518772E-06
 1892    5.512941E-06
 1893    5.507120E-06
 1894    5.501307E-06
 1895    5.495504E-06
 1896    5.489710E-06
 1897    5.483926E-06
 1898    5.478150E-06
 1899    5.472384E-06
 1900    5.466626E-06
 1901    5.256031E-06
 1902    5.250507E-06
 1903    5.244992E-06
 1904    5.239485E-06
 1905    5.233987E-06
 1906    5.228498E-06
 1907    5.223017E-06
 1908    5.217545E-06
 1909    5.212082E-06
 1910    5.206627E-06
 1911    5.784439E-06
 1912    5.778391E-06
 1913    5.772353E-06
 1914    5.766325E-06
 1915    5.760306E-06
 1916    5.754296E-06
 1917    5.748296E-06
 1918    5.742305E-06
 1919    5.736323E-06
 1920    5.730351E-06
 1921    6.124878E-06
 1922    6.118508E-06
 1923    6.112148E-06
 1924    6.105797E-06
 1925    6.099457E-06
 1926    6.093127E-06
 1927    6.086806E-06
 1928    6.080495E-06
 1929    6.074194E-06
 1930    6.067903E-06
 1931    6.340635E-06
 1932    6.334074E-06
 1933    6.327524E-06
 1934    6.320984E-06
 1935    6.314454E-06
 1936    6.307934E-06
 1937    6.301425E-06
 1938    6.294925E-06
 1939    6.288435E-06
 1940    6.281956E-06
 1941    6.250930E-06
 1942    6.244495E-06
 1943    6.238071E-06
 1944    6.231657E-06
 1945    6.225252E-06
 1946    6.218857E-06
 1947    6.212472E-06
 1948    6.206097E-06
 1949    6.199732E-06
 1950    6.193377E-06
 1951    6.412141E-06
 1952    6.405575E-06
 1953    6.399018E-06
 1954    6.392472E-06
 1955    6.385936E-06
 1956    6.379409E-06
 1957    6.372893E-06
 1958    6.366387E-06
 1959    6.359891E-06
 1960    6.353404E-06
 1961    5.830857E-06
 1962    5.824916E-06
 1963    5.818984E-06
 1964    5.813061E-06
 1965    5.807148E-06
 1966    5.801243E-06
 1967    5.795348E-06
 1968    5.789461E-06
 1969    5.783584E-06
 1970    5.777715E-06
 1971    6.471796E-06
 1972    6.465235E-06
 1973    6.458685E-06
 1974    6.452145E-06
 1975    6.445614E-06
 1976    6.439093E-06
 1977    6.432583E-06
 1978    6.426082E-06
 1979    6.419591E-06
 1980    6.413110E-06
 1981    9.148100E-06
 1982    9.138874E-06
 1983    9.129661E-06
 1984    9.120463E-06
 1985    9.111278E-06
 1986    9.102107E-06
 1987    9.092950E-06
 1988    9.083807E-06
 1989    9.074677E-06
 1990    9.065562E-06
 1991    9.629797E-06
 1992    9.620133E-06
 1993    9.610484E-06
 1994    9.600850E-06
 1995    9.591229E-06
 1996    9.581624E-06
 1997    9.572033E-06
 1998    9.562456E-06
 1999    9.552893E-06
 2000    9.543345E-06
 2001    8.416761E-06
 2002    8.408357E-06
 2003    8.399965E-06
 2004    8.391586E-06
 2005    8.383220E-06
 2006    8.374866E-06
 2007    8.366524E-06
 2008    8.358195E-06
 2009    8.349879E-06
 2010    8.341575E-06
 2011    1.102978E-05
 2012    1.101883E-05
 2013    1.100788E-05
 2014    1.099696E-05
 2015    1.098605E-05
 2016    1.097516E-05
 2017    1.096428E-05
 2018    1.095342E-05
 2019    1.094257E-05
 2020    1.093174E-05
 2021    1.463828E-05
 2022    1.462380E-05
 2023    1.460935E-05
 2024    1.459492E-05
 2025    1.458052E-05
 2026    1.456613E-05
 2027    1.455176E-05
 2028    1.453742E-05
 2029    1.452310E-05
 2030    1.450880E-05
 2031    1.219416E-05
 2032    1.218216E-05
 2033    1.217019E-05
 2034    1.215823E-05
 2035    1.214628E-05
 2036    1.213436E-05
 2037    1.212245E-05
 2038    1.211056E-05
 2039    1.209868E-05
 2040    1.208683E-05
 2041    4.837210E-06
 2042    4.832475E-06
 2043    4.827746E-06
 2044    4.823025E-06
 2045    4.818310E-06
 2046    4.813602E-06
 2047    4.808902E-06
 2048    4.804208E-06
 2049    4.799521E-06
 2050    4.794841E-06
 2051   -2.801716E-06
 2052   -2.798986E-06
 2053   -2.796261E-06
 2054   -2.793539E-06
 2055   -2.790822E-06
 2056   -2.788108E-06
 2057   -2.785399E-06
 2058   -2.782693E-06
 2059   -2.779992E-06
 2060   -2.777294E-06
 2061   -9.413271E-06
 2062   -9.404145E-06
 2063   -9.395032E-06
 2064   -9.385933E-06
 2065   -9.376847E-06
 2066   -9.367774E-06
 2067   -9.358714E-06
 2068   -9.349668E-06
 2069   -9.340634E-06
 2070   -9.331614E-06
 2071   -8.942371E-06
 2072   -8.933744E-06
 2073   -8.925129E-06
 2074   -8.916526E-06
 2075   -8.907936E-06
 2076   -8.899358E-06
 2077   -8.890793E-06
 2078   -8.882240E-06
 2079   -8.873700E-06
 2080   -8.865171E-06
 2081    2.133548E-05
 2082    2.131499E-05
 2083    2.129453E-05
 2084    2.127411E-05
 2085    2.125371E-05
 2086    2.123334E-05
 2087    2.121301E-05
 2088    2.119270E-05
 2089    2.117242E-05
 2090    2.115216E-05
 2091    8.127675E-05
 2092    8.119908E-05
 2093    8.112153E-05
 2094    8.104409E-05
 2095    8.096675E-05
 2096    8.088953E-05
 2097    8.081242E-05
 2098    8.073542E-05
 2099    8.065853E-05
 2100    8.058175E-05
 2101    1.526321E-04
 2102    1.524869E-04
 2103    1.523420E-04
 2104    1.521972E-04
 2105    1.520527E-04
 2106    1.519084E-04
 2107    1.517642E-04
 2108    1.516203E-04
 2109    1.514766E-04
 2110    1.513331E-04
 2111    2.088603E-04
 2112    2.086626E-04
 2113    2.084652E-04
 2114    2.082681E-04
 2115    2.080712E-04
 2116    2.078747E-04
 2117    2.076784E-04
 2118    2.074824E-04
 2119    2.072866E-04
 2120    2.070912E-04
 2121    2.448321E-04
 2122    2.446014E-04
 2123    2.443711E-04
 2124    2.441411E-04
 2125    2.439114E-04
 2126    2.436821E-04
 2127    2.434531E-04
 2128    2.432244E-04
 2129    2.429960E-04
 2130    2.427679E-04
 2131    7.369102E-05
 2132    7.362193E-05
 2133    7.355293E-05
 2134    7.348403E-05
 2135    7.341522E-05
 2136    7.334651E-05
 2137    7.327790E-05
 2138    7.320938E-05
 2139    7.314096E-05
 2140    7.307264E-05
 2141   -5.693871E-04
 2142   -5.688557E-04
 2143   -5.683250E-04
 2144   -5.677951E-04
 2145   -5.672660E-04
 2146   -5.667375E-04
 2147   -5.662098E-04
 2148   -5.656829E-04
 2149   -5.651567E-04
 2150   -5.646312E-04
 2151   -1.523838E-03
 2152   -1.522422E-03
 2153   -1.521009E-03
 2154   -1.519597E-03
 2155   -1.518188E-03
 2156   -1.516780E-03
 2157   -1.515374E-03
 2158   -1.513970E-03
 2159   -1.512569E-03
 2160   -1.511169E-03
 2161   -2.040561E-03
 2162   -2.038674E-03
 2163   -2.036790E-03
 2164   -2.034908E-03
 2165   -2.033029E-03
 2166   -2.031153E-03
 2167   -2.029279E-03
 2168   -2.027408E-03
 2169   -2.025540E-03
 2170   -2.023674E-03
 2171   -1.859214E-03
 2172   -1.857503E-03
 2173   -1.855794E-03
 2174   -1.854088E-03
 2175   -1.852383E-03
 2176   -1.850682E-03
 2177   -1.848982E-03
 2178   -1.847285E-03
 2179   -1.845590E-03
 2180   -1.843898E-03
 2181   -1.185563E-04
 2182   -1.184477E-04
 2183   -1.183392E-04
 2184   -1.182309E-04
 2185   -1.181227E-04
 2186   -1.180147E-04
 2187   -1.179068E-04
 2188   -1.177991E-04
 2189   -1.176915E-04
 2190   -1.175841E-04
 2191    6.024025E-03
 2192    6.018531E-03
 2193    6.013045E-03
 2194    6.007566E-03
 2195    6.002094E-03
 2196    5.996631E-03
 2197    5.991174E-03
 2198    5.985725E-03
 2199    5.980284E-03
 2200    5.974849E-03
 2201    1.638596E-02
 2202    1.637109E-02
 2203    1.635623E-02
 2204    1.634140E-02
 2205    1.632658E-02
 2206    1.631178E-02
 2207    1.629701E-02
 2208    1.628225E-02
 2209    1.626752E-02
 2210    1.625280E-02
 2211    2.211216E-02
 2212    2.209218E-02
 2213    2.207222E-02
 2214    2.205229E-02
 2215    2.203239E-02
 2216    2.201252E-02
 2217    2.199267E-02
 2218    2.197284E-02
 2219    2.195305E-02
 2220    2.193328E-02
 2221    2.367393E-02
 2222    2.365263E-02
 2223    2.363136E-02
 2224    2.361012E-02
 2225    2.358891E-02
 2226    2.356773E-02
 2227    2.354657E-02
 2228    2.352544E-02
 2229    2.350434E-02
 2230    2.348327E-02
 2231    2.179810E-02
 2232    2.177858E-02
 2233    2.175908E-02
 2234    2.173961E-02
 2235    2.172016E-02
 2236    2.170074E-02
 2237    2.168135E-02
 2238    2.166198E-02
 2239    2.164264E-02
 2240    2.162333E-02
 2241    1.636954E-02
 2242    1.635495E-02
 2243    1.634037E-02
 2244    1.632581E-02
 2245    1.631128E-02
 2246    1.629676E-02
 2247    1.628226E-02
 2248    1.626778E-02
 2249    1.625332E-02
 2250    1.623888E-02
 2251    5.697218E-03
 2252    5.692161E-03
 2253    5.687110E-03
 2254    5.682066E-03
 2255    5.677029E-03
 2256    5.671998E-03
 2257    5.666974E-03
 2258    5.661957E-03
 2259    5.656947E-03
 2260    5.651943E-03
 2261   -3.634279E-04
 2262   -3.631067E-04
 2263   -3.627859E-04
 2264   -3.624656E-04
 2265   -3.621457E-04
 2266   -3.618262E-04
 2267   -3.615071E-04
 2268   -3.611885E-04
 2269   -3.608702E-04
 2270   -3.605524E-04
 2271   -2.063838E-03
 2272   -2.062022E-03
 2273   -2.060208E-03
 2274   -2.058397E-03
 2275   -2.056588E-03
 2276   -2.054782E-03
 2277   -2.052978E-03
 2278   -2.051176E-03
 2279   -2.049377E-03
 2280   -2.047580E-03
 2281   -2.180929E-03
 2282   -2.179019E-03
 2283   -2.177111E-03
 2284   -2.175205E-03
 2285   -2.173302E-03
 2286   -2.171401E-03
 2287   -2.169503E-03
 2288   -2.167608E-03
 2289   -2.165715E-03
 2290   -2.163824E-03
 2291   -1.706534E-03
 2292   -1.705046E-03
 2293   -1.703559E-03
 2294   -1.702075E-03
 2295   -1.700592E-03
 2296   -1.699111E-03
 2297   -1.697632E-03
 2298   -1.696156E-03
 2299   -1.694681E-03
 2300   -1.693208E-03
 2301   -6.317093E-04
 2302   -6.311607E-04
 2303   -6.306129E-04
 2304   -6.300657E-04
 2305   -6.295192E-04
 2306   -6.289735E-04
 2307   -6.284284E-04
 2308   -6.278841E-04
 2309   -6.273405E-04
 2310   -6.267976E-04
 2311    2.929469E-05
 2312    2.926936E-05
 2313    2.924406E-05
 2314    2.921879E-05
 2315    2.919356E-05
 2316    2.916836E-05
 2317    2.914320E-05
 2318    2.911806E-05
 2319    2.909296E-05
 2320    2.906789E-05
 2321    2.014496E-04
 2322    2.012762E-04
 2323    2.011030E-04
 2324    2.009300E-04
 2325    2.007572E-04
 2326    2.005847E-04
 2327    2.004123E-04
 2328    2.002402E-04
 2329    2.000683E-04
 2330    1.998967E-04
 2331    1.746714E-04
 2332    1.745216E-04
 2333    1.743721E-04
 2334    1.742227E-04
 2335    1.740736E-04
 2336    1.739246E-04
 2337    1.737758E-04
 2338    1.736272E-04
 2339    1.734788E-04
 2340    1.733306E-04
 2341    1.222078E-04
 2342    1.221035E-04
 2343    1.219993E-04
 2344    1.218953E-04
 2345    1.217914E-04
 2346    1.216876E-04
 2347    1.215839E-04
 2348    1.214804E-04
 2349    1.213770E-04
 2350    1.212738E-04
 2351    4.556052E-05
 2352    4.552180E-05
 2353    4.548312E-05
 2354    4.544450E-05
 2355    4.540592E-05
 2356    4.536739E-05
 2357    4.532891E-05
 2358    4.529048E-05
 2359    4.525210E-05
 2360    4.521376E-05
 2361   -1.355836E-05
 2362   -1.354688E-05
 2363   -1.353542E-05
 2364   -1.352398E-05
 2365   -1.351254E-05
 2366   -1.350113E-05
 2367   -1.348972E-05
 2368   -1.347833E-05
 2369   -1.346696E-05
 2370   -1.345560E-05
 2371   -4.100517E-05
 2372   -4.097061E-05
 2373   -4.093610E-05
 2374   -4.090163E-05
 2375   -4.086720E-05
 2376   -4.083281E-05
 2377   -4.079847E-05
 2378   -4.076417E-05
 2379   -4.072991E-05
 2380   -4.069570E-05
 2381   -4.000243E-05
 2382   -3.996886E-05
 2383   -3.993533E-05
 2384   -3.990184E-05
 2385   -3.986839E-05
 2386   -3.983499E-05
 2387   -3.980163E-05
 2388   -3.976831E-05
 2389   -3.973503E-05
 2390   -3.970179E-05
 2391   -3.170657E-05
 2392   -3.168007E-05
 2393   -3.165361E-05
 2394   -3.162717E-05
 2395   -3.160077E-05
 2396   -3.157441E-05
 2397   -3.154807E-05
 2398   -3.152177E-05
 2399   -3.149550E-05
 2400   -3.146927E-05
 2401   -1.802619E-05
 2402   -1.801119E-05
 2403   -1.799620E-05
 2404   -1.798124E-05
 2405   -1.796629E-05
 2406   -1.795136E-05
 2407   -1.793645E-05
 2408   -1.792156E-05
 2409   -1.790669E-05
 2410   -1.789183E-05
 2411   -8.706071E-06
 2412   -8.698855E-06
 2413   -8.691648E-06
 2414   -8.684450E-06
 2415   -8.677261E-06
 2416   -8.670081E-06
 2417   -8.662909E-06
 2418   -8.655747E-06
 2419   -8.648593E-06
 2420   -8.641449E-06
 2421   -5.322287E-06
 2422   -5.317894E-06
 2423   -5.313506E-06
 2424   -5.309124E-06
 2425   -5.304747E-06
 2426   -5.300376E-06
 2427   -5.296010E-06
 2428   -5.291649E-06
 2429   -5.287294E-06
 2430   -5.282944E-06
 2431   -7.708981E-06
 2432   -7.702644E-06
 2433   -7.696315E-06
 2434   -7.689993E-06
 2435   -7.683680E-06
 2436   -7.677374E-06
 2437   -7.671076E-06
 2438   -7.664785E-06
 2439   -7.658503E-06
 2440   -7.652228E-06
 2441   -8.946995E-06
 2442   -8.939670E-06
 2443   -8.932355E-06
 2444   -8.925048E-06
 2445   -8.917750E-06
 2446   -8.910462E-06
 2447   -8.903182E-06
 2448   -8.895911E-06
 2449   -8.888649E-06
 2450   -8.881396E-06
 2451   -6.363853E-06
 2452   -6.358664E-06
 2453   -6.353482E-06
 2454   -6.348306E-06
 2455   -6.343137E-06
 2456   -6.337973E-06
 2457   -6.332816E-06
 2458   -6.327666E-06
 2459   -6.322521E-06
 2460   -6.317383E-06
 2461   -6.189282E-06
 2462   -6.184256E-06
 2463   -6.179237E-06
 2464   -6.174223E-06
 2465   -6.169216E-06
 2466   -6.164214E-06
 2467   -6.159219E-06
 2468   -6.154230E-06
 2469   -6.149246E-06
 2470   -6.144269E-06
 2471   -7.585059E-06
 2472   -7.578925E-06
 2473   -7.572798E-06
 2474   -7.566679E-06
 2475   -7.560567E-06
 2476   -7.554462E-06
 2477   -7.548365E-06
 2478   -7.542275E-06
 2479   -7.536192E-06
 2480   -7.530117E-06
 2481   -7.918799E-06
 2482   -7.912420E-06
 2483   -7.906050E-06
 2484   -7.899687E-06
 2485   -7.893331E-06
 2486   -7.886984E-06
 2487   -7.880644E-06
 2488   -7.874311E-06
 2489   -7.867986E-06
 2490   -7.861669E-06
 2491   -7.050858E-06
 2492   -7.045201E-06
 2493   -7.039551E-06
 2494   -7.033908E-06
 2495   -7.028272E-06
 2496   -7.022643E-06
 2497   -7.017020E-06
 2498   -7.011404E-06
 2499   -7.005795E-06
 2500   -7.000193E-06
 2501   -5.864383E-06
 2502   -5.859697E-06
 2503   -5.855017E-06
 2504   -5.850342E-06
 2505   -5.845673E-06
 2506   -5.841010E-06
 2507   -5.836352E-06
 2508   -5.831699E-06
 2509   -5.827053E-06
 2510   -5.822411E-06
 2511   -5.584332E-06
 2512   -5.579888E-06
 2513   -5.575449E-06
 2514   -5.571015E-06
 2515   -5.566587E-06
 2516   -5.562164E-06
 2517   -5.557746E-06
 2518   -5.553333E-06
 2519   -5.548926E-06
 2520   -5.544524E-06
 2521   -5.118084E-06
 2522   -5.114026E-06
 2523   -5.109974E-06
 2524   -5.105927E-06
 2525   -5.101884E-06
 2526   -5.097846E-06
 2527   -5.093813E-06
 2528   -5.089785E-06
 2529   -5.085761E-06
 2530   -5.081742E-06
 2531   -5.493997E-06
 2532   -5.489659E-06
 2533   -5.485326E-06
 2534   -5.480999E-06
 2535   -5.476676E-06
 2536   -5.472359E-06
 2537   -5.468046E-06
 2538   -5.463739E-06
 2539   -5.459437E-06
 2540   -5.455140E-06
 2541   -5.520480E-06
 2542   -5.516138E-06
 2543   -5.511802E-06
 2544   -5.507470E-06
 2545   -5.503144E-06
 2546   -5.498822E-06
 2547   -5.494506E-06
 2548   -5.490195E-06
 2549   -5.485889E-06
 2550   -5.481588E-06
 2551   -4.769944E-06
 2552   -4.766207E-06
 2553   -4.762474E-06
 2554   -4.758746E-06
 2555   -4.755023E-06
 2556   -4.751304E-06
 2557   -4.747589E-06
 2558   -4.743878E-06
 2559   -4.740172E-06
 2560   -4.736470E-06
 2561   -4.507103E-06
 2562   -4.503586E-06
 2563   -4.500073E-06
 2564   -4.496564E-06
 2565   -4.493059E-06
 2566   -4.489559E-06
 2567   -4.486062E-06
 2568   -4.482570E-06
 2569   -4.479081E-06
 2570   -4.475597E-06
 2571   -4.662779E-06
 2572   -4.659155E-06
 2573   -4.655534E-06
 2574   -4.651919E-06
 2575   -4.648307E-06
 2576   -4.644699E-06
 2577   -4.641096E-06
 2578   -4.637497E-06
 2579   -4.633902E-06
 2580   -4.630311E-06
 2581   -4.956993E-06
 2582   -4.953154E-06
 2583   -4.949321E-06
 2584   -4.945491E-06
 2585   -4.941667E-06
 2586   -4.937846E-06
 2587   -4.934030E-06
 2588   -4.930219E-06
 2589   -4.926412E-06
 2590   -4.922609E-06
 2591   -4.668779E-06
 2592   -4.665178E-06
 2593   -4.661581E-06
 2594   -4.657989E-06
 2595   -4.654400E-06
 2596   -4.650816E-06
 2597   -4.647235E-06
 2598   -4.643659E-06
 2599   -4.640087E-06
 2600   -4.636519E-06
 2601   -4.297082E-06
 2602   -4.293780E-06
 2603   -4.290482E-06
 2604   -4.287188E-06
 2605   -4.283898E-06
 2606   -4.280611E-06
 2607   -4.277329E-06
 2608   -4.274050E-06
 2609   -4.270775E-06
 2610   -4.267503E-06
 2611   -4.157720E-06
 2612   -4.154538E-06
 2613   -4.151359E-06
 2614   -4.148184E-06
 2615   -4.145013E-06
 2616   -4.141845E-06
 2617   -4.138681E-06
 2618   -4.135520E-06
 2619   -4.132363E-06
 2620   -4.129210E-06
 2621   -4.198219E-06
 2622   -4.195018E-06
 2623   -4.191821E-06
 2624   -4.188627E-06
 2625   -4.185437E-06
 2626   -4.182250E-06
 2627   -4.179067E-06
 2628   -4.175888E-06
 2629   -4.172713E-06
 2630   -4.169541E-06
 2631   -4.297653E-06
 2632   -4.294389E-06
 2633   -4.291128E-06
 2634   -4.287871E-06
 2635   -4.284618E-06
 2636   -4.281368E-06
 2637   -4.278122E-06
 2638   -4.274880E-06
 2639   -4.271642E-06
 2640   -4.268407E-06
 2641   -4.097585E-06
 2642   -4.094484E-06
 2643   -4.091387E-06
 2644   -4.088293E-06
 2645   -4.085203E-06
 2646   -4.082116E-06
 2647   -4.079033E-06
 2648   -4.075954E-06
 2649   -4.072877E-06
 2650   -4.069805E-06
 2651   -3.799712E-06
 2652   -3.796848E-06
 2653   -3.793987E-06
 2654   -3.791129E-06
 2655   -3.788274E-06
 2656   -3.785422E-06
 2657   -3.782574E-06
 2658   -3.779729E-06
 2659   -3.776887E-06
 2660   -3.774048E-06
 2661   -3.619802E-06
 2662   -3.617084E-06
 2663   -3.614368E-06
 2664   -3.611656E-06
 2665   -3.608946E-06
 2666   -3.606240E-06
 2667   -3.603536E-06
 2668   -3.600836E-06
 2669   -3.598139E-06
 2670   -3.595445E-06
 2671   -3.682345E-06
 2672   -3.679590E-06
 2673   -3.676838E-06
 2674   -3.674089E-06
 2675   -3.671343E-06
 2676   -3.668600E-06
 2677   -3.665860E-06
 2678   -3.663123E-06
 2679   -3.660390E-06
 2680   -3.657659E-06
 2681   -3.772818E-06
 2682   -3.770006E-06
 2683   -3.767196E-06
 2684   -3.764390E-06
 2685   -3.761587E-06
 2686   -3.758788E-06
 2687   -3.755991E-06
 2688   -3.753197E-06
 2689   -3.750407E-06
 2690   -3.747619E-06
 2691   -3.656425E-06
 2692   -3.653710E-06
 2693   -3.650997E-06
 2694   -3.648288E-06
 2695   -3.645581E-06
 2696   -3.642878E-06
 2697   -3.640177E-06
 2698   -3.637480E-06
 2699   -3.634786E-06
 2700   -3.632094E-06
 2701   -3.398703E-06
 2702   -3.396188E-06
 2703   -3.393676E-06
 2704   -3.391167E-06
 2705   -3.388660E-06
 2706   -3.386157E-06
 2707   -3.383656E-06
 2708   -3.381158E-06
 2709   -3.378662E-06
 2710   -3.376170E-06
 2711   -3.310163E-06
 2712   -3.307723E-06
 2713   -3.305285E-06
 2714   -3.302851E-06
 2715   -3.300418E-06
 2716   -3.297989E-06
 2717   -3.295562E-06
 2718   -3.293138E-06
 2719   -3.290717E-06
 2720   -3.288298E-06
 2721   -3.360501E-06
 2722   -3.358033E-06
 2723   -3.355568E-06
 2724   -3.353105E-06
 2725   -3.350645E-06
 2726   -3.348187E-06
 2727   -3.345733E-06
 2728   -3.343281E-06
 2729   -3.340832E-06
 2730   -3.338385E-06
 2731   -3.354274E-06
 2732   -3.351819E-06
 2733   -3.349367E-06
 2734   -3.346918E-06
 2735   -3.344472E-06
 2736   -3.342028E-06
 2737   -3.339587E-06
 2738   -3.337148E-06
 2739   -3.334712E-06
 2740   -3.332279E-06
 2741   -3.230440E-06
 2742   -3.228085E-06
 2743   -3.225732E-06
 2744   -3.223382E-06
 2745   -3.221034E-06
 2746   -3.218689E-06
 2747   -3.216346E-06
 2748   -3.214006E-06
 2749   -3.211669E-06
 2750   -3.209334E-06
 2751   -3.007227E-06
 2752   -3.005042E-06
 2753   -3.002860E-06
 2754   -3.000680E-06
 2755   -2.998502E-06
 2756   -2.996327E-06
 2757   -2.994154E-06
 2758   -2.991984E-06
 2759   -2.989816E-06
 2760   -2.987650E-06
 2761   -2.815109E-06
 2762   -2.813071E-06
 2763   -2.811036E-06
 2764   -2.809002E-06
 2765   -2.806971E-06
 2766   -2.804942E-06
 2767   -2.802916E-06
 2768   -2.800891E-06
 2769   -2.798869E-06
 2770   -2.796849E-06
 2771   -2.909381E-06
 2772   -2.907282E-06
 2773   -2.905186E-06
 2774   -2.903092E-06
 2775   -2.901001E-06
 2776   -2.898911E-06
 2777   -2.896824E-06
 2778   -2.894740E-06
 2779   -2.892657E-06
 2780   -2.890577E-06
 2781   -2.830460E-06
 2782   -2.828426E-06
 2783   -2.826394E-06
 2784   -2.824364E-06
 2785   -2.822337E-06
 2786   -2.820311E-06
 2787   -2.818288E-06
 2788   -2.816267E-06
 2789   -2.814248E-06
 2790   -2.812232E-06
 2791   -2.714906E-06
 2792   -2.712962E-06
 2793   -2.711020E-06
 2794   -2.709080E-06
 2795   -2.707143E-06
 2796   -2.705207E-06
 2797   -2.703273E-06
 2798   -2.701342E-06
 2799   -2.699412E-06
 2800   -2.697485E-06
 2801   -2.485543E-06
 2802   -2.483770E-06
 2803   -2.481998E-06
 2804   -2.480229E-06
 2805   -2.478461E-06
 2806   -2.476695E-06
 2807   -2.474931E-06
 2808   -2.473169E-06
 2809   -2.471408E-06
 2810   -2.469650E-06
 2811   -2.288779E-06
 2812   -2.287152E-06
 2813   -2.285526E-06
 2814   -2.283902E-06
 2815   -2.282280E-06
 2816   -2.280660E-06
 2817   -2.279041E-06
 2818   -2.277424E-06
 2819   -2.275809E-06
 2820   -2.274196E-06
 2821   -2.363292E-06
 2822   -2.361618E-06
 2823   -2.359945E-06
 2824   -2.358275E-06
 2825   -2.356606E-06
 2826   -2.354939E-06
 2827   -2.353273E-06
 2828   -2.351609E-06
 2829   -2.349947E-06
 2830   -2.348287E-06
 2831   -2.285436E-06
 2832   -2.283823E-06
 2833   -2.282211E-06
 2834   -2.280601E-06
 2835   -2.278993E-06
 2836   -2.277386E-06
 2837   -2.275781E-06
 2838   -2.274178E-06
 2839   -2.272576E-06
 2840   -2.270976E-06
 2841   -2.222174E-06
 2842   -2.220611E-06
 2843   -2.219049E-06
 2844   -2.217489E-06
 2845   -2.215931E-06
 2846   -2.214374E-06
 2847   -2.212819E-06
 2848   -2.211266E-06
 2849   -2.209714E-06
 2850   -2.208164E-06
 2851   -2.039649E-06
 2852   -2.038219E-06
 2853   -2.036791E-06
 2854   -2.035364E-06
 2855   -2.033939E-06
 2856   -2.032515E-06
 2857   -2.031093E-06
 2858   -2.029672E-06
 2859   -2.028253E-06
 2860   -2.026835E-06
 2861   -1.884201E-06
 2862   -1.882885E-06
 2863   -1.881570E-06
 2864   -1.880256E-06
 2865   -1.878944E-06
 2866   -1.877633E-06
 2867   -1.876324E-06
 2868   -1.875016E-06
 2869   -1.873709E-06
 2870   -1.872404E-06
 2871   -1.960646E-06
 2872   -1.959281E-06
 2873   -1.957918E-06
 2874   -1.956556E-06
 2875   -1.955195E-06
 2876   -1.953836E-06
 2877   -1.952478E-06
 2878   -1.951122E-06
 2879   -1.949767E-06
 2880   -1.948413E-06
 2881   -1.909258E-06
 2882   -1.907934E-06
 2883   -1.906611E-06
 2884   -1.905289E-06
 2885   -1.903969E-06
 2886   -1.902650E-06
 2887   -1.901332E-06
 2888   -1.900016E-06
 2889   -1.898701E-06
 2890   -1.897387E-06
 2891   -1.815987E-06
 2892   -1.814732E-06
 2893   -1.813478E-06
 2894   -1.812225E-06
 2895   -1.810973E-06
 2896   -1.809723E-06
 2897   -1.808474E-06
 2898   -1.807226E-06
 2899   -1.805980E-06
 2900   -1.804735E-06
 2901   -1.570434E-06
 2902   -1.569352E-06
 2903   -1.568271E-06
 2904   -1.567192E-06
 2905   -1.566113E-06
 2906   -1.565036E-06
 2907   -1.563959E-06
 2908   -1.562884E-06
 2909   -1.561810E-06
 2910   -1.560737E-06
 2911   -1.409135E-06
 2912   -1.408167E-06
 2913   -1.407201E-06
 2914   -1.406235E-06
 2915   -1.405271E-06
 2916   -1.404307E-06
 2917   -1.403345E-06
 2918   -1.402383E-06
 2919   -1.401423E-06
 2920   -1.400463E-06
 2921   -1.451728E-06
 2922   -1.450734E-06
 2923   -1.449742E-06
 2924   -1.448751E-06
 2925   -1.447761E-06
 2926   -1.446771E-06
 2927   -1.445783E-06
 2928   -1.444796E-06
 2929   -1.443810E-06
 2930   -1.442825E-06
 2931   -1.386480E-06
 2932   -1.385535E-06
 2933   -1.384590E-06
 2934   -1.383647E-06
 2935   -1.382704E-06
 2936   -1.381763E-06
 2937   -1.380822E-06
 2938   -1.379882E-06
 2939   -1.378944E-06
 2940   -1.378006E-06
 2941   -1.338625E-06
 2942   -1.337716E-06
 2943   -1.336807E-06
 2944   -1.335899E-06
 2945   -1.334992E-06
 2946   -1.334086E-06
 2947   -1.333181E-06
 2948   -1.332277E-06
 2949   -1.331373E-06
 2950   -1.330471E-06
 2951   -1.170976E-06
 2952   -1.170183E-06
 2953   -1.169390E-06
 2954   -1.168599E-06
 2955   -1.167808E-06
 2956   -1.167018E-06
 2957   -1.166229E-06
 2958   -1.165441E-06
 2959   -1.164654E-06
 2960   -1.163867E-06
 2961   -1.087503E-06
 2962   -1.086769E-06
 2963   -1.086036E-06
 2964   -1.085303E-06
 2965   -1.084571E-06
 2966   -1.083840E-06
 2967   -1.083110E-06
 2968   -1.082380E-06
 2969   -1.081651E-06
 2970   -1.080923E-06
 2971   -1.100579E-06
 2972   -1.099839E-06
 2973   -1.099099E-06
 2974   -1.098361E-06
 2975   -1.097622E-06
 2976   -1.096885E-06
 2977   -1.096148E-06
 2978   -1.095412E-06
 2979   -1.094677E-06
 2980   -1.093943E-06
 2981   -1.061087E-06
 2982   -1.060375E-06
 2983   -1.059665E-06
 2984   -1.058955E-06
 2985   -1.058246E-06
 2986   -1.057537E-06
 2987   -1.056829E-06
 2988   -1.056122E-06
 2989   -1.055416E-06
 2990   -1.054710E-06
 2991   -1.008301E-06
 2992   -1.007627E-06
 2993   -1.006954E-06
 2994   -1.006281E-06
 2995   -1.005610E-06
 2996   -1.004939E-06
 2997   -1.004268E-06
 2998   -1.003598E-06
 2999   -1.002929E-06
 3000   -1.002261E-06
 3001   -8.551486E-07
 3002   -8.545791E-07
 3003   -8.540101E-07
 3004   -8.534417E-07
 3005   -8.528739E-07
 3006   -8.523066E-07
 3007   -8.517399E-07
 3008   -8.511738E-07
 3009   -8.506082E-07
 3010   -8.500432E-07
 3011   -7.663645E-07
 3012   -7.658558E-07
 3013   -7.653476E-07
 3014   -7.648399E-07
 3015   -7.643327E-07
 3016   -7.638260E-07
 3017   -7.633198E-07
 3018   -7.628142E-07
 3019   -7.623090E-07
 3020   -7.618043E-07
 3021   -7.717282E-07
 3022   -7.712177E-07
 3023   -7.707076E-07
 3024   -7.701981E-07
 3025   -7.696890E-07
 3026   -7.691805E-07
 3027   -7.686724E-07
 3028   -7.681649E-07
 3029   -7.676578E-07
 3030   -7.671513E-07
 3031   -7.420954E-07
 3032   -7.416060E-07
 3033   -7.411172E-07
 3034   -7.406288E-07
 3035   -7.401409E-07
 3036   -7.396535E-07
 3037   -7.391666E-07
 3038   -7.386801E-07
 3039   -7.381941E-07
 3040   -7.377086E-07
 3041   -7.100060E-07
 3042   -7.095393E-07
 3043   -7.090732E-07
 3044   -7.086074E-07
 3045   -7.081421E-07
 3046   -7.076773E-07
 3047   -7.072130E-07
 3048   -7.067491E-07
 3049   -7.062856E-07
 3050   -7.058227E-07
 3051   -6.202549E-07
 3052   -6.198486E-07
 3053   -6.194427E-07
 3054   -6.190371E-07
 3055   -6.186320E-07
 3056   -6.182273E-07
 3057   -6.178229E-07
 3058   -6.174190E-07
 3059   -6.170155E-07
 3060   -6.166123E-07
 3061   -5.692537E-07
 3062   -5.688820E-07
 3063   -5.685107E-07
 3064   -5.681397E-07
 3065   -5.677691E-07
 3066   -5.673989E-07
 3067   -5.670290E-07
 3068   -5.666595E-07
 3069   -5.662903E-07
 3070   -5.659215E-07
 3071   -5.614587E-07
 3072   -5.610932E-07
 3073   -5.607282E-07
 3074   -5.603635E-07
 3075   -5.599991E-07
 3076   -5.596351E-07
 3077   -5.592715E-07
 3078   -5.589082E-07
 3079   -5.585453E-07
 3080   -5.581827E-07
 3081   -5.100787E-07
 3082   -5.097478E-07
 3083   -5.094172E-07
 3084   -5.090869E-07
 3085   -5.087570E-07
 3086   -5.084274E-07
 3087   -5.080981E-07
 3088   -5.077691E-07
 3089   -5.074405E-07
 3090   -5.071121E-07
 3091   -3.847813E-07
 3092   -3.845325E-07
 3093   -3.842839E-07
 3094   -3.840356E-07
 3095   -3.837875E-07
 3096   -3.835397E-07
 3097   -3.832921E-07
 3098   -3.830447E-07
 3099   -3.827976E-07
 3100   -3.825507E-07
 3101   -1.368289E-07
 3102   -1.367407E-07
 3103   -1.366526E-07
 3104   -1.365646E-07
 3105   -1.364766E-07
 3106   -1.363888E-07
 3107   -1.363010E-07
 3108   -1.362133E-07
 3109   -1.361257E-07
 3110   -1.360382E-07
 3111    5.073523E-10
 3112    5.070263E-10
 3113    5.067007E-10
 3114    5.063754E-10
 3115    5.060504E-10
 3116    5.057256E-10
 3117    5.054013E-10
 3118    5.050772E-10
 3119    5.047534E-10
 3120    5.044300E-10
 3121    3.604400E-08
 3122    3.602091E-08
 3123    3.599785E-08
 3124    3.597481E-08
 3125    3.595180E-08
 3126    3.592880E-08
 3127    3.590583E-08
 3128    3.588288E-08
 3129    3.585995E-08
 3130    3.583705E-08
 3131    3.880291E-08
 3132    3.877814E-08
 3133    3.875340E-08
 3134    3.872867E-08
 3135    3.870397E-08
 3136    3.867930E-08
 3137    3.865465E-08
 3138    3.863002E-08
 3139    3.860541E-08
 3140    3.858083E-08
 3141    3.929427E-08
 3142    3.926926E-08
 3143    3.924428E-08
 3144    3.921933E-08
 3145    3.919439E-08
 3146    3.916948E-08
 3147    3.914460E-08
 3148    3.911974E-08
 3149    3.909490E-08
 3150    3.907009E-08
 3151    3.966950E-08
 3152    3.964433E-08
 3153    3.961919E-08
 3154    3.959408E-08
 3155    3.956899E-08
 3156    3.954392E-08
 3157    3.951888E-08
 3158    3.949386E-08
 3159    3.946886E-08
 3160    3.944389E-08
 3161    3.666128E-08
 3162    3.663809E-08
 3163    3.661494E-08
 3164    3.659180E-08
 3165    3.656868E-08
 3166    3.654559E-08
 3167    3.652252E-08
 3168    3.649947E-08
 3169    3.647644E-08
 3170    3.645343E-08
 3171    3.290237E-08
 3172    3.288163E-08
 3173    3.286091E-08
 3174    3.284021E-08
 3175    3.281953E-08
 3176    3.279887E-08
 3177    3.277823E-08
 3178    3.275761E-08
 3179    3.273701E-08
 3180    3.271642E-08
 3181    2.934756E-08
 3182    2.932912E-08
 3183    2.931070E-08
 3184    2.929229E-08
 3185    2.927390E-08
 3186    2.925553E-08
 3187    2.923718E-08
 3188    2.921884E-08
 3189    2.920052E-08
 3190    2.918222E-08
 3191    2.581364E-08
 3192    2.579747E-08
 3193    2.578132E-08
 3194    2.576518E-08
 3195    2.574906E-08
 3196    2.573295E-08
 3197    2.571685E-08
 3198    2.570078E-08
 3199    2.568471E-08
 3200    2.566867E-08
 3201    2.184184E-08
 3202    2.182820E-08
 3203    2.181457E-08
 3204    2.180096E-08
 3205    2.178736E-08
 3206    2.177377E-08
 3207    2.176020E-08
 3208    2.174664E-08
 3209    2.173309E-08
 3210    2.171955E-08
 3211    1.941356E-08
 3212    1.940148E-08
 3213    1.938940E-08
 3214    1.937734E-08
 3215    1.936529E-08
 3216    1.935325E-08
 3217    1.934122E-08
 3218    1.932921E-08
 3219    1.931720E-08
 3220    1.930521E-08
 3221    1.719566E-08
 3222    1.718499E-08
 3223    1.717433E-08
 3224    1.716368E-08
 3225    1.715304E-08
 3226    1.714241E-08
 3227    1.713179E-08
 3228    1.712117E-08
 3229    1.711057E-08
 3230    1.709998E-08
 3231    1.506024E-08
 3232    1.505092E-08
 3233    1.504161E-08
 3234    1.503231E-08
 3235    1.502302E-08
 3236    1.501374E-08
 3237    1.500447E-08
 3238    1.499520E-08
 3239    1.498595E-08
 3240    1.497670E-08
 3241    1.332977E-08
 3242    1.332155E-08
 3243    1.331334E-08
 3244    1.330514E-08
 3245    1.329694E-08
 3246    1.328875E-08
 3247    1.328056E-08
 3248    1.327239E-08
 3249    1.326422E-08
 3250    1.325606E-08
 3251    1.194906E-08
 3252    1.194171E-08
 3253    1.193437E-08
 3254    1.192704E-08
 3255    1.191971E-08
 3256    1.191240E-08
 3257    1.190508E-08
 3258    1.189778E-08
 3259    1.189048E-08
 3260    1.188318E-08
 3261    1.089525E-08
 3262    1.088858E-08
 3263    1.088190E-08
 3264    1.087524E-08
 3265    1.086858E-08
 3266    1.086192E-08
 3267    1.085528E-08
 3268    1.084864E-08
 3269    1.084200E-08
 3270    1.083537E-08
 3271    9.687637E-09
 3272    9.681717E-09
 3273    9.675803E-09
 3274    9.669894E-09
 3275    9.663990E-09
 3276    9.658092E-09
 3277    9.652200E-09
 3278    9.646312E-09
 3279    9.640430E-09
 3280    9.634554E-09
 3281    9.262340E-09
 3282    9.256697E-09
 3283    9.251060E-09
 3284    9.245428E-09
 3285    9.239800E-09
 3286    9.234178E-09
 3287    9.228562E-09
 3288    9.222950E-09
 3289    9.217343E-09
 3290    9.211742E-09
 3291    8.484716E-09
 3292    8.479563E-09
 3293    8.474414E-09
 3294    8.469270E-09
 3295    8.464131E-09
 3296    8.458997E-09
 3297    8.453867E-09
 3298    8.448742E-09
 3299    8.443621E-09
 3300    8.438506E-09
