   50    0.000000E+00
   51    0.000000E+00
   52    0.000000E+00
   53    0.000000E+00
   54    0.000000E+00
   55    0.000000E+00
   56    0.000000E+00
   57    0.000000E+00
   58    0.000000E+00
   59    0.000000E+00
   60    0.000000E+00
   61    0.000000E+00
   62    0.000000E+00
   63    0.000000E+00
   64    0.000000E+00
   65    0.000000E+00
   66    0.000000E+00
   67    0.000000E+00
   68    0.000000E+00
   69    0.000000E+00
   70    0.000000E+00
   71    0.000000E+00
   72    0.000000E+00
   73    0.000000E+00
   74    0.000000E+00
   75    0.000000E+00
   76    0.000000E+00
   77    0.000000E+00
   78    0.000000E+00
   79    0.000000E+00
   80    0.000000E+00
   81    0.000000E+00
   82    0.000000E+00
   83    0.000000E+00
   84    0.000000E+00
   85    0.000000E+00
   86    0.000000E+00
   87    0.000000E+00
   88    0.000000E+00
   89    0.000000E+00
   90    0.000000E+00
   91    0.000000E+00
   92    0.000000E+00
   93    0.000000E+00
   94    0.000000E+00
   95    0.000000E+00
   96    0.000000E+00
   97    0.000000E+00
   98    0.000000E+00
   99    0.000000E+00
  100    0.000000E+00
  101    0.000000E+00
  102    0.000000E+00
  103    0.000000E+00
  104    0.000000E+00
  105    0.000000E+00
  106    0.000000E+00
  107    0.000000E+00
  108    0.000000E+00
  109    0.000000E+00
  110    0.000000E+00
  111    0.000000E+00
  112    0.000000E+00
  113    0.000000E+00
  114    0.000000E+00
  115    0.000000E+00
  116    0.000000E+00
  117    0.000000E+00
  118    0.000000E+00
  119    0.000000E+00
  120    0.000000E+00
  121    0.000000E+00
  122    0.000000E+00
  123    0.000000E+00
  124    0.000000E+00
  125    0.000000E+00
  126    0.000000E+00
  127    0.000000E+00
  128    0.000000E+00
  129    0.000000E+00
  130    0.000000E+00
  131    0.000000E+00
  132    0.000000E+00
  133    0.000000E+00
  134    0.000000E+00
  135    0.000000E+00
  136    0.000000E+00
  137    0.000000E+00
  138    0.000000E+00
  139    0.000000E+00
  140    0.000000E+00
  141    0.000000E+00
  142    0.000000E+00
  143    0.000000E+00
  144    0.000000E+00
  145    0.000000E+00
  146    0.000000E+00
  147    0.000000E+00
  148    0.000000E+00
  149    0.000000E+00
  150    0.000000E+00
  151    0.000000E+00
  152    0.000000E+00
  153    0.000000E+00
  154    0.000000E+00
  155    0.000000E+00
  156    0.000000E+00
  157    0.000000E+00
  158    0.000000E+00
  159    0.000000E+00
  160    0.000000E+00
  161    0.000000E+00
  162    0.000000E+00
  163    0.000000E+00
  164    0.000000E+00
  165    0.000000E+00
  166    0.000000E+00
  167    0.000000E+00
  168    0.000000E+00
  169    0.000000E+00
  170    0.000000E+00
  171    0.000000E+00
  172    0.000000E+00
  173    0.000000E+00
  174    0.000000E+00
  175    0.000000E+00
  176    0.000000E+00
  177    0.000000E+00
  178    0.000000E+00
  179    0.000000E+00
  180    0.000000E+00
  181    1.438748E-11
  182    1.423024E-11
  183    1.407556E-11
  184    1.392339E-11
  185    1.377368E-11
  186    1.362636E-11
  187    1.348140E-11
  188    1.333874E-11
  189    1.319834E-11
  190    1.306013E-11
  191    3.271723E-11
  192    3.237819E-11
  193    3.204439E-11
  194    3.171573E-11
  195    3.139210E-11
  196    3.107340E-11
  197    3.075953E-11
  198    3.045039E-11
  199    3.014588E-11
  200    2.984592E-11
  201    5.908678E-10
  202    5.850464E-10
  203    5.793107E-10
  204    5.736589E-10
  205    5.680894E-10
  206    5.626006E-10
  207    5.571910E-10
  208    5.518590E-10
  209    5.466032E-10
  210    5.414221E-10
  211    8.053769E-10
  212    7.978147E-10
  213    7.903585E-10
  214    7.830063E-10
  215    7.757562E-10
  216    7.686064E-10
  217    7.615550E-10
  218    7.546001E-10
  219    7.477401E-10
  220    7.409732E-10
  221    1.362713E-09
  222    1.350492E-09
  223    1.338434E-09
  224    1.326536E-09
  225    1.314797E-09
  226    1.303213E-09
  227    1.291781E-09
  228    1.280499E-09
  229    1.269365E-09
  230    1.258374E-09
  231    2.975082E-09
  232    2.949545E-09
  233    2.924335E-09
  234    2.899447E-09
  235    2.874876E-09
  236    2.850615E-09
  237    2.826660E-09
  238    2.803006E-09
  239    2.779648E-09
  240    2.756580E-09
  241    2.696472E-09
  242    2.674279E-09
  243    2.652359E-09
  244    2.630707E-09
  245    2.609319E-09
  246    2.588191E-09
  247    2.567318E-09
  248    2.546697E-09
  249    2.526324E-09
  250    2.506194E-09
  251    5.575314E-09
  252    5.531241E-09
  253    5.487688E-09
  254    5.444647E-09
  255    5.402111E-09
  256    5.360071E-09
  257    5.318520E-09
  258    5.277450E-09
  259    5.236855E-09
  260    5.196725E-09
  261    5.814426E-09
  262    5.770210E-09
  263    5.726496E-09
  264    5.683277E-09
  265    5.640546E-09
  266    5.598294E-09
  267    5.556516E-09
  268    5.515204E-09
  269    5.474350E-09
  270    5.433949E-09
  271    7.600594E-09
  272    7.544912E-09
  273    7.489840E-09
  274    7.435368E-09
  275    7.381488E-09
  276    7.328193E-09
  277    7.275472E-09
  278    7.223318E-09
  279    7.171723E-09
  280    7.120678E-09
  281    8.702677E-09
  282    8.641174E-09
  283    8.580320E-09
  284    8.520107E-09
  285    8.460526E-09
  286    8.401568E-09
  287    8.343224E-09
  288    8.285485E-09
  289    8.228344E-09
  290    8.171792E-09
  291    1.062141E-08
  292    1.054891E-08
  293    1.047715E-08
  294    1.040612E-08
  295    1.033580E-08
  296    1.026620E-08
  297    1.019730E-08
  298    1.012909E-08
  299    1.006157E-08
  300    9.994712E-09
  301    1.301615E-08
  302    1.293024E-08
  303    1.284517E-08
  304    1.276094E-08
  305    1.267754E-08
  306    1.259495E-08
  307    1.251316E-08
  308    1.243217E-08
  309    1.235196E-08
  310    1.227253E-08
  311    1.449148E-08
  312    1.439888E-08
  313    1.430717E-08
  314    1.421633E-08
  315    1.412635E-08
  316    1.403723E-08
  317    1.394894E-08
  318    1.386149E-08
  319    1.377485E-08
  320    1.368903E-08
  321    1.681202E-08
  322    1.670792E-08
  323    1.660479E-08
  324    1.650260E-08
  325    1.640136E-08
  326    1.630105E-08
  327    1.620165E-08
  328    1.610316E-08
  329    1.600556E-08
  330    1.590885E-08
  331    1.955641E-08
  332    1.943896E-08
  333    1.932256E-08
  334    1.920720E-08
  335    1.909287E-08
  336    1.897956E-08
  337    1.886725E-08
  338    1.875594E-08
  339    1.864561E-08
  340    1.853625E-08
  341    2.183819E-08
  342    2.171086E-08
  343    2.158463E-08
  344    2.145950E-08
  345    2.133546E-08
  346    2.121249E-08
  347    2.109058E-08
  348    2.096971E-08
  349    2.084989E-08
  350    2.073108E-08
  351    2.317164E-08
  352    2.304036E-08
  353    2.291019E-08
  354    2.278111E-08
  355    2.265313E-08
  356    2.252622E-08
  357    2.240038E-08
  358    2.227558E-08
  359    2.215183E-08
  360    2.202911E-08
  361    2.834630E-08
  362    2.819012E-08
  363    2.803523E-08
  364    2.788161E-08
  365    2.772925E-08
  366    2.757814E-08
  367    2.742826E-08
  368    2.727960E-08
  369    2.713214E-08
  370    2.698588E-08
  371    2.861115E-08
  372    2.845774E-08
  373    2.830555E-08
  374    2.815459E-08
  375    2.800483E-08
  376    2.785627E-08
  377    2.770888E-08
  378    2.756266E-08
  379    2.741759E-08
  380    2.727367E-08
  381    3.268524E-08
  382    3.251456E-08
  383    3.234521E-08
  384    3.217718E-08
  385    3.201046E-08
  386    3.184503E-08
  387    3.168088E-08
  388    3.151800E-08
  389    3.135637E-08
  390    3.119598E-08
  391    3.646318E-08
  392    3.627762E-08
  393    3.609347E-08
  394    3.591071E-08
  395    3.572935E-08
  396    3.554935E-08
  397    3.537071E-08
  398    3.519341E-08
  399    3.501745E-08
  400    3.484280E-08
  401    3.509384E-08
  402    3.491968E-08
  403    3.474681E-08
  404    3.457522E-08
  405    3.440490E-08
  406    3.423583E-08
  407    3.406801E-08
  408    3.390142E-08
  409    3.373604E-08
  410    3.357188E-08
  411    4.286396E-08
  412    4.265639E-08
  413    4.245032E-08
  414    4.224574E-08
  415    4.204264E-08
  416    4.184099E-08
  417    4.164080E-08
  418    4.144203E-08
  419    4.124469E-08
  420    4.104875E-08
  421    4.023026E-08
  422    4.004005E-08
  423    3.985118E-08
  424    3.966364E-08
  425    3.947743E-08
  426    3.929252E-08
  427    3.910891E-08
  428    3.892659E-08
  429    3.874553E-08
  430    3.856574E-08
  431    4.830304E-08
  432    4.807993E-08
  433    4.785837E-08
  434    4.763833E-08
  435    4.741981E-08
  436    4.720278E-08
  437    4.698724E-08
  438    4.677318E-08
  439    4.656057E-08
  440    4.634941E-08
  441    4.891979E-08
  442    4.869893E-08
  443    4.847957E-08
  444    4.826168E-08
  445    4.804526E-08
  446    4.783030E-08
  447    4.761677E-08
  448    4.740467E-08
  449    4.719398E-08
  450    4.698469E-08
  451    4.927120E-08
  452    4.905367E-08
  453    4.883757E-08
  454    4.862290E-08
  455    4.840964E-08
  456    4.819779E-08
  457    4.798732E-08
  458    4.777822E-08
  459    4.757049E-08
  460    4.736411E-08
  461    5.504096E-08
  462    5.480320E-08
  463    5.456698E-08
  464    5.433228E-08
  465    5.409910E-08
  466    5.386741E-08
  467    5.363720E-08
  468    5.340847E-08
  469    5.318120E-08
  470    5.295538E-08
  471    5.268276E-08
  472    5.246000E-08
  473    5.223865E-08
  474    5.201870E-08
  475    5.180013E-08
  476    5.158294E-08
  477    5.136712E-08
  478    5.115264E-08
  479    5.093950E-08
  480    5.072770E-08
  481    6.281747E-08
  482    6.255735E-08
  483    6.229885E-08
  484    6.204195E-08
  485    6.178663E-08
  486    6.153289E-08
  487    6.128070E-08
  488    6.103007E-08
  489    6.078097E-08
  490    6.053338E-08
  491    5.910038E-08
  492    5.886062E-08
  493    5.862232E-08
  494    5.838546E-08
  495    5.815003E-08
  496    5.791603E-08
  497    5.768344E-08
  498    5.745224E-08
  499    5.722243E-08
  500    5.699400E-08
  501    6.365354E-08
  502    6.340044E-08
  503    6.314885E-08
  504    6.289876E-08
  505    6.265015E-08
  506    6.240301E-08
  507    6.215732E-08
  508    6.191309E-08
  509    6.167030E-08
  510    6.142892E-08
  511    6.936936E-08
  512    6.909891E-08
  513    6.883005E-08
  514    6.856274E-08
  515    6.829700E-08
  516    6.803279E-08
  517    6.777012E-08
  518    6.750896E-08
  519    6.724931E-08
  520    6.699116E-08
  521    6.711192E-08
  522    6.685528E-08
  523    6.660011E-08
  524    6.634639E-08
  525    6.609412E-08
  526    6.584329E-08
  527    6.559389E-08
  528    6.534589E-08
  529    6.509930E-08
  530    6.485411E-08
  531    7.559810E-08
  532    7.531443E-08
  533    7.503235E-08
  534    7.475186E-08
  535    7.447293E-08
  536    7.419557E-08
  537    7.391975E-08
  538    7.364546E-08
  539    7.337270E-08
  540    7.310145E-08
  541    7.030821E-08
  542    7.004925E-08
  543    6.979171E-08
  544    6.953560E-08
  545    6.928089E-08
  546    6.902757E-08
  547    6.877565E-08
  548    6.852510E-08
  549    6.827592E-08
  550    6.802809E-08
  551    7.767036E-08
  552    7.738946E-08
  553    7.711007E-08
  554    7.683220E-08
  555    7.655582E-08
  556    7.628094E-08
  557    7.600753E-08
  558    7.573559E-08
  559    7.546510E-08
  560    7.519607E-08
  561    7.724765E-08
  562    7.697323E-08
  563    7.670028E-08
  564    7.642877E-08
  565    7.615871E-08
  566    7.589007E-08
  567    7.562285E-08
  568    7.535704E-08
  569    7.509263E-08
  570    7.482961E-08
  571    7.613347E-08
  572    7.586774E-08
  573    7.560339E-08
  574    7.534042E-08
  575    7.507882E-08
  576    7.481858E-08
  577    7.455969E-08
  578    7.430215E-08
  579    7.404593E-08
  580    7.379104E-08
  581    7.942732E-08
  582    7.915484E-08
  583    7.888376E-08
  584    7.861407E-08
  585    7.834576E-08
  586    7.807883E-08
  587    7.781325E-08
  588    7.754903E-08
  589    7.728615E-08
  590    7.702461E-08
  591    7.956681E-08
  592    7.929845E-08
  593    7.903146E-08
  594    7.876580E-08
  595    7.850149E-08
  596    7.823850E-08
  597    7.797683E-08
  598    7.771648E-08
  599    7.745742E-08
  600    7.719966E-08
  601    8.227460E-08
  602    8.200172E-08
  603    8.173019E-08
  604    8.146001E-08
  605    8.119116E-08
  606    8.092365E-08
  607    8.065745E-08
  608    8.039256E-08
  609    8.012898E-08
  610    7.986669E-08
  611    7.871954E-08
  612    7.846271E-08
  613    7.820713E-08
  614    7.795280E-08
  615    7.769970E-08
  616    7.744784E-08
  617    7.719720E-08
  618    7.694777E-08
  619    7.669955E-08
  620    7.645254E-08
  621    8.330490E-08
  622    8.303746E-08
  623    8.277132E-08
  624    8.250645E-08
  625    8.224285E-08
  626    8.198051E-08
  627    8.171943E-08
  628    8.145959E-08
  629    8.120099E-08
  630    8.094362E-08
  631    8.059581E-08
  632    8.034116E-08
  633    8.008772E-08
  634    7.983547E-08
  635    7.958442E-08
  636    7.933455E-08
  637    7.908585E-08
  638    7.883832E-08
  639    7.859195E-08
  640    7.834673E-08
  641    8.002002E-08
  642    7.977112E-08
  643    7.952338E-08
  644    7.927680E-08
  645    7.903136E-08
  646    7.878706E-08
  647    7.854389E-08
  648    7.830184E-08
  649    7.806092E-08
  650    7.782110E-08
  651    8.185890E-08
  652    8.160819E-08
  653    8.135862E-08
  654    8.111020E-08
  655    8.086291E-08
  656    8.061675E-08
  657    8.037172E-08
  658    8.012780E-08
  659    7.988499E-08
  660    7.964328E-08
  661    7.816008E-08
  662    7.792430E-08
  663    7.768959E-08
  664    7.745593E-08
  665    7.722333E-08
  666    7.699178E-08
  667    7.676126E-08
  668    7.653178E-08
  669    7.630333E-08
  670    7.607590E-08
  671    8.141907E-08
  672    8.117711E-08
  673    8.093623E-08
  674    8.069642E-08
  675    8.045767E-08
  676    8.021998E-08
  677    7.998334E-08
  678    7.974775E-08
  679    7.951320E-08
  680    7.927968E-08
  681    7.743232E-08
  682    7.720558E-08
  683    7.697983E-08
  684    7.675507E-08
  685    7.653130E-08
  686    7.630850E-08
  687    7.608667E-08
  688    7.586581E-08
  689    7.564591E-08
  690    7.542696E-08
  691    7.710259E-08
  692    7.688007E-08
  693    7.665851E-08
  694    7.643791E-08
  695    7.621826E-08
  696    7.599956E-08
  697    7.578180E-08
  698    7.556497E-08
  699    7.534907E-08
  700    7.513409E-08
  701    7.625880E-08
  702    7.604185E-08
  703    7.582582E-08
  704    7.561071E-08
  705    7.539652E-08
  706    7.518323E-08
  707    7.497085E-08
  708    7.475937E-08
  709    7.454878E-08
  710    7.433908E-08
  711    7.471675E-08
  712    7.450717E-08
  713    7.429846E-08
  714    7.409064E-08
  715    7.388368E-08
  716    7.367759E-08
  717    7.347236E-08
  718    7.326798E-08
  719    7.306446E-08
  720    7.286179E-08
  721    7.651506E-08
  722    7.630340E-08
  723    7.609261E-08
  724    7.588270E-08
  725    7.567366E-08
  726    7.546548E-08
  727    7.525816E-08
  728    7.505169E-08
  729    7.484607E-08
  730    7.464129E-08
  731    7.407777E-08
  732    7.387565E-08
  733    7.367435E-08
  734    7.347388E-08
  735    7.327422E-08
  736    7.307538E-08
  737    7.287734E-08
  738    7.268011E-08
  739    7.248367E-08
  740    7.228804E-08
  741    7.777933E-08
  742    7.756997E-08
  743    7.736145E-08
  744    7.715377E-08
  745    7.694692E-08
  746    7.674090E-08
  747    7.653571E-08
  748    7.633135E-08
  749    7.612780E-08
  750    7.592506E-08
  751    7.601245E-08
  752    7.581055E-08
  753    7.560946E-08
  754    7.540917E-08
  755    7.520968E-08
  756    7.501097E-08
  757    7.481306E-08
  758    7.461592E-08
  759    7.441956E-08
  760    7.422398E-08
  761    7.788232E-08
  762    7.767817E-08
  763    7.747482E-08
  764    7.727228E-08
  765    7.707052E-08
  766    7.686955E-08
  767    7.666937E-08
  768    7.646997E-08
  769    7.627135E-08
  770    7.607350E-08
  771    8.191311E-08
  772    8.170117E-08
  773    8.149006E-08
  774    8.127976E-08
  775    8.107028E-08
  776    8.086160E-08
  777    8.065373E-08
  778    8.044666E-08
  779    8.024039E-08
  780    8.003491E-08
  781    8.128644E-08
  782    8.107881E-08
  783    8.087198E-08
  784    8.066594E-08
  785    8.046068E-08
  786    8.025621E-08
  787    8.005251E-08
  788    7.984959E-08
  789    7.964744E-08
  790    7.944605E-08
  791    8.867105E-08
  792    8.844742E-08
  793    8.822463E-08
  794    8.800268E-08
  795    8.778157E-08
  796    8.756129E-08
  797    8.734184E-08
  798    8.712321E-08
  799    8.690540E-08
  800    8.668841E-08
  801    8.988679E-08
  802    8.966292E-08
  803    8.943987E-08
  804    8.921766E-08
  805    8.899628E-08
  806    8.877572E-08
  807    8.855598E-08
  808    8.833705E-08
  809    8.811893E-08
  810    8.790162E-08
  811    9.553849E-08
  812    9.530346E-08
  813    9.506930E-08
  814    9.483600E-08
  815    9.460356E-08
  816    9.437197E-08
  817    9.414123E-08
  818    9.391134E-08
  819    9.368229E-08
  820    9.345407E-08
  821    1.051668E-07
  822    1.049112E-07
  823    1.046566E-07
  824    1.044029E-07
  825    1.041501E-07
  826    1.038982E-07
  827    1.036472E-07
  828    1.033972E-07
  829    1.031480E-07
  830    1.028998E-07
  831    1.091493E-07
  832    1.088872E-07
  833    1.086261E-07
  834    1.083659E-07
  835    1.081067E-07
  836    1.078484E-07
  837    1.075910E-07
  838    1.073345E-07
  839    1.070789E-07
  840    1.068243E-07
  841    1.277605E-07
  842    1.274574E-07
  843    1.271553E-07
  844    1.268544E-07
  845    1.265545E-07
  846    1.262556E-07
  847    1.259579E-07
  848    1.256611E-07
  849    1.253655E-07
  850    1.250708E-07
  851    1.293683E-07
  852    1.290649E-07
  853    1.287627E-07
  854    1.284615E-07
  855    1.281613E-07
  856    1.278622E-07
  857    1.275642E-07
  858    1.272672E-07
  859    1.269712E-07
  860    1.266763E-07
  861    1.455024E-07
  862    1.451652E-07
  863    1.448292E-07
  864    1.444943E-07
  865    1.441606E-07
  866    1.438281E-07
  867    1.434967E-07
  868    1.431664E-07
  869    1.428373E-07
  870    1.425093E-07
  871    1.652462E-07
  872    1.648676E-07
  873    1.644903E-07
  874    1.641143E-07
  875    1.637396E-07
  876    1.633662E-07
  877    1.629941E-07
  878    1.626232E-07
  879    1.622536E-07
  880    1.618853E-07
  881    1.737915E-07
  882    1.733978E-07
  883    1.730055E-07
  884    1.726146E-07
  885    1.722249E-07
  886    1.718366E-07
  887    1.714496E-07
  888    1.710639E-07
  889    1.706794E-07
  890    1.702963E-07
  891    2.099260E-07
  892    2.094558E-07
  893    2.089872E-07
  894    2.085202E-07
  895    2.080548E-07
  896    2.075909E-07
  897    2.071285E-07
  898    2.066677E-07
  899    2.062085E-07
  900    2.057507E-07
  901    2.213426E-07
  902    2.208524E-07
  903    2.203638E-07
  904    2.198768E-07
  905    2.193914E-07
  906    2.189076E-07
  907    2.184254E-07
  908    2.179449E-07
  909    2.174659E-07
  910    2.169884E-07
  911    2.562970E-07
  912    2.557356E-07
  913    2.551760E-07
  914    2.546182E-07
  915    2.540623E-07
  916    2.535082E-07
  917    2.529559E-07
  918    2.524054E-07
  919    2.518567E-07
  920    2.513098E-07
  921    2.938467E-07
  922    2.932100E-07
  923    2.925753E-07
  924    2.919427E-07
  925    2.913122E-07
  926    2.906837E-07
  927    2.900572E-07
  928    2.894328E-07
  929    2.888103E-07
  930    2.881899E-07
  931    3.096227E-07
  932    3.089590E-07
  933    3.082974E-07
  934    3.076379E-07
  935    3.069806E-07
  936    3.063254E-07
  937    3.056722E-07
  938    3.050212E-07
  939    3.043722E-07
  940    3.037253E-07
  941    3.711616E-07
  942    3.703745E-07
  943    3.695898E-07
  944    3.688076E-07
  945    3.680278E-07
  946    3.672506E-07
  947    3.664758E-07
  948    3.657035E-07
  949    3.649336E-07
  950    3.641661E-07
  951    3.773642E-07
  952    3.765723E-07
  953    3.757828E-07
  954    3.749958E-07
  955    3.742113E-07
  956    3.734293E-07
  957    3.726497E-07
  958    3.718725E-07
  959    3.710978E-07
  960    3.703255E-07
  961    4.322714E-07
  962    4.313736E-07
  963    4.304787E-07
  964    4.295865E-07
  965    4.286971E-07
  966    4.278104E-07
  967    4.269265E-07
  968    4.260454E-07
  969    4.251669E-07
  970    4.242912E-07
  971    4.683717E-07
  972    4.674090E-07
  973    4.664492E-07
  974    4.654924E-07
  975    4.645385E-07
  976    4.635876E-07
  977    4.626395E-07
  978    4.616944E-07
  979    4.607522E-07
  980    4.598128E-07
  981    5.111155E-07
  982    5.100756E-07
  983    5.090388E-07
  984    5.080053E-07
  985    5.069748E-07
  986    5.059475E-07
  987    5.049233E-07
  988    5.039023E-07
  989    5.028843E-07
  990    5.018694E-07
  991    6.151844E-07
  992    6.139453E-07
  993    6.127100E-07
  994    6.114784E-07
  995    6.102506E-07
  996    6.090264E-07
  997    6.078059E-07
  998    6.065891E-07
  999    6.053759E-07
 1000    6.041664E-07
 1001    6.143467E-07
 1002    6.131216E-07
 1003    6.119003E-07
 1004    6.106826E-07
 1005    6.094685E-07
 1006    6.082580E-07
 1007    6.070512E-07
 1008    6.058479E-07
 1009    6.046482E-07
 1010    6.034521E-07
 1011    7.409336E-07
 1012    7.394708E-07
 1013    7.380122E-07
 1014    7.365580E-07
 1015    7.351081E-07
 1016    7.336625E-07
 1017    7.322211E-07
 1018    7.307840E-07
 1019    7.293510E-07
 1020    7.279223E-07
 1021    7.974550E-07
 1022    7.958959E-07
 1023    7.943414E-07
 1024    7.927915E-07
 1025    7.912461E-07
 1026    7.897052E-07
 1027    7.881688E-07
 1028    7.866369E-07
 1029    7.851095E-07
 1030    7.835865E-07
 1031    8.518386E-07
 1032    8.501894E-07
 1033    8.485449E-07
 1034    8.469052E-07
 1035    8.452703E-07
 1036    8.436400E-07
 1037    8.420145E-07
 1038    8.403937E-07
 1039    8.387776E-07
 1040    8.371661E-07
 1041    9.411993E-07
 1042    9.393945E-07
 1043    9.375949E-07
 1044    9.358005E-07
 1045    9.340112E-07
 1046    9.322270E-07
 1047    9.304480E-07
 1048    9.286740E-07
 1049    9.269051E-07
 1050    9.251412E-07
 1051    9.364825E-07
 1052    9.347038E-07
 1053    9.329302E-07
 1054    9.311616E-07
 1055    9.293980E-07
 1056    9.276395E-07
 1057    9.258859E-07
 1058    9.241373E-07
 1059    9.223937E-07
 1060    9.206549E-07
 1061    1.085969E-06
 1062    1.083926E-06
 1063    1.081888E-06
 1064    1.079857E-06
 1065    1.077831E-06
 1066    1.075810E-06
 1067    1.073796E-06
 1068    1.071787E-06
 1069    1.069783E-06
 1070    1.067786E-06
 1071    1.131337E-06
 1072    1.129228E-06
 1073    1.127125E-06
 1074    1.125028E-06
 1075    1.122937E-06
 1076    1.120852E-06
 1077    1.118772E-06
 1078    1.116699E-06
 1079    1.114631E-06
 1080    1.112568E-06
 1081    1.230427E-06
 1082    1.228155E-06
 1083    1.225889E-06
 1084    1.223629E-06
 1085    1.221376E-06
 1086    1.219129E-06
 1087    1.216888E-06
 1088    1.214653E-06
 1089    1.212424E-06
 1090    1.210201E-06
 1091    1.305259E-06
 1092    1.302871E-06
 1093    1.300489E-06
 1094    1.298114E-06
 1095    1.295745E-06
 1096    1.293383E-06
 1097    1.291027E-06
 1098    1.288677E-06
 1099    1.286334E-06
 1100    1.283998E-06
 1101    1.368294E-06
 1102    1.365813E-06
 1103    1.363339E-06
 1104    1.360871E-06
 1105    1.358411E-06
 1106    1.355956E-06
 1107    1.353509E-06
 1108    1.351068E-06
 1109    1.348633E-06
 1110    1.346206E-06
 1111    1.482352E-06
 1112    1.479688E-06
 1113    1.477032E-06
 1114    1.474382E-06
 1115    1.471740E-06
 1116    1.469105E-06
 1117    1.466477E-06
 1118    1.463856E-06
 1119    1.461242E-06
 1120    1.458635E-06
 1121    1.579412E-06
 1122    1.576599E-06
 1123    1.573794E-06
 1124    1.570996E-06
 1125    1.568205E-06
 1126    1.565422E-06
 1127    1.562647E-06
 1128    1.559879E-06
 1129    1.557118E-06
 1130    1.554364E-06
 1131    1.678503E-06
 1132    1.675540E-06
 1133    1.672585E-06
 1134    1.669638E-06
 1135    1.666698E-06
 1136    1.663767E-06
 1137    1.660843E-06
 1138    1.657926E-06
 1139    1.655018E-06
 1140    1.652117E-06
 1141    1.798815E-06
 1142    1.795668E-06
 1143    1.792529E-06
 1144    1.789397E-06
 1145    1.786275E-06
 1146    1.783160E-06
 1147    1.780053E-06
 1148    1.776955E-06
 1149    1.773865E-06
 1150    1.770782E-06
 1151    1.866102E-06
 1152    1.862865E-06
 1153    1.859637E-06
 1154    1.856416E-06
 1155    1.853205E-06
 1156    1.850001E-06
 1157    1.846806E-06
 1158    1.843619E-06
 1159    1.840441E-06
 1160    1.837270E-06
 1161    1.933379E-06
 1162    1.930054E-06
 1163    1.926738E-06
 1164    1.923430E-06
 1165    1.920131E-06
 1166    1.916840E-06
 1167    1.913558E-06
 1168    1.910284E-06
 1169    1.907019E-06
 1170    1.903762E-06
 1171    2.017539E-06
 1172    2.014099E-06
 1173    2.010667E-06
 1174    2.007245E-06
 1175    2.003831E-06
 1176    2.000426E-06
 1177    1.997030E-06
 1178    1.993642E-06
 1179    1.990263E-06
 1180    1.986893E-06
 1181    2.240712E-06
 1182    2.236924E-06
 1183    2.233145E-06
 1184    2.229376E-06
 1185    2.225617E-06
 1186    2.221867E-06
 1187    2.218126E-06
 1188    2.214395E-06
 1189    2.210674E-06
 1190    2.206961E-06
 1191    2.315697E-06
 1192    2.311815E-06
 1193    2.307943E-06
 1194    2.304080E-06
 1195    2.300227E-06
 1196    2.296384E-06
 1197    2.292550E-06
 1198    2.288726E-06
 1199    2.284911E-06
 1200    2.281106E-06
 1201    2.453978E-06
 1202    2.449898E-06
 1203    2.445829E-06
 1204    2.441769E-06
 1205    2.437720E-06
 1206    2.433681E-06
 1207    2.429651E-06
 1208    2.425632E-06
 1209    2.421623E-06
 1210    2.417623E-06
 1211    2.551881E-06
 1212    2.547674E-06
 1213    2.543476E-06
 1214    2.539290E-06
 1215    2.535113E-06
 1216    2.530947E-06
 1217    2.526791E-06
 1218    2.522645E-06
 1219    2.518510E-06
 1220    2.514385E-06
 1221    2.701206E-06
 1222    2.696788E-06
 1223    2.692382E-06
 1224    2.687986E-06
 1225    2.683601E-06
 1226    2.679227E-06
 1227    2.674863E-06
 1228    2.670511E-06
 1229    2.666168E-06
 1230    2.661837E-06
 1231    3.017669E-06
 1232    3.012774E-06
 1233    3.007891E-06
 1234    3.003020E-06
 1235    2.998160E-06
 1236    2.993313E-06
 1237    2.988477E-06
 1238    2.983653E-06
 1239    2.978841E-06
 1240    2.974040E-06
 1241    2.967261E-06
 1242    2.962487E-06
 1243    2.957724E-06
 1244    2.952973E-06
 1245    2.948233E-06
 1246    2.943504E-06
 1247    2.938787E-06
 1248    2.934081E-06
 1249    2.929387E-06
 1250    2.924703E-06
 1251    3.087885E-06
 1252    3.082956E-06
 1253    3.078039E-06
 1254    3.073134E-06
 1255    3.068241E-06
 1256    3.063359E-06
 1257    3.058489E-06
 1258    3.053630E-06
 1259    3.048783E-06
 1260    3.043947E-06
 1261    3.060377E-06
 1262    3.055531E-06
 1263    3.050696E-06
 1264    3.045873E-06
 1265    3.041061E-06
 1266    3.036260E-06
 1267    3.031471E-06
 1268    3.026694E-06
 1269    3.021927E-06
 1270    3.017172E-06
 1271    3.328559E-06
 1272    3.323330E-06
 1273    3.318113E-06
 1274    3.312908E-06
 1275    3.307715E-06
 1276    3.302535E-06
 1277    3.297366E-06
 1278    3.292210E-06
 1279    3.287066E-06
 1280    3.281934E-06
 1281    3.356552E-06
 1282    3.351320E-06
 1283    3.346100E-06
 1284    3.340892E-06
 1285    3.335696E-06
 1286    3.330512E-06
 1287    3.325341E-06
 1288    3.320181E-06
 1289    3.315034E-06
 1290    3.309898E-06
 1291    3.481959E-06
 1292    3.476573E-06
 1293    3.471200E-06
 1294    3.465839E-06
 1295    3.460490E-06
 1296    3.455154E-06
 1297    3.449830E-06
 1298    3.444519E-06
 1299    3.439219E-06
 1300    3.433932E-06
 1301    3.683500E-06
 1302    3.677846E-06
 1303    3.672205E-06
 1304    3.666577E-06
 1305    3.660962E-06
 1306    3.655360E-06
 1307    3.649771E-06
 1308    3.644195E-06
 1309    3.638631E-06
 1310    3.633080E-06
 1311    3.734677E-06
 1312    3.728988E-06
 1313    3.723312E-06
 1314    3.717649E-06
 1315    3.711999E-06
 1316    3.706362E-06
 1317    3.700738E-06
 1318    3.695127E-06
 1319    3.689528E-06
 1320    3.683942E-06
 1321    3.964734E-06
 1322    3.958740E-06
 1323    3.952760E-06
 1324    3.946794E-06
 1325    3.940841E-06
 1326    3.934902E-06
 1327    3.928976E-06
 1328    3.923063E-06
 1329    3.917163E-06
 1330    3.911277E-06
 1331    4.101366E-06
 1332    4.095213E-06
 1333    4.089073E-06
 1334    4.082947E-06
 1335    4.076835E-06
 1336    4.070736E-06
 1337    4.064652E-06
 1338    4.058580E-06
 1339    4.052523E-06
 1340    4.046479E-06
 1341    4.052186E-06
 1342    4.046152E-06
 1343    4.040131E-06
 1344    4.034123E-06
 1345    4.028129E-06
 1346    4.022148E-06
 1347    4.016180E-06
 1348    4.010226E-06
 1349    4.004285E-06
 1350    3.998357E-06
 1351    4.296770E-06
 1352    4.290418E-06
 1353    4.284081E-06
 1354    4.277758E-06
 1355    4.271448E-06
 1356    4.265153E-06
 1357    4.258871E-06
 1358    4.252604E-06
 1359    4.246350E-06
 1360    4.240110E-06
 1361    4.314470E-06
 1362    4.308139E-06
 1363    4.301822E-06
 1364    4.295519E-06
 1365    4.289230E-06
 1366    4.282955E-06
 1367    4.276693E-06
 1368    4.270445E-06
 1369    4.264211E-06
 1370    4.257990E-06
 1371    4.524505E-06
 1372    4.517915E-06
 1373    4.511338E-06
 1374    4.504776E-06
 1375    4.498229E-06
 1376    4.491695E-06
 1377    4.485176E-06
 1378    4.478671E-06
 1379    4.472181E-06
 1380    4.465704E-06
 1381    4.622889E-06
 1382    4.616204E-06
 1383    4.609533E-06
 1384    4.602877E-06
 1385    4.596235E-06
 1386    4.589607E-06
 1387    4.582994E-06
 1388    4.576395E-06
 1389    4.569810E-06
 1390    4.563239E-06
 1391    4.642331E-06
 1392    4.635665E-06
 1393    4.629014E-06
 1394    4.622378E-06
 1395    4.615756E-06
 1396    4.609147E-06
 1397    4.602554E-06
 1398    4.595974E-06
 1399    4.589408E-06
 1400    4.582856E-06
 1401    4.735575E-06
 1402    4.728825E-06
 1403    4.722088E-06
 1404    4.715367E-06
 1405    4.708659E-06
 1406    4.701966E-06
 1407    4.695287E-06
 1408    4.688622E-06
 1409    4.681972E-06
 1410    4.675335E-06
 1411    4.528048E-06
 1412    4.521639E-06
 1413    4.515243E-06
 1414    4.508861E-06
 1415    4.502493E-06
 1416    4.496138E-06
 1417    4.489796E-06
 1418    4.483468E-06
 1419    4.477154E-06
 1420    4.470852E-06
 1421    4.858866E-06
 1422    4.852037E-06
 1423    4.845222E-06
 1424    4.838422E-06
 1425    4.831636E-06
 1426    4.824864E-06
 1427    4.818106E-06
 1428    4.811363E-06
 1429    4.804634E-06
 1430    4.797919E-06
 1431    5.041719E-06
 1432    5.034683E-06
 1433    5.027661E-06
 1434    5.020653E-06
 1435    5.013661E-06
 1436    5.006683E-06
 1437    4.999720E-06
 1438    4.992771E-06
 1439    4.985836E-06
 1440    4.978916E-06
 1441    5.240195E-06
 1442    5.232932E-06
 1443    5.225684E-06
 1444    5.218451E-06
 1445    5.211234E-06
 1446    5.204031E-06
 1447    5.196843E-06
 1448    5.189670E-06
 1449    5.182512E-06
 1450    5.175368E-06
 1451    5.044311E-06
 1452    5.037368E-06
 1453    5.030439E-06
 1454    5.023524E-06
 1455    5.016624E-06
 1456    5.009738E-06
 1457    5.002866E-06
 1458    4.996008E-06
 1459    4.989164E-06
 1460    4.982334E-06
 1461    5.209939E-06
 1462    5.202817E-06
 1463    5.195709E-06
 1464    5.188616E-06
 1465    5.181537E-06
 1466    5.174473E-06
 1467    5.167424E-06
 1468    5.160388E-06
 1469    5.153367E-06
 1470    5.146361E-06
 1471    5.444485E-06
 1472    5.437092E-06
 1473    5.429715E-06
 1474    5.422353E-06
 1475    5.415005E-06
 1476    5.407673E-06
 1477    5.400355E-06
 1478    5.393053E-06
 1479    5.385765E-06
 1480    5.378491E-06
 1481    5.571798E-06
 1482    5.564283E-06
 1483    5.556784E-06
 1484    5.549300E-06
 1485    5.541832E-06
 1486    5.534378E-06
 1487    5.526939E-06
 1488    5.519516E-06
 1489    5.512107E-06
 1490    5.504713E-06
 1491    5.752122E-06
 1492    5.744416E-06
 1493    5.736726E-06
 1494    5.729052E-06
 1495    5.721393E-06
 1496    5.713749E-06
 1497    5.706120E-06
 1498    5.698507E-06
 1499    5.690909E-06
 1500    5.683326E-06
 1501    5.688777E-06
 1502    5.681208E-06
 1503    5.673653E-06
 1504    5.666113E-06
 1505    5.658588E-06
 1506    5.651079E-06
 1507    5.643584E-06
 1508    5.636104E-06
 1509    5.628639E-06
 1510    5.621189E-06
 1511    5.425740E-06
 1512    5.418568E-06
 1513    5.411410E-06
 1514    5.404266E-06
 1515    5.397137E-06
 1516    5.390021E-06
 1517    5.382920E-06
 1518    5.375832E-06
 1519    5.368759E-06
 1520    5.361699E-06
 1521    6.006888E-06
 1522    5.998999E-06
 1523    5.991127E-06
 1524    5.983270E-06
 1525    5.975428E-06
 1526    5.967601E-06
 1527    5.959790E-06
 1528    5.951995E-06
 1529    5.944214E-06
 1530    5.936449E-06
 1531    6.408765E-06
 1532    6.400404E-06
 1533    6.392060E-06
 1534    6.383731E-06
 1535    6.375419E-06
 1536    6.367123E-06
 1537    6.358843E-06
 1538    6.350580E-06
 1539    6.342332E-06
 1540    6.334101E-06
 1541    6.454022E-06
 1542    6.445657E-06
 1543    6.437307E-06
 1544    6.428974E-06
 1545    6.420657E-06
 1546    6.412357E-06
 1547    6.404072E-06
 1548    6.395803E-06
 1549    6.387551E-06
 1550    6.379314E-06
 1551    6.023306E-06
 1552    6.015549E-06
 1553    6.007807E-06
 1554    6.000079E-06
 1555    5.992367E-06
 1556    5.984670E-06
 1557    5.976987E-06
 1558    5.969320E-06
 1559    5.961667E-06
 1560    5.954029E-06
 1561    6.650605E-06
 1562    6.642095E-06
 1563    6.633601E-06
 1564    6.625124E-06
 1565    6.616663E-06
 1566    6.608218E-06
 1567    6.599789E-06
 1568    6.591376E-06
 1569    6.582979E-06
 1570    6.574599E-06
 1571    7.106007E-06
 1572    7.096972E-06
 1573    7.087954E-06
 1574    7.078953E-06
 1575    7.069970E-06
 1576    7.061004E-06
 1577    7.052054E-06
 1578    7.043122E-06
 1579    7.034207E-06
 1580    7.025308E-06
 1581    7.012660E-06
 1582    7.003800E-06
 1583    6.994957E-06
 1584    6.986130E-06
 1585    6.977321E-06
 1586    6.968527E-06
 1587    6.959751E-06
 1588    6.950991E-06
 1589    6.942248E-06
 1590    6.933521E-06
 1591    7.279689E-06
 1592    7.270549E-06
 1593    7.261427E-06
 1594    7.252322E-06
 1595    7.243233E-06
 1596    7.234162E-06
 1597    7.225108E-06
 1598    7.216071E-06
 1599    7.207051E-06
 1600    7.198048E-06
 1601    7.240533E-06
 1602    7.231499E-06
 1603    7.222482E-06
 1604    7.213482E-06
 1605    7.204499E-06
 1606    7.195533E-06
 1607    7.186583E-06
 1608    7.177650E-06
 1609    7.168734E-06
 1610    7.159834E-06
 1611    6.877990E-06
 1612    6.869461E-06
 1613    6.860949E-06
 1614    6.852453E-06
 1615    6.843972E-06
 1616    6.835507E-06
 1617    6.827057E-06
 1618    6.818624E-06
 1619    6.810206E-06
 1620    6.801803E-06
 1621    7.535467E-06
 1622    7.526181E-06
 1623    7.516912E-06
 1624    7.507661E-06
 1625    7.498426E-06
 1626    7.489209E-06
 1627    7.480008E-06
 1628    7.470825E-06
 1629    7.461658E-06
 1630    7.452508E-06
 1631    1.005768E-05
 1632    1.004537E-05
 1633    1.003307E-05
 1634    1.002080E-05
 1635    1.000855E-05
 1636    9.996318E-06
 1637    9.984113E-06
 1638    9.971930E-06
 1639    9.959769E-06
 1640    9.947630E-06
 1641    1.081403E-05
 1642    1.080087E-05
 1643    1.078773E-05
 1644    1.077461E-05
 1645    1.076152E-05
 1646    1.074845E-05
 1647    1.073541E-05
 1648    1.072239E-05
 1649    1.070939E-05
 1650    1.069642E-05
 1651    9.542339E-06
 1652    9.530794E-06
 1653    9.519269E-06
 1654    9.507765E-06
 1655    9.496283E-06
 1656    9.484821E-06
 1657    9.473379E-06
 1658    9.461959E-06
 1659    9.450559E-06
 1660    9.439179E-06
 1661    1.259650E-05
 1662    1.258135E-05
 1663    1.256623E-05
 1664    1.255114E-05
 1665    1.253607E-05
 1666    1.252103E-05
 1667    1.250602E-05
 1668    1.249103E-05
 1669    1.247607E-05
 1670    1.246114E-05
 1671    1.614714E-05
 1672    1.612784E-05
 1673    1.610857E-05
 1674    1.608933E-05
 1675    1.607014E-05
 1676    1.605097E-05
 1677    1.603184E-05
 1678    1.601274E-05
 1679    1.599368E-05
 1680    1.597465E-05
 1681    1.337467E-05
 1682    1.335877E-05
 1683    1.334291E-05
 1684    1.332707E-05
 1685    1.331126E-05
 1686    1.329548E-05
 1687    1.327973E-05
 1688    1.326400E-05
 1689    1.324831E-05
 1690    1.323264E-05
 1691    6.735258E-06
 1692    6.727301E-06
 1693    6.719359E-06
 1694    6.711430E-06
 1695    6.703516E-06
 1696    6.695616E-06
 1697    6.687729E-06
 1698    6.679857E-06
 1699    6.671998E-06
 1700    6.664153E-06
 1701   -5.823368E-07
 1702   -5.816529E-07
 1703   -5.809703E-07
 1704   -5.802888E-07
 1705   -5.796085E-07
 1706   -5.789294E-07
 1707   -5.782515E-07
 1708   -5.775748E-07
 1709   -5.768992E-07
 1710   -5.762249E-07
 1711   -7.038493E-06
 1712   -7.030275E-06
 1713   -7.022072E-06
 1714   -7.013883E-06
 1715   -7.005708E-06
 1716   -6.997548E-06
 1717   -6.989402E-06
 1718   -6.981270E-06
 1719   -6.973152E-06
 1720   -6.965048E-06
 1721   -6.519678E-06
 1722   -6.512110E-06
 1723   -6.504555E-06
 1724   -6.497014E-06
 1725   -6.489485E-06
 1726   -6.481970E-06
 1727   -6.474468E-06
 1728   -6.466979E-06
 1729   -6.459502E-06
 1730   -6.452039E-06
 1731    2.324230E-05
 1732    2.321547E-05
 1733    2.318870E-05
 1734    2.316197E-05
 1735    2.313528E-05
 1736    2.310864E-05
 1737    2.308205E-05
 1738    2.305550E-05
 1739    2.302900E-05
 1740    2.300255E-05
 1741    8.307024E-05
 1742    8.297492E-05
 1743    8.287977E-05
 1744    8.278478E-05
 1745    8.268995E-05
 1746    8.259528E-05
 1747    8.250078E-05
 1748    8.240644E-05
 1749    8.231226E-05
 1750    8.221825E-05
 1751    1.504643E-04
 1752    1.502926E-04
 1753    1.501213E-04
 1754    1.499502E-04
 1755    1.497794E-04
 1756    1.496089E-04
 1757    1.494387E-04
 1758    1.492688E-04
 1759    1.490992E-04
 1760    1.489298E-04
 1761    2.139117E-04
 1762    2.136691E-04
 1763    2.134268E-04
 1764    2.131850E-04
 1765    2.129435E-04
 1766    2.127025E-04
 1767    2.124619E-04
 1768    2.122217E-04
 1769    2.119819E-04
 1770    2.117425E-04
 1771    2.434536E-04
 1772    2.431790E-04
 1773    2.429049E-04
 1774    2.426312E-04
 1775    2.423579E-04
 1776    2.420852E-04
 1777    2.418129E-04
 1778    2.415410E-04
 1779    2.412696E-04
 1780    2.409987E-04
 1781    7.661835E-05
 1782    7.653240E-05
 1783    7.644661E-05
 1784    7.636095E-05
 1785    7.627544E-05
 1786    7.619007E-05
 1787    7.610485E-05
 1788    7.601977E-05
 1789    7.593483E-05
 1790    7.585003E-05
 1791   -5.555077E-04
 1792   -5.548880E-04
 1793   -5.542694E-04
 1794   -5.536519E-04
 1795   -5.530353E-04
 1796   -5.524198E-04
 1797   -5.518053E-04
 1798   -5.511919E-04
 1799   -5.505794E-04
 1800   -5.499680E-04
 1801   -1.508129E-03
 1802   -1.506456E-03
 1803   -1.504786E-03
 1804   -1.503118E-03
 1805   -1.501454E-03
 1806   -1.499792E-03
 1807   -1.498133E-03
 1808   -1.496476E-03
 1809   -1.494823E-03
 1810   -1.493172E-03
 1811   -2.000667E-03
 1812   -1.998460E-03
 1813   -1.996257E-03
 1814   -1.994057E-03
 1815   -1.991861E-03
 1816   -1.989669E-03
 1817   -1.987480E-03
 1818   -1.985295E-03
 1819   -1.983113E-03
 1820   -1.980935E-03
 1821   -1.813174E-03
 1822   -1.811185E-03
 1823   -1.809199E-03
 1824   -1.807216E-03
 1825   -1.805237E-03
 1826   -1.803261E-03
 1827   -1.801288E-03
 1828   -1.799318E-03
 1829   -1.797352E-03
 1830   -1.795388E-03
 1831   -1.127329E-04
 1832   -1.126099E-04
 1833   -1.124870E-04
 1834   -1.123644E-04
 1835   -1.122420E-04
 1836   -1.121198E-04
 1837   -1.119978E-04
 1838   -1.118760E-04
 1839   -1.117544E-04
 1840   -1.116330E-04
 1841    5.960977E-03
 1842    5.954508E-03
 1843    5.948050E-03
 1844    5.941602E-03
 1845    5.935165E-03
 1846    5.928738E-03
 1847    5.922321E-03
 1848    5.915915E-03
 1849    5.909520E-03
 1850    5.903135E-03
 1851    1.626376E-02
 1852    1.624621E-02
 1853    1.622868E-02
 1854    1.621118E-02
 1855    1.619371E-02
 1856    1.617627E-02
 1857    1.615886E-02
 1858    1.614148E-02
 1859    1.612412E-02
 1860    1.610679E-02
 1861    2.249891E-02
 1862    2.247476E-02
 1863    2.245065E-02
 1864    2.242657E-02
 1865    2.240253E-02
 1866    2.237854E-02
 1867    2.235458E-02
 1868    2.233065E-02
 1869    2.230677E-02
 1870    2.228293E-02
 1871    2.311185E-02
 1872    2.308717E-02
 1873    2.306253E-02
 1874    2.303793E-02
 1875    2.301337E-02
 1876    2.298885E-02
 1877    2.296437E-02
 1878    2.293993E-02
 1879    2.291552E-02
 1880    2.289116E-02
 1881    2.254822E-02
 1882    2.252427E-02
 1883    2.250036E-02
 1884    2.247648E-02
 1885    2.245265E-02
 1886    2.242885E-02
 1887    2.240509E-02
 1888    2.238137E-02
 1889    2.235769E-02
 1890    2.233404E-02
 1891    1.599415E-02
 1892    1.597726E-02
 1893    1.596038E-02
 1894    1.594354E-02
 1895    1.592672E-02
 1896    1.590993E-02
 1897    1.589317E-02
 1898    1.587643E-02
 1899    1.585971E-02
 1900    1.584303E-02
 1901    5.756256E-03
 1902    5.750207E-03
 1903    5.744167E-03
 1904    5.738136E-03
 1905    5.732115E-03
 1906    5.726103E-03
 1907    5.720101E-03
 1908    5.714108E-03
 1909    5.708125E-03
 1910    5.702151E-03
 1911   -3.742710E-04
 1912   -3.738798E-04
 1913   -3.734891E-04
 1914   -3.730990E-04
 1915   -3.727096E-04
 1916   -3.723207E-04
 1917   -3.719325E-04
 1918   -3.715448E-04
 1919   -3.711578E-04
 1920   -3.707714E-04
 1921   -2.035821E-03
 1922   -2.033703E-03
 1923   -2.031589E-03
 1924   -2.029478E-03
 1925   -2.027371E-03
 1926   -2.025267E-03
 1927   -2.023166E-03
 1928   -2.021068E-03
 1929   -2.018974E-03
 1930   -2.016883E-03
 1931   -2.271675E-03
 1932   -2.269325E-03
 1933   -2.266978E-03
 1934   -2.264635E-03
 1935   -2.262296E-03
 1936   -2.259960E-03
 1937   -2.257627E-03
 1938   -2.255299E-03
 1939   -2.252974E-03
 1940   -2.250652E-03
 1941   -1.665718E-03
 1942   -1.664003E-03
 1943   -1.662291E-03
 1944   -1.660582E-03
 1945   -1.658875E-03
 1946   -1.657171E-03
 1947   -1.655470E-03
 1948   -1.653771E-03
 1949   -1.652075E-03
 1950   -1.650381E-03
 1951   -6.585347E-04
 1952   -6.578603E-04
 1953   -6.571869E-04
 1954   -6.565146E-04
 1955   -6.558434E-04
 1956   -6.551731E-04
 1957   -6.545039E-04
 1958   -6.538357E-04
 1959   -6.531685E-04
 1960   -6.525023E-04
 1961    2.386723E-05
 1962    2.384292E-05
 1963    2.381864E-05
 1964    2.379439E-05
 1965    2.377019E-05
 1966    2.374602E-05
 1967    2.372189E-05
 1968    2.369779E-05
 1969    2.367373E-05
 1970    2.364971E-05
 1971    1.982809E-04
 1972    1.980799E-04
 1973    1.978792E-04
 1974    1.976788E-04
 1975    1.974787E-04
 1976    1.972789E-04
 1977    1.970795E-04
 1978    1.968803E-04
 1979    1.966814E-04
 1980    1.964829E-04
 1981    1.750847E-04
 1982    1.749081E-04
 1983    1.747318E-04
 1984    1.745558E-04
 1985    1.743800E-04
 1986    1.742045E-04
 1987    1.740292E-04
 1988    1.738542E-04
 1989    1.736795E-04
 1990    1.735050E-04
 1991    1.163237E-04
 1992    1.162069E-04
 1993    1.160904E-04
 1994    1.159740E-04
 1995    1.158578E-04
 1996    1.157417E-04
 1997    1.156259E-04
 1998    1.155102E-04
 1999    1.153947E-04
 2000    1.152794E-04
 2001    4.406856E-05
 2002    4.402456E-05
 2003    4.398063E-05
 2004    4.393675E-05
 2005    4.389295E-05
 2006    4.384921E-05
 2007    4.380553E-05
 2008    4.376193E-05
 2009    4.371838E-05
 2010    4.367490E-05
 2011   -1.600943E-05
 2012   -1.599352E-05
 2013   -1.597764E-05
 2014   -1.596178E-05
 2015   -1.594594E-05
 2016   -1.593013E-05
 2017   -1.591434E-05
 2018   -1.589858E-05
 2019   -1.588284E-05
 2020   -1.586712E-05
 2021   -4.307670E-05
 2022   -4.303412E-05
 2023   -4.299159E-05
 2024   -4.294913E-05
 2025   -4.290673E-05
 2026   -4.286440E-05
 2027   -4.282213E-05
 2028   -4.277992E-05
 2029   -4.273777E-05
 2030   -4.269568E-05
 2031   -4.380919E-05
 2032   -4.376609E-05
 2033   -4.372306E-05
 2034   -4.368009E-05
 2035   -4.363718E-05
 2036   -4.359434E-05
 2037   -4.355155E-05
 2038   -4.350884E-05
 2039   -4.346618E-05
 2040   -4.342359E-05
 2041   -3.329018E-05
 2042   -3.325759E-05
 2043   -3.322505E-05
 2044   -3.319256E-05
 2045   -3.316011E-05
 2046   -3.312771E-05
 2047   -3.309536E-05
 2048   -3.306306E-05
 2049   -3.303080E-05
 2050   -3.299859E-05
 2051   -2.027200E-05
 2052   -2.025225E-05
 2053   -2.023254E-05
 2054   -2.021284E-05
 2055   -2.019318E-05
 2056   -2.017355E-05
 2057   -2.015394E-05
 2058   -2.013437E-05
 2059   -2.011482E-05
 2060   -2.009530E-05
 2061   -1.029289E-05
 2062   -1.028291E-05
 2063   -1.027294E-05
 2064   -1.026300E-05
 2065   -1.025306E-05
 2066   -1.024314E-05
 2067   -1.023323E-05
 2068   -1.022334E-05
 2069   -1.021346E-05
 2070   -1.020360E-05
 2071   -6.849126E-06
 2072   -6.842518E-06
 2073   -6.835920E-06
 2074   -6.829331E-06
 2075   -6.822752E-06
 2076   -6.816182E-06
 2077   -6.809622E-06
 2078   -6.803071E-06
 2079   -6.796529E-06
 2080   -6.789997E-06
 2081   -9.358421E-06
 2082   -9.349435E-06
 2083   -9.340463E-06
 2084   -9.331503E-06
 2085   -9.322556E-06
 2086   -9.313622E-06
 2087   -9.304701E-06
 2088   -9.295793E-06
 2089   -9.286897E-06
 2090   -9.278015E-06
 2091   -1.017196E-05
 2092   -1.016224E-05
 2093   -1.015254E-05
 2094   -1.014284E-05
 2095   -1.013317E-05
 2096   -1.012350E-05
 2097   -1.011385E-05
 2098   -1.010421E-05
 2099   -1.009459E-05
 2100   -1.008498E-05
 2101   -7.845330E-06
 2102   -7.837869E-06
 2103   -7.830419E-06
 2104   -7.822979E-06
 2105   -7.815550E-06
 2106   -7.808131E-06
 2107   -7.800723E-06
 2108   -7.793325E-06
 2109   -7.785938E-06
 2110   -7.778562E-06
 2111   -7.229904E-06
 2112   -7.223061E-06
 2113   -7.216227E-06
 2114   -7.209403E-06
 2115   -7.202589E-06
 2116   -7.195785E-06
 2117   -7.188990E-06
 2118   -7.182204E-06
 2119   -7.175429E-06
 2120   -7.168663E-06
 2121   -8.829523E-06
 2122   -8.821205E-06
 2123   -8.812899E-06
 2124   -8.804605E-06
 2125   -8.796322E-06
 2126   -8.788051E-06
 2127   -8.779791E-06
 2128   -8.771544E-06
 2129   -8.763307E-06
 2130   -8.755083E-06
 2131   -9.133353E-06
 2132   -9.124789E-06
 2133   -9.116237E-06
 2134   -9.107697E-06
 2135   -9.099169E-06
 2136   -9.090654E-06
 2137   -9.082150E-06
 2138   -9.073658E-06
 2139   -9.065178E-06
 2140   -9.056709E-06
 2141   -8.149736E-06
 2142   -8.142130E-06
 2143   -8.134535E-06
 2144   -8.126950E-06
 2145   -8.119376E-06
 2146   -8.111812E-06
 2147   -8.104260E-06
 2148   -8.096717E-06
 2149   -8.089185E-06
 2150   -8.081664E-06
 2151   -6.841493E-06
 2152   -6.835138E-06
 2153   -6.828791E-06
 2154   -6.822454E-06
 2155   -6.816125E-06
 2156   -6.809805E-06
 2157   -6.803494E-06
 2158   -6.797191E-06
 2159   -6.790898E-06
 2160   -6.784613E-06
 2161   -6.472339E-06
 2162   -6.466354E-06
 2163   -6.460378E-06
 2164   -6.454410E-06
 2165   -6.448450E-06
 2166   -6.442499E-06
 2167   -6.436556E-06
 2168   -6.430621E-06
 2169   -6.424694E-06
 2170   -6.418775E-06
 2171   -6.225645E-06
 2172   -6.219915E-06
 2173   -6.214193E-06
 2174   -6.208479E-06
 2175   -6.202773E-06
 2176   -6.197074E-06
 2177   -6.191384E-06
 2178   -6.185701E-06
 2179   -6.180026E-06
 2180   -6.174359E-06
 2181   -6.395877E-06
 2182   -6.390017E-06
 2183   -6.384166E-06
 2184   -6.378322E-06
 2185   -6.372487E-06
 2186   -6.366659E-06
 2187   -6.360839E-06
 2188   -6.355028E-06
 2189   -6.349224E-06
 2190   -6.343428E-06
 2191   -6.403315E-06
 2192   -6.397475E-06
 2193   -6.391643E-06
 2194   -6.385819E-06
 2195   -6.380003E-06
 2196   -6.374195E-06
 2197   -6.368395E-06
 2198   -6.362603E-06
 2199   -6.356819E-06
 2200   -6.351043E-06
 2201   -5.725293E-06
 2202   -5.720096E-06
 2203   -5.714905E-06
 2204   -5.709721E-06
 2205   -5.704545E-06
 2206   -5.699375E-06
 2207   -5.694213E-06
 2208   -5.689057E-06
 2209   -5.683909E-06
 2210   -5.678767E-06
 2211   -5.320152E-06
 2212   -5.315344E-06
 2213   -5.310542E-06
 2214   -5.305747E-06
 2215   -5.300959E-06
 2216   -5.296177E-06
 2217   -5.291401E-06
 2218   -5.286632E-06
 2219   -5.281869E-06
 2220   -5.277113E-06
 2221   -5.593199E-06
 2222   -5.588167E-06
 2223   -5.583141E-06
 2224   -5.578123E-06
 2225   -5.573111E-06
 2226   -5.568106E-06
 2227   -5.563108E-06
 2228   -5.558116E-06
 2229   -5.553131E-06
 2230   -5.548153E-06
 2231   -5.647490E-06
 2232   -5.642432E-06
 2233   -5.637381E-06
 2234   -5.632336E-06
 2235   -5.627298E-06
 2236   -5.622267E-06
 2237   -5.617243E-06
 2238   -5.612225E-06
 2239   -5.607214E-06
 2240   -5.602210E-06
 2241   -5.609000E-06
 2242   -5.603999E-06
 2243   -5.599004E-06
 2244   -5.594016E-06
 2245   -5.589035E-06
 2246   -5.584060E-06
 2247   -5.579092E-06
 2248   -5.574131E-06
 2249   -5.569176E-06
 2250   -5.564228E-06
 2251   -5.046686E-06
 2252   -5.042206E-06
 2253   -5.037732E-06
 2254   -5.033263E-06
 2255   -5.028801E-06
 2256   -5.024345E-06
 2257   -5.019895E-06
 2258   -5.015451E-06
 2259   -5.011012E-06
 2260   -5.006580E-06
 2261   -4.926387E-06
 2262   -4.922033E-06
 2263   -4.917685E-06
 2264   -4.913343E-06
 2265   -4.909006E-06
 2266   -4.904675E-06
 2267   -4.900350E-06
 2268   -4.896031E-06
 2269   -4.891717E-06
 2270   -4.887409E-06
 2271   -4.993775E-06
 2272   -4.989381E-06
 2273   -4.984993E-06
 2274   -4.980610E-06
 2275   -4.976234E-06
 2276   -4.971863E-06
 2277   -4.967498E-06
 2278   -4.963138E-06
 2279   -4.958785E-06
 2280   -4.954437E-06
 2281   -5.008965E-06
 2282   -5.004577E-06
 2283   -5.000194E-06
 2284   -4.995818E-06
 2285   -4.991447E-06
 2286   -4.987082E-06
 2287   -4.982723E-06
 2288   -4.978369E-06
 2289   -4.974021E-06
 2290   -4.969679E-06
 2291   -4.977427E-06
 2292   -4.973085E-06
 2293   -4.968750E-06
 2294   -4.964420E-06
 2295   -4.960095E-06
 2296   -4.955776E-06
 2297   -4.951463E-06
 2298   -4.947156E-06
 2299   -4.942854E-06
 2300   -4.938558E-06
 2301   -4.477348E-06
 2302   -4.473460E-06
 2303   -4.469577E-06
 2304   -4.465698E-06
 2305   -4.461825E-06
 2306   -4.457957E-06
 2307   -4.454094E-06
 2308   -4.450236E-06
 2309   -4.446383E-06
 2310   -4.442535E-06
 2311   -4.377716E-06
 2312   -4.373930E-06
 2313   -4.370150E-06
 2314   -4.366375E-06
 2315   -4.362604E-06
 2316   -4.358838E-06
 2317   -4.355077E-06
 2318   -4.351321E-06
 2319   -4.347570E-06
 2320   -4.343824E-06
 2321   -4.335749E-06
 2322   -4.332016E-06
 2323   -4.328288E-06
 2324   -4.324565E-06
 2325   -4.320846E-06
 2326   -4.317133E-06
 2327   -4.313424E-06
 2328   -4.309720E-06
 2329   -4.306020E-06
 2330   -4.302326E-06
 2331   -4.407762E-06
 2332   -4.403983E-06
 2333   -4.400209E-06
 2334   -4.396440E-06
 2335   -4.392676E-06
 2336   -4.388917E-06
 2337   -4.385163E-06
 2338   -4.381413E-06
 2339   -4.377668E-06
 2340   -4.373928E-06
 2341   -4.457194E-06
 2342   -4.453389E-06
 2343   -4.449589E-06
 2344   -4.445794E-06
 2345   -4.442004E-06
 2346   -4.438219E-06
 2347   -4.434438E-06
 2348   -4.430663E-06
 2349   -4.426892E-06
 2350   -4.423126E-06
 2351   -4.000889E-06
 2352   -3.997489E-06
 2353   -3.994092E-06
 2354   -3.990700E-06
 2355   -3.987313E-06
 2356   -3.983929E-06
 2357   -3.980550E-06
 2358   -3.977175E-06
 2359   -3.973805E-06
 2360   -3.970439E-06
 2361   -3.978104E-06
 2362   -3.974737E-06
 2363   -3.971374E-06
 2364   -3.968016E-06
 2365   -3.964662E-06
 2366   -3.961312E-06
 2367   -3.957966E-06
 2368   -3.954624E-06
 2369   -3.951287E-06
 2370   -3.947954E-06
 2371   -4.007166E-06
 2372   -4.003789E-06
 2373   -4.000416E-06
 2374   -3.997047E-06
 2375   -3.993683E-06
 2376   -3.990323E-06
 2377   -3.986966E-06
 2378   -3.983615E-06
 2379   -3.980267E-06
 2380   -3.976924E-06
 2381   -3.981065E-06
 2382   -3.977724E-06
 2383   -3.974387E-06
 2384   -3.971054E-06
 2385   -3.967725E-06
 2386   -3.964401E-06
 2387   -3.961081E-06
 2388   -3.957765E-06
 2389   -3.954453E-06
 2390   -3.951145E-06
 2391   -3.949092E-06
 2392   -3.945791E-06
 2393   -3.942495E-06
 2394   -3.939202E-06
 2395   -3.935914E-06
 2396   -3.932630E-06
 2397   -3.929350E-06
 2398   -3.926074E-06
 2399   -3.922803E-06
 2400   -3.919535E-06
 2401   -3.523518E-06
 2402   -3.520585E-06
 2403   -3.517656E-06
 2404   -3.514731E-06
 2405   -3.511810E-06
 2406   -3.508892E-06
 2407   -3.505977E-06
 2408   -3.503066E-06
 2409   -3.500159E-06
 2410   -3.497256E-06
 2411   -3.453445E-06
 2412   -3.450582E-06
 2413   -3.447723E-06
 2414   -3.444868E-06
 2415   -3.442016E-06
 2416   -3.439168E-06
 2417   -3.436324E-06
 2418   -3.433482E-06
 2419   -3.430645E-06
 2420   -3.427811E-06
 2421   -3.408100E-06
 2422   -3.405287E-06
 2423   -3.402477E-06
 2424   -3.399671E-06
 2425   -3.396868E-06
 2426   -3.394069E-06
 2427   -3.391273E-06
 2428   -3.388481E-06
 2429   -3.385692E-06
 2430   -3.382907E-06
 2431   -3.417372E-06
 2432   -3.414563E-06
 2433   -3.411757E-06
 2434   -3.408955E-06
 2435   -3.406156E-06
 2436   -3.403361E-06
 2437   -3.400569E-06
 2438   -3.397780E-06
 2439   -3.394995E-06
 2440   -3.392214E-06
 2441   -3.322044E-06
 2442   -3.319324E-06
 2443   -3.316608E-06
 2444   -3.313895E-06
 2445   -3.311185E-06
 2446   -3.308479E-06
 2447   -3.305776E-06
 2448   -3.303076E-06
 2449   -3.300380E-06
 2450   -3.297686E-06
 2451   -2.891719E-06
 2452   -2.889362E-06
 2453   -2.887007E-06
 2454   -2.884655E-06
 2455   -2.882306E-06
 2456   -2.879960E-06
 2457   -2.877616E-06
 2458   -2.875276E-06
 2459   -2.872938E-06
 2460   -2.870603E-06
 2461   -2.835359E-06
 2462   -2.833056E-06
 2463   -2.830757E-06
 2464   -2.828460E-06
 2465   -2.826166E-06
 2466   -2.823875E-06
 2467   -2.821586E-06
 2468   -2.819301E-06
 2469   -2.817018E-06
 2470   -2.814738E-06
 2471   -2.773689E-06
 2472   -2.771446E-06
 2473   -2.769206E-06
 2474   -2.766968E-06
 2475   -2.764733E-06
 2476   -2.762501E-06
 2477   -2.760271E-06
 2478   -2.758044E-06
 2479   -2.755820E-06
 2480   -2.753598E-06
 2481   -2.775824E-06
 2482   -2.773588E-06
 2483   -2.771355E-06
 2484   -2.769124E-06
 2485   -2.766896E-06
 2486   -2.764671E-06
 2487   -2.762449E-06
 2488   -2.760229E-06
 2489   -2.758012E-06
 2490   -2.755798E-06
 2491   -2.689129E-06
 2492   -2.686971E-06
 2493   -2.684817E-06
 2494   -2.682664E-06
 2495   -2.680515E-06
 2496   -2.678368E-06
 2497   -2.676223E-06
 2498   -2.674082E-06
 2499   -2.671942E-06
 2500   -2.669806E-06
 2501   -2.424830E-06
 2502   -2.422893E-06
 2503   -2.420958E-06
 2504   -2.419025E-06
 2505   -2.417094E-06
 2506   -2.415166E-06
 2507   -2.413240E-06
 2508   -2.411316E-06
 2509   -2.409395E-06
 2510   -2.407476E-06
 2511   -2.398014E-06
 2512   -2.396106E-06
 2513   -2.394199E-06
 2514   -2.392296E-06
 2515   -2.390394E-06
 2516   -2.388494E-06
 2517   -2.386597E-06
 2518   -2.384702E-06
 2519   -2.382810E-06
 2520   -2.380919E-06
 2521   -2.263540E-06
 2522   -2.261745E-06
 2523   -2.259953E-06
 2524   -2.258163E-06
 2525   -2.256375E-06
 2526   -2.254589E-06
 2527   -2.252806E-06
 2528   -2.251024E-06
 2529   -2.249244E-06
 2530   -2.247467E-06
 2531   -2.319691E-06
 2532   -2.317860E-06
 2533   -2.316030E-06
 2534   -2.314203E-06
 2535   -2.312378E-06
 2536   -2.310555E-06
 2537   -2.308734E-06
 2538   -2.306916E-06
 2539   -2.305099E-06
 2540   -2.303285E-06
 2541   -2.189411E-06
 2542   -2.187689E-06
 2543   -2.185969E-06
 2544   -2.184251E-06
 2545   -2.182535E-06
 2546   -2.180821E-06
 2547   -2.179110E-06
 2548   -2.177400E-06
 2549   -2.175692E-06
 2550   -2.173986E-06
 2551   -1.883532E-06
 2552   -1.882056E-06
 2553   -1.880582E-06
 2554   -1.879110E-06
 2555   -1.877640E-06
 2556   -1.876171E-06
 2557   -1.874704E-06
 2558   -1.873239E-06
 2559   -1.871776E-06
 2560   -1.870314E-06
 2561   -1.751373E-06
 2562   -1.750006E-06
 2563   -1.748641E-06
 2564   -1.747278E-06
 2565   -1.745916E-06
 2566   -1.744556E-06
 2567   -1.743197E-06
 2568   -1.741840E-06
 2569   -1.740484E-06
 2570   -1.739130E-06
 2571   -1.698771E-06
 2572   -1.697450E-06
 2573   -1.696131E-06
 2574   -1.694814E-06
 2575   -1.693498E-06
 2576   -1.692184E-06
 2577   -1.690871E-06
 2578   -1.689560E-06
 2579   -1.688250E-06
 2580   -1.686942E-06
 2581   -1.729561E-06
 2582   -1.728221E-06
 2583   -1.726884E-06
 2584   -1.725548E-06
 2585   -1.724213E-06
 2586   -1.722880E-06
 2587   -1.721549E-06
 2588   -1.720219E-06
 2589   -1.718891E-06
 2590   -1.717564E-06
 2591   -1.601652E-06
 2592   -1.600417E-06
 2593   -1.599183E-06
 2594   -1.597950E-06
 2595   -1.596719E-06
 2596   -1.595489E-06
 2597   -1.594261E-06
 2598   -1.593034E-06
 2599   -1.591809E-06
 2600   -1.590585E-06
 2601   -1.428517E-06
 2602   -1.427420E-06
 2603   -1.426324E-06
 2604   -1.425228E-06
 2605   -1.424135E-06
 2606   -1.423042E-06
 2607   -1.421951E-06
 2608   -1.420861E-06
 2609   -1.419772E-06
 2610   -1.418684E-06
 2611   -1.329237E-06
 2612   -1.328220E-06
 2613   -1.327203E-06
 2614   -1.326188E-06
 2615   -1.325174E-06
 2616   -1.324162E-06
 2617   -1.323150E-06
 2618   -1.322140E-06
 2619   -1.321130E-06
 2620   -1.320122E-06
 2621   -1.313190E-06
 2622   -1.312189E-06
 2623   -1.311188E-06
 2624   -1.310189E-06
 2625   -1.309192E-06
 2626   -1.308195E-06
 2627   -1.307199E-06
 2628   -1.306205E-06
 2629   -1.305212E-06
 2630   -1.304219E-06
 2631   -1.312630E-06
 2632   -1.311632E-06
 2633   -1.310637E-06
 2634   -1.309642E-06
 2635   -1.308648E-06
 2636   -1.307656E-06
 2637   -1.306664E-06
 2638   -1.305674E-06
 2639   -1.304685E-06
 2640   -1.303697E-06
 2641   -1.197906E-06
 2642   -1.197000E-06
 2643   -1.196094E-06
 2644   -1.195190E-06
 2645   -1.194286E-06
 2646   -1.193384E-06
 2647   -1.192483E-06
 2648   -1.191582E-06
 2649   -1.190683E-06
 2650   -1.189785E-06
 2651   -1.043944E-06
 2652   -1.043157E-06
 2653   -1.042371E-06
 2654   -1.041586E-06
 2655   -1.040802E-06
 2656   -1.040018E-06
 2657   -1.039236E-06
 2658   -1.038454E-06
 2659   -1.037673E-06
 2660   -1.036893E-06
 2661   -9.429350E-07
 2662   -9.422268E-07
 2663   -9.415194E-07
 2664   -9.408128E-07
 2665   -9.401071E-07
 2666   -9.394021E-07
 2667   -9.386979E-07
 2668   -9.379945E-07
 2669   -9.372918E-07
 2670   -9.365900E-07
 2671   -9.261329E-07
 2672   -9.254399E-07
 2673   -9.247478E-07
 2674   -9.240564E-07
 2675   -9.233657E-07
 2676   -9.226759E-07
 2677   -9.219868E-07
 2678   -9.212985E-07
 2679   -9.206110E-07
 2680   -9.199242E-07
 2681   -9.169436E-07
 2682   -9.162601E-07
 2683   -9.155773E-07
 2684   -9.148953E-07
 2685   -9.142141E-07
 2686   -9.135336E-07
 2687   -9.128539E-07
 2688   -9.121750E-07
 2689   -9.114968E-07
 2690   -9.108193E-07
 2691   -8.455050E-07
 2692   -8.448771E-07
 2693   -8.442498E-07
 2694   -8.436233E-07
 2695   -8.429975E-07
 2696   -8.423723E-07
 2697   -8.417479E-07
 2698   -8.411241E-07
 2699   -8.405011E-07
 2700   -8.398787E-07
 2701   -7.242447E-07
 2702   -7.237088E-07
 2703   -7.231735E-07
 2704   -7.226388E-07
 2705   -7.221047E-07
 2706   -7.215712E-07
 2707   -7.210383E-07
 2708   -7.205059E-07
 2709   -7.199742E-07
 2710   -7.194430E-07
 2711   -6.603049E-07
 2712   -6.598181E-07
 2713   -6.593319E-07
 2714   -6.588462E-07
 2715   -6.583610E-07
 2716   -6.578764E-07
 2717   -6.573923E-07
 2718   -6.569088E-07
 2719   -6.564257E-07
 2720   -6.559433E-07
 2721   -6.478292E-07
 2722   -6.473534E-07
 2723   -6.468781E-07
 2724   -6.464034E-07
 2725   -6.459291E-07
 2726   -6.454554E-07
 2727   -6.449822E-07
 2728   -6.445095E-07
 2729   -6.440373E-07
 2730   -6.435657E-07
 2731   -6.256782E-07
 2732   -6.252203E-07
 2733   -6.247629E-07
 2734   -6.243061E-07
 2735   -6.238497E-07
 2736   -6.233938E-07
 2737   -6.229385E-07
 2738   -6.224836E-07
 2739   -6.220292E-07
 2740   -6.215754E-07
 2741   -5.625087E-07
 2742   -5.620986E-07
 2743   -5.616889E-07
 2744   -5.612796E-07
 2745   -5.608708E-07
 2746   -5.604625E-07
 2747   -5.600546E-07
 2748   -5.596471E-07
 2749   -5.592401E-07
 2750   -5.588335E-07
 2751   -4.660345E-07
 2752   -4.656959E-07
 2753   -4.653577E-07
 2754   -4.650199E-07
 2755   -4.646824E-07
 2756   -4.643454E-07
 2757   -4.640086E-07
 2758   -4.636723E-07
 2759   -4.633363E-07
 2760   -4.630006E-07
 2761   -3.951909E-07
 2762   -3.949049E-07
 2763   -3.946191E-07
 2764   -3.943337E-07
 2765   -3.940485E-07
 2766   -3.937637E-07
 2767   -3.934792E-07
 2768   -3.931950E-07
 2769   -3.929111E-07
 2770   -3.926275E-07
 2771   -3.909189E-07
 2772   -3.906370E-07
 2773   -3.903553E-07
 2774   -3.900740E-07
 2775   -3.897930E-07
 2776   -3.895122E-07
 2777   -3.892318E-07
 2778   -3.889517E-07
 2779   -3.886719E-07
 2780   -3.883924E-07
 2781   -3.708704E-07
 2782   -3.706039E-07
 2783   -3.703376E-07
 2784   -3.700717E-07
 2785   -3.698060E-07
 2786   -3.695406E-07
 2787   -3.692755E-07
 2788   -3.690107E-07
 2789   -3.687462E-07
 2790   -3.684820E-07
 2791   -3.385759E-07
 2792   -3.383334E-07
 2793   -3.380912E-07
 2794   -3.378493E-07
 2795   -3.376076E-07
 2796   -3.373662E-07
 2797   -3.371251E-07
 2798   -3.368842E-07
 2799   -3.366436E-07
 2800   -3.364032E-07
 2801   -2.817217E-07
 2802   -2.815207E-07
 2803   -2.813199E-07
 2804   -2.811193E-07
 2805   -2.809189E-07
 2806   -2.807188E-07
 2807   -2.805188E-07
 2808   -2.803191E-07
 2809   -2.801196E-07
 2810   -2.799203E-07
 2811   -2.405705E-07
 2812   -2.403994E-07
 2813   -2.402286E-07
 2814   -2.400579E-07
 2815   -2.398874E-07
 2816   -2.397171E-07
 2817   -2.395470E-07
 2818   -2.393770E-07
 2819   -2.392072E-07
 2820   -2.390377E-07
 2821   -2.398170E-07
 2822   -2.396471E-07
 2823   -2.394774E-07
 2824   -2.393078E-07
 2825   -2.391385E-07
 2826   -2.389693E-07
 2827   -2.388003E-07
 2828   -2.386315E-07
 2829   -2.384628E-07
 2830   -2.382943E-07
 2831   -2.243842E-07
 2832   -2.242258E-07
 2833   -2.240675E-07
 2834   -2.239095E-07
 2835   -2.237516E-07
 2836   -2.235938E-07
 2837   -2.234363E-07
 2838   -2.232789E-07
 2839   -2.231216E-07
 2840   -2.229645E-07
 2841   -2.038490E-07
 2842   -2.037056E-07
 2843   -2.035624E-07
 2844   -2.034192E-07
 2845   -2.032763E-07
 2846   -2.031335E-07
 2847   -2.029908E-07
 2848   -2.028483E-07
 2849   -2.027060E-07
 2850   -2.025638E-07
 2851   -1.651847E-07
 2852   -1.650689E-07
 2853   -1.649532E-07
 2854   -1.648377E-07
 2855   -1.647223E-07
 2856   -1.646069E-07
 2857   -1.644917E-07
 2858   -1.643767E-07
 2859   -1.642617E-07
 2860   -1.641469E-07
 2861   -1.368395E-07
 2862   -1.367440E-07
 2863   -1.366485E-07
 2864   -1.365531E-07
 2865   -1.364578E-07
 2866   -1.363626E-07
 2867   -1.362675E-07
 2868   -1.361725E-07
 2869   -1.360776E-07
 2870   -1.359828E-07
 2871   -1.350116E-07
 2872   -1.349176E-07
 2873   -1.348237E-07
 2874   -1.347299E-07
 2875   -1.346362E-07
 2876   -1.345426E-07
 2877   -1.344491E-07
 2878   -1.343557E-07
 2879   -1.342624E-07
 2880   -1.341692E-07
 2881   -1.275431E-07
 2882   -1.274547E-07
 2883   -1.273663E-07
 2884   -1.272780E-07
 2885   -1.271898E-07
 2886   -1.271017E-07
 2887   -1.270136E-07
 2888   -1.269257E-07
 2889   -1.268379E-07
 2890   -1.267501E-07
 2891   -1.182597E-07
 2892   -1.181779E-07
 2893   -1.180962E-07
 2894   -1.180147E-07
 2895   -1.179332E-07
 2896   -1.178517E-07
 2897   -1.177704E-07
 2898   -1.176892E-07
 2899   -1.176080E-07
 2900   -1.175269E-07
 2901   -1.000782E-07
 2902   -1.000093E-07
 2903   -9.994040E-08
 2904   -9.987160E-08
 2905   -9.980286E-08
 2906   -9.973420E-08
 2907   -9.966561E-08
 2908   -9.959708E-08
 2909   -9.952863E-08
 2910   -9.946025E-08
 2911   -8.773033E-08
 2912   -8.767010E-08
 2913   -8.760993E-08
 2914   -8.754982E-08
 2915   -8.748977E-08
 2916   -8.742979E-08
 2917   -8.736986E-08
 2918   -8.731000E-08
 2919   -8.725020E-08
 2920   -8.719046E-08
 2921   -8.824296E-08
 2922   -8.818258E-08
 2923   -8.812227E-08
 2924   -8.806201E-08
 2925   -8.800182E-08
 2926   -8.794169E-08
 2927   -8.788162E-08
 2928   -8.782161E-08
 2929   -8.776167E-08
 2930   -8.770178E-08
 2931   -8.333546E-08
 2932   -8.327863E-08
 2933   -8.322186E-08
 2934   -8.316515E-08
 2935   -8.310850E-08
 2936   -8.305191E-08
 2937   -8.299537E-08
 2938   -8.293889E-08
 2939   -8.288247E-08
 2940   -8.282611E-08
 2941   -8.182679E-08
 2942   -8.177118E-08
 2943   -8.171563E-08
 2944   -8.166013E-08
 2945   -8.160470E-08
 2946   -8.154932E-08
 2947   -8.149399E-08
 2948   -8.143872E-08
 2949   -8.138351E-08
 2950   -8.132835E-08
 2951   -7.494402E-08
 2952   -7.489326E-08
 2953   -7.484256E-08
 2954   -7.479190E-08
 2955   -7.474130E-08
 2956   -7.469075E-08
 2957   -7.464024E-08
 2958   -7.458979E-08
 2959   -7.453940E-08
 2960   -7.448905E-08
 2961   -7.120583E-08
 2962   -7.115777E-08
 2963   -7.110976E-08
 2964   -7.106179E-08
 2965   -7.101387E-08
 2966   -7.096600E-08
 2967   -7.091818E-08
 2968   -7.087041E-08
 2969   -7.082269E-08
 2970   -7.077501E-08
 2971   -7.172053E-08
 2972   -7.167228E-08
 2973   -7.162408E-08
 2974   -7.157593E-08
 2975   -7.152783E-08
 2976   -7.147978E-08
 2977   -7.143177E-08
 2978   -7.138381E-08
 2979   -7.133590E-08
 2980   -7.128804E-08
 2981   -6.957395E-08
 2982   -6.952730E-08
 2983   -6.948070E-08
 2984   -6.943415E-08
 2985   -6.938764E-08
 2986   -6.934118E-08
 2987   -6.929477E-08
 2988   -6.924840E-08
 2989   -6.920208E-08
 2990   -6.915581E-08
 2991   -7.146923E-08
 2992   -7.142147E-08
 2993   -7.137376E-08
 2994   -7.132610E-08
 2995   -7.127848E-08
 2996   -7.123092E-08
 2997   -7.118340E-08
 2998   -7.113593E-08
 2999   -7.108850E-08
 3000   -7.104113E-08
 3001   -7.158865E-08
 3002   -7.154097E-08
 3003   -7.149334E-08
 3004   -7.144576E-08
 3005   -7.139822E-08
 3006   -7.135074E-08
 3007   -7.130329E-08
 3008   -7.125590E-08
 3009   -7.120856E-08
 3010   -7.116126E-08
 3011   -7.123408E-08
 3012   -7.118679E-08
 3013   -7.113955E-08
 3014   -7.109236E-08
 3015   -7.104522E-08
 3016   -7.099812E-08
 3017   -7.095107E-08
 3018   -7.090407E-08
 3019   -7.085711E-08
 3020   -7.081020E-08
 3021   -7.312964E-08
 3022   -7.308126E-08
 3023   -7.303293E-08
 3024   -7.298464E-08
 3025   -7.293640E-08
 3026   -7.288821E-08
 3027   -7.284007E-08
 3028   -7.279197E-08
 3029   -7.274393E-08
 3030   -7.269593E-08
 3031   -7.240281E-08
 3032   -7.235507E-08
 3033   -7.230738E-08
 3034   -7.225973E-08
 3035   -7.221212E-08
 3036   -7.216457E-08
 3037   -7.211706E-08
 3038   -7.206960E-08
 3039   -7.202219E-08
 3040   -7.197482E-08
 3041   -8.003023E-08
 3042   -7.997763E-08
 3043   -7.992508E-08
 3044   -7.987258E-08
 3045   -7.982014E-08
 3046   -7.976775E-08
 3047   -7.971540E-08
 3048   -7.966311E-08
 3049   -7.961088E-08
 3050   -7.955869E-08
 3051   -8.985800E-08
 3052   -8.979913E-08
 3053   -8.974032E-08
 3054   -8.968157E-08
 3055   -8.962288E-08
 3056   -8.956425E-08
 3057   -8.950567E-08
 3058   -8.944715E-08
 3059   -8.938869E-08
 3060   -8.933028E-08
 3061   -9.489108E-08
 3062   -9.482912E-08
 3063   -9.476722E-08
 3064   -9.470538E-08
 3065   -9.464360E-08
 3066   -9.458188E-08
 3067   -9.452023E-08
 3068   -9.445863E-08
 3069   -9.439709E-08
 3070   -9.433562E-08
 3071   -9.578442E-08
 3072   -9.572208E-08
 3073   -9.565980E-08
 3074   -9.559758E-08
 3075   -9.553542E-08
 3076   -9.547333E-08
 3077   -9.541129E-08
 3078   -9.534931E-08
 3079   -9.528740E-08
 3080   -9.522554E-08
 3081   -8.623482E-08
 3082   -8.617887E-08
 3083   -8.612299E-08
 3084   -8.606715E-08
 3085   -8.601137E-08
 3086   -8.595565E-08
 3087   -8.589998E-08
 3088   -8.584436E-08
 3089   -8.578880E-08
 3090   -8.573329E-08
 3091   -6.550778E-08
 3092   -6.546542E-08
 3093   -6.542310E-08
 3094   -6.538082E-08
 3095   -6.533859E-08
 3096   -6.529639E-08
 3097   -6.525424E-08
 3098   -6.521213E-08
 3099   -6.517005E-08
 3100   -6.512802E-08
 3101   -2.520153E-08
 3102   -2.518529E-08
 3103   -2.516906E-08
 3104   -2.515285E-08
 3105   -2.513665E-08
 3106   -2.512047E-08
 3107   -2.510431E-08
 3108   -2.508816E-08
 3109   -2.507202E-08
 3110   -2.505591E-08
 3111   -2.190873E-09
 3112   -2.189466E-09
 3113   -2.188059E-09
 3114   -2.186655E-09
 3115   -2.185251E-09
 3116   -2.183849E-09
 3117   -2.182448E-09
 3118   -2.181049E-09
 3119   -2.179651E-09
 3120   -2.178254E-09
 3121    5.114443E-09
 3122    5.111168E-09
 3123    5.107895E-09
 3124    5.104626E-09
 3125    5.101360E-09
 3126    5.098098E-09
 3127    5.094838E-09
 3128    5.091581E-09
 3129    5.088328E-09
 3130    5.085078E-09
 3131    7.032309E-09
 3132    7.027820E-09
 3133    7.023335E-09
 3134    7.018854E-09
 3135    7.014378E-09
 3136    7.009906E-09
 3137    7.005438E-09
 3138    7.000975E-09
 3139    6.996515E-09
 3140    6.992060E-09
 3141    8.388014E-09
 3142    8.382676E-09
 3143    8.377344E-09
 3144    8.372016E-09
 3145    8.366694E-09
 3146    8.361377E-09
 3147    8.356064E-09
 3148    8.350757E-09
 3149    8.345455E-09
 3150    8.340158E-09
 3151    9.627606E-09
 3152    9.621499E-09
 3153    9.615398E-09
 3154    9.609303E-09
 3155    9.603213E-09
 3156    9.597129E-09
 3157    9.591051E-09
 3158    9.584979E-09
 3159    9.578913E-09
 3160    9.572852E-09
 3161    1.022355E-08
 3162    1.021709E-08
 3163    1.021063E-08
 3164    1.020418E-08
 3165    1.019773E-08
 3166    1.019129E-08
 3167    1.018486E-08
 3168    1.017843E-08
 3169    1.017201E-08
 3170    1.016559E-08
 3171    1.064790E-08
 3172    1.064119E-08
 3173    1.063448E-08
 3174    1.062778E-08
 3175    1.062109E-08
 3176    1.061440E-08
 3177    1.060772E-08
 3178    1.060105E-08
 3179    1.059438E-08
 3180    1.058772E-08
 3181    1.102995E-08
 3182    1.102302E-08
 3183    1.101610E-08
 3184    1.100918E-08
 3185    1.100227E-08
 3186    1.099536E-08
 3187    1.098846E-08
 3188    1.098157E-08
 3189    1.097469E-08
 3190    1.096781E-08
 3191    1.142823E-08
 3192    1.142107E-08
 3193    1.141392E-08
 3194    1.140677E-08
 3195    1.139963E-08
 3196    1.139250E-08
 3197    1.138538E-08
 3198    1.137826E-08
 3199    1.137115E-08
 3200    1.136404E-08
 3201    1.145463E-08
 3202    1.144748E-08
 3203    1.144034E-08
 3204    1.143320E-08
 3205    1.142606E-08
 3206    1.141894E-08
 3207    1.141182E-08
 3208    1.140471E-08
 3209    1.139760E-08
 3210    1.139050E-08
 3211    1.176636E-08
 3212    1.175904E-08
 3213    1.175172E-08
 3214    1.174441E-08
 3215    1.173711E-08
 3216    1.172981E-08
 3217    1.172252E-08
 3218    1.171524E-08
 3219    1.170796E-08
 3220    1.170069E-08
 3221    1.193222E-08
 3222    1.192482E-08
 3223    1.191742E-08
 3224    1.191003E-08
 3225    1.190265E-08
 3226    1.189527E-08
 3227    1.188790E-08
 3228    1.188054E-08
 3229    1.187318E-08
 3230    1.186583E-08
 3231    1.186203E-08
 3232    1.185470E-08
 3233    1.184736E-08
 3234    1.184004E-08
 3235    1.183272E-08
 3236    1.182541E-08
 3237    1.181811E-08
 3238    1.181081E-08
 3239    1.180352E-08
 3240    1.179623E-08
 3241    1.168919E-08
 3242    1.168198E-08
 3243    1.167478E-08
 3244    1.166758E-08
 3245    1.166039E-08
 3246    1.165321E-08
 3247    1.164604E-08
 3248    1.163887E-08
 3249    1.163170E-08
 3250    1.162455E-08
 3251    1.151208E-08
 3252    1.150500E-08
 3253    1.149793E-08
 3254    1.149087E-08
 3255    1.148381E-08
 3256    1.147676E-08
 3257    1.146971E-08
 3258    1.146267E-08
 3259    1.145564E-08
 3260    1.144862E-08
 3261    1.159245E-08
 3262    1.158535E-08
 3263    1.157825E-08
 3264    1.157116E-08
 3265    1.156407E-08
 3266    1.155699E-08
 3267    1.154992E-08
 3268    1.154285E-08
 3269    1.153579E-08
 3270    1.152874E-08
 3271    1.122321E-08
 3272    1.121636E-08
 3273    1.120950E-08
 3274    1.120266E-08
 3275    1.119582E-08
 3276    1.118899E-08
 3277    1.118216E-08
 3278    1.117534E-08
 3279    1.116853E-08
 3280    1.116172E-08
 3281    1.142711E-08
 3282    1.142015E-08
 3283    1.141320E-08
 3284    1.140625E-08
 3285    1.139931E-08
 3286    1.139237E-08
 3287    1.138544E-08
 3288    1.137852E-08
 3289    1.137160E-08
 3290    1.136469E-08
 3291    1.096810E-08
 3292    1.096144E-08
 3293    1.095478E-08
 3294    1.094814E-08
 3295    1.094149E-08
 3296    1.093486E-08
 3297    1.092822E-08
 3298    1.092160E-08
 3299    1.091498E-08
 3300    1.090837E-08
