   50    0.000000E+00
   51    0.000000E+00
   52    0.000000E+00
   53    0.000000E+00
   54    0.000000E+00
   55    0.000000E+00
   56    0.000000E+00
   57    0.000000E+00
   58    0.000000E+00
   59    0.000000E+00
   60    0.000000E+00
   61    0.000000E+00
   62    0.000000E+00
   63    0.000000E+00
   64    0.000000E+00
   65    0.000000E+00
   66    0.000000E+00
   67    0.000000E+00
   68    0.000000E+00
   69    0.000000E+00
   70    0.000000E+00
   71    0.000000E+00
   72    0.000000E+00
   73    0.000000E+00
   74    0.000000E+00
   75    0.000000E+00
   76    0.000000E+00
   77    0.000000E+00
   78    0.000000E+00
   79    0.000000E+00
   80    0.000000E+00
   81    0.000000E+00
   82    0.000000E+00
   83    0.000000E+00
   84    0.000000E+00
   85    0.000000E+00
   86    0.000000E+00
   87    0.000000E+00
   88    0.000000E+00
   89    0.000000E+00
   90    0.000000E+00
   91    0.000000E+00
   92    0.000000E+00
   93    0.000000E+00
   94    0.000000E+00
   95    0.000000E+00
   96    0.000000E+00
   97    0.000000E+00
   98    0.000000E+00
   99    0.000000E+00
  100    0.000000E+00
  101    0.000000E+00
  102    0.000000E+00
  103    0.000000E+00
  104    0.000000E+00
  105    0.000000E+00
  106    0.000000E+00
  107    0.000000E+00
  108    0.000000E+00
  109    0.000000E+00
  110    0.000000E+00
  111    0.000000E+00
  112    0.000000E+00
  113    0.000000E+00
  114    0.000000E+00
  115    0.000000E+00
  116    0.000000E+00
  117    0.000000E+00
  118    0.000000E+00
  119    0.000000E+00
  120    0.000000E+00
  121    0.000000E+00
  122    0.000000E+00
  123    0.000000E+00
  124    0.000000E+00
  125    0.000000E+00
  126    0.000000E+00
  127    0.000000E+00
  128    0.000000E+00
  129    0.000000E+00
  130    0.000000E+00
  131    0.000000E+00
  132    0.000000E+00
  133    0.000000E+00
  134    0.000000E+00
  135    0.000000E+00
  136    0.000000E+00
  137    0.000000E+00
  138    0.000000E+00
  139    0.000000E+00
  140    0.000000E+00
  141    0.000000E+00
  142    0.000000E+00
  143    0.000000E+00
  144    0.000000E+00
  145    0.000000E+00
  146    0.000000E+00
  147    0.000000E+00
  148    0.000000E+00
  149    0.000000E+00
  150    0.000000E+00
  151    0.000000E+00
  152    0.000000E+00
  153    0.000000E+00
  154    0.000000E+00
  155    0.000000E+00
  156    0.000000E+00
  157    0.000000E+00
  158    0.000000E+00
  159    0.000000E+00
  160    0.000000E+00
  161    0.000000E+00
  162    0.000000E+00
  163    0.000000E+00
  164    0.000000E+00
  165    0.000000E+00
  166    0.000000E+00
  167    0.000000E+00
  168    0.000000E+00
  169    0.000000E+00
  170    0.000000E+00
  171    0.000000E+00
  172    0.000000E+00
  173    0.000000E+00
  174    0.000000E+00
  175    0.000000E+00
  176    0.000000E+00
  177    0.000000E+00
  178    0.000000E+00
  179    0.000000E+00
  180    0.000000E+00
  181    3.696973E-13
  182    3.656569E-13
  183    3.616824E-13
  184    3.577723E-13
  185    3.539253E-13
  186    3.501400E-13
  187    3.464151E-13
  188    3.427493E-13
  189    3.391414E-13
  190    3.355902E-13
  191    8.224552E-13
  192    8.139324E-13
  193    8.055413E-13
  194    7.972794E-13
  195    7.891439E-13
  196    7.811323E-13
  197    7.732420E-13
  198    7.654708E-13
  199    7.578160E-13
  200    7.502756E-13
  201    1.739641E-11
  202    1.722502E-11
  203    1.705614E-11
  204    1.688974E-11
  205    1.672576E-11
  206    1.656416E-11
  207    1.640489E-11
  208    1.624791E-11
  209    1.609316E-11
  210    1.594062E-11
  211    2.481522E-11
  212    2.458221E-11
  213    2.435247E-11
  214    2.412594E-11
  215    2.390255E-11
  216    2.368225E-11
  217    2.346498E-11
  218    2.325069E-11
  219    2.303932E-11
  220    2.283082E-11
  221    4.471350E-11
  222    4.431248E-11
  223    4.391683E-11
  224    4.352646E-11
  225    4.314127E-11
  226    4.276117E-11
  227    4.238607E-11
  228    4.201589E-11
  229    4.165053E-11
  230    4.128992E-11
  231    1.043245E-10
  232    1.034290E-10
  233    1.025450E-10
  234    1.016723E-10
  235    1.008107E-10
  236    9.995993E-11
  237    9.911993E-11
  238    9.829047E-11
  239    9.747139E-11
  240    9.666250E-11
  241    1.002124E-10
  242    9.938763E-11
  243    9.857298E-11
  244    9.776830E-11
  245    9.697344E-11
  246    9.618823E-11
  247    9.541252E-11
  248    9.464615E-11
  249    9.388898E-11
  250    9.314086E-11
  251    2.258481E-10
  252    2.240627E-10
  253    2.222984E-10
  254    2.205549E-10
  255    2.188318E-10
  256    2.171289E-10
  257    2.154457E-10
  258    2.137820E-10
  259    2.121376E-10
  260    2.105120E-10
  261    2.498341E-10
  262    2.479342E-10
  263    2.460559E-10
  264    2.441989E-10
  265    2.423628E-10
  266    2.405474E-10
  267    2.387523E-10
  268    2.369771E-10
  269    2.352218E-10
  270    2.334858E-10
  271    3.502990E-10
  272    3.477327E-10
  273    3.451945E-10
  274    3.426840E-10
  275    3.402008E-10
  276    3.377444E-10
  277    3.353146E-10
  278    3.329109E-10
  279    3.305330E-10
  280    3.281804E-10
  281    4.261865E-10
  282    4.231745E-10
  283    4.201944E-10
  284    4.172457E-10
  285    4.143279E-10
  286    4.114406E-10
  287    4.085834E-10
  288    4.057558E-10
  289    4.029575E-10
  290    4.001880E-10
  291    5.516096E-10
  292    5.478444E-10
  293    5.441175E-10
  294    5.404286E-10
  295    5.367771E-10
  296    5.331624E-10
  297    5.295841E-10
  298    5.260418E-10
  299    5.225348E-10
  300    5.190628E-10
  301    7.119638E-10
  302    7.072644E-10
  303    7.026113E-10
  304    6.980041E-10
  305    6.934419E-10
  306    6.889244E-10
  307    6.844509E-10
  308    6.800208E-10
  309    6.756335E-10
  310    6.712886E-10
  311    8.399262E-10
  312    8.345592E-10
  313    8.292436E-10
  314    8.239785E-10
  315    8.187635E-10
  316    8.135978E-10
  317    8.084808E-10
  318    8.034120E-10
  319    7.983906E-10
  320    7.934162E-10
  321    1.033783E-09
  322    1.027382E-09
  323    1.021040E-09
  324    1.014756E-09
  325    1.008531E-09
  326    1.002362E-09
  327    9.962505E-10
  328    9.901942E-10
  329    9.841931E-10
  330    9.782463E-10
  331    1.262842E-09
  332    1.255258E-09
  333    1.247741E-09
  334    1.240292E-09
  335    1.232909E-09
  336    1.225592E-09
  337    1.218340E-09
  338    1.211153E-09
  339    1.204028E-09
  340    1.196966E-09
  341    1.487901E-09
  342    1.479225E-09
  343    1.470625E-09
  344    1.462099E-09
  345    1.453648E-09
  346    1.445269E-09
  347    1.436963E-09
  348    1.428729E-09
  349    1.420564E-09
  350    1.412470E-09
  351    1.667185E-09
  352    1.657739E-09
  353    1.648373E-09
  354    1.639087E-09
  355    1.629878E-09
  356    1.620747E-09
  357    1.611693E-09
  358    1.602714E-09
  359    1.593810E-09
  360    1.584980E-09
  361    2.147743E-09
  362    2.135910E-09
  363    2.124174E-09
  364    2.112535E-09
  365    2.100991E-09
  366    2.089541E-09
  367    2.078185E-09
  368    2.066921E-09
  369    2.055749E-09
  370    2.044666E-09
  371    2.292482E-09
  372    2.280190E-09
  373    2.267997E-09
  374    2.255901E-09
  375    2.243901E-09
  376    2.231997E-09
  377    2.220188E-09
  378    2.208472E-09
  379    2.196848E-09
  380    2.185316E-09
  381    2.785519E-09
  382    2.770973E-09
  383    2.756541E-09
  384    2.742221E-09
  385    2.728013E-09
  386    2.713914E-09
  387    2.699925E-09
  388    2.686044E-09
  389    2.672269E-09
  390    2.658600E-09
  391    3.289902E-09
  392    3.273160E-09
  393    3.256545E-09
  394    3.240056E-09
  395    3.223692E-09
  396    3.207452E-09
  397    3.191334E-09
  398    3.175337E-09
  399    3.159461E-09
  400    3.143703E-09
  401    3.354403E-09
  402    3.337755E-09
  403    3.321232E-09
  404    3.304831E-09
  405    3.288551E-09
  406    3.272391E-09
  407    3.256350E-09
  408    3.240426E-09
  409    3.224619E-09
  410    3.208928E-09
  411    4.348095E-09
  412    4.327039E-09
  413    4.306135E-09
  414    4.285383E-09
  415    4.264780E-09
  416    4.244326E-09
  417    4.224018E-09
  418    4.203855E-09
  419    4.183837E-09
  420    4.163961E-09
  421    4.328955E-09
  422    4.308487E-09
  423    4.288164E-09
  424    4.267984E-09
  425    4.247947E-09
  426    4.228050E-09
  427    4.208293E-09
  428    4.188674E-09
  429    4.169191E-09
  430    4.149845E-09
  431    5.504624E-09
  432    5.479198E-09
  433    5.453948E-09
  434    5.428873E-09
  435    5.403970E-09
  436    5.379238E-09
  437    5.354675E-09
  438    5.330280E-09
  439    5.306052E-09
  440    5.281988E-09
  441    5.952453E-09
  442    5.925580E-09
  443    5.898888E-09
  444    5.872376E-09
  445    5.846043E-09
  446    5.819886E-09
  447    5.793904E-09
  448    5.768096E-09
  449    5.742460E-09
  450    5.716995E-09
  451    6.448131E-09
  452    6.419663E-09
  453    6.391382E-09
  454    6.363288E-09
  455    6.335379E-09
  456    6.307653E-09
  457    6.280109E-09
  458    6.252745E-09
  459    6.225559E-09
  460    6.198550E-09
  461    7.768137E-09
  462    7.734582E-09
  463    7.701243E-09
  464    7.668119E-09
  465    7.635209E-09
  466    7.602510E-09
  467    7.570021E-09
  468    7.537739E-09
  469    7.505664E-09
  470    7.473792E-09
  471    7.988266E-09
  472    7.954489E-09
  473    7.920926E-09
  474    7.887574E-09
  475    7.854433E-09
  476    7.821501E-09
  477    7.788775E-09
  478    7.756254E-09
  479    7.723936E-09
  480    7.691820E-09
  481    1.022289E-08
  482    1.018056E-08
  483    1.013849E-08
  484    1.009669E-08
  485    1.005514E-08
  486    1.001384E-08
  487    9.972801E-09
  488    9.932012E-09
  489    9.891473E-09
  490    9.851182E-09
  491    1.022286E-08
  492    1.018139E-08
  493    1.014017E-08
  494    1.009920E-08
  495    1.005848E-08
  496    1.001800E-08
  497    9.977765E-09
  498    9.937774E-09
  499    9.898023E-09
  500    9.858510E-09
  501    1.163057E-08
  502    1.158433E-08
  503    1.153836E-08
  504    1.149266E-08
  505    1.144724E-08
  506    1.140208E-08
  507    1.135719E-08
  508    1.131257E-08
  509    1.126820E-08
  510    1.122410E-08
  511    1.339114E-08
  512    1.333894E-08
  513    1.328703E-08
  514    1.323543E-08
  515    1.318413E-08
  516    1.313313E-08
  517    1.308242E-08
  518    1.303201E-08
  519    1.298189E-08
  520    1.293205E-08
  521    1.374290E-08
  522    1.369034E-08
  523    1.363809E-08
  524    1.358613E-08
  525    1.353448E-08
  526    1.348311E-08
  527    1.343204E-08
  528    1.338126E-08
  529    1.333076E-08
  530    1.328055E-08
  531    1.650814E-08
  532    1.644620E-08
  533    1.638460E-08
  534    1.632335E-08
  535    1.626244E-08
  536    1.620187E-08
  537    1.614164E-08
  538    1.608175E-08
  539    1.602219E-08
  540    1.596296E-08
  541    1.649046E-08
  542    1.642973E-08
  543    1.636932E-08
  544    1.630925E-08
  545    1.624951E-08
  546    1.619010E-08
  547    1.613101E-08
  548    1.607224E-08
  549    1.601380E-08
  550    1.595567E-08
  551    1.967829E-08
  552    1.960712E-08
  553    1.953633E-08
  554    1.946593E-08
  555    1.939591E-08
  556    1.932627E-08
  557    1.925700E-08
  558    1.918810E-08
  559    1.911957E-08
  560    1.905141E-08
  561    2.114814E-08
  562    2.107302E-08
  563    2.099829E-08
  564    2.092396E-08
  565    2.085002E-08
  566    2.077648E-08
  567    2.070332E-08
  568    2.063055E-08
  569    2.055816E-08
  570    2.048616E-08
  571    2.251830E-08
  572    2.243970E-08
  573    2.236151E-08
  574    2.228373E-08
  575    2.220636E-08
  576    2.212939E-08
  577    2.205281E-08
  578    2.197664E-08
  579    2.190086E-08
  580    2.182547E-08
  581    2.537735E-08
  582    2.529029E-08
  583    2.520368E-08
  584    2.511752E-08
  585    2.503179E-08
  586    2.494650E-08
  587    2.486165E-08
  588    2.477723E-08
  589    2.469324E-08
  590    2.460968E-08
  591    2.739041E-08
  592    2.729803E-08
  593    2.720612E-08
  594    2.711467E-08
  595    2.702368E-08
  596    2.693315E-08
  597    2.684307E-08
  598    2.675344E-08
  599    2.666427E-08
  600    2.657553E-08
  601    3.046513E-08
  602    3.036408E-08
  603    3.026354E-08
  604    3.016349E-08
  605    3.006394E-08
  606    2.996489E-08
  607    2.986632E-08
  608    2.976823E-08
  609    2.967063E-08
  610    2.957351E-08
  611    3.141349E-08
  612    3.131100E-08
  613    3.120901E-08
  614    3.110752E-08
  615    3.100652E-08
  616    3.090601E-08
  617    3.080599E-08
  618    3.070646E-08
  619    3.060740E-08
  620    3.050883E-08
  621    3.592969E-08
  622    3.581434E-08
  623    3.569955E-08
  624    3.558531E-08
  625    3.547162E-08
  626    3.535848E-08
  627    3.524587E-08
  628    3.513380E-08
  629    3.502226E-08
  630    3.491126E-08
  631    3.777205E-08
  632    3.765271E-08
  633    3.753393E-08
  634    3.741571E-08
  635    3.729805E-08
  636    3.718095E-08
  637    3.706439E-08
  638    3.694838E-08
  639    3.683292E-08
  640    3.671800E-08
  641    4.073297E-08
  642    4.060627E-08
  643    4.048016E-08
  644    4.035464E-08
  645    4.022971E-08
  646    4.010535E-08
  647    3.998157E-08
  648    3.985836E-08
  649    3.973572E-08
  650    3.961364E-08
  651    4.523985E-08
  652    4.510129E-08
  653    4.496337E-08
  654    4.482607E-08
  655    4.468941E-08
  656    4.455337E-08
  657    4.441795E-08
  658    4.428314E-08
  659    4.414895E-08
  660    4.401537E-08
  661    4.681963E-08
  662    4.667839E-08
  663    4.653780E-08
  664    4.639783E-08
  665    4.625850E-08
  666    4.611979E-08
  667    4.598171E-08
  668    4.584425E-08
  669    4.570740E-08
  670    4.557116E-08
  671    5.259542E-08
  672    5.243912E-08
  673    5.228351E-08
  674    5.212860E-08
  675    5.197437E-08
  676    5.182083E-08
  677    5.166797E-08
  678    5.151578E-08
  679    5.136426E-08
  680    5.121341E-08
  681    5.355715E-08
  682    5.340032E-08
  683    5.324418E-08
  684    5.308872E-08
  685    5.293395E-08
  686    5.277984E-08
  687    5.262641E-08
  688    5.247365E-08
  689    5.232156E-08
  690    5.217012E-08
  691    5.698322E-08
  692    5.681877E-08
  693    5.665503E-08
  694    5.649199E-08
  695    5.632966E-08
  696    5.616802E-08
  697    5.600708E-08
  698    5.584684E-08
  699    5.568727E-08
  700    5.552839E-08
  701    6.026545E-08
  702    6.009400E-08
  703    5.992328E-08
  704    5.975328E-08
  705    5.958401E-08
  706    5.941545E-08
  707    5.924761E-08
  708    5.908048E-08
  709    5.891406E-08
  710    5.874834E-08
  711    6.304621E-08
  712    6.286937E-08
  713    6.269326E-08
  714    6.251790E-08
  715    6.234326E-08
  716    6.216936E-08
  717    6.199619E-08
  718    6.182374E-08
  719    6.165201E-08
  720    6.148099E-08
  721    6.871543E-08
  722    6.852535E-08
  723    6.833605E-08
  724    6.814754E-08
  725    6.795980E-08
  726    6.777284E-08
  727    6.758665E-08
  728    6.740123E-08
  729    6.721657E-08
  730    6.703267E-08
  731    7.064242E-08
  732    7.044967E-08
  733    7.025771E-08
  734    7.006653E-08
  735    6.987613E-08
  736    6.968651E-08
  737    6.949766E-08
  738    6.930957E-08
  739    6.912225E-08
  740    6.893568E-08
  741    7.790215E-08
  742    7.769246E-08
  743    7.748361E-08
  744    7.727560E-08
  745    7.706842E-08
  746    7.686208E-08
  747    7.665657E-08
  748    7.645188E-08
  749    7.624801E-08
  750    7.604495E-08
  751    7.910797E-08
  752    7.889786E-08
  753    7.868858E-08
  754    7.848014E-08
  755    7.827252E-08
  756    7.806572E-08
  757    7.785974E-08
  758    7.765458E-08
  759    7.745022E-08
  760    7.724667E-08
  761    8.363548E-08
  762    8.341625E-08
  763    8.319789E-08
  764    8.298038E-08
  765    8.276372E-08
  766    8.254790E-08
  767    8.233294E-08
  768    8.211881E-08
  769    8.190551E-08
  770    8.169305E-08
  771    9.012980E-08
  772    8.989660E-08
  773    8.966431E-08
  774    8.943292E-08
  775    8.920242E-08
  776    8.897281E-08
  777    8.874409E-08
  778    8.851625E-08
  779    8.828929E-08
  780    8.806319E-08
  781    9.071986E-08
  782    9.048813E-08
  783    9.025730E-08
  784    9.002734E-08
  785    8.979827E-08
  786    8.957006E-08
  787    8.934273E-08
  788    8.911626E-08
  789    8.889064E-08
  790    8.866589E-08
  791    9.931195E-08
  792    9.906148E-08
  793    9.881195E-08
  794    9.856337E-08
  795    9.831572E-08
  796    9.806901E-08
  797    9.782322E-08
  798    9.757836E-08
  799    9.733441E-08
  800    9.709138E-08
  801    9.999711E-08
  802    9.974805E-08
  803    9.949992E-08
  804    9.925272E-08
  805    9.900643E-08
  806    9.876106E-08
  807    9.851660E-08
  808    9.827305E-08
  809    9.803040E-08
  810    9.778865E-08
  811    1.042421E-07
  812    1.039857E-07
  813    1.037302E-07
  814    1.034756E-07
  815    1.032220E-07
  816    1.029693E-07
  817    1.027176E-07
  818    1.024667E-07
  819    1.022168E-07
  820    1.019678E-07
  821    1.113050E-07
  822    1.110345E-07
  823    1.107650E-07
  824    1.104965E-07
  825    1.102289E-07
  826    1.099623E-07
  827    1.096967E-07
  828    1.094321E-07
  829    1.091684E-07
  830    1.089057E-07
  831    1.111073E-07
  832    1.108405E-07
  833    1.105747E-07
  834    1.103099E-07
  835    1.100460E-07
  836    1.097830E-07
  837    1.095210E-07
  838    1.092599E-07
  839    1.089998E-07
  840    1.087406E-07
  841    1.237133E-07
  842    1.234198E-07
  843    1.231273E-07
  844    1.228359E-07
  845    1.225455E-07
  846    1.222561E-07
  847    1.219678E-07
  848    1.216805E-07
  849    1.213942E-07
  850    1.211089E-07
  851    1.192357E-07
  852    1.189562E-07
  853    1.186776E-07
  854    1.184000E-07
  855    1.181233E-07
  856    1.178477E-07
  857    1.175730E-07
  858    1.172992E-07
  859    1.170264E-07
  860    1.167546E-07
  861    1.265223E-07
  862    1.262291E-07
  863    1.259369E-07
  864    1.256457E-07
  865    1.253555E-07
  866    1.250664E-07
  867    1.247782E-07
  868    1.244910E-07
  869    1.242048E-07
  870    1.239196E-07
  871    1.334427E-07
  872    1.331370E-07
  873    1.328324E-07
  874    1.325287E-07
  875    1.322262E-07
  876    1.319246E-07
  877    1.316241E-07
  878    1.313246E-07
  879    1.310262E-07
  880    1.307287E-07
  881    1.296843E-07
  882    1.293906E-07
  883    1.290978E-07
  884    1.288061E-07
  885    1.285153E-07
  886    1.282256E-07
  887    1.279368E-07
  888    1.276489E-07
  889    1.273621E-07
  890    1.270762E-07
  891    1.450872E-07
  892    1.447622E-07
  893    1.444384E-07
  894    1.441156E-07
  895    1.437939E-07
  896    1.434733E-07
  897    1.431538E-07
  898    1.428353E-07
  899    1.425179E-07
  900    1.422015E-07
  901    1.404179E-07
  902    1.401069E-07
  903    1.397969E-07
  904    1.394880E-07
  905    1.391800E-07
  906    1.388731E-07
  907    1.385672E-07
  908    1.382624E-07
  909    1.379585E-07
  910    1.376556E-07
  911    1.478949E-07
  912    1.475709E-07
  913    1.472480E-07
  914    1.469261E-07
  915    1.466053E-07
  916    1.462856E-07
  917    1.459669E-07
  918    1.456492E-07
  919    1.453326E-07
  920    1.450170E-07
  921    1.543239E-07
  922    1.539895E-07
  923    1.536562E-07
  924    1.533239E-07
  925    1.529928E-07
  926    1.526627E-07
  927    1.523337E-07
  928    1.520057E-07
  929    1.516788E-07
  930    1.513530E-07
  931    1.490228E-07
  932    1.487033E-07
  933    1.483849E-07
  934    1.480675E-07
  935    1.477511E-07
  936    1.474357E-07
  937    1.471214E-07
  938    1.468080E-07
  939    1.464957E-07
  940    1.461843E-07
  941    1.651926E-07
  942    1.648423E-07
  943    1.644931E-07
  944    1.641449E-07
  945    1.637979E-07
  946    1.634520E-07
  947    1.631071E-07
  948    1.627634E-07
  949    1.624207E-07
  950    1.620791E-07
  951    1.565154E-07
  952    1.561870E-07
  953    1.558595E-07
  954    1.555331E-07
  955    1.552077E-07
  956    1.548834E-07
  957    1.545600E-07
  958    1.542377E-07
  959    1.539164E-07
  960    1.535960E-07
  961    1.651765E-07
  962    1.648334E-07
  963    1.644915E-07
  964    1.641505E-07
  965    1.638107E-07
  966    1.634719E-07
  967    1.631341E-07
  968    1.627974E-07
  969    1.624618E-07
  970    1.621271E-07
  971    1.627393E-07
  972    1.624048E-07
  973    1.620713E-07
  974    1.617388E-07
  975    1.614074E-07
  976    1.610770E-07
  977    1.607476E-07
  978    1.604192E-07
  979    1.600918E-07
  980    1.597654E-07
  981    1.598903E-07
  982    1.595650E-07
  983    1.592407E-07
  984    1.589174E-07
  985    1.585950E-07
  986    1.582737E-07
  987    1.579533E-07
  988    1.576338E-07
  989    1.573154E-07
  990    1.569979E-07
  991    1.727846E-07
  992    1.724366E-07
  993    1.720897E-07
  994    1.717438E-07
  995    1.713989E-07
  996    1.710551E-07
  997    1.707123E-07
  998    1.703705E-07
  999    1.700298E-07
 1000    1.696900E-07
 1001    1.562805E-07
 1002    1.559688E-07
 1003    1.556581E-07
 1004    1.553484E-07
 1005    1.550395E-07
 1006    1.547316E-07
 1007    1.544246E-07
 1008    1.541185E-07
 1009    1.538133E-07
 1010    1.535090E-07
 1011    1.707803E-07
 1012    1.704432E-07
 1013    1.701070E-07
 1014    1.697718E-07
 1015    1.694376E-07
 1016    1.691044E-07
 1017    1.687722E-07
 1018    1.684409E-07
 1019    1.681106E-07
 1020    1.677813E-07
 1021    1.672274E-07
 1022    1.669004E-07
 1023    1.665744E-07
 1024    1.662494E-07
 1025    1.659253E-07
 1026    1.656022E-07
 1027    1.652800E-07
 1028    1.649588E-07
 1029    1.646385E-07
 1030    1.643191E-07
 1031    1.638451E-07
 1032    1.635279E-07
 1033    1.632116E-07
 1034    1.628962E-07
 1035    1.625817E-07
 1036    1.622681E-07
 1037    1.619555E-07
 1038    1.616437E-07
 1039    1.613329E-07
 1040    1.610229E-07
 1041    1.682662E-07
 1042    1.679435E-07
 1043    1.676218E-07
 1044    1.673010E-07
 1045    1.669811E-07
 1046    1.666621E-07
 1047    1.663441E-07
 1048    1.660269E-07
 1049    1.657107E-07
 1050    1.653953E-07
 1051    1.578616E-07
 1052    1.575618E-07
 1053    1.572628E-07
 1054    1.569647E-07
 1055    1.566674E-07
 1056    1.563710E-07
 1057    1.560754E-07
 1058    1.557806E-07
 1059    1.554867E-07
 1060    1.551936E-07
 1061    1.708054E-07
 1062    1.704841E-07
 1063    1.701636E-07
 1064    1.698441E-07
 1065    1.695254E-07
 1066    1.692076E-07
 1067    1.688908E-07
 1068    1.685748E-07
 1069    1.682597E-07
 1070    1.679455E-07
 1071    1.634449E-07
 1072    1.631402E-07
 1073    1.628364E-07
 1074    1.625335E-07
 1075    1.622314E-07
 1076    1.619301E-07
 1077    1.616297E-07
 1078    1.613301E-07
 1079    1.610313E-07
 1080    1.607334E-07
 1081    1.632103E-07
 1082    1.629089E-07
 1083    1.626083E-07
 1084    1.623086E-07
 1085    1.620096E-07
 1086    1.617116E-07
 1087    1.614143E-07
 1088    1.611178E-07
 1089    1.608222E-07
 1090    1.605274E-07
 1091    1.603240E-07
 1092    1.600306E-07
 1093    1.597381E-07
 1094    1.594463E-07
 1095    1.591553E-07
 1096    1.588652E-07
 1097    1.585758E-07
 1098    1.582872E-07
 1099    1.579994E-07
 1100    1.577124E-07
 1101    1.551317E-07
 1102    1.548504E-07
 1103    1.545699E-07
 1104    1.542901E-07
 1105    1.540111E-07
 1106    1.537328E-07
 1107    1.534553E-07
 1108    1.531786E-07
 1109    1.529026E-07
 1110    1.526273E-07
 1111    1.533930E-07
 1112    1.531174E-07
 1113    1.528425E-07
 1114    1.525683E-07
 1115    1.522949E-07
 1116    1.520222E-07
 1117    1.517503E-07
 1118    1.514790E-07
 1119    1.512085E-07
 1120    1.509388E-07
 1121    1.492235E-07
 1122    1.489577E-07
 1123    1.486927E-07
 1124    1.484283E-07
 1125    1.481647E-07
 1126    1.479018E-07
 1127    1.476395E-07
 1128    1.473780E-07
 1129    1.471171E-07
 1130    1.468570E-07
 1131    1.458482E-07
 1132    1.455908E-07
 1133    1.453340E-07
 1134    1.450779E-07
 1135    1.448225E-07
 1136    1.445677E-07
 1137    1.443137E-07
 1138    1.440603E-07
 1139    1.438075E-07
 1140    1.435555E-07
 1141    1.444132E-07
 1142    1.441605E-07
 1143    1.439084E-07
 1144    1.436571E-07
 1145    1.434064E-07
 1146    1.431563E-07
 1147    1.429069E-07
 1148    1.426581E-07
 1149    1.424100E-07
 1150    1.421626E-07
 1151    1.400938E-07
 1152    1.398508E-07
 1153    1.396084E-07
 1154    1.393667E-07
 1155    1.391255E-07
 1156    1.388850E-07
 1157    1.386452E-07
 1158    1.384059E-07
 1159    1.381673E-07
 1160    1.379293E-07
 1161    1.350573E-07
 1162    1.348250E-07
 1163    1.345934E-07
 1164    1.343623E-07
 1165    1.341319E-07
 1166    1.339020E-07
 1167    1.336727E-07
 1168    1.334440E-07
 1169    1.332159E-07
 1170    1.329884E-07
 1171    1.289581E-07
 1172    1.287382E-07
 1173    1.285189E-07
 1174    1.283001E-07
 1175    1.280819E-07
 1176    1.278643E-07
 1177    1.276472E-07
 1178    1.274307E-07
 1179    1.272147E-07
 1180    1.269992E-07
 1181    1.296449E-07
 1182    1.294257E-07
 1183    1.292071E-07
 1184    1.289890E-07
 1185    1.287715E-07
 1186    1.285546E-07
 1187    1.283381E-07
 1188    1.281223E-07
 1189    1.279069E-07
 1190    1.276921E-07
 1191    1.229278E-07
 1192    1.227217E-07
 1193    1.225161E-07
 1194    1.223111E-07
 1195    1.221065E-07
 1196    1.219025E-07
 1197    1.216990E-07
 1198    1.214960E-07
 1199    1.212935E-07
 1200    1.210915E-07
 1201    1.202209E-07
 1202    1.200210E-07
 1203    1.198216E-07
 1204    1.196228E-07
 1205    1.194244E-07
 1206    1.192265E-07
 1207    1.190291E-07
 1208    1.188322E-07
 1209    1.186358E-07
 1210    1.184398E-07
 1211    1.129074E-07
 1212    1.127212E-07
 1213    1.125355E-07
 1214    1.123502E-07
 1215    1.121655E-07
 1216    1.119811E-07
 1217    1.117973E-07
 1218    1.116138E-07
 1219    1.114309E-07
 1220    1.112483E-07
 1221    1.073282E-07
 1222    1.071527E-07
 1223    1.069776E-07
 1224    1.068029E-07
 1225    1.066287E-07
 1226    1.064549E-07
 1227    1.062815E-07
 1228    1.061086E-07
 1229    1.059360E-07
 1230    1.057639E-07
 1231    1.098593E-07
 1232    1.096811E-07
 1233    1.095034E-07
 1234    1.093261E-07
 1235    1.091491E-07
 1236    1.089727E-07
 1237    1.087966E-07
 1238    1.086210E-07
 1239    1.084458E-07
 1240    1.082710E-07
 1241    1.015117E-07
 1242    1.013483E-07
 1243    1.011854E-07
 1244    1.010228E-07
 1245    1.008607E-07
 1246    1.006989E-07
 1247    1.005375E-07
 1248    1.003765E-07
 1249    1.002159E-07
 1250    1.000557E-07
 1251    1.008013E-07
 1252    1.006404E-07
 1253    1.004799E-07
 1254    1.003198E-07
 1255    1.001601E-07
 1256    1.000007E-07
 1257    9.984170E-08
 1258    9.968310E-08
 1259    9.952487E-08
 1260    9.936702E-08
 1261    9.440381E-08
 1262    9.425432E-08
 1263    9.410519E-08
 1264    9.395640E-08
 1265    9.380797E-08
 1266    9.365989E-08
 1267    9.351216E-08
 1268    9.336479E-08
 1269    9.321775E-08
 1270    9.307107E-08
 1271    9.587239E-08
 1272    9.572176E-08
 1273    9.557149E-08
 1274    9.542158E-08
 1275    9.527201E-08
 1276    9.512280E-08
 1277    9.497394E-08
 1278    9.482543E-08
 1279    9.467726E-08
 1280    9.452944E-08
 1281    8.984151E-08
 1282    8.970146E-08
 1283    8.956174E-08
 1284    8.942234E-08
 1285    8.928327E-08
 1286    8.914452E-08
 1287    8.900610E-08
 1288    8.886800E-08
 1289    8.873022E-08
 1290    8.859276E-08
 1291    8.788240E-08
 1292    8.774646E-08
 1293    8.761084E-08
 1294    8.747553E-08
 1295    8.734054E-08
 1296    8.720586E-08
 1297    8.707149E-08
 1298    8.693743E-08
 1299    8.680368E-08
 1300    8.667024E-08
 1301    8.978801E-08
 1302    8.965019E-08
 1303    8.951269E-08
 1304    8.937550E-08
 1305    8.923864E-08
 1306    8.910208E-08
 1307    8.896584E-08
 1308    8.882991E-08
 1309    8.869429E-08
 1310    8.855898E-08
 1311    8.796039E-08
 1312    8.782640E-08
 1313    8.769273E-08
 1314    8.755935E-08
 1315    8.742628E-08
 1316    8.729352E-08
 1317    8.716105E-08
 1318    8.702889E-08
 1319    8.689703E-08
 1320    8.676547E-08
 1321    9.053526E-08
 1322    9.039840E-08
 1323    9.026185E-08
 1324    9.012560E-08
 1325    8.998967E-08
 1326    8.985404E-08
 1327    8.971871E-08
 1328    8.958370E-08
 1329    8.944899E-08
 1330    8.931458E-08
 1331    9.196372E-08
 1332    9.182574E-08
 1333    9.168807E-08
 1334    9.155071E-08
 1335    9.141366E-08
 1336    9.127692E-08
 1337    9.114048E-08
 1338    9.100435E-08
 1339    9.086852E-08
 1340    9.073299E-08
 1341    9.093385E-08
 1342    9.079843E-08
 1343    9.066331E-08
 1344    9.052850E-08
 1345    9.039398E-08
 1346    9.025977E-08
 1347    9.012585E-08
 1348    8.999223E-08
 1349    8.985891E-08
 1350    8.972588E-08
 1351    9.809676E-08
 1352    9.795176E-08
 1353    9.780707E-08
 1354    9.766271E-08
 1355    9.751866E-08
 1356    9.737493E-08
 1357    9.723153E-08
 1358    9.708843E-08
 1359    9.694566E-08
 1360    9.680319E-08
 1361    1.003144E-07
 1362    1.001673E-07
 1363    1.000204E-07
 1364    9.987383E-08
 1365    9.972760E-08
 1366    9.958169E-08
 1367    9.943611E-08
 1368    9.929084E-08
 1369    9.914589E-08
 1370    9.900126E-08
 1371    1.080575E-07
 1372    1.079001E-07
 1373    1.077431E-07
 1374    1.075864E-07
 1375    1.074300E-07
 1376    1.072740E-07
 1377    1.071183E-07
 1378    1.069629E-07
 1379    1.068079E-07
 1380    1.066532E-07
 1381    1.148986E-07
 1382    1.147325E-07
 1383    1.145667E-07
 1384    1.144012E-07
 1385    1.142362E-07
 1386    1.140714E-07
 1387    1.139071E-07
 1388    1.137431E-07
 1389    1.135794E-07
 1390    1.134161E-07
 1391    1.229443E-07
 1392    1.227678E-07
 1393    1.225916E-07
 1394    1.224159E-07
 1395    1.222405E-07
 1396    1.220655E-07
 1397    1.218909E-07
 1398    1.217166E-07
 1399    1.215427E-07
 1400    1.213692E-07
 1401    1.358446E-07
 1402    1.356510E-07
 1403    1.354577E-07
 1404    1.352649E-07
 1405    1.350725E-07
 1406    1.348805E-07
 1407    1.346889E-07
 1408    1.344977E-07
 1409    1.343069E-07
 1410    1.341166E-07
 1411    1.399941E-07
 1412    1.397959E-07
 1413    1.395982E-07
 1414    1.394009E-07
 1415    1.392040E-07
 1416    1.390075E-07
 1417    1.388114E-07
 1418    1.386158E-07
 1419    1.384206E-07
 1420    1.382257E-07
 1421    1.597498E-07
 1422    1.595253E-07
 1423    1.593012E-07
 1424    1.590776E-07
 1425    1.588545E-07
 1426    1.586319E-07
 1427    1.584097E-07
 1428    1.581880E-07
 1429    1.579668E-07
 1430    1.577460E-07
 1431    1.764728E-07
 1432    1.762265E-07
 1433    1.759807E-07
 1434    1.757355E-07
 1435    1.754907E-07
 1436    1.752465E-07
 1437    1.750027E-07
 1438    1.747595E-07
 1439    1.745168E-07
 1440    1.742746E-07
 1441    1.981481E-07
 1442    1.978734E-07
 1443    1.975994E-07
 1444    1.973259E-07
 1445    1.970530E-07
 1446    1.967806E-07
 1447    1.965088E-07
 1448    1.962376E-07
 1449    1.959669E-07
 1450    1.956968E-07
 1451    2.105093E-07
 1452    2.102196E-07
 1453    2.099304E-07
 1454    2.096419E-07
 1455    2.093539E-07
 1456    2.090665E-07
 1457    2.087797E-07
 1458    2.084935E-07
 1459    2.082079E-07
 1460    2.079229E-07
 1461    2.371397E-07
 1462    2.368155E-07
 1463    2.364920E-07
 1464    2.361692E-07
 1465    2.358470E-07
 1466    2.355254E-07
 1467    2.352045E-07
 1468    2.348843E-07
 1469    2.345648E-07
 1470    2.342458E-07
 1471    2.695788E-07
 1472    2.692128E-07
 1473    2.688475E-07
 1474    2.684829E-07
 1475    2.681191E-07
 1476    2.677561E-07
 1477    2.673938E-07
 1478    2.670322E-07
 1479    2.666713E-07
 1480    2.663112E-07
 1481    3.001691E-07
 1482    2.997643E-07
 1483    2.993603E-07
 1484    2.989572E-07
 1485    2.985548E-07
 1486    2.981532E-07
 1487    2.977525E-07
 1488    2.973526E-07
 1489    2.969534E-07
 1490    2.965551E-07
 1491    3.313050E-07
 1492    3.308611E-07
 1493    3.304182E-07
 1494    3.299762E-07
 1495    3.295351E-07
 1496    3.290948E-07
 1497    3.286554E-07
 1498    3.282169E-07
 1499    3.277793E-07
 1500    3.273425E-07
 1501    3.552410E-07
 1502    3.547683E-07
 1503    3.542965E-07
 1504    3.538257E-07
 1505    3.533558E-07
 1506    3.528869E-07
 1507    3.524188E-07
 1508    3.519517E-07
 1509    3.514856E-07
 1510    3.510203E-07
 1511    3.718866E-07
 1512    3.713950E-07
 1513    3.709044E-07
 1514    3.704148E-07
 1515    3.699261E-07
 1516    3.694384E-07
 1517    3.689517E-07
 1518    3.684659E-07
 1519    3.679811E-07
 1520    3.674972E-07
 1521    4.312698E-07
 1522    4.307035E-07
 1523    4.301383E-07
 1524    4.295742E-07
 1525    4.290112E-07
 1526    4.284493E-07
 1527    4.278885E-07
 1528    4.273288E-07
 1529    4.267702E-07
 1530    4.262127E-07
 1531    4.746662E-07
 1532    4.740469E-07
 1533    4.734289E-07
 1534    4.728120E-07
 1535    4.721964E-07
 1536    4.715819E-07
 1537    4.709687E-07
 1538    4.703566E-07
 1539    4.697458E-07
 1540    4.691361E-07
 1541    5.336141E-07
 1542    5.329225E-07
 1543    5.322321E-07
 1544    5.315432E-07
 1545    5.308555E-07
 1546    5.301692E-07
 1547    5.294843E-07
 1548    5.288006E-07
 1549    5.281183E-07
 1550    5.274373E-07
 1551    5.640874E-07
 1552    5.633609E-07
 1553    5.626359E-07
 1554    5.619122E-07
 1555    5.611900E-07
 1556    5.604691E-07
 1557    5.597496E-07
 1558    5.590315E-07
 1559    5.583148E-07
 1560    5.575995E-07
 1561    6.275180E-07
 1562    6.267150E-07
 1563    6.259136E-07
 1564    6.251137E-07
 1565    6.243154E-07
 1566    6.235185E-07
 1567    6.227232E-07
 1568    6.219294E-07
 1569    6.211372E-07
 1570    6.203464E-07
 1571    6.863209E-07
 1572    6.854483E-07
 1573    6.845773E-07
 1574    6.837080E-07
 1575    6.828404E-07
 1576    6.819744E-07
 1577    6.811100E-07
 1578    6.802473E-07
 1579    6.793862E-07
 1580    6.785268E-07
 1581    7.435170E-07
 1582    7.425776E-07
 1583    7.416400E-07
 1584    7.407042E-07
 1585    7.397701E-07
 1586    7.388378E-07
 1587    7.379073E-07
 1588    7.369785E-07
 1589    7.360515E-07
 1590    7.351262E-07
 1591    7.987249E-07
 1592    7.977221E-07
 1593    7.967212E-07
 1594    7.957222E-07
 1595    7.947250E-07
 1596    7.937298E-07
 1597    7.927364E-07
 1598    7.917448E-07
 1599    7.907551E-07
 1600    7.897673E-07
 1601    8.287906E-07
 1602    8.277565E-07
 1603    8.267244E-07
 1604    8.256942E-07
 1605    8.246660E-07
 1606    8.236396E-07
 1607    8.226152E-07
 1608    8.215927E-07
 1609    8.205721E-07
 1610    8.195534E-07
 1611    8.970527E-07
 1612    8.959404E-07
 1613    8.948302E-07
 1614    8.937221E-07
 1615    8.926160E-07
 1616    8.915119E-07
 1617    8.904100E-07
 1618    8.893100E-07
 1619    8.882121E-07
 1620    8.871162E-07
 1621    9.575631E-07
 1622    9.563831E-07
 1623    9.552053E-07
 1624    9.540297E-07
 1625    9.528562E-07
 1626    9.516849E-07
 1627    9.505158E-07
 1628    9.493488E-07
 1629    9.481839E-07
 1630    9.470212E-07
 1631    1.029950E-06
 1632    1.028689E-06
 1633    1.027430E-06
 1634    1.026173E-06
 1635    1.024918E-06
 1636    1.023666E-06
 1637    1.022416E-06
 1638    1.021169E-06
 1639    1.019923E-06
 1640    1.018680E-06
 1641    1.104382E-06
 1642    1.103038E-06
 1643    1.101696E-06
 1644    1.100357E-06
 1645    1.099020E-06
 1646    1.097685E-06
 1647    1.096353E-06
 1648    1.095023E-06
 1649    1.093696E-06
 1650    1.092371E-06
 1651    1.150643E-06
 1652    1.149250E-06
 1653    1.147861E-06
 1654    1.146474E-06
 1655    1.145089E-06
 1656    1.143707E-06
 1657    1.142327E-06
 1658    1.140950E-06
 1659    1.139575E-06
 1660    1.138203E-06
 1661    1.256651E-06
 1662    1.255140E-06
 1663    1.253631E-06
 1664    1.252126E-06
 1665    1.250622E-06
 1666    1.249122E-06
 1667    1.247624E-06
 1668    1.246129E-06
 1669    1.244637E-06
 1670    1.243147E-06
 1671    1.333252E-06
 1672    1.331658E-06
 1673    1.330067E-06
 1674    1.328479E-06
 1675    1.326894E-06
 1676    1.325311E-06
 1677    1.323732E-06
 1678    1.322155E-06
 1679    1.320581E-06
 1680    1.319010E-06
 1681    1.417125E-06
 1682    1.415441E-06
 1683    1.413760E-06
 1684    1.412082E-06
 1685    1.410407E-06
 1686    1.408735E-06
 1687    1.407066E-06
 1688    1.405400E-06
 1689    1.403737E-06
 1690    1.402076E-06
 1691    1.515879E-06
 1692    1.514088E-06
 1693    1.512300E-06
 1694    1.510516E-06
 1695    1.508735E-06
 1696    1.506956E-06
 1697    1.505181E-06
 1698    1.503410E-06
 1699    1.501641E-06
 1700    1.499875E-06
 1701    1.524046E-06
 1702    1.522256E-06
 1703    1.520469E-06
 1704    1.518686E-06
 1705    1.516905E-06
 1706    1.515128E-06
 1707    1.513354E-06
 1708    1.511583E-06
 1709    1.509815E-06
 1710    1.508050E-06
 1711    1.617046E-06
 1712    1.615158E-06
 1713    1.613273E-06
 1714    1.611392E-06
 1715    1.609514E-06
 1716    1.607639E-06
 1717    1.605767E-06
 1718    1.603899E-06
 1719    1.602034E-06
 1720    1.600172E-06
 1721    1.677423E-06
 1722    1.675476E-06
 1723    1.673533E-06
 1724    1.671592E-06
 1725    1.669655E-06
 1726    1.667722E-06
 1727    1.665791E-06
 1728    1.663865E-06
 1729    1.661941E-06
 1730    1.660021E-06
 1731    1.819637E-06
 1732    1.817537E-06
 1733    1.815441E-06
 1734    1.813348E-06
 1735    1.811259E-06
 1736    1.809174E-06
 1737    1.807092E-06
 1738    1.805014E-06
 1739    1.802939E-06
 1740    1.800868E-06
 1741    1.908328E-06
 1742    1.906138E-06
 1743    1.903952E-06
 1744    1.901770E-06
 1745    1.899591E-06
 1746    1.897417E-06
 1747    1.895246E-06
 1748    1.893079E-06
 1749    1.890915E-06
 1750    1.888755E-06
 1751    1.962947E-06
 1752    1.960707E-06
 1753    1.958471E-06
 1754    1.956239E-06
 1755    1.954011E-06
 1756    1.951787E-06
 1757    1.949567E-06
 1758    1.947350E-06
 1759    1.945137E-06
 1760    1.942928E-06
 1761    2.147060E-06
 1762    2.144624E-06
 1763    2.142192E-06
 1764    2.139765E-06
 1765    2.137342E-06
 1766    2.134922E-06
 1767    2.132507E-06
 1768    2.130096E-06
 1769    2.127689E-06
 1770    2.125287E-06
 1771    2.275014E-06
 1772    2.272448E-06
 1773    2.269886E-06
 1774    2.267328E-06
 1775    2.264775E-06
 1776    2.262226E-06
 1777    2.259681E-06
 1778    2.257141E-06
 1779    2.254605E-06
 1780    2.252073E-06
 1781    2.424379E-06
 1782    2.421660E-06
 1783    2.418945E-06
 1784    2.416235E-06
 1785    2.413529E-06
 1786    2.410828E-06
 1787    2.408131E-06
 1788    2.405439E-06
 1789    2.402751E-06
 1790    2.400068E-06
 1791    2.453194E-06
 1792    2.450457E-06
 1793    2.447725E-06
 1794    2.444998E-06
 1795    2.442276E-06
 1796    2.439557E-06
 1797    2.436844E-06
 1798    2.434135E-06
 1799    2.431430E-06
 1800    2.428730E-06
 1801    2.457189E-06
 1802    2.454463E-06
 1803    2.451742E-06
 1804    2.449025E-06
 1805    2.446313E-06
 1806    2.443606E-06
 1807    2.440903E-06
 1808    2.438204E-06
 1809    2.435510E-06
 1810    2.432820E-06
 1811    2.554475E-06
 1812    2.551657E-06
 1813    2.548843E-06
 1814    2.546035E-06
 1815    2.543231E-06
 1816    2.540431E-06
 1817    2.537637E-06
 1818    2.534846E-06
 1819    2.532061E-06
 1820    2.529280E-06
 1821    2.618549E-06
 1822    2.615676E-06
 1823    2.612808E-06
 1824    2.609945E-06
 1825    2.607086E-06
 1826    2.604232E-06
 1827    2.601383E-06
 1828    2.598538E-06
 1829    2.595699E-06
 1830    2.592863E-06
 1831    2.820875E-06
 1832    2.817797E-06
 1833    2.814724E-06
 1834    2.811656E-06
 1835    2.808593E-06
 1836    2.805536E-06
 1837    2.802483E-06
 1838    2.799435E-06
 1839    2.796392E-06
 1840    2.793354E-06
 1841    2.889546E-06
 1842    2.886410E-06
 1843    2.883280E-06
 1844    2.880154E-06
 1845    2.877034E-06
 1846    2.873919E-06
 1847    2.870808E-06
 1848    2.867703E-06
 1849    2.864603E-06
 1850    2.861508E-06
 1851    2.988688E-06
 1852    2.985462E-06
 1853    2.982242E-06
 1854    2.979026E-06
 1855    2.975816E-06
 1856    2.972611E-06
 1857    2.969411E-06
 1858    2.966217E-06
 1859    2.963027E-06
 1860    2.959843E-06
 1861    3.133629E-06
 1862    3.130265E-06
 1863    3.126906E-06
 1864    3.123553E-06
 1865    3.120205E-06
 1866    3.116863E-06
 1867    3.113526E-06
 1868    3.110194E-06
 1869    3.106867E-06
 1870    3.103546E-06
 1871    3.176230E-06
 1872    3.172839E-06
 1873    3.169453E-06
 1874    3.166072E-06
 1875    3.162697E-06
 1876    3.159327E-06
 1877    3.155962E-06
 1878    3.152603E-06
 1879    3.149249E-06
 1880    3.145901E-06
 1881    3.432977E-06
 1882    3.429331E-06
 1883    3.425690E-06
 1884    3.422056E-06
 1885    3.418427E-06
 1886    3.414803E-06
 1887    3.411186E-06
 1888    3.407574E-06
 1889    3.403969E-06
 1890    3.400368E-06
 1891    3.428406E-06
 1892    3.424784E-06
 1893    3.421167E-06
 1894    3.417556E-06
 1895    3.413951E-06
 1896    3.410352E-06
 1897    3.406759E-06
 1898    3.403171E-06
 1899    3.399588E-06
 1900    3.396012E-06
 1901    3.467678E-06
 1902    3.464034E-06
 1903    3.460395E-06
 1904    3.456762E-06
 1905    3.453135E-06
 1906    3.449513E-06
 1907    3.445897E-06
 1908    3.442287E-06
 1909    3.438683E-06
 1910    3.435084E-06
 1911    3.580843E-06
 1912    3.577099E-06
 1913    3.573361E-06
 1914    3.569629E-06
 1915    3.565903E-06
 1916    3.562183E-06
 1917    3.558468E-06
 1918    3.554760E-06
 1919    3.551057E-06
 1920    3.547360E-06
 1921    3.634071E-06
 1922    3.630291E-06
 1923    3.626517E-06
 1924    3.622750E-06
 1925    3.618988E-06
 1926    3.615232E-06
 1927    3.611481E-06
 1928    3.607737E-06
 1929    3.603998E-06
 1930    3.600266E-06
 1931    3.930890E-06
 1932    3.926823E-06
 1933    3.922762E-06
 1934    3.918708E-06
 1935    3.914659E-06
 1936    3.910617E-06
 1937    3.906582E-06
 1938    3.902552E-06
 1939    3.898529E-06
 1940    3.894512E-06
 1941    3.802412E-06
 1942    3.798499E-06
 1943    3.794591E-06
 1944    3.790689E-06
 1945    3.786793E-06
 1946    3.782903E-06
 1947    3.779019E-06
 1948    3.775141E-06
 1949    3.771269E-06
 1950    3.767403E-06
 1951    3.859566E-06
 1952    3.855614E-06
 1953    3.851668E-06
 1954    3.847727E-06
 1955    3.843793E-06
 1956    3.839865E-06
 1957    3.835943E-06
 1958    3.832026E-06
 1959    3.828116E-06
 1960    3.824212E-06
 1961    3.846291E-06
 1962    3.842372E-06
 1963    3.838459E-06
 1964    3.834553E-06
 1965    3.830652E-06
 1966    3.826757E-06
 1967    3.822868E-06
 1968    3.818985E-06
 1969    3.815108E-06
 1970    3.811236E-06
 1971    3.961239E-06
 1972    3.957223E-06
 1973    3.953214E-06
 1974    3.949211E-06
 1975    3.945214E-06
 1976    3.941223E-06
 1977    3.937237E-06
 1978    3.933258E-06
 1979    3.929285E-06
 1980    3.925318E-06
 1981    4.229466E-06
 1982    4.225200E-06
 1983    4.220941E-06
 1984    4.216688E-06
 1985    4.212441E-06
 1986    4.208201E-06
 1987    4.203968E-06
 1988    4.199741E-06
 1989    4.195520E-06
 1990    4.191305E-06
 1991    4.265240E-06
 1992    4.260960E-06
 1993    4.256686E-06
 1994    4.252418E-06
 1995    4.248158E-06
 1996    4.243903E-06
 1997    4.239655E-06
 1998    4.235413E-06
 1999    4.231178E-06
 2000    4.226949E-06
 2001    4.261859E-06
 2002    4.257603E-06
 2003    4.253354E-06
 2004    4.249111E-06
 2005    4.244875E-06
 2006    4.240645E-06
 2007    4.236421E-06
 2008    4.232204E-06
 2009    4.227993E-06
 2010    4.223788E-06
 2011    4.331868E-06
 2012    4.327564E-06
 2013    4.323266E-06
 2014    4.318975E-06
 2015    4.314690E-06
 2016    4.310412E-06
 2017    4.306140E-06
 2018    4.301874E-06
 2019    4.297615E-06
 2020    4.293362E-06
 2021    4.470520E-06
 2022    4.466101E-06
 2023    4.461688E-06
 2024    4.457281E-06
 2025    4.452881E-06
 2026    4.448487E-06
 2027    4.444100E-06
 2028    4.439720E-06
 2029    4.435346E-06
 2030    4.430978E-06
 2031    4.711788E-06
 2032    4.707153E-06
 2033    4.702524E-06
 2034    4.697903E-06
 2035    4.693288E-06
 2036    4.688680E-06
 2037    4.684078E-06
 2038    4.679484E-06
 2039    4.674896E-06
 2040    4.670315E-06
 2041    4.677345E-06
 2042    4.672766E-06
 2043    4.668194E-06
 2044    4.663628E-06
 2045    4.659070E-06
 2046    4.654517E-06
 2047    4.649972E-06
 2048    4.645433E-06
 2049    4.640901E-06
 2050    4.636376E-06
 2051    4.634511E-06
 2052    4.629996E-06
 2053    4.625488E-06
 2054    4.620986E-06
 2055    4.616491E-06
 2056    4.612003E-06
 2057    4.607521E-06
 2058    4.603045E-06
 2059    4.598576E-06
 2060    4.594114E-06
 2061    4.574567E-06
 2062    4.570132E-06
 2063    4.565703E-06
 2064    4.561281E-06
 2065    4.556866E-06
 2066    4.552457E-06
 2067    4.548054E-06
 2068    4.543658E-06
 2069    4.539268E-06
 2070    4.534884E-06
 2071    4.848657E-06
 2072    4.843979E-06
 2073    4.839308E-06
 2074    4.834643E-06
 2075    4.829986E-06
 2076    4.825335E-06
 2077    4.820690E-06
 2078    4.816053E-06
 2079    4.811422E-06
 2080    4.806798E-06
 2081    5.442030E-06
 2082    5.436805E-06
 2083    5.431587E-06
 2084    5.426377E-06
 2085    5.421174E-06
 2086    5.415979E-06
 2087    5.410791E-06
 2088    5.405611E-06
 2089    5.400438E-06
 2090    5.395273E-06
 2091    5.274870E-06
 2092    5.269829E-06
 2093    5.264796E-06
 2094    5.259770E-06
 2095    5.254751E-06
 2096    5.249739E-06
 2097    5.244735E-06
 2098    5.239738E-06
 2099    5.234747E-06
 2100    5.229764E-06
 2101    5.036231E-06
 2102    5.031442E-06
 2103    5.026659E-06
 2104    5.021883E-06
 2105    5.017114E-06
 2106    5.012352E-06
 2107    5.007596E-06
 2108    5.002847E-06
 2109    4.998105E-06
 2110    4.993370E-06
 2111    5.439945E-06
 2112    5.434796E-06
 2113    5.429654E-06
 2114    5.424519E-06
 2115    5.419392E-06
 2116    5.414272E-06
 2117    5.409160E-06
 2118    5.404054E-06
 2119    5.398956E-06
 2120    5.393865E-06
 2121    5.997447E-06
 2122    5.991797E-06
 2123    5.986155E-06
 2124    5.980521E-06
 2125    5.974895E-06
 2126    5.969277E-06
 2127    5.963667E-06
 2128    5.958064E-06
 2129    5.952470E-06
 2130    5.946884E-06
 2131    5.923498E-06
 2132    5.917944E-06
 2133    5.912398E-06
 2134    5.906859E-06
 2135    5.901328E-06
 2136    5.895805E-06
 2137    5.890290E-06
 2138    5.884782E-06
 2139    5.879283E-06
 2140    5.873791E-06
 2141    6.106598E-06
 2142    6.100899E-06
 2143    6.095208E-06
 2144    6.089525E-06
 2145    6.083850E-06
 2146    6.078182E-06
 2147    6.072523E-06
 2148    6.066871E-06
 2149    6.061228E-06
 2150    6.055592E-06
 2151    5.955874E-06
 2152    5.950341E-06
 2153    5.944817E-06
 2154    5.939299E-06
 2155    5.933790E-06
 2156    5.928288E-06
 2157    5.922794E-06
 2158    5.917307E-06
 2159    5.911828E-06
 2160    5.906357E-06
 2161    5.583154E-06
 2162    5.577991E-06
 2163    5.572836E-06
 2164    5.567688E-06
 2165    5.562547E-06
 2166    5.557413E-06
 2167    5.552286E-06
 2168    5.547166E-06
 2169    5.542054E-06
 2170    5.536948E-06
 2171    6.279762E-06
 2172    6.273982E-06
 2173    6.268210E-06
 2174    6.262447E-06
 2175    6.256691E-06
 2176    6.250943E-06
 2177    6.245203E-06
 2178    6.239470E-06
 2179    6.233746E-06
 2180    6.228030E-06
 2181    8.757460E-06
 2182    8.749437E-06
 2183    8.741425E-06
 2184    8.733423E-06
 2185    8.725433E-06
 2186    8.717454E-06
 2187    8.709485E-06
 2188    8.701528E-06
 2189    8.693581E-06
 2190    8.685646E-06
 2191    9.327455E-06
 2192    9.318948E-06
 2193    9.310453E-06
 2194    9.301970E-06
 2195    9.293498E-06
 2196    9.285038E-06
 2197    9.276589E-06
 2198    9.268152E-06
 2199    9.259727E-06
 2200    9.251313E-06
 2201    8.081792E-06
 2202    8.074455E-06
 2203    8.067127E-06
 2204    8.059810E-06
 2205    8.052503E-06
 2206    8.045206E-06
 2207    8.037919E-06
 2208    8.030641E-06
 2209    8.023374E-06
 2210    8.016116E-06
 2211    1.075090E-05
 2212    1.074119E-05
 2213    1.073149E-05
 2214    1.072180E-05
 2215    1.071212E-05
 2216    1.070246E-05
 2217    1.069280E-05
 2218    1.068317E-05
 2219    1.067354E-05
 2220    1.066393E-05
 2221    1.455345E-05
 2222    1.454036E-05
 2223    1.452728E-05
 2224    1.451422E-05
 2225    1.450118E-05
 2226    1.448816E-05
 2227    1.447515E-05
 2228    1.446217E-05
 2229    1.444920E-05
 2230    1.443624E-05
 2231    1.142275E-05
 2232    1.141252E-05
 2233    1.140230E-05
 2234    1.139210E-05
 2235    1.138191E-05
 2236    1.137173E-05
 2237    1.136157E-05
 2238    1.135142E-05
 2239    1.134128E-05
 2240    1.133116E-05
 2241    4.306599E-06
 2242    4.302759E-06
 2243    4.298924E-06
 2244    4.295094E-06
 2245    4.291270E-06
 2246    4.287450E-06
 2247    4.283636E-06
 2248    4.279826E-06
 2249    4.276022E-06
 2250    4.272223E-06
 2251   -3.795852E-06
 2252   -3.792483E-06
 2253   -3.789118E-06
 2254   -3.785757E-06
 2255   -3.782401E-06
 2256   -3.779049E-06
 2257   -3.775702E-06
 2258   -3.772359E-06
 2259   -3.769021E-06
 2260   -3.765687E-06
 2261   -1.060333E-05
 2262   -1.059396E-05
 2263   -1.058460E-05
 2264   -1.057525E-05
 2265   -1.056592E-05
 2266   -1.055660E-05
 2267   -1.054729E-05
 2268   -1.053799E-05
 2269   -1.052871E-05
 2270   -1.051944E-05
 2271   -1.026009E-05
 2272   -1.025106E-05
 2273   -1.024205E-05
 2274   -1.023304E-05
 2275   -1.022405E-05
 2276   -1.021507E-05
 2277   -1.020610E-05
 2278   -1.019715E-05
 2279   -1.018820E-05
 2280   -1.017927E-05
 2281    2.023478E-05
 2282    2.021705E-05
 2283    2.019935E-05
 2284    2.018167E-05
 2285    2.016401E-05
 2286    2.014638E-05
 2287    2.012877E-05
 2288    2.011118E-05
 2289    2.009362E-05
 2290    2.007607E-05
 2291    8.375434E-05
 2292    8.368129E-05
 2293    8.360833E-05
 2294    8.353547E-05
 2295    8.346271E-05
 2296    8.339004E-05
 2297    8.331746E-05
 2298    8.324498E-05
 2299    8.317259E-05
 2300    8.310030E-05
 2301    1.516776E-04
 2302    1.515459E-04
 2303    1.514143E-04
 2304    1.512829E-04
 2305    1.511517E-04
 2306    1.510207E-04
 2307    1.508898E-04
 2308    1.507591E-04
 2309    1.506286E-04
 2310    1.504982E-04
 2311    2.146723E-04
 2312    2.144867E-04
 2313    2.143013E-04
 2314    2.141162E-04
 2315    2.139313E-04
 2316    2.137466E-04
 2317    2.135622E-04
 2318    2.133780E-04
 2319    2.131941E-04
 2320    2.130104E-04
 2321    2.433792E-04
 2322    2.431697E-04
 2323    2.429604E-04
 2324    2.427514E-04
 2325    2.425427E-04
 2326    2.423342E-04
 2327    2.421260E-04
 2328    2.419181E-04
 2329    2.417104E-04
 2330    2.415030E-04
 2331    7.383817E-05
 2332    7.377487E-05
 2333    7.371165E-05
 2334    7.364851E-05
 2335    7.358546E-05
 2336    7.352248E-05
 2337    7.345959E-05
 2338    7.339678E-05
 2339    7.333405E-05
 2340    7.327139E-05
 2341   -5.881892E-04
 2342   -5.876871E-04
 2343   -5.871857E-04
 2344   -5.866849E-04
 2345   -5.861847E-04
 2346   -5.856852E-04
 2347   -5.851863E-04
 2348   -5.846881E-04
 2349   -5.841905E-04
 2350   -5.836935E-04
 2351   -1.527876E-03
 2352   -1.526578E-03
 2353   -1.525281E-03
 2354   -1.523985E-03
 2355   -1.522692E-03
 2356   -1.521400E-03
 2357   -1.520109E-03
 2358   -1.518820E-03
 2359   -1.517533E-03
 2360   -1.516248E-03
 2361   -2.034933E-03
 2362   -2.033210E-03
 2363   -2.031490E-03
 2364   -2.029772E-03
 2365   -2.028057E-03
 2366   -2.026343E-03
 2367   -2.024632E-03
 2368   -2.022922E-03
 2369   -2.021215E-03
 2370   -2.019510E-03
 2371   -1.873867E-03
 2372   -1.872288E-03
 2373   -1.870711E-03
 2374   -1.869135E-03
 2375   -1.867562E-03
 2376   -1.865991E-03
 2377   -1.864421E-03
 2378   -1.862854E-03
 2379   -1.861288E-03
 2380   -1.859725E-03
 2381   -1.248275E-04
 2382   -1.247227E-04
 2383   -1.246181E-04
 2384   -1.245136E-04
 2385   -1.244092E-04
 2386   -1.243050E-04
 2387   -1.242009E-04
 2388   -1.240969E-04
 2389   -1.239931E-04
 2390   -1.238894E-04
 2391    6.150665E-03
 2392    6.145524E-03
 2393    6.140390E-03
 2394    6.135263E-03
 2395    6.130141E-03
 2396    6.125026E-03
 2397    6.119918E-03
 2398    6.114816E-03
 2399    6.109720E-03
 2400    6.104631E-03
 2401    1.610651E-02
 2402    1.609311E-02
 2403    1.607972E-02
 2404    1.606634E-02
 2405    1.605299E-02
 2406    1.603965E-02
 2407    1.602633E-02
 2408    1.601302E-02
 2409    1.599973E-02
 2410    1.598646E-02
 2411    2.242218E-02
 2412    2.240360E-02
 2413    2.238504E-02
 2414    2.236650E-02
 2415    2.234798E-02
 2416    2.232949E-02
 2417    2.231102E-02
 2418    2.229258E-02
 2419    2.227415E-02
 2420    2.225575E-02
 2421    2.342319E-02
 2422    2.340385E-02
 2423    2.338454E-02
 2424    2.336525E-02
 2425    2.334599E-02
 2426    2.332675E-02
 2427    2.330754E-02
 2428    2.328835E-02
 2429    2.326918E-02
 2430    2.325004E-02
 2431    2.203686E-02
 2432    2.201874E-02
 2433    2.200065E-02
 2434    2.198258E-02
 2435    2.196453E-02
 2436    2.194651E-02
 2437    2.192850E-02
 2438    2.191052E-02
 2439    2.189256E-02
 2440    2.187462E-02
 2441    1.633355E-02
 2442    1.632017E-02
 2443    1.630682E-02
 2444    1.629348E-02
 2445    1.628016E-02
 2446    1.626685E-02
 2447    1.625356E-02
 2448    1.624029E-02
 2449    1.622703E-02
 2450    1.621379E-02
 2451    5.626239E-03
 2452    5.621651E-03
 2453    5.617070E-03
 2454    5.612494E-03
 2455    5.607923E-03
 2456    5.603358E-03
 2457    5.598799E-03
 2458    5.594245E-03
 2459    5.589697E-03
 2460    5.585155E-03
 2461   -3.603727E-04
 2462   -3.600800E-04
 2463   -3.597878E-04
 2464   -3.594959E-04
 2465   -3.592043E-04
 2466   -3.589131E-04
 2467   -3.586222E-04
 2468   -3.583317E-04
 2469   -3.580416E-04
 2470   -3.577518E-04
 2471   -2.036974E-03
 2472   -2.035327E-03
 2473   -2.033681E-03
 2474   -2.032038E-03
 2475   -2.030396E-03
 2476   -2.028757E-03
 2477   -2.027120E-03
 2478   -2.025484E-03
 2479   -2.023851E-03
 2480   -2.022219E-03
 2481   -2.172625E-03
 2482   -2.170875E-03
 2483   -2.169127E-03
 2484   -2.167381E-03
 2485   -2.165637E-03
 2486   -2.163896E-03
 2487   -2.162156E-03
 2488   -2.160419E-03
 2489   -2.158684E-03
 2490   -2.156950E-03
 2491   -1.676620E-03
 2492   -1.675275E-03
 2493   -1.673931E-03
 2494   -1.672589E-03
 2495   -1.671249E-03
 2496   -1.669911E-03
 2497   -1.668574E-03
 2498   -1.667238E-03
 2499   -1.665904E-03
 2500   -1.664572E-03
 2501   -6.305616E-04
 2502   -6.300578E-04
 2503   -6.295545E-04
 2504   -6.290519E-04
 2505   -6.285499E-04
 2506   -6.280484E-04
 2507   -6.275476E-04
 2508   -6.270473E-04
 2509   -6.265477E-04
 2510   -6.260487E-04
 2511    3.041054E-05
 2512    3.038634E-05
 2513    3.036216E-05
 2514    3.033802E-05
 2515    3.031390E-05
 2516    3.028982E-05
 2517    3.026576E-05
 2518    3.024173E-05
 2519    3.021773E-05
 2520    3.019375E-05
 2521    1.985143E-04
 2522    1.983570E-04
 2523    1.981998E-04
 2524    1.980428E-04
 2525    1.978860E-04
 2526    1.977294E-04
 2527    1.975730E-04
 2528    1.974167E-04
 2529    1.972607E-04
 2530    1.971048E-04
 2531    1.763872E-04
 2532    1.762480E-04
 2533    1.761089E-04
 2534    1.759699E-04
 2535    1.758311E-04
 2536    1.756925E-04
 2537    1.755541E-04
 2538    1.754158E-04
 2539    1.752777E-04
 2540    1.751397E-04
 2541    1.196755E-04
 2542    1.195814E-04
 2543    1.194874E-04
 2544    1.193935E-04
 2545    1.192997E-04
 2546    1.192060E-04
 2547    1.191124E-04
 2548    1.190190E-04
 2549    1.189256E-04
 2550    1.188324E-04
 2551    4.661021E-05
 2552    4.657369E-05
 2553    4.653722E-05
 2554    4.650079E-05
 2555    4.646441E-05
 2556    4.642806E-05
 2557    4.639176E-05
 2558    4.635551E-05
 2559    4.631929E-05
 2560    4.628312E-05
 2561   -1.237520E-05
 2562   -1.236555E-05
 2563   -1.235590E-05
 2564   -1.234627E-05
 2565   -1.233664E-05
 2566   -1.232703E-05
 2567   -1.231743E-05
 2568   -1.230784E-05
 2569   -1.229826E-05
 2570   -1.228870E-05
 2571   -3.907000E-05
 2572   -3.903963E-05
 2573   -3.900930E-05
 2574   -3.897900E-05
 2575   -3.894874E-05
 2576   -3.891851E-05
 2577   -3.888832E-05
 2578   -3.885816E-05
 2579   -3.882804E-05
 2580   -3.879795E-05
 2581   -3.965785E-05
 2582   -3.962714E-05
 2583   -3.959647E-05
 2584   -3.956583E-05
 2585   -3.953523E-05
 2586   -3.950467E-05
 2587   -3.947414E-05
 2588   -3.944365E-05
 2589   -3.941319E-05
 2590   -3.938276E-05
 2591   -2.994396E-05
 2592   -2.992086E-05
 2593   -2.989779E-05
 2594   -2.987475E-05
 2595   -2.985173E-05
 2596   -2.982874E-05
 2597   -2.980578E-05
 2598   -2.978284E-05
 2599   -2.975993E-05
 2600   -2.973705E-05
 2601   -1.742391E-05
 2602   -1.741052E-05
 2603   -1.739715E-05
 2604   -1.738379E-05
 2605   -1.737045E-05
 2606   -1.735712E-05
 2607   -1.734381E-05
 2608   -1.733052E-05
 2609   -1.731724E-05
 2610   -1.730397E-05
 2611   -7.909748E-06
 2612   -7.903694E-06
 2613   -7.897647E-06
 2614   -7.891606E-06
 2615   -7.885573E-06
 2616   -7.879547E-06
 2617   -7.873527E-06
 2618   -7.867514E-06
 2619   -7.861509E-06
 2620   -7.855510E-06
 2621   -4.702064E-06
 2622   -4.698479E-06
 2623   -4.694898E-06
 2624   -4.691321E-06
 2625   -4.687748E-06
 2626   -4.684179E-06
 2627   -4.680614E-06
 2628   -4.677053E-06
 2629   -4.673497E-06
 2630   -4.669944E-06
 2631   -7.180519E-06
 2632   -7.175065E-06
 2633   -7.169617E-06
 2634   -7.164175E-06
 2635   -7.158740E-06
 2636   -7.153310E-06
 2637   -7.147887E-06
 2638   -7.142470E-06
 2639   -7.137059E-06
 2640   -7.131654E-06
 2641   -8.135061E-06
 2642   -8.128905E-06
 2643   -8.122756E-06
 2644   -8.116614E-06
 2645   -8.110479E-06
 2646   -8.104351E-06
 2647   -8.098230E-06
 2648   -8.092116E-06
 2649   -8.086009E-06
 2650   -8.079909E-06
 2651   -5.961291E-06
 2652   -5.956797E-06
 2653   -5.952308E-06
 2654   -5.947824E-06
 2655   -5.943345E-06
 2656   -5.938871E-06
 2657   -5.934403E-06
 2658   -5.929939E-06
 2659   -5.925481E-06
 2660   -5.921027E-06
 2661   -5.546523E-06
 2662   -5.542357E-06
 2663   -5.538196E-06
 2664   -5.534040E-06
 2665   -5.529888E-06
 2666   -5.525741E-06
 2667   -5.521599E-06
 2668   -5.517462E-06
 2669   -5.513329E-06
 2670   -5.509200E-06
 2671   -7.096691E-06
 2672   -7.091381E-06
 2673   -7.086077E-06
 2674   -7.080779E-06
 2675   -7.075487E-06
 2676   -7.070201E-06
 2677   -7.064921E-06
 2678   -7.059647E-06
 2679   -7.054378E-06
 2680   -7.049116E-06
 2681   -7.479527E-06
 2682   -7.473952E-06
 2683   -7.468382E-06
 2684   -7.462819E-06
 2685   -7.457262E-06
 2686   -7.451712E-06
 2687   -7.446167E-06
 2688   -7.440629E-06
 2689   -7.435097E-06
 2690   -7.429571E-06
 2691   -6.521790E-06
 2692   -6.516946E-06
 2693   -6.512108E-06
 2694   -6.507275E-06
 2695   -6.502448E-06
 2696   -6.497626E-06
 2697   -6.492809E-06
 2698   -6.487998E-06
 2699   -6.483192E-06
 2700   -6.478392E-06
 2701   -5.456715E-06
 2702   -5.452677E-06
 2703   -5.448644E-06
 2704   -5.444616E-06
 2705   -5.440592E-06
 2706   -5.436572E-06
 2707   -5.432557E-06
 2708   -5.428546E-06
 2709   -5.424540E-06
 2710   -5.420538E-06
 2711   -5.007523E-06
 2712   -5.003832E-06
 2713   -5.000144E-06
 2714   -4.996461E-06
 2715   -4.992782E-06
 2716   -4.989106E-06
 2717   -4.985435E-06
 2718   -4.981768E-06
 2719   -4.978105E-06
 2720   -4.974446E-06
 2721   -4.870560E-06
 2722   -4.866983E-06
 2723   -4.863409E-06
 2724   -4.859840E-06
 2725   -4.856274E-06
 2726   -4.852713E-06
 2727   -4.849155E-06
 2728   -4.845601E-06
 2729   -4.842051E-06
 2730   -4.838505E-06
 2731   -5.055929E-06
 2732   -5.052229E-06
 2733   -5.048533E-06
 2734   -5.044841E-06
 2735   -5.041153E-06
 2736   -5.037470E-06
 2737   -5.033790E-06
 2738   -5.030114E-06
 2739   -5.026443E-06
 2740   -5.022775E-06
 2741   -5.059939E-06
 2742   -5.056249E-06
 2743   -5.052564E-06
 2744   -5.048883E-06
 2745   -5.045205E-06
 2746   -5.041532E-06
 2747   -5.037863E-06
 2748   -5.034198E-06
 2749   -5.030536E-06
 2750   -5.026879E-06
 2751   -4.475856E-06
 2752   -4.472604E-06
 2753   -4.469356E-06
 2754   -4.466111E-06
 2755   -4.462870E-06
 2756   -4.459633E-06
 2757   -4.456399E-06
 2758   -4.453168E-06
 2759   -4.449942E-06
 2760   -4.446718E-06
 2761   -4.071018E-06
 2762   -4.068071E-06
 2763   -4.065127E-06
 2764   -4.062187E-06
 2765   -4.059250E-06
 2766   -4.056316E-06
 2767   -4.053385E-06
 2768   -4.050457E-06
 2769   -4.047533E-06
 2770   -4.044611E-06
 2771   -4.428289E-06
 2772   -4.425095E-06
 2773   -4.421905E-06
 2774   -4.418718E-06
 2775   -4.415534E-06
 2776   -4.412354E-06
 2777   -4.409177E-06
 2778   -4.406004E-06
 2779   -4.402834E-06
 2780   -4.399668E-06
 2781   -4.470743E-06
 2782   -4.467530E-06
 2783   -4.464321E-06
 2784   -4.461115E-06
 2785   -4.457912E-06
 2786   -4.454713E-06
 2787   -4.451518E-06
 2788   -4.448325E-06
 2789   -4.445137E-06
 2790   -4.441951E-06
 2791   -4.303450E-06
 2792   -4.300368E-06
 2793   -4.297290E-06
 2794   -4.294215E-06
 2795   -4.291143E-06
 2796   -4.288075E-06
 2797   -4.285009E-06
 2798   -4.281948E-06
 2799   -4.278889E-06
 2800   -4.275834E-06
 2801   -3.999220E-06
 2802   -3.996366E-06
 2803   -3.993516E-06
 2804   -3.990668E-06
 2805   -3.987824E-06
 2806   -3.984983E-06
 2807   -3.982144E-06
 2808   -3.979309E-06
 2809   -3.976477E-06
 2810   -3.973648E-06
 2811   -3.785566E-06
 2812   -3.782874E-06
 2813   -3.780185E-06
 2814   -3.777500E-06
 2815   -3.774817E-06
 2816   -3.772137E-06
 2817   -3.769460E-06
 2818   -3.766785E-06
 2819   -3.764114E-06
 2820   -3.761445E-06
 2821   -3.950731E-06
 2822   -3.947932E-06
 2823   -3.945136E-06
 2824   -3.942343E-06
 2825   -3.939553E-06
 2826   -3.936766E-06
 2827   -3.933981E-06
 2828   -3.931200E-06
 2829   -3.928422E-06
 2830   -3.925647E-06
 2831   -3.860659E-06
 2832   -3.857934E-06
 2833   -3.855211E-06
 2834   -3.852491E-06
 2835   -3.849775E-06
 2836   -3.847061E-06
 2837   -3.844350E-06
 2838   -3.841641E-06
 2839   -3.838936E-06
 2840   -3.836233E-06
 2841   -3.804901E-06
 2842   -3.802224E-06
 2843   -3.799550E-06
 2844   -3.796879E-06
 2845   -3.794211E-06
 2846   -3.791545E-06
 2847   -3.788883E-06
 2848   -3.786223E-06
 2849   -3.783566E-06
 2850   -3.780912E-06
 2851   -3.517863E-06
 2852   -3.515397E-06
 2853   -3.512933E-06
 2854   -3.510473E-06
 2855   -3.508014E-06
 2856   -3.505558E-06
 2857   -3.503105E-06
 2858   -3.500655E-06
 2859   -3.498207E-06
 2860   -3.495761E-06
 2861   -3.275496E-06
 2862   -3.273208E-06
 2863   -3.270922E-06
 2864   -3.268639E-06
 2865   -3.266358E-06
 2866   -3.264079E-06
 2867   -3.261803E-06
 2868   -3.259529E-06
 2869   -3.257258E-06
 2870   -3.254988E-06
 2871   -3.452426E-06
 2872   -3.450022E-06
 2873   -3.447622E-06
 2874   -3.445223E-06
 2875   -3.442827E-06
 2876   -3.440434E-06
 2877   -3.438043E-06
 2878   -3.435655E-06
 2879   -3.433269E-06
 2880   -3.430886E-06
 2881   -3.429303E-06
 2882   -3.426924E-06
 2883   -3.424547E-06
 2884   -3.422173E-06
 2885   -3.419802E-06
 2886   -3.417432E-06
 2887   -3.415066E-06
 2888   -3.412702E-06
 2889   -3.410340E-06
 2890   -3.407981E-06
 2891   -3.383306E-06
 2892   -3.380967E-06
 2893   -3.378631E-06
 2894   -3.376296E-06
 2895   -3.373965E-06
 2896   -3.371635E-06
 2897   -3.369309E-06
 2898   -3.366984E-06
 2899   -3.364662E-06
 2900   -3.362342E-06
 2901   -3.130899E-06
 2902   -3.128742E-06
 2903   -3.126587E-06
 2904   -3.124435E-06
 2905   -3.122284E-06
 2906   -3.120136E-06
 2907   -3.117990E-06
 2908   -3.115847E-06
 2909   -3.113705E-06
 2910   -3.111566E-06
 2911   -2.975254E-06
 2912   -2.973211E-06
 2913   -2.971170E-06
 2914   -2.969132E-06
 2915   -2.967095E-06
 2916   -2.965061E-06
 2917   -2.963029E-06
 2918   -2.960999E-06
 2919   -2.958971E-06
 2920   -2.956945E-06
 2921   -3.139367E-06
 2922   -3.137219E-06
 2923   -3.135073E-06
 2924   -3.132930E-06
 2925   -3.130788E-06
 2926   -3.128649E-06
 2927   -3.126512E-06
 2928   -3.124377E-06
 2929   -3.122244E-06
 2930   -3.120114E-06
 2931   -3.048306E-06
 2932   -3.046227E-06
 2933   -3.044151E-06
 2934   -3.042076E-06
 2935   -3.040004E-06
 2936   -3.037934E-06
 2937   -3.035866E-06
 2938   -3.033800E-06
 2939   -3.031736E-06
 2940   -3.029674E-06
 2941   -3.018781E-06
 2942   -3.016729E-06
 2943   -3.014680E-06
 2944   -3.012633E-06
 2945   -3.010588E-06
 2946   -3.008544E-06
 2947   -3.006503E-06
 2948   -3.004464E-06
 2949   -3.002427E-06
 2950   -3.000392E-06
 2951   -2.720635E-06
 2952   -2.718792E-06
 2953   -2.716951E-06
 2954   -2.715112E-06
 2955   -2.713275E-06
 2956   -2.711440E-06
 2957   -2.709607E-06
 2958   -2.707776E-06
 2959   -2.705946E-06
 2960   -2.704118E-06
 2961   -2.591904E-06
 2962   -2.590155E-06
 2963   -2.588407E-06
 2964   -2.586661E-06
 2965   -2.584917E-06
 2966   -2.583174E-06
 2967   -2.581434E-06
 2968   -2.579695E-06
 2969   -2.577957E-06
 2970   -2.576222E-06
 2971   -2.666341E-06
 2972   -2.664547E-06
 2973   -2.662756E-06
 2974   -2.660966E-06
 2975   -2.659177E-06
 2976   -2.657391E-06
 2977   -2.655606E-06
 2978   -2.653823E-06
 2979   -2.652042E-06
 2980   -2.650263E-06
 2981   -2.601980E-06
 2982   -2.600235E-06
 2983   -2.598493E-06
 2984   -2.596752E-06
 2985   -2.595012E-06
 2986   -2.593275E-06
 2987   -2.591539E-06
 2988   -2.589805E-06
 2989   -2.588073E-06
 2990   -2.586342E-06
 2991   -2.527255E-06
 2992   -2.525566E-06
 2993   -2.523879E-06
 2994   -2.522194E-06
 2995   -2.520510E-06
 2996   -2.518828E-06
 2997   -2.517148E-06
 2998   -2.515469E-06
 2999   -2.513792E-06
 3000   -2.512117E-06
 3001   -2.240177E-06
 3002   -2.238685E-06
 3003   -2.237195E-06
 3004   -2.235706E-06
 3005   -2.234218E-06
 3006   -2.232732E-06
 3007   -2.231248E-06
 3008   -2.229765E-06
 3009   -2.228283E-06
 3010   -2.226803E-06
 3011   -2.086770E-06
 3012   -2.085385E-06
 3013   -2.084001E-06
 3014   -2.082619E-06
 3015   -2.081238E-06
 3016   -2.079858E-06
 3017   -2.078480E-06
 3018   -2.077103E-06
 3019   -2.075727E-06
 3020   -2.074353E-06
 3021   -2.142847E-06
 3022   -2.141429E-06
 3023   -2.140013E-06
 3024   -2.138598E-06
 3025   -2.137184E-06
 3026   -2.135772E-06
 3027   -2.134362E-06
 3028   -2.132952E-06
 3029   -2.131544E-06
 3030   -2.130138E-06
 3031   -2.100193E-06
 3032   -2.098809E-06
 3033   -2.097425E-06
 3034   -2.096043E-06
 3035   -2.094662E-06
 3036   -2.093283E-06
 3037   -2.091905E-06
 3038   -2.090528E-06
 3039   -2.089153E-06
 3040   -2.087779E-06
 3041   -2.097806E-06
 3042   -2.096427E-06
 3043   -2.095049E-06
 3044   -2.093673E-06
 3045   -2.092299E-06
 3046   -2.090925E-06
 3047   -2.089553E-06
 3048   -2.088183E-06
 3049   -2.086813E-06
 3050   -2.085445E-06
 3051   -1.972847E-06
 3052   -1.971555E-06
 3053   -1.970264E-06
 3054   -1.968974E-06
 3055   -1.967685E-06
 3056   -1.966398E-06
 3057   -1.965112E-06
 3058   -1.963827E-06
 3059   -1.962544E-06
 3060   -1.961261E-06
 3061   -1.906302E-06
 3062   -1.905057E-06
 3063   -1.903814E-06
 3064   -1.902571E-06
 3065   -1.901330E-06
 3066   -1.900090E-06
 3067   -1.898852E-06
 3068   -1.897614E-06
 3069   -1.896378E-06
 3070   -1.895143E-06
 3071   -1.918636E-06
 3072   -1.917388E-06
 3073   -1.916140E-06
 3074   -1.914894E-06
 3075   -1.913649E-06
 3076   -1.912405E-06
 3077   -1.911162E-06
 3078   -1.909921E-06
 3079   -1.908681E-06
 3080   -1.907442E-06
 3081   -1.743237E-06
 3082   -1.742107E-06
 3083   -1.740977E-06
 3084   -1.739848E-06
 3085   -1.738721E-06
 3086   -1.737594E-06
 3087   -1.736469E-06
 3088   -1.735344E-06
 3089   -1.734221E-06
 3090   -1.733099E-06
 3091   -1.243002E-06
 3092   -1.242198E-06
 3093   -1.241395E-06
 3094   -1.240593E-06
 3095   -1.239792E-06
 3096   -1.238991E-06
 3097   -1.238191E-06
 3098   -1.237392E-06
 3099   -1.236594E-06
 3100   -1.235796E-06
 3101   -2.561896E-07
 3102   -2.560244E-07
 3103   -2.558595E-07
 3104   -2.556947E-07
 3105   -2.555300E-07
 3106   -2.553655E-07
 3107   -2.552012E-07
 3108   -2.550370E-07
 3109   -2.548730E-07
 3110   -2.547092E-07
 3111    3.023193E-07
 3112    3.021251E-07
 3113    3.019311E-07
 3114    3.017372E-07
 3115    3.015435E-07
 3116    3.013501E-07
 3117    3.011568E-07
 3118    3.009636E-07
 3119    3.007707E-07
 3120    3.005780E-07
 3121    4.372987E-07
 3122    4.370186E-07
 3123    4.367389E-07
 3124    4.364593E-07
 3125    4.361801E-07
 3126    4.359011E-07
 3127    4.356224E-07
 3128    4.353440E-07
 3129    4.350658E-07
 3130    4.347879E-07
 3131    4.417806E-07
 3132    4.414986E-07
 3133    4.412169E-07
 3134    4.409354E-07
 3135    4.406542E-07
 3136    4.403732E-07
 3137    4.400926E-07
 3138    4.398122E-07
 3139    4.395320E-07
 3140    4.392522E-07
 3141    4.368441E-07
 3142    4.365662E-07
 3143    4.362884E-07
 3144    4.360110E-07
 3145    4.357338E-07
 3146    4.354569E-07
 3147    4.351802E-07
 3148    4.349038E-07
 3149    4.346277E-07
 3150    4.343518E-07
 3151    4.295735E-07
 3152    4.293010E-07
 3153    4.290288E-07
 3154    4.287568E-07
 3155    4.284851E-07
 3156    4.282136E-07
 3157    4.279424E-07
 3158    4.276715E-07
 3159    4.274008E-07
 3160    4.271304E-07
 3161    4.040674E-07
 3162    4.038119E-07
 3163    4.035567E-07
 3164    4.033017E-07
 3165    4.030469E-07
 3166    4.027924E-07
 3167    4.025381E-07
 3168    4.022840E-07
 3169    4.020302E-07
 3170    4.017766E-07
 3171    3.788930E-07
 3172    3.786541E-07
 3173    3.784155E-07
 3174    3.781772E-07
 3175    3.779390E-07
 3176    3.777011E-07
 3177    3.774634E-07
 3178    3.772259E-07
 3179    3.769887E-07
 3180    3.767517E-07
 3181    3.519713E-07
 3182    3.517501E-07
 3183    3.515292E-07
 3184    3.513085E-07
 3185    3.510879E-07
 3186    3.508676E-07
 3187    3.506475E-07
 3188    3.504276E-07
 3189    3.502079E-07
 3190    3.499884E-07
 3191    3.260618E-07
 3192    3.258576E-07
 3193    3.256536E-07
 3194    3.254497E-07
 3195    3.252460E-07
 3196    3.250426E-07
 3197    3.248393E-07
 3198    3.246362E-07
 3199    3.244333E-07
 3200    3.242306E-07
 3201    2.936773E-07
 3202    2.934939E-07
 3203    2.933107E-07
 3204    2.931277E-07
 3205    2.929448E-07
 3206    2.927621E-07
 3207    2.925796E-07
 3208    2.923972E-07
 3209    2.922151E-07
 3210    2.920330E-07
 3211    2.741847E-07
 3212    2.740140E-07
 3213    2.738435E-07
 3214    2.736732E-07
 3215    2.735030E-07
 3216    2.733329E-07
 3217    2.731631E-07
 3218    2.729933E-07
 3219    2.728238E-07
 3220    2.726544E-07
 3221    2.531545E-07
 3222    2.529974E-07
 3223    2.528405E-07
 3224    2.526837E-07
 3225    2.525270E-07
 3226    2.523705E-07
 3227    2.522141E-07
 3228    2.520579E-07
 3229    2.519019E-07
 3230    2.517459E-07
 3231    2.300363E-07
 3232    2.298940E-07
 3233    2.297518E-07
 3234    2.296097E-07
 3235    2.294678E-07
 3236    2.293261E-07
 3237    2.291844E-07
 3238    2.290429E-07
 3239    2.289015E-07
 3240    2.287603E-07
 3241    2.092999E-07
 3242    2.091709E-07
 3243    2.090419E-07
 3244    2.089131E-07
 3245    2.087844E-07
 3246    2.086558E-07
 3247    2.085273E-07
 3248    2.083989E-07
 3249    2.082707E-07
 3250    2.081425E-07
 3251    1.909169E-07
 3252    1.907995E-07
 3253    1.906822E-07
 3254    1.905651E-07
 3255    1.904480E-07
 3256    1.903311E-07
 3257    1.902142E-07
 3258    1.900975E-07
 3259    1.899809E-07
 3260    1.898643E-07
 3261    1.766046E-07
 3262    1.764963E-07
 3263    1.763882E-07
 3264    1.762801E-07
 3265    1.761722E-07
 3266    1.760643E-07
 3267    1.759566E-07
 3268    1.758489E-07
 3269    1.757414E-07
 3270    1.756339E-07
 3271    1.558953E-07
 3272    1.558000E-07
 3273    1.557049E-07
 3274    1.556098E-07
 3275    1.555148E-07
 3276    1.554199E-07
 3277    1.553250E-07
 3278    1.552303E-07
 3279    1.551356E-07
 3280    1.550411E-07
 3281    1.439415E-07
 3282    1.438538E-07
 3283    1.437662E-07
 3284    1.436787E-07
 3285    1.435912E-07
 3286    1.435039E-07
 3287    1.434166E-07
 3288    1.433294E-07
 3289    1.432422E-07
 3290    1.431552E-07
 3291    1.239692E-07
 3292    1.238939E-07
 3293    1.238186E-07
 3294    1.237435E-07
 3295    1.236684E-07
 3296    1.235934E-07
 3297    1.235184E-07
 3298    1.234436E-07
 3299    1.233687E-07
 3300    1.232940E-07
