   50    0.000000E+00
   51    0.000000E+00
   52    0.000000E+00
   53    0.000000E+00
   54    0.000000E+00
   55    0.000000E+00
   56    0.000000E+00
   57    0.000000E+00
   58    0.000000E+00
   59    0.000000E+00
   60    0.000000E+00
   61    0.000000E+00
   62    0.000000E+00
   63    0.000000E+00
   64    0.000000E+00
   65    0.000000E+00
   66    0.000000E+00
   67    0.000000E+00
   68    0.000000E+00
   69    0.000000E+00
   70    0.000000E+00
   71    0.000000E+00
   72    0.000000E+00
   73    0.000000E+00
   74    0.000000E+00
   75    0.000000E+00
   76    0.000000E+00
   77    0.000000E+00
   78    0.000000E+00
   79    0.000000E+00
   80    0.000000E+00
   81    0.000000E+00
   82    0.000000E+00
   83    0.000000E+00
   84    0.000000E+00
   85    0.000000E+00
   86    0.000000E+00
   87    0.000000E+00
   88    0.000000E+00
   89    0.000000E+00
   90    0.000000E+00
   91    0.000000E+00
   92    0.000000E+00
   93    0.000000E+00
   94    0.000000E+00
   95    0.000000E+00
   96    0.000000E+00
   97    0.000000E+00
   98    0.000000E+00
   99    0.000000E+00
  100    0.000000E+00
  101    0.000000E+00
  102    0.000000E+00
  103    0.000000E+00
  104    0.000000E+00
  105    0.000000E+00
  106    0.000000E+00
  107    0.000000E+00
  108    0.000000E+00
  109    0.000000E+00
  110    0.000000E+00
  111    0.000000E+00
  112    0.000000E+00
  113    0.000000E+00
  114    0.000000E+00
  115    0.000000E+00
  116    0.000000E+00
  117    0.000000E+00
  118    0.000000E+00
  119    0.000000E+00
  120    0.000000E+00
  121    0.000000E+00
  122    0.000000E+00
  123    0.000000E+00
  124    0.000000E+00
  125    0.000000E+00
  126    0.000000E+00
  127    0.000000E+00
  128    0.000000E+00
  129    0.000000E+00
  130    0.000000E+00
  131    0.000000E+00
  132    0.000000E+00
  133    0.000000E+00
  134    0.000000E+00
  135    0.000000E+00
  136    0.000000E+00
  137    0.000000E+00
  138    0.000000E+00
  139    0.000000E+00
  140    0.000000E+00
  141    0.000000E+00
  142    0.000000E+00
  143    0.000000E+00
  144    0.000000E+00
  145    0.000000E+00
  146    0.000000E+00
  147    0.000000E+00
  148    0.000000E+00
  149    0.000000E+00
  150    0.000000E+00
  151    0.000000E+00
  152    0.000000E+00
  153    0.000000E+00
  154    0.000000E+00
  155    0.000000E+00
  156    0.000000E+00
  157    0.000000E+00
  158    0.000000E+00
  159    0.000000E+00
  160    0.000000E+00
  161    0.000000E+00
  162    0.000000E+00
  163    0.000000E+00
  164    0.000000E+00
  165    0.000000E+00
  166    0.000000E+00
  167    0.000000E+00
  168    0.000000E+00
  169    0.000000E+00
  170    0.000000E+00
  171    0.000000E+00
  172    0.000000E+00
  173    0.000000E+00
  174    0.000000E+00
  175    0.000000E+00
  176    0.000000E+00
  177    0.000000E+00
  178    0.000000E+00
  179    0.000000E+00
  180    0.000000E+00
  181    7.374901E-10
  182    7.294301E-10
  183    7.215015E-10
  184    7.137015E-10
  185    7.060273E-10
  186    6.984762E-10
  187    6.910456E-10
  188    6.837330E-10
  189    6.765358E-10
  190    6.694516E-10
  191    1.746228E-09
  192    1.728132E-09
  193    1.710317E-09
  194    1.692775E-09
  195    1.675502E-09
  196    1.658491E-09
  197    1.641739E-09
  198    1.625239E-09
  199    1.608987E-09
  200    1.592977E-09
  201    3.131773E-08
  202    3.100918E-08
  203    3.070517E-08
  204    3.040561E-08
  205    3.011041E-08
  206    2.981949E-08
  207    2.953276E-08
  208    2.925015E-08
  209    2.897158E-08
  210    2.869697E-08
  211    4.301092E-08
  212    4.260706E-08
  213    4.220887E-08
  214    4.181623E-08
  215    4.142904E-08
  216    4.104720E-08
  217    4.067062E-08
  218    4.029920E-08
  219    3.993285E-08
  220    3.957146E-08
  221    7.267443E-08
  222    7.202264E-08
  223    7.137958E-08
  224    7.074510E-08
  225    7.011904E-08
  226    6.950125E-08
  227    6.889159E-08
  228    6.828991E-08
  229    6.769609E-08
  230    6.710997E-08
  231    1.582361E-07
  232    1.568779E-07
  233    1.555370E-07
  234    1.542133E-07
  235    1.529064E-07
  236    1.516161E-07
  237    1.503420E-07
  238    1.490839E-07
  239    1.478415E-07
  240    1.466146E-07
  241    1.415168E-07
  242    1.403521E-07
  243    1.392016E-07
  244    1.380653E-07
  245    1.369428E-07
  246    1.358340E-07
  247    1.347385E-07
  248    1.336563E-07
  249    1.325870E-07
  250    1.315306E-07
  251    2.856745E-07
  252    2.834162E-07
  253    2.811845E-07
  254    2.789792E-07
  255    2.767996E-07
  256    2.746456E-07
  257    2.725165E-07
  258    2.704122E-07
  259    2.683321E-07
  260    2.662759E-07
  261    2.941454E-07
  262    2.919085E-07
  263    2.896971E-07
  264    2.875107E-07
  265    2.853490E-07
  266    2.832115E-07
  267    2.810980E-07
  268    2.790081E-07
  269    2.769413E-07
  270    2.748975E-07
  271    3.822102E-07
  272    3.794101E-07
  273    3.766407E-07
  274    3.739015E-07
  275    3.711921E-07
  276    3.685120E-07
  277    3.658608E-07
  278    3.632381E-07
  279    3.606436E-07
  280    3.580767E-07
  281    4.366423E-07
  282    4.335565E-07
  283    4.305033E-07
  284    4.274822E-07
  285    4.244928E-07
  286    4.215347E-07
  287    4.186074E-07
  288    4.157104E-07
  289    4.128435E-07
  290    4.100061E-07
  291    5.309522E-07
  292    5.273280E-07
  293    5.237407E-07
  294    5.201899E-07
  295    5.166751E-07
  296    5.131958E-07
  297    5.097516E-07
  298    5.063419E-07
  299    5.029662E-07
  300    4.996243E-07
  301    6.498809E-07
  302    6.455912E-07
  303    6.413439E-07
  304    6.371384E-07
  305    6.329741E-07
  306    6.288505E-07
  307    6.247670E-07
  308    6.207232E-07
  309    6.167186E-07
  310    6.127525E-07
  311    7.198851E-07
  312    7.152852E-07
  313    7.107293E-07
  314    7.062167E-07
  315    7.017470E-07
  316    6.973196E-07
  317    6.929339E-07
  318    6.885895E-07
  319    6.842858E-07
  320    6.800223E-07
  321    8.438953E-07
  322    8.386699E-07
  323    8.334930E-07
  324    8.283638E-07
  325    8.232818E-07
  326    8.182464E-07
  327    8.132571E-07
  328    8.083133E-07
  329    8.034144E-07
  330    7.985600E-07
  331    9.959481E-07
  332    9.899664E-07
  333    9.840385E-07
  334    9.781636E-07
  335    9.723412E-07
  336    9.665707E-07
  337    9.608513E-07
  338    9.551826E-07
  339    9.495639E-07
  340    9.439946E-07
  341    1.121063E-06
  342    1.114526E-06
  343    1.108047E-06
  344    1.101623E-06
  345    1.095255E-06
  346    1.088943E-06
  347    1.082684E-06
  348    1.076480E-06
  349    1.070329E-06
  350    1.064230E-06
  351    1.200409E-06
  352    1.193608E-06
  353    1.186865E-06
  354    1.180178E-06
  355    1.173548E-06
  356    1.166973E-06
  357    1.160454E-06
  358    1.153989E-06
  359    1.147578E-06
  360    1.141220E-06
  361    1.491910E-06
  362    1.483690E-06
  363    1.475538E-06
  364    1.467453E-06
  365    1.459434E-06
  366    1.451481E-06
  367    1.443592E-06
  368    1.435768E-06
  369    1.428007E-06
  370    1.420309E-06
  371    1.524318E-06
  372    1.516144E-06
  373    1.508037E-06
  374    1.499994E-06
  375    1.492015E-06
  376    1.484100E-06
  377    1.476248E-06
  378    1.468457E-06
  379    1.460729E-06
  380    1.453061E-06
  381    1.745098E-06
  382    1.735985E-06
  383    1.726944E-06
  384    1.717972E-06
  385    1.709071E-06
  386    1.700239E-06
  387    1.691474E-06
  388    1.682778E-06
  389    1.674148E-06
  390    1.665585E-06
  391    1.978532E-06
  392    1.968463E-06
  393    1.958471E-06
  394    1.948554E-06
  395    1.938713E-06
  396    1.928946E-06
  397    1.919253E-06
  398    1.909633E-06
  399    1.900085E-06
  400    1.890608E-06
  401    1.925926E-06
  402    1.916368E-06
  403    1.906881E-06
  404    1.897465E-06
  405    1.888117E-06
  406    1.878839E-06
  407    1.869629E-06
  408    1.860487E-06
  409    1.851411E-06
  410    1.842402E-06
  411    2.347727E-06
  412    2.336358E-06
  413    2.325071E-06
  414    2.313866E-06
  415    2.302742E-06
  416    2.291698E-06
  417    2.280733E-06
  418    2.269846E-06
  419    2.259037E-06
  420    2.248305E-06
  421    2.289739E-06
  422    2.278913E-06
  423    2.268163E-06
  424    2.257489E-06
  425    2.246891E-06
  426    2.236367E-06
  427    2.225916E-06
  428    2.215539E-06
  429    2.205234E-06
  430    2.195001E-06
  431    2.906668E-06
  432    2.893242E-06
  433    2.879909E-06
  434    2.866668E-06
  435    2.853518E-06
  436    2.840459E-06
  437    2.827489E-06
  438    2.814607E-06
  439    2.801813E-06
  440    2.789107E-06
  441    2.985083E-06
  442    2.971606E-06
  443    2.958220E-06
  444    2.944925E-06
  445    2.931719E-06
  446    2.918602E-06
  447    2.905572E-06
  448    2.892630E-06
  449    2.879774E-06
  450    2.867003E-06
  451    3.042495E-06
  452    3.029062E-06
  453    3.015718E-06
  454    3.002462E-06
  455    2.989294E-06
  456    2.976212E-06
  457    2.963215E-06
  458    2.950303E-06
  459    2.937476E-06
  460    2.924732E-06
  461    3.666059E-06
  462    3.650222E-06
  463    3.634489E-06
  464    3.618857E-06
  465    3.603325E-06
  466    3.587893E-06
  467    3.572560E-06
  468    3.557326E-06
  469    3.542188E-06
  470    3.527147E-06
  471    3.702320E-06
  472    3.686666E-06
  473    3.671110E-06
  474    3.655653E-06
  475    3.640293E-06
  476    3.625030E-06
  477    3.609862E-06
  478    3.594790E-06
  479    3.579811E-06
  480    3.564927E-06
  481    4.424862E-06
  482    4.406540E-06
  483    4.388331E-06
  484    4.370235E-06
  485    4.352250E-06
  486    4.334377E-06
  487    4.316613E-06
  488    4.298958E-06
  489    4.281411E-06
  490    4.263972E-06
  491    4.386637E-06
  492    4.368841E-06
  493    4.351153E-06
  494    4.333573E-06
  495    4.316099E-06
  496    4.298730E-06
  497    4.281466E-06
  498    4.264306E-06
  499    4.247249E-06
  500    4.230294E-06
  501    4.972997E-06
  502    4.953224E-06
  503    4.933568E-06
  504    4.914029E-06
  505    4.894606E-06
  506    4.875298E-06
  507    4.856104E-06
  508    4.837023E-06
  509    4.818054E-06
  510    4.799197E-06
  511    5.337085E-06
  512    5.316278E-06
  513    5.295592E-06
  514    5.275027E-06
  515    5.254581E-06
  516    5.234254E-06
  517    5.214044E-06
  518    5.193952E-06
  519    5.173975E-06
  520    5.154113E-06
  521    5.578971E-06
  522    5.557637E-06
  523    5.536425E-06
  524    5.515333E-06
  525    5.494363E-06
  526    5.473511E-06
  527    5.452778E-06
  528    5.432163E-06
  529    5.411664E-06
  530    5.391281E-06
  531    7.769162E-06
  532    7.740009E-06
  533    7.711020E-06
  534    7.682194E-06
  535    7.653529E-06
  536    7.625024E-06
  537    7.596679E-06
  538    7.568491E-06
  539    7.540459E-06
  540    7.512583E-06
  541    7.892045E-06
  542    7.862976E-06
  543    7.834068E-06
  544    7.805319E-06
  545    7.776729E-06
  546    7.748294E-06
  547    7.720016E-06
  548    7.691892E-06
  549    7.663922E-06
  550    7.636103E-06
  551    8.766536E-06
  552    8.734831E-06
  553    8.703297E-06
  554    8.671934E-06
  555    8.640740E-06
  556    8.609714E-06
  557    8.578855E-06
  558    8.548161E-06
  559    8.517632E-06
  560    8.487266E-06
  561    1.081281E-05
  562    1.077440E-05
  563    1.073619E-05
  564    1.069819E-05
  565    1.066039E-05
  566    1.062278E-05
  567    1.058538E-05
  568    1.054817E-05
  569    1.051116E-05
  570    1.047435E-05
  571    1.311532E-05
  572    1.306954E-05
  573    1.302401E-05
  574    1.297870E-05
  575    1.293364E-05
  576    1.288881E-05
  577    1.284421E-05
  578    1.279984E-05
  579    1.275571E-05
  580    1.271180E-05
  581    1.249306E-05
  582    1.245021E-05
  583    1.240757E-05
  584    1.236515E-05
  585    1.232295E-05
  586    1.228096E-05
  587    1.223919E-05
  588    1.219763E-05
  589    1.215628E-05
  590    1.211515E-05
  591    9.388526E-06
  592    9.356861E-06
  593    9.325357E-06
  594    9.294011E-06
  595    9.262823E-06
  596    9.231792E-06
  597    9.200916E-06
  598    9.170195E-06
  599    9.139628E-06
  600    9.109213E-06
  601    6.572617E-06
  602    6.550817E-06
  603    6.529126E-06
  604    6.507542E-06
  605    6.486065E-06
  606    6.464694E-06
  607    6.443429E-06
  608    6.422268E-06
  609    6.401211E-06
  610    6.380258E-06
  611    2.866754E-06
  612    2.857401E-06
  613    2.848093E-06
  614    2.838831E-06
  615    2.829614E-06
  616    2.820442E-06
  617    2.811315E-06
  618    2.802231E-06
  619    2.793192E-06
  620    2.784196E-06
  621    2.967708E-06
  622    2.958181E-06
  623    2.948699E-06
  624    2.939264E-06
  625    2.929873E-06
  626    2.920527E-06
  627    2.911226E-06
  628    2.901970E-06
  629    2.892757E-06
  630    2.883588E-06
  631    2.408589E-05
  632    2.400979E-05
  633    2.393405E-05
  634    2.385867E-05
  635    2.378364E-05
  636    2.370897E-05
  637    2.363464E-05
  638    2.356067E-05
  639    2.348704E-05
  640    2.341376E-05
  641    6.919064E-05
  642    6.897543E-05
  643    6.876122E-05
  644    6.854801E-05
  645    6.833579E-05
  646    6.812455E-05
  647    6.791429E-05
  648    6.770500E-05
  649    6.749667E-05
  650    6.728931E-05
  651    1.286404E-04
  652    1.282464E-04
  653    1.278542E-04
  654    1.274638E-04
  655    1.270752E-04
  656    1.266883E-04
  657    1.263033E-04
  658    1.259200E-04
  659    1.255384E-04
  660    1.251585E-04
  661    1.747687E-04
  662    1.742415E-04
  663    1.737167E-04
  664    1.731942E-04
  665    1.726741E-04
  666    1.721563E-04
  667    1.716409E-04
  668    1.711278E-04
  669    1.706169E-04
  670    1.701084E-04
  671    2.206660E-04
  672    2.200102E-04
  673    2.193573E-04
  674    2.187074E-04
  675    2.180603E-04
  676    2.174161E-04
  677    2.167748E-04
  678    2.161363E-04
  679    2.155006E-04
  680    2.148677E-04
  681    8.647335E-05
  682    8.622014E-05
  683    8.596803E-05
  684    8.571703E-05
  685    8.546712E-05
  686    8.521831E-05
  687    8.497058E-05
  688    8.472394E-05
  689    8.447836E-05
  690    8.423385E-05
  691   -4.284226E-04
  692   -4.271862E-04
  693   -4.259551E-04
  694   -4.247293E-04
  695   -4.235088E-04
  696   -4.222936E-04
  697   -4.210836E-04
  698   -4.198787E-04
  699   -4.186791E-04
  700   -4.174846E-04
  701   -1.241609E-03
  702   -1.238077E-03
  703   -1.234559E-03
  704   -1.231057E-03
  705   -1.227570E-03
  706   -1.224097E-03
  707   -1.220639E-03
  708   -1.217196E-03
  709   -1.213767E-03
  710   -1.210353E-03
  711   -1.671077E-03
  712   -1.666389E-03
  713   -1.661722E-03
  714   -1.657073E-03
  715   -1.652445E-03
  716   -1.647835E-03
  717   -1.643245E-03
  718   -1.638674E-03
  719   -1.634123E-03
  720   -1.629590E-03
  721   -1.660000E-03
  722   -1.655408E-03
  723   -1.650835E-03
  724   -1.646281E-03
  725   -1.641746E-03
  726   -1.637230E-03
  727   -1.632732E-03
  728   -1.628252E-03
  729   -1.623791E-03
  730   -1.619349E-03
  731   -1.342027E-04
  732   -1.338365E-04
  733   -1.334718E-04
  734   -1.331086E-04
  735   -1.327469E-04
  736   -1.323867E-04
  737   -1.320279E-04
  738   -1.316706E-04
  739   -1.313147E-04
  740   -1.309603E-04
  741    5.697524E-03
  742    5.682188E-03
  743    5.666913E-03
  744    5.651700E-03
  745    5.636548E-03
  746    5.621457E-03
  747    5.606426E-03
  748    5.591456E-03
  749    5.576545E-03
  750    5.561694E-03
  751    1.526207E-02
  752    1.522153E-02
  753    1.518116E-02
  754    1.514094E-02
  755    1.510089E-02
  756    1.506099E-02
  757    1.502125E-02
  758    1.498167E-02
  759    1.494224E-02
  760    1.490297E-02
  761    2.151759E-02
  762    2.146119E-02
  763    2.140500E-02
  764    2.134904E-02
  765    2.129330E-02
  766    2.123778E-02
  767    2.118247E-02
  768    2.112738E-02
  769    2.107250E-02
  770    2.101784E-02
  771    2.415658E-02
  772    2.409408E-02
  773    2.403182E-02
  774    2.396981E-02
  775    2.390803E-02
  776    2.384649E-02
  777    2.378519E-02
  778    2.372412E-02
  779    2.366329E-02
  780    2.360269E-02
  781    2.253041E-02
  782    2.247286E-02
  783    2.241554E-02
  784    2.235843E-02
  785    2.230153E-02
  786    2.224486E-02
  787    2.218840E-02
  788    2.213216E-02
  789    2.207612E-02
  790    2.202031E-02
  791    1.758031E-02
  792    1.753597E-02
  793    1.749180E-02
  794    1.744779E-02
  795    1.740396E-02
  796    1.736028E-02
  797    1.731677E-02
  798    1.727343E-02
  799    1.723024E-02
  800    1.718722E-02
  801    6.215055E-03
  802    6.199575E-03
  803    6.184153E-03
  804    6.168789E-03
  805    6.153482E-03
  806    6.138232E-03
  807    6.123038E-03
  808    6.107901E-03
  809    6.092819E-03
  810    6.077794E-03
  811   -3.986330E-04
  812   -3.976524E-04
  813   -3.966754E-04
  814   -3.957019E-04
  815   -3.947321E-04
  816   -3.937658E-04
  817   -3.928030E-04
  818   -3.918438E-04
  819   -3.908881E-04
  820   -3.899359E-04
  821   -2.391225E-03
  822   -2.385414E-03
  823   -2.379624E-03
  824   -2.373855E-03
  825   -2.368107E-03
  826   -2.362380E-03
  827   -2.356674E-03
  828   -2.350988E-03
  829   -2.345323E-03
  830   -2.339679E-03
  831   -2.523395E-03
  832   -2.517337E-03
  833   -2.511300E-03
  834   -2.505285E-03
  835   -2.499291E-03
  836   -2.493319E-03
  837   -2.487369E-03
  838   -2.481439E-03
  839   -2.475531E-03
  840   -2.469644E-03
  841   -2.121363E-03
  842   -2.116330E-03
  843   -2.111315E-03
  844   -2.106318E-03
  845   -2.101338E-03
  846   -2.096376E-03
  847   -2.091432E-03
  848   -2.086505E-03
  849   -2.081596E-03
  850   -2.076704E-03
  851   -7.846783E-04
  852   -7.828385E-04
  853   -7.810052E-04
  854   -7.791783E-04
  855   -7.773578E-04
  856   -7.755436E-04
  857   -7.737358E-04
  858   -7.719344E-04
  859   -7.701392E-04
  860   -7.683502E-04
  861   -3.258396E-06
  862   -3.250845E-06
  863   -3.243320E-06
  864   -3.235821E-06
  865   -3.228348E-06
  866   -3.220901E-06
  867   -3.213479E-06
  868   -3.206083E-06
  869   -3.198713E-06
  870   -3.191368E-06
  871    2.207381E-04
  872    2.202324E-04
  873    2.197284E-04
  874    2.192262E-04
  875    2.187257E-04
  876    2.182269E-04
  877    2.177298E-04
  878    2.172344E-04
  879    2.167406E-04
  880    2.162486E-04
  881    1.819428E-04
  882    1.815307E-04
  883    1.811200E-04
  884    1.807107E-04
  885    1.803028E-04
  886    1.798963E-04
  887    1.794911E-04
  888    1.790873E-04
  889    1.786848E-04
  890    1.782838E-04
  891    1.287656E-04
  892    1.284772E-04
  893    1.281898E-04
  894    1.279033E-04
  895    1.276178E-04
  896    1.273333E-04
  897    1.270497E-04
  898    1.267670E-04
  899    1.264853E-04
  900    1.262046E-04
  901    3.536667E-05
  902    3.528834E-05
  903    3.521027E-05
  904    3.513246E-05
  905    3.505490E-05
  906    3.497760E-05
  907    3.490056E-05
  908    3.482377E-05
  909    3.474724E-05
  910    3.467095E-05
  911   -3.885573E-05
  912   -3.877062E-05
  913   -3.868578E-05
  914   -3.860122E-05
  915   -3.851694E-05
  916   -3.843293E-05
  917   -3.834920E-05
  918   -3.826574E-05
  919   -3.818256E-05
  920   -3.809964E-05
  921   -7.616364E-05
  922   -7.599860E-05
  923   -7.583411E-05
  924   -7.567014E-05
  925   -7.550671E-05
  926   -7.534380E-05
  927   -7.518142E-05
  928   -7.501957E-05
  929   -7.485823E-05
  930   -7.469742E-05
  931   -7.255034E-05
  932   -7.239482E-05
  933   -7.223980E-05
  934   -7.208527E-05
  935   -7.193124E-05
  936   -7.177771E-05
  937   -7.162466E-05
  938   -7.147211E-05
  939   -7.132004E-05
  940   -7.116846E-05
  941   -6.521267E-05
  942   -6.507436E-05
  943   -6.493649E-05
  944   -6.479906E-05
  945   -6.466207E-05
  946   -6.452550E-05
  947   -6.438937E-05
  948   -6.425368E-05
  949   -6.411840E-05
  950   -6.398356E-05
  951   -4.097523E-05
  952   -4.088924E-05
  953   -4.080352E-05
  954   -4.071806E-05
  955   -4.063288E-05
  956   -4.054796E-05
  957   -4.046331E-05
  958   -4.037892E-05
  959   -4.029480E-05
  960   -4.021094E-05
  961   -2.784246E-05
  962   -2.778463E-05
  963   -2.772699E-05
  964   -2.766952E-05
  965   -2.761224E-05
  966   -2.755513E-05
  967   -2.749819E-05
  968   -2.744144E-05
  969   -2.738486E-05
  970   -2.732845E-05
  971   -2.269367E-05
  972   -2.264703E-05
  973   -2.260052E-05
  974   -2.255416E-05
  975   -2.250795E-05
  976   -2.246187E-05
  977   -2.241594E-05
  978   -2.237014E-05
  979   -2.232449E-05
  980   -2.227898E-05
  981   -2.524124E-05
  982   -2.518988E-05
  983   -2.513868E-05
  984   -2.508764E-05
  985   -2.503675E-05
  986   -2.498602E-05
  987   -2.493544E-05
  988   -2.488501E-05
  989   -2.483474E-05
  990   -2.478462E-05
  991   -2.790391E-05
  992   -2.784771E-05
  993   -2.779168E-05
  994   -2.773581E-05
  995   -2.768012E-05
  996   -2.762459E-05
  997   -2.756923E-05
  998   -2.751404E-05
  999   -2.745901E-05
 1000   -2.740415E-05
 1001   -2.108638E-05
 1002   -2.104434E-05
 1003   -2.100242E-05
 1004   -2.096062E-05
 1005   -2.091895E-05
 1006   -2.087740E-05
 1007   -2.083598E-05
 1008   -2.079468E-05
 1009   -2.075350E-05
 1010   -2.071245E-05
 1011   -2.174878E-05
 1012   -2.170584E-05
 1013   -2.166303E-05
 1014   -2.162034E-05
 1015   -2.157778E-05
 1016   -2.153535E-05
 1017   -2.149304E-05
 1018   -2.145085E-05
 1019   -2.140879E-05
 1020   -2.136686E-05
 1021   -2.339541E-05
 1022   -2.334967E-05
 1023   -2.330406E-05
 1024   -2.325859E-05
 1025   -2.321325E-05
 1026   -2.316805E-05
 1027   -2.312297E-05
 1028   -2.307803E-05
 1029   -2.303322E-05
 1030   -2.298854E-05
 1031   -2.354740E-05
 1032   -2.350181E-05
 1033   -2.345636E-05
 1034   -2.341103E-05
 1035   -2.336584E-05
 1036   -2.332077E-05
 1037   -2.327584E-05
 1038   -2.323103E-05
 1039   -2.318636E-05
 1040   -2.314181E-05
 1041   -2.248155E-05
 1042   -2.243844E-05
 1043   -2.239545E-05
 1044   -2.235259E-05
 1045   -2.230985E-05
 1046   -2.226724E-05
 1047   -2.222474E-05
 1048   -2.218237E-05
 1049   -2.214012E-05
 1050   -2.209798E-05
 1051   -1.874351E-05
 1052   -1.870791E-05
 1053   -1.867241E-05
 1054   -1.863702E-05
 1055   -1.860172E-05
 1056   -1.856652E-05
 1057   -1.853142E-05
 1058   -1.849643E-05
 1059   -1.846153E-05
 1060   -1.842673E-05
 1061   -1.918279E-05
 1062   -1.914670E-05
 1063   -1.911071E-05
 1064   -1.907482E-05
 1065   -1.903903E-05
 1066   -1.900334E-05
 1067   -1.896776E-05
 1068   -1.893227E-05
 1069   -1.889688E-05
 1070   -1.886159E-05
 1071   -1.835907E-05
 1072   -1.832485E-05
 1073   -1.829072E-05
 1074   -1.825670E-05
 1075   -1.822276E-05
 1076   -1.818892E-05
 1077   -1.815518E-05
 1078   -1.812152E-05
 1079   -1.808797E-05
 1080   -1.805450E-05
 1081   -1.899351E-05
 1082   -1.895843E-05
 1083   -1.892345E-05
 1084   -1.888857E-05
 1085   -1.885379E-05
 1086   -1.881910E-05
 1087   -1.878450E-05
 1088   -1.875000E-05
 1089   -1.871560E-05
 1090   -1.868129E-05
 1091   -1.876746E-05
 1092   -1.873312E-05
 1093   -1.869888E-05
 1094   -1.866472E-05
 1095   -1.863066E-05
 1096   -1.859670E-05
 1097   -1.856282E-05
 1098   -1.852904E-05
 1099   -1.849535E-05
 1100   -1.846175E-05
 1101   -1.711033E-05
 1102   -1.707931E-05
 1103   -1.704837E-05
 1104   -1.701751E-05
 1105   -1.698674E-05
 1106   -1.695605E-05
 1107   -1.692544E-05
 1108   -1.689492E-05
 1109   -1.686448E-05
 1110   -1.683412E-05
 1111   -1.663472E-05
 1112   -1.660483E-05
 1113   -1.657502E-05
 1114   -1.654529E-05
 1115   -1.651563E-05
 1116   -1.648606E-05
 1117   -1.645657E-05
 1118   -1.642716E-05
 1119   -1.639782E-05
 1120   -1.636857E-05
 1121   -1.694912E-05
 1122   -1.691893E-05
 1123   -1.688883E-05
 1124   -1.685880E-05
 1125   -1.682886E-05
 1126   -1.679899E-05
 1127   -1.676921E-05
 1128   -1.673950E-05
 1129   -1.670987E-05
 1130   -1.668032E-05
 1131   -1.729584E-05
 1132   -1.726531E-05
 1133   -1.723486E-05
 1134   -1.720449E-05
 1135   -1.717420E-05
 1136   -1.714399E-05
 1137   -1.711386E-05
 1138   -1.708381E-05
 1139   -1.705383E-05
 1140   -1.702394E-05
 1141   -1.713129E-05
 1142   -1.710131E-05
 1143   -1.707142E-05
 1144   -1.704160E-05
 1145   -1.701186E-05
 1146   -1.698219E-05
 1147   -1.695261E-05
 1148   -1.692310E-05
 1149   -1.689367E-05
 1150   -1.686431E-05
 1151   -1.621327E-05
 1152   -1.618514E-05
 1153   -1.615709E-05
 1154   -1.612912E-05
 1155   -1.610121E-05
 1156   -1.607338E-05
 1157   -1.604562E-05
 1158   -1.601793E-05
 1159   -1.599031E-05
 1160   -1.596277E-05
 1161   -1.579863E-05
 1162   -1.577146E-05
 1163   -1.574436E-05
 1164   -1.571733E-05
 1165   -1.569037E-05
 1166   -1.566348E-05
 1167   -1.563666E-05
 1168   -1.560991E-05
 1169   -1.558322E-05
 1170   -1.555661E-05
 1171   -1.574042E-05
 1172   -1.571358E-05
 1173   -1.568681E-05
 1174   -1.566011E-05
 1175   -1.563348E-05
 1176   -1.560691E-05
 1177   -1.558041E-05
 1178   -1.555398E-05
 1179   -1.552762E-05
 1180   -1.550133E-05
 1181   -1.652388E-05
 1182   -1.649594E-05
 1183   -1.646808E-05
 1184   -1.644028E-05
 1185   -1.641256E-05
 1186   -1.638490E-05
 1187   -1.635732E-05
 1188   -1.632981E-05
 1189   -1.630236E-05
 1190   -1.627499E-05
 1191   -1.586813E-05
 1192   -1.584153E-05
 1193   -1.581500E-05
 1194   -1.578853E-05
 1195   -1.576213E-05
 1196   -1.573579E-05
 1197   -1.570952E-05
 1198   -1.568332E-05
 1199   -1.565718E-05
 1200   -1.563110E-05
 1201   -1.519201E-05
 1202   -1.516675E-05
 1203   -1.514155E-05
 1204   -1.511642E-05
 1205   -1.509135E-05
 1206   -1.506635E-05
 1207   -1.504140E-05
 1208   -1.501652E-05
 1209   -1.499170E-05
 1210   -1.496694E-05
 1211   -1.440406E-05
 1212   -1.438031E-05
 1213   -1.435662E-05
 1214   -1.433299E-05
 1215   -1.430942E-05
 1216   -1.428590E-05
 1217   -1.426244E-05
 1218   -1.423904E-05
 1219   -1.421570E-05
 1220   -1.419241E-05
 1221   -1.432584E-05
 1222   -1.430241E-05
 1223   -1.427904E-05
 1224   -1.425573E-05
 1225   -1.423247E-05
 1226   -1.420927E-05
 1227   -1.418613E-05
 1228   -1.416304E-05
 1229   -1.414001E-05
 1230   -1.411704E-05
 1231   -1.538644E-05
 1232   -1.536149E-05
 1233   -1.533659E-05
 1234   -1.531175E-05
 1235   -1.528698E-05
 1236   -1.526226E-05
 1237   -1.523760E-05
 1238   -1.521301E-05
 1239   -1.518847E-05
 1240   -1.516399E-05
 1241   -1.450686E-05
 1242   -1.448352E-05
 1243   -1.446024E-05
 1244   -1.443701E-05
 1245   -1.441383E-05
 1246   -1.439072E-05
 1247   -1.436765E-05
 1248   -1.434465E-05
 1249   -1.432170E-05
 1250   -1.429880E-05
 1251   -1.425779E-05
 1252   -1.423503E-05
 1253   -1.421233E-05
 1254   -1.418968E-05
 1255   -1.416708E-05
 1256   -1.414454E-05
 1257   -1.412205E-05
 1258   -1.409962E-05
 1259   -1.407724E-05
 1260   -1.405491E-05
 1261   -1.354863E-05
 1262   -1.352718E-05
 1263   -1.350577E-05
 1264   -1.348442E-05
 1265   -1.346312E-05
 1266   -1.344187E-05
 1267   -1.342066E-05
 1268   -1.339951E-05
 1269   -1.337841E-05
 1270   -1.335736E-05
 1271   -1.426789E-05
 1272   -1.424547E-05
 1273   -1.422311E-05
 1274   -1.420080E-05
 1275   -1.417854E-05
 1276   -1.415634E-05
 1277   -1.413418E-05
 1278   -1.411208E-05
 1279   -1.409003E-05
 1280   -1.406803E-05
 1281   -1.375516E-05
 1282   -1.373372E-05
 1283   -1.371233E-05
 1284   -1.369099E-05
 1285   -1.366969E-05
 1286   -1.364845E-05
 1287   -1.362726E-05
 1288   -1.360611E-05
 1289   -1.358502E-05
 1290   -1.356397E-05
 1291   -1.332630E-05
 1292   -1.330569E-05
 1293   -1.328512E-05
 1294   -1.326460E-05
 1295   -1.324413E-05
 1296   -1.322371E-05
 1297   -1.320334E-05
 1298   -1.318301E-05
 1299   -1.316273E-05
 1300   -1.314249E-05
 1301   -1.289634E-05
 1302   -1.287654E-05
 1303   -1.285679E-05
 1304   -1.283709E-05
 1305   -1.281743E-05
 1306   -1.279782E-05
 1307   -1.277825E-05
 1308   -1.275873E-05
 1309   -1.273925E-05
 1310   -1.271981E-05
 1311   -1.222269E-05
 1312   -1.220407E-05
 1313   -1.218550E-05
 1314   -1.216696E-05
 1315   -1.214847E-05
 1316   -1.213002E-05
 1317   -1.211162E-05
 1318   -1.209325E-05
 1319   -1.207493E-05
 1320   -1.205665E-05
 1321   -1.244112E-05
 1322   -1.242232E-05
 1323   -1.240355E-05
 1324   -1.238483E-05
 1325   -1.236615E-05
 1326   -1.234751E-05
 1327   -1.232892E-05
 1328   -1.231036E-05
 1329   -1.229185E-05
 1330   -1.227338E-05
 1331   -1.235185E-05
 1332   -1.233332E-05
 1333   -1.231483E-05
 1334   -1.229638E-05
 1335   -1.227797E-05
 1336   -1.225961E-05
 1337   -1.224128E-05
 1338   -1.222300E-05
 1339   -1.220475E-05
 1340   -1.218655E-05
 1341   -1.143030E-05
 1342   -1.141327E-05
 1343   -1.139629E-05
 1344   -1.137934E-05
 1345   -1.136243E-05
 1346   -1.134556E-05
 1347   -1.132873E-05
 1348   -1.131193E-05
 1349   -1.129518E-05
 1350   -1.127846E-05
 1351   -1.104232E-05
 1352   -1.102600E-05
 1353   -1.100971E-05
 1354   -1.099346E-05
 1355   -1.097725E-05
 1356   -1.096107E-05
 1357   -1.094493E-05
 1358   -1.092882E-05
 1359   -1.091275E-05
 1360   -1.089671E-05
 1361   -1.030756E-05
 1362   -1.029244E-05
 1363   -1.027735E-05
 1364   -1.026229E-05
 1365   -1.024726E-05
 1366   -1.023227E-05
 1367   -1.021731E-05
 1368   -1.020239E-05
 1369   -1.018749E-05
 1370   -1.017263E-05
 1371   -1.038333E-05
 1372   -1.036820E-05
 1373   -1.035311E-05
 1374   -1.033805E-05
 1375   -1.032302E-05
 1376   -1.030803E-05
 1377   -1.029307E-05
 1378   -1.027814E-05
 1379   -1.026325E-05
 1380   -1.024838E-05
 1381   -1.027857E-05
 1382   -1.026371E-05
 1383   -1.024888E-05
 1384   -1.023408E-05
 1385   -1.021931E-05
 1386   -1.020457E-05
 1387   -1.018987E-05
 1388   -1.017520E-05
 1389   -1.016056E-05
 1390   -1.014595E-05
 1391   -9.871179E-06
 1392   -9.857007E-06
 1393   -9.842865E-06
 1394   -9.828753E-06
 1395   -9.814672E-06
 1396   -9.800620E-06
 1397   -9.786600E-06
 1398   -9.772609E-06
 1399   -9.758648E-06
 1400   -9.744717E-06
 1401   -9.471268E-06
 1402   -9.457766E-06
 1403   -9.444293E-06
 1404   -9.430850E-06
 1405   -9.417434E-06
 1406   -9.404048E-06
 1407   -9.390690E-06
 1408   -9.377360E-06
 1409   -9.364059E-06
 1410   -9.350786E-06
 1411   -8.634805E-06
 1412   -8.622583E-06
 1413   -8.610387E-06
 1414   -8.598216E-06
 1415   -8.586072E-06
 1416   -8.573953E-06
 1417   -8.561860E-06
 1418   -8.549793E-06
 1419   -8.537751E-06
 1420   -8.525734E-06
 1421   -8.875507E-06
 1422   -8.863033E-06
 1423   -8.850585E-06
 1424   -8.838163E-06
 1425   -8.825767E-06
 1426   -8.813398E-06
 1427   -8.801054E-06
 1428   -8.788736E-06
 1429   -8.776444E-06
 1430   -8.764178E-06
 1431   -8.761951E-06
 1432   -8.749722E-06
 1433   -8.737519E-06
 1434   -8.725341E-06
 1435   -8.713189E-06
 1436   -8.701062E-06
 1437   -8.688960E-06
 1438   -8.676884E-06
 1439   -8.664832E-06
 1440   -8.652806E-06
 1441   -8.452071E-06
 1442   -8.440357E-06
 1443   -8.428667E-06
 1444   -8.417001E-06
 1445   -8.405359E-06
 1446   -8.393741E-06
 1447   -8.382148E-06
 1448   -8.370578E-06
 1449   -8.359032E-06
 1450   -8.347511E-06
 1451   -7.244712E-06
 1452   -7.234740E-06
 1453   -7.224789E-06
 1454   -7.214858E-06
 1455   -7.204947E-06
 1456   -7.195057E-06
 1457   -7.185187E-06
 1458   -7.175338E-06
 1459   -7.165509E-06
 1460   -7.155700E-06
 1461   -6.766046E-06
 1462   -6.756797E-06
 1463   -6.747566E-06
 1464   -6.738354E-06
 1465   -6.729161E-06
 1466   -6.719987E-06
 1467   -6.710832E-06
 1468   -6.701695E-06
 1469   -6.692577E-06
 1470   -6.683478E-06
 1471   -6.733841E-06
 1472   -6.724698E-06
 1473   -6.715573E-06
 1474   -6.706468E-06
 1475   -6.697380E-06
 1476   -6.688311E-06
 1477   -6.679261E-06
 1478   -6.670229E-06
 1479   -6.661215E-06
 1480   -6.652219E-06
 1481   -6.665221E-06
 1482   -6.656232E-06
 1483   -6.647261E-06
 1484   -6.638309E-06
 1485   -6.629374E-06
 1486   -6.620458E-06
 1487   -6.611559E-06
 1488   -6.602679E-06
 1489   -6.593816E-06
 1490   -6.584971E-06
 1491   -6.397711E-06
 1492   -6.389140E-06
 1493   -6.380587E-06
 1494   -6.372052E-06
 1495   -6.363533E-06
 1496   -6.355031E-06
 1497   -6.346546E-06
 1498   -6.338079E-06
 1499   -6.329628E-06
 1500   -6.321194E-06
 1501   -5.792743E-06
 1502   -5.785034E-06
 1503   -5.777341E-06
 1504   -5.769664E-06
 1505   -5.762002E-06
 1506   -5.754355E-06
 1507   -5.746723E-06
 1508   -5.739106E-06
 1509   -5.731505E-06
 1510   -5.723919E-06
 1511   -5.240439E-06
 1512   -5.233512E-06
 1513   -5.226598E-06
 1514   -5.219698E-06
 1515   -5.212812E-06
 1516   -5.205940E-06
 1517   -5.199081E-06
 1518   -5.192235E-06
 1519   -5.185403E-06
 1520   -5.178585E-06
 1521   -5.383883E-06
 1522   -5.376812E-06
 1523   -5.369756E-06
 1524   -5.362714E-06
 1525   -5.355686E-06
 1526   -5.348671E-06
 1527   -5.341670E-06
 1528   -5.334683E-06
 1529   -5.327709E-06
 1530   -5.320750E-06
 1531   -5.198500E-06
 1532   -5.191718E-06
 1533   -5.184949E-06
 1534   -5.178193E-06
 1535   -5.171451E-06
 1536   -5.164721E-06
 1537   -5.158005E-06
 1538   -5.151302E-06
 1539   -5.144612E-06
 1540   -5.137935E-06
 1541   -4.928326E-06
 1542   -4.921938E-06
 1543   -4.915562E-06
 1544   -4.909199E-06
 1545   -4.902848E-06
 1546   -4.896510E-06
 1547   -4.890184E-06
 1548   -4.883870E-06
 1549   -4.877568E-06
 1550   -4.871278E-06
 1551   -4.230205E-06
 1552   -4.224757E-06
 1553   -4.219320E-06
 1554   -4.213893E-06
 1555   -4.208477E-06
 1556   -4.203071E-06
 1557   -4.197676E-06
 1558   -4.192291E-06
 1559   -4.186916E-06
 1560   -4.181551E-06
 1561   -3.957401E-06
 1562   -3.952337E-06
 1563   -3.947283E-06
 1564   -3.942239E-06
 1565   -3.937204E-06
 1566   -3.932179E-06
 1567   -3.927163E-06
 1568   -3.922157E-06
 1569   -3.917161E-06
 1570   -3.912174E-06
 1571   -3.839043E-06
 1572   -3.834162E-06
 1573   -3.829290E-06
 1574   -3.824428E-06
 1575   -3.819574E-06
 1576   -3.814730E-06
 1577   -3.809895E-06
 1578   -3.805070E-06
 1579   -3.800253E-06
 1580   -3.795446E-06
 1581   -3.743209E-06
 1582   -3.738480E-06
 1583   -3.733759E-06
 1584   -3.729048E-06
 1585   -3.724345E-06
 1586   -3.719652E-06
 1587   -3.714967E-06
 1588   -3.710291E-06
 1589   -3.705624E-06
 1590   -3.700966E-06
 1591   -3.509111E-06
 1592   -3.504706E-06
 1593   -3.500308E-06
 1594   -3.495919E-06
 1595   -3.491538E-06
 1596   -3.487166E-06
 1597   -3.482801E-06
 1598   -3.478445E-06
 1599   -3.474097E-06
 1600   -3.469757E-06
 1601   -3.037088E-06
 1602   -3.033299E-06
 1603   -3.029517E-06
 1604   -3.025742E-06
 1605   -3.021973E-06
 1606   -3.018212E-06
 1607   -3.014458E-06
 1608   -3.010711E-06
 1609   -3.006971E-06
 1610   -3.003238E-06
 1611   -2.836760E-06
 1612   -2.833243E-06
 1613   -2.829732E-06
 1614   -2.826228E-06
 1615   -2.822730E-06
 1616   -2.819239E-06
 1617   -2.815754E-06
 1618   -2.812275E-06
 1619   -2.808803E-06
 1620   -2.805338E-06
 1621   -2.719329E-06
 1622   -2.715978E-06
 1623   -2.712633E-06
 1624   -2.709294E-06
 1625   -2.705962E-06
 1626   -2.702635E-06
 1627   -2.699315E-06
 1628   -2.696001E-06
 1629   -2.692693E-06
 1630   -2.689391E-06
 1631   -2.635244E-06
 1632   -2.632016E-06
 1633   -2.628794E-06
 1634   -2.625579E-06
 1635   -2.622369E-06
 1636   -2.619165E-06
 1637   -2.615967E-06
 1638   -2.612775E-06
 1639   -2.609589E-06
 1640   -2.606408E-06
 1641   -2.421310E-06
 1642   -2.418362E-06
 1643   -2.415420E-06
 1644   -2.412483E-06
 1645   -2.409552E-06
 1646   -2.406626E-06
 1647   -2.403705E-06
 1648   -2.400790E-06
 1649   -2.397880E-06
 1650   -2.394975E-06
 1651   -1.992687E-06
 1652   -1.990276E-06
 1653   -1.987869E-06
 1654   -1.985467E-06
 1655   -1.983069E-06
 1656   -1.980676E-06
 1657   -1.978286E-06
 1658   -1.975901E-06
 1659   -1.973521E-06
 1660   -1.971145E-06
 1661   -1.781520E-06
 1662   -1.779378E-06
 1663   -1.777239E-06
 1664   -1.775104E-06
 1665   -1.772973E-06
 1666   -1.770846E-06
 1667   -1.768723E-06
 1668   -1.766603E-06
 1669   -1.764488E-06
 1670   -1.762376E-06
 1671   -1.679339E-06
 1672   -1.677331E-06
 1673   -1.675327E-06
 1674   -1.673327E-06
 1675   -1.671330E-06
 1676   -1.669337E-06
 1677   -1.667347E-06
 1678   -1.665361E-06
 1679   -1.663379E-06
 1680   -1.661400E-06
 1681   -1.626540E-06
 1682   -1.624607E-06
 1683   -1.622678E-06
 1684   -1.620752E-06
 1685   -1.618829E-06
 1686   -1.616910E-06
 1687   -1.614994E-06
 1688   -1.613082E-06
 1689   -1.611173E-06
 1690   -1.609267E-06
 1691   -1.509935E-06
 1692   -1.508151E-06
 1693   -1.506370E-06
 1694   -1.504593E-06
 1695   -1.502819E-06
 1696   -1.501047E-06
 1697   -1.499279E-06
 1698   -1.497515E-06
 1699   -1.495753E-06
 1700   -1.493994E-06
 1701   -1.233824E-06
 1702   -1.232375E-06
 1703   -1.230928E-06
 1704   -1.229484E-06
 1705   -1.228043E-06
 1706   -1.226604E-06
 1707   -1.225168E-06
 1708   -1.223734E-06
 1709   -1.222303E-06
 1710   -1.220874E-06
 1711   -1.118673E-06
 1712   -1.117367E-06
 1713   -1.116063E-06
 1714   -1.114761E-06
 1715   -1.113462E-06
 1716   -1.112165E-06
 1717   -1.110870E-06
 1718   -1.109578E-06
 1719   -1.108288E-06
 1720   -1.107000E-06
 1721   -1.050313E-06
 1722   -1.049094E-06
 1723   -1.047877E-06
 1724   -1.046662E-06
 1725   -1.045449E-06
 1726   -1.044238E-06
 1727   -1.043030E-06
 1728   -1.041823E-06
 1729   -1.040619E-06
 1730   -1.039417E-06
 1731   -1.026150E-06
 1732   -1.024966E-06
 1733   -1.023784E-06
 1734   -1.022603E-06
 1735   -1.021425E-06
 1736   -1.020249E-06
 1737   -1.019075E-06
 1738   -1.017903E-06
 1739   -1.016733E-06
 1740   -1.015565E-06
 1741   -9.229064E-07
 1742   -9.218474E-07
 1743   -9.207902E-07
 1744   -9.197349E-07
 1745   -9.186813E-07
 1746   -9.176296E-07
 1747   -9.165797E-07
 1748   -9.155316E-07
 1749   -9.144852E-07
 1750   -9.134407E-07
 1751   -7.516691E-07
 1752   -7.508115E-07
 1753   -7.499554E-07
 1754   -7.491008E-07
 1755   -7.482476E-07
 1756   -7.473958E-07
 1757   -7.465455E-07
 1758   -7.456967E-07
 1759   -7.448493E-07
 1760   -7.440034E-07
 1761   -6.681018E-07
 1762   -6.673439E-07
 1763   -6.665873E-07
 1764   -6.658319E-07
 1765   -6.650779E-07
 1766   -6.643251E-07
 1767   -6.635736E-07
 1768   -6.628234E-07
 1769   -6.620744E-07
 1770   -6.613267E-07
 1771   -6.234916E-07
 1772   -6.227883E-07
 1773   -6.220861E-07
 1774   -6.213852E-07
 1775   -6.206854E-07
 1776   -6.199869E-07
 1777   -6.192895E-07
 1778   -6.185932E-07
 1779   -6.178982E-07
 1780   -6.172043E-07
 1781   -6.095524E-07
 1782   -6.088687E-07
 1783   -6.081861E-07
 1784   -6.075047E-07
 1785   -6.068244E-07
 1786   -6.061452E-07
 1787   -6.054672E-07
 1788   -6.047903E-07
 1789   -6.041146E-07
 1790   -6.034400E-07
 1791   -5.559564E-07
 1792   -5.553363E-07
 1793   -5.547172E-07
 1794   -5.540991E-07
 1795   -5.534821E-07
 1796   -5.528660E-07
 1797   -5.522511E-07
 1798   -5.516371E-07
 1799   -5.510242E-07
 1800   -5.504123E-07
 1801   -4.802456E-07
 1802   -4.797129E-07
 1803   -4.791810E-07
 1804   -4.786501E-07
 1805   -4.781200E-07
 1806   -4.775908E-07
 1807   -4.770625E-07
 1808   -4.765351E-07
 1809   -4.760085E-07
 1810   -4.754828E-07
 1811   -4.435080E-07
 1812   -4.430187E-07
 1813   -4.425303E-07
 1814   -4.420426E-07
 1815   -4.415558E-07
 1816   -4.410698E-07
 1817   -4.405845E-07
 1818   -4.401001E-07
 1819   -4.396165E-07
 1820   -4.391337E-07
 1821   -4.212271E-07
 1822   -4.207650E-07
 1823   -4.203036E-07
 1824   -4.198430E-07
 1825   -4.193832E-07
 1826   -4.189241E-07
 1827   -4.184657E-07
 1828   -4.180081E-07
 1829   -4.175513E-07
 1830   -4.170952E-07
 1831   -4.223719E-07
 1832   -4.219111E-07
 1833   -4.214510E-07
 1834   -4.209916E-07
 1835   -4.205330E-07
 1836   -4.200752E-07
 1837   -4.196181E-07
 1838   -4.191617E-07
 1839   -4.187061E-07
 1840   -4.182512E-07
 1841   -3.991718E-07
 1842   -3.987386E-07
 1843   -3.983061E-07
 1844   -3.978744E-07
 1845   -3.974433E-07
 1846   -3.970129E-07
 1847   -3.965833E-07
 1848   -3.961543E-07
 1849   -3.957260E-07
 1850   -3.952984E-07
 1851   -3.794184E-07
 1852   -3.790089E-07
 1853   -3.786000E-07
 1854   -3.781918E-07
 1855   -3.777843E-07
 1856   -3.773774E-07
 1857   -3.769712E-07
 1858   -3.765656E-07
 1859   -3.761607E-07
 1860   -3.757565E-07
 1861   -3.691392E-07
 1862   -3.687429E-07
 1863   -3.683472E-07
 1864   -3.679522E-07
 1865   -3.675578E-07
 1866   -3.671641E-07
 1867   -3.667710E-07
 1868   -3.663785E-07
 1869   -3.659867E-07
 1870   -3.655955E-07
 1871   -3.531182E-07
 1872   -3.527411E-07
 1873   -3.523646E-07
 1874   -3.519888E-07
 1875   -3.516135E-07
 1876   -3.512389E-07
 1877   -3.508648E-07
 1878   -3.504914E-07
 1879   -3.501185E-07
 1880   -3.497462E-07
 1881   -3.663738E-07
 1882   -3.659847E-07
 1883   -3.655961E-07
 1884   -3.652082E-07
 1885   -3.648210E-07
 1886   -3.644343E-07
 1887   -3.640482E-07
 1888   -3.636628E-07
 1889   -3.632780E-07
 1890   -3.628938E-07
 1891   -3.612036E-07
 1892   -3.608220E-07
 1893   -3.604409E-07
 1894   -3.600605E-07
 1895   -3.596807E-07
 1896   -3.593015E-07
 1897   -3.589229E-07
 1898   -3.585449E-07
 1899   -3.581675E-07
 1900   -3.577907E-07
 1901   -3.701348E-07
 1902   -3.697458E-07
 1903   -3.693574E-07
 1904   -3.689697E-07
 1905   -3.685825E-07
 1906   -3.681959E-07
 1907   -3.678100E-07
 1908   -3.674246E-07
 1909   -3.670399E-07
 1910   -3.666558E-07
 1911   -3.770840E-07
 1912   -3.766898E-07
 1913   -3.762962E-07
 1914   -3.759032E-07
 1915   -3.755108E-07
 1916   -3.751190E-07
 1917   -3.747279E-07
 1918   -3.743373E-07
 1919   -3.739474E-07
 1920   -3.735581E-07
 1921   -3.708043E-07
 1922   -3.704187E-07
 1923   -3.700336E-07
 1924   -3.696492E-07
 1925   -3.692653E-07
 1926   -3.688821E-07
 1927   -3.684994E-07
 1928   -3.681173E-07
 1929   -3.677359E-07
 1930   -3.673550E-07
 1931   -3.930057E-07
 1932   -3.925991E-07
 1933   -3.921931E-07
 1934   -3.917878E-07
 1935   -3.913830E-07
 1936   -3.909789E-07
 1937   -3.905754E-07
 1938   -3.901726E-07
 1939   -3.897703E-07
 1940   -3.893687E-07
 1941   -3.924916E-07
 1942   -3.920876E-07
 1943   -3.916842E-07
 1944   -3.912814E-07
 1945   -3.908793E-07
 1946   -3.904778E-07
 1947   -3.900769E-07
 1948   -3.896766E-07
 1949   -3.892769E-07
 1950   -3.888779E-07
 1951   -4.326548E-07
 1952   -4.322118E-07
 1953   -4.317694E-07
 1954   -4.313277E-07
 1955   -4.308866E-07
 1956   -4.304463E-07
 1957   -4.300066E-07
 1958   -4.295676E-07
 1959   -4.291293E-07
 1960   -4.286916E-07
 1961   -4.446826E-07
 1962   -4.442295E-07
 1963   -4.437771E-07
 1964   -4.433255E-07
 1965   -4.428745E-07
 1966   -4.424242E-07
 1967   -4.419745E-07
 1968   -4.415256E-07
 1969   -4.410774E-07
 1970   -4.406298E-07
 1971   -4.439847E-07
 1972   -4.435346E-07
 1973   -4.430853E-07
 1974   -4.426366E-07
 1975   -4.421886E-07
 1976   -4.417412E-07
 1977   -4.412946E-07
 1978   -4.408486E-07
 1979   -4.404033E-07
 1980   -4.399587E-07
 1981   -4.601312E-07
 1982   -4.596671E-07
 1983   -4.592037E-07
 1984   -4.587411E-07
 1985   -4.582791E-07
 1986   -4.578178E-07
 1987   -4.573572E-07
 1988   -4.568974E-07
 1989   -4.564382E-07
 1990   -4.559797E-07
 1991   -4.781445E-07
 1992   -4.776647E-07
 1993   -4.771856E-07
 1994   -4.767072E-07
 1995   -4.762295E-07
 1996   -4.757526E-07
 1997   -4.752763E-07
 1998   -4.748008E-07
 1999   -4.743260E-07
 2000   -4.738519E-07
 2001   -5.143087E-07
 2002   -5.137951E-07
 2003   -5.132824E-07
 2004   -5.127704E-07
 2005   -5.122591E-07
 2006   -5.117487E-07
 2007   -5.112390E-07
 2008   -5.107300E-07
 2009   -5.102218E-07
 2010   -5.097144E-07
 2011   -5.284453E-07
 2012   -5.279203E-07
 2013   -5.273961E-07
 2014   -5.268726E-07
 2015   -5.263499E-07
 2016   -5.258280E-07
 2017   -5.253068E-07
 2018   -5.247865E-07
 2019   -5.242669E-07
 2020   -5.237481E-07
 2021   -5.332367E-07
 2022   -5.327096E-07
 2023   -5.321832E-07
 2024   -5.316576E-07
 2025   -5.311327E-07
 2026   -5.306087E-07
 2027   -5.300854E-07
 2028   -5.295629E-07
 2029   -5.290411E-07
 2030   -5.285202E-07
 2031   -5.556345E-07
 2032   -5.550879E-07
 2033   -5.545421E-07
 2034   -5.539971E-07
 2035   -5.534529E-07
 2036   -5.529095E-07
 2037   -5.523669E-07
 2038   -5.518251E-07
 2039   -5.512841E-07
 2040   -5.507439E-07
 2041   -5.599050E-07
 2042   -5.593569E-07
 2043   -5.588095E-07
 2044   -5.582630E-07
 2045   -5.577173E-07
 2046   -5.571724E-07
 2047   -5.566283E-07
 2048   -5.560850E-07
 2049   -5.555425E-07
 2050   -5.550007E-07
 2051   -5.961264E-07
 2052   -5.955457E-07
 2053   -5.949658E-07
 2054   -5.943867E-07
 2055   -5.938085E-07
 2056   -5.932312E-07
 2057   -5.926547E-07
 2058   -5.920790E-07
 2059   -5.915042E-07
 2060   -5.909302E-07
 2061   -6.149225E-07
 2062   -6.143264E-07
 2063   -6.137311E-07
 2064   -6.131367E-07
 2065   -6.125432E-07
 2066   -6.119505E-07
 2067   -6.113586E-07
 2068   -6.107677E-07
 2069   -6.101776E-07
 2070   -6.095883E-07
 2071   -6.138842E-07
 2072   -6.132919E-07
 2073   -6.127005E-07
 2074   -6.121100E-07
 2075   -6.115203E-07
 2076   -6.109314E-07
 2077   -6.103434E-07
 2078   -6.097563E-07
 2079   -6.091700E-07
 2080   -6.085845E-07
 2081   -6.310353E-07
 2082   -6.304294E-07
 2083   -6.298244E-07
 2084   -6.292202E-07
 2085   -6.286170E-07
 2086   -6.280146E-07
 2087   -6.274130E-07
 2088   -6.268123E-07
 2089   -6.262125E-07
 2090   -6.256135E-07
 2091   -6.340322E-07
 2092   -6.334264E-07
 2093   -6.328214E-07
 2094   -6.322173E-07
 2095   -6.316140E-07
 2096   -6.310116E-07
 2097   -6.304101E-07
 2098   -6.298094E-07
 2099   -6.292096E-07
 2100   -6.286106E-07
 2101   -6.642005E-07
 2102   -6.635689E-07
 2103   -6.629381E-07
 2104   -6.623082E-07
 2105   -6.616792E-07
 2106   -6.610512E-07
 2107   -6.604240E-07
 2108   -6.597977E-07
 2109   -6.591723E-07
 2110   -6.585478E-07
 2111   -6.659335E-07
 2112   -6.653032E-07
 2113   -6.646738E-07
 2114   -6.640452E-07
 2115   -6.634176E-07
 2116   -6.627908E-07
 2117   -6.621650E-07
 2118   -6.615400E-07
 2119   -6.609159E-07
 2120   -6.602927E-07
 2121   -6.789412E-07
 2122   -6.783016E-07
 2123   -6.776629E-07
 2124   -6.770251E-07
 2125   -6.763882E-07
 2126   -6.757522E-07
 2127   -6.751171E-07
 2128   -6.744829E-07
 2129   -6.738495E-07
 2130   -6.732171E-07
 2131   -6.795639E-07
 2132   -6.789267E-07
 2133   -6.782904E-07
 2134   -6.776550E-07
 2135   -6.770205E-07
 2136   -6.763869E-07
 2137   -6.757542E-07
 2138   -6.751223E-07
 2139   -6.744914E-07
 2140   -6.738613E-07
 2141   -6.836181E-07
 2142   -6.829801E-07
 2143   -6.823430E-07
 2144   -6.817068E-07
 2145   -6.810715E-07
 2146   -6.804370E-07
 2147   -6.798035E-07
 2148   -6.791708E-07
 2149   -6.785390E-07
 2150   -6.779081E-07
 2151   -6.774029E-07
 2152   -6.767737E-07
 2153   -6.761453E-07
 2154   -6.755178E-07
 2155   -6.748911E-07
 2156   -6.742653E-07
 2157   -6.736404E-07
 2158   -6.730164E-07
 2159   -6.723933E-07
 2160   -6.717710E-07
 2161   -6.983492E-07
 2162   -6.977034E-07
 2163   -6.970586E-07
 2164   -6.964147E-07
 2165   -6.957716E-07
 2166   -6.951295E-07
 2167   -6.944882E-07
 2168   -6.938479E-07
 2169   -6.932084E-07
 2170   -6.925698E-07
 2171   -6.910469E-07
 2172   -6.904109E-07
 2173   -6.897757E-07
 2174   -6.891414E-07
 2175   -6.885080E-07
 2176   -6.878755E-07
 2177   -6.872438E-07
 2178   -6.866131E-07
 2179   -6.859831E-07
 2180   -6.853541E-07
 2181   -6.857877E-07
 2182   -6.851594E-07
 2183   -6.845319E-07
 2184   -6.839054E-07
 2185   -6.832797E-07
 2186   -6.826548E-07
 2187   -6.820308E-07
 2188   -6.814077E-07
 2189   -6.807854E-07
 2190   -6.801639E-07
 2191   -6.911748E-07
 2192   -6.905445E-07
 2193   -6.899150E-07
 2194   -6.892864E-07
 2195   -6.886586E-07
 2196   -6.880317E-07
 2197   -6.874057E-07
 2198   -6.867805E-07
 2199   -6.861561E-07
 2200   -6.855326E-07
 2201   -6.985557E-07
 2202   -6.979215E-07
 2203   -6.972882E-07
 2204   -6.966557E-07
 2205   -6.960241E-07
 2206   -6.953934E-07
 2207   -6.947635E-07
 2208   -6.941344E-07
 2209   -6.935063E-07
 2210   -6.928789E-07
 2211   -6.927119E-07
 2212   -6.920858E-07
 2213   -6.914607E-07
 2214   -6.908363E-07
 2215   -6.902128E-07
 2216   -6.895902E-07
 2217   -6.889683E-07
 2218   -6.883474E-07
 2219   -6.877272E-07
 2220   -6.871079E-07
 2221   -6.986955E-07
 2222   -6.980669E-07
 2223   -6.974391E-07
 2224   -6.968122E-07
 2225   -6.961861E-07
 2226   -6.955609E-07
 2227   -6.949365E-07
 2228   -6.943130E-07
 2229   -6.936903E-07
 2230   -6.930684E-07
 2231   -6.835883E-07
 2232   -6.829760E-07
 2233   -6.823646E-07
 2234   -6.817540E-07
 2235   -6.811442E-07
 2236   -6.805352E-07
 2237   -6.799270E-07
 2238   -6.793197E-07
 2239   -6.787131E-07
 2240   -6.781074E-07
 2241   -6.987389E-07
 2242   -6.981159E-07
 2243   -6.974937E-07
 2244   -6.968723E-07
 2245   -6.962518E-07
 2246   -6.956321E-07
 2247   -6.950132E-07
 2248   -6.943951E-07
 2249   -6.937779E-07
 2250   -6.931614E-07
 2251   -6.664949E-07
 2252   -6.659032E-07
 2253   -6.653124E-07
 2254   -6.647223E-07
 2255   -6.641330E-07
 2256   -6.635445E-07
 2257   -6.629567E-07
 2258   -6.623698E-07
 2259   -6.617836E-07
 2260   -6.611982E-07
 2261   -6.611426E-07
 2262   -6.605583E-07
 2263   -6.599748E-07
 2264   -6.593920E-07
 2265   -6.588100E-07
 2266   -6.582288E-07
 2267   -6.576484E-07
 2268   -6.570687E-07
 2269   -6.564898E-07
 2270   -6.559116E-07
 2271   -6.621482E-07
 2272   -6.615656E-07
 2273   -6.609838E-07
 2274   -6.604027E-07
 2275   -6.598224E-07
 2276   -6.592428E-07
 2277   -6.586640E-07
 2278   -6.580860E-07
 2279   -6.575087E-07
 2280   -6.569322E-07
 2281   -6.535329E-07
 2282   -6.529603E-07
 2283   -6.523886E-07
 2284   -6.518176E-07
 2285   -6.512473E-07
 2286   -6.506778E-07
 2287   -6.501090E-07
 2288   -6.495410E-07
 2289   -6.489737E-07
 2290   -6.484071E-07
 2291   -6.535338E-07
 2292   -6.529638E-07
 2293   -6.523945E-07
 2294   -6.518259E-07
 2295   -6.512582E-07
 2296   -6.506911E-07
 2297   -6.501248E-07
 2298   -6.495592E-07
 2299   -6.489944E-07
 2300   -6.484303E-07
 2301   -6.115592E-07
 2302   -6.110281E-07
 2303   -6.104977E-07
 2304   -6.099679E-07
 2305   -6.094389E-07
 2306   -6.089106E-07
 2307   -6.083829E-07
 2308   -6.078560E-07
 2309   -6.073297E-07
 2310   -6.068041E-07
 2311   -6.073161E-07
 2312   -6.067910E-07
 2313   -6.062665E-07
 2314   -6.057428E-07
 2315   -6.052197E-07
 2316   -6.046973E-07
 2317   -6.041755E-07
 2318   -6.036545E-07
 2319   -6.031341E-07
 2320   -6.026143E-07
 2321   -5.895848E-07
 2322   -5.890772E-07
 2323   -5.885703E-07
 2324   -5.880640E-07
 2325   -5.875583E-07
 2326   -5.870534E-07
 2327   -5.865490E-07
 2328   -5.860453E-07
 2329   -5.855423E-07
 2330   -5.850399E-07
 2331   -5.842084E-07
 2332   -5.837076E-07
 2333   -5.832074E-07
 2334   -5.827079E-07
 2335   -5.822090E-07
 2336   -5.817107E-07
 2337   -5.812131E-07
 2338   -5.807162E-07
 2339   -5.802198E-07
 2340   -5.797241E-07
 2341   -5.892506E-07
 2342   -5.887476E-07
 2343   -5.882453E-07
 2344   -5.877436E-07
 2345   -5.872425E-07
 2346   -5.867421E-07
 2347   -5.862423E-07
 2348   -5.857432E-07
 2349   -5.852447E-07
 2350   -5.847468E-07
 2351   -5.386076E-07
 2352   -5.381498E-07
 2353   -5.376926E-07
 2354   -5.372359E-07
 2355   -5.367799E-07
 2356   -5.363244E-07
 2357   -5.358695E-07
 2358   -5.354152E-07
 2359   -5.349615E-07
 2360   -5.345083E-07
 2361   -5.339148E-07
 2362   -5.334629E-07
 2363   -5.330116E-07
 2364   -5.325608E-07
 2365   -5.321106E-07
 2366   -5.316610E-07
 2367   -5.312120E-07
 2368   -5.307635E-07
 2369   -5.303156E-07
 2370   -5.298683E-07
 2371   -5.268012E-07
 2372   -5.263572E-07
 2373   -5.259138E-07
 2374   -5.254709E-07
 2375   -5.250286E-07
 2376   -5.245868E-07
 2377   -5.241456E-07
 2378   -5.237050E-07
 2379   -5.232649E-07
 2380   -5.228254E-07
 2381   -5.142787E-07
 2382   -5.138471E-07
 2383   -5.134160E-07
 2384   -5.129854E-07
 2385   -5.125554E-07
 2386   -5.121260E-07
 2387   -5.116971E-07
 2388   -5.112687E-07
 2389   -5.108409E-07
 2390   -5.104136E-07
 2391   -5.111035E-07
 2392   -5.106763E-07
 2393   -5.102497E-07
 2394   -5.098236E-07
 2395   -5.093981E-07
 2396   -5.089730E-07
 2397   -5.085485E-07
 2398   -5.081246E-07
 2399   -5.077011E-07
 2400   -5.072782E-07
 2401   -4.681673E-07
 2402   -4.677776E-07
 2403   -4.673885E-07
 2404   -4.669998E-07
 2405   -4.666116E-07
 2406   -4.662239E-07
 2407   -4.658367E-07
 2408   -4.654499E-07
 2409   -4.650636E-07
 2410   -4.646779E-07
 2411   -4.615954E-07
 2412   -4.612128E-07
 2413   -4.608306E-07
 2414   -4.604490E-07
 2415   -4.600678E-07
 2416   -4.596871E-07
 2417   -4.593069E-07
 2418   -4.589272E-07
 2419   -4.585479E-07
 2420   -4.581691E-07
 2421   -4.487613E-07
 2422   -4.483908E-07
 2423   -4.480209E-07
 2424   -4.476514E-07
 2425   -4.472823E-07
 2426   -4.469138E-07
 2427   -4.465456E-07
 2428   -4.461779E-07
 2429   -4.458107E-07
 2430   -4.454439E-07
 2431   -4.437037E-07
 2432   -4.433390E-07
 2433   -4.429747E-07
 2434   -4.426109E-07
 2435   -4.422475E-07
 2436   -4.418845E-07
 2437   -4.415220E-07
 2438   -4.411600E-07
 2439   -4.407984E-07
 2440   -4.404372E-07
 2441   -4.346077E-07
 2442   -4.342519E-07
 2443   -4.338966E-07
 2444   -4.335416E-07
 2445   -4.331871E-07
 2446   -4.328331E-07
 2447   -4.324795E-07
 2448   -4.321263E-07
 2449   -4.317735E-07
 2450   -4.314212E-07
 2451   -3.903414E-07
 2452   -3.900232E-07
 2453   -3.897053E-07
 2454   -3.893878E-07
 2455   -3.890707E-07
 2456   -3.887540E-07
 2457   -3.884377E-07
 2458   -3.881218E-07
 2459   -3.878062E-07
 2460   -3.874911E-07
 2461   -3.869818E-07
 2462   -3.866675E-07
 2463   -3.863537E-07
 2464   -3.860402E-07
 2465   -3.857271E-07
 2466   -3.854144E-07
 2467   -3.851021E-07
 2468   -3.847901E-07
 2469   -3.844786E-07
 2470   -3.841674E-07
 2471   -3.734966E-07
 2472   -3.731945E-07
 2473   -3.728928E-07
 2474   -3.725915E-07
 2475   -3.722905E-07
 2476   -3.719899E-07
 2477   -3.716897E-07
 2478   -3.713898E-07
 2479   -3.710903E-07
 2480   -3.707912E-07
 2481   -3.680056E-07
 2482   -3.677092E-07
 2483   -3.674131E-07
 2484   -3.671174E-07
 2485   -3.668221E-07
 2486   -3.665271E-07
 2487   -3.662325E-07
 2488   -3.659382E-07
 2489   -3.656443E-07
 2490   -3.653507E-07
 2491   -3.567988E-07
 2492   -3.565125E-07
 2493   -3.562266E-07
 2494   -3.559411E-07
 2495   -3.556559E-07
 2496   -3.553710E-07
 2497   -3.550865E-07
 2498   -3.548023E-07
 2499   -3.545185E-07
 2500   -3.542350E-07
 2501   -3.282344E-07
 2502   -3.279721E-07
 2503   -3.277101E-07
 2504   -3.274485E-07
 2505   -3.271871E-07
 2506   -3.269261E-07
 2507   -3.266654E-07
 2508   -3.264050E-07
 2509   -3.261449E-07
 2510   -3.258852E-07
 2511   -3.257602E-07
 2512   -3.255009E-07
 2513   -3.252420E-07
 2514   -3.249833E-07
 2515   -3.247250E-07
 2516   -3.244670E-07
 2517   -3.242093E-07
 2518   -3.239519E-07
 2519   -3.236947E-07
 2520   -3.234379E-07
 2521   -3.022721E-07
 2522   -3.020325E-07
 2523   -3.017932E-07
 2524   -3.015541E-07
 2525   -3.013154E-07
 2526   -3.010769E-07
 2527   -3.008387E-07
 2528   -3.006008E-07
 2529   -3.003632E-07
 2530   -3.001258E-07
 2531   -3.047311E-07
 2532   -3.044905E-07
 2533   -3.042502E-07
 2534   -3.040101E-07
 2535   -3.037704E-07
 2536   -3.035309E-07
 2537   -3.032917E-07
 2538   -3.030528E-07
 2539   -3.028142E-07
 2540   -3.025759E-07
 2541   -2.903496E-07
 2542   -2.901213E-07
 2543   -2.898932E-07
 2544   -2.896654E-07
 2545   -2.894378E-07
 2546   -2.892106E-07
 2547   -2.889835E-07
 2548   -2.887568E-07
 2549   -2.885303E-07
 2550   -2.883041E-07
 2551   -2.614161E-07
 2552   -2.612113E-07
 2553   -2.610068E-07
 2554   -2.608025E-07
 2555   -2.605984E-07
 2556   -2.603946E-07
 2557   -2.601910E-07
 2558   -2.599876E-07
 2559   -2.597845E-07
 2560   -2.595816E-07
 2561   -2.489822E-07
 2562   -2.487880E-07
 2563   -2.485939E-07
 2564   -2.484001E-07
 2565   -2.482064E-07
 2566   -2.480131E-07
 2567   -2.478199E-07
 2568   -2.476270E-07
 2569   -2.474343E-07
 2570   -2.472418E-07
 2571   -2.392855E-07
 2572   -2.390995E-07
 2573   -2.389137E-07
 2574   -2.387281E-07
 2575   -2.385428E-07
 2576   -2.383577E-07
 2577   -2.381727E-07
 2578   -2.379880E-07
 2579   -2.378036E-07
 2580   -2.376193E-07
 2581   -2.408774E-07
 2582   -2.406909E-07
 2583   -2.405046E-07
 2584   -2.403185E-07
 2585   -2.401326E-07
 2586   -2.399470E-07
 2587   -2.397616E-07
 2588   -2.395763E-07
 2589   -2.393913E-07
 2590   -2.392066E-07
 2591   -2.240391E-07
 2592   -2.238663E-07
 2593   -2.236937E-07
 2594   -2.235213E-07
 2595   -2.233491E-07
 2596   -2.231771E-07
 2597   -2.230053E-07
 2598   -2.228337E-07
 2599   -2.226623E-07
 2600   -2.224911E-07
 2601   -2.035534E-07
 2602   -2.033970E-07
 2603   -2.032408E-07
 2604   -2.030848E-07
 2605   -2.029289E-07
 2606   -2.027732E-07
 2607   -2.026177E-07
 2608   -2.024624E-07
 2609   -2.023073E-07
 2610   -2.021523E-07
 2611   -1.901438E-07
 2612   -1.899983E-07
 2613   -1.898529E-07
 2614   -1.897077E-07
 2615   -1.895627E-07
 2616   -1.894178E-07
 2617   -1.892731E-07
 2618   -1.891286E-07
 2619   -1.889842E-07
 2620   -1.888400E-07
 2621   -1.858052E-07
 2622   -1.856635E-07
 2623   -1.855220E-07
 2624   -1.853807E-07
 2625   -1.852395E-07
 2626   -1.850985E-07
 2627   -1.849576E-07
 2628   -1.848169E-07
 2629   -1.846763E-07
 2630   -1.845360E-07
 2631   -1.836835E-07
 2632   -1.835440E-07
 2633   -1.834046E-07
 2634   -1.832654E-07
 2635   -1.831264E-07
 2636   -1.829875E-07
 2637   -1.828488E-07
 2638   -1.827102E-07
 2639   -1.825718E-07
 2640   -1.824335E-07
 2641   -1.694017E-07
 2642   -1.692735E-07
 2643   -1.691454E-07
 2644   -1.690175E-07
 2645   -1.688898E-07
 2646   -1.687622E-07
 2647   -1.686347E-07
 2648   -1.685074E-07
 2649   -1.683802E-07
 2650   -1.682532E-07
 2651   -1.535737E-07
 2652   -1.534579E-07
 2653   -1.533423E-07
 2654   -1.532268E-07
 2655   -1.531114E-07
 2656   -1.529961E-07
 2657   -1.528810E-07
 2658   -1.527660E-07
 2659   -1.526512E-07
 2660   -1.525364E-07
 2661   -1.419843E-07
 2662   -1.418777E-07
 2663   -1.417711E-07
 2664   -1.416647E-07
 2665   -1.415585E-07
 2666   -1.414523E-07
 2667   -1.413463E-07
 2668   -1.412404E-07
 2669   -1.411346E-07
 2670   -1.410289E-07
 2671   -1.385481E-07
 2672   -1.384444E-07
 2673   -1.383409E-07
 2674   -1.382375E-07
 2675   -1.381341E-07
 2676   -1.380309E-07
 2677   -1.379279E-07
 2678   -1.378249E-07
 2679   -1.377220E-07
 2680   -1.376193E-07
 2681   -1.359371E-07
 2682   -1.358358E-07
 2683   -1.357345E-07
 2684   -1.356334E-07
 2685   -1.355324E-07
 2686   -1.354316E-07
 2687   -1.353308E-07
 2688   -1.352301E-07
 2689   -1.351296E-07
 2690   -1.350292E-07
 2691   -1.270902E-07
 2692   -1.269958E-07
 2693   -1.269015E-07
 2694   -1.268073E-07
 2695   -1.267133E-07
 2696   -1.266193E-07
 2697   -1.265254E-07
 2698   -1.264317E-07
 2699   -1.263380E-07
 2700   -1.262445E-07
 2701   -1.139992E-07
 2702   -1.139148E-07
 2703   -1.138306E-07
 2704   -1.137464E-07
 2705   -1.136624E-07
 2706   -1.135784E-07
 2707   -1.134945E-07
 2708   -1.134107E-07
 2709   -1.133270E-07
 2710   -1.132434E-07
 2711   -1.063976E-07
 2712   -1.063192E-07
 2713   -1.062409E-07
 2714   -1.061626E-07
 2715   -1.060844E-07
 2716   -1.060063E-07
 2717   -1.059283E-07
 2718   -1.058504E-07
 2719   -1.057726E-07
 2720   -1.056948E-07
 2721   -1.038363E-07
 2722   -1.037600E-07
 2723   -1.036838E-07
 2724   -1.036077E-07
 2725   -1.035317E-07
 2726   -1.034558E-07
 2727   -1.033799E-07
 2728   -1.033042E-07
 2729   -1.032285E-07
 2730   -1.031529E-07
 2731   -9.993373E-08
 2732   -9.986059E-08
 2733   -9.978754E-08
 2734   -9.971457E-08
 2735   -9.964168E-08
 2736   -9.956887E-08
 2737   -9.949614E-08
 2738   -9.942349E-08
 2739   -9.935092E-08
 2740   -9.927842E-08
 2741   -9.279049E-08
 2742   -9.272283E-08
 2743   -9.265525E-08
 2744   -9.258774E-08
 2745   -9.252031E-08
 2746   -9.245295E-08
 2747   -9.238566E-08
 2748   -9.231845E-08
 2749   -9.225131E-08
 2750   -9.218424E-08
 2751   -8.333614E-08
 2752   -8.327560E-08
 2753   -8.321513E-08
 2754   -8.315472E-08
 2755   -8.309437E-08
 2756   -8.303409E-08
 2757   -8.297388E-08
 2758   -8.291373E-08
 2759   -8.285365E-08
 2760   -8.279363E-08
 2761   -7.477952E-08
 2762   -7.472539E-08
 2763   -7.467132E-08
 2764   -7.461731E-08
 2765   -7.456335E-08
 2766   -7.450946E-08
 2767   -7.445562E-08
 2768   -7.440184E-08
 2769   -7.434812E-08
 2770   -7.429446E-08
 2771   -7.439106E-08
 2772   -7.433740E-08
 2773   -7.428381E-08
 2774   -7.423027E-08
 2775   -7.417679E-08
 2776   -7.412337E-08
 2777   -7.407000E-08
 2778   -7.401669E-08
 2779   -7.396345E-08
 2780   -7.391025E-08
 2781   -7.035530E-08
 2782   -7.030474E-08
 2783   -7.025423E-08
 2784   -7.020378E-08
 2785   -7.015338E-08
 2786   -7.010304E-08
 2787   -7.005275E-08
 2788   -7.000251E-08
 2789   -6.995233E-08
 2790   -6.990220E-08
 2791   -6.618252E-08
 2792   -6.613513E-08
 2793   -6.608779E-08
 2794   -6.604050E-08
 2795   -6.599326E-08
 2796   -6.594607E-08
 2797   -6.589894E-08
 2798   -6.585185E-08
 2799   -6.580481E-08
 2800   -6.575782E-08
 2801   -5.956479E-08
 2802   -5.952229E-08
 2803   -5.947983E-08
 2804   -5.943742E-08
 2805   -5.939506E-08
 2806   -5.935274E-08
 2807   -5.931047E-08
 2808   -5.926824E-08
 2809   -5.922605E-08
 2810   -5.918391E-08
 2811   -5.355867E-08
 2812   -5.352060E-08
 2813   -5.348256E-08
 2814   -5.344456E-08
 2815   -5.340660E-08
 2816   -5.336868E-08
 2817   -5.333081E-08
 2818   -5.329297E-08
 2819   -5.325517E-08
 2820   -5.321742E-08
 2821   -5.363910E-08
 2822   -5.360109E-08
 2823   -5.356313E-08
 2824   -5.352521E-08
 2825   -5.348733E-08
 2826   -5.344949E-08
 2827   -5.341169E-08
 2828   -5.337393E-08
 2829   -5.333621E-08
 2830   -5.329853E-08
 2831   -5.026419E-08
 2832   -5.022871E-08
 2833   -5.019326E-08
 2834   -5.015785E-08
 2835   -5.012248E-08
 2836   -5.008715E-08
 2837   -5.005185E-08
 2838   -5.001659E-08
 2839   -4.998136E-08
 2840   -4.994618E-08
 2841   -4.738487E-08
 2842   -4.735154E-08
 2843   -4.731824E-08
 2844   -4.728497E-08
 2845   -4.725174E-08
 2846   -4.721855E-08
 2847   -4.718539E-08
 2848   -4.715227E-08
 2849   -4.711918E-08
 2850   -4.708612E-08
 2851   -4.199954E-08
 2852   -4.197010E-08
 2853   -4.194069E-08
 2854   -4.191131E-08
 2855   -4.188196E-08
 2856   -4.185264E-08
 2857   -4.182335E-08
 2858   -4.179409E-08
 2859   -4.176487E-08
 2860   -4.173567E-08
 2861   -3.736366E-08
 2862   -3.733756E-08
 2863   -3.731148E-08
 2864   -3.728544E-08
 2865   -3.725942E-08
 2866   -3.723342E-08
 2867   -3.720746E-08
 2868   -3.718152E-08
 2869   -3.715561E-08
 2870   -3.712973E-08
 2871   -3.747287E-08
 2872   -3.744678E-08
 2873   -3.742072E-08
 2874   -3.739469E-08
 2875   -3.736868E-08
 2876   -3.734271E-08
 2877   -3.731676E-08
 2878   -3.729083E-08
 2879   -3.726494E-08
 2880   -3.723907E-08
 2881   -3.536317E-08
 2882   -3.533863E-08
 2883   -3.531413E-08
 2884   -3.528965E-08
 2885   -3.526519E-08
 2886   -3.524076E-08
 2887   -3.521636E-08
 2888   -3.519198E-08
 2889   -3.516762E-08
 2890   -3.514329E-08
 2891   -3.324367E-08
 2892   -3.322069E-08
 2893   -3.319773E-08
 2894   -3.317479E-08
 2895   -3.315188E-08
 2896   -3.312899E-08
 2897   -3.310613E-08
 2898   -3.308329E-08
 2899   -3.306048E-08
 2900   -3.303768E-08
 2901   -2.914129E-08
 2902   -2.912122E-08
 2903   -2.910116E-08
 2904   -2.908112E-08
 2905   -2.906111E-08
 2906   -2.904112E-08
 2907   -2.902114E-08
 2908   -2.900119E-08
 2909   -2.898126E-08
 2910   -2.896135E-08
 2911   -2.607914E-08
 2912   -2.606124E-08
 2913   -2.604335E-08
 2914   -2.602548E-08
 2915   -2.600763E-08
 2916   -2.598980E-08
 2917   -2.597199E-08
 2918   -2.595419E-08
 2919   -2.593641E-08
 2920   -2.591865E-08
 2921   -2.622393E-08
 2922   -2.620599E-08
 2923   -2.618806E-08
 2924   -2.617016E-08
 2925   -2.615227E-08
 2926   -2.613440E-08
 2927   -2.611655E-08
 2928   -2.609871E-08
 2929   -2.608090E-08
 2930   -2.606310E-08
 2931   -2.444471E-08
 2932   -2.442804E-08
 2933   -2.441139E-08
 2934   -2.439476E-08
 2935   -2.437814E-08
 2936   -2.436154E-08
 2937   -2.434496E-08
 2938   -2.432839E-08
 2939   -2.431184E-08
 2940   -2.429531E-08
 2941   -2.327938E-08
 2942   -2.326356E-08
 2943   -2.324775E-08
 2944   -2.323196E-08
 2945   -2.321619E-08
 2946   -2.320044E-08
 2947   -2.318470E-08
 2948   -2.316897E-08
 2949   -2.315326E-08
 2950   -2.313757E-08
 2951   -2.018742E-08
 2952   -2.017375E-08
 2953   -2.016009E-08
 2954   -2.014645E-08
 2955   -2.013281E-08
 2956   -2.011920E-08
 2957   -2.010559E-08
 2958   -2.009201E-08
 2959   -2.007843E-08
 2960   -2.006487E-08
 2961   -1.837832E-08
 2962   -1.836592E-08
 2963   -1.835353E-08
 2964   -1.834115E-08
 2965   -1.832878E-08
 2966   -1.831642E-08
 2967   -1.830408E-08
 2968   -1.829175E-08
 2969   -1.827943E-08
 2970   -1.826713E-08
 2971   -1.814210E-08
 2972   -1.812990E-08
 2973   -1.811770E-08
 2974   -1.810552E-08
 2975   -1.809336E-08
 2976   -1.808120E-08
 2977   -1.806906E-08
 2978   -1.805693E-08
 2979   -1.804481E-08
 2980   -1.803270E-08
 2981   -1.719517E-08
 2982   -1.718364E-08
 2983   -1.717212E-08
 2984   -1.716061E-08
 2985   -1.714912E-08
 2986   -1.713764E-08
 2987   -1.712617E-08
 2988   -1.711471E-08
 2989   -1.710326E-08
 2990   -1.709182E-08
 2991   -1.649899E-08
 2992   -1.648796E-08
 2993   -1.647695E-08
 2994   -1.646595E-08
 2995   -1.645496E-08
 2996   -1.644397E-08
 2997   -1.643300E-08
 2998   -1.642205E-08
 2999   -1.641110E-08
 3000   -1.640016E-08
 3001   -1.464708E-08
 3002   -1.463732E-08
 3003   -1.462758E-08
 3004   -1.461784E-08
 3005   -1.460812E-08
 3006   -1.459840E-08
 3007   -1.458869E-08
 3008   -1.457900E-08
 3009   -1.456931E-08
 3010   -1.455963E-08
 3011   -1.347694E-08
 3012   -1.346799E-08
 3013   -1.345905E-08
 3014   -1.345013E-08
 3015   -1.344121E-08
 3016   -1.343230E-08
 3017   -1.342339E-08
 3018   -1.341450E-08
 3019   -1.340562E-08
 3020   -1.339674E-08
 3021   -1.345068E-08
 3022   -1.344178E-08
 3023   -1.343289E-08
 3024   -1.342401E-08
 3025   -1.341514E-08
 3026   -1.340627E-08
 3027   -1.339742E-08
 3028   -1.338857E-08
 3029   -1.337974E-08
 3030   -1.337091E-08
 3031   -1.278399E-08
 3032   -1.277556E-08
 3033   -1.276714E-08
 3034   -1.275873E-08
 3035   -1.275032E-08
 3036   -1.274193E-08
 3037   -1.273354E-08
 3038   -1.272516E-08
 3039   -1.271679E-08
 3040   -1.270842E-08
 3041   -1.259509E-08
 3042   -1.258682E-08
 3043   -1.257855E-08
 3044   -1.257028E-08
 3045   -1.256203E-08
 3046   -1.255379E-08
 3047   -1.254555E-08
 3048   -1.253732E-08
 3049   -1.252910E-08
 3050   -1.252088E-08
 3051   -1.188201E-08
 3052   -1.187422E-08
 3053   -1.186645E-08
 3054   -1.185868E-08
 3055   -1.185092E-08
 3056   -1.184316E-08
 3057   -1.183542E-08
 3058   -1.182768E-08
 3059   -1.181995E-08
 3060   -1.181223E-08
 3061   -1.134510E-08
 3062   -1.133769E-08
 3063   -1.133029E-08
 3064   -1.132290E-08
 3065   -1.131551E-08
 3066   -1.130813E-08
 3067   -1.130076E-08
 3068   -1.129340E-08
 3069   -1.128604E-08
 3070   -1.127869E-08
 3071   -1.114204E-08
 3072   -1.113479E-08
 3073   -1.112755E-08
 3074   -1.112031E-08
 3075   -1.111308E-08
 3076   -1.110585E-08
 3077   -1.109864E-08
 3078   -1.109143E-08
 3079   -1.108423E-08
 3080   -1.107703E-08
 3081   -1.006129E-08
 3082   -1.005477E-08
 3083   -1.004825E-08
 3084   -1.004173E-08
 3085   -1.003522E-08
 3086   -1.002872E-08
 3087   -1.002223E-08
 3088   -1.001574E-08
 3089   -1.000925E-08
 3090   -1.000278E-08
 3091   -8.002504E-09
 3092   -7.997329E-09
 3093   -7.992160E-09
 3094   -7.986995E-09
 3095   -7.981836E-09
 3096   -7.976681E-09
 3097   -7.971531E-09
 3098   -7.966387E-09
 3099   -7.961247E-09
 3100   -7.956113E-09
 3101   -3.927838E-09
 3102   -3.925307E-09
 3103   -3.922778E-09
 3104   -3.920251E-09
 3105   -3.917727E-09
 3106   -3.915205E-09
 3107   -3.912685E-09
 3108   -3.910168E-09
 3109   -3.907654E-09
 3110   -3.905142E-09
 3111   -1.642956E-09
 3112   -1.641900E-09
 3113   -1.640846E-09
 3114   -1.639792E-09
 3115   -1.638740E-09
 3116   -1.637688E-09
 3117   -1.636638E-09
 3118   -1.635588E-09
 3119   -1.634540E-09
 3120   -1.633492E-09
 3121   -8.869164E-10
 3122   -8.863484E-10
 3123   -8.857809E-10
 3124   -8.852140E-10
 3125   -8.846477E-10
 3126   -8.840819E-10
 3127   -8.835166E-10
 3128   -8.829519E-10
 3129   -8.823877E-10
 3130   -8.818240E-10
 3131   -6.887021E-10
 3132   -6.882625E-10
 3133   -6.878232E-10
 3134   -6.873844E-10
 3135   -6.869461E-10
 3136   -6.865081E-10
 3137   -6.860706E-10
 3138   -6.856334E-10
 3139   -6.851967E-10
 3140   -6.847604E-10
 3141   -5.525831E-10
 3142   -5.522315E-10
 3143   -5.518802E-10
 3144   -5.515292E-10
 3145   -5.511786E-10
 3146   -5.508283E-10
 3147   -5.504784E-10
 3148   -5.501287E-10
 3149   -5.497794E-10
 3150   -5.494305E-10
 3151   -4.370948E-10
 3152   -4.368175E-10
 3153   -4.365405E-10
 3154   -4.362638E-10
 3155   -4.359873E-10
 3156   -4.357111E-10
 3157   -4.354352E-10
 3158   -4.351595E-10
 3159   -4.348841E-10
 3160   -4.346089E-10
 3161   -3.689344E-10
 3162   -3.687011E-10
 3163   -3.684680E-10
 3164   -3.682352E-10
 3165   -3.680026E-10
 3166   -3.677702E-10
 3167   -3.675380E-10
 3168   -3.673060E-10
 3169   -3.670743E-10
 3170   -3.668428E-10
 3171   -3.239857E-10
 3172   -3.237815E-10
 3173   -3.235775E-10
 3174   -3.233736E-10
 3175   -3.231700E-10
 3176   -3.229666E-10
 3177   -3.227633E-10
 3178   -3.225603E-10
 3179   -3.223574E-10
 3180   -3.221547E-10
 3181   -2.769320E-10
 3182   -2.767580E-10
 3183   -2.765842E-10
 3184   -2.764105E-10
 3185   -2.762370E-10
 3186   -2.760636E-10
 3187   -2.758904E-10
 3188   -2.757174E-10
 3189   -2.755445E-10
 3190   -2.753718E-10
 3191   -2.448247E-10
 3192   -2.446713E-10
 3193   -2.445181E-10
 3194   -2.443650E-10
 3195   -2.442121E-10
 3196   -2.440593E-10
 3197   -2.439067E-10
 3198   -2.437542E-10
 3199   -2.436019E-10
 3200   -2.434497E-10
 3201   -2.170066E-10
 3202   -2.168711E-10
 3203   -2.167358E-10
 3204   -2.166005E-10
 3205   -2.164654E-10
 3206   -2.163304E-10
 3207   -2.161955E-10
 3208   -2.160608E-10
 3209   -2.159262E-10
 3210   -2.157917E-10
 3211   -1.963917E-10
 3212   -1.962694E-10
 3213   -1.961473E-10
 3214   -1.960253E-10
 3215   -1.959034E-10
 3216   -1.957816E-10
 3217   -1.956599E-10
 3218   -1.955383E-10
 3219   -1.954169E-10
 3220   -1.952955E-10
 3221   -1.769953E-10
 3222   -1.768855E-10
 3223   -1.767757E-10
 3224   -1.766661E-10
 3225   -1.765566E-10
 3226   -1.764472E-10
 3227   -1.763378E-10
 3228   -1.762286E-10
 3229   -1.761195E-10
 3230   -1.760105E-10
 3231   -1.596398E-10
 3232   -1.595411E-10
 3233   -1.594424E-10
 3234   -1.593438E-10
 3235   -1.592454E-10
 3236   -1.591470E-10
 3237   -1.590487E-10
 3238   -1.589505E-10
 3239   -1.588523E-10
 3240   -1.587543E-10
 3241   -1.436875E-10
 3242   -1.435989E-10
 3243   -1.435104E-10
 3244   -1.434219E-10
 3245   -1.433335E-10
 3246   -1.432452E-10
 3247   -1.431570E-10
 3248   -1.430689E-10
 3249   -1.429809E-10
 3250   -1.428929E-10
 3251   -1.287918E-10
 3252   -1.287126E-10
 3253   -1.286335E-10
 3254   -1.285545E-10
 3255   -1.284755E-10
 3256   -1.283966E-10
 3257   -1.283178E-10
 3258   -1.282391E-10
 3259   -1.281604E-10
 3260   -1.280818E-10
 3261   -1.188787E-10
 3262   -1.188058E-10
 3263   -1.187330E-10
 3264   -1.186603E-10
 3265   -1.185876E-10
 3266   -1.185150E-10
 3267   -1.184425E-10
 3268   -1.183700E-10
 3269   -1.182976E-10
 3270   -1.182253E-10
 3271   -1.061756E-10
 3272   -1.061107E-10
 3273   -1.060459E-10
 3274   -1.059811E-10
 3275   -1.059164E-10
 3276   -1.058518E-10
 3277   -1.057872E-10
 3278   -1.057227E-10
 3279   -1.056582E-10
 3280   -1.055938E-10
 3281   -9.902793E-11
 3282   -9.896760E-11
 3283   -9.890733E-11
 3284   -9.884711E-11
 3285   -9.878695E-11
 3286   -9.872684E-11
 3287   -9.866679E-11
 3288   -9.860679E-11
 3289   -9.854685E-11
 3290   -9.848696E-11
 3291   -8.708900E-11
 3292   -8.703611E-11
 3293   -8.698326E-11
 3294   -8.693046E-11
 3295   -8.687772E-11
 3296   -8.682501E-11
 3297   -8.677236E-11
 3298   -8.671976E-11
 3299   -8.666720E-11
 3300   -8.661469E-11
