   50    0.000000E+00
   51    0.000000E+00
   52    0.000000E+00
   53    0.000000E+00
   54    0.000000E+00
   55    0.000000E+00
   56    0.000000E+00
   57    0.000000E+00
   58    0.000000E+00
   59    0.000000E+00
   60    0.000000E+00
   61    0.000000E+00
   62    0.000000E+00
   63    0.000000E+00
   64    0.000000E+00
   65    0.000000E+00
   66    0.000000E+00
   67    0.000000E+00
   68    0.000000E+00
   69    0.000000E+00
   70    0.000000E+00
   71    0.000000E+00
   72    0.000000E+00
   73    0.000000E+00
   74    0.000000E+00
   75    0.000000E+00
   76    0.000000E+00
   77    0.000000E+00
   78    0.000000E+00
   79    0.000000E+00
   80    0.000000E+00
   81    0.000000E+00
   82    0.000000E+00
   83    0.000000E+00
   84    0.000000E+00
   85    0.000000E+00
   86    0.000000E+00
   87    0.000000E+00
   88    0.000000E+00
   89    0.000000E+00
   90    0.000000E+00
   91    0.000000E+00
   92    0.000000E+00
   93    0.000000E+00
   94    0.000000E+00
   95    0.000000E+00
   96    0.000000E+00
   97    0.000000E+00
   98    0.000000E+00
   99    0.000000E+00
  100    0.000000E+00
  101    0.000000E+00
  102    0.000000E+00
  103    0.000000E+00
  104    0.000000E+00
  105    0.000000E+00
  106    0.000000E+00
  107    0.000000E+00
  108    0.000000E+00
  109    0.000000E+00
  110    0.000000E+00
  111    0.000000E+00
  112    0.000000E+00
  113    0.000000E+00
  114    0.000000E+00
  115    0.000000E+00
  116    0.000000E+00
  117    0.000000E+00
  118    0.000000E+00
  119    0.000000E+00
  120    0.000000E+00
  121    0.000000E+00
  122    0.000000E+00
  123    0.000000E+00
  124    0.000000E+00
  125    0.000000E+00
  126    0.000000E+00
  127    0.000000E+00
  128    0.000000E+00
  129    0.000000E+00
  130    0.000000E+00
  131    0.000000E+00
  132    0.000000E+00
  133    0.000000E+00
  134    0.000000E+00
  135    0.000000E+00
  136    0.000000E+00
  137    0.000000E+00
  138    0.000000E+00
  139    0.000000E+00
  140    0.000000E+00
  141    0.000000E+00
  142    0.000000E+00
  143    0.000000E+00
  144    0.000000E+00
  145    0.000000E+00
  146    0.000000E+00
  147    0.000000E+00
  148    0.000000E+00
  149    0.000000E+00
  150    0.000000E+00
  151    0.000000E+00
  152    0.000000E+00
  153    0.000000E+00
  154    0.000000E+00
  155    0.000000E+00
  156    0.000000E+00
  157    0.000000E+00
  158    0.000000E+00
  159    0.000000E+00
  160    0.000000E+00
  161    0.000000E+00
  162    0.000000E+00
  163    0.000000E+00
  164    0.000000E+00
  165    0.000000E+00
  166    0.000000E+00
  167    0.000000E+00
  168    0.000000E+00
  169    0.000000E+00
  170    0.000000E+00
  171    0.000000E+00
  172    0.000000E+00
  173    0.000000E+00
  174    0.000000E+00
  175    0.000000E+00
  176    0.000000E+00
  177    0.000000E+00
  178    0.000000E+00
  179    0.000000E+00
  180    0.000000E+00
  181    6.815967E-11
  182    6.741476E-11
  183    6.668199E-11
  184    6.596110E-11
  185    6.525184E-11
  186    6.455396E-11
  187    6.386722E-11
  188    6.319137E-11
  189    6.252620E-11
  190    6.187148E-11
  191    1.654124E-10
  192    1.636983E-10
  193    1.620107E-10
  194    1.603491E-10
  195    1.587128E-10
  196    1.571015E-10
  197    1.555147E-10
  198    1.539517E-10
  199    1.524122E-10
  200    1.508956E-10
  201    3.245439E-09
  202    3.213465E-09
  203    3.181960E-09
  204    3.150916E-09
  205    3.120325E-09
  206    3.090177E-09
  207    3.060464E-09
  208    3.031177E-09
  209    3.002309E-09
  210    2.973851E-09
  211    4.731502E-09
  212    4.687075E-09
  213    4.643270E-09
  214    4.600077E-09
  215    4.557484E-09
  216    4.515479E-09
  217    4.474053E-09
  218    4.433194E-09
  219    4.392892E-09
  220    4.353138E-09
  221    8.548223E-09
  222    8.471557E-09
  223    8.395918E-09
  224    8.321288E-09
  225    8.247648E-09
  226    8.174982E-09
  227    8.103271E-09
  228    8.032500E-09
  229    7.962653E-09
  230    7.893712E-09
  231    1.985473E-08
  232    1.968430E-08
  233    1.951606E-08
  234    1.934997E-08
  235    1.918599E-08
  236    1.902408E-08
  237    1.886421E-08
  238    1.870635E-08
  239    1.855047E-08
  240    1.839652E-08
  241    1.891368E-08
  242    1.875801E-08
  243    1.860426E-08
  244    1.845239E-08
  245    1.830237E-08
  246    1.815417E-08
  247    1.800777E-08
  248    1.786313E-08
  249    1.772022E-08
  250    1.757902E-08
  251    4.093488E-08
  252    4.061129E-08
  253    4.029151E-08
  254    3.997550E-08
  255    3.966319E-08
  256    3.935453E-08
  257    3.904946E-08
  258    3.874792E-08
  259    3.844986E-08
  260    3.815522E-08
  261    4.463508E-08
  262    4.429565E-08
  263    4.396007E-08
  264    4.362830E-08
  265    4.330027E-08
  266    4.297592E-08
  267    4.265521E-08
  268    4.233807E-08
  269    4.202445E-08
  270    4.171431E-08
  271    6.151266E-08
  272    6.106201E-08
  273    6.061631E-08
  274    6.017546E-08
  275    5.973941E-08
  276    5.930807E-08
  277    5.888140E-08
  278    5.845931E-08
  279    5.804174E-08
  280    5.762863E-08
  281    7.405033E-08
  282    7.352701E-08
  283    7.300921E-08
  284    7.249687E-08
  285    7.198990E-08
  286    7.148823E-08
  287    7.099178E-08
  288    7.050049E-08
  289    7.001428E-08
  290    6.953308E-08
  291    9.465863E-08
  292    9.401249E-08
  293    9.337295E-08
  294    9.273992E-08
  295    9.211330E-08
  296    9.149300E-08
  297    9.087896E-08
  298    9.027107E-08
  299    8.966926E-08
  300    8.907345E-08
  301    1.219529E-07
  302    1.211479E-07
  303    1.203509E-07
  304    1.195617E-07
  305    1.187803E-07
  306    1.180064E-07
  307    1.172402E-07
  308    1.164813E-07
  309    1.157298E-07
  310    1.149856E-07
  311    1.431555E-07
  312    1.422407E-07
  313    1.413348E-07
  314    1.404374E-07
  315    1.395485E-07
  316    1.386681E-07
  317    1.377960E-07
  318    1.369321E-07
  319    1.360762E-07
  320    1.352284E-07
  321    1.743345E-07
  322    1.732551E-07
  323    1.721856E-07
  324    1.711260E-07
  325    1.700761E-07
  326    1.690359E-07
  327    1.680052E-07
  328    1.669839E-07
  329    1.659719E-07
  330    1.649690E-07
  331    2.118637E-07
  332    2.105912E-07
  333    2.093302E-07
  334    2.080805E-07
  335    2.068419E-07
  336    2.056143E-07
  337    2.043977E-07
  338    2.031918E-07
  339    2.019965E-07
  340    2.008118E-07
  341    2.465864E-07
  342    2.451486E-07
  343    2.437233E-07
  344    2.423104E-07
  345    2.409098E-07
  346    2.395213E-07
  347    2.381447E-07
  348    2.367800E-07
  349    2.354269E-07
  350    2.340855E-07
  351    2.700619E-07
  352    2.685318E-07
  353    2.670147E-07
  354    2.655104E-07
  355    2.640187E-07
  356    2.625396E-07
  357    2.610729E-07
  358    2.596185E-07
  359    2.581762E-07
  360    2.567458E-07
  361    3.404869E-07
  362    3.386109E-07
  363    3.367504E-07
  364    3.349052E-07
  365    3.330751E-07
  366    3.312600E-07
  367    3.294597E-07
  368    3.276740E-07
  369    3.259028E-07
  370    3.241459E-07
  371    3.571436E-07
  372    3.552286E-07
  373    3.533290E-07
  374    3.514446E-07
  375    3.495752E-07
  376    3.477207E-07
  377    3.458809E-07
  378    3.440557E-07
  379    3.422448E-07
  380    3.404483E-07
  381    4.286930E-07
  382    4.264544E-07
  383    4.242333E-07
  384    4.220295E-07
  385    4.198428E-07
  386    4.176731E-07
  387    4.155201E-07
  388    4.133838E-07
  389    4.112639E-07
  390    4.091602E-07
  391    5.017562E-07
  392    4.992027E-07
  393    4.966687E-07
  394    4.941539E-07
  395    4.916582E-07
  396    4.891813E-07
  397    4.867231E-07
  398    4.842834E-07
  399    4.818620E-07
  400    4.794587E-07
  401    5.082423E-07
  402    5.057200E-07
  403    5.032165E-07
  404    5.007314E-07
  405    4.982648E-07
  406    4.958163E-07
  407    4.933858E-07
  408    4.909732E-07
  409    4.885782E-07
  410    4.862007E-07
  411    6.605918E-07
  412    6.573929E-07
  413    6.542170E-07
  414    6.510642E-07
  415    6.479341E-07
  416    6.448265E-07
  417    6.417412E-07
  418    6.386780E-07
  419    6.356367E-07
  420    6.326170E-07
  421    6.592427E-07
  422    6.561258E-07
  423    6.530308E-07
  424    6.499577E-07
  425    6.469063E-07
  426    6.438763E-07
  427    6.408675E-07
  428    6.378798E-07
  429    6.349129E-07
  430    6.319667E-07
  431    8.278439E-07
  432    8.240201E-07
  433    8.202228E-07
  434    8.164517E-07
  435    8.127065E-07
  436    8.089870E-07
  437    8.052930E-07
  438    8.016242E-07
  439    7.979805E-07
  440    7.943615E-07
  441    8.670310E-07
  442    8.631167E-07
  443    8.592288E-07
  444    8.553671E-07
  445    8.515313E-07
  446    8.477213E-07
  447    8.439369E-07
  448    8.401777E-07
  449    8.364436E-07
  450    8.327343E-07
  451    9.020487E-07
  452    8.980662E-07
  453    8.941099E-07
  454    8.901798E-07
  455    8.862755E-07
  456    8.823968E-07
  457    8.785435E-07
  458    8.747155E-07
  459    8.709124E-07
  460    8.671340E-07
  461    1.041486E-06
  462    1.036987E-06
  463    1.032517E-06
  464    1.028076E-06
  465    1.023664E-06
  466    1.019280E-06
  467    1.014924E-06
  468    1.010596E-06
  469    1.006296E-06
  470    1.002023E-06
  471    1.037378E-06
  472    1.032992E-06
  473    1.028633E-06
  474    1.024302E-06
  475    1.019998E-06
  476    1.015721E-06
  477    1.011472E-06
  478    1.007248E-06
  479    1.003051E-06
  480    9.988807E-07
  481    1.299454E-06
  482    1.294073E-06
  483    1.288726E-06
  484    1.283411E-06
  485    1.278130E-06
  486    1.272881E-06
  487    1.267664E-06
  488    1.262479E-06
  489    1.257326E-06
  490    1.252205E-06
  491    1.286860E-06
  492    1.281639E-06
  493    1.276451E-06
  494    1.271293E-06
  495    1.266167E-06
  496    1.261072E-06
  497    1.256007E-06
  498    1.250973E-06
  499    1.245969E-06
  500    1.240995E-06
  501    1.446353E-06
  502    1.440602E-06
  503    1.434886E-06
  504    1.429203E-06
  505    1.423554E-06
  506    1.417938E-06
  507    1.412356E-06
  508    1.406806E-06
  509    1.401289E-06
  510    1.395805E-06
  511    1.650254E-06
  512    1.643820E-06
  513    1.637424E-06
  514    1.631065E-06
  515    1.624743E-06
  516    1.618458E-06
  517    1.612209E-06
  518    1.605996E-06
  519    1.599819E-06
  520    1.593678E-06
  521    1.673944E-06
  522    1.667542E-06
  523    1.661178E-06
  524    1.654850E-06
  525    1.648557E-06
  526    1.642301E-06
  527    1.636080E-06
  528    1.629895E-06
  529    1.623744E-06
  530    1.617628E-06
  531    1.977006E-06
  532    1.969588E-06
  533    1.962211E-06
  534    1.954876E-06
  535    1.947582E-06
  536    1.940328E-06
  537    1.933115E-06
  538    1.925942E-06
  539    1.918809E-06
  540    1.911715E-06
  541    1.928916E-06
  542    1.921812E-06
  543    1.914746E-06
  544    1.907720E-06
  545    1.900732E-06
  546    1.893782E-06
  547    1.886870E-06
  548    1.879997E-06
  549    1.873160E-06
  550    1.866361E-06
  551    2.234842E-06
  552    2.226759E-06
  553    2.218720E-06
  554    2.210725E-06
  555    2.202773E-06
  556    2.194863E-06
  557    2.186996E-06
  558    2.179172E-06
  559    2.171389E-06
  560    2.163648E-06
  561    2.339037E-06
  562    2.330727E-06
  563    2.322462E-06
  564    2.314241E-06
  565    2.306064E-06
  566    2.297929E-06
  567    2.289838E-06
  568    2.281790E-06
  569    2.273783E-06
  570    2.265819E-06
  571    2.426041E-06
  572    2.417573E-06
  573    2.409150E-06
  574    2.400770E-06
  575    2.392434E-06
  576    2.384141E-06
  577    2.375892E-06
  578    2.367685E-06
  579    2.359520E-06
  580    2.351398E-06
  581    2.655164E-06
  582    2.646055E-06
  583    2.636994E-06
  584    2.627978E-06
  585    2.619009E-06
  586    2.610086E-06
  587    2.601208E-06
  588    2.592375E-06
  589    2.583587E-06
  590    2.574844E-06
  591    2.771212E-06
  592    2.761866E-06
  593    2.752567E-06
  594    2.743314E-06
  595    2.734109E-06
  596    2.724949E-06
  597    2.715836E-06
  598    2.706768E-06
  599    2.697745E-06
  600    2.688768E-06
  601    2.965849E-06
  602    2.956012E-06
  603    2.946224E-06
  604    2.936485E-06
  605    2.926793E-06
  606    2.917150E-06
  607    2.907554E-06
  608    2.898005E-06
  609    2.888504E-06
  610    2.879049E-06
  611    2.968394E-06
  612    2.958710E-06
  613    2.949072E-06
  614    2.939482E-06
  615    2.929938E-06
  616    2.920440E-06
  617    2.910989E-06
  618    2.901584E-06
  619    2.892224E-06
  620    2.882909E-06
  621    3.345334E-06
  622    3.334595E-06
  623    3.323907E-06
  624    3.313271E-06
  625    3.302685E-06
  626    3.292150E-06
  627    3.281666E-06
  628    3.271231E-06
  629    3.260846E-06
  630    3.250511E-06
  631    3.466337E-06
  632    3.455385E-06
  633    3.444485E-06
  634    3.433636E-06
  635    3.422838E-06
  636    3.412091E-06
  637    3.401395E-06
  638    3.390749E-06
  639    3.380153E-06
  640    3.369607E-06
  641    3.647092E-06
  642    3.635748E-06
  643    3.624457E-06
  644    3.613218E-06
  645    3.602032E-06
  646    3.590897E-06
  647    3.579814E-06
  648    3.568783E-06
  649    3.557802E-06
  650    3.546871E-06
  651    3.938511E-06
  652    3.926448E-06
  653    3.914440E-06
  654    3.902488E-06
  655    3.890590E-06
  656    3.878747E-06
  657    3.866957E-06
  658    3.855221E-06
  659    3.843539E-06
  660    3.831909E-06
  661    4.022929E-06
  662    4.010793E-06
  663    3.998713E-06
  664    3.986687E-06
  665    3.974715E-06
  666    3.962796E-06
  667    3.950932E-06
  668    3.939120E-06
  669    3.927362E-06
  670    3.915656E-06
  671    4.453486E-06
  672    4.440252E-06
  673    4.427076E-06
  674    4.413959E-06
  675    4.400899E-06
  676    4.387898E-06
  677    4.374955E-06
  678    4.362068E-06
  679    4.349239E-06
  680    4.336465E-06
  681    4.474572E-06
  682    4.461469E-06
  683    4.448424E-06
  684    4.435436E-06
  685    4.422504E-06
  686    4.409630E-06
  687    4.396811E-06
  688    4.384048E-06
  689    4.371341E-06
  690    4.358688E-06
  691    4.722523E-06
  692    4.708894E-06
  693    4.695323E-06
  694    4.681812E-06
  695    4.668358E-06
  696    4.654963E-06
  697    4.641625E-06
  698    4.628344E-06
  699    4.615120E-06
  700    4.601953E-06
  701    4.865680E-06
  702    4.851837E-06
  703    4.838054E-06
  704    4.824329E-06
  705    4.810662E-06
  706    4.797053E-06
  707    4.783502E-06
  708    4.770009E-06
  709    4.756572E-06
  710    4.743192E-06
  711    4.925145E-06
  712    4.911329E-06
  713    4.897572E-06
  714    4.883873E-06
  715    4.870231E-06
  716    4.856645E-06
  717    4.843117E-06
  718    4.829645E-06
  719    4.816230E-06
  720    4.802870E-06
  721    5.423090E-06
  722    5.408088E-06
  723    5.393149E-06
  724    5.378271E-06
  725    5.363455E-06
  726    5.348700E-06
  727    5.334006E-06
  728    5.319372E-06
  729    5.304798E-06
  730    5.290285E-06
  731    5.731897E-06
  732    5.716258E-06
  733    5.700682E-06
  734    5.685170E-06
  735    5.669721E-06
  736    5.654335E-06
  737    5.639012E-06
  738    5.623751E-06
  739    5.608551E-06
  740    5.593414E-06
  741    6.153470E-06
  742    6.136906E-06
  743    6.120409E-06
  744    6.103978E-06
  745    6.087614E-06
  746    6.071315E-06
  747    6.055081E-06
  748    6.038913E-06
  749    6.022809E-06
  750    6.006770E-06
  751    6.019280E-06
  752    6.003292E-06
  753    5.987369E-06
  754    5.971508E-06
  755    5.955710E-06
  756    5.939975E-06
  757    5.924303E-06
  758    5.908692E-06
  759    5.893143E-06
  760    5.877655E-06
  761    6.629525E-06
  762    6.612148E-06
  763    6.594838E-06
  764    6.577597E-06
  765    6.560423E-06
  766    6.543316E-06
  767    6.526277E-06
  768    6.509303E-06
  769    6.492396E-06
  770    6.475554E-06
  771    7.305832E-06
  772    7.286930E-06
  773    7.268101E-06
  774    7.249344E-06
  775    7.230660E-06
  776    7.212049E-06
  777    7.193509E-06
  778    7.175040E-06
  779    7.156643E-06
  780    7.138316E-06
  781    7.117901E-06
  782    7.099720E-06
  783    7.081608E-06
  784    7.063566E-06
  785    7.045592E-06
  786    7.027687E-06
  787    7.009851E-06
  788    6.992082E-06
  789    6.974380E-06
  790    6.956746E-06
  791    7.921534E-06
  792    7.901556E-06
  793    7.881652E-06
  794    7.861824E-06
  795    7.842071E-06
  796    7.822392E-06
  797    7.802787E-06
  798    7.783256E-06
  799    7.763798E-06
  800    7.744412E-06
  801    8.081536E-06
  802    8.061408E-06
  803    8.041354E-06
  804    8.021376E-06
  805    8.001472E-06
  806    7.981642E-06
  807    7.961885E-06
  808    7.942202E-06
  809    7.922591E-06
  810    7.903054E-06
  811    8.011428E-06
  812    7.991720E-06
  813    7.972084E-06
  814    7.952521E-06
  815    7.933029E-06
  816    7.913610E-06
  817    7.894261E-06
  818    7.874983E-06
  819    7.855776E-06
  820    7.836639E-06
  821    9.011987E-06
  822    8.990087E-06
  823    8.968267E-06
  824    8.946525E-06
  825    8.924863E-06
  826    8.903279E-06
  827    8.881774E-06
  828    8.860346E-06
  829    8.838996E-06
  830    8.817723E-06
  831    1.093212E-05
  832    1.090587E-05
  833    1.087972E-05
  834    1.085366E-05
  835    1.082769E-05
  836    1.080182E-05
  837    1.077604E-05
  838    1.075035E-05
  839    1.072475E-05
  840    1.069925E-05
  841    1.266857E-05
  842    1.263851E-05
  843    1.260856E-05
  844    1.257872E-05
  845    1.254898E-05
  846    1.251935E-05
  847    1.248982E-05
  848    1.246040E-05
  849    1.243108E-05
  850    1.240187E-05
  851    1.140375E-05
  852    1.137701E-05
  853    1.135037E-05
  854    1.132382E-05
  855    1.129736E-05
  856    1.127099E-05
  857    1.124472E-05
  858    1.121854E-05
  859    1.119245E-05
  860    1.116645E-05
  861    1.456347E-05
  862    1.452972E-05
  863    1.449609E-05
  864    1.446257E-05
  865    1.442917E-05
  866    1.439589E-05
  867    1.436271E-05
  868    1.432966E-05
  869    1.429672E-05
  870    1.426389E-05
  871    1.847374E-05
  872    1.843141E-05
  873    1.838924E-05
  874    1.834720E-05
  875    1.830532E-05
  876    1.826357E-05
  877    1.822197E-05
  878    1.818051E-05
  879    1.813919E-05
  880    1.809801E-05
  881    1.561404E-05
  882    1.557867E-05
  883    1.554343E-05
  884    1.550830E-05
  885    1.547329E-05
  886    1.543840E-05
  887    1.540363E-05
  888    1.536898E-05
  889    1.533444E-05
  890    1.530002E-05
  891    1.196565E-05
  892    1.193885E-05
  893    1.191214E-05
  894    1.188552E-05
  895    1.185899E-05
  896    1.183255E-05
  897    1.180620E-05
  898    1.177993E-05
  899    1.175376E-05
  900    1.172767E-05
  901    6.665229E-06
  902    6.650466E-06
  903    6.635753E-06
  904    6.621088E-06
  905    6.606472E-06
  906    6.591904E-06
  907    6.577385E-06
  908    6.562913E-06
  909    6.548489E-06
  910    6.534113E-06
  911    2.005553E-06
  912    2.001159E-06
  913    1.996780E-06
  914    1.992416E-06
  915    1.988066E-06
  916    1.983730E-06
  917    1.979408E-06
  918    1.975100E-06
  919    1.970806E-06
  920    1.966527E-06
  921    2.322542E-06
  922    2.317509E-06
  923    2.312493E-06
  924    2.307493E-06
  925    2.302509E-06
  926    2.297541E-06
  927    2.292590E-06
  928    2.287654E-06
  929    2.282734E-06
  930    2.277831E-06
  931    2.826115E-05
  932    2.820057E-05
  933    2.814018E-05
  934    2.807999E-05
  935    2.801999E-05
  936    2.796018E-05
  937    2.790056E-05
  938    2.784114E-05
  939    2.778190E-05
  940    2.772285E-05
  941    8.784544E-05
  942    8.765913E-05
  943    8.747341E-05
  944    8.728828E-05
  945    8.710374E-05
  946    8.691978E-05
  947    8.673641E-05
  948    8.655361E-05
  949    8.637139E-05
  950    8.618975E-05
  951    1.439289E-04
  952    1.436269E-04
  953    1.433258E-04
  954    1.430256E-04
  955    1.427264E-04
  956    1.424281E-04
  957    1.421308E-04
  958    1.418344E-04
  959    1.415389E-04
  960    1.412443E-04
  961    2.082888E-04
  962    2.078562E-04
  963    2.074250E-04
  964    2.069951E-04
  965    2.065665E-04
  966    2.061393E-04
  967    2.057134E-04
  968    2.052888E-04
  969    2.048655E-04
  970    2.044436E-04
  971    2.392257E-04
  972    2.387340E-04
  973    2.382438E-04
  974    2.377551E-04
  975    2.372679E-04
  976    2.367821E-04
  977    2.362979E-04
  978    2.358152E-04
  979    2.353339E-04
  980    2.348542E-04
  981    8.708433E-05
  982    8.690715E-05
  983    8.673051E-05
  984    8.655440E-05
  985    8.637884E-05
  986    8.620380E-05
  987    8.602930E-05
  988    8.585533E-05
  989    8.568189E-05
  990    8.550896E-05
  991   -5.162993E-04
  992   -5.152594E-04
  993   -5.142226E-04
  994   -5.131890E-04
  995   -5.121585E-04
  996   -5.111311E-04
  997   -5.101068E-04
  998   -5.090856E-04
  999   -5.080674E-04
 1000   -5.070523E-04
 1001   -1.313436E-03
 1002   -1.310817E-03
 1003   -1.308206E-03
 1004   -1.305603E-03
 1005   -1.303007E-03
 1006   -1.300419E-03
 1007   -1.297839E-03
 1008   -1.295266E-03
 1009   -1.292701E-03
 1010   -1.290144E-03
 1011   -1.894016E-03
 1012   -1.890277E-03
 1013   -1.886548E-03
 1014   -1.882831E-03
 1015   -1.879125E-03
 1016   -1.875429E-03
 1017   -1.871745E-03
 1018   -1.868071E-03
 1019   -1.864408E-03
 1020   -1.860756E-03
 1021   -1.727012E-03
 1022   -1.723635E-03
 1023   -1.720269E-03
 1024   -1.716912E-03
 1025   -1.713565E-03
 1026   -1.710228E-03
 1027   -1.706901E-03
 1028   -1.703583E-03
 1029   -1.700276E-03
 1030   -1.696977E-03
 1031   -4.983558E-05
 1032   -4.973909E-05
 1033   -4.964288E-05
 1034   -4.954695E-05
 1035   -4.945130E-05
 1036   -4.935593E-05
 1037   -4.926083E-05
 1038   -4.916601E-05
 1039   -4.907146E-05
 1040   -4.897718E-05
 1041    6.050907E-03
 1042    6.039304E-03
 1043    6.027734E-03
 1044    6.016198E-03
 1045    6.004695E-03
 1046    5.993224E-03
 1047    5.981787E-03
 1048    5.970382E-03
 1049    5.959010E-03
 1050    5.947670E-03
 1051    1.529873E-02
 1052    1.526968E-02
 1053    1.524070E-02
 1054    1.521181E-02
 1055    1.518300E-02
 1056    1.515427E-02
 1057    1.512562E-02
 1058    1.509706E-02
 1059    1.506857E-02
 1060    1.504017E-02
 1061    2.277184E-02
 1062    2.272900E-02
 1063    2.268628E-02
 1064    2.264367E-02
 1065    2.260119E-02
 1066    2.255882E-02
 1067    2.251658E-02
 1068    2.247445E-02
 1069    2.243245E-02
 1070    2.239055E-02
 1071    2.353342E-02
 1072    2.348955E-02
 1073    2.344581E-02
 1074    2.340219E-02
 1075    2.335869E-02
 1076    2.331531E-02
 1077    2.327206E-02
 1078    2.322892E-02
 1079    2.318590E-02
 1080    2.314301E-02
 1081    2.262603E-02
 1082    2.258425E-02
 1083    2.254258E-02
 1084    2.250103E-02
 1085    2.245959E-02
 1086    2.241826E-02
 1087    2.237705E-02
 1088    2.233596E-02
 1089    2.229497E-02
 1090    2.225410E-02
 1091    1.653125E-02
 1092    1.650100E-02
 1093    1.647083E-02
 1094    1.644075E-02
 1095    1.641075E-02
 1096    1.638083E-02
 1097    1.635099E-02
 1098    1.632123E-02
 1099    1.629156E-02
 1100    1.626197E-02
 1101    5.802670E-03
 1102    5.792148E-03
 1103    5.781655E-03
 1104    5.771191E-03
 1105    5.760755E-03
 1106    5.750347E-03
 1107    5.739967E-03
 1108    5.729615E-03
 1109    5.719292E-03
 1110    5.708996E-03
 1111   -4.352924E-04
 1112   -4.345102E-04
 1113   -4.337302E-04
 1114   -4.329522E-04
 1115   -4.321763E-04
 1116   -4.314024E-04
 1117   -4.306307E-04
 1118   -4.298610E-04
 1119   -4.290934E-04
 1120   -4.283279E-04
 1121   -2.194762E-03
 1122   -2.190853E-03
 1123   -2.186955E-03
 1124   -2.183067E-03
 1125   -2.179189E-03
 1126   -2.175322E-03
 1127   -2.171465E-03
 1128   -2.167618E-03
 1129   -2.163782E-03
 1130   -2.159955E-03
 1131   -2.353113E-03
 1132   -2.348959E-03
 1133   -2.344816E-03
 1134   -2.340685E-03
 1135   -2.336564E-03
 1136   -2.332454E-03
 1137   -2.328354E-03
 1138   -2.324266E-03
 1139   -2.320188E-03
 1140   -2.316121E-03
 1141   -1.836570E-03
 1142   -1.833356E-03
 1143   -1.830151E-03
 1144   -1.826954E-03
 1145   -1.823766E-03
 1146   -1.820586E-03
 1147   -1.817414E-03
 1148   -1.814250E-03
 1149   -1.811095E-03
 1150   -1.807948E-03
 1151   -7.125415E-04
 1152   -7.113055E-04
 1153   -7.100727E-04
 1154   -7.088432E-04
 1155   -7.076168E-04
 1156   -7.063936E-04
 1157   -7.051736E-04
 1158   -7.039567E-04
 1159   -7.027430E-04
 1160   -7.015324E-04
 1161    7.265905E-06
 1162    7.253410E-06
 1163    7.240947E-06
 1164    7.228516E-06
 1165    7.216117E-06
 1166    7.203750E-06
 1167    7.191415E-06
 1168    7.179111E-06
 1169    7.166839E-06
 1170    7.154599E-06
 1171    1.952218E-04
 1172    1.948889E-04
 1173    1.945569E-04
 1174    1.942258E-04
 1175    1.938955E-04
 1176    1.935660E-04
 1177    1.932374E-04
 1178    1.929096E-04
 1179    1.925826E-04
 1180    1.922565E-04
 1181    1.763810E-04
 1182    1.760828E-04
 1183    1.757854E-04
 1184    1.754887E-04
 1185    1.751928E-04
 1186    1.748976E-04
 1187    1.746032E-04
 1188    1.743095E-04
 1189    1.740165E-04
 1190    1.737243E-04
 1191    1.128708E-04
 1192    1.126815E-04
 1193    1.124928E-04
 1194    1.123045E-04
 1195    1.121167E-04
 1196    1.119294E-04
 1197    1.117425E-04
 1198    1.115561E-04
 1199    1.113702E-04
 1200    1.111847E-04
 1201    3.574734E-05
 1202    3.568791E-05
 1203    3.562863E-05
 1204    3.556949E-05
 1205    3.551051E-05
 1206    3.545167E-05
 1207    3.539297E-05
 1208    3.533442E-05
 1209    3.527602E-05
 1210    3.521776E-05
 1211   -2.844616E-05
 1212   -2.839926E-05
 1213   -2.835247E-05
 1214   -2.830580E-05
 1215   -2.825925E-05
 1216   -2.821281E-05
 1217   -2.816648E-05
 1218   -2.812027E-05
 1219   -2.807417E-05
 1220   -2.802818E-05
 1221   -5.664438E-05
 1222   -5.655175E-05
 1223   -5.645934E-05
 1224   -5.636716E-05
 1225   -5.627521E-05
 1226   -5.618348E-05
 1227   -5.609198E-05
 1228   -5.600070E-05
 1229   -5.590964E-05
 1230   -5.581880E-05
 1231   -5.980916E-05
 1232   -5.971215E-05
 1233   -5.961537E-05
 1234   -5.951883E-05
 1235   -5.942252E-05
 1236   -5.932645E-05
 1237   -5.923060E-05
 1238   -5.913499E-05
 1239   -5.903961E-05
 1240   -5.894446E-05
 1241   -4.629098E-05
 1242   -4.621650E-05
 1243   -4.614219E-05
 1244   -4.606807E-05
 1245   -4.599412E-05
 1246   -4.592036E-05
 1247   -4.584677E-05
 1248   -4.577335E-05
 1249   -4.570012E-05
 1250   -4.562705E-05
 1251   -3.089093E-05
 1252   -3.084162E-05
 1253   -3.079244E-05
 1254   -3.074336E-05
 1255   -3.069441E-05
 1256   -3.064557E-05
 1257   -3.059685E-05
 1258   -3.054825E-05
 1259   -3.049976E-05
 1260   -3.045138E-05
 1261   -1.826649E-05
 1262   -1.823757E-05
 1263   -1.820871E-05
 1264   -1.817992E-05
 1265   -1.815120E-05
 1266   -1.812255E-05
 1267   -1.809396E-05
 1268   -1.806545E-05
 1269   -1.803700E-05
 1270   -1.800862E-05
 1271   -1.520302E-05
 1272   -1.517914E-05
 1273   -1.515531E-05
 1274   -1.513153E-05
 1275   -1.510782E-05
 1276   -1.508416E-05
 1277   -1.506055E-05
 1278   -1.503700E-05
 1279   -1.501350E-05
 1280   -1.499006E-05
 1281   -1.693233E-05
 1282   -1.690594E-05
 1283   -1.687960E-05
 1284   -1.685333E-05
 1285   -1.682712E-05
 1286   -1.680097E-05
 1287   -1.677488E-05
 1288   -1.674886E-05
 1289   -1.672289E-05
 1290   -1.669698E-05
 1291   -1.744254E-05
 1292   -1.741556E-05
 1293   -1.738864E-05
 1294   -1.736179E-05
 1295   -1.733500E-05
 1296   -1.730827E-05
 1297   -1.728160E-05
 1298   -1.725499E-05
 1299   -1.722844E-05
 1300   -1.720196E-05
 1301   -1.471158E-05
 1302   -1.468900E-05
 1303   -1.466647E-05
 1304   -1.464399E-05
 1305   -1.462157E-05
 1306   -1.459919E-05
 1307   -1.457687E-05
 1308   -1.455460E-05
 1309   -1.453238E-05
 1310   -1.451021E-05
 1311   -1.354207E-05
 1312   -1.352144E-05
 1313   -1.350086E-05
 1314   -1.348033E-05
 1315   -1.345984E-05
 1316   -1.343940E-05
 1317   -1.341900E-05
 1318   -1.339866E-05
 1319   -1.337836E-05
 1320   -1.335810E-05
 1321   -1.529246E-05
 1322   -1.526934E-05
 1323   -1.524628E-05
 1324   -1.522327E-05
 1325   -1.520030E-05
 1326   -1.517740E-05
 1327   -1.515454E-05
 1328   -1.513173E-05
 1329   -1.510898E-05
 1330   -1.508627E-05
 1331   -1.555698E-05
 1332   -1.553364E-05
 1333   -1.551035E-05
 1334   -1.548711E-05
 1335   -1.546393E-05
 1336   -1.544080E-05
 1337   -1.541772E-05
 1338   -1.539469E-05
 1339   -1.537171E-05
 1340   -1.534879E-05
 1341   -1.374395E-05
 1342   -1.372348E-05
 1343   -1.370306E-05
 1344   -1.368268E-05
 1345   -1.366235E-05
 1346   -1.364206E-05
 1347   -1.362182E-05
 1348   -1.360163E-05
 1349   -1.358148E-05
 1350   -1.356137E-05
 1351   -1.260703E-05
 1352   -1.258840E-05
 1353   -1.256980E-05
 1354   -1.255125E-05
 1355   -1.253274E-05
 1356   -1.251427E-05
 1357   -1.249584E-05
 1358   -1.247745E-05
 1359   -1.245910E-05
 1360   -1.244079E-05
 1361   -1.150998E-05
 1362   -1.149309E-05
 1363   -1.147624E-05
 1364   -1.145943E-05
 1365   -1.144265E-05
 1366   -1.142591E-05
 1367   -1.140920E-05
 1368   -1.139253E-05
 1369   -1.137590E-05
 1370   -1.135931E-05
 1371   -1.148322E-05
 1372   -1.146649E-05
 1373   -1.144980E-05
 1374   -1.143315E-05
 1375   -1.141653E-05
 1376   -1.139995E-05
 1377   -1.138340E-05
 1378   -1.136689E-05
 1379   -1.135042E-05
 1380   -1.133398E-05
 1381   -1.163034E-05
 1382   -1.161352E-05
 1383   -1.159674E-05
 1384   -1.157999E-05
 1385   -1.156328E-05
 1386   -1.154661E-05
 1387   -1.152997E-05
 1388   -1.151337E-05
 1389   -1.149680E-05
 1390   -1.148027E-05
 1391   -1.139381E-05
 1392   -1.137745E-05
 1393   -1.136112E-05
 1394   -1.134484E-05
 1395   -1.132858E-05
 1396   -1.131236E-05
 1397   -1.129618E-05
 1398   -1.128003E-05
 1399   -1.126392E-05
 1400   -1.124784E-05
 1401   -1.070836E-05
 1402   -1.069309E-05
 1403   -1.067786E-05
 1404   -1.066266E-05
 1405   -1.064749E-05
 1406   -1.063236E-05
 1407   -1.061726E-05
 1408   -1.060219E-05
 1409   -1.058715E-05
 1410   -1.057214E-05
 1411   -9.688817E-06
 1412   -9.675103E-06
 1413   -9.661418E-06
 1414   -9.647763E-06
 1415   -9.634136E-06
 1416   -9.620538E-06
 1417   -9.606969E-06
 1418   -9.593428E-06
 1419   -9.579916E-06
 1420   -9.566433E-06
 1421   -1.023117E-05
 1422   -1.021679E-05
 1423   -1.020244E-05
 1424   -1.018812E-05
 1425   -1.017383E-05
 1426   -1.015957E-05
 1427   -1.014534E-05
 1428   -1.013114E-05
 1429   -1.011697E-05
 1430   -1.010283E-05
 1431   -1.037973E-05
 1432   -1.036524E-05
 1433   -1.035079E-05
 1434   -1.033636E-05
 1435   -1.032197E-05
 1436   -1.030760E-05
 1437   -1.029326E-05
 1438   -1.027896E-05
 1439   -1.026468E-05
 1440   -1.025043E-05
 1441   -1.031467E-05
 1442   -1.030037E-05
 1443   -1.028610E-05
 1444   -1.027187E-05
 1445   -1.025766E-05
 1446   -1.024348E-05
 1447   -1.022933E-05
 1448   -1.021522E-05
 1449   -1.020113E-05
 1450   -1.018706E-05
 1451   -9.346059E-06
 1452   -9.333194E-06
 1453   -9.320356E-06
 1454   -9.307545E-06
 1455   -9.294760E-06
 1456   -9.282001E-06
 1457   -9.269268E-06
 1458   -9.256562E-06
 1459   -9.243882E-06
 1460   -9.231228E-06
 1461   -9.170059E-06
 1462   -9.157523E-06
 1463   -9.145013E-06
 1464   -9.132528E-06
 1465   -9.120069E-06
 1466   -9.107635E-06
 1467   -9.095227E-06
 1468   -9.082844E-06
 1469   -9.070486E-06
 1470   -9.058154E-06
 1471   -9.335529E-06
 1472   -9.322853E-06
 1473   -9.310204E-06
 1474   -9.297580E-06
 1475   -9.284981E-06
 1476   -9.272408E-06
 1477   -9.259861E-06
 1478   -9.247339E-06
 1479   -9.234843E-06
 1480   -9.222372E-06
 1481   -9.394439E-06
 1482   -9.381769E-06
 1483   -9.369125E-06
 1484   -9.356507E-06
 1485   -9.343914E-06
 1486   -9.331347E-06
 1487   -9.318804E-06
 1488   -9.306288E-06
 1489   -9.293796E-06
 1490   -9.281329E-06
 1491   -9.263553E-06
 1492   -9.251143E-06
 1493   -9.238759E-06
 1494   -9.226399E-06
 1495   -9.214064E-06
 1496   -9.201754E-06
 1497   -9.189469E-06
 1498   -9.177208E-06
 1499   -9.164972E-06
 1500   -9.152760E-06
 1501   -8.686612E-06
 1502   -8.675053E-06
 1503   -8.663517E-06
 1504   -8.652004E-06
 1505   -8.640514E-06
 1506   -8.629047E-06
 1507   -8.617602E-06
 1508   -8.606181E-06
 1509   -8.594782E-06
 1510   -8.583405E-06
 1511   -8.075980E-06
 1512   -8.065305E-06
 1513   -8.054651E-06
 1514   -8.044018E-06
 1515   -8.033405E-06
 1516   -8.022814E-06
 1517   -8.012244E-06
 1518   -8.001695E-06
 1519   -7.991166E-06
 1520   -7.980658E-06
 1521   -8.471525E-06
 1522   -8.460400E-06
 1523   -8.449298E-06
 1524   -8.438216E-06
 1525   -8.427157E-06
 1526   -8.416120E-06
 1527   -8.405104E-06
 1528   -8.394110E-06
 1529   -8.383137E-06
 1530   -8.372186E-06
 1531   -8.401950E-06
 1532   -8.390988E-06
 1533   -8.380048E-06
 1534   -8.369130E-06
 1535   -8.358232E-06
 1536   -8.347356E-06
 1537   -8.336502E-06
 1538   -8.325668E-06
 1539   -8.314855E-06
 1540   -8.304064E-06
 1541   -8.357300E-06
 1542   -8.346467E-06
 1543   -8.335656E-06
 1544   -8.324865E-06
 1545   -8.314096E-06
 1546   -8.303347E-06
 1547   -8.292619E-06
 1548   -8.281912E-06
 1549   -8.271226E-06
 1550   -8.260560E-06
 1551   -7.747983E-06
 1552   -7.738005E-06
 1553   -7.728046E-06
 1554   -7.718106E-06
 1555   -7.708186E-06
 1556   -7.698285E-06
 1557   -7.688402E-06
 1558   -7.678539E-06
 1559   -7.668695E-06
 1560   -7.658869E-06
 1561   -7.711342E-06
 1562   -7.701475E-06
 1563   -7.691626E-06
 1564   -7.681797E-06
 1565   -7.671986E-06
 1566   -7.662194E-06
 1567   -7.652421E-06
 1568   -7.642666E-06
 1569   -7.632930E-06
 1570   -7.623213E-06
 1571   -7.709145E-06
 1572   -7.699343E-06
 1573   -7.689560E-06
 1574   -7.679795E-06
 1575   -7.670049E-06
 1576   -7.660322E-06
 1577   -7.650613E-06
 1578   -7.640923E-06
 1579   -7.631251E-06
 1580   -7.621597E-06
 1581   -7.682577E-06
 1582   -7.672871E-06
 1583   -7.663183E-06
 1584   -7.653513E-06
 1585   -7.643862E-06
 1586   -7.634229E-06
 1587   -7.624614E-06
 1588   -7.615017E-06
 1589   -7.605438E-06
 1590   -7.595878E-06
 1591   -7.489783E-06
 1592   -7.480380E-06
 1593   -7.470994E-06
 1594   -7.461626E-06
 1595   -7.452276E-06
 1596   -7.442943E-06
 1597   -7.433627E-06
 1598   -7.424329E-06
 1599   -7.415049E-06
 1600   -7.405786E-06
 1601   -6.915830E-06
 1602   -6.907201E-06
 1603   -6.898589E-06
 1604   -6.889992E-06
 1605   -6.881412E-06
 1606   -6.872848E-06
 1607   -6.864299E-06
 1608   -6.855767E-06
 1609   -6.847250E-06
 1610   -6.838750E-06
 1611   -6.785285E-06
 1612   -6.776871E-06
 1613   -6.768474E-06
 1614   -6.760092E-06
 1615   -6.751725E-06
 1616   -6.743374E-06
 1617   -6.735039E-06
 1618   -6.726719E-06
 1619   -6.718414E-06
 1620   -6.710125E-06
 1621   -6.669688E-06
 1622   -6.661469E-06
 1623   -6.653265E-06
 1624   -6.645076E-06
 1625   -6.636903E-06
 1626   -6.628745E-06
 1627   -6.620601E-06
 1628   -6.612473E-06
 1629   -6.604359E-06
 1630   -6.596261E-06
 1631   -6.620172E-06
 1632   -6.612064E-06
 1633   -6.603971E-06
 1634   -6.595893E-06
 1635   -6.587829E-06
 1636   -6.579781E-06
 1637   -6.571747E-06
 1638   -6.563728E-06
 1639   -6.555723E-06
 1640   -6.547733E-06
 1641   -6.417936E-06
 1642   -6.410123E-06
 1643   -6.402325E-06
 1644   -6.394541E-06
 1645   -6.386771E-06
 1646   -6.379016E-06
 1647   -6.371274E-06
 1648   -6.363547E-06
 1649   -6.355833E-06
 1650   -6.348134E-06
 1651   -5.826937E-06
 1652   -5.819887E-06
 1653   -5.812849E-06
 1654   -5.805825E-06
 1655   -5.798813E-06
 1656   -5.791814E-06
 1657   -5.784827E-06
 1658   -5.777853E-06
 1659   -5.770892E-06
 1660   -5.763943E-06
 1661   -5.640939E-06
 1662   -5.634155E-06
 1663   -5.627383E-06
 1664   -5.620623E-06
 1665   -5.613876E-06
 1666   -5.607140E-06
 1667   -5.600417E-06
 1668   -5.593706E-06
 1669   -5.587007E-06
 1670   -5.580320E-06
 1671   -5.513397E-06
 1672   -5.506805E-06
 1673   -5.500226E-06
 1674   -5.493659E-06
 1675   -5.487103E-06
 1676   -5.480559E-06
 1677   -5.474027E-06
 1678   -5.467506E-06
 1679   -5.460997E-06
 1680   -5.454500E-06
 1681   -5.484421E-06
 1682   -5.477904E-06
 1683   -5.471398E-06
 1684   -5.464904E-06
 1685   -5.458421E-06
 1686   -5.451950E-06
 1687   -5.445490E-06
 1688   -5.439042E-06
 1689   -5.432605E-06
 1690   -5.426180E-06
 1691   -5.384500E-06
 1692   -5.378139E-06
 1693   -5.371789E-06
 1694   -5.365451E-06
 1695   -5.359124E-06
 1696   -5.352808E-06
 1697   -5.346503E-06
 1698   -5.340209E-06
 1699   -5.333926E-06
 1700   -5.327655E-06
 1701   -4.869789E-06
 1702   -4.864070E-06
 1703   -4.858361E-06
 1704   -4.852662E-06
 1705   -4.846974E-06
 1706   -4.841295E-06
 1707   -4.835626E-06
 1708   -4.829967E-06
 1709   -4.824318E-06
 1710   -4.818678E-06
 1711   -4.765478E-06
 1712   -4.759914E-06
 1713   -4.754360E-06
 1714   -4.748815E-06
 1715   -4.743280E-06
 1716   -4.737755E-06
 1717   -4.732240E-06
 1718   -4.726734E-06
 1719   -4.721238E-06
 1720   -4.715751E-06
 1721   -4.635474E-06
 1722   -4.630093E-06
 1723   -4.624722E-06
 1724   -4.619360E-06
 1725   -4.614007E-06
 1726   -4.608664E-06
 1727   -4.603330E-06
 1728   -4.598005E-06
 1729   -4.592689E-06
 1730   -4.587383E-06
 1731   -4.647167E-06
 1732   -4.641804E-06
 1733   -4.636450E-06
 1734   -4.631106E-06
 1735   -4.625770E-06
 1736   -4.620444E-06
 1737   -4.615127E-06
 1738   -4.609819E-06
 1739   -4.604521E-06
 1740   -4.599231E-06
 1741   -4.369633E-06
 1742   -4.364619E-06
 1743   -4.359614E-06
 1744   -4.354617E-06
 1745   -4.349629E-06
 1746   -4.344650E-06
 1747   -4.339679E-06
 1748   -4.334716E-06
 1749   -4.329762E-06
 1750   -4.324817E-06
 1751   -3.838245E-06
 1752   -3.833866E-06
 1753   -3.829495E-06
 1754   -3.825131E-06
 1755   -3.820774E-06
 1756   -3.816425E-06
 1757   -3.812083E-06
 1758   -3.807749E-06
 1759   -3.803422E-06
 1760   -3.799102E-06
 1761   -3.639936E-06
 1762   -3.635807E-06
 1763   -3.631685E-06
 1764   -3.627570E-06
 1765   -3.623462E-06
 1766   -3.619360E-06
 1767   -3.615266E-06
 1768   -3.611179E-06
 1769   -3.607098E-06
 1770   -3.603025E-06
 1771   -3.507482E-06
 1772   -3.503525E-06
 1773   -3.499576E-06
 1774   -3.495632E-06
 1775   -3.491696E-06
 1776   -3.487766E-06
 1777   -3.483843E-06
 1778   -3.479926E-06
 1779   -3.476016E-06
 1780   -3.472113E-06
 1781   -3.495398E-06
 1782   -3.491477E-06
 1783   -3.487563E-06
 1784   -3.483655E-06
 1785   -3.479754E-06
 1786   -3.475860E-06
 1787   -3.471972E-06
 1788   -3.468090E-06
 1789   -3.464215E-06
 1790   -3.460347E-06
 1791   -3.269714E-06
 1792   -3.266066E-06
 1793   -3.262425E-06
 1794   -3.258790E-06
 1795   -3.255161E-06
 1796   -3.251538E-06
 1797   -3.247922E-06
 1798   -3.244311E-06
 1799   -3.240706E-06
 1800   -3.237107E-06
 1801   -2.943093E-06
 1802   -2.939828E-06
 1803   -2.936569E-06
 1804   -2.933315E-06
 1805   -2.930067E-06
 1806   -2.926824E-06
 1807   -2.923586E-06
 1808   -2.920354E-06
 1809   -2.917127E-06
 1810   -2.913906E-06
 1811   -2.806847E-06
 1812   -2.803750E-06
 1813   -2.800659E-06
 1814   -2.797573E-06
 1815   -2.794492E-06
 1816   -2.791416E-06
 1817   -2.788345E-06
 1818   -2.785279E-06
 1819   -2.782218E-06
 1820   -2.779163E-06
 1821   -2.707069E-06
 1822   -2.704099E-06
 1823   -2.701134E-06
 1824   -2.698174E-06
 1825   -2.695218E-06
 1826   -2.692268E-06
 1827   -2.689322E-06
 1828   -2.686382E-06
 1829   -2.683446E-06
 1830   -2.680515E-06
 1831   -2.717727E-06
 1832   -2.714762E-06
 1833   -2.711801E-06
 1834   -2.708846E-06
 1835   -2.705895E-06
 1836   -2.702949E-06
 1837   -2.700008E-06
 1838   -2.697071E-06
 1839   -2.694140E-06
 1840   -2.691213E-06
 1841   -2.489179E-06
 1842   -2.486478E-06
 1843   -2.483781E-06
 1844   -2.481088E-06
 1845   -2.478400E-06
 1846   -2.475717E-06
 1847   -2.473037E-06
 1848   -2.470362E-06
 1849   -2.467692E-06
 1850   -2.465025E-06
 1851   -2.204693E-06
 1852   -2.202313E-06
 1853   -2.199937E-06
 1854   -2.197565E-06
 1855   -2.195197E-06
 1856   -2.192833E-06
 1857   -2.190473E-06
 1858   -2.188116E-06
 1859   -2.185763E-06
 1860   -2.183414E-06
 1861   -2.041093E-06
 1862   -2.038901E-06
 1863   -2.036714E-06
 1864   -2.034530E-06
 1865   -2.032349E-06
 1866   -2.030172E-06
 1867   -2.027998E-06
 1868   -2.025828E-06
 1869   -2.023661E-06
 1870   -2.021498E-06
 1871   -1.924553E-06
 1872   -1.922498E-06
 1873   -1.920446E-06
 1874   -1.918398E-06
 1875   -1.916353E-06
 1876   -1.914311E-06
 1877   -1.912272E-06
 1878   -1.910237E-06
 1879   -1.908204E-06
 1880   -1.906175E-06
 1881   -1.956200E-06
 1882   -1.954122E-06
 1883   -1.952048E-06
 1884   -1.949977E-06
 1885   -1.947909E-06
 1886   -1.945844E-06
 1887   -1.943783E-06
 1888   -1.941725E-06
 1889   -1.939670E-06
 1890   -1.937619E-06
 1891   -1.775508E-06
 1892   -1.773632E-06
 1893   -1.771760E-06
 1894   -1.769890E-06
 1895   -1.768023E-06
 1896   -1.766159E-06
 1897   -1.764298E-06
 1898   -1.762439E-06
 1899   -1.760584E-06
 1900   -1.758732E-06
 1901   -1.552589E-06
 1902   -1.550957E-06
 1903   -1.549328E-06
 1904   -1.547701E-06
 1905   -1.546077E-06
 1906   -1.544456E-06
 1907   -1.542837E-06
 1908   -1.541220E-06
 1909   -1.539607E-06
 1910   -1.537995E-06
 1911   -1.428037E-06
 1912   -1.426544E-06
 1913   -1.425054E-06
 1914   -1.423566E-06
 1915   -1.422080E-06
 1916   -1.420596E-06
 1917   -1.419115E-06
 1918   -1.417636E-06
 1919   -1.416159E-06
 1920   -1.414684E-06
 1921   -1.357354E-06
 1922   -1.355942E-06
 1923   -1.354533E-06
 1924   -1.353125E-06
 1925   -1.351720E-06
 1926   -1.350317E-06
 1927   -1.348916E-06
 1928   -1.347518E-06
 1929   -1.346121E-06
 1930   -1.344727E-06
 1931   -1.377290E-06
 1932   -1.375865E-06
 1933   -1.374442E-06
 1934   -1.373022E-06
 1935   -1.371603E-06
 1936   -1.370187E-06
 1937   -1.368773E-06
 1938   -1.367361E-06
 1939   -1.365952E-06
 1940   -1.364544E-06
 1941   -1.192265E-06
 1942   -1.191037E-06
 1943   -1.189812E-06
 1944   -1.188589E-06
 1945   -1.187367E-06
 1946   -1.186147E-06
 1947   -1.184930E-06
 1948   -1.183714E-06
 1949   -1.182500E-06
 1950   -1.181287E-06
 1951   -1.018985E-06
 1952   -1.017941E-06
 1953   -1.016900E-06
 1954   -1.015859E-06
 1955   -1.014821E-06
 1956   -1.013783E-06
 1957   -1.012748E-06
 1958   -1.011714E-06
 1959   -1.010682E-06
 1960   -1.009651E-06
 1961   -8.805419E-07
 1962   -8.796447E-07
 1963   -8.787490E-07
 1964   -8.778546E-07
 1965   -8.769615E-07
 1966   -8.760698E-07
 1967   -8.751795E-07
 1968   -8.742906E-07
 1969   -8.734030E-07
 1970   -8.725167E-07
 1971   -8.282489E-07
 1972   -8.274093E-07
 1973   -8.265710E-07
 1974   -8.257340E-07
 1975   -8.248982E-07
 1976   -8.240637E-07
 1977   -8.232305E-07
 1978   -8.223985E-07
 1979   -8.215678E-07
 1980   -8.207384E-07
 1981   -8.189463E-07
 1982   -8.181204E-07
 1983   -8.172957E-07
 1984   -8.164722E-07
 1985   -8.156500E-07
 1986   -8.148290E-07
 1987   -8.140092E-07
 1988   -8.131907E-07
 1989   -8.123734E-07
 1990   -8.115574E-07
 1991   -7.402312E-07
 1992   -7.394884E-07
 1993   -7.387467E-07
 1994   -7.380061E-07
 1995   -7.372666E-07
 1996   -7.365282E-07
 1997   -7.357909E-07
 1998   -7.350548E-07
 1999   -7.343197E-07
 2000   -7.335858E-07
 2001   -6.202863E-07
 2002   -6.196669E-07
 2003   -6.190485E-07
 2004   -6.184310E-07
 2005   -6.178144E-07
 2006   -6.171987E-07
 2007   -6.165840E-07
 2008   -6.159702E-07
 2009   -6.153573E-07
 2010   -6.147453E-07
 2011   -5.411666E-07
 2012   -5.406289E-07
 2013   -5.400921E-07
 2014   -5.395560E-07
 2015   -5.390207E-07
 2016   -5.384862E-07
 2017   -5.379526E-07
 2018   -5.374197E-07
 2019   -5.368876E-07
 2020   -5.363563E-07
 2021   -5.166666E-07
 2022   -5.161558E-07
 2023   -5.156458E-07
 2024   -5.151365E-07
 2025   -5.146280E-07
 2026   -5.141202E-07
 2027   -5.136132E-07
 2028   -5.131069E-07
 2029   -5.126014E-07
 2030   -5.120966E-07
 2031   -5.127879E-07
 2032   -5.122835E-07
 2033   -5.117797E-07
 2034   -5.112768E-07
 2035   -5.107745E-07
 2036   -5.102730E-07
 2037   -5.097723E-07
 2038   -5.092723E-07
 2039   -5.087730E-07
 2040   -5.082744E-07
 2041   -4.483674E-07
 2042   -4.479285E-07
 2043   -4.474902E-07
 2044   -4.470526E-07
 2045   -4.466156E-07
 2046   -4.461792E-07
 2047   -4.457435E-07
 2048   -4.453084E-07
 2049   -4.448740E-07
 2050   -4.444402E-07
 2051   -3.699734E-07
 2052   -3.696130E-07
 2053   -3.692531E-07
 2054   -3.688937E-07
 2055   -3.685348E-07
 2056   -3.681765E-07
 2057   -3.678187E-07
 2058   -3.674614E-07
 2059   -3.671047E-07
 2060   -3.667484E-07
 2061   -3.187887E-07
 2062   -3.184796E-07
 2063   -3.181710E-07
 2064   -3.178629E-07
 2065   -3.175551E-07
 2066   -3.172479E-07
 2067   -3.169411E-07
 2068   -3.166347E-07
 2069   -3.163288E-07
 2070   -3.160233E-07
 2071   -2.986409E-07
 2072   -2.983528E-07
 2073   -2.980651E-07
 2074   -2.977778E-07
 2075   -2.974909E-07
 2076   -2.972044E-07
 2077   -2.969184E-07
 2078   -2.966328E-07
 2079   -2.963475E-07
 2080   -2.960627E-07
 2081   -2.944618E-07
 2082   -2.941790E-07
 2083   -2.938967E-07
 2084   -2.936148E-07
 2085   -2.933333E-07
 2086   -2.930522E-07
 2087   -2.927715E-07
 2088   -2.924912E-07
 2089   -2.922113E-07
 2090   -2.919318E-07
 2091   -2.660116E-07
 2092   -2.657574E-07
 2093   -2.655036E-07
 2094   -2.652501E-07
 2095   -2.649970E-07
 2096   -2.647443E-07
 2097   -2.644919E-07
 2098   -2.642399E-07
 2099   -2.639882E-07
 2100   -2.637369E-07
 2101   -2.321386E-07
 2102   -2.319178E-07
 2103   -2.316973E-07
 2104   -2.314772E-07
 2105   -2.312574E-07
 2106   -2.310379E-07
 2107   -2.308187E-07
 2108   -2.305998E-07
 2109   -2.303812E-07
 2110   -2.301629E-07
 2111   -2.062172E-07
 2112   -2.060220E-07
 2113   -2.058271E-07
 2114   -2.056325E-07
 2115   -2.054381E-07
 2116   -2.052440E-07
 2117   -2.050502E-07
 2118   -2.048567E-07
 2119   -2.046634E-07
 2120   -2.044704E-07
 2121   -2.017110E-07
 2122   -2.015210E-07
 2123   -2.013312E-07
 2124   -2.011417E-07
 2125   -2.009525E-07
 2126   -2.007635E-07
 2127   -2.005749E-07
 2128   -2.003864E-07
 2129   -2.001983E-07
 2130   -2.000104E-07
 2131   -1.973549E-07
 2132   -1.971699E-07
 2133   -1.969851E-07
 2134   -1.968006E-07
 2135   -1.966163E-07
 2136   -1.964323E-07
 2137   -1.962485E-07
 2138   -1.960650E-07
 2139   -1.958818E-07
 2140   -1.956988E-07
 2141   -1.896963E-07
 2142   -1.895193E-07
 2143   -1.893425E-07
 2144   -1.891659E-07
 2145   -1.889897E-07
 2146   -1.888136E-07
 2147   -1.886378E-07
 2148   -1.884622E-07
 2149   -1.882869E-07
 2150   -1.881119E-07
 2151   -1.748608E-07
 2152   -1.746983E-07
 2153   -1.745361E-07
 2154   -1.743741E-07
 2155   -1.742124E-07
 2156   -1.740508E-07
 2157   -1.738895E-07
 2158   -1.737285E-07
 2159   -1.735676E-07
 2160   -1.734070E-07
 2161   -1.723605E-07
 2162   -1.722011E-07
 2163   -1.720420E-07
 2164   -1.718831E-07
 2165   -1.717244E-07
 2166   -1.715659E-07
 2167   -1.714076E-07
 2168   -1.712495E-07
 2169   -1.710917E-07
 2170   -1.709341E-07
 2171   -1.680621E-07
 2172   -1.679074E-07
 2173   -1.677529E-07
 2174   -1.675987E-07
 2175   -1.674446E-07
 2176   -1.672908E-07
 2177   -1.671372E-07
 2178   -1.669838E-07
 2179   -1.668306E-07
 2180   -1.666776E-07
 2181   -1.662691E-07
 2182   -1.661168E-07
 2183   -1.659646E-07
 2184   -1.658127E-07
 2185   -1.656610E-07
 2186   -1.655095E-07
 2187   -1.653582E-07
 2188   -1.652072E-07
 2189   -1.650563E-07
 2190   -1.649056E-07
 2191   -1.687396E-07
 2192   -1.685858E-07
 2193   -1.684321E-07
 2194   -1.682786E-07
 2195   -1.681253E-07
 2196   -1.679723E-07
 2197   -1.678195E-07
 2198   -1.676668E-07
 2199   -1.675144E-07
 2200   -1.673622E-07
 2201   -1.734591E-07
 2202   -1.733016E-07
 2203   -1.731444E-07
 2204   -1.729873E-07
 2205   -1.728305E-07
 2206   -1.726739E-07
 2207   -1.725174E-07
 2208   -1.723613E-07
 2209   -1.722053E-07
 2210   -1.720495E-07
 2211   -1.736603E-07
 2212   -1.735034E-07
 2213   -1.733466E-07
 2214   -1.731901E-07
 2215   -1.730338E-07
 2216   -1.728777E-07
 2217   -1.727218E-07
 2218   -1.725661E-07
 2219   -1.724107E-07
 2220   -1.722554E-07
 2221   -1.759616E-07
 2222   -1.758032E-07
 2223   -1.756451E-07
 2224   -1.754873E-07
 2225   -1.753296E-07
 2226   -1.751721E-07
 2227   -1.750149E-07
 2228   -1.748579E-07
 2229   -1.747010E-07
 2230   -1.745444E-07
 2231   -1.747636E-07
 2232   -1.746071E-07
 2233   -1.744508E-07
 2234   -1.742947E-07
 2235   -1.741388E-07
 2236   -1.739831E-07
 2237   -1.738276E-07
 2238   -1.736723E-07
 2239   -1.735173E-07
 2240   -1.733624E-07
 2241   -1.884056E-07
 2242   -1.882376E-07
 2243   -1.880698E-07
 2244   -1.879023E-07
 2245   -1.877349E-07
 2246   -1.875678E-07
 2247   -1.874010E-07
 2248   -1.872343E-07
 2249   -1.870679E-07
 2250   -1.869017E-07
 2251   -1.958383E-07
 2252   -1.956644E-07
 2253   -1.954908E-07
 2254   -1.953174E-07
 2255   -1.951443E-07
 2256   -1.949714E-07
 2257   -1.947987E-07
 2258   -1.946262E-07
 2259   -1.944540E-07
 2260   -1.942820E-07
 2261   -2.044063E-07
 2262   -2.042257E-07
 2263   -2.040453E-07
 2264   -2.038651E-07
 2265   -2.036851E-07
 2266   -2.035055E-07
 2267   -2.033260E-07
 2268   -2.031468E-07
 2269   -2.029678E-07
 2270   -2.027890E-07
 2271   -2.084754E-07
 2272   -2.082919E-07
 2273   -2.081087E-07
 2274   -2.079258E-07
 2275   -2.077431E-07
 2276   -2.075606E-07
 2277   -2.073784E-07
 2278   -2.071964E-07
 2279   -2.070146E-07
 2280   -2.068331E-07
 2281   -2.103799E-07
 2282   -2.101956E-07
 2283   -2.100115E-07
 2284   -2.098277E-07
 2285   -2.096441E-07
 2286   -2.094608E-07
 2287   -2.092777E-07
 2288   -2.090949E-07
 2289   -2.089122E-07
 2290   -2.087299E-07
 2291   -2.247840E-07
 2292   -2.245880E-07
 2293   -2.243922E-07
 2294   -2.241966E-07
 2295   -2.240013E-07
 2296   -2.238063E-07
 2297   -2.236115E-07
 2298   -2.234170E-07
 2299   -2.232227E-07
 2300   -2.230287E-07
 2301   -2.337831E-07
 2302   -2.335801E-07
 2303   -2.333773E-07
 2304   -2.331748E-07
 2305   -2.329726E-07
 2306   -2.327706E-07
 2307   -2.325689E-07
 2308   -2.323675E-07
 2309   -2.321663E-07
 2310   -2.319654E-07
 2311   -2.472991E-07
 2312   -2.470853E-07
 2313   -2.468717E-07
 2314   -2.466585E-07
 2315   -2.464455E-07
 2316   -2.462327E-07
 2317   -2.460203E-07
 2318   -2.458081E-07
 2319   -2.455962E-07
 2320   -2.453846E-07
 2321   -2.454880E-07
 2322   -2.452767E-07
 2323   -2.450656E-07
 2324   -2.448548E-07
 2325   -2.446443E-07
 2326   -2.444340E-07
 2327   -2.442240E-07
 2328   -2.440143E-07
 2329   -2.438048E-07
 2330   -2.435956E-07
 2331   -2.487042E-07
 2332   -2.484910E-07
 2333   -2.482780E-07
 2334   -2.480654E-07
 2335   -2.478530E-07
 2336   -2.476409E-07
 2337   -2.474290E-07
 2338   -2.472175E-07
 2339   -2.470062E-07
 2340   -2.467951E-07
 2341   -2.666155E-07
 2342   -2.663879E-07
 2343   -2.661606E-07
 2344   -2.659336E-07
 2345   -2.657069E-07
 2346   -2.654805E-07
 2347   -2.652544E-07
 2348   -2.650285E-07
 2349   -2.648030E-07
 2350   -2.645777E-07
 2351   -2.686469E-07
 2352   -2.684185E-07
 2353   -2.681905E-07
 2354   -2.679627E-07
 2355   -2.677353E-07
 2356   -2.675081E-07
 2357   -2.672812E-07
 2358   -2.670546E-07
 2359   -2.668283E-07
 2360   -2.666022E-07
 2361   -2.827931E-07
 2362   -2.825537E-07
 2363   -2.823147E-07
 2364   -2.820760E-07
 2365   -2.818375E-07
 2366   -2.815994E-07
 2367   -2.813615E-07
 2368   -2.811240E-07
 2369   -2.808868E-07
 2370   -2.806498E-07
 2371   -2.851428E-07
 2372   -2.849025E-07
 2373   -2.846625E-07
 2374   -2.844228E-07
 2375   -2.841834E-07
 2376   -2.839443E-07
 2377   -2.837055E-07
 2378   -2.834669E-07
 2379   -2.832287E-07
 2380   -2.829908E-07
 2381   -2.839953E-07
 2382   -2.837569E-07
 2383   -2.835189E-07
 2384   -2.832811E-07
 2385   -2.830437E-07
 2386   -2.828065E-07
 2387   -2.825697E-07
 2388   -2.823331E-07
 2389   -2.820968E-07
 2390   -2.818609E-07
 2391   -2.976889E-07
 2392   -2.974401E-07
 2393   -2.971916E-07
 2394   -2.969434E-07
 2395   -2.966956E-07
 2396   -2.964480E-07
 2397   -2.962008E-07
 2398   -2.959538E-07
 2399   -2.957072E-07
 2400   -2.954609E-07
 2401   -2.975453E-07
 2402   -2.972977E-07
 2403   -2.970503E-07
 2404   -2.968033E-07
 2405   -2.965566E-07
 2406   -2.963102E-07
 2407   -2.960641E-07
 2408   -2.958183E-07
 2409   -2.955728E-07
 2410   -2.953276E-07
 2411   -3.097405E-07
 2412   -3.094838E-07
 2413   -3.092274E-07
 2414   -3.089713E-07
 2415   -3.087155E-07
 2416   -3.084601E-07
 2417   -3.082049E-07
 2418   -3.079501E-07
 2419   -3.076956E-07
 2420   -3.074414E-07
 2421   -3.071221E-07
 2422   -3.068686E-07
 2423   -3.066154E-07
 2424   -3.063625E-07
 2425   -3.061099E-07
 2426   -3.058577E-07
 2427   -3.056057E-07
 2428   -3.053541E-07
 2429   -3.051028E-07
 2430   -3.048518E-07
 2431   -3.087986E-07
 2432   -3.085448E-07
 2433   -3.082912E-07
 2434   -3.080380E-07
 2435   -3.077851E-07
 2436   -3.075325E-07
 2437   -3.072803E-07
 2438   -3.070283E-07
 2439   -3.067766E-07
 2440   -3.065253E-07
 2441   -3.157162E-07
 2442   -3.154578E-07
 2443   -3.151996E-07
 2444   -3.149418E-07
 2445   -3.146843E-07
 2446   -3.144271E-07
 2447   -3.141702E-07
 2448   -3.139136E-07
 2449   -3.136573E-07
 2450   -3.134014E-07
 2451   -3.045433E-07
 2452   -3.042950E-07
 2453   -3.040470E-07
 2454   -3.037993E-07
 2455   -3.035519E-07
 2456   -3.033048E-07
 2457   -3.030580E-07
 2458   -3.028115E-07
 2459   -3.025653E-07
 2460   -3.023195E-07
 2461   -3.162778E-07
 2462   -3.160210E-07
 2463   -3.157644E-07
 2464   -3.155083E-07
 2465   -3.152524E-07
 2466   -3.149968E-07
 2467   -3.147415E-07
 2468   -3.144866E-07
 2469   -3.142319E-07
 2470   -3.139776E-07
 2471   -3.107588E-07
 2472   -3.105075E-07
 2473   -3.102565E-07
 2474   -3.100058E-07
 2475   -3.097554E-07
 2476   -3.095053E-07
 2477   -3.092555E-07
 2478   -3.090060E-07
 2479   -3.087568E-07
 2480   -3.085079E-07
 2481   -3.112681E-07
 2482   -3.110174E-07
 2483   -3.107670E-07
 2484   -3.105168E-07
 2485   -3.102670E-07
 2486   -3.100175E-07
 2487   -3.097683E-07
 2488   -3.095194E-07
 2489   -3.092708E-07
 2490   -3.090225E-07
 2491   -3.148693E-07
 2492   -3.146167E-07
 2493   -3.143644E-07
 2494   -3.141124E-07
 2495   -3.138607E-07
 2496   -3.136093E-07
 2497   -3.133582E-07
 2498   -3.131074E-07
 2499   -3.128569E-07
 2500   -3.126067E-07
 2501   -3.108270E-07
 2502   -3.105787E-07
 2503   -3.103306E-07
 2504   -3.100828E-07
 2505   -3.098354E-07
 2506   -3.095882E-07
 2507   -3.093413E-07
 2508   -3.090947E-07
 2509   -3.088484E-07
 2510   -3.086024E-07
 2511   -3.230902E-07
 2512   -3.228330E-07
 2513   -3.225762E-07
 2514   -3.223197E-07
 2515   -3.220635E-07
 2516   -3.218076E-07
 2517   -3.215520E-07
 2518   -3.212967E-07
 2519   -3.210417E-07
 2520   -3.207870E-07
 2521   -3.051002E-07
 2522   -3.048583E-07
 2523   -3.046167E-07
 2524   -3.043755E-07
 2525   -3.041345E-07
 2526   -3.038938E-07
 2527   -3.036533E-07
 2528   -3.034132E-07
 2529   -3.031733E-07
 2530   -3.029338E-07
 2531   -3.124720E-07
 2532   -3.122253E-07
 2533   -3.119789E-07
 2534   -3.117327E-07
 2535   -3.114869E-07
 2536   -3.112413E-07
 2537   -3.109961E-07
 2538   -3.107511E-07
 2539   -3.105064E-07
 2540   -3.102620E-07
 2541   -3.103223E-07
 2542   -3.100782E-07
 2543   -3.098345E-07
 2544   -3.095910E-07
 2545   -3.093478E-07
 2546   -3.091049E-07
 2547   -3.088622E-07
 2548   -3.086199E-07
 2549   -3.083779E-07
 2550   -3.081361E-07
 2551   -2.996550E-07
 2552   -2.994203E-07
 2553   -2.991858E-07
 2554   -2.989516E-07
 2555   -2.987177E-07
 2556   -2.984840E-07
 2557   -2.982507E-07
 2558   -2.980176E-07
 2559   -2.977847E-07
 2560   -2.975522E-07
 2561   -2.992789E-07
 2562   -2.990453E-07
 2563   -2.988121E-07
 2564   -2.985791E-07
 2565   -2.983464E-07
 2566   -2.981139E-07
 2567   -2.978817E-07
 2568   -2.976498E-07
 2569   -2.974182E-07
 2570   -2.971868E-07
 2571   -2.928442E-07
 2572   -2.926166E-07
 2573   -2.923892E-07
 2574   -2.921621E-07
 2575   -2.919353E-07
 2576   -2.917087E-07
 2577   -2.914824E-07
 2578   -2.912564E-07
 2579   -2.910306E-07
 2580   -2.908051E-07
 2581   -2.985179E-07
 2582   -2.982867E-07
 2583   -2.980559E-07
 2584   -2.978253E-07
 2585   -2.975949E-07
 2586   -2.973649E-07
 2587   -2.971351E-07
 2588   -2.969055E-07
 2589   -2.966763E-07
 2590   -2.964472E-07
 2591   -2.867333E-07
 2592   -2.865121E-07
 2593   -2.862912E-07
 2594   -2.860706E-07
 2595   -2.858502E-07
 2596   -2.856301E-07
 2597   -2.854102E-07
 2598   -2.851905E-07
 2599   -2.849712E-07
 2600   -2.847520E-07
 2601   -2.758722E-07
 2602   -2.756602E-07
 2603   -2.754485E-07
 2604   -2.752370E-07
 2605   -2.750258E-07
 2606   -2.748148E-07
 2607   -2.746040E-07
 2608   -2.743935E-07
 2609   -2.741833E-07
 2610   -2.739733E-07
 2611   -2.679273E-07
 2612   -2.677222E-07
 2613   -2.675174E-07
 2614   -2.673128E-07
 2615   -2.671084E-07
 2616   -2.669043E-07
 2617   -2.667004E-07
 2618   -2.664967E-07
 2619   -2.662933E-07
 2620   -2.660901E-07
 2621   -2.655045E-07
 2622   -2.653021E-07
 2623   -2.650999E-07
 2624   -2.648979E-07
 2625   -2.646962E-07
 2626   -2.644946E-07
 2627   -2.642933E-07
 2628   -2.640923E-07
 2629   -2.638915E-07
 2630   -2.636908E-07
 2631   -2.659201E-07
 2632   -2.657181E-07
 2633   -2.655163E-07
 2634   -2.653148E-07
 2635   -2.651135E-07
 2636   -2.649124E-07
 2637   -2.647116E-07
 2638   -2.645110E-07
 2639   -2.643106E-07
 2640   -2.641104E-07
 2641   -2.534171E-07
 2642   -2.532254E-07
 2643   -2.530338E-07
 2644   -2.528425E-07
 2645   -2.526514E-07
 2646   -2.524605E-07
 2647   -2.522698E-07
 2648   -2.520793E-07
 2649   -2.518891E-07
 2650   -2.516991E-07
 2651   -2.434731E-07
 2652   -2.432896E-07
 2653   -2.431062E-07
 2654   -2.429231E-07
 2655   -2.427402E-07
 2656   -2.425575E-07
 2657   -2.423749E-07
 2658   -2.421926E-07
 2659   -2.420105E-07
 2660   -2.418286E-07
 2661   -2.343863E-07
 2662   -2.342102E-07
 2663   -2.340344E-07
 2664   -2.338588E-07
 2665   -2.336833E-07
 2666   -2.335081E-07
 2667   -2.333331E-07
 2668   -2.331582E-07
 2669   -2.329836E-07
 2670   -2.328091E-07
 2671   -2.323499E-07
 2672   -2.321760E-07
 2673   -2.320024E-07
 2674   -2.318289E-07
 2675   -2.316556E-07
 2676   -2.314826E-07
 2677   -2.313097E-07
 2678   -2.311370E-07
 2679   -2.309645E-07
 2680   -2.307922E-07
 2681   -2.307217E-07
 2682   -2.305497E-07
 2683   -2.303780E-07
 2684   -2.302064E-07
 2685   -2.300349E-07
 2686   -2.298637E-07
 2687   -2.296927E-07
 2688   -2.295218E-07
 2689   -2.293512E-07
 2690   -2.291807E-07
 2691   -2.219380E-07
 2692   -2.217732E-07
 2693   -2.216086E-07
 2694   -2.214441E-07
 2695   -2.212798E-07
 2696   -2.211157E-07
 2697   -2.209518E-07
 2698   -2.207881E-07
 2699   -2.206246E-07
 2700   -2.204612E-07
 2701   -2.091199E-07
 2702   -2.089652E-07
 2703   -2.088106E-07
 2704   -2.086562E-07
 2705   -2.085020E-07
 2706   -2.083480E-07
 2707   -2.081941E-07
 2708   -2.080404E-07
 2709   -2.078869E-07
 2710   -2.077335E-07
 2711   -2.021315E-07
 2712   -2.019825E-07
 2713   -2.018336E-07
 2714   -2.016850E-07
 2715   -2.015364E-07
 2716   -2.013881E-07
 2717   -2.012399E-07
 2718   -2.010919E-07
 2719   -2.009440E-07
 2720   -2.007963E-07
 2721   -2.000475E-07
 2722   -1.999006E-07
 2723   -1.997538E-07
 2724   -1.996072E-07
 2725   -1.994608E-07
 2726   -1.993145E-07
 2727   -1.991684E-07
 2728   -1.990224E-07
 2729   -1.988766E-07
 2730   -1.987310E-07
 2731   -1.950565E-07
 2732   -1.949137E-07
 2733   -1.947711E-07
 2734   -1.946287E-07
 2735   -1.944864E-07
 2736   -1.943443E-07
 2737   -1.942024E-07
 2738   -1.940606E-07
 2739   -1.939189E-07
 2740   -1.937774E-07
 2741   -1.867718E-07
 2742   -1.866356E-07
 2743   -1.864996E-07
 2744   -1.863637E-07
 2745   -1.862279E-07
 2746   -1.860924E-07
 2747   -1.859569E-07
 2748   -1.858216E-07
 2749   -1.856865E-07
 2750   -1.855515E-07
 2751   -1.771136E-07
 2752   -1.769849E-07
 2753   -1.768564E-07
 2754   -1.767280E-07
 2755   -1.765998E-07
 2756   -1.764717E-07
 2757   -1.763437E-07
 2758   -1.762159E-07
 2759   -1.760882E-07
 2760   -1.759606E-07
 2761   -1.654288E-07
 2762   -1.653090E-07
 2763   -1.651894E-07
 2764   -1.650699E-07
 2765   -1.649506E-07
 2766   -1.648314E-07
 2767   -1.647123E-07
 2768   -1.645933E-07
 2769   -1.644745E-07
 2770   -1.643557E-07
 2771   -1.672614E-07
 2772   -1.671408E-07
 2773   -1.670203E-07
 2774   -1.668999E-07
 2775   -1.667797E-07
 2776   -1.666595E-07
 2777   -1.665396E-07
 2778   -1.664197E-07
 2779   -1.663000E-07
 2780   -1.661804E-07
 2781   -1.600614E-07
 2782   -1.599464E-07
 2783   -1.598315E-07
 2784   -1.597167E-07
 2785   -1.596021E-07
 2786   -1.594875E-07
 2787   -1.593731E-07
 2788   -1.592588E-07
 2789   -1.591447E-07
 2790   -1.590306E-07
 2791   -1.547040E-07
 2792   -1.545932E-07
 2793   -1.544826E-07
 2794   -1.543720E-07
 2795   -1.542616E-07
 2796   -1.541513E-07
 2797   -1.540411E-07
 2798   -1.539310E-07
 2799   -1.538211E-07
 2800   -1.537113E-07
 2801   -1.462294E-07
 2802   -1.461251E-07
 2803   -1.460208E-07
 2804   -1.459167E-07
 2805   -1.458127E-07
 2806   -1.457088E-07
 2807   -1.456051E-07
 2808   -1.455014E-07
 2809   -1.453978E-07
 2810   -1.452944E-07
 2811   -1.361233E-07
 2812   -1.360266E-07
 2813   -1.359299E-07
 2814   -1.358333E-07
 2815   -1.357368E-07
 2816   -1.356405E-07
 2817   -1.355442E-07
 2818   -1.354480E-07
 2819   -1.353520E-07
 2820   -1.352560E-07
 2821   -1.381704E-07
 2822   -1.380725E-07
 2823   -1.379747E-07
 2824   -1.378771E-07
 2825   -1.377795E-07
 2826   -1.376820E-07
 2827   -1.375846E-07
 2828   -1.374874E-07
 2829   -1.373902E-07
 2830   -1.372931E-07
 2831   -1.306837E-07
 2832   -1.305915E-07
 2833   -1.304993E-07
 2834   -1.304073E-07
 2835   -1.303153E-07
 2836   -1.302234E-07
 2837   -1.301317E-07
 2838   -1.300400E-07
 2839   -1.299484E-07
 2840   -1.298569E-07
 2841   -1.256895E-07
 2842   -1.256010E-07
 2843   -1.255127E-07
 2844   -1.254245E-07
 2845   -1.253363E-07
 2846   -1.252483E-07
 2847   -1.251603E-07
 2848   -1.250725E-07
 2849   -1.249847E-07
 2850   -1.248970E-07
 2851   -1.156948E-07
 2852   -1.156137E-07
 2853   -1.155327E-07
 2854   -1.154518E-07
 2855   -1.153709E-07
 2856   -1.152902E-07
 2857   -1.152095E-07
 2858   -1.151289E-07
 2859   -1.150484E-07
 2860   -1.149680E-07
 2861   -1.057596E-07
 2862   -1.056857E-07
 2863   -1.056119E-07
 2864   -1.055382E-07
 2865   -1.054645E-07
 2866   -1.053910E-07
 2867   -1.053175E-07
 2868   -1.052440E-07
 2869   -1.051707E-07
 2870   -1.050974E-07
 2871   -1.071983E-07
 2872   -1.071237E-07
 2873   -1.070491E-07
 2874   -1.069746E-07
 2875   -1.069002E-07
 2876   -1.068259E-07
 2877   -1.067517E-07
 2878   -1.066775E-07
 2879   -1.066035E-07
 2880   -1.065295E-07
 2881   -1.020732E-07
 2882   -1.020024E-07
 2883   -1.019316E-07
 2884   -1.018610E-07
 2885   -1.017904E-07
 2886   -1.017199E-07
 2887   -1.016494E-07
 2888   -1.015791E-07
 2889   -1.015088E-07
 2890   -1.014385E-07
 2891   -9.773424E-08
 2892   -9.766668E-08
 2893   -9.759918E-08
 2894   -9.753175E-08
 2895   -9.746440E-08
 2896   -9.739711E-08
 2897   -9.732989E-08
 2898   -9.726275E-08
 2899   -9.719567E-08
 2900   -9.712866E-08
 2901   -8.824466E-08
 2902   -8.818386E-08
 2903   -8.812313E-08
 2904   -8.806246E-08
 2905   -8.800185E-08
 2906   -8.794131E-08
 2907   -8.788083E-08
 2908   -8.782041E-08
 2909   -8.776005E-08
 2910   -8.769975E-08
 2911   -8.090234E-08
 2912   -8.084679E-08
 2913   -8.079131E-08
 2914   -8.073587E-08
 2915   -8.068050E-08
 2916   -8.062518E-08
 2917   -8.056992E-08
 2918   -8.051472E-08
 2919   -8.045957E-08
 2920   -8.040448E-08
 2921   -8.222841E-08
 2922   -8.217215E-08
 2923   -8.211595E-08
 2924   -8.205980E-08
 2925   -8.200371E-08
 2926   -8.194767E-08
 2927   -8.189170E-08
 2928   -8.183578E-08
 2929   -8.177992E-08
 2930   -8.172412E-08
 2931   -7.721793E-08
 2932   -7.716528E-08
 2933   -7.711268E-08
 2934   -7.706013E-08
 2935   -7.700764E-08
 2936   -7.695520E-08
 2937   -7.690281E-08
 2938   -7.685048E-08
 2939   -7.679820E-08
 2940   -7.674597E-08
 2941   -7.444142E-08
 2942   -7.439083E-08
 2943   -7.434029E-08
 2944   -7.428980E-08
 2945   -7.423937E-08
 2946   -7.418899E-08
 2947   -7.413865E-08
 2948   -7.408837E-08
 2949   -7.403814E-08
 2950   -7.398797E-08
 2951   -6.593152E-08
 2952   -6.588687E-08
 2953   -6.584226E-08
 2954   -6.579770E-08
 2955   -6.575318E-08
 2956   -6.570871E-08
 2957   -6.566428E-08
 2958   -6.561990E-08
 2959   -6.557556E-08
 2960   -6.553127E-08
 2961   -6.101622E-08
 2962   -6.097504E-08
 2963   -6.093389E-08
 2964   -6.089279E-08
 2965   -6.085173E-08
 2966   -6.081071E-08
 2967   -6.076973E-08
 2968   -6.072880E-08
 2969   -6.068790E-08
 2970   -6.064705E-08
 2971   -6.065045E-08
 2972   -6.060965E-08
 2973   -6.056889E-08
 2974   -6.052817E-08
 2975   -6.048749E-08
 2976   -6.044686E-08
 2977   -6.040626E-08
 2978   -6.036571E-08
 2979   -6.032519E-08
 2980   -6.028472E-08
 2981   -5.762740E-08
 2982   -5.758877E-08
 2983   -5.755017E-08
 2984   -5.751161E-08
 2985   -5.747309E-08
 2986   -5.743461E-08
 2987   -5.739616E-08
 2988   -5.735776E-08
 2989   -5.731939E-08
 2990   -5.728106E-08
 2991   -5.528795E-08
 2992   -5.525100E-08
 2993   -5.521409E-08
 2994   -5.517722E-08
 2995   -5.514039E-08
 2996   -5.510359E-08
 2997   -5.506683E-08
 2998   -5.503011E-08
 2999   -5.499342E-08
 3000   -5.495677E-08
 3001   -4.896568E-08
 3002   -4.893307E-08
 3003   -4.890049E-08
 3004   -4.886794E-08
 3005   -4.883543E-08
 3006   -4.880295E-08
 3007   -4.877050E-08
 3008   -4.873809E-08
 3009   -4.870570E-08
 3010   -4.867335E-08
 3011   -4.496645E-08
 3012   -4.493660E-08
 3013   -4.490678E-08
 3014   -4.487699E-08
 3015   -4.484723E-08
 3016   -4.481750E-08
 3017   -4.478780E-08
 3018   -4.475813E-08
 3019   -4.472849E-08
 3020   -4.469888E-08
 3021   -4.484525E-08
 3022   -4.481558E-08
 3023   -4.478594E-08
 3024   -4.475633E-08
 3025   -4.472675E-08
 3026   -4.469719E-08
 3027   -4.466767E-08
 3028   -4.463818E-08
 3029   -4.460871E-08
 3030   -4.457928E-08
 3031   -4.243436E-08
 3032   -4.240638E-08
 3033   -4.237843E-08
 3034   -4.235050E-08
 3035   -4.232260E-08
 3036   -4.229473E-08
 3037   -4.226689E-08
 3038   -4.223907E-08
 3039   -4.221128E-08
 3040   -4.218352E-08
 3041   -4.077044E-08
 3042   -4.074365E-08
 3043   -4.071688E-08
 3044   -4.069014E-08
 3045   -4.066342E-08
 3046   -4.063673E-08
 3047   -4.061006E-08
 3048   -4.058342E-08
 3049   -4.055681E-08
 3050   -4.053023E-08
 3051   -3.674505E-08
 3052   -3.672098E-08
 3053   -3.669693E-08
 3054   -3.667291E-08
 3055   -3.664891E-08
 3056   -3.662493E-08
 3057   -3.660098E-08
 3058   -3.657705E-08
 3059   -3.655314E-08
 3060   -3.652926E-08
 3061   -3.404232E-08
 3062   -3.402009E-08
 3063   -3.399788E-08
 3064   -3.397570E-08
 3065   -3.395353E-08
 3066   -3.393139E-08
 3067   -3.390927E-08
 3068   -3.388718E-08
 3069   -3.386510E-08
 3070   -3.384305E-08
 3071   -3.311390E-08
 3072   -3.309235E-08
 3073   -3.307082E-08
 3074   -3.304931E-08
 3075   -3.302782E-08
 3076   -3.300635E-08
 3077   -3.298491E-08
 3078   -3.296348E-08
 3079   -3.294207E-08
 3080   -3.292069E-08
 3081   -2.989635E-08
 3082   -2.987696E-08
 3083   -2.985758E-08
 3084   -2.983822E-08
 3085   -2.981889E-08
 3086   -2.979957E-08
 3087   -2.978027E-08
 3088   -2.976098E-08
 3089   -2.974172E-08
 3090   -2.972248E-08
 3091   -2.365887E-08
 3092   -2.364357E-08
 3093   -2.362829E-08
 3094   -2.361302E-08
 3095   -2.359777E-08
 3096   -2.358253E-08
 3097   -2.356730E-08
 3098   -2.355209E-08
 3099   -2.353690E-08
 3100   -2.352172E-08
 3101   -1.123928E-08
 3102   -1.123204E-08
 3103   -1.122480E-08
 3104   -1.121757E-08
 3105   -1.121035E-08
 3106   -1.120313E-08
 3107   -1.119592E-08
 3108   -1.118872E-08
 3109   -1.118152E-08
 3110   -1.117433E-08
 3111   -4.369134E-09
 3112   -4.366327E-09
 3113   -4.363523E-09
 3114   -4.360721E-09
 3115   -4.357922E-09
 3116   -4.355126E-09
 3117   -4.352332E-09
 3118   -4.349541E-09
 3119   -4.346753E-09
 3120   -4.343968E-09
 3121   -2.177479E-09
 3122   -2.176084E-09
 3123   -2.174691E-09
 3124   -2.173299E-09
 3125   -2.171909E-09
 3126   -2.170520E-09
 3127   -2.169132E-09
 3128   -2.167745E-09
 3129   -2.166360E-09
 3130   -2.164976E-09
 3131   -1.621113E-09
 3132   -1.620078E-09
 3133   -1.619044E-09
 3134   -1.618011E-09
 3135   -1.616979E-09
 3136   -1.615948E-09
 3137   -1.614918E-09
 3138   -1.613889E-09
 3139   -1.612861E-09
 3140   -1.611834E-09
 3141   -1.240732E-09
 3142   -1.239942E-09
 3143   -1.239154E-09
 3144   -1.238366E-09
 3145   -1.237578E-09
 3146   -1.236792E-09
 3147   -1.236006E-09
 3148   -1.235221E-09
 3149   -1.234437E-09
 3150   -1.233653E-09
 3151   -9.284575E-10
 3152   -9.278686E-10
 3153   -9.272802E-10
 3154   -9.266924E-10
 3155   -9.261051E-10
 3156   -9.255184E-10
 3157   -9.249323E-10
 3158   -9.243467E-10
 3159   -9.237616E-10
 3160   -9.231772E-10
 3161   -7.581312E-10
 3162   -7.576518E-10
 3163   -7.571729E-10
 3164   -7.566944E-10
 3165   -7.562164E-10
 3166   -7.557388E-10
 3167   -7.552617E-10
 3168   -7.547851E-10
 3169   -7.543089E-10
 3170   -7.538331E-10
 3171   -6.508093E-10
 3172   -6.503991E-10
 3173   -6.499892E-10
 3174   -6.495798E-10
 3175   -6.491707E-10
 3176   -6.487621E-10
 3177   -6.483538E-10
 3178   -6.479459E-10
 3179   -6.475384E-10
 3180   -6.471313E-10
 3181   -5.398071E-10
 3182   -5.394680E-10
 3183   -5.391291E-10
 3184   -5.387906E-10
 3185   -5.384523E-10
 3186   -5.381144E-10
 3187   -5.377768E-10
 3188   -5.374396E-10
 3189   -5.371026E-10
 3190   -5.367660E-10
 3191   -4.689008E-10
 3192   -4.686071E-10
 3193   -4.683136E-10
 3194   -4.680205E-10
 3195   -4.677276E-10
 3196   -4.674350E-10
 3197   -4.671427E-10
 3198   -4.668506E-10
 3199   -4.665588E-10
 3200   -4.662673E-10
 3201   -4.135148E-10
 3202   -4.132566E-10
 3203   -4.129987E-10
 3204   -4.127409E-10
 3205   -4.124835E-10
 3206   -4.122262E-10
 3207   -4.119692E-10
 3208   -4.117125E-10
 3209   -4.114559E-10
 3210   -4.111997E-10
 3211   -3.723178E-10
 3212   -3.720860E-10
 3213   -3.718545E-10
 3214   -3.716232E-10
 3215   -3.713921E-10
 3216   -3.711612E-10
 3217   -3.709305E-10
 3218   -3.707000E-10
 3219   -3.704698E-10
 3220   -3.702397E-10
 3221   -3.346900E-10
 3222   -3.344823E-10
 3223   -3.342748E-10
 3224   -3.340675E-10
 3225   -3.338604E-10
 3226   -3.336535E-10
 3227   -3.334468E-10
 3228   -3.332402E-10
 3229   -3.330339E-10
 3230   -3.328278E-10
 3231   -3.040104E-10
 3232   -3.038223E-10
 3233   -3.036344E-10
 3234   -3.034467E-10
 3235   -3.032592E-10
 3236   -3.030718E-10
 3237   -3.028846E-10
 3238   -3.026976E-10
 3239   -3.025107E-10
 3240   -3.023241E-10
 3241   -2.762918E-10
 3242   -2.761214E-10
 3243   -2.759511E-10
 3244   -2.757810E-10
 3245   -2.756111E-10
 3246   -2.754414E-10
 3247   -2.752718E-10
 3248   -2.751023E-10
 3249   -2.749330E-10
 3250   -2.747639E-10
 3251   -2.503427E-10
 3252   -2.501887E-10
 3253   -2.500350E-10
 3254   -2.498813E-10
 3255   -2.497278E-10
 3256   -2.495745E-10
 3257   -2.494213E-10
 3258   -2.492682E-10
 3259   -2.491153E-10
 3260   -2.489625E-10
 3261   -2.350985E-10
 3262   -2.349544E-10
 3263   -2.348104E-10
 3264   -2.346666E-10
 3265   -2.345229E-10
 3266   -2.343793E-10
 3267   -2.342359E-10
 3268   -2.340926E-10
 3269   -2.339494E-10
 3270   -2.338064E-10
 3271   -2.142094E-10
 3272   -2.140785E-10
 3273   -2.139478E-10
 3274   -2.138171E-10
 3275   -2.136866E-10
 3276   -2.135562E-10
 3277   -2.134259E-10
 3278   -2.132957E-10
 3279   -2.131656E-10
 3280   -2.130357E-10
 3281   -2.034893E-10
 3282   -2.033653E-10
 3283   -2.032415E-10
 3284   -2.031177E-10
 3285   -2.029941E-10
 3286   -2.028706E-10
 3287   -2.027472E-10
 3288   -2.026239E-10
 3289   -2.025007E-10
 3290   -2.023777E-10
 3291   -1.825664E-10
 3292   -1.824555E-10
 3293   -1.823448E-10
 3294   -1.822341E-10
 3295   -1.821235E-10
 3296   -1.820130E-10
 3297   -1.819026E-10
 3298   -1.817924E-10
 3299   -1.816822E-10
 3300   -1.815721E-10
