   50    0.000000E+00
   51    0.000000E+00
   52    0.000000E+00
   53    0.000000E+00
   54    0.000000E+00
   55    0.000000E+00
   56    0.000000E+00
   57    0.000000E+00
   58    0.000000E+00
   59    0.000000E+00
   60    0.000000E+00
   61    0.000000E+00
   62    0.000000E+00
   63    0.000000E+00
   64    0.000000E+00
   65    0.000000E+00
   66    0.000000E+00
   67    0.000000E+00
   68    0.000000E+00
   69    0.000000E+00
   70    0.000000E+00
   71    0.000000E+00
   72    0.000000E+00
   73    0.000000E+00
   74    0.000000E+00
   75    0.000000E+00
   76    0.000000E+00
   77    0.000000E+00
   78    0.000000E+00
   79    0.000000E+00
   80    0.000000E+00
   81    0.000000E+00
   82    0.000000E+00
   83    0.000000E+00
   84    0.000000E+00
   85    0.000000E+00
   86    0.000000E+00
   87    0.000000E+00
   88    0.000000E+00
   89    0.000000E+00
   90    0.000000E+00
   91    0.000000E+00
   92    0.000000E+00
   93    0.000000E+00
   94    0.000000E+00
   95    0.000000E+00
   96    0.000000E+00
   97    0.000000E+00
   98    0.000000E+00
   99    0.000000E+00
  100    0.000000E+00
  101    0.000000E+00
  102    0.000000E+00
  103    0.000000E+00
  104    0.000000E+00
  105    0.000000E+00
  106    0.000000E+00
  107    0.000000E+00
  108    0.000000E+00
  109    0.000000E+00
  110    0.000000E+00
  111    0.000000E+00
  112    0.000000E+00
  113    0.000000E+00
  114    0.000000E+00
  115    0.000000E+00
  116    0.000000E+00
  117    0.000000E+00
  118    0.000000E+00
  119    0.000000E+00
  120    0.000000E+00
  121    0.000000E+00
  122    0.000000E+00
  123    0.000000E+00
  124    0.000000E+00
  125    0.000000E+00
  126    0.000000E+00
  127    0.000000E+00
  128    0.000000E+00
  129    0.000000E+00
  130    0.000000E+00
  131    0.000000E+00
  132    0.000000E+00
  133    0.000000E+00
  134    0.000000E+00
  135    0.000000E+00
  136    0.000000E+00
  137    0.000000E+00
  138    0.000000E+00
  139    0.000000E+00
  140    0.000000E+00
  141    0.000000E+00
  142    0.000000E+00
  143    0.000000E+00
  144    0.000000E+00
  145    0.000000E+00
  146    0.000000E+00
  147    0.000000E+00
  148    0.000000E+00
  149    0.000000E+00
  150    0.000000E+00
  151    0.000000E+00
  152    0.000000E+00
  153    0.000000E+00
  154    0.000000E+00
  155    0.000000E+00
  156    0.000000E+00
  157    0.000000E+00
  158    0.000000E+00
  159    0.000000E+00
  160    0.000000E+00
  161    0.000000E+00
  162    0.000000E+00
  163    0.000000E+00
  164    0.000000E+00
  165    0.000000E+00
  166    0.000000E+00
  167    0.000000E+00
  168    0.000000E+00
  169    0.000000E+00
  170    0.000000E+00
  171    0.000000E+00
  172    0.000000E+00
  173    0.000000E+00
  174    0.000000E+00
  175    0.000000E+00
  176    0.000000E+00
  177    0.000000E+00
  178    0.000000E+00
  179    0.000000E+00
  180    0.000000E+00
  181    2.588310E-11
  182    2.560022E-11
  183    2.532196E-11
  184    2.504821E-11
  185    2.477887E-11
  186    2.451386E-11
  187    2.425307E-11
  188    2.399643E-11
  189    2.374383E-11
  190    2.349521E-11
  191    5.720897E-11
  192    5.661613E-11
  193    5.603246E-11
  194    5.545777E-11
  195    5.489187E-11
  196    5.433459E-11
  197    5.378576E-11
  198    5.324520E-11
  199    5.271275E-11
  200    5.218824E-11
  201    9.799366E-10
  202    9.702820E-10
  203    9.607695E-10
  204    9.513961E-10
  205    9.421593E-10
  206    9.330563E-10
  207    9.240846E-10
  208    9.152417E-10
  209    9.065251E-10
  210    8.979324E-10
  211    1.282453E-09
  212    1.270411E-09
  213    1.258538E-09
  214    1.246831E-09
  215    1.235286E-09
  216    1.223901E-09
  217    1.212673E-09
  218    1.201598E-09
  219    1.190674E-09
  220    1.179899E-09
  221    2.079746E-09
  222    2.061093E-09
  223    2.042691E-09
  224    2.024534E-09
  225    2.006617E-09
  226    1.988938E-09
  227    1.971491E-09
  228    1.954273E-09
  229    1.937279E-09
  230    1.920506E-09
  231    4.356718E-09
  232    4.319321E-09
  233    4.282404E-09
  234    4.245958E-09
  235    4.209975E-09
  236    4.174448E-09
  237    4.139369E-09
  238    4.104730E-09
  239    4.070524E-09
  240    4.036743E-09
  241    3.785226E-09
  242    3.754072E-09
  243    3.723301E-09
  244    3.692906E-09
  245    3.662883E-09
  246    3.633224E-09
  247    3.603924E-09
  248    3.574976E-09
  249    3.546377E-09
  250    3.518119E-09
  251    7.488025E-09
  252    7.428831E-09
  253    7.370336E-09
  254    7.312529E-09
  255    7.255400E-09
  256    7.198938E-09
  257    7.143132E-09
  258    7.087973E-09
  259    7.033450E-09
  260    6.979554E-09
  261    7.451767E-09
  262    7.395099E-09
  263    7.339076E-09
  264    7.283686E-09
  265    7.228922E-09
  266    7.174773E-09
  267    7.121230E-09
  268    7.068284E-09
  269    7.015926E-09
  270    6.964148E-09
  271    9.278972E-09
  272    9.210994E-09
  273    9.143761E-09
  274    9.077260E-09
  275    9.011483E-09
  276    8.946418E-09
  277    8.882056E-09
  278    8.818385E-09
  279    8.755396E-09
  280    8.693080E-09
  281    1.010072E-08
  282    1.002934E-08
  283    9.958708E-09
  284    9.888823E-09
  285    9.819670E-09
  286    9.751240E-09
  287    9.683523E-09
  288    9.616509E-09
  289    9.550189E-09
  290    9.484552E-09
  291    1.172711E-08
  292    1.164706E-08
  293    1.156783E-08
  294    1.148941E-08
  295    1.141178E-08
  296    1.133493E-08
  297    1.125885E-08
  298    1.118354E-08
  299    1.110899E-08
  300    1.103517E-08
  301    1.366803E-08
  302    1.357781E-08
  303    1.348848E-08
  304    1.340003E-08
  305    1.331245E-08
  306    1.322572E-08
  307    1.313984E-08
  308    1.305480E-08
  309    1.297057E-08
  310    1.288716E-08
  311    1.447465E-08
  312    1.438216E-08
  313    1.429056E-08
  314    1.419982E-08
  315    1.410995E-08
  316    1.402093E-08
  317    1.393275E-08
  318    1.384539E-08
  319    1.375886E-08
  320    1.367314E-08
  321    1.601774E-08
  322    1.591856E-08
  323    1.582029E-08
  324    1.572294E-08
  325    1.562648E-08
  326    1.553090E-08
  327    1.543620E-08
  328    1.534237E-08
  329    1.524938E-08
  330    1.515724E-08
  331    1.777567E-08
  332    1.766891E-08
  333    1.756311E-08
  334    1.745826E-08
  335    1.735434E-08
  336    1.725135E-08
  337    1.714927E-08
  338    1.704809E-08
  339    1.694781E-08
  340    1.684841E-08
  341    1.892382E-08
  342    1.881348E-08
  343    1.870410E-08
  344    1.859567E-08
  345    1.848818E-08
  346    1.838162E-08
  347    1.827598E-08
  348    1.817124E-08
  349    1.806741E-08
  350    1.796446E-08
  351    1.915755E-08
  352    1.904901E-08
  353    1.894139E-08
  354    1.883468E-08
  355    1.872887E-08
  356    1.862394E-08
  357    1.851990E-08
  358    1.841672E-08
  359    1.831441E-08
  360    1.821294E-08
  361    2.240731E-08
  362    2.228385E-08
  363    2.216141E-08
  364    2.203998E-08
  365    2.191954E-08
  366    2.180009E-08
  367    2.168161E-08
  368    2.156410E-08
  369    2.144753E-08
  370    2.133191E-08
  371    2.174830E-08
  372    2.163169E-08
  373    2.151601E-08
  374    2.140126E-08
  375    2.128742E-08
  376    2.117449E-08
  377    2.106246E-08
  378    2.095131E-08
  379    2.084104E-08
  380    2.073164E-08
  381    2.402712E-08
  382    2.390165E-08
  383    2.377716E-08
  384    2.365365E-08
  385    2.353109E-08
  386    2.340948E-08
  387    2.328881E-08
  388    2.316908E-08
  389    2.305026E-08
  390    2.293236E-08
  391    2.612309E-08
  392    2.599015E-08
  393    2.585822E-08
  394    2.572729E-08
  395    2.559735E-08
  396    2.546840E-08
  397    2.534042E-08
  398    2.521340E-08
  399    2.508733E-08
  400    2.496221E-08
  401    2.476980E-08
  402    2.464688E-08
  403    2.452486E-08
  404    2.440375E-08
  405    2.428354E-08
  406    2.416421E-08
  407    2.404575E-08
  408    2.392817E-08
  409    2.381145E-08
  410    2.369558E-08
  411    3.004780E-08
  412    2.990229E-08
  413    2.975784E-08
  414    2.961443E-08
  415    2.947205E-08
  416    2.933070E-08
  417    2.919036E-08
  418    2.905102E-08
  419    2.891269E-08
  420    2.877533E-08
  421    2.822695E-08
  422    2.809349E-08
  423    2.796098E-08
  424    2.782940E-08
  425    2.769874E-08
  426    2.756901E-08
  427    2.744018E-08
  428    2.731225E-08
  429    2.718522E-08
  430    2.705907E-08
  431    3.411834E-08
  432    3.396075E-08
  433    3.380425E-08
  434    3.364883E-08
  435    3.349447E-08
  436    3.334118E-08
  437    3.318894E-08
  438    3.303774E-08
  439    3.288756E-08
  440    3.273841E-08
  441    3.517308E-08
  442    3.501428E-08
  443    3.485656E-08
  444    3.469990E-08
  445    3.454430E-08
  446    3.438974E-08
  447    3.423621E-08
  448    3.408371E-08
  449    3.393223E-08
  450    3.378175E-08
  451    3.646272E-08
  452    3.630174E-08
  453    3.614182E-08
  454    3.598295E-08
  455    3.582513E-08
  456    3.566835E-08
  457    3.551259E-08
  458    3.535785E-08
  459    3.520412E-08
  460    3.505139E-08
  461    4.225696E-08
  462    4.207442E-08
  463    4.189307E-08
  464    4.171288E-08
  465    4.153386E-08
  466    4.135598E-08
  467    4.117924E-08
  468    4.100364E-08
  469    4.082916E-08
  470    4.065578E-08
  471    4.229938E-08
  472    4.212053E-08
  473    4.194281E-08
  474    4.176620E-08
  475    4.159072E-08
  476    4.141633E-08
  477    4.124304E-08
  478    4.107084E-08
  479    4.089971E-08
  480    4.072965E-08
  481    5.337622E-08
  482    5.315520E-08
  483    5.293555E-08
  484    5.271726E-08
  485    5.250032E-08
  486    5.228471E-08
  487    5.207043E-08
  488    5.185746E-08
  489    5.164580E-08
  490    5.143543E-08
  491    5.342845E-08
  492    5.321170E-08
  493    5.299627E-08
  494    5.278215E-08
  495    5.256931E-08
  496    5.235777E-08
  497    5.214750E-08
  498    5.193849E-08
  499    5.173073E-08
  500    5.152422E-08
  501    6.135308E-08
  502    6.110913E-08
  503    6.086664E-08
  504    6.062558E-08
  505    6.038595E-08
  506    6.014774E-08
  507    5.991094E-08
  508    5.967554E-08
  509    5.944151E-08
  510    5.920887E-08
  511    7.211749E-08
  512    7.183633E-08
  513    7.155681E-08
  514    7.127892E-08
  515    7.100264E-08
  516    7.072797E-08
  517    7.045489E-08
  518    7.018339E-08
  519    6.991345E-08
  520    6.964507E-08
  521    7.625807E-08
  522    7.596645E-08
  523    7.567650E-08
  524    7.538821E-08
  525    7.510157E-08
  526    7.481655E-08
  527    7.453315E-08
  528    7.425137E-08
  529    7.397117E-08
  530    7.369256E-08
  531    9.480491E-08
  532    9.444917E-08
  533    9.409543E-08
  534    9.374367E-08
  535    9.339388E-08
  536    9.304604E-08
  537    9.270015E-08
  538    9.235618E-08
  539    9.201412E-08
  540    9.167395E-08
  541    9.784488E-08
  542    9.748450E-08
  543    9.712610E-08
  544    9.676967E-08
  545    9.641521E-08
  546    9.606268E-08
  547    9.571209E-08
  548    9.536341E-08
  549    9.501663E-08
  550    9.467175E-08
  551    1.215976E-07
  552    1.211579E-07
  553    1.207205E-07
  554    1.202855E-07
  555    1.198528E-07
  556    1.194224E-07
  557    1.189944E-07
  558    1.185686E-07
  559    1.181452E-07
  560    1.177240E-07
  561    1.370384E-07
  562    1.365516E-07
  563    1.360674E-07
  564    1.355857E-07
  565    1.351066E-07
  566    1.346300E-07
  567    1.341560E-07
  568    1.336844E-07
  569    1.332154E-07
  570    1.327488E-07
  571    1.521320E-07
  572    1.516010E-07
  573    1.510727E-07
  574    1.505473E-07
  575    1.500245E-07
  576    1.495045E-07
  577    1.489872E-07
  578    1.484726E-07
  579    1.479606E-07
  580    1.474513E-07
  581    1.785826E-07
  582    1.779700E-07
  583    1.773605E-07
  584    1.767541E-07
  585    1.761509E-07
  586    1.755507E-07
  587    1.749536E-07
  588    1.743595E-07
  589    1.737685E-07
  590    1.731804E-07
  591    1.994481E-07
  592    1.987754E-07
  593    1.981062E-07
  594    1.974403E-07
  595    1.967777E-07
  596    1.961185E-07
  597    1.954626E-07
  598    1.948100E-07
  599    1.941606E-07
  600    1.935145E-07
  601    2.288526E-07
  602    2.280936E-07
  603    2.273383E-07
  604    2.265868E-07
  605    2.258389E-07
  606    2.250948E-07
  607    2.243544E-07
  608    2.236176E-07
  609    2.228844E-07
  610    2.221548E-07
  611    2.447036E-07
  612    2.439052E-07
  613    2.431107E-07
  614    2.423201E-07
  615    2.415333E-07
  616    2.407504E-07
  617    2.399713E-07
  618    2.391959E-07
  619    2.384243E-07
  620    2.376565E-07
  621    2.932245E-07
  622    2.922831E-07
  623    2.913463E-07
  624    2.904140E-07
  625    2.894862E-07
  626    2.885628E-07
  627    2.876438E-07
  628    2.867292E-07
  629    2.858189E-07
  630    2.849130E-07
  631    3.254278E-07
  632    3.243996E-07
  633    3.233762E-07
  634    3.223577E-07
  635    3.213440E-07
  636    3.203351E-07
  637    3.193309E-07
  638    3.183314E-07
  639    3.173366E-07
  640    3.163465E-07
  641    3.704300E-07
  642    3.692778E-07
  643    3.681310E-07
  644    3.669895E-07
  645    3.658533E-07
  646    3.647224E-07
  647    3.635967E-07
  648    3.624762E-07
  649    3.613609E-07
  650    3.602507E-07
  651    4.311154E-07
  652    4.297950E-07
  653    4.284806E-07
  654    4.271723E-07
  655    4.258699E-07
  656    4.245735E-07
  657    4.232830E-07
  658    4.219984E-07
  659    4.207196E-07
  660    4.194466E-07
  661    4.665554E-07
  662    4.651480E-07
  663    4.637470E-07
  664    4.623523E-07
  665    4.609638E-07
  666    4.595816E-07
  667    4.582056E-07
  668    4.568358E-07
  669    4.554721E-07
  670    4.541145E-07
  671    5.497824E-07
  672    5.481486E-07
  673    5.465220E-07
  674    5.449027E-07
  675    5.432906E-07
  676    5.416856E-07
  677    5.400877E-07
  678    5.384968E-07
  679    5.369130E-07
  680    5.353362E-07
  681    5.860120E-07
  682    5.842960E-07
  683    5.825876E-07
  684    5.808866E-07
  685    5.791930E-07
  686    5.775069E-07
  687    5.758281E-07
  688    5.741566E-07
  689    5.724924E-07
  690    5.708354E-07
  691    6.473329E-07
  692    6.454647E-07
  693    6.436046E-07
  694    6.417525E-07
  695    6.399084E-07
  696    6.380722E-07
  697    6.362439E-07
  698    6.344235E-07
  699    6.326109E-07
  700    6.308060E-07
  701    7.030763E-07
  702    7.010761E-07
  703    6.990844E-07
  704    6.971012E-07
  705    6.951264E-07
  706    6.931600E-07
  707    6.912019E-07
  708    6.892521E-07
  709    6.873105E-07
  710    6.853772E-07
  711    7.566936E-07
  712    7.545711E-07
  713    7.524574E-07
  714    7.503526E-07
  715    7.482567E-07
  716    7.461695E-07
  717    7.440910E-07
  718    7.420212E-07
  719    7.399601E-07
  720    7.379075E-07
  721    8.558838E-07
  722    8.535162E-07
  723    8.511584E-07
  724    8.488104E-07
  725    8.464721E-07
  726    8.441434E-07
  727    8.418243E-07
  728    8.395148E-07
  729    8.372148E-07
  730    8.349242E-07
  731    9.085768E-07
  732    9.060978E-07
  733    9.036289E-07
  734    9.011700E-07
  735    8.987212E-07
  736    8.962823E-07
  737    8.938534E-07
  738    8.914343E-07
  739    8.890250E-07
  740    8.866255E-07
  741    1.028025E-06
  742    1.025258E-06
  743    1.022501E-06
  744    1.019756E-06
  745    1.017023E-06
  746    1.014300E-06
  747    1.011588E-06
  748    1.008886E-06
  749    1.006196E-06
  750    1.003516E-06
  751    1.077310E-06
  752    1.074448E-06
  753    1.071598E-06
  754    1.068760E-06
  755    1.065932E-06
  756    1.063116E-06
  757    1.060311E-06
  758    1.057517E-06
  759    1.054734E-06
  760    1.051962E-06
  761    1.182235E-06
  762    1.179136E-06
  763    1.176049E-06
  764    1.172975E-06
  765    1.169912E-06
  766    1.166862E-06
  767    1.163823E-06
  768    1.160796E-06
  769    1.157781E-06
  770    1.154778E-06
  771    1.316728E-06
  772    1.313321E-06
  773    1.309927E-06
  774    1.306547E-06
  775    1.303180E-06
  776    1.299825E-06
  777    1.296484E-06
  778    1.293155E-06
  779    1.289839E-06
  780    1.286536E-06
  781    1.361079E-06
  782    1.357603E-06
  783    1.354139E-06
  784    1.350689E-06
  785    1.347252E-06
  786    1.343829E-06
  787    1.340418E-06
  788    1.337020E-06
  789    1.333635E-06
  790    1.330263E-06
  791    1.527735E-06
  792    1.523882E-06
  793    1.520044E-06
  794    1.516220E-06
  795    1.512410E-06
  796    1.508615E-06
  797    1.504834E-06
  798    1.501067E-06
  799    1.497314E-06
  800    1.493576E-06
  801    1.565730E-06
  802    1.561830E-06
  803    1.557945E-06
  804    1.554074E-06
  805    1.550218E-06
  806    1.546376E-06
  807    1.542548E-06
  808    1.538735E-06
  809    1.534935E-06
  810    1.531150E-06
  811    1.662465E-06
  812    1.658376E-06
  813    1.654301E-06
  814    1.650241E-06
  815    1.646197E-06
  816    1.642167E-06
  817    1.638152E-06
  818    1.634151E-06
  819    1.630166E-06
  820    1.626195E-06
  821    1.826100E-06
  822    1.821662E-06
  823    1.817241E-06
  824    1.812835E-06
  825    1.808446E-06
  826    1.804072E-06
  827    1.799714E-06
  828    1.795373E-06
  829    1.791046E-06
  830    1.786736E-06
  831    1.890170E-06
  832    1.885631E-06
  833    1.881109E-06
  834    1.876604E-06
  835    1.872114E-06
  836    1.867641E-06
  837    1.863184E-06
  838    1.858742E-06
  839    1.854317E-06
  840    1.849907E-06
  841    2.165862E-06
  842    2.160723E-06
  843    2.155603E-06
  844    2.150501E-06
  845    2.145417E-06
  846    2.140351E-06
  847    2.135303E-06
  848    2.130273E-06
  849    2.125261E-06
  850    2.120266E-06
  851    2.145943E-06
  852    2.140911E-06
  853    2.135897E-06
  854    2.130901E-06
  855    2.125922E-06
  856    2.120961E-06
  857    2.116017E-06
  858    2.111090E-06
  859    2.106181E-06
  860    2.101288E-06
  861    2.375863E-06
  862    2.370357E-06
  863    2.364870E-06
  864    2.359403E-06
  865    2.353954E-06
  866    2.348523E-06
  867    2.343112E-06
  868    2.337719E-06
  869    2.332345E-06
  870    2.326990E-06
  871    2.625262E-06
  872    2.619247E-06
  873    2.613253E-06
  874    2.607280E-06
  875    2.601328E-06
  876    2.595395E-06
  877    2.589483E-06
  878    2.583591E-06
  879    2.577720E-06
  880    2.571868E-06
  881    2.626849E-06
  882    2.620899E-06
  883    2.614970E-06
  884    2.609060E-06
  885    2.603171E-06
  886    2.597301E-06
  887    2.591451E-06
  888    2.585621E-06
  889    2.579811E-06
  890    2.574020E-06
  891    2.967971E-06
  892    2.961324E-06
  893    2.954699E-06
  894    2.948096E-06
  895    2.941516E-06
  896    2.934957E-06
  897    2.928420E-06
  898    2.921906E-06
  899    2.915412E-06
  900    2.908941E-06
  901    2.871995E-06
  902    2.865634E-06
  903    2.859294E-06
  904    2.852975E-06
  905    2.846677E-06
  906    2.840400E-06
  907    2.834144E-06
  908    2.827908E-06
  909    2.821693E-06
  910    2.815498E-06
  911    3.053409E-06
  912    3.046721E-06
  913    3.040054E-06
  914    3.033409E-06
  915    3.026786E-06
  916    3.020184E-06
  917    3.013604E-06
  918    3.007046E-06
  919    3.000509E-06
  920    2.993993E-06
  921    3.258116E-06
  922    3.251057E-06
  923    3.244020E-06
  924    3.237006E-06
  925    3.230014E-06
  926    3.223045E-06
  927    3.216099E-06
  928    3.209175E-06
  929    3.202274E-06
  930    3.195395E-06
  931    3.253661E-06
  932    3.246686E-06
  933    3.239734E-06
  934    3.232804E-06
  935    3.225896E-06
  936    3.219011E-06
  937    3.212147E-06
  938    3.205306E-06
  939    3.198486E-06
  940    3.191688E-06
  941    3.733509E-06
  942    3.725590E-06
  943    3.717697E-06
  944    3.709829E-06
  945    3.701986E-06
  946    3.694167E-06
  947    3.686374E-06
  948    3.678605E-06
  949    3.670860E-06
  950    3.663140E-06
  951    3.641248E-06
  952    3.633606E-06
  953    3.625989E-06
  954    3.618395E-06
  955    3.610825E-06
  956    3.603279E-06
  957    3.595757E-06
  958    3.588258E-06
  959    3.580782E-06
  960    3.573330E-06
  961    3.979456E-06
  962    3.971191E-06
  963    3.962952E-06
  964    3.954739E-06
  965    3.946551E-06
  966    3.938389E-06
  967    3.930251E-06
  968    3.922139E-06
  969    3.914052E-06
  970    3.905991E-06
  971    4.065838E-06
  972    4.057481E-06
  973    4.049150E-06
  974    4.040844E-06
  975    4.032563E-06
  976    4.024308E-06
  977    4.016078E-06
  978    4.007874E-06
  979    3.999695E-06
  980    3.991540E-06
  981    4.129899E-06
  982    4.121496E-06
  983    4.113119E-06
  984    4.104768E-06
  985    4.096441E-06
  986    4.088141E-06
  987    4.079865E-06
  988    4.071615E-06
  989    4.063389E-06
  990    4.055188E-06
  991    4.608609E-06
  992    4.599327E-06
  993    4.590072E-06
  994    4.580846E-06
  995    4.571648E-06
  996    4.562477E-06
  997    4.553334E-06
  998    4.544218E-06
  999    4.535129E-06
 1000    4.526068E-06
 1001    4.282702E-06
 1002    4.274162E-06
 1003    4.265648E-06
 1004    4.257159E-06
 1005    4.248695E-06
 1006    4.240257E-06
 1007    4.231844E-06
 1008    4.223456E-06
 1009    4.215092E-06
 1010    4.206754E-06
 1011    4.848144E-06
 1012    4.838572E-06
 1013    4.829028E-06
 1014    4.819513E-06
 1015    4.810026E-06
 1016    4.800567E-06
 1017    4.791135E-06
 1018    4.781732E-06
 1019    4.772356E-06
 1020    4.763007E-06
 1021    4.918049E-06
 1022    4.908434E-06
 1023    4.898848E-06
 1024    4.889289E-06
 1025    4.879758E-06
 1026    4.870255E-06
 1027    4.860780E-06
 1028    4.851332E-06
 1029    4.841912E-06
 1030    4.832520E-06
 1031    4.979961E-06
 1032    4.970319E-06
 1033    4.960705E-06
 1034    4.951119E-06
 1035    4.941561E-06
 1036    4.932031E-06
 1037    4.922528E-06
 1038    4.913052E-06
 1039    4.903604E-06
 1040    4.894183E-06
 1041    5.204625E-06
 1042    5.194645E-06
 1043    5.184694E-06
 1044    5.174771E-06
 1045    5.164877E-06
 1046    5.155010E-06
 1047    5.145173E-06
 1048    5.135363E-06
 1049    5.125581E-06
 1050    5.115828E-06
 1051    4.887878E-06
 1052    4.878594E-06
 1053    4.869337E-06
 1054    4.860106E-06
 1055    4.850901E-06
 1056    4.841722E-06
 1057    4.832570E-06
 1058    4.823443E-06
 1059    4.814342E-06
 1060    4.805267E-06
 1061    5.382203E-06
 1062    5.372076E-06
 1063    5.361978E-06
 1064    5.351909E-06
 1065    5.341868E-06
 1066    5.331855E-06
 1067    5.321870E-06
 1068    5.311913E-06
 1069    5.301985E-06
 1070    5.292084E-06
 1071    5.391410E-06
 1072    5.381361E-06
 1073    5.371340E-06
 1074    5.361347E-06
 1075    5.351381E-06
 1076    5.341444E-06
 1077    5.331534E-06
 1078    5.321652E-06
 1079    5.311797E-06
 1080    5.301969E-06
 1081    5.669810E-06
 1082    5.659339E-06
 1083    5.648898E-06
 1084    5.638485E-06
 1085    5.628101E-06
 1086    5.617746E-06
 1087    5.607419E-06
 1088    5.597121E-06
 1089    5.586851E-06
 1090    5.576609E-06
 1091    5.781278E-06
 1092    5.770699E-06
 1093    5.760149E-06
 1094    5.749629E-06
 1095    5.739137E-06
 1096    5.728673E-06
 1097    5.718238E-06
 1098    5.707832E-06
 1099    5.697454E-06
 1100    5.687105E-06
 1101    5.771951E-06
 1102    5.761485E-06
 1103    5.751047E-06
 1104    5.740638E-06
 1105    5.730257E-06
 1106    5.719905E-06
 1107    5.709580E-06
 1108    5.699283E-06
 1109    5.689014E-06
 1110    5.678773E-06
 1111    6.010763E-06
 1112    5.999962E-06
 1113    5.989190E-06
 1114    5.978447E-06
 1115    5.967733E-06
 1116    5.957047E-06
 1117    5.946391E-06
 1118    5.935763E-06
 1119    5.925163E-06
 1120    5.914592E-06
 1121    6.157684E-06
 1122    6.146718E-06
 1123    6.135780E-06
 1124    6.124872E-06
 1125    6.113993E-06
 1126    6.103143E-06
 1127    6.092322E-06
 1128    6.081530E-06
 1129    6.070766E-06
 1130    6.060031E-06
 1131    6.291854E-06
 1132    6.280748E-06
 1133    6.269671E-06
 1134    6.258623E-06
 1135    6.247604E-06
 1136    6.236614E-06
 1137    6.225654E-06
 1138    6.214722E-06
 1139    6.203819E-06
 1140    6.192945E-06
 1141    6.532347E-06
 1142    6.520917E-06
 1143    6.509517E-06
 1144    6.498147E-06
 1145    6.486806E-06
 1146    6.475495E-06
 1147    6.464214E-06
 1148    6.452962E-06
 1149    6.441739E-06
 1150    6.430546E-06
 1151    6.512102E-06
 1152    6.500806E-06
 1153    6.489539E-06
 1154    6.478302E-06
 1155    6.467094E-06
 1156    6.455915E-06
 1157    6.444764E-06
 1158    6.433643E-06
 1159    6.422551E-06
 1160    6.411487E-06
 1161    6.456233E-06
 1162    6.445130E-06
 1163    6.434056E-06
 1164    6.423010E-06
 1165    6.411993E-06
 1166    6.401004E-06
 1167    6.390044E-06
 1168    6.379111E-06
 1169    6.368207E-06
 1170    6.357330E-06
 1171    6.722554E-06
 1172    6.711092E-06
 1173    6.699659E-06
 1174    6.688255E-06
 1175    6.676881E-06
 1176    6.665535E-06
 1177    6.654219E-06
 1178    6.642931E-06
 1179    6.631671E-06
 1180    6.620441E-06
 1181    7.544853E-06
 1182    7.532097E-06
 1183    7.519374E-06
 1184    7.506683E-06
 1185    7.494024E-06
 1186    7.481397E-06
 1187    7.468803E-06
 1188    7.456239E-06
 1189    7.443708E-06
 1190    7.431208E-06
 1191    7.414075E-06
 1192    7.401645E-06
 1193    7.389247E-06
 1194    7.376880E-06
 1195    7.364545E-06
 1196    7.352240E-06
 1197    7.339965E-06
 1198    7.327722E-06
 1199    7.315509E-06
 1200    7.303327E-06
 1201    7.330336E-06
 1202    7.318149E-06
 1203    7.305993E-06
 1204    7.293867E-06
 1205    7.281771E-06
 1206    7.269705E-06
 1207    7.257669E-06
 1208    7.245663E-06
 1209    7.233687E-06
 1210    7.221740E-06
 1211    7.724203E-06
 1212    7.711467E-06
 1213    7.698763E-06
 1214    7.686090E-06
 1215    7.673448E-06
 1216    7.660838E-06
 1217    7.648258E-06
 1218    7.635710E-06
 1219    7.623192E-06
 1220    7.610706E-06
 1221    8.135867E-06
 1222    8.122562E-06
 1223    8.109290E-06
 1224    8.096051E-06
 1225    8.082843E-06
 1226    8.069668E-06
 1227    8.056526E-06
 1228    8.043415E-06
 1229    8.030336E-06
 1230    8.017289E-06
 1231    8.610578E-06
 1232    8.596611E-06
 1233    8.582678E-06
 1234    8.568779E-06
 1235    8.554914E-06
 1236    8.541082E-06
 1237    8.527284E-06
 1238    8.513519E-06
 1239    8.499788E-06
 1240    8.486089E-06
 1241    8.584289E-06
 1242    8.570477E-06
 1243    8.556698E-06
 1244    8.542952E-06
 1245    8.529239E-06
 1246    8.515560E-06
 1247    8.501913E-06
 1248    8.488299E-06
 1249    8.474718E-06
 1250    8.461169E-06
 1251    9.025125E-06
 1252    9.010720E-06
 1253    8.996348E-06
 1254    8.982012E-06
 1255    8.967709E-06
 1256    8.953441E-06
 1257    8.939206E-06
 1258    8.925006E-06
 1259    8.910839E-06
 1260    8.896706E-06
 1261    8.337903E-06
 1262    8.324699E-06
 1263    8.311527E-06
 1264    8.298387E-06
 1265    8.285277E-06
 1266    8.272199E-06
 1267    8.259151E-06
 1268    8.246134E-06
 1269    8.233148E-06
 1270    8.220193E-06
 1271    9.559608E-06
 1272    9.544589E-06
 1273    9.529605E-06
 1274    9.514657E-06
 1275    9.499743E-06
 1276    9.484865E-06
 1277    9.470022E-06
 1278    9.455213E-06
 1279    9.440440E-06
 1280    9.425700E-06
 1281    1.182113E-05
 1282    1.180270E-05
 1283    1.178432E-05
 1284    1.176597E-05
 1285    1.174768E-05
 1286    1.172942E-05
 1287    1.171121E-05
 1288    1.169304E-05
 1289    1.167491E-05
 1290    1.165682E-05
 1291    1.244625E-05
 1292    1.242699E-05
 1293    1.240779E-05
 1294    1.238862E-05
 1295    1.236951E-05
 1296    1.235043E-05
 1297    1.233140E-05
 1298    1.231242E-05
 1299    1.229347E-05
 1300    1.227457E-05
 1301    1.182086E-05
 1302    1.180271E-05
 1303    1.178461E-05
 1304    1.176655E-05
 1305    1.174853E-05
 1306    1.173055E-05
 1307    1.171262E-05
 1308    1.169472E-05
 1309    1.167687E-05
 1310    1.165905E-05
 1311    1.451995E-05
 1312    1.449783E-05
 1313    1.447577E-05
 1314    1.445375E-05
 1315    1.443178E-05
 1316    1.440987E-05
 1317    1.438800E-05
 1318    1.436618E-05
 1319    1.434442E-05
 1320    1.432270E-05
 1321    1.869941E-05
 1322    1.867115E-05
 1323    1.864294E-05
 1324    1.861480E-05
 1325    1.858673E-05
 1326    1.855871E-05
 1327    1.853076E-05
 1328    1.850288E-05
 1329    1.847505E-05
 1330    1.844729E-05
 1331    1.594330E-05
 1332    1.591938E-05
 1333    1.589551E-05
 1334    1.587169E-05
 1335    1.584793E-05
 1336    1.582423E-05
 1337    1.580057E-05
 1338    1.577697E-05
 1339    1.575343E-05
 1340    1.572993E-05
 1341    9.132104E-06
 1342    9.118504E-06
 1343    9.104935E-06
 1344    9.091396E-06
 1345    9.077887E-06
 1346    9.064409E-06
 1347    9.050960E-06
 1348    9.037541E-06
 1349    9.024152E-06
 1350    9.010793E-06
 1351    2.891146E-06
 1352    2.886872E-06
 1353    2.882608E-06
 1354    2.878353E-06
 1355    2.874108E-06
 1356    2.869872E-06
 1357    2.865645E-06
 1358    2.861428E-06
 1359    2.857220E-06
 1360    2.853021E-06
 1361   -3.122206E-06
 1362   -3.117624E-06
 1363   -3.113053E-06
 1364   -3.108492E-06
 1365   -3.103940E-06
 1366   -3.099399E-06
 1367   -3.094868E-06
 1368   -3.090347E-06
 1369   -3.085835E-06
 1370   -3.081334E-06
 1371   -2.841086E-06
 1372   -2.836947E-06
 1373   -2.832818E-06
 1374   -2.828697E-06
 1375   -2.824586E-06
 1376   -2.820483E-06
 1377   -2.816390E-06
 1378   -2.812305E-06
 1379   -2.808229E-06
 1380   -2.804162E-06
 1381    2.739779E-05
 1382    2.735817E-05
 1383    2.731863E-05
 1384    2.727918E-05
 1385    2.723982E-05
 1386    2.720054E-05
 1387    2.716135E-05
 1388    2.712224E-05
 1389    2.708321E-05
 1390    2.704427E-05
 1391    8.726961E-05
 1392    8.714431E-05
 1393    8.701928E-05
 1394    8.689453E-05
 1395    8.677003E-05
 1396    8.664581E-05
 1397    8.652185E-05
 1398    8.639816E-05
 1399    8.627474E-05
 1400    8.615158E-05
 1401    1.605160E-04
 1402    1.602872E-04
 1403    1.600589E-04
 1404    1.598310E-04
 1405    1.596037E-04
 1406    1.593768E-04
 1407    1.591504E-04
 1408    1.589245E-04
 1409    1.586991E-04
 1410    1.584741E-04
 1411    2.094730E-04
 1412    2.091766E-04
 1413    2.088807E-04
 1414    2.085855E-04
 1415    2.082908E-04
 1416    2.079969E-04
 1417    2.077035E-04
 1418    2.074107E-04
 1419    2.071186E-04
 1420    2.068271E-04
 1421    2.510689E-04
 1422    2.507161E-04
 1423    2.503639E-04
 1424    2.500125E-04
 1425    2.496619E-04
 1426    2.493120E-04
 1427    2.489628E-04
 1428    2.486144E-04
 1429    2.482666E-04
 1430    2.479197E-04
 1431    8.254369E-05
 1432    8.242848E-05
 1433    8.231352E-05
 1434    8.219880E-05
 1435    8.208432E-05
 1436    8.197007E-05
 1437    8.185607E-05
 1438    8.174230E-05
 1439    8.162877E-05
 1440    8.151547E-05
 1441   -5.635329E-04
 1442   -5.627519E-04
 1443   -5.619724E-04
 1444   -5.611946E-04
 1445   -5.604184E-04
 1446   -5.596438E-04
 1447   -5.588708E-04
 1448   -5.580995E-04
 1449   -5.573297E-04
 1450   -5.565615E-04
 1451   -1.483616E-03
 1452   -1.481574E-03
 1453   -1.479536E-03
 1454   -1.477502E-03
 1455   -1.475473E-03
 1456   -1.473448E-03
 1457   -1.471426E-03
 1458   -1.469409E-03
 1459   -1.467396E-03
 1460   -1.465388E-03
 1461   -1.950098E-03
 1462   -1.947432E-03
 1463   -1.944772E-03
 1464   -1.942117E-03
 1465   -1.939467E-03
 1466   -1.936823E-03
 1467   -1.934184E-03
 1468   -1.931551E-03
 1469   -1.928923E-03
 1470   -1.926300E-03
 1471   -1.826769E-03
 1472   -1.824288E-03
 1473   -1.821813E-03
 1474   -1.819343E-03
 1475   -1.816878E-03
 1476   -1.814417E-03
 1477   -1.811962E-03
 1478   -1.809512E-03
 1479   -1.807067E-03
 1480   -1.804626E-03
 1481   -1.082882E-04
 1482   -1.081422E-04
 1483   -1.079964E-04
 1484   -1.078510E-04
 1485   -1.077058E-04
 1486   -1.075609E-04
 1487   -1.074164E-04
 1488   -1.072721E-04
 1489   -1.071281E-04
 1490   -1.069844E-04
 1491    6.094814E-03
 1492    6.086650E-03
 1493    6.078502E-03
 1494    6.070370E-03
 1495    6.062254E-03
 1496    6.054155E-03
 1497    6.046072E-03
 1498    6.038005E-03
 1499    6.029955E-03
 1500    6.021920E-03
 1501    1.642557E-02
 1502    1.640371E-02
 1503    1.638190E-02
 1504    1.636013E-02
 1505    1.633840E-02
 1506    1.631672E-02
 1507    1.629508E-02
 1508    1.627348E-02
 1509    1.625193E-02
 1510    1.623042E-02
 1511    2.158547E-02
 1512    2.155694E-02
 1513    2.152846E-02
 1514    2.150004E-02
 1515    2.147168E-02
 1516    2.144337E-02
 1517    2.141512E-02
 1518    2.138692E-02
 1519    2.135878E-02
 1520    2.133070E-02
 1521    2.397356E-02
 1522    2.394208E-02
 1523    2.391066E-02
 1524    2.387930E-02
 1525    2.384800E-02
 1526    2.381677E-02
 1527    2.378559E-02
 1528    2.375448E-02
 1529    2.372343E-02
 1530    2.369244E-02
 1531    2.217557E-02
 1532    2.214664E-02
 1533    2.211777E-02
 1534    2.208895E-02
 1535    2.206019E-02
 1536    2.203148E-02
 1537    2.200283E-02
 1538    2.197424E-02
 1539    2.194570E-02
 1540    2.191722E-02
 1541    1.635205E-02
 1542    1.633085E-02
 1543    1.630970E-02
 1544    1.628859E-02
 1545    1.626752E-02
 1546    1.624648E-02
 1547    1.622549E-02
 1548    1.620454E-02
 1549    1.618364E-02
 1550    1.616277E-02
 1551    5.675710E-03
 1552    5.668401E-03
 1553    5.661106E-03
 1554    5.653825E-03
 1555    5.646557E-03
 1556    5.639304E-03
 1557    5.632065E-03
 1558    5.624840E-03
 1559    5.617629E-03
 1560    5.610431E-03
 1561   -4.092677E-04
 1562   -4.087440E-04
 1563   -4.082213E-04
 1564   -4.076996E-04
 1565   -4.071789E-04
 1566   -4.066592E-04
 1567   -4.061406E-04
 1568   -4.056228E-04
 1569   -4.051061E-04
 1570   -4.045904E-04
 1571   -2.116787E-03
 1572   -2.114095E-03
 1573   -2.111409E-03
 1574   -2.108728E-03
 1575   -2.106052E-03
 1576   -2.103381E-03
 1577   -2.100715E-03
 1578   -2.098054E-03
 1579   -2.095398E-03
 1580   -2.092748E-03
 1581   -2.246542E-03
 1582   -2.243703E-03
 1583   -2.240871E-03
 1584   -2.238043E-03
 1585   -2.235221E-03
 1586   -2.232404E-03
 1587   -2.229592E-03
 1588   -2.226786E-03
 1589   -2.223985E-03
 1590   -2.221189E-03
 1591   -1.728454E-03
 1592   -1.726284E-03
 1593   -1.724118E-03
 1594   -1.721957E-03
 1595   -1.719799E-03
 1596   -1.717645E-03
 1597   -1.715495E-03
 1598   -1.713349E-03
 1599   -1.711208E-03
 1600   -1.709070E-03
 1601   -6.580905E-04
 1602   -6.572694E-04
 1603   -6.564498E-04
 1604   -6.556318E-04
 1605   -6.548154E-04
 1606   -6.540004E-04
 1607   -6.531870E-04
 1608   -6.523751E-04
 1609   -6.515647E-04
 1610   -6.507558E-04
 1611    1.744668E-05
 1612    1.742505E-05
 1613    1.740346E-05
 1614    1.738190E-05
 1615    1.736039E-05
 1616    1.733892E-05
 1617    1.731749E-05
 1618    1.729609E-05
 1619    1.727474E-05
 1620    1.725343E-05
 1621    1.957122E-04
 1622    1.954710E-04
 1623    1.952303E-04
 1624    1.949900E-04
 1625    1.947502E-04
 1626    1.945108E-04
 1627    1.942718E-04
 1628    1.940333E-04
 1629    1.937952E-04
 1630    1.935576E-04
 1631    1.699509E-04
 1632    1.697428E-04
 1633    1.695350E-04
 1634    1.693276E-04
 1635    1.691206E-04
 1636    1.689140E-04
 1637    1.687078E-04
 1638    1.685019E-04
 1639    1.682964E-04
 1640    1.680913E-04
 1641    1.139179E-04
 1642    1.137792E-04
 1643    1.136408E-04
 1644    1.135026E-04
 1645    1.133647E-04
 1646    1.132270E-04
 1647    1.130896E-04
 1648    1.129525E-04
 1649    1.128156E-04
 1650    1.126789E-04
 1651    3.988178E-05
 1652    3.983352E-05
 1653    3.978536E-05
 1654    3.973728E-05
 1655    3.968929E-05
 1656    3.964138E-05
 1657    3.959356E-05
 1658    3.954583E-05
 1659    3.949819E-05
 1660    3.945063E-05
 1661   -2.036367E-05
 1662   -2.033918E-05
 1663   -2.031473E-05
 1664   -2.029033E-05
 1665   -2.026597E-05
 1666   -2.024166E-05
 1667   -2.021739E-05
 1668   -2.019316E-05
 1669   -2.016898E-05
 1670   -2.014484E-05
 1671   -4.760348E-05
 1672   -4.754658E-05
 1673   -4.748977E-05
 1674   -4.743307E-05
 1675   -4.737646E-05
 1676   -4.731996E-05
 1677   -4.726356E-05
 1678   -4.720726E-05
 1679   -4.715106E-05
 1680   -4.709496E-05
 1681   -4.686927E-05
 1682   -4.681357E-05
 1683   -4.675797E-05
 1684   -4.670248E-05
 1685   -4.664708E-05
 1686   -4.659177E-05
 1687   -4.653657E-05
 1688   -4.648146E-05
 1689   -4.642646E-05
 1690   -4.637155E-05
 1691   -3.777348E-05
 1692   -3.772885E-05
 1693   -3.768431E-05
 1694   -3.763985E-05
 1695   -3.759546E-05
 1696   -3.755115E-05
 1697   -3.750692E-05
 1698   -3.746277E-05
 1699   -3.741869E-05
 1700   -3.737470E-05
 1701   -2.294389E-05
 1702   -2.291694E-05
 1703   -2.289004E-05
 1704   -2.286319E-05
 1705   -2.283639E-05
 1706   -2.280963E-05
 1707   -2.278292E-05
 1708   -2.275626E-05
 1709   -2.272965E-05
 1710   -2.270308E-05
 1711   -1.299874E-05
 1712   -1.298356E-05
 1713   -1.296841E-05
 1714   -1.295329E-05
 1715   -1.293819E-05
 1716   -1.292312E-05
 1717   -1.290808E-05
 1718   -1.289306E-05
 1719   -1.287807E-05
 1720   -1.286310E-05
 1721   -9.293623E-06
 1722   -9.282836E-06
 1723   -9.272067E-06
 1724   -9.261317E-06
 1725   -9.250585E-06
 1726   -9.239872E-06
 1727   -9.229178E-06
 1728   -9.218502E-06
 1729   -9.207845E-06
 1730   -9.197206E-06
 1731   -1.168539E-05
 1732   -1.167190E-05
 1733   -1.165844E-05
 1734   -1.164500E-05
 1735   -1.163158E-05
 1736   -1.161819E-05
 1737   -1.160482E-05
 1738   -1.159147E-05
 1739   -1.157815E-05
 1740   -1.156485E-05
 1741   -1.249904E-05
 1742   -1.248469E-05
 1743   -1.247038E-05
 1744   -1.245608E-05
 1745   -1.244181E-05
 1746   -1.242757E-05
 1747   -1.241335E-05
 1748   -1.239916E-05
 1749   -1.238499E-05
 1750   -1.237084E-05
 1751   -9.732031E-06
 1752   -9.720928E-06
 1753   -9.709844E-06
 1754   -9.698778E-06
 1755   -9.687732E-06
 1756   -9.676704E-06
 1757   -9.665696E-06
 1758   -9.654706E-06
 1759   -9.643734E-06
 1760   -9.632782E-06
 1761   -9.327683E-06
 1762   -9.317102E-06
 1763   -9.306538E-06
 1764   -9.295992E-06
 1765   -9.285465E-06
 1766   -9.274955E-06
 1767   -9.264463E-06
 1768   -9.253988E-06
 1769   -9.243532E-06
 1770   -9.233093E-06
 1771   -1.060091E-05
 1772   -1.058895E-05
 1773   -1.057701E-05
 1774   -1.056509E-05
 1775   -1.055320E-05
 1776   -1.054132E-05
 1777   -1.052946E-05
 1778   -1.051762E-05
 1779   -1.050581E-05
 1780   -1.049401E-05
 1781   -1.100805E-05
 1782   -1.099570E-05
 1783   -1.098337E-05
 1784   -1.097106E-05
 1785   -1.095878E-05
 1786   -1.094651E-05
 1787   -1.093427E-05
 1788   -1.092205E-05
 1789   -1.090984E-05
 1790   -1.089766E-05
 1791   -9.810566E-06
 1792   -9.799623E-06
 1793   -9.788698E-06
 1794   -9.777791E-06
 1795   -9.766903E-06
 1796   -9.756033E-06
 1797   -9.745181E-06
 1798   -9.734347E-06
 1799   -9.723531E-06
 1800   -9.712733E-06
 1801   -8.445836E-06
 1802   -8.436467E-06
 1803   -8.427114E-06
 1804   -8.417777E-06
 1805   -8.408455E-06
 1806   -8.399148E-06
 1807   -8.389857E-06
 1808   -8.380581E-06
 1809   -8.371321E-06
 1810   -8.362076E-06
 1811   -7.953884E-06
 1812   -7.945110E-06
 1813   -7.936350E-06
 1814   -7.927605E-06
 1815   -7.918874E-06
 1816   -7.910158E-06
 1817   -7.901456E-06
 1818   -7.892768E-06
 1819   -7.884095E-06
 1820   -7.875436E-06
 1821   -7.625632E-06
 1822   -7.617266E-06
 1823   -7.608914E-06
 1824   -7.600576E-06
 1825   -7.592251E-06
 1826   -7.583940E-06
 1827   -7.575642E-06
 1828   -7.567358E-06
 1829   -7.559088E-06
 1830   -7.550831E-06
 1831   -8.006930E-06
 1832   -7.998194E-06
 1833   -7.989472E-06
 1834   -7.980764E-06
 1835   -7.972070E-06
 1836   -7.963391E-06
 1837   -7.954725E-06
 1838   -7.946074E-06
 1839   -7.937437E-06
 1840   -7.928814E-06
 1841   -7.790071E-06
 1842   -7.781618E-06
 1843   -7.773178E-06
 1844   -7.764752E-06
 1845   -7.756339E-06
 1846   -7.747940E-06
 1847   -7.739555E-06
 1848   -7.731183E-06
 1849   -7.722825E-06
 1850   -7.714481E-06
 1851   -7.069655E-06
 1852   -7.062025E-06
 1853   -7.054407E-06
 1854   -7.046801E-06
 1855   -7.039207E-06
 1856   -7.031626E-06
 1857   -7.024057E-06
 1858   -7.016500E-06
 1859   -7.008956E-06
 1860   -7.001423E-06
 1861   -6.752489E-06
 1862   -6.745240E-06
 1863   -6.738003E-06
 1864   -6.730777E-06
 1865   -6.723563E-06
 1866   -6.716360E-06
 1867   -6.709169E-06
 1868   -6.701990E-06
 1869   -6.694822E-06
 1870   -6.687666E-06
 1871   -6.743432E-06
 1872   -6.736231E-06
 1873   -6.729042E-06
 1874   -6.721865E-06
 1875   -6.714698E-06
 1876   -6.707544E-06
 1877   -6.700400E-06
 1878   -6.693268E-06
 1879   -6.686148E-06
 1880   -6.679039E-06
 1881   -7.157205E-06
 1882   -7.149603E-06
 1883   -7.142013E-06
 1884   -7.134436E-06
 1885   -7.126870E-06
 1886   -7.119316E-06
 1887   -7.111775E-06
 1888   -7.104245E-06
 1889   -7.096727E-06
 1890   -7.089221E-06
 1891   -6.740162E-06
 1892   -6.733041E-06
 1893   -6.725931E-06
 1894   -6.718832E-06
 1895   -6.711745E-06
 1896   -6.704669E-06
 1897   -6.697604E-06
 1898   -6.690550E-06
 1899   -6.683507E-06
 1900   -6.676476E-06
 1901   -6.321356E-06
 1902   -6.314712E-06
 1903   -6.308079E-06
 1904   -6.301456E-06
 1905   -6.294844E-06
 1906   -6.288242E-06
 1907   -6.281651E-06
 1908   -6.275070E-06
 1909   -6.268499E-06
 1910   -6.261939E-06
 1911   -6.191486E-06
 1912   -6.185013E-06
 1913   -6.178550E-06
 1914   -6.172098E-06
 1915   -6.165655E-06
 1916   -6.159222E-06
 1917   -6.152800E-06
 1918   -6.146387E-06
 1919   -6.139985E-06
 1920   -6.133592E-06
 1921   -6.084185E-06
 1922   -6.077857E-06
 1923   -6.071539E-06
 1924   -6.065231E-06
 1925   -6.058933E-06
 1926   -6.052645E-06
 1927   -6.046366E-06
 1928   -6.040097E-06
 1929   -6.033838E-06
 1930   -6.027588E-06
 1931   -6.398563E-06
 1932   -6.391943E-06
 1933   -6.385333E-06
 1934   -6.378733E-06
 1935   -6.372143E-06
 1936   -6.365564E-06
 1937   -6.358995E-06
 1938   -6.352436E-06
 1939   -6.345887E-06
 1940   -6.339348E-06
 1941   -5.958490E-06
 1942   -5.952357E-06
 1943   -5.946233E-06
 1944   -5.940119E-06
 1945   -5.934014E-06
 1946   -5.927918E-06
 1947   -5.921832E-06
 1948   -5.915755E-06
 1949   -5.909688E-06
 1950   -5.903630E-06
 1951   -5.724001E-06
 1952   -5.718139E-06
 1953   -5.712287E-06
 1954   -5.706443E-06
 1955   -5.700608E-06
 1956   -5.694782E-06
 1957   -5.688965E-06
 1958   -5.683157E-06
 1959   -5.677358E-06
 1960   -5.671568E-06
 1961   -5.451277E-06
 1962   -5.445723E-06
 1963   -5.440178E-06
 1964   -5.434641E-06
 1965   -5.429112E-06
 1966   -5.423592E-06
 1967   -5.418080E-06
 1968   -5.412577E-06
 1969   -5.407082E-06
 1970   -5.401595E-06
 1971   -5.400269E-06
 1972   -5.394795E-06
 1973   -5.389329E-06
 1974   -5.383872E-06
 1975   -5.378422E-06
 1976   -5.372981E-06
 1977   -5.367549E-06
 1978   -5.362124E-06
 1979   -5.356708E-06
 1980   -5.351300E-06
 1981   -5.574011E-06
 1982   -5.568390E-06
 1983   -5.562776E-06
 1984   -5.557172E-06
 1985   -5.551575E-06
 1986   -5.545987E-06
 1987   -5.540408E-06
 1988   -5.534837E-06
 1989   -5.529274E-06
 1990   -5.523720E-06
 1991   -5.418235E-06
 1992   -5.412798E-06
 1993   -5.407369E-06
 1994   -5.401948E-06
 1995   -5.396535E-06
 1996   -5.391131E-06
 1997   -5.385734E-06
 1998   -5.380346E-06
 1999   -5.374965E-06
 2000   -5.369593E-06
 2001   -5.139612E-06
 2002   -5.134480E-06
 2003   -5.129356E-06
 2004   -5.124239E-06
 2005   -5.119131E-06
 2006   -5.114029E-06
 2007   -5.108936E-06
 2008   -5.103850E-06
 2009   -5.098771E-06
 2010   -5.093700E-06
 2011   -4.950530E-06
 2012   -4.945611E-06
 2013   -4.940700E-06
 2014   -4.935796E-06
 2015   -4.930899E-06
 2016   -4.926010E-06
 2017   -4.921128E-06
 2018   -4.916253E-06
 2019   -4.911386E-06
 2020   -4.906525E-06
 2021   -4.957728E-06
 2022   -4.952826E-06
 2023   -4.947932E-06
 2024   -4.943045E-06
 2025   -4.938166E-06
 2026   -4.933293E-06
 2027   -4.928428E-06
 2028   -4.923570E-06
 2029   -4.918719E-06
 2030   -4.913876E-06
 2031   -5.115612E-06
 2032   -5.110580E-06
 2033   -5.105555E-06
 2034   -5.100537E-06
 2035   -5.095526E-06
 2036   -5.090523E-06
 2037   -5.085528E-06
 2038   -5.080540E-06
 2039   -5.075559E-06
 2040   -5.070585E-06
 2041   -4.821526E-06
 2042   -4.816806E-06
 2043   -4.812093E-06
 2044   -4.807386E-06
 2045   -4.802687E-06
 2046   -4.797995E-06
 2047   -4.793309E-06
 2048   -4.788630E-06
 2049   -4.783959E-06
 2050   -4.779294E-06
 2051   -4.519314E-06
 2052   -4.514911E-06
 2053   -4.510515E-06
 2054   -4.506125E-06
 2055   -4.501742E-06
 2056   -4.497365E-06
 2057   -4.492994E-06
 2058   -4.488630E-06
 2059   -4.484272E-06
 2060   -4.479921E-06
 2061   -4.345378E-06
 2062   -4.341165E-06
 2063   -4.336958E-06
 2064   -4.332758E-06
 2065   -4.328564E-06
 2066   -4.324375E-06
 2067   -4.320193E-06
 2068   -4.316017E-06
 2069   -4.311847E-06
 2070   -4.307683E-06
 2071   -4.289715E-06
 2072   -4.285577E-06
 2073   -4.281444E-06
 2074   -4.277317E-06
 2075   -4.273197E-06
 2076   -4.269082E-06
 2077   -4.264973E-06
 2078   -4.260870E-06
 2079   -4.256773E-06
 2080   -4.252682E-06
 2081   -4.356092E-06
 2082   -4.351910E-06
 2083   -4.347733E-06
 2084   -4.343563E-06
 2085   -4.339398E-06
 2086   -4.335240E-06
 2087   -4.331087E-06
 2088   -4.326941E-06
 2089   -4.322800E-06
 2090   -4.318665E-06
 2091   -4.085605E-06
 2092   -4.081701E-06
 2093   -4.077802E-06
 2094   -4.073909E-06
 2095   -4.070022E-06
 2096   -4.066140E-06
 2097   -4.062264E-06
 2098   -4.058393E-06
 2099   -4.054528E-06
 2100   -4.050668E-06
 2101   -3.778162E-06
 2102   -3.774569E-06
 2103   -3.770981E-06
 2104   -3.767398E-06
 2105   -3.763821E-06
 2106   -3.760248E-06
 2107   -3.756680E-06
 2108   -3.753118E-06
 2109   -3.749560E-06
 2110   -3.746008E-06
 2111   -3.521156E-06
 2112   -3.517823E-06
 2113   -3.514495E-06
 2114   -3.511172E-06
 2115   -3.507853E-06
 2116   -3.504539E-06
 2117   -3.501230E-06
 2118   -3.497925E-06
 2119   -3.494625E-06
 2120   -3.491330E-06
 2121   -3.543257E-06
 2122   -3.539920E-06
 2123   -3.536586E-06
 2124   -3.533258E-06
 2125   -3.529934E-06
 2126   -3.526615E-06
 2127   -3.523300E-06
 2128   -3.519990E-06
 2129   -3.516685E-06
 2130   -3.513385E-06
 2131   -3.529038E-06
 2132   -3.525729E-06
 2133   -3.522425E-06
 2134   -3.519125E-06
 2135   -3.515830E-06
 2136   -3.512539E-06
 2137   -3.509254E-06
 2138   -3.505972E-06
 2139   -3.502696E-06
 2140   -3.499424E-06
 2141   -3.397877E-06
 2142   -3.394706E-06
 2143   -3.391540E-06
 2144   -3.388377E-06
 2145   -3.385219E-06
 2146   -3.382066E-06
 2147   -3.378917E-06
 2148   -3.375772E-06
 2149   -3.372632E-06
 2150   -3.369496E-06
 2151   -3.078332E-06
 2152   -3.075472E-06
 2153   -3.072617E-06
 2154   -3.069765E-06
 2155   -3.066917E-06
 2156   -3.064074E-06
 2157   -3.061234E-06
 2158   -3.058398E-06
 2159   -3.055566E-06
 2160   -3.052738E-06
 2161   -3.019911E-06
 2162   -3.017118E-06
 2163   -3.014330E-06
 2164   -3.011545E-06
 2165   -3.008765E-06
 2166   -3.005988E-06
 2167   -3.003215E-06
 2168   -3.000445E-06
 2169   -2.997680E-06
 2170   -2.994918E-06
 2171   -2.974138E-06
 2172   -2.971401E-06
 2173   -2.968667E-06
 2174   -2.965938E-06
 2175   -2.963211E-06
 2176   -2.960489E-06
 2177   -2.957771E-06
 2178   -2.955056E-06
 2179   -2.952345E-06
 2180   -2.949637E-06
 2181   -2.927709E-06
 2182   -2.925026E-06
 2183   -2.922348E-06
 2184   -2.919673E-06
 2185   -2.917002E-06
 2186   -2.914334E-06
 2187   -2.911670E-06
 2188   -2.909010E-06
 2189   -2.906353E-06
 2190   -2.903700E-06
 2191   -2.765423E-06
 2192   -2.762901E-06
 2193   -2.760383E-06
 2194   -2.757868E-06
 2195   -2.755356E-06
 2196   -2.752848E-06
 2197   -2.750343E-06
 2198   -2.747841E-06
 2199   -2.745343E-06
 2200   -2.742849E-06
 2201   -2.448809E-06
 2202   -2.446586E-06
 2203   -2.444366E-06
 2204   -2.442149E-06
 2205   -2.439934E-06
 2206   -2.437723E-06
 2207   -2.435515E-06
 2208   -2.433310E-06
 2209   -2.431108E-06
 2210   -2.428909E-06
 2211   -2.234156E-06
 2212   -2.232137E-06
 2213   -2.230121E-06
 2214   -2.228107E-06
 2215   -2.226096E-06
 2216   -2.224088E-06
 2217   -2.222082E-06
 2218   -2.220080E-06
 2219   -2.218080E-06
 2220   -2.216082E-06
 2221   -2.213946E-06
 2222   -2.211954E-06
 2223   -2.209965E-06
 2224   -2.207979E-06
 2225   -2.205995E-06
 2226   -2.204014E-06
 2227   -2.202035E-06
 2228   -2.200059E-06
 2229   -2.198086E-06
 2230   -2.196116E-06
 2231   -2.147872E-06
 2232   -2.145949E-06
 2233   -2.144028E-06
 2234   -2.142109E-06
 2235   -2.140193E-06
 2236   -2.138279E-06
 2237   -2.136369E-06
 2238   -2.134460E-06
 2239   -2.132555E-06
 2240   -2.130651E-06
 2241   -2.093586E-06
 2242   -2.091719E-06
 2243   -2.089855E-06
 2244   -2.087993E-06
 2245   -2.086134E-06
 2246   -2.084277E-06
 2247   -2.082422E-06
 2248   -2.080571E-06
 2249   -2.078721E-06
 2250   -2.076874E-06
 2251   -1.822273E-06
 2252   -1.820655E-06
 2253   -1.819040E-06
 2254   -1.817427E-06
 2255   -1.815815E-06
 2256   -1.814206E-06
 2257   -1.812599E-06
 2258   -1.810995E-06
 2259   -1.809392E-06
 2260   -1.807791E-06
 2261   -1.711726E-06
 2262   -1.710213E-06
 2263   -1.708702E-06
 2264   -1.707194E-06
 2265   -1.705687E-06
 2266   -1.704182E-06
 2267   -1.702679E-06
 2268   -1.701178E-06
 2269   -1.699680E-06
 2270   -1.698183E-06
 2271   -1.695841E-06
 2272   -1.694349E-06
 2273   -1.692859E-06
 2274   -1.691370E-06
 2275   -1.689884E-06
 2276   -1.688400E-06
 2277   -1.686918E-06
 2278   -1.685437E-06
 2279   -1.683959E-06
 2280   -1.682482E-06
 2281   -1.660785E-06
 2282   -1.659330E-06
 2283   -1.657877E-06
 2284   -1.656426E-06
 2285   -1.654977E-06
 2286   -1.653530E-06
 2287   -1.652084E-06
 2288   -1.650641E-06
 2289   -1.649199E-06
 2290   -1.647760E-06
 2291   -1.580628E-06
 2292   -1.579250E-06
 2293   -1.577873E-06
 2294   -1.576498E-06
 2295   -1.575125E-06
 2296   -1.573753E-06
 2297   -1.572384E-06
 2298   -1.571016E-06
 2299   -1.569650E-06
 2300   -1.568285E-06
 2301   -1.334502E-06
 2302   -1.333343E-06
 2303   -1.332186E-06
 2304   -1.331030E-06
 2305   -1.329876E-06
 2306   -1.328723E-06
 2307   -1.327571E-06
 2308   -1.326422E-06
 2309   -1.325273E-06
 2310   -1.324126E-06
 2311   -1.237816E-06
 2312   -1.236746E-06
 2313   -1.235677E-06
 2314   -1.234609E-06
 2315   -1.233543E-06
 2316   -1.232479E-06
 2317   -1.231415E-06
 2318   -1.230353E-06
 2319   -1.229292E-06
 2320   -1.228233E-06
 2321   -1.184096E-06
 2322   -1.183077E-06
 2323   -1.182058E-06
 2324   -1.181042E-06
 2325   -1.180026E-06
 2326   -1.179012E-06
 2327   -1.177999E-06
 2328   -1.176987E-06
 2329   -1.175977E-06
 2330   -1.174968E-06
 2331   -1.164768E-06
 2332   -1.163769E-06
 2333   -1.162772E-06
 2334   -1.161776E-06
 2335   -1.160781E-06
 2336   -1.159788E-06
 2337   -1.158796E-06
 2338   -1.157805E-06
 2339   -1.156815E-06
 2340   -1.155827E-06
 2341   -1.120877E-06
 2342   -1.119920E-06
 2343   -1.118965E-06
 2344   -1.118010E-06
 2345   -1.117057E-06
 2346   -1.116105E-06
 2347   -1.115155E-06
 2348   -1.114205E-06
 2349   -1.113257E-06
 2350   -1.112310E-06
 2351   -9.268335E-07
 2352   -9.260457E-07
 2353   -9.252589E-07
 2354   -9.244731E-07
 2355   -9.236883E-07
 2356   -9.229045E-07
 2357   -9.221218E-07
 2358   -9.213400E-07
 2359   -9.205592E-07
 2360   -9.197794E-07
 2361   -8.624405E-07
 2362   -8.617105E-07
 2363   -8.609815E-07
 2364   -8.602534E-07
 2365   -8.595262E-07
 2366   -8.587999E-07
 2367   -8.580746E-07
 2368   -8.573502E-07
 2369   -8.566267E-07
 2370   -8.559041E-07
 2371   -8.391017E-07
 2372   -8.383945E-07
 2373   -8.376882E-07
 2374   -8.369828E-07
 2375   -8.362783E-07
 2376   -8.355746E-07
 2377   -8.348719E-07
 2378   -8.341700E-07
 2379   -8.334690E-07
 2380   -8.327689E-07
 2381   -8.066033E-07
 2382   -8.059263E-07
 2383   -8.052502E-07
 2384   -8.045749E-07
 2385   -8.039005E-07
 2386   -8.032270E-07
 2387   -8.025542E-07
 2388   -8.018824E-07
 2389   -8.012113E-07
 2390   -8.005411E-07
 2391   -7.476262E-07
 2392   -7.470013E-07
 2393   -7.463773E-07
 2394   -7.457540E-07
 2395   -7.451315E-07
 2396   -7.445098E-07
 2397   -7.438888E-07
 2398   -7.432687E-07
 2399   -7.426493E-07
 2400   -7.420306E-07
 2401   -5.939988E-07
 2402   -5.935045E-07
 2403   -5.930107E-07
 2404   -5.925175E-07
 2405   -5.920250E-07
 2406   -5.915331E-07
 2407   -5.910418E-07
 2408   -5.905511E-07
 2409   -5.900610E-07
 2410   -5.895715E-07
 2411   -5.278758E-07
 2412   -5.274383E-07
 2413   -5.270013E-07
 2414   -5.265648E-07
 2415   -5.261289E-07
 2416   -5.256936E-07
 2417   -5.252588E-07
 2418   -5.248245E-07
 2419   -5.243907E-07
 2420   -5.239575E-07
 2421   -4.985953E-07
 2422   -4.981838E-07
 2423   -4.977727E-07
 2424   -4.973622E-07
 2425   -4.969522E-07
 2426   -4.965427E-07
 2427   -4.961336E-07
 2428   -4.957251E-07
 2429   -4.953171E-07
 2430   -4.949096E-07
 2431   -4.866295E-07
 2432   -4.862295E-07
 2433   -4.858300E-07
 2434   -4.854309E-07
 2435   -4.850324E-07
 2436   -4.846343E-07
 2437   -4.842368E-07
 2438   -4.838397E-07
 2439   -4.834431E-07
 2440   -4.830470E-07
 2441   -4.500328E-07
 2442   -4.496643E-07
 2443   -4.492964E-07
 2444   -4.489289E-07
 2445   -4.485618E-07
 2446   -4.481952E-07
 2447   -4.478290E-07
 2448   -4.474633E-07
 2449   -4.470980E-07
 2450   -4.467332E-07
 2451   -3.567199E-07
 2452   -3.564290E-07
 2453   -3.561385E-07
 2454   -3.558484E-07
 2455   -3.555586E-07
 2456   -3.552692E-07
 2457   -3.549801E-07
 2458   -3.546914E-07
 2459   -3.544030E-07
 2460   -3.541150E-07
 2461   -3.249345E-07
 2462   -3.246707E-07
 2463   -3.244071E-07
 2464   -3.241439E-07
 2465   -3.238810E-07
 2466   -3.236185E-07
 2467   -3.233562E-07
 2468   -3.230943E-07
 2469   -3.228327E-07
 2470   -3.225714E-07
 2471   -3.067678E-07
 2472   -3.065197E-07
 2473   -3.062719E-07
 2474   -3.060244E-07
 2475   -3.057772E-07
 2476   -3.055303E-07
 2477   -3.052837E-07
 2478   -3.050374E-07
 2479   -3.047914E-07
 2480   -3.045457E-07
 2481   -2.969680E-07
 2482   -2.967288E-07
 2483   -2.964899E-07
 2484   -2.962512E-07
 2485   -2.960129E-07
 2486   -2.957749E-07
 2487   -2.955371E-07
 2488   -2.952996E-07
 2489   -2.950624E-07
 2490   -2.948255E-07
 2491   -2.685664E-07
 2492   -2.683510E-07
 2493   -2.681358E-07
 2494   -2.679208E-07
 2495   -2.677062E-07
 2496   -2.674917E-07
 2497   -2.672776E-07
 2498   -2.670637E-07
 2499   -2.668500E-07
 2500   -2.666366E-07
 2501   -2.139072E-07
 2502   -2.137362E-07
 2503   -2.135655E-07
 2504   -2.133950E-07
 2505   -2.132247E-07
 2506   -2.130546E-07
 2507   -2.128847E-07
 2508   -2.127150E-07
 2509   -2.125455E-07
 2510   -2.123762E-07
 2511   -1.900714E-07
 2512   -1.899202E-07
 2513   -1.897691E-07
 2514   -1.896182E-07
 2515   -1.894674E-07
 2516   -1.893169E-07
 2517   -1.891665E-07
 2518   -1.890163E-07
 2519   -1.888663E-07
 2520   -1.887165E-07
 2521   -1.703979E-07
 2522   -1.702629E-07
 2523   -1.701279E-07
 2524   -1.699932E-07
 2525   -1.698586E-07
 2526   -1.697242E-07
 2527   -1.695899E-07
 2528   -1.694558E-07
 2529   -1.693218E-07
 2530   -1.691880E-07
 2531   -1.697504E-07
 2532   -1.696164E-07
 2533   -1.694825E-07
 2534   -1.693488E-07
 2535   -1.692152E-07
 2536   -1.690819E-07
 2537   -1.689486E-07
 2538   -1.688155E-07
 2539   -1.686826E-07
 2540   -1.685498E-07
 2541   -1.562106E-07
 2542   -1.560878E-07
 2543   -1.559651E-07
 2544   -1.558425E-07
 2545   -1.557201E-07
 2546   -1.555978E-07
 2547   -1.554757E-07
 2548   -1.553537E-07
 2549   -1.552318E-07
 2550   -1.551101E-07
 2551   -1.314392E-07
 2552   -1.313362E-07
 2553   -1.312334E-07
 2554   -1.311307E-07
 2555   -1.310281E-07
 2556   -1.309256E-07
 2557   -1.308232E-07
 2558   -1.307210E-07
 2559   -1.306188E-07
 2560   -1.305168E-07
 2561   -1.195152E-07
 2562   -1.194220E-07
 2563   -1.193288E-07
 2564   -1.192358E-07
 2565   -1.191428E-07
 2566   -1.190500E-07
 2567   -1.189573E-07
 2568   -1.188647E-07
 2569   -1.187722E-07
 2570   -1.186798E-07
 2571   -1.133882E-07
 2572   -1.133001E-07
 2573   -1.132121E-07
 2574   -1.131241E-07
 2575   -1.130363E-07
 2576   -1.129486E-07
 2577   -1.128609E-07
 2578   -1.127734E-07
 2579   -1.126860E-07
 2580   -1.125987E-07
 2581   -1.143318E-07
 2582   -1.142433E-07
 2583   -1.141549E-07
 2584   -1.140666E-07
 2585   -1.139783E-07
 2586   -1.138902E-07
 2587   -1.138022E-07
 2588   -1.137143E-07
 2589   -1.136265E-07
 2590   -1.135388E-07
 2591   -1.075779E-07
 2592   -1.074949E-07
 2593   -1.074120E-07
 2594   -1.073292E-07
 2595   -1.072465E-07
 2596   -1.071639E-07
 2597   -1.070814E-07
 2598   -1.069990E-07
 2599   -1.069167E-07
 2600   -1.068345E-07
 2601   -1.002299E-07
 2602   -1.001529E-07
 2603   -1.000760E-07
 2604   -9.999913E-08
 2605   -9.992239E-08
 2606   -9.984573E-08
 2607   -9.976916E-08
 2608   -9.969268E-08
 2609   -9.961629E-08
 2610   -9.953998E-08
 2611   -9.537592E-08
 2612   -9.530292E-08
 2613   -9.523001E-08
 2614   -9.515717E-08
 2615   -9.508442E-08
 2616   -9.501175E-08
 2617   -9.493917E-08
 2618   -9.486667E-08
 2619   -9.479425E-08
 2620   -9.472192E-08
 2621   -9.409972E-08
 2622   -9.402797E-08
 2623   -9.395630E-08
 2624   -9.388472E-08
 2625   -9.381321E-08
 2626   -9.374179E-08
 2627   -9.367045E-08
 2628   -9.359919E-08
 2629   -9.352801E-08
 2630   -9.345691E-08
 2631   -9.505865E-08
 2632   -9.498644E-08
 2633   -9.491432E-08
 2634   -9.484228E-08
 2635   -9.477032E-08
 2636   -9.469844E-08
 2637   -9.462664E-08
 2638   -9.455493E-08
 2639   -9.448330E-08
 2640   -9.441175E-08
 2641   -9.408486E-08
 2642   -9.401367E-08
 2643   -9.394255E-08
 2644   -9.387152E-08
 2645   -9.380056E-08
 2646   -9.372969E-08
 2647   -9.365890E-08
 2648   -9.358819E-08
 2649   -9.351755E-08
 2650   -9.344700E-08
 2651   -9.659431E-08
 2652   -9.652150E-08
 2653   -9.644876E-08
 2654   -9.637610E-08
 2655   -9.630353E-08
 2656   -9.623104E-08
 2657   -9.615863E-08
 2658   -9.608631E-08
 2659   -9.601406E-08
 2660   -9.594190E-08
 2661   -9.695382E-08
 2662   -9.688101E-08
 2663   -9.680828E-08
 2664   -9.673562E-08
 2665   -9.666305E-08
 2666   -9.659057E-08
 2667   -9.651816E-08
 2668   -9.644583E-08
 2669   -9.637359E-08
 2670   -9.630143E-08
 2671   -9.761288E-08
 2672   -9.753984E-08
 2673   -9.746689E-08
 2674   -9.739402E-08
 2675   -9.732123E-08
 2676   -9.724852E-08
 2677   -9.717589E-08
 2678   -9.710334E-08
 2679   -9.703088E-08
 2680   -9.695849E-08
 2681   -9.921362E-08
 2682   -9.913967E-08
 2683   -9.906579E-08
 2684   -9.899200E-08
 2685   -9.891829E-08
 2686   -9.884466E-08
 2687   -9.877112E-08
 2688   -9.869765E-08
 2689   -9.862427E-08
 2690   -9.855097E-08
 2691   -1.029499E-07
 2692   -1.028734E-07
 2693   -1.027970E-07
 2694   -1.027207E-07
 2695   -1.026445E-07
 2696   -1.025684E-07
 2697   -1.024924E-07
 2698   -1.024164E-07
 2699   -1.023406E-07
 2700   -1.022648E-07
 2701   -1.099900E-07
 2702   -1.099086E-07
 2703   -1.098273E-07
 2704   -1.097461E-07
 2705   -1.096650E-07
 2706   -1.095840E-07
 2707   -1.095031E-07
 2708   -1.094222E-07
 2709   -1.093415E-07
 2710   -1.092608E-07
 2711   -1.146322E-07
 2712   -1.145477E-07
 2713   -1.144633E-07
 2714   -1.143789E-07
 2715   -1.142947E-07
 2716   -1.142106E-07
 2717   -1.141265E-07
 2718   -1.140426E-07
 2719   -1.139587E-07
 2720   -1.138750E-07
 2721   -1.164572E-07
 2722   -1.163717E-07
 2723   -1.162863E-07
 2724   -1.162009E-07
 2725   -1.161156E-07
 2726   -1.160305E-07
 2727   -1.159454E-07
 2728   -1.158605E-07
 2729   -1.157756E-07
 2730   -1.156908E-07
 2731   -1.168836E-07
 2732   -1.167980E-07
 2733   -1.167126E-07
 2734   -1.166272E-07
 2735   -1.165420E-07
 2736   -1.164568E-07
 2737   -1.163718E-07
 2738   -1.162868E-07
 2739   -1.162019E-07
 2740   -1.161171E-07
 2741   -1.217736E-07
 2742   -1.216849E-07
 2743   -1.215962E-07
 2744   -1.215076E-07
 2745   -1.214191E-07
 2746   -1.213307E-07
 2747   -1.212424E-07
 2748   -1.211542E-07
 2749   -1.210660E-07
 2750   -1.209780E-07
 2751   -1.324519E-07
 2752   -1.323557E-07
 2753   -1.322595E-07
 2754   -1.321635E-07
 2755   -1.320676E-07
 2756   -1.319718E-07
 2757   -1.318761E-07
 2758   -1.317805E-07
 2759   -1.316850E-07
 2760   -1.315896E-07
 2761   -1.345522E-07
 2762   -1.344548E-07
 2763   -1.343575E-07
 2764   -1.342604E-07
 2765   -1.341633E-07
 2766   -1.340663E-07
 2767   -1.339694E-07
 2768   -1.338727E-07
 2769   -1.337760E-07
 2770   -1.336795E-07
 2771   -1.401625E-07
 2772   -1.400614E-07
 2773   -1.399604E-07
 2774   -1.398596E-07
 2775   -1.397588E-07
 2776   -1.396581E-07
 2777   -1.395576E-07
 2778   -1.394572E-07
 2779   -1.393568E-07
 2780   -1.392566E-07
 2781   -1.377162E-07
 2782   -1.376172E-07
 2783   -1.375183E-07
 2784   -1.374196E-07
 2785   -1.373209E-07
 2786   -1.372224E-07
 2787   -1.371239E-07
 2788   -1.370256E-07
 2789   -1.369274E-07
 2790   -1.368293E-07
 2791   -1.433218E-07
 2792   -1.432191E-07
 2793   -1.431166E-07
 2794   -1.430142E-07
 2795   -1.429119E-07
 2796   -1.428097E-07
 2797   -1.427076E-07
 2798   -1.426057E-07
 2799   -1.425038E-07
 2800   -1.424020E-07
 2801   -1.530116E-07
 2802   -1.529024E-07
 2803   -1.527934E-07
 2804   -1.526844E-07
 2805   -1.525756E-07
 2806   -1.524669E-07
 2807   -1.523583E-07
 2808   -1.522498E-07
 2809   -1.521414E-07
 2810   -1.520332E-07
 2811   -1.536589E-07
 2812   -1.535496E-07
 2813   -1.534405E-07
 2814   -1.533315E-07
 2815   -1.532226E-07
 2816   -1.531138E-07
 2817   -1.530051E-07
 2818   -1.528966E-07
 2819   -1.527881E-07
 2820   -1.526798E-07
 2821   -1.602498E-07
 2822   -1.601363E-07
 2823   -1.600229E-07
 2824   -1.599096E-07
 2825   -1.597964E-07
 2826   -1.596833E-07
 2827   -1.595704E-07
 2828   -1.594576E-07
 2829   -1.593449E-07
 2830   -1.592323E-07
 2831   -1.556914E-07
 2832   -1.555815E-07
 2833   -1.554717E-07
 2834   -1.553621E-07
 2835   -1.552525E-07
 2836   -1.551430E-07
 2837   -1.550337E-07
 2838   -1.549245E-07
 2839   -1.548154E-07
 2840   -1.547064E-07
 2841   -1.611903E-07
 2842   -1.610769E-07
 2843   -1.609636E-07
 2844   -1.608504E-07
 2845   -1.607374E-07
 2846   -1.606245E-07
 2847   -1.605117E-07
 2848   -1.603990E-07
 2849   -1.602865E-07
 2850   -1.601740E-07
 2851   -1.677349E-07
 2852   -1.676173E-07
 2853   -1.674999E-07
 2854   -1.673825E-07
 2855   -1.672653E-07
 2856   -1.671482E-07
 2857   -1.670313E-07
 2858   -1.669144E-07
 2859   -1.667977E-07
 2860   -1.666811E-07
 2861   -1.659884E-07
 2862   -1.658725E-07
 2863   -1.657566E-07
 2864   -1.656409E-07
 2865   -1.655253E-07
 2866   -1.654099E-07
 2867   -1.652945E-07
 2868   -1.651793E-07
 2869   -1.650642E-07
 2870   -1.649492E-07
 2871   -1.731893E-07
 2872   -1.730687E-07
 2873   -1.729483E-07
 2874   -1.728280E-07
 2875   -1.727078E-07
 2876   -1.725877E-07
 2877   -1.724678E-07
 2878   -1.723480E-07
 2879   -1.722283E-07
 2880   -1.721087E-07
 2881   -1.686835E-07
 2882   -1.685665E-07
 2883   -1.684496E-07
 2884   -1.683329E-07
 2885   -1.682162E-07
 2886   -1.680997E-07
 2887   -1.679833E-07
 2888   -1.678670E-07
 2889   -1.677508E-07
 2890   -1.676347E-07
 2891   -1.713108E-07
 2892   -1.711924E-07
 2893   -1.710741E-07
 2894   -1.709559E-07
 2895   -1.708378E-07
 2896   -1.707199E-07
 2897   -1.706021E-07
 2898   -1.704844E-07
 2899   -1.703668E-07
 2900   -1.702494E-07
 2901   -1.711717E-07
 2902   -1.710537E-07
 2903   -1.709359E-07
 2904   -1.708182E-07
 2905   -1.707007E-07
 2906   -1.705832E-07
 2907   -1.704659E-07
 2908   -1.703487E-07
 2909   -1.702316E-07
 2910   -1.701147E-07
 2911   -1.677513E-07
 2912   -1.676361E-07
 2913   -1.675210E-07
 2914   -1.674061E-07
 2915   -1.672913E-07
 2916   -1.671766E-07
 2917   -1.670620E-07
 2918   -1.669475E-07
 2919   -1.668332E-07
 2920   -1.667190E-07
 2921   -1.747469E-07
 2922   -1.746274E-07
 2923   -1.745079E-07
 2924   -1.743886E-07
 2925   -1.742694E-07
 2926   -1.741503E-07
 2927   -1.740314E-07
 2928   -1.739125E-07
 2929   -1.737938E-07
 2930   -1.736752E-07
 2931   -1.681297E-07
 2932   -1.680150E-07
 2933   -1.679005E-07
 2934   -1.677861E-07
 2935   -1.676718E-07
 2936   -1.675576E-07
 2937   -1.674435E-07
 2938   -1.673296E-07
 2939   -1.672158E-07
 2940   -1.671021E-07
 2941   -1.727733E-07
 2942   -1.726559E-07
 2943   -1.725386E-07
 2944   -1.724214E-07
 2945   -1.723044E-07
 2946   -1.721874E-07
 2947   -1.720706E-07
 2948   -1.719539E-07
 2949   -1.718373E-07
 2950   -1.717209E-07
 2951   -1.704596E-07
 2952   -1.703441E-07
 2953   -1.702288E-07
 2954   -1.701136E-07
 2955   -1.699985E-07
 2956   -1.698835E-07
 2957   -1.697686E-07
 2958   -1.696539E-07
 2959   -1.695392E-07
 2960   -1.694247E-07
 2961   -1.698642E-07
 2962   -1.697496E-07
 2963   -1.696350E-07
 2964   -1.695206E-07
 2965   -1.694063E-07
 2966   -1.692921E-07
 2967   -1.691780E-07
 2968   -1.690641E-07
 2969   -1.689502E-07
 2970   -1.688365E-07
 2971   -1.736586E-07
 2972   -1.735418E-07
 2973   -1.734251E-07
 2974   -1.733085E-07
 2975   -1.731921E-07
 2976   -1.730757E-07
 2977   -1.729595E-07
 2978   -1.728433E-07
 2979   -1.727273E-07
 2980   -1.726115E-07
 2981   -1.683501E-07
 2982   -1.682372E-07
 2983   -1.681244E-07
 2984   -1.680118E-07
 2985   -1.678993E-07
 2986   -1.677868E-07
 2987   -1.676745E-07
 2988   -1.675623E-07
 2989   -1.674503E-07
 2990   -1.673383E-07
 2991   -1.696274E-07
 2992   -1.695141E-07
 2993   -1.694009E-07
 2994   -1.692877E-07
 2995   -1.691747E-07
 2996   -1.690618E-07
 2997   -1.689490E-07
 2998   -1.688364E-07
 2999   -1.687238E-07
 3000   -1.686114E-07
 3001   -1.636663E-07
 3002   -1.635573E-07
 3003   -1.634484E-07
 3004   -1.633396E-07
 3005   -1.632309E-07
 3006   -1.631224E-07
 3007   -1.630139E-07
 3008   -1.629056E-07
 3009   -1.627973E-07
 3010   -1.626892E-07
 3011   -1.593986E-07
 3012   -1.592928E-07
 3013   -1.591871E-07
 3014   -1.590815E-07
 3015   -1.589760E-07
 3016   -1.588706E-07
 3017   -1.587653E-07
 3018   -1.586601E-07
 3019   -1.585551E-07
 3020   -1.584501E-07
 3021   -1.626384E-07
 3022   -1.625308E-07
 3023   -1.624233E-07
 3024   -1.623159E-07
 3025   -1.622087E-07
 3026   -1.621015E-07
 3027   -1.619944E-07
 3028   -1.618875E-07
 3029   -1.617806E-07
 3030   -1.616739E-07
 3031   -1.572853E-07
 3032   -1.571816E-07
 3033   -1.570779E-07
 3034   -1.569744E-07
 3035   -1.568710E-07
 3036   -1.567677E-07
 3037   -1.566645E-07
 3038   -1.565614E-07
 3039   -1.564584E-07
 3040   -1.563555E-07
 3041   -1.598480E-07
 3042   -1.597429E-07
 3043   -1.596380E-07
 3044   -1.595331E-07
 3045   -1.594284E-07
 3046   -1.593237E-07
 3047   -1.592192E-07
 3048   -1.591147E-07
 3049   -1.590104E-07
 3050   -1.589062E-07
 3051   -1.581751E-07
 3052   -1.580714E-07
 3053   -1.579679E-07
 3054   -1.578645E-07
 3055   -1.577612E-07
 3056   -1.576580E-07
 3057   -1.575549E-07
 3058   -1.574518E-07
 3059   -1.573489E-07
 3060   -1.572461E-07
 3061   -1.560174E-07
 3062   -1.559156E-07
 3063   -1.558138E-07
 3064   -1.557121E-07
 3065   -1.556106E-07
 3066   -1.555091E-07
 3067   -1.554077E-07
 3068   -1.553064E-07
 3069   -1.552053E-07
 3070   -1.551042E-07
 3071   -1.550479E-07
 3072   -1.549470E-07
 3073   -1.548462E-07
 3074   -1.547454E-07
 3075   -1.546448E-07
 3076   -1.545443E-07
 3077   -1.544439E-07
 3078   -1.543436E-07
 3079   -1.542433E-07
 3080   -1.541432E-07
 3081   -1.402870E-07
 3082   -1.401960E-07
 3083   -1.401051E-07
 3084   -1.400143E-07
 3085   -1.399235E-07
 3086   -1.398329E-07
 3087   -1.397423E-07
 3088   -1.396518E-07
 3089   -1.395614E-07
 3090   -1.394711E-07
 3091   -1.095196E-07
 3092   -1.094487E-07
 3093   -1.093780E-07
 3094   -1.093073E-07
 3095   -1.092367E-07
 3096   -1.091661E-07
 3097   -1.090957E-07
 3098   -1.090253E-07
 3099   -1.089549E-07
 3100   -1.088847E-07
 3101   -4.841092E-08
 3102   -4.837971E-08
 3103   -4.834854E-08
 3104   -4.831740E-08
 3105   -4.828629E-08
 3106   -4.825520E-08
 3107   -4.822415E-08
 3108   -4.819313E-08
 3109   -4.816214E-08
 3110   -4.813117E-08
 3111   -1.423908E-08
 3112   -1.422993E-08
 3113   -1.422079E-08
 3114   -1.421166E-08
 3115   -1.420254E-08
 3116   -1.419343E-08
 3117   -1.418433E-08
 3118   -1.417523E-08
 3119   -1.416614E-08
 3120   -1.415707E-08
 3121   -3.622930E-09
 3122   -3.620610E-09
 3123   -3.618292E-09
 3124   -3.615976E-09
 3125   -3.613662E-09
 3126   -3.611351E-09
 3127   -3.609042E-09
 3128   -3.606735E-09
 3129   -3.604431E-09
 3130   -3.602128E-09
 3131   -1.250378E-09
 3132   -1.249580E-09
 3133   -1.248782E-09
 3134   -1.247986E-09
 3135   -1.247190E-09
 3136   -1.246395E-09
 3137   -1.245600E-09
 3138   -1.244807E-09
 3139   -1.244014E-09
 3140   -1.243222E-09
 3141    2.823799E-10
 3142    2.822002E-10
 3143    2.820207E-10
 3144    2.818413E-10
 3145    2.816621E-10
 3146    2.814831E-10
 3147    2.813043E-10
 3148    2.811256E-10
 3149    2.809471E-10
 3150    2.807688E-10
 3151    1.571063E-09
 3152    1.570066E-09
 3153    1.569071E-09
 3154    1.568076E-09
 3155    1.567082E-09
 3156    1.566089E-09
 3157    1.565098E-09
 3158    1.564107E-09
 3159    1.563117E-09
 3160    1.562128E-09
 3161    2.079572E-09
 3162    2.078257E-09
 3163    2.076943E-09
 3164    2.075631E-09
 3165    2.074320E-09
 3166    2.073010E-09
 3167    2.071701E-09
 3168    2.070394E-09
 3169    2.069087E-09
 3170    2.067782E-09
 3171    2.305255E-09
 3172    2.303802E-09
 3173    2.302350E-09
 3174    2.300900E-09
 3175    2.299451E-09
 3176    2.298003E-09
 3177    2.296557E-09
 3178    2.295112E-09
 3179    2.293669E-09
 3180    2.292226E-09
 3181    2.542871E-09
 3182    2.541274E-09
 3183    2.539677E-09
 3184    2.538083E-09
 3185    2.536489E-09
 3186    2.534898E-09
 3187    2.533307E-09
 3188    2.531719E-09
 3189    2.530131E-09
 3190    2.528545E-09
 3191    2.668928E-09
 3192    2.667256E-09
 3193    2.665586E-09
 3194    2.663917E-09
 3195    2.662250E-09
 3196    2.660585E-09
 3197    2.658921E-09
 3198    2.657259E-09
 3199    2.655598E-09
 3200    2.653939E-09
 3201    2.621334E-09
 3202    2.619697E-09
 3203    2.618062E-09
 3204    2.616428E-09
 3205    2.614796E-09
 3206    2.613165E-09
 3207    2.611536E-09
 3208    2.609908E-09
 3209    2.608282E-09
 3210    2.606657E-09
 3211    2.640369E-09
 3212    2.638726E-09
 3213    2.637084E-09
 3214    2.635443E-09
 3215    2.633804E-09
 3216    2.632167E-09
 3217    2.630531E-09
 3218    2.628896E-09
 3219    2.627264E-09
 3220    2.625632E-09
 3221    2.615746E-09
 3222    2.614123E-09
 3223    2.612501E-09
 3224    2.610881E-09
 3225    2.609262E-09
 3226    2.607645E-09
 3227    2.606029E-09
 3228    2.604415E-09
 3229    2.602803E-09
 3230    2.601191E-09
 3231    2.525720E-09
 3232    2.524158E-09
 3233    2.522597E-09
 3234    2.521037E-09
 3235    2.519479E-09
 3236    2.517922E-09
 3237    2.516367E-09
 3238    2.514813E-09
 3239    2.513261E-09
 3240    2.511710E-09
 3241    2.419542E-09
 3242    2.418050E-09
 3243    2.416559E-09
 3244    2.415070E-09
 3245    2.413582E-09
 3246    2.412095E-09
 3247    2.410610E-09
 3248    2.409126E-09
 3249    2.407643E-09
 3250    2.406162E-09
 3251    2.330628E-09
 3252    2.329196E-09
 3253    2.327764E-09
 3254    2.326334E-09
 3255    2.324905E-09
 3256    2.323477E-09
 3257    2.322051E-09
 3258    2.320626E-09
 3259    2.319202E-09
 3260    2.317780E-09
 3261    2.287077E-09
 3262    2.285675E-09
 3263    2.284274E-09
 3264    2.282875E-09
 3265    2.281477E-09
 3266    2.280080E-09
 3267    2.278685E-09
 3268    2.277291E-09
 3269    2.275898E-09
 3270    2.274507E-09
 3271    2.143506E-09
 3272    2.142197E-09
 3273    2.140888E-09
 3274    2.139581E-09
 3275    2.138274E-09
 3276    2.136969E-09
 3277    2.135665E-09
 3278    2.134363E-09
 3279    2.133061E-09
 3280    2.131761E-09
 3281    2.100271E-09
 3282    2.098992E-09
 3283    2.097714E-09
 3284    2.096436E-09
 3285    2.095161E-09
 3286    2.093886E-09
 3287    2.092612E-09
 3288    2.091340E-09
 3289    2.090068E-09
 3290    2.088798E-09
 3291    1.920886E-09
 3292    1.919719E-09
 3293    1.918554E-09
 3294    1.917389E-09
 3295    1.916226E-09
 3296    1.915063E-09
 3297    1.913902E-09
 3298    1.912742E-09
 3299    1.911582E-09
 3300    1.910424E-09
