   50    0.000000E+00
   51    0.000000E+00
   52    0.000000E+00
   53    0.000000E+00
   54    0.000000E+00
   55    0.000000E+00
   56    0.000000E+00
   57    0.000000E+00
   58    0.000000E+00
   59    0.000000E+00
   60    0.000000E+00
   61    0.000000E+00
   62    0.000000E+00
   63    0.000000E+00
   64    0.000000E+00
   65    0.000000E+00
   66    0.000000E+00
   67    0.000000E+00
   68    0.000000E+00
   69    0.000000E+00
   70    0.000000E+00
   71    0.000000E+00
   72    0.000000E+00
   73    0.000000E+00
   74    0.000000E+00
   75    0.000000E+00
   76    0.000000E+00
   77    0.000000E+00
   78    0.000000E+00
   79    0.000000E+00
   80    0.000000E+00
   81    0.000000E+00
   82    0.000000E+00
   83    0.000000E+00
   84    0.000000E+00
   85    0.000000E+00
   86    0.000000E+00
   87    0.000000E+00
   88    0.000000E+00
   89    0.000000E+00
   90    0.000000E+00
   91    0.000000E+00
   92    0.000000E+00
   93    0.000000E+00
   94    0.000000E+00
   95    0.000000E+00
   96    0.000000E+00
   97    0.000000E+00
   98    0.000000E+00
   99    0.000000E+00
  100    0.000000E+00
  101    0.000000E+00
  102    0.000000E+00
  103    0.000000E+00
  104    0.000000E+00
  105    0.000000E+00
  106    0.000000E+00
  107    0.000000E+00
  108    0.000000E+00
  109    0.000000E+00
  110    0.000000E+00
  111    0.000000E+00
  112    0.000000E+00
  113    0.000000E+00
  114    0.000000E+00
  115    0.000000E+00
  116    0.000000E+00
  117    0.000000E+00
  118    0.000000E+00
  119    0.000000E+00
  120    0.000000E+00
  121    0.000000E+00
  122    0.000000E+00
  123    0.000000E+00
  124    0.000000E+00
  125    0.000000E+00
  126    0.000000E+00
  127    0.000000E+00
  128    0.000000E+00
  129    0.000000E+00
  130    0.000000E+00
  131    0.000000E+00
  132    0.000000E+00
  133    0.000000E+00
  134    0.000000E+00
  135    0.000000E+00
  136    0.000000E+00
  137    0.000000E+00
  138    0.000000E+00
  139    0.000000E+00
  140    0.000000E+00
  141    0.000000E+00
  142    0.000000E+00
  143    0.000000E+00
  144    0.000000E+00
  145    0.000000E+00
  146    0.000000E+00
  147    0.000000E+00
  148    0.000000E+00
  149    0.000000E+00
  150    0.000000E+00
  151    0.000000E+00
  152    0.000000E+00
  153    0.000000E+00
  154    0.000000E+00
  155    0.000000E+00
  156    0.000000E+00
  157    0.000000E+00
  158    0.000000E+00
  159    0.000000E+00
  160    0.000000E+00
  161    0.000000E+00
  162    0.000000E+00
  163    0.000000E+00
  164    0.000000E+00
  165    0.000000E+00
  166    0.000000E+00
  167    0.000000E+00
  168    0.000000E+00
  169    0.000000E+00
  170    0.000000E+00
  171    0.000000E+00
  172    0.000000E+00
  173    0.000000E+00
  174    0.000000E+00
  175    0.000000E+00
  176    0.000000E+00
  177    0.000000E+00
  178    0.000000E+00
  179    0.000000E+00
  180    0.000000E+00
  181    2.085307E-11
  182    2.062517E-11
  183    2.040098E-11
  184    2.018043E-11
  185    1.996344E-11
  186    1.974993E-11
  187    1.953982E-11
  188    1.933305E-11
  189    1.912954E-11
  190    1.892924E-11
  191    4.522781E-11
  192    4.475913E-11
  193    4.429770E-11
  194    4.384336E-11
  195    4.339598E-11
  196    4.295541E-11
  197    4.252152E-11
  198    4.209417E-11
  199    4.167322E-11
  200    4.125857E-11
  201    7.749348E-10
  202    7.672999E-10
  203    7.597774E-10
  204    7.523649E-10
  205    7.450604E-10
  206    7.378618E-10
  207    7.307669E-10
  208    7.237740E-10
  209    7.168809E-10
  210    7.100858E-10
  211    1.009624E-09
  212    1.000144E-09
  213    9.907973E-10
  214    9.815806E-10
  215    9.724919E-10
  216    9.635288E-10
  217    9.546891E-10
  218    9.459705E-10
  219    9.373707E-10
  220    9.288877E-10
  221    1.631575E-09
  222    1.616942E-09
  223    1.602505E-09
  224    1.588261E-09
  225    1.574205E-09
  226    1.560336E-09
  227    1.546649E-09
  228    1.533141E-09
  229    1.519809E-09
  230    1.506651E-09
  231    3.405830E-09
  232    3.376595E-09
  233    3.347735E-09
  234    3.319244E-09
  235    3.291115E-09
  236    3.263342E-09
  237    3.235919E-09
  238    3.208840E-09
  239    3.182100E-09
  240    3.155692E-09
  241    2.943778E-09
  242    2.919549E-09
  243    2.895618E-09
  244    2.871981E-09
  245    2.848631E-09
  246    2.825565E-09
  247    2.802779E-09
  248    2.780266E-09
  249    2.758024E-09
  250    2.736048E-09
  251    5.841957E-09
  252    5.795775E-09
  253    5.750139E-09
  254    5.705040E-09
  255    5.660470E-09
  256    5.616419E-09
  257    5.572881E-09
  258    5.529847E-09
  259    5.487310E-09
  260    5.445262E-09
  261    5.839904E-09
  262    5.795494E-09
  263    5.751589E-09
  264    5.708181E-09
  265    5.665262E-09
  266    5.622826E-09
  267    5.580864E-09
  268    5.539371E-09
  269    5.498339E-09
  270    5.457760E-09
  271    7.344322E-09
  272    7.290517E-09
  273    7.237302E-09
  274    7.184667E-09
  275    7.132604E-09
  276    7.081105E-09
  277    7.030162E-09
  278    6.979766E-09
  279    6.929911E-09
  280    6.880588E-09
  281    8.101788E-09
  282    8.044532E-09
  283    7.987880E-09
  284    7.931825E-09
  285    7.876357E-09
  286    7.821470E-09
  287    7.767154E-09
  288    7.713402E-09
  289    7.660206E-09
  290    7.607559E-09
  291    9.586578E-09
  292    9.521140E-09
  293    9.456371E-09
  294    9.392260E-09
  295    9.328798E-09
  296    9.265978E-09
  297    9.203791E-09
  298    9.142227E-09
  299    9.081279E-09
  300    9.020938E-09
  301    1.144702E-08
  302    1.137146E-08
  303    1.129665E-08
  304    1.122258E-08
  305    1.114923E-08
  306    1.107659E-08
  307    1.100467E-08
  308    1.093344E-08
  309    1.086290E-08
  310    1.079304E-08
  311    1.250091E-08
  312    1.242104E-08
  313    1.234192E-08
  314    1.226356E-08
  315    1.218594E-08
  316    1.210906E-08
  317    1.203290E-08
  318    1.195746E-08
  319    1.188273E-08
  320    1.180869E-08
  321    1.440529E-08
  322    1.431609E-08
  323    1.422772E-08
  324    1.414017E-08
  325    1.405342E-08
  326    1.396746E-08
  327    1.388229E-08
  328    1.379790E-08
  329    1.371428E-08
  330    1.363141E-08
  331    1.671103E-08
  332    1.661067E-08
  333    1.651120E-08
  334    1.641263E-08
  335    1.631493E-08
  336    1.621811E-08
  337    1.612214E-08
  338    1.602703E-08
  339    1.593275E-08
  340    1.583930E-08
  341    1.871183E-08
  342    1.860272E-08
  343    1.849457E-08
  344    1.838735E-08
  345    1.828107E-08
  346    1.817570E-08
  347    1.807124E-08
  348    1.796768E-08
  349    1.786501E-08
  350    1.776322E-08
  351    1.999362E-08
  352    1.988034E-08
  353    1.976802E-08
  354    1.965665E-08
  355    1.954622E-08
  356    1.943672E-08
  357    1.932813E-08
  358    1.922046E-08
  359    1.911368E-08
  360    1.900778E-08
  361    2.480904E-08
  362    2.467235E-08
  363    2.453679E-08
  364    2.440234E-08
  365    2.426899E-08
  366    2.413674E-08
  367    2.400556E-08
  368    2.387545E-08
  369    2.374639E-08
  370    2.361838E-08
  371    2.567739E-08
  372    2.553971E-08
  373    2.540314E-08
  374    2.526765E-08
  375    2.513325E-08
  376    2.499992E-08
  377    2.486764E-08
  378    2.473642E-08
  379    2.460622E-08
  380    2.447706E-08
  381    3.042371E-08
  382    3.026484E-08
  383    3.010721E-08
  384    2.995081E-08
  385    2.979563E-08
  386    2.964165E-08
  387    2.948885E-08
  388    2.933724E-08
  389    2.918679E-08
  390    2.903750E-08
  391    3.553892E-08
  392    3.535806E-08
  393    3.517858E-08
  394    3.500046E-08
  395    3.482369E-08
  396    3.464825E-08
  397    3.447414E-08
  398    3.430134E-08
  399    3.412983E-08
  400    3.395961E-08
  401    3.609655E-08
  402    3.591741E-08
  403    3.573960E-08
  404    3.556311E-08
  405    3.538792E-08
  406    3.521402E-08
  407    3.504140E-08
  408    3.487005E-08
  409    3.469996E-08
  410    3.453110E-08
  411    4.693363E-08
  412    4.670634E-08
  413    4.648071E-08
  414    4.625671E-08
  415    4.603432E-08
  416    4.581353E-08
  417    4.559433E-08
  418    4.537669E-08
  419    4.516061E-08
  420    4.494607E-08
  421    4.738800E-08
  422    4.716394E-08
  423    4.694147E-08
  424    4.672057E-08
  425    4.650122E-08
  426    4.628342E-08
  427    4.606714E-08
  428    4.585238E-08
  429    4.563911E-08
  430    4.542733E-08
  431    6.148046E-08
  432    6.119649E-08
  433    6.091448E-08
  434    6.063441E-08
  435    6.035627E-08
  436    6.008004E-08
  437    5.980570E-08
  438    5.953324E-08
  439    5.926263E-08
  440    5.899387E-08
  441    6.772194E-08
  442    6.741620E-08
  443    6.711252E-08
  444    6.681090E-08
  445    6.651129E-08
  446    6.621371E-08
  447    6.591811E-08
  448    6.562449E-08
  449    6.533282E-08
  450    6.504310E-08
  451    7.530798E-08
  452    7.497549E-08
  453    7.464521E-08
  454    7.431709E-08
  455    7.399114E-08
  456    7.366733E-08
  457    7.334564E-08
  458    7.302605E-08
  459    7.270855E-08
  460    7.239311E-08
  461    9.350333E-08
  462    9.309943E-08
  463    9.269814E-08
  464    9.229944E-08
  465    9.190330E-08
  466    9.150971E-08
  467    9.111865E-08
  468    9.073008E-08
  469    9.034400E-08
  470    8.996037E-08
  471    9.867285E-08
  472    9.825562E-08
  473    9.784104E-08
  474    9.742908E-08
  475    9.701972E-08
  476    9.661292E-08
  477    9.620869E-08
  478    9.580698E-08
  479    9.540778E-08
  480    9.501108E-08
  481    1.294718E-07
  482    1.289357E-07
  483    1.284029E-07
  484    1.278734E-07
  485    1.273472E-07
  486    1.268242E-07
  487    1.263044E-07
  488    1.257878E-07
  489    1.252744E-07
  490    1.247641E-07
  491    1.324770E-07
  492    1.319395E-07
  493    1.314054E-07
  494    1.308744E-07
  495    1.303467E-07
  496    1.298222E-07
  497    1.293008E-07
  498    1.287826E-07
  499    1.282674E-07
  500    1.277554E-07
  501    1.540440E-07
  502    1.534315E-07
  503    1.528226E-07
  504    1.522174E-07
  505    1.516157E-07
  506    1.510176E-07
  507    1.504231E-07
  508    1.498320E-07
  509    1.492445E-07
  510    1.486603E-07
  511    1.829248E-07
  512    1.822117E-07
  513    1.815027E-07
  514    1.807978E-07
  515    1.800970E-07
  516    1.794003E-07
  517    1.787077E-07
  518    1.780190E-07
  519    1.773343E-07
  520    1.766536E-07
  521    1.952835E-07
  522    1.945367E-07
  523    1.937942E-07
  524    1.930559E-07
  525    1.923219E-07
  526    1.915920E-07
  527    1.908663E-07
  528    1.901446E-07
  529    1.894271E-07
  530    1.887136E-07
  531    2.461637E-07
  532    2.452400E-07
  533    2.443215E-07
  534    2.434082E-07
  535    2.424999E-07
  536    2.415968E-07
  537    2.406986E-07
  538    2.398055E-07
  539    2.389173E-07
  540    2.380341E-07
  541    2.578989E-07
  542    2.569490E-07
  543    2.560043E-07
  544    2.550648E-07
  545    2.541305E-07
  546    2.532014E-07
  547    2.522773E-07
  548    2.513582E-07
  549    2.504442E-07
  550    2.495351E-07
  551    3.190214E-07
  552    3.178676E-07
  553    3.167201E-07
  554    3.155788E-07
  555    3.144436E-07
  556    3.133145E-07
  557    3.121915E-07
  558    3.110746E-07
  559    3.099636E-07
  560    3.088586E-07
  561    3.546950E-07
  562    3.534350E-07
  563    3.521817E-07
  564    3.509350E-07
  565    3.496950E-07
  566    3.484615E-07
  567    3.472345E-07
  568    3.460140E-07
  569    3.447999E-07
  570    3.435922E-07
  571    3.883140E-07
  572    3.869586E-07
  573    3.856103E-07
  574    3.842690E-07
  575    3.829348E-07
  576    3.816074E-07
  577    3.802870E-07
  578    3.789734E-07
  579    3.776666E-07
  580    3.763665E-07
  581    4.490668E-07
  582    4.475263E-07
  583    4.459937E-07
  584    4.444689E-07
  585    4.429519E-07
  586    4.414427E-07
  587    4.399412E-07
  588    4.384474E-07
  589    4.369611E-07
  590    4.354824E-07
  591    4.938959E-07
  592    4.922302E-07
  593    4.905728E-07
  594    4.889239E-07
  595    4.872832E-07
  596    4.856507E-07
  597    4.840265E-07
  598    4.824104E-07
  599    4.808023E-07
  600    4.792023E-07
  601    5.578363E-07
  602    5.559861E-07
  603    5.541451E-07
  604    5.523132E-07
  605    5.504904E-07
  606    5.486766E-07
  607    5.468717E-07
  608    5.450758E-07
  609    5.432886E-07
  610    5.415103E-07
  611    5.850527E-07
  612    5.831438E-07
  613    5.812443E-07
  614    5.793541E-07
  615    5.774731E-07
  616    5.756012E-07
  617    5.737384E-07
  618    5.718847E-07
  619    5.700399E-07
  620    5.682040E-07
  621    6.867886E-07
  622    6.845839E-07
  623    6.823897E-07
  624    6.802060E-07
  625    6.780329E-07
  626    6.758701E-07
  627    6.737176E-07
  628    6.715754E-07
  629    6.694434E-07
  630    6.673216E-07
  631    7.349988E-07
  632    7.326766E-07
  633    7.303653E-07
  634    7.280649E-07
  635    7.257754E-07
  636    7.234967E-07
  637    7.212286E-07
  638    7.189713E-07
  639    7.167245E-07
  640    7.144882E-07
  641    8.025841E-07
  642    8.000877E-07
  643    7.976030E-07
  644    7.951298E-07
  645    7.926681E-07
  646    7.902178E-07
  647    7.877789E-07
  648    7.853512E-07
  649    7.829347E-07
  650    7.805294E-07
  651    9.047989E-07
  652    9.020277E-07
  653    8.992692E-07
  654    8.965233E-07
  655    8.937900E-07
  656    8.910692E-07
  657    8.883608E-07
  658    8.856647E-07
  659    8.829808E-07
  660    8.803092E-07
  661    9.595892E-07
  662    9.566945E-07
  663    9.538129E-07
  664    9.509443E-07
  665    9.480886E-07
  666    9.452458E-07
  667    9.424157E-07
  668    9.395983E-07
  669    9.367935E-07
  670    9.340013E-07
  671    1.105780E-06
  672    1.102494E-06
  673    1.099223E-06
  674    1.095966E-06
  675    1.092723E-06
  676    1.089495E-06
  677    1.086281E-06
  678    1.083082E-06
  679    1.079896E-06
  680    1.076724E-06
  681    1.154763E-06
  682    1.151381E-06
  683    1.148015E-06
  684    1.144663E-06
  685    1.141326E-06
  686    1.138003E-06
  687    1.134695E-06
  688    1.131401E-06
  689    1.128122E-06
  690    1.124857E-06
  691    1.255625E-06
  692    1.252001E-06
  693    1.248393E-06
  694    1.244800E-06
  695    1.241223E-06
  696    1.237662E-06
  697    1.234115E-06
  698    1.230584E-06
  699    1.227068E-06
  700    1.223567E-06
  701    1.340792E-06
  702    1.336977E-06
  703    1.333179E-06
  704    1.329397E-06
  705    1.325631E-06
  706    1.321881E-06
  707    1.318147E-06
  708    1.314428E-06
  709    1.310726E-06
  710    1.307039E-06
  711    1.412520E-06
  712    1.408558E-06
  713    1.404613E-06
  714    1.400684E-06
  715    1.396771E-06
  716    1.392875E-06
  717    1.388995E-06
  718    1.385131E-06
  719    1.381284E-06
  720    1.377452E-06
  721    1.566530E-06
  722    1.562197E-06
  723    1.557881E-06
  724    1.553583E-06
  725    1.549304E-06
  726    1.545041E-06
  727    1.540797E-06
  728    1.536570E-06
  729    1.532360E-06
  730    1.528167E-06
  731    1.648823E-06
  732    1.644324E-06
  733    1.639844E-06
  734    1.635381E-06
  735    1.630937E-06
  736    1.626512E-06
  737    1.622104E-06
  738    1.617714E-06
  739    1.613341E-06
  740    1.608987E-06
  741    1.852744E-06
  742    1.847756E-06
  743    1.842789E-06
  744    1.837842E-06
  745    1.832915E-06
  746    1.828008E-06
  747    1.823120E-06
  748    1.818252E-06
  749    1.813403E-06
  750    1.808574E-06
  751    1.920867E-06
  752    1.915765E-06
  753    1.910683E-06
  754    1.905622E-06
  755    1.900580E-06
  756    1.895559E-06
  757    1.890558E-06
  758    1.885576E-06
  759    1.880614E-06
  760    1.875671E-06
  761    2.097708E-06
  762    2.092210E-06
  763    2.086733E-06
  764    2.081277E-06
  765    2.075843E-06
  766    2.070430E-06
  767    2.065038E-06
  768    2.059668E-06
  769    2.054318E-06
  770    2.048989E-06
  771    2.334058E-06
  772    2.328019E-06
  773    2.322004E-06
  774    2.316011E-06
  775    2.310042E-06
  776    2.304096E-06
  777    2.298173E-06
  778    2.292273E-06
  779    2.286395E-06
  780    2.280540E-06
  781    2.385729E-06
  782    2.379635E-06
  783    2.373564E-06
  784    2.367517E-06
  785    2.361493E-06
  786    2.355491E-06
  787    2.349513E-06
  788    2.343557E-06
  789    2.337624E-06
  790    2.331714E-06
  791    2.610841E-06
  792    2.604256E-06
  793    2.597696E-06
  794    2.591161E-06
  795    2.584651E-06
  796    2.578165E-06
  797    2.571703E-06
  798    2.565266E-06
  799    2.558853E-06
  800    2.552464E-06
  801    2.614739E-06
  802    2.608227E-06
  803    2.601738E-06
  804    2.595274E-06
  805    2.588835E-06
  806    2.582419E-06
  807    2.576026E-06
  808    2.569658E-06
  809    2.563313E-06
  810    2.556992E-06
  811    2.733942E-06
  812    2.727216E-06
  813    2.720515E-06
  814    2.713839E-06
  815    2.707188E-06
  816    2.700560E-06
  817    2.693958E-06
  818    2.687379E-06
  819    2.680824E-06
  820    2.674294E-06
  821    2.953959E-06
  822    2.946781E-06
  823    2.939628E-06
  824    2.932502E-06
  825    2.925402E-06
  826    2.918327E-06
  827    2.911278E-06
  828    2.904254E-06
  829    2.897256E-06
  830    2.890283E-06
  831    3.010365E-06
  832    3.003137E-06
  833    2.995935E-06
  834    2.988759E-06
  835    2.981609E-06
  836    2.974485E-06
  837    2.967386E-06
  838    2.960312E-06
  839    2.953264E-06
  840    2.946240E-06
  841    3.422604E-06
  842    3.414484E-06
  843    3.406393E-06
  844    3.398331E-06
  845    3.390297E-06
  846    3.382291E-06
  847    3.374314E-06
  848    3.366365E-06
  849    3.358445E-06
  850    3.350552E-06
  851    3.341856E-06
  852    3.334020E-06
  853    3.326212E-06
  854    3.318431E-06
  855    3.310678E-06
  856    3.302952E-06
  857    3.295253E-06
  858    3.287580E-06
  859    3.279935E-06
  860    3.272316E-06
  861    3.604457E-06
  862    3.596104E-06
  863    3.587779E-06
  864    3.579484E-06
  865    3.571217E-06
  866    3.562979E-06
  867    3.554769E-06
  868    3.546588E-06
  869    3.538435E-06
  870    3.530310E-06
  871    3.878196E-06
  872    3.869311E-06
  873    3.860457E-06
  874    3.851633E-06
  875    3.842839E-06
  876    3.834076E-06
  877    3.825342E-06
  878    3.816638E-06
  879    3.807964E-06
  880    3.799319E-06
  881    3.833266E-06
  882    3.824584E-06
  883    3.815931E-06
  884    3.807307E-06
  885    3.798713E-06
  886    3.790148E-06
  887    3.781611E-06
  888    3.773104E-06
  889    3.764625E-06
  890    3.756174E-06
  891    4.335934E-06
  892    4.326224E-06
  893    4.316545E-06
  894    4.306899E-06
  895    4.297286E-06
  896    4.287704E-06
  897    4.278155E-06
  898    4.268637E-06
  899    4.259151E-06
  900    4.249697E-06
  901    4.214044E-06
  902    4.204710E-06
  903    4.195408E-06
  904    4.186136E-06
  905    4.176895E-06
  906    4.167685E-06
  907    4.158505E-06
  908    4.149355E-06
  909    4.140236E-06
  910    4.131146E-06
  911    4.491512E-06
  912    4.481673E-06
  913    4.471867E-06
  914    4.462092E-06
  915    4.452349E-06
  916    4.442639E-06
  917    4.432960E-06
  918    4.423312E-06
  919    4.413697E-06
  920    4.404112E-06
  921    4.760010E-06
  922    4.749696E-06
  923    4.739415E-06
  924    4.729168E-06
  925    4.718954E-06
  926    4.708772E-06
  927    4.698624E-06
  928    4.688509E-06
  929    4.678426E-06
  930    4.668376E-06
  931    4.659790E-06
  932    4.649801E-06
  933    4.639844E-06
  934    4.629919E-06
  935    4.620026E-06
  936    4.610165E-06
  937    4.600335E-06
  938    4.590537E-06
  939    4.580770E-06
  940    4.571034E-06
  941    5.190764E-06
  942    5.179755E-06
  943    5.168781E-06
  944    5.157842E-06
  945    5.146937E-06
  946    5.136067E-06
  947    5.125231E-06
  948    5.114430E-06
  949    5.103663E-06
  950    5.092930E-06
  951    4.895142E-06
  952    4.884869E-06
  953    4.874628E-06
  954    4.864419E-06
  955    4.854243E-06
  956    4.844098E-06
  957    4.833985E-06
  958    4.823904E-06
  959    4.813854E-06
  960    4.803835E-06
  961    5.213211E-06
  962    5.202384E-06
  963    5.191591E-06
  964    5.180831E-06
  965    5.170105E-06
  966    5.159411E-06
  967    5.148752E-06
  968    5.138125E-06
  969    5.127531E-06
  970    5.116969E-06
  971    5.299359E-06
  972    5.288466E-06
  973    5.277607E-06
  974    5.266781E-06
  975    5.255988E-06
  976    5.245229E-06
  977    5.234502E-06
  978    5.223809E-06
  979    5.213148E-06
  980    5.202520E-06
  981    5.390611E-06
  982    5.379643E-06
  983    5.368709E-06
  984    5.357808E-06
  985    5.346941E-06
  986    5.336106E-06
  987    5.325304E-06
  988    5.314535E-06
  989    5.303798E-06
  990    5.293095E-06
  991    5.965291E-06
  992    5.953276E-06
  993    5.941297E-06
  994    5.929355E-06
  995    5.917449E-06
  996    5.905578E-06
  997    5.893743E-06
  998    5.881944E-06
  999    5.870180E-06
 1000    5.858452E-06
 1001    5.513911E-06
 1002    5.502916E-06
 1003    5.491954E-06
 1004    5.481025E-06
 1005    5.470128E-06
 1006    5.459264E-06
 1007    5.448432E-06
 1008    5.437632E-06
 1009    5.426865E-06
 1010    5.416129E-06
 1011    6.241306E-06
 1012    6.228984E-06
 1013    6.216698E-06
 1014    6.204448E-06
 1015    6.192235E-06
 1016    6.180057E-06
 1017    6.167916E-06
 1018    6.155810E-06
 1019    6.143740E-06
 1020    6.131705E-06
 1021    6.318217E-06
 1022    6.305864E-06
 1023    6.293548E-06
 1024    6.281268E-06
 1025    6.269024E-06
 1026    6.256816E-06
 1027    6.244643E-06
 1028    6.232506E-06
 1029    6.220404E-06
 1030    6.208337E-06
 1031    6.349323E-06
 1032    6.337030E-06
 1033    6.324772E-06
 1034    6.312550E-06
 1035    6.300364E-06
 1036    6.288213E-06
 1037    6.276097E-06
 1038    6.264016E-06
 1039    6.251970E-06
 1040    6.239958E-06
 1041    6.692809E-06
 1042    6.679975E-06
 1043    6.667178E-06
 1044    6.654418E-06
 1045    6.641694E-06
 1046    6.629007E-06
 1047    6.616356E-06
 1048    6.603742E-06
 1049    6.591163E-06
 1050    6.578621E-06
 1051    6.297536E-06
 1052    6.285575E-06
 1053    6.273648E-06
 1054    6.261755E-06
 1055    6.249895E-06
 1056    6.238070E-06
 1057    6.226278E-06
 1058    6.214519E-06
 1059    6.202793E-06
 1060    6.191101E-06
 1061    6.840343E-06
 1062    6.827473E-06
 1063    6.814640E-06
 1064    6.801842E-06
 1065    6.789081E-06
 1066    6.776355E-06
 1067    6.763665E-06
 1068    6.751011E-06
 1069    6.738392E-06
 1070    6.725809E-06
 1071    6.957707E-06
 1072    6.944738E-06
 1073    6.931806E-06
 1074    6.918909E-06
 1075    6.906049E-06
 1076    6.893224E-06
 1077    6.880435E-06
 1078    6.867682E-06
 1079    6.854964E-06
 1080    6.842281E-06
 1081    7.572610E-06
 1082    7.558625E-06
 1083    7.544679E-06
 1084    7.530772E-06
 1085    7.516903E-06
 1086    7.503073E-06
 1087    7.489280E-06
 1088    7.475526E-06
 1089    7.461809E-06
 1090    7.448130E-06
 1091    7.584768E-06
 1092    7.570889E-06
 1093    7.557048E-06
 1094    7.543245E-06
 1095    7.529480E-06
 1096    7.515753E-06
 1097    7.502063E-06
 1098    7.488410E-06
 1099    7.474795E-06
 1100    7.461217E-06
 1101    7.341185E-06
 1102    7.327874E-06
 1103    7.314599E-06
 1104    7.301360E-06
 1105    7.288157E-06
 1106    7.274989E-06
 1107    7.261857E-06
 1108    7.248761E-06
 1109    7.235700E-06
 1110    7.222675E-06
 1111    8.009704E-06
 1112    7.995311E-06
 1113    7.980956E-06
 1114    7.966641E-06
 1115    7.952364E-06
 1116    7.938125E-06
 1117    7.923924E-06
 1118    7.909762E-06
 1119    7.895637E-06
 1120    7.881550E-06
 1121    8.489600E-06
 1122    8.474480E-06
 1123    8.459401E-06
 1124    8.444362E-06
 1125    8.429364E-06
 1126    8.414405E-06
 1127    8.399485E-06
 1128    8.384606E-06
 1129    8.369766E-06
 1130    8.354965E-06
 1131    8.476216E-06
 1132    8.461253E-06
 1133    8.446330E-06
 1134    8.431447E-06
 1135    8.416603E-06
 1136    8.401798E-06
 1137    8.387032E-06
 1138    8.372305E-06
 1139    8.357617E-06
 1140    8.342967E-06
 1141    8.972350E-06
 1142    8.956651E-06
 1143    8.940992E-06
 1144    8.925375E-06
 1145    8.909798E-06
 1146    8.894262E-06
 1147    8.878767E-06
 1148    8.863312E-06
 1149    8.847898E-06
 1150    8.832524E-06
 1151    9.199532E-06
 1152    9.183575E-06
 1153    9.167659E-06
 1154    9.151784E-06
 1155    9.135951E-06
 1156    9.120158E-06
 1157    9.104406E-06
 1158    9.088696E-06
 1159    9.073026E-06
 1160    9.057396E-06
 1161    8.791266E-06
 1162    8.776147E-06
 1163    8.761068E-06
 1164    8.746028E-06
 1165    8.731026E-06
 1166    8.716063E-06
 1167    8.701138E-06
 1168    8.686252E-06
 1169    8.671403E-06
 1170    8.656593E-06
 1171    9.494593E-06
 1172    9.478404E-06
 1173    9.462257E-06
 1174    9.446151E-06
 1175    9.430086E-06
 1176    9.414062E-06
 1177    9.398079E-06
 1178    9.382136E-06
 1179    9.366234E-06
 1180    9.350373E-06
 1181    1.261130E-05
 1182    1.258998E-05
 1183    1.256871E-05
 1184    1.254750E-05
 1185    1.252634E-05
 1186    1.250523E-05
 1187    1.248418E-05
 1188    1.246318E-05
 1189    1.244223E-05
 1190    1.242134E-05
 1191    1.317802E-05
 1192    1.315593E-05
 1193    1.313389E-05
 1194    1.311191E-05
 1195    1.308999E-05
 1196    1.306812E-05
 1197    1.304630E-05
 1198    1.302454E-05
 1199    1.300283E-05
 1200    1.298118E-05
 1201    1.245449E-05
 1202    1.243379E-05
 1203    1.241313E-05
 1204    1.239253E-05
 1205    1.237198E-05
 1206    1.235148E-05
 1207    1.233103E-05
 1208    1.231063E-05
 1209    1.229028E-05
 1210    1.226999E-05
 1211    1.514741E-05
 1212    1.512244E-05
 1213    1.509752E-05
 1214    1.507267E-05
 1215    1.504788E-05
 1216    1.502315E-05
 1217    1.499848E-05
 1218    1.497387E-05
 1219    1.494933E-05
 1220    1.492484E-05
 1221    1.874975E-05
 1222    1.871909E-05
 1223    1.868850E-05
 1224    1.865799E-05
 1225    1.862755E-05
 1226    1.859719E-05
 1227    1.856690E-05
 1228    1.853669E-05
 1229    1.850655E-05
 1230    1.847648E-05
 1231    1.730865E-05
 1232    1.728057E-05
 1233    1.725257E-05
 1234    1.722463E-05
 1235    1.719676E-05
 1236    1.716895E-05
 1237    1.714122E-05
 1238    1.711355E-05
 1239    1.708594E-05
 1240    1.705841E-05
 1241    1.050145E-05
 1242    1.048456E-05
 1243    1.046770E-05
 1244    1.045088E-05
 1245    1.043411E-05
 1246    1.041737E-05
 1247    1.040068E-05
 1248    1.038403E-05
 1249    1.036741E-05
 1250    1.035084E-05
 1251    4.608030E-06
 1252    4.600675E-06
 1253    4.593337E-06
 1254    4.586017E-06
 1255    4.578714E-06
 1256    4.571429E-06
 1257    4.564162E-06
 1258    4.556911E-06
 1259    4.549678E-06
 1260    4.542462E-06
 1261   -1.237771E-06
 1262   -1.235811E-06
 1263   -1.233856E-06
 1264   -1.231905E-06
 1265   -1.229959E-06
 1266   -1.228017E-06
 1267   -1.226080E-06
 1268   -1.224148E-06
 1269   -1.222220E-06
 1270   -1.220297E-06
 1271   -8.404876E-07
 1272   -8.391671E-07
 1273   -8.378497E-07
 1274   -8.365354E-07
 1275   -8.352243E-07
 1276   -8.339161E-07
 1277   -8.326111E-07
 1278   -8.313091E-07
 1279   -8.300102E-07
 1280   -8.287143E-07
 1281    2.881792E-05
 1282    2.877300E-05
 1283    2.872818E-05
 1284    2.868347E-05
 1285    2.863886E-05
 1286    2.859435E-05
 1287    2.854995E-05
 1288    2.850565E-05
 1289    2.846146E-05
 1290    2.841737E-05
 1291    8.716860E-05
 1292    8.703377E-05
 1293    8.689925E-05
 1294    8.676504E-05
 1295    8.663114E-05
 1296    8.649756E-05
 1297    8.636428E-05
 1298    8.623131E-05
 1299    8.609864E-05
 1300    8.596629E-05
 1301    1.588959E-04
 1302    1.586520E-04
 1303    1.584087E-04
 1304    1.581659E-04
 1305    1.579237E-04
 1306    1.576820E-04
 1307    1.574409E-04
 1308    1.572004E-04
 1309    1.569604E-04
 1310    1.567209E-04
 1311    2.137620E-04
 1312    2.134364E-04
 1313    2.131116E-04
 1314    2.127874E-04
 1315    2.124640E-04
 1316    2.121414E-04
 1317    2.118195E-04
 1318    2.114983E-04
 1319    2.111779E-04
 1320    2.108581E-04
 1321    2.531738E-04
 1322    2.527910E-04
 1323    2.524092E-04
 1324    2.520282E-04
 1325    2.516481E-04
 1326    2.512688E-04
 1327    2.508904E-04
 1328    2.505128E-04
 1329    2.501361E-04
 1330    2.497602E-04
 1331    8.564168E-05
 1332    8.551318E-05
 1333    8.538498E-05
 1334    8.525706E-05
 1335    8.512943E-05
 1336    8.500208E-05
 1337    8.487503E-05
 1338    8.474825E-05
 1339    8.462176E-05
 1340    8.449556E-05
 1341   -5.250830E-04
 1342   -5.243011E-04
 1343   -5.235209E-04
 1344   -5.227424E-04
 1345   -5.219657E-04
 1346   -5.211907E-04
 1347   -5.204174E-04
 1348   -5.196458E-04
 1349   -5.188760E-04
 1350   -5.181079E-04
 1351   -1.509490E-03
 1352   -1.507259E-03
 1353   -1.505033E-03
 1354   -1.502811E-03
 1355   -1.500595E-03
 1356   -1.498383E-03
 1357   -1.496176E-03
 1358   -1.493974E-03
 1359   -1.491777E-03
 1360   -1.489585E-03
 1361   -1.932920E-03
 1362   -1.930084E-03
 1363   -1.927253E-03
 1364   -1.924430E-03
 1365   -1.921612E-03
 1366   -1.918801E-03
 1367   -1.915995E-03
 1368   -1.913196E-03
 1369   -1.910403E-03
 1370   -1.907616E-03
 1371   -1.809687E-03
 1372   -1.807051E-03
 1373   -1.804421E-03
 1374   -1.801796E-03
 1375   -1.799177E-03
 1376   -1.796564E-03
 1377   -1.793956E-03
 1378   -1.791355E-03
 1379   -1.788758E-03
 1380   -1.786168E-03
 1381   -7.251636E-05
 1382   -7.241149E-05
 1383   -7.230685E-05
 1384   -7.220243E-05
 1385   -7.209824E-05
 1386   -7.199428E-05
 1387   -7.189054E-05
 1388   -7.178703E-05
 1389   -7.168374E-05
 1390   -7.158067E-05
 1391    6.015595E-03
 1392    6.006958E-03
 1393    5.998340E-03
 1394    5.989740E-03
 1395    5.981159E-03
 1396    5.972596E-03
 1397    5.964051E-03
 1398    5.955525E-03
 1399    5.947017E-03
 1400    5.938528E-03
 1401    1.661771E-02
 1402    1.659402E-02
 1403    1.657038E-02
 1404    1.654679E-02
 1405    1.652326E-02
 1406    1.649977E-02
 1407    1.647633E-02
 1408    1.645294E-02
 1409    1.642961E-02
 1410    1.640632E-02
 1411    2.151978E-02
 1412    2.148932E-02
 1413    2.145893E-02
 1414    2.142860E-02
 1415    2.139833E-02
 1416    2.136813E-02
 1417    2.133799E-02
 1418    2.130792E-02
 1419    2.127791E-02
 1420    2.124796E-02
 1421    2.362864E-02
 1422    2.359543E-02
 1423    2.356229E-02
 1424    2.352922E-02
 1425    2.349622E-02
 1426    2.346329E-02
 1427    2.343043E-02
 1428    2.339764E-02
 1429    2.336491E-02
 1430    2.333226E-02
 1431    2.220648E-02
 1432    2.217548E-02
 1433    2.214455E-02
 1434    2.211369E-02
 1435    2.208289E-02
 1436    2.205216E-02
 1437    2.202149E-02
 1438    2.199088E-02
 1439    2.196034E-02
 1440    2.192986E-02
 1441    1.655795E-02
 1442    1.653500E-02
 1443    1.651209E-02
 1444    1.648924E-02
 1445    1.646643E-02
 1446    1.644367E-02
 1447    1.642096E-02
 1448    1.639830E-02
 1449    1.637568E-02
 1450    1.635311E-02
 1451    5.664017E-03
 1452    5.656221E-03
 1453    5.648441E-03
 1454    5.640677E-03
 1455    5.632928E-03
 1456    5.625196E-03
 1457    5.617480E-03
 1458    5.609779E-03
 1459    5.602095E-03
 1460    5.594426E-03
 1461   -4.083978E-04
 1462   -4.078395E-04
 1463   -4.072823E-04
 1464   -4.067263E-04
 1465   -4.061714E-04
 1466   -4.056177E-04
 1467   -4.050651E-04
 1468   -4.045136E-04
 1469   -4.039632E-04
 1470   -4.034140E-04
 1471   -2.133548E-03
 1472   -2.130651E-03
 1473   -2.127760E-03
 1474   -2.124875E-03
 1475   -2.121996E-03
 1476   -2.119123E-03
 1477   -2.116255E-03
 1478   -2.113393E-03
 1479   -2.110537E-03
 1480   -2.107687E-03
 1481   -2.283899E-03
 1482   -2.280818E-03
 1483   -2.277745E-03
 1484   -2.274677E-03
 1485   -2.271615E-03
 1486   -2.268560E-03
 1487   -2.265511E-03
 1488   -2.262468E-03
 1489   -2.259431E-03
 1490   -2.256400E-03
 1491   -1.766711E-03
 1492   -1.764345E-03
 1493   -1.761983E-03
 1494   -1.759626E-03
 1495   -1.757273E-03
 1496   -1.754925E-03
 1497   -1.752582E-03
 1498   -1.750244E-03
 1499   -1.747910E-03
 1500   -1.745581E-03
 1501   -6.809383E-04
 1502   -6.800321E-04
 1503   -6.791279E-04
 1504   -6.782254E-04
 1505   -6.773247E-04
 1506   -6.764258E-04
 1507   -6.755286E-04
 1508   -6.746333E-04
 1509   -6.737398E-04
 1510   -6.728480E-04
 1511    1.735373E-05
 1512    1.733079E-05
 1513    1.730790E-05
 1514    1.728505E-05
 1515    1.726224E-05
 1516    1.723949E-05
 1517    1.721677E-05
 1518    1.719410E-05
 1519    1.717148E-05
 1520    1.714890E-05
 1521    2.032830E-04
 1522    2.030160E-04
 1523    2.027496E-04
 1524    2.024837E-04
 1525    2.022183E-04
 1526    2.019535E-04
 1527    2.016891E-04
 1528    2.014253E-04
 1529    2.011620E-04
 1530    2.008992E-04
 1531    1.735114E-04
 1532    1.732850E-04
 1533    1.730591E-04
 1534    1.728336E-04
 1535    1.726086E-04
 1536    1.723840E-04
 1537    1.721598E-04
 1538    1.719361E-04
 1539    1.717128E-04
 1540    1.714899E-04
 1541    1.164056E-04
 1542    1.162547E-04
 1543    1.161041E-04
 1544    1.159538E-04
 1545    1.158038E-04
 1546    1.156541E-04
 1547    1.155046E-04
 1548    1.153555E-04
 1549    1.152067E-04
 1550    1.150581E-04
 1551    3.902189E-05
 1552    3.897163E-05
 1553    3.892148E-05
 1554    3.887142E-05
 1555    3.882145E-05
 1556    3.877159E-05
 1557    3.872182E-05
 1558    3.867214E-05
 1559    3.862256E-05
 1560    3.857308E-05
 1561   -2.200787E-05
 1562   -2.197971E-05
 1563   -2.195160E-05
 1564   -2.192355E-05
 1565   -2.189555E-05
 1566   -2.186760E-05
 1567   -2.183971E-05
 1568   -2.181187E-05
 1569   -2.178409E-05
 1570   -2.175635E-05
 1571   -4.984901E-05
 1572   -4.978563E-05
 1573   -4.972237E-05
 1574   -4.965923E-05
 1575   -4.959621E-05
 1576   -4.953331E-05
 1577   -4.947053E-05
 1578   -4.940787E-05
 1579   -4.934533E-05
 1580   -4.928290E-05
 1581   -4.898283E-05
 1582   -4.892095E-05
 1583   -4.885918E-05
 1584   -4.879752E-05
 1585   -4.873599E-05
 1586   -4.867457E-05
 1587   -4.861327E-05
 1588   -4.855208E-05
 1589   -4.849101E-05
 1590   -4.843005E-05
 1591   -3.910593E-05
 1592   -3.905683E-05
 1593   -3.900783E-05
 1594   -3.895892E-05
 1595   -3.891009E-05
 1596   -3.886137E-05
 1597   -3.881273E-05
 1598   -3.876418E-05
 1599   -3.871573E-05
 1600   -3.866736E-05
 1601   -2.425247E-05
 1602   -2.422221E-05
 1603   -2.419201E-05
 1604   -2.416186E-05
 1605   -2.413177E-05
 1606   -2.410174E-05
 1607   -2.407176E-05
 1608   -2.404184E-05
 1609   -2.401198E-05
 1610   -2.398217E-05
 1611   -1.398537E-05
 1612   -1.396803E-05
 1613   -1.395072E-05
 1614   -1.393344E-05
 1615   -1.391620E-05
 1616   -1.389898E-05
 1617   -1.388180E-05
 1618   -1.386466E-05
 1619   -1.384754E-05
 1620   -1.383045E-05
 1621   -1.026156E-05
 1622   -1.024892E-05
 1623   -1.023629E-05
 1624   -1.022370E-05
 1625   -1.021112E-05
 1626   -1.019857E-05
 1627   -1.018604E-05
 1628   -1.017353E-05
 1629   -1.016105E-05
 1630   -1.014859E-05
 1631   -1.245469E-05
 1632   -1.243944E-05
 1633   -1.242421E-05
 1634   -1.240901E-05
 1635   -1.239384E-05
 1636   -1.237870E-05
 1637   -1.236359E-05
 1638   -1.234850E-05
 1639   -1.233344E-05
 1640   -1.231841E-05
 1641   -1.340799E-05
 1642   -1.339167E-05
 1643   -1.337538E-05
 1644   -1.335911E-05
 1645   -1.334288E-05
 1646   -1.332668E-05
 1647   -1.331051E-05
 1648   -1.329436E-05
 1649   -1.327825E-05
 1650   -1.326216E-05
 1651   -1.051478E-05
 1652   -1.050206E-05
 1653   -1.048936E-05
 1654   -1.047668E-05
 1655   -1.046403E-05
 1656   -1.045140E-05
 1657   -1.043879E-05
 1658   -1.042621E-05
 1659   -1.041365E-05
 1660   -1.040111E-05
 1661   -1.003206E-05
 1662   -1.002000E-05
 1663   -1.000795E-05
 1664   -9.995933E-06
 1665   -9.983933E-06
 1666   -9.971955E-06
 1667   -9.959998E-06
 1668   -9.948063E-06
 1669   -9.936149E-06
 1670   -9.924257E-06
 1671   -1.132338E-05
 1672   -1.130985E-05
 1673   -1.129633E-05
 1674   -1.128285E-05
 1675   -1.126938E-05
 1676   -1.125594E-05
 1677   -1.124253E-05
 1678   -1.122913E-05
 1679   -1.121577E-05
 1680   -1.120242E-05
 1681   -1.159032E-05
 1682   -1.157655E-05
 1683   -1.156280E-05
 1684   -1.154907E-05
 1685   -1.153537E-05
 1686   -1.152170E-05
 1687   -1.150805E-05
 1688   -1.149442E-05
 1689   -1.148082E-05
 1690   -1.146724E-05
 1691   -1.069005E-05
 1692   -1.067742E-05
 1693   -1.066482E-05
 1694   -1.065223E-05
 1695   -1.063967E-05
 1696   -1.062713E-05
 1697   -1.061461E-05
 1698   -1.060212E-05
 1699   -1.058965E-05
 1700   -1.057720E-05
 1701   -9.036577E-06
 1702   -9.025965E-06
 1703   -9.015371E-06
 1704   -9.004796E-06
 1705   -8.994239E-06
 1706   -8.983701E-06
 1707   -8.973181E-06
 1708   -8.962680E-06
 1709   -8.952198E-06
 1710   -8.941733E-06
 1711   -8.563718E-06
 1712   -8.553720E-06
 1713   -8.543739E-06
 1714   -8.533775E-06
 1715   -8.523829E-06
 1716   -8.513901E-06
 1717   -8.503989E-06
 1718   -8.494095E-06
 1719   -8.484218E-06
 1720   -8.474358E-06
 1721   -8.190555E-06
 1722   -8.181048E-06
 1723   -8.171557E-06
 1724   -8.162083E-06
 1725   -8.152625E-06
 1726   -8.143183E-06
 1727   -8.133758E-06
 1728   -8.124350E-06
 1729   -8.114957E-06
 1730   -8.105581E-06
 1731   -8.506735E-06
 1732   -8.496918E-06
 1733   -8.487117E-06
 1734   -8.477334E-06
 1735   -8.467567E-06
 1736   -8.457818E-06
 1737   -8.448085E-06
 1738   -8.438369E-06
 1739   -8.428670E-06
 1740   -8.418987E-06
 1741   -8.412044E-06
 1742   -8.402391E-06
 1743   -8.392755E-06
 1744   -8.383136E-06
 1745   -8.373534E-06
 1746   -8.363947E-06
 1747   -8.354378E-06
 1748   -8.344824E-06
 1749   -8.335287E-06
 1750   -8.325767E-06
 1751   -7.511650E-06
 1752   -7.503080E-06
 1753   -7.494525E-06
 1754   -7.485984E-06
 1755   -7.477458E-06
 1756   -7.468946E-06
 1757   -7.460449E-06
 1758   -7.451966E-06
 1759   -7.443498E-06
 1760   -7.435044E-06
 1761   -7.282612E-06
 1762   -7.274351E-06
 1763   -7.266103E-06
 1764   -7.257870E-06
 1765   -7.249650E-06
 1766   -7.241445E-06
 1767   -7.233253E-06
 1768   -7.225075E-06
 1769   -7.216911E-06
 1770   -7.208761E-06
 1771   -7.363203E-06
 1772   -7.354897E-06
 1773   -7.346605E-06
 1774   -7.338327E-06
 1775   -7.330064E-06
 1776   -7.321814E-06
 1777   -7.313578E-06
 1778   -7.305356E-06
 1779   -7.297147E-06
 1780   -7.288953E-06
 1781   -7.595719E-06
 1782   -7.587198E-06
 1783   -7.578693E-06
 1784   -7.570201E-06
 1785   -7.561724E-06
 1786   -7.553261E-06
 1787   -7.544812E-06
 1788   -7.536377E-06
 1789   -7.527957E-06
 1790   -7.519550E-06
 1791   -7.258362E-06
 1792   -7.250265E-06
 1793   -7.242183E-06
 1794   -7.234113E-06
 1795   -7.226058E-06
 1796   -7.218015E-06
 1797   -7.209986E-06
 1798   -7.201971E-06
 1799   -7.193969E-06
 1800   -7.185980E-06
 1801   -6.768800E-06
 1802   -6.761292E-06
 1803   -6.753796E-06
 1804   -6.746313E-06
 1805   -6.738842E-06
 1806   -6.731383E-06
 1807   -6.723937E-06
 1808   -6.716503E-06
 1809   -6.709082E-06
 1810   -6.701672E-06
 1811   -6.700602E-06
 1812   -6.693210E-06
 1813   -6.685830E-06
 1814   -6.678463E-06
 1815   -6.671108E-06
 1816   -6.663765E-06
 1817   -6.656434E-06
 1818   -6.649115E-06
 1819   -6.641809E-06
 1820   -6.634514E-06
 1821   -6.605783E-06
 1822   -6.598536E-06
 1823   -6.591301E-06
 1824   -6.584078E-06
 1825   -6.576866E-06
 1826   -6.569666E-06
 1827   -6.562479E-06
 1828   -6.555303E-06
 1829   -6.548138E-06
 1830   -6.540986E-06
 1831   -6.787948E-06
 1832   -6.780542E-06
 1833   -6.773148E-06
 1834   -6.765766E-06
 1835   -6.758395E-06
 1836   -6.751037E-06
 1837   -6.743691E-06
 1838   -6.736357E-06
 1839   -6.729035E-06
 1840   -6.721725E-06
 1841   -6.484289E-06
 1842   -6.477252E-06
 1843   -6.470227E-06
 1844   -6.463213E-06
 1845   -6.456211E-06
 1846   -6.449220E-06
 1847   -6.442240E-06
 1848   -6.435272E-06
 1849   -6.428315E-06
 1850   -6.421369E-06
 1851   -6.113630E-06
 1852   -6.107031E-06
 1853   -6.100443E-06
 1854   -6.093866E-06
 1855   -6.087299E-06
 1856   -6.080743E-06
 1857   -6.074198E-06
 1858   -6.067663E-06
 1859   -6.061139E-06
 1860   -6.054625E-06
 1861   -5.958527E-06
 1862   -5.952130E-06
 1863   -5.945744E-06
 1864   -5.939368E-06
 1865   -5.933002E-06
 1866   -5.926646E-06
 1867   -5.920301E-06
 1868   -5.913966E-06
 1869   -5.907641E-06
 1870   -5.901326E-06
 1871   -5.799361E-06
 1872   -5.793168E-06
 1873   -5.786985E-06
 1874   -5.780812E-06
 1875   -5.774650E-06
 1876   -5.768496E-06
 1877   -5.762353E-06
 1878   -5.756220E-06
 1879   -5.750096E-06
 1880   -5.743982E-06
 1881   -6.084753E-06
 1882   -6.078290E-06
 1883   -6.071837E-06
 1884   -6.065395E-06
 1885   -6.058963E-06
 1886   -6.052541E-06
 1887   -6.046130E-06
 1888   -6.039728E-06
 1889   -6.033337E-06
 1890   -6.026956E-06
 1891   -5.806585E-06
 1892   -5.800450E-06
 1893   -5.794325E-06
 1894   -5.788210E-06
 1895   -5.782104E-06
 1896   -5.776008E-06
 1897   -5.769922E-06
 1898   -5.763845E-06
 1899   -5.757778E-06
 1900   -5.751720E-06
 1901   -5.513171E-06
 1902   -5.507377E-06
 1903   -5.501592E-06
 1904   -5.495816E-06
 1905   -5.490049E-06
 1906   -5.484291E-06
 1907   -5.478542E-06
 1908   -5.472803E-06
 1909   -5.467072E-06
 1910   -5.461350E-06
 1911   -5.410618E-06
 1912   -5.404961E-06
 1913   -5.399313E-06
 1914   -5.393674E-06
 1915   -5.388044E-06
 1916   -5.382423E-06
 1917   -5.376810E-06
 1918   -5.371207E-06
 1919   -5.365612E-06
 1920   -5.360025E-06
 1921   -5.318778E-06
 1922   -5.313246E-06
 1923   -5.307723E-06
 1924   -5.302209E-06
 1925   -5.296703E-06
 1926   -5.291205E-06
 1927   -5.285716E-06
 1928   -5.280236E-06
 1929   -5.274764E-06
 1930   -5.269301E-06
 1931   -5.576165E-06
 1932   -5.570396E-06
 1933   -5.564635E-06
 1934   -5.558883E-06
 1935   -5.553141E-06
 1936   -5.547407E-06
 1937   -5.541682E-06
 1938   -5.535966E-06
 1939   -5.530259E-06
 1940   -5.524561E-06
 1941   -5.166331E-06
 1942   -5.161013E-06
 1943   -5.155703E-06
 1944   -5.150402E-06
 1945   -5.145108E-06
 1946   -5.139823E-06
 1947   -5.134546E-06
 1948   -5.129277E-06
 1949   -5.124016E-06
 1950   -5.118764E-06
 1951   -4.947928E-06
 1952   -4.942861E-06
 1953   -4.937801E-06
 1954   -4.932750E-06
 1955   -4.927706E-06
 1956   -4.922670E-06
 1957   -4.917642E-06
 1958   -4.912621E-06
 1959   -4.907608E-06
 1960   -4.902603E-06
 1961   -4.701463E-06
 1962   -4.696673E-06
 1963   -4.691890E-06
 1964   -4.687115E-06
 1965   -4.682347E-06
 1966   -4.677586E-06
 1967   -4.672832E-06
 1968   -4.668086E-06
 1969   -4.663347E-06
 1970   -4.658615E-06
 1971   -4.622631E-06
 1972   -4.617945E-06
 1973   -4.613267E-06
 1974   -4.608595E-06
 1975   -4.603930E-06
 1976   -4.599273E-06
 1977   -4.594623E-06
 1978   -4.589979E-06
 1979   -4.585343E-06
 1980   -4.580714E-06
 1981   -4.693799E-06
 1982   -4.689065E-06
 1983   -4.684338E-06
 1984   -4.679619E-06
 1985   -4.674906E-06
 1986   -4.670201E-06
 1987   -4.665502E-06
 1988   -4.660811E-06
 1989   -4.656127E-06
 1990   -4.651449E-06
 1991   -4.456516E-06
 1992   -4.452043E-06
 1993   -4.447578E-06
 1994   -4.443119E-06
 1995   -4.438667E-06
 1996   -4.434222E-06
 1997   -4.429783E-06
 1998   -4.425351E-06
 1999   -4.420926E-06
 2000   -4.416507E-06
 2001   -4.096046E-06
 2002   -4.091956E-06
 2003   -4.087872E-06
 2004   -4.083794E-06
 2005   -4.079723E-06
 2006   -4.075657E-06
 2007   -4.071598E-06
 2008   -4.067545E-06
 2009   -4.063497E-06
 2010   -4.059456E-06
 2011   -3.837275E-06
 2012   -3.833463E-06
 2013   -3.829656E-06
 2014   -3.825855E-06
 2015   -3.822059E-06
 2016   -3.818270E-06
 2017   -3.814485E-06
 2018   -3.810707E-06
 2019   -3.806934E-06
 2020   -3.803166E-06
 2021   -3.791238E-06
 2022   -3.787490E-06
 2023   -3.783747E-06
 2024   -3.780010E-06
 2025   -3.776279E-06
 2026   -3.772553E-06
 2027   -3.768832E-06
 2028   -3.765117E-06
 2029   -3.761408E-06
 2030   -3.757704E-06
 2031   -3.888636E-06
 2032   -3.884811E-06
 2033   -3.880991E-06
 2034   -3.877177E-06
 2035   -3.873368E-06
 2036   -3.869565E-06
 2037   -3.865768E-06
 2038   -3.861976E-06
 2039   -3.858190E-06
 2040   -3.854409E-06
 2041   -3.642919E-06
 2042   -3.639353E-06
 2043   -3.635792E-06
 2044   -3.632236E-06
 2045   -3.628685E-06
 2046   -3.625140E-06
 2047   -3.621600E-06
 2048   -3.618065E-06
 2049   -3.614535E-06
 2050   -3.611010E-06
 2051   -3.397448E-06
 2052   -3.394138E-06
 2053   -3.390833E-06
 2054   -3.387533E-06
 2055   -3.384238E-06
 2056   -3.380947E-06
 2057   -3.377662E-06
 2058   -3.374381E-06
 2059   -3.371105E-06
 2060   -3.367833E-06
 2061   -3.248667E-06
 2062   -3.245517E-06
 2063   -3.242372E-06
 2064   -3.239232E-06
 2065   -3.236096E-06
 2066   -3.232965E-06
 2067   -3.229838E-06
 2068   -3.226716E-06
 2069   -3.223599E-06
 2070   -3.220486E-06
 2071   -3.195290E-06
 2072   -3.192207E-06
 2073   -3.189129E-06
 2074   -3.186055E-06
 2075   -3.182986E-06
 2076   -3.179921E-06
 2077   -3.176860E-06
 2078   -3.173804E-06
 2079   -3.170752E-06
 2080   -3.167705E-06
 2081   -3.231621E-06
 2082   -3.228518E-06
 2083   -3.225419E-06
 2084   -3.222325E-06
 2085   -3.219236E-06
 2086   -3.216151E-06
 2087   -3.213070E-06
 2088   -3.209994E-06
 2089   -3.206922E-06
 2090   -3.203855E-06
 2091   -2.985119E-06
 2092   -2.982266E-06
 2093   -2.979418E-06
 2094   -2.976573E-06
 2095   -2.973733E-06
 2096   -2.970897E-06
 2097   -2.968065E-06
 2098   -2.965237E-06
 2099   -2.962413E-06
 2100   -2.959593E-06
 2101   -2.665645E-06
 2102   -2.663110E-06
 2103   -2.660579E-06
 2104   -2.658051E-06
 2105   -2.655527E-06
 2106   -2.653006E-06
 2107   -2.650489E-06
 2108   -2.647976E-06
 2109   -2.645466E-06
 2110   -2.642959E-06
 2111   -2.419111E-06
 2112   -2.416822E-06
 2113   -2.414535E-06
 2114   -2.412252E-06
 2115   -2.409972E-06
 2116   -2.407695E-06
 2117   -2.405422E-06
 2118   -2.403151E-06
 2119   -2.400884E-06
 2120   -2.398620E-06
 2121   -2.407416E-06
 2122   -2.405148E-06
 2123   -2.402883E-06
 2124   -2.400622E-06
 2125   -2.398363E-06
 2126   -2.396108E-06
 2127   -2.393856E-06
 2128   -2.391607E-06
 2129   -2.389362E-06
 2130   -2.387119E-06
 2131   -2.374843E-06
 2132   -2.372617E-06
 2133   -2.370393E-06
 2134   -2.368172E-06
 2135   -2.365955E-06
 2136   -2.363741E-06
 2137   -2.361530E-06
 2138   -2.359321E-06
 2139   -2.357117E-06
 2140   -2.354915E-06
 2141   -2.245155E-06
 2142   -2.243059E-06
 2143   -2.240967E-06
 2144   -2.238877E-06
 2145   -2.236791E-06
 2146   -2.234707E-06
 2147   -2.232626E-06
 2148   -2.230549E-06
 2149   -2.228474E-06
 2150   -2.226402E-06
 2151   -1.983450E-06
 2152   -1.981608E-06
 2153   -1.979768E-06
 2154   -1.977931E-06
 2155   -1.976096E-06
 2156   -1.974263E-06
 2157   -1.972434E-06
 2158   -1.970607E-06
 2159   -1.968782E-06
 2160   -1.966960E-06
 2161   -1.908307E-06
 2162   -1.906543E-06
 2163   -1.904781E-06
 2164   -1.903021E-06
 2165   -1.901264E-06
 2166   -1.899509E-06
 2167   -1.897757E-06
 2168   -1.896007E-06
 2169   -1.894260E-06
 2170   -1.892515E-06
 2171   -1.855921E-06
 2172   -1.854213E-06
 2173   -1.852507E-06
 2174   -1.850803E-06
 2175   -1.849102E-06
 2176   -1.847403E-06
 2177   -1.845707E-06
 2178   -1.844013E-06
 2179   -1.842321E-06
 2180   -1.840632E-06
 2181   -1.809350E-06
 2182   -1.807692E-06
 2183   -1.806037E-06
 2184   -1.804384E-06
 2185   -1.802733E-06
 2186   -1.801084E-06
 2187   -1.799438E-06
 2188   -1.797794E-06
 2189   -1.796152E-06
 2190   -1.794512E-06
 2191   -1.693664E-06
 2192   -1.692120E-06
 2193   -1.690577E-06
 2194   -1.689037E-06
 2195   -1.687498E-06
 2196   -1.685962E-06
 2197   -1.684428E-06
 2198   -1.682896E-06
 2199   -1.681366E-06
 2200   -1.679838E-06
 2201   -1.485684E-06
 2202   -1.484336E-06
 2203   -1.482989E-06
 2204   -1.481643E-06
 2205   -1.480300E-06
 2206   -1.478959E-06
 2207   -1.477619E-06
 2208   -1.476281E-06
 2209   -1.474945E-06
 2210   -1.473611E-06
 2211   -1.341439E-06
 2212   -1.340226E-06
 2213   -1.339016E-06
 2214   -1.337807E-06
 2215   -1.336599E-06
 2216   -1.335393E-06
 2217   -1.334189E-06
 2218   -1.332987E-06
 2219   -1.331786E-06
 2220   -1.330587E-06
 2221   -1.319342E-06
 2222   -1.318155E-06
 2223   -1.316970E-06
 2224   -1.315786E-06
 2225   -1.314604E-06
 2226   -1.313423E-06
 2227   -1.312244E-06
 2228   -1.311067E-06
 2229   -1.309891E-06
 2230   -1.308717E-06
 2231   -1.270713E-06
 2232   -1.269574E-06
 2233   -1.268438E-06
 2234   -1.267303E-06
 2235   -1.266169E-06
 2236   -1.265037E-06
 2237   -1.263907E-06
 2238   -1.262778E-06
 2239   -1.261650E-06
 2240   -1.260524E-06
 2241   -1.218621E-06
 2242   -1.217535E-06
 2243   -1.216449E-06
 2244   -1.215366E-06
 2245   -1.214284E-06
 2246   -1.213203E-06
 2247   -1.212123E-06
 2248   -1.211045E-06
 2249   -1.209969E-06
 2250   -1.208894E-06
 2251   -1.024372E-06
 2252   -1.023463E-06
 2253   -1.022555E-06
 2254   -1.021648E-06
 2255   -1.020742E-06
 2256   -1.019838E-06
 2257   -1.018934E-06
 2258   -1.018032E-06
 2259   -1.017131E-06
 2260   -1.016232E-06
 2261   -9.371297E-07
 2262   -9.363015E-07
 2263   -9.354744E-07
 2264   -9.346484E-07
 2265   -9.338234E-07
 2266   -9.329996E-07
 2267   -9.321769E-07
 2268   -9.313552E-07
 2269   -9.305346E-07
 2270   -9.297151E-07
 2271   -9.182850E-07
 2272   -9.174770E-07
 2273   -9.166701E-07
 2274   -9.158642E-07
 2275   -9.150594E-07
 2276   -9.142557E-07
 2277   -9.134530E-07
 2278   -9.126514E-07
 2279   -9.118508E-07
 2280   -9.110513E-07
 2281   -8.879379E-07
 2282   -8.871600E-07
 2283   -8.863832E-07
 2284   -8.856074E-07
 2285   -8.848326E-07
 2286   -8.840588E-07
 2287   -8.832860E-07
 2288   -8.825142E-07
 2289   -8.817435E-07
 2290   -8.809737E-07
 2291   -8.194136E-07
 2292   -8.186989E-07
 2293   -8.179851E-07
 2294   -8.172723E-07
 2295   -8.165604E-07
 2296   -8.158494E-07
 2297   -8.151393E-07
 2298   -8.144302E-07
 2299   -8.137220E-07
 2300   -8.130147E-07
 2301   -6.549596E-07
 2302   -6.543908E-07
 2303   -6.538227E-07
 2304   -6.532554E-07
 2305   -6.526888E-07
 2306   -6.521230E-07
 2307   -6.515579E-07
 2308   -6.509935E-07
 2309   -6.504299E-07
 2310   -6.498670E-07
 2311   -5.798689E-07
 2312   -5.793675E-07
 2313   -5.788667E-07
 2314   -5.783666E-07
 2315   -5.778672E-07
 2316   -5.773684E-07
 2317   -5.768702E-07
 2318   -5.763727E-07
 2319   -5.758758E-07
 2320   -5.753796E-07
 2321   -5.442664E-07
 2322   -5.437978E-07
 2323   -5.433298E-07
 2324   -5.428624E-07
 2325   -5.423957E-07
 2326   -5.419295E-07
 2327   -5.414639E-07
 2328   -5.409989E-07
 2329   -5.405346E-07
 2330   -5.400708E-07
 2331   -5.294151E-07
 2332   -5.289613E-07
 2333   -5.285080E-07
 2334   -5.280553E-07
 2335   -5.276032E-07
 2336   -5.271517E-07
 2337   -5.267007E-07
 2338   -5.262504E-07
 2339   -5.258006E-07
 2340   -5.253514E-07
 2341   -4.981595E-07
 2342   -4.977342E-07
 2343   -4.973096E-07
 2344   -4.968854E-07
 2345   -4.964618E-07
 2346   -4.960387E-07
 2347   -4.956162E-07
 2348   -4.951942E-07
 2349   -4.947728E-07
 2350   -4.943519E-07
 2351   -3.946072E-07
 2352   -3.942718E-07
 2353   -3.939369E-07
 2354   -3.936023E-07
 2355   -3.932682E-07
 2356   -3.929345E-07
 2357   -3.926012E-07
 2358   -3.922683E-07
 2359   -3.919359E-07
 2360   -3.916039E-07
 2361   -3.545768E-07
 2362   -3.542767E-07
 2363   -3.539770E-07
 2364   -3.536777E-07
 2365   -3.533787E-07
 2366   -3.530801E-07
 2367   -3.527819E-07
 2368   -3.524841E-07
 2369   -3.521866E-07
 2370   -3.518895E-07
 2371   -3.403266E-07
 2372   -3.400398E-07
 2373   -3.397533E-07
 2374   -3.394672E-07
 2375   -3.391814E-07
 2376   -3.388961E-07
 2377   -3.386110E-07
 2378   -3.383264E-07
 2379   -3.380421E-07
 2380   -3.377581E-07
 2381   -3.249209E-07
 2382   -3.246482E-07
 2383   -3.243759E-07
 2384   -3.241039E-07
 2385   -3.238322E-07
 2386   -3.235609E-07
 2387   -3.232899E-07
 2388   -3.230192E-07
 2389   -3.227489E-07
 2390   -3.224789E-07
 2391   -2.989244E-07
 2392   -2.986746E-07
 2393   -2.984251E-07
 2394   -2.981759E-07
 2395   -2.979270E-07
 2396   -2.976784E-07
 2397   -2.974301E-07
 2398   -2.971822E-07
 2399   -2.969345E-07
 2400   -2.966872E-07
 2401   -2.342911E-07
 2402   -2.340961E-07
 2403   -2.339013E-07
 2404   -2.337068E-07
 2405   -2.335125E-07
 2406   -2.333185E-07
 2407   -2.331247E-07
 2408   -2.329312E-07
 2409   -2.327379E-07
 2410   -2.325448E-07
 2411   -2.051141E-07
 2412   -2.049441E-07
 2413   -2.047743E-07
 2414   -2.046047E-07
 2415   -2.044353E-07
 2416   -2.042661E-07
 2417   -2.040972E-07
 2418   -2.039284E-07
 2419   -2.037599E-07
 2420   -2.035916E-07
 2421   -1.917856E-07
 2422   -1.916273E-07
 2423   -1.914692E-07
 2424   -1.913113E-07
 2425   -1.911535E-07
 2426   -1.909960E-07
 2427   -1.908387E-07
 2428   -1.906815E-07
 2429   -1.905246E-07
 2430   -1.903679E-07
 2431   -1.864577E-07
 2432   -1.863044E-07
 2433   -1.861513E-07
 2434   -1.859984E-07
 2435   -1.858457E-07
 2436   -1.856932E-07
 2437   -1.855409E-07
 2438   -1.853887E-07
 2439   -1.852368E-07
 2440   -1.850850E-07
 2441   -1.743463E-07
 2442   -1.742035E-07
 2443   -1.740610E-07
 2444   -1.739186E-07
 2445   -1.737764E-07
 2446   -1.736344E-07
 2447   -1.734925E-07
 2448   -1.733508E-07
 2449   -1.732093E-07
 2450   -1.730680E-07
 2451   -1.431677E-07
 2452   -1.430509E-07
 2453   -1.429344E-07
 2454   -1.428179E-07
 2455   -1.427016E-07
 2456   -1.425855E-07
 2457   -1.424694E-07
 2458   -1.423536E-07
 2459   -1.422378E-07
 2460   -1.421222E-07
 2461   -1.334625E-07
 2462   -1.333541E-07
 2463   -1.332459E-07
 2464   -1.331378E-07
 2465   -1.330298E-07
 2466   -1.329219E-07
 2467   -1.328142E-07
 2468   -1.327066E-07
 2469   -1.325992E-07
 2470   -1.324919E-07
 2471   -1.264209E-07
 2472   -1.263187E-07
 2473   -1.262165E-07
 2474   -1.261145E-07
 2475   -1.260127E-07
 2476   -1.259109E-07
 2477   -1.258093E-07
 2478   -1.257078E-07
 2479   -1.256064E-07
 2480   -1.255052E-07
 2481   -1.240354E-07
 2482   -1.239355E-07
 2483   -1.238358E-07
 2484   -1.237361E-07
 2485   -1.236365E-07
 2486   -1.235371E-07
 2487   -1.234378E-07
 2488   -1.233386E-07
 2489   -1.232396E-07
 2490   -1.231406E-07
 2491   -1.199271E-07
 2492   -1.198309E-07
 2493   -1.197348E-07
 2494   -1.196388E-07
 2495   -1.195430E-07
 2496   -1.194472E-07
 2497   -1.193516E-07
 2498   -1.192561E-07
 2499   -1.191607E-07
 2500   -1.190654E-07
 2501   -1.102060E-07
 2502   -1.101179E-07
 2503   -1.100299E-07
 2504   -1.099421E-07
 2505   -1.098543E-07
 2506   -1.097667E-07
 2507   -1.096792E-07
 2508   -1.095917E-07
 2509   -1.095044E-07
 2510   -1.094172E-07
 2511   -1.094451E-07
 2512   -1.093580E-07
 2513   -1.092710E-07
 2514   -1.091841E-07
 2515   -1.090973E-07
 2516   -1.090107E-07
 2517   -1.089241E-07
 2518   -1.088376E-07
 2519   -1.087512E-07
 2520   -1.086649E-07
 2521   -1.018653E-07
 2522   -1.017845E-07
 2523   -1.017039E-07
 2524   -1.016233E-07
 2525   -1.015428E-07
 2526   -1.014625E-07
 2527   -1.013822E-07
 2528   -1.013020E-07
 2529   -1.012219E-07
 2530   -1.011420E-07
 2531   -1.044987E-07
 2532   -1.044161E-07
 2533   -1.043337E-07
 2534   -1.042514E-07
 2535   -1.041692E-07
 2536   -1.040871E-07
 2537   -1.040051E-07
 2538   -1.039231E-07
 2539   -1.038413E-07
 2540   -1.037596E-07
 2541   -1.059005E-07
 2542   -1.058172E-07
 2543   -1.057341E-07
 2544   -1.056510E-07
 2545   -1.055680E-07
 2546   -1.054851E-07
 2547   -1.054023E-07
 2548   -1.053196E-07
 2549   -1.052370E-07
 2550   -1.051545E-07
 2551   -1.062818E-07
 2552   -1.061986E-07
 2553   -1.061154E-07
 2554   -1.060323E-07
 2555   -1.059494E-07
 2556   -1.058665E-07
 2557   -1.057837E-07
 2558   -1.057010E-07
 2559   -1.056185E-07
 2560   -1.055360E-07
 2561   -1.086796E-07
 2562   -1.085947E-07
 2563   -1.085100E-07
 2564   -1.084254E-07
 2565   -1.083409E-07
 2566   -1.082565E-07
 2567   -1.081722E-07
 2568   -1.080880E-07
 2569   -1.080039E-07
 2570   -1.079199E-07
 2571   -1.072610E-07
 2572   -1.071776E-07
 2573   -1.070944E-07
 2574   -1.070112E-07
 2575   -1.069281E-07
 2576   -1.068451E-07
 2577   -1.067622E-07
 2578   -1.066794E-07
 2579   -1.065967E-07
 2580   -1.065141E-07
 2581   -1.114948E-07
 2582   -1.114085E-07
 2583   -1.113222E-07
 2584   -1.112361E-07
 2585   -1.111501E-07
 2586   -1.110642E-07
 2587   -1.109783E-07
 2588   -1.108926E-07
 2589   -1.108070E-07
 2590   -1.107214E-07
 2591   -1.143598E-07
 2592   -1.142716E-07
 2593   -1.141835E-07
 2594   -1.140955E-07
 2595   -1.140076E-07
 2596   -1.139198E-07
 2597   -1.138321E-07
 2598   -1.137445E-07
 2599   -1.136570E-07
 2600   -1.135696E-07
 2601   -1.224927E-07
 2602   -1.223986E-07
 2603   -1.223046E-07
 2604   -1.222107E-07
 2605   -1.221169E-07
 2606   -1.220232E-07
 2607   -1.219296E-07
 2608   -1.218362E-07
 2609   -1.217428E-07
 2610   -1.216496E-07
 2611   -1.268072E-07
 2612   -1.267102E-07
 2613   -1.266132E-07
 2614   -1.265164E-07
 2615   -1.264197E-07
 2616   -1.263230E-07
 2617   -1.262265E-07
 2618   -1.261301E-07
 2619   -1.260339E-07
 2620   -1.259377E-07
 2621   -1.284957E-07
 2622   -1.283977E-07
 2623   -1.282999E-07
 2624   -1.282021E-07
 2625   -1.281045E-07
 2626   -1.280069E-07
 2627   -1.279095E-07
 2628   -1.278122E-07
 2629   -1.277150E-07
 2630   -1.276179E-07
 2631   -1.319062E-07
 2632   -1.318060E-07
 2633   -1.317059E-07
 2634   -1.316060E-07
 2635   -1.315061E-07
 2636   -1.314064E-07
 2637   -1.313067E-07
 2638   -1.312072E-07
 2639   -1.311078E-07
 2640   -1.310085E-07
 2641   -1.351735E-07
 2642   -1.350713E-07
 2643   -1.349691E-07
 2644   -1.348670E-07
 2645   -1.347651E-07
 2646   -1.346633E-07
 2647   -1.345615E-07
 2648   -1.344600E-07
 2649   -1.343585E-07
 2650   -1.342571E-07
 2651   -1.459297E-07
 2652   -1.458197E-07
 2653   -1.457098E-07
 2654   -1.456001E-07
 2655   -1.454904E-07
 2656   -1.453809E-07
 2657   -1.452715E-07
 2658   -1.451623E-07
 2659   -1.450531E-07
 2660   -1.449441E-07
 2661   -1.506823E-07
 2662   -1.505692E-07
 2663   -1.504561E-07
 2664   -1.503432E-07
 2665   -1.502304E-07
 2666   -1.501178E-07
 2667   -1.500052E-07
 2668   -1.498928E-07
 2669   -1.497805E-07
 2670   -1.496684E-07
 2671   -1.530860E-07
 2672   -1.529715E-07
 2673   -1.528571E-07
 2674   -1.527428E-07
 2675   -1.526286E-07
 2676   -1.525146E-07
 2677   -1.524007E-07
 2678   -1.522869E-07
 2679   -1.521733E-07
 2680   -1.520598E-07
 2681   -1.555894E-07
 2682   -1.554735E-07
 2683   -1.553576E-07
 2684   -1.552419E-07
 2685   -1.551263E-07
 2686   -1.550108E-07
 2687   -1.548955E-07
 2688   -1.547803E-07
 2689   -1.546652E-07
 2690   -1.545502E-07
 2691   -1.598821E-07
 2692   -1.597633E-07
 2693   -1.596447E-07
 2694   -1.595262E-07
 2695   -1.594079E-07
 2696   -1.592897E-07
 2697   -1.591716E-07
 2698   -1.590537E-07
 2699   -1.589358E-07
 2700   -1.588181E-07
 2701   -1.678570E-07
 2702   -1.677328E-07
 2703   -1.676087E-07
 2704   -1.674848E-07
 2705   -1.673610E-07
 2706   -1.672373E-07
 2707   -1.671138E-07
 2708   -1.669904E-07
 2709   -1.668672E-07
 2710   -1.667441E-07
 2711   -1.733116E-07
 2712   -1.731838E-07
 2713   -1.730562E-07
 2714   -1.729287E-07
 2715   -1.728014E-07
 2716   -1.726742E-07
 2717   -1.725471E-07
 2718   -1.724202E-07
 2719   -1.722934E-07
 2720   -1.721668E-07
 2721   -1.756040E-07
 2722   -1.754750E-07
 2723   -1.753462E-07
 2724   -1.752175E-07
 2725   -1.750889E-07
 2726   -1.749605E-07
 2727   -1.748323E-07
 2728   -1.747041E-07
 2729   -1.745761E-07
 2730   -1.744483E-07
 2731   -1.751363E-07
 2732   -1.750081E-07
 2733   -1.748801E-07
 2734   -1.747522E-07
 2735   -1.746245E-07
 2736   -1.744969E-07
 2737   -1.743694E-07
 2738   -1.742421E-07
 2739   -1.741149E-07
 2740   -1.739879E-07
 2741   -1.782313E-07
 2742   -1.781013E-07
 2743   -1.779715E-07
 2744   -1.778418E-07
 2745   -1.777123E-07
 2746   -1.775829E-07
 2747   -1.774537E-07
 2748   -1.773246E-07
 2749   -1.771956E-07
 2750   -1.770668E-07
 2751   -1.867531E-07
 2752   -1.866175E-07
 2753   -1.864819E-07
 2754   -1.863466E-07
 2755   -1.862113E-07
 2756   -1.860763E-07
 2757   -1.859413E-07
 2758   -1.858065E-07
 2759   -1.856719E-07
 2760   -1.855374E-07
 2761   -1.858248E-07
 2762   -1.856903E-07
 2763   -1.855559E-07
 2764   -1.854217E-07
 2765   -1.852876E-07
 2766   -1.851537E-07
 2767   -1.850199E-07
 2768   -1.848863E-07
 2769   -1.847528E-07
 2770   -1.846194E-07
 2771   -1.923148E-07
 2772   -1.921761E-07
 2773   -1.920376E-07
 2774   -1.918992E-07
 2775   -1.917609E-07
 2776   -1.916228E-07
 2777   -1.914849E-07
 2778   -1.913471E-07
 2779   -1.912094E-07
 2780   -1.910719E-07
 2781   -1.871469E-07
 2782   -1.870125E-07
 2783   -1.868781E-07
 2784   -1.867439E-07
 2785   -1.866098E-07
 2786   -1.864759E-07
 2787   -1.863422E-07
 2788   -1.862085E-07
 2789   -1.860750E-07
 2790   -1.859417E-07
 2791   -1.889982E-07
 2792   -1.888628E-07
 2793   -1.887276E-07
 2794   -1.885926E-07
 2795   -1.884577E-07
 2796   -1.883229E-07
 2797   -1.881883E-07
 2798   -1.880538E-07
 2799   -1.879195E-07
 2800   -1.877853E-07
 2801   -1.924588E-07
 2802   -1.923215E-07
 2803   -1.921843E-07
 2804   -1.920473E-07
 2805   -1.919104E-07
 2806   -1.917737E-07
 2807   -1.916371E-07
 2808   -1.915006E-07
 2809   -1.913643E-07
 2810   -1.912282E-07
 2811   -1.879517E-07
 2812   -1.878181E-07
 2813   -1.876846E-07
 2814   -1.875512E-07
 2815   -1.874180E-07
 2816   -1.872850E-07
 2817   -1.871521E-07
 2818   -1.870193E-07
 2819   -1.868866E-07
 2820   -1.867541E-07
 2821   -1.942999E-07
 2822   -1.941623E-07
 2823   -1.940248E-07
 2824   -1.938874E-07
 2825   -1.937502E-07
 2826   -1.936131E-07
 2827   -1.934762E-07
 2828   -1.933394E-07
 2829   -1.932028E-07
 2830   -1.930663E-07
 2831   -1.875359E-07
 2832   -1.874035E-07
 2833   -1.872712E-07
 2834   -1.871391E-07
 2835   -1.870071E-07
 2836   -1.868753E-07
 2837   -1.867436E-07
 2838   -1.866121E-07
 2839   -1.864806E-07
 2840   -1.863494E-07
 2841   -1.905501E-07
 2842   -1.904161E-07
 2843   -1.902822E-07
 2844   -1.901484E-07
 2845   -1.900148E-07
 2846   -1.898813E-07
 2847   -1.897480E-07
 2848   -1.896148E-07
 2849   -1.894817E-07
 2850   -1.893488E-07
 2851   -1.922974E-07
 2852   -1.921626E-07
 2853   -1.920279E-07
 2854   -1.918934E-07
 2855   -1.917590E-07
 2856   -1.916248E-07
 2857   -1.914907E-07
 2858   -1.913567E-07
 2859   -1.912229E-07
 2860   -1.910892E-07
 2861   -1.869646E-07
 2862   -1.868340E-07
 2863   -1.867036E-07
 2864   -1.865732E-07
 2865   -1.864430E-07
 2866   -1.863130E-07
 2867   -1.861830E-07
 2868   -1.860533E-07
 2869   -1.859236E-07
 2870   -1.857941E-07
 2871   -1.940058E-07
 2872   -1.938707E-07
 2873   -1.937358E-07
 2874   -1.936010E-07
 2875   -1.934664E-07
 2876   -1.933319E-07
 2877   -1.931976E-07
 2878   -1.930633E-07
 2879   -1.929293E-07
 2880   -1.927953E-07
 2881   -1.880461E-07
 2882   -1.879157E-07
 2883   -1.877853E-07
 2884   -1.876552E-07
 2885   -1.875251E-07
 2886   -1.873952E-07
 2887   -1.872654E-07
 2888   -1.871358E-07
 2889   -1.870063E-07
 2890   -1.868769E-07
 2891   -1.881355E-07
 2892   -1.880054E-07
 2893   -1.878755E-07
 2894   -1.877457E-07
 2895   -1.876160E-07
 2896   -1.874865E-07
 2897   -1.873571E-07
 2898   -1.872279E-07
 2899   -1.870988E-07
 2900   -1.869698E-07
 2901   -1.833763E-07
 2902   -1.832499E-07
 2903   -1.831237E-07
 2904   -1.829976E-07
 2905   -1.828717E-07
 2906   -1.827459E-07
 2907   -1.826202E-07
 2908   -1.824946E-07
 2909   -1.823692E-07
 2910   -1.822439E-07
 2911   -1.770306E-07
 2912   -1.769091E-07
 2913   -1.767877E-07
 2914   -1.766664E-07
 2915   -1.765452E-07
 2916   -1.764242E-07
 2917   -1.763033E-07
 2918   -1.761825E-07
 2919   -1.760618E-07
 2920   -1.759412E-07
 2921   -1.833700E-07
 2922   -1.832445E-07
 2923   -1.831192E-07
 2924   -1.829940E-07
 2925   -1.828689E-07
 2926   -1.827439E-07
 2927   -1.826191E-07
 2928   -1.824944E-07
 2929   -1.823699E-07
 2930   -1.822454E-07
 2931   -1.748897E-07
 2932   -1.747704E-07
 2933   -1.746513E-07
 2934   -1.745323E-07
 2935   -1.744134E-07
 2936   -1.742946E-07
 2937   -1.741760E-07
 2938   -1.740574E-07
 2939   -1.739390E-07
 2940   -1.738207E-07
 2941   -1.752405E-07
 2942   -1.751214E-07
 2943   -1.750024E-07
 2944   -1.748835E-07
 2945   -1.747648E-07
 2946   -1.746462E-07
 2947   -1.745277E-07
 2948   -1.744094E-07
 2949   -1.742911E-07
 2950   -1.741730E-07
 2951   -1.660265E-07
 2952   -1.659141E-07
 2953   -1.658017E-07
 2954   -1.656895E-07
 2955   -1.655774E-07
 2956   -1.654654E-07
 2957   -1.653535E-07
 2958   -1.652418E-07
 2959   -1.651301E-07
 2960   -1.650186E-07
 2961   -1.610897E-07
 2962   -1.609810E-07
 2963   -1.608724E-07
 2964   -1.607638E-07
 2965   -1.606554E-07
 2966   -1.605472E-07
 2967   -1.604390E-07
 2968   -1.603309E-07
 2969   -1.602229E-07
 2970   -1.601151E-07
 2971   -1.630801E-07
 2972   -1.629704E-07
 2973   -1.628608E-07
 2974   -1.627513E-07
 2975   -1.626419E-07
 2976   -1.625326E-07
 2977   -1.624235E-07
 2978   -1.623144E-07
 2979   -1.622055E-07
 2980   -1.620967E-07
 2981   -1.569977E-07
 2982   -1.568924E-07
 2983   -1.567873E-07
 2984   -1.566822E-07
 2985   -1.565773E-07
 2986   -1.564724E-07
 2987   -1.563677E-07
 2988   -1.562631E-07
 2989   -1.561585E-07
 2990   -1.560541E-07
 2991   -1.555951E-07
 2992   -1.554911E-07
 2993   -1.553873E-07
 2994   -1.552835E-07
 2995   -1.551798E-07
 2996   -1.550763E-07
 2997   -1.549728E-07
 2998   -1.548695E-07
 2999   -1.547662E-07
 3000   -1.546631E-07
 3001   -1.460034E-07
 3002   -1.459062E-07
 3003   -1.458090E-07
 3004   -1.457120E-07
 3005   -1.456150E-07
 3006   -1.455182E-07
 3007   -1.454214E-07
 3008   -1.453248E-07
 3009   -1.452282E-07
 3010   -1.451317E-07
 3011   -1.395793E-07
 3012   -1.394867E-07
 3013   -1.393941E-07
 3014   -1.393016E-07
 3015   -1.392093E-07
 3016   -1.391170E-07
 3017   -1.390248E-07
 3018   -1.389327E-07
 3019   -1.388407E-07
 3020   -1.387488E-07
 3021   -1.414453E-07
 3022   -1.413517E-07
 3023   -1.412582E-07
 3024   -1.411648E-07
 3025   -1.410715E-07
 3026   -1.409783E-07
 3027   -1.408852E-07
 3028   -1.407922E-07
 3029   -1.406993E-07
 3030   -1.406064E-07
 3031   -1.361807E-07
 3032   -1.360909E-07
 3033   -1.360012E-07
 3034   -1.359116E-07
 3035   -1.358221E-07
 3036   -1.357326E-07
 3037   -1.356433E-07
 3038   -1.355540E-07
 3039   -1.354648E-07
 3040   -1.353757E-07
 3041   -1.366856E-07
 3042   -1.365957E-07
 3043   -1.365060E-07
 3044   -1.364163E-07
 3045   -1.363267E-07
 3046   -1.362373E-07
 3047   -1.361479E-07
 3048   -1.360586E-07
 3049   -1.359693E-07
 3050   -1.358802E-07
 3051   -1.325529E-07
 3052   -1.324660E-07
 3053   -1.323793E-07
 3054   -1.322926E-07
 3055   -1.322060E-07
 3056   -1.321195E-07
 3057   -1.320331E-07
 3058   -1.319468E-07
 3059   -1.318606E-07
 3060   -1.317744E-07
 3061   -1.292205E-07
 3062   -1.291362E-07
 3063   -1.290519E-07
 3064   -1.289677E-07
 3065   -1.288835E-07
 3066   -1.287995E-07
 3067   -1.287155E-07
 3068   -1.286316E-07
 3069   -1.285478E-07
 3070   -1.284641E-07
 3071   -1.279897E-07
 3072   -1.279064E-07
 3073   -1.278232E-07
 3074   -1.277401E-07
 3075   -1.276570E-07
 3076   -1.275741E-07
 3077   -1.274912E-07
 3078   -1.274083E-07
 3079   -1.273256E-07
 3080   -1.272430E-07
 3081   -1.158211E-07
 3082   -1.157460E-07
 3083   -1.156709E-07
 3084   -1.155960E-07
 3085   -1.155210E-07
 3086   -1.154462E-07
 3087   -1.153714E-07
 3088   -1.152967E-07
 3089   -1.152221E-07
 3090   -1.151475E-07
 3091   -9.078962E-08
 3092   -9.073091E-08
 3093   -9.067226E-08
 3094   -9.061367E-08
 3095   -9.055513E-08
 3096   -9.049665E-08
 3097   -9.043823E-08
 3098   -9.037987E-08
 3099   -9.032156E-08
 3100   -9.026330E-08
 3101   -4.099591E-08
 3102   -4.096949E-08
 3103   -4.094309E-08
 3104   -4.091672E-08
 3105   -4.089037E-08
 3106   -4.086405E-08
 3107   -4.083775E-08
 3108   -4.081148E-08
 3109   -4.078524E-08
 3110   -4.075902E-08
 3111   -1.321644E-08
 3112   -1.320795E-08
 3113   -1.319947E-08
 3114   -1.319099E-08
 3115   -1.318252E-08
 3116   -1.317407E-08
 3117   -1.316562E-08
 3118   -1.315717E-08
 3119   -1.314874E-08
 3120   -1.314031E-08
 3121   -4.541648E-09
 3122   -4.538740E-09
 3123   -4.535834E-09
 3124   -4.532931E-09
 3125   -4.530031E-09
 3126   -4.527134E-09
 3127   -4.524239E-09
 3128   -4.521347E-09
 3129   -4.518458E-09
 3130   -4.515572E-09
 3131   -2.552036E-09
 3132   -2.550407E-09
 3133   -2.548780E-09
 3134   -2.547154E-09
 3135   -2.545529E-09
 3136   -2.543906E-09
 3137   -2.542285E-09
 3138   -2.540665E-09
 3139   -2.539047E-09
 3140   -2.537430E-09
 3141   -1.263712E-09
 3142   -1.262908E-09
 3143   -1.262105E-09
 3144   -1.261302E-09
 3145   -1.260500E-09
 3146   -1.259699E-09
 3147   -1.258899E-09
 3148   -1.258099E-09
 3149   -1.257300E-09
 3150   -1.256502E-09
 3151   -1.818178E-10
 3152   -1.817025E-10
 3153   -1.815872E-10
 3154   -1.814721E-10
 3155   -1.813571E-10
 3156   -1.812422E-10
 3157   -1.811274E-10
 3158   -1.810128E-10
 3159   -1.808982E-10
 3160   -1.807838E-10
 3161    3.058270E-10
 3162    3.056337E-10
 3163    3.054405E-10
 3164    3.052475E-10
 3165    3.050546E-10
 3166    3.048620E-10
 3167    3.046695E-10
 3168    3.044772E-10
 3169    3.042851E-10
 3170    3.040932E-10
 3171    5.597936E-10
 3172    5.594407E-10
 3173    5.590882E-10
 3174    5.587361E-10
 3175    5.583842E-10
 3176    5.580327E-10
 3177    5.576815E-10
 3178    5.573306E-10
 3179    5.569801E-10
 3180    5.566299E-10
 3181    8.131750E-10
 3182    8.126640E-10
 3183    8.121536E-10
 3184    8.116436E-10
 3185    8.111341E-10
 3186    8.106251E-10
 3187    8.101165E-10
 3188    8.096084E-10
 3189    8.091008E-10
 3190    8.085937E-10
 3191    9.433887E-10
 3192    9.427978E-10
 3193    9.422075E-10
 3194    9.416177E-10
 3195    9.410284E-10
 3196    9.404397E-10
 3197    9.398516E-10
 3198    9.392640E-10
 3199    9.386769E-10
 3200    9.380905E-10
 3201    9.473451E-10
 3202    9.467536E-10
 3203    9.461626E-10
 3204    9.455721E-10
 3205    9.449823E-10
 3206    9.443929E-10
 3207    9.438042E-10
 3208    9.432159E-10
 3209    9.426283E-10
 3210    9.420411E-10
 3211    9.756669E-10
 3212    9.750596E-10
 3213    9.744528E-10
 3214    9.738466E-10
 3215    9.732410E-10
 3216    9.726359E-10
 3217    9.720314E-10
 3218    9.714275E-10
 3219    9.708241E-10
 3220    9.702213E-10
 3221    9.882486E-10
 3222    9.876354E-10
 3223    9.870227E-10
 3224    9.864106E-10
 3225    9.857990E-10
 3226    9.851881E-10
 3227    9.845777E-10
 3228    9.839678E-10
 3229    9.833586E-10
 3230    9.827499E-10
 3231    9.585890E-10
 3232    9.579960E-10
 3233    9.574036E-10
 3234    9.568117E-10
 3235    9.562203E-10
 3236    9.556295E-10
 3237    9.550392E-10
 3238    9.544495E-10
 3239    9.538604E-10
 3240    9.532717E-10
 3241    9.231901E-10
 3242    9.226208E-10
 3243    9.220519E-10
 3244    9.214836E-10
 3245    9.209159E-10
 3246    9.203486E-10
 3247    9.197819E-10
 3248    9.192157E-10
 3249    9.186501E-10
 3250    9.180849E-10
 3251    8.963133E-10
 3252    8.957622E-10
 3253    8.952116E-10
 3254    8.946616E-10
 3255    8.941120E-10
 3256    8.935630E-10
 3257    8.930145E-10
 3258    8.924664E-10
 3259    8.919189E-10
 3260    8.913719E-10
 3261    8.680643E-10
 3262    8.675322E-10
 3263    8.670006E-10
 3264    8.664696E-10
 3265    8.659390E-10
 3266    8.654088E-10
 3267    8.648792E-10
 3268    8.643501E-10
 3269    8.638214E-10
 3270    8.632933E-10
 3271    7.933867E-10
 3272    7.929019E-10
 3273    7.924175E-10
 3274    7.919336E-10
 3275    7.914501E-10
 3276    7.909671E-10
 3277    7.904845E-10
 3278    7.900024E-10
 3279    7.895207E-10
 3280    7.890394E-10
 3281    7.658612E-10
 3282    7.653946E-10
 3283    7.649285E-10
 3284    7.644628E-10
 3285    7.639975E-10
 3286    7.635326E-10
 3287    7.630682E-10
 3288    7.626042E-10
 3289    7.621406E-10
 3290    7.616774E-10
 3291    6.941775E-10
 3292    6.937559E-10
 3293    6.933347E-10
 3294    6.929138E-10
 3295    6.924934E-10
 3296    6.920733E-10
 3297    6.916536E-10
 3298    6.912343E-10
 3299    6.908154E-10
 3300    6.903968E-10
