   50    0.000000E+00
   51    0.000000E+00
   52    0.000000E+00
   53    0.000000E+00
   54    0.000000E+00
   55    0.000000E+00
   56    0.000000E+00
   57    0.000000E+00
   58    0.000000E+00
   59    0.000000E+00
   60    0.000000E+00
   61    0.000000E+00
   62    0.000000E+00
   63    0.000000E+00
   64    0.000000E+00
   65    0.000000E+00
   66    0.000000E+00
   67    0.000000E+00
   68    0.000000E+00
   69    0.000000E+00
   70    0.000000E+00
   71    0.000000E+00
   72    0.000000E+00
   73    0.000000E+00
   74    0.000000E+00
   75    0.000000E+00
   76    0.000000E+00
   77    0.000000E+00
   78    0.000000E+00
   79    0.000000E+00
   80    0.000000E+00
   81    0.000000E+00
   82    0.000000E+00
   83    0.000000E+00
   84    0.000000E+00
   85    0.000000E+00
   86    0.000000E+00
   87    0.000000E+00
   88    0.000000E+00
   89    0.000000E+00
   90    0.000000E+00
   91    0.000000E+00
   92    0.000000E+00
   93    0.000000E+00
   94    0.000000E+00
   95    0.000000E+00
   96    0.000000E+00
   97    0.000000E+00
   98    0.000000E+00
   99    0.000000E+00
  100    0.000000E+00
  101    0.000000E+00
  102    0.000000E+00
  103    0.000000E+00
  104    0.000000E+00
  105    0.000000E+00
  106    0.000000E+00
  107    0.000000E+00
  108    0.000000E+00
  109    0.000000E+00
  110    0.000000E+00
  111    0.000000E+00
  112    0.000000E+00
  113    0.000000E+00
  114    0.000000E+00
  115    0.000000E+00
  116    0.000000E+00
  117    0.000000E+00
  118    0.000000E+00
  119    0.000000E+00
  120    0.000000E+00
  121    0.000000E+00
  122    0.000000E+00
  123    0.000000E+00
  124    0.000000E+00
  125    0.000000E+00
  126    0.000000E+00
  127    0.000000E+00
  128    0.000000E+00
  129    0.000000E+00
  130    0.000000E+00
  131    0.000000E+00
  132    0.000000E+00
  133    0.000000E+00
  134    0.000000E+00
  135    0.000000E+00
  136    0.000000E+00
  137    0.000000E+00
  138    0.000000E+00
  139    0.000000E+00
  140    0.000000E+00
  141    0.000000E+00
  142    0.000000E+00
  143    0.000000E+00
  144    0.000000E+00
  145    0.000000E+00
  146    0.000000E+00
  147    0.000000E+00
  148    0.000000E+00
  149    0.000000E+00
  150    0.000000E+00
  151    0.000000E+00
  152    0.000000E+00
  153    0.000000E+00
  154    0.000000E+00
  155    0.000000E+00
  156    0.000000E+00
  157    0.000000E+00
  158    0.000000E+00
  159    0.000000E+00
  160    0.000000E+00
  161    0.000000E+00
  162    0.000000E+00
  163    0.000000E+00
  164    0.000000E+00
  165    0.000000E+00
  166    0.000000E+00
  167    0.000000E+00
  168    0.000000E+00
  169    0.000000E+00
  170    0.000000E+00
  171    0.000000E+00
  172    0.000000E+00
  173    0.000000E+00
  174    0.000000E+00
  175    0.000000E+00
  176    0.000000E+00
  177    0.000000E+00
  178    0.000000E+00
  179    0.000000E+00
  180    0.000000E+00
  181    2.548789E-11
  182    2.520934E-11
  183    2.493532E-11
  184    2.466575E-11
  185    2.440053E-11
  186    2.413956E-11
  187    2.388275E-11
  188    2.363003E-11
  189    2.338129E-11
  190    2.313646E-11
  191    5.638898E-11
  192    5.580464E-11
  193    5.522933E-11
  194    5.466288E-11
  195    5.410509E-11
  196    5.355580E-11
  197    5.301484E-11
  198    5.248202E-11
  199    5.195720E-11
  200    5.144022E-11
  201    9.974045E-10
  202    9.875779E-10
  203    9.778957E-10
  204    9.683553E-10
  205    9.589538E-10
  206    9.496885E-10
  207    9.405569E-10
  208    9.315564E-10
  209    9.226844E-10
  210    9.139386E-10
  211    1.325678E-09
  212    1.313231E-09
  213    1.300957E-09
  214    1.288855E-09
  215    1.276922E-09
  216    1.265153E-09
  217    1.253546E-09
  218    1.242098E-09
  219    1.230806E-09
  220    1.219668E-09
  221    2.188677E-09
  222    2.169048E-09
  223    2.149681E-09
  224    2.130573E-09
  225    2.111718E-09
  226    2.093113E-09
  227    2.074752E-09
  228    2.056632E-09
  229    2.038748E-09
  230    2.021097E-09
  231    4.662665E-09
  232    4.622643E-09
  233    4.583133E-09
  234    4.544127E-09
  235    4.505618E-09
  236    4.467596E-09
  237    4.430053E-09
  238    4.392981E-09
  239    4.356373E-09
  240    4.320221E-09
  241    4.103306E-09
  242    4.069534E-09
  243    4.036177E-09
  244    4.003229E-09
  245    3.970682E-09
  246    3.938531E-09
  247    3.906768E-09
  248    3.875389E-09
  249    3.844386E-09
  250    3.813753E-09
  251    8.247780E-09
  252    8.182580E-09
  253    8.118150E-09
  254    8.054478E-09
  255    7.991553E-09
  256    7.929362E-09
  257    7.867894E-09
  258    7.807138E-09
  259    7.747083E-09
  260    7.687718E-09
  261    8.361434E-09
  262    8.297849E-09
  263    8.234987E-09
  264    8.172836E-09
  265    8.111386E-09
  266    8.050627E-09
  267    7.990547E-09
  268    7.931138E-09
  269    7.872389E-09
  270    7.814290E-09
  271    1.064060E-08
  272    1.056265E-08
  273    1.048555E-08
  274    1.040929E-08
  275    1.033386E-08
  276    1.025925E-08
  277    1.018544E-08
  278    1.011243E-08
  279    1.004020E-08
  280    9.968736E-09
  281    1.184738E-08
  282    1.176365E-08
  283    1.168081E-08
  284    1.159884E-08
  285    1.151773E-08
  286    1.143747E-08
  287    1.135804E-08
  288    1.127944E-08
  289    1.120165E-08
  290    1.112466E-08
  291    1.408606E-08
  292    1.398991E-08
  293    1.389474E-08
  294    1.380054E-08
  295    1.370729E-08
  296    1.361498E-08
  297    1.352361E-08
  298    1.343315E-08
  299    1.334360E-08
  300    1.325493E-08
  301    1.682534E-08
  302    1.671428E-08
  303    1.660432E-08
  304    1.649544E-08
  305    1.638763E-08
  306    1.628087E-08
  307    1.617515E-08
  308    1.607045E-08
  309    1.596677E-08
  310    1.586409E-08
  311    1.822369E-08
  312    1.810725E-08
  313    1.799192E-08
  314    1.787768E-08
  315    1.776453E-08
  316    1.765245E-08
  317    1.754143E-08
  318    1.743145E-08
  319    1.732251E-08
  320    1.721458E-08
  321    2.055739E-08
  322    2.043010E-08
  323    2.030399E-08
  324    2.017904E-08
  325    2.005524E-08
  326    1.993258E-08
  327    1.981104E-08
  328    1.969061E-08
  329    1.957127E-08
  330    1.945302E-08
  331    2.321156E-08
  332    2.307215E-08
  333    2.293400E-08
  334    2.279708E-08
  335    2.266138E-08
  336    2.252689E-08
  337    2.239360E-08
  338    2.226148E-08
  339    2.213053E-08
  340    2.200073E-08
  341    2.504804E-08
  342    2.490198E-08
  343    2.475720E-08
  344    2.461368E-08
  345    2.447141E-08
  346    2.433036E-08
  347    2.419053E-08
  348    2.405191E-08
  349    2.391447E-08
  350    2.377820E-08
  351    2.559948E-08
  352    2.545444E-08
  353    2.531063E-08
  354    2.516803E-08
  355    2.502664E-08
  356    2.488643E-08
  357    2.474740E-08
  358    2.460953E-08
  359    2.447282E-08
  360    2.433723E-08
  361    3.018103E-08
  362    3.001475E-08
  363    2.984983E-08
  364    2.968627E-08
  365    2.952405E-08
  366    2.936315E-08
  367    2.920357E-08
  368    2.904529E-08
  369    2.888829E-08
  370    2.873255E-08
  371    2.941003E-08
  372    2.925234E-08
  373    2.909591E-08
  374    2.894073E-08
  375    2.878679E-08
  376    2.863408E-08
  377    2.848257E-08
  378    2.833227E-08
  379    2.818315E-08
  380    2.803521E-08
  381    3.244986E-08
  382    3.228041E-08
  383    3.211228E-08
  384    3.194546E-08
  385    3.177994E-08
  386    3.161571E-08
  387    3.145274E-08
  388    3.129103E-08
  389    3.113056E-08
  390    3.097132E-08
  391    3.499371E-08
  392    3.481562E-08
  393    3.463889E-08
  394    3.446351E-08
  395    3.428945E-08
  396    3.411671E-08
  397    3.394527E-08
  398    3.377511E-08
  399    3.360624E-08
  400    3.343863E-08
  401    3.259668E-08
  402    3.243491E-08
  403    3.227434E-08
  404    3.211497E-08
  405    3.195676E-08
  406    3.179973E-08
  407    3.164385E-08
  408    3.148911E-08
  409    3.133550E-08
  410    3.118302E-08
  411    3.851084E-08
  412    3.832434E-08
  413    3.813920E-08
  414    3.795540E-08
  415    3.777292E-08
  416    3.759176E-08
  417    3.741189E-08
  418    3.723331E-08
  419    3.705601E-08
  420    3.687997E-08
  421    3.494491E-08
  422    3.477969E-08
  423    3.461563E-08
  424    3.445274E-08
  425    3.429099E-08
  426    3.413037E-08
  427    3.397089E-08
  428    3.381251E-08
  429    3.365525E-08
  430    3.349907E-08
  431    4.053854E-08
  432    4.035130E-08
  433    4.016535E-08
  434    3.998068E-08
  435    3.979728E-08
  436    3.961514E-08
  437    3.943425E-08
  438    3.925460E-08
  439    3.907617E-08
  440    3.889895E-08
  441    3.983830E-08
  442    3.965844E-08
  443    3.947980E-08
  444    3.930236E-08
  445    3.912612E-08
  446    3.895106E-08
  447    3.877717E-08
  448    3.860444E-08
  449    3.843287E-08
  450    3.826243E-08
  451    3.908112E-08
  452    3.890858E-08
  453    3.873717E-08
  454    3.856690E-08
  455    3.839775E-08
  456    3.822971E-08
  457    3.806276E-08
  458    3.789691E-08
  459    3.773214E-08
  460    3.756845E-08
  461    4.240045E-08
  462    4.221730E-08
  463    4.203532E-08
  464    4.185453E-08
  465    4.167489E-08
  466    4.149641E-08
  467    4.131908E-08
  468    4.114288E-08
  469    4.096780E-08
  470    4.079384E-08
  471    3.937057E-08
  472    3.920410E-08
  473    3.903868E-08
  474    3.887430E-08
  475    3.871097E-08
  476    3.854866E-08
  477    3.838737E-08
  478    3.822708E-08
  479    3.806780E-08
  480    3.790952E-08
  481    4.560354E-08
  482    4.541471E-08
  483    4.522705E-08
  484    4.504054E-08
  485    4.485519E-08
  486    4.467098E-08
  487    4.448790E-08
  488    4.430595E-08
  489    4.412511E-08
  490    4.394537E-08
  491    4.159055E-08
  492    4.142182E-08
  493    4.125413E-08
  494    4.108744E-08
  495    4.092177E-08
  496    4.075709E-08
  497    4.059341E-08
  498    4.043071E-08
  499    4.026899E-08
  500    4.010823E-08
  501    4.345652E-08
  502    4.328373E-08
  503    4.311197E-08
  504    4.294122E-08
  505    4.277150E-08
  506    4.260277E-08
  507    4.243505E-08
  508    4.226831E-08
  509    4.210255E-08
  510    4.193776E-08
  511    4.619981E-08
  512    4.601969E-08
  513    4.584062E-08
  514    4.566260E-08
  515    4.548562E-08
  516    4.530966E-08
  517    4.513472E-08
  518    4.496079E-08
  519    4.478786E-08
  520    4.461593E-08
  521    4.389627E-08
  522    4.372841E-08
  523    4.356151E-08
  524    4.339556E-08
  525    4.323056E-08
  526    4.306649E-08
  527    4.290336E-08
  528    4.274116E-08
  529    4.257987E-08
  530    4.241949E-08
  531    4.895787E-08
  532    4.877416E-08
  533    4.859148E-08
  534    4.840983E-08
  535    4.822920E-08
  536    4.804958E-08
  537    4.787095E-08
  538    4.769332E-08
  539    4.751668E-08
  540    4.734102E-08
  541    4.556211E-08
  542    4.539429E-08
  543    4.522740E-08
  544    4.506143E-08
  545    4.489637E-08
  546    4.473221E-08
  547    4.456896E-08
  548    4.440659E-08
  549    4.424512E-08
  550    4.408452E-08
  551    5.089865E-08
  552    5.071457E-08
  553    5.053148E-08
  554    5.034939E-08
  555    5.016828E-08
  556    4.998814E-08
  557    4.980897E-08
  558    4.963076E-08
  559    4.945351E-08
  560    4.927720E-08
  561    5.164705E-08
  562    5.146358E-08
  563    5.128108E-08
  564    5.109955E-08
  565    5.091899E-08
  566    5.073938E-08
  567    5.056072E-08
  568    5.038301E-08
  569    5.020622E-08
  570    5.003037E-08
  571    5.233173E-08
  572    5.214907E-08
  573    5.196737E-08
  574    5.178661E-08
  575    5.160680E-08
  576    5.142792E-08
  577    5.124997E-08
  578    5.107294E-08
  579    5.089683E-08
  580    5.072162E-08
  581    5.668236E-08
  582    5.648791E-08
  583    5.629446E-08
  584    5.610200E-08
  585    5.591053E-08
  586    5.572003E-08
  587    5.553051E-08
  588    5.534195E-08
  589    5.515435E-08
  590    5.496770E-08
  591    5.942750E-08
  592    5.922707E-08
  593    5.902765E-08
  594    5.882924E-08
  595    5.863182E-08
  596    5.843540E-08
  597    5.823996E-08
  598    5.804551E-08
  599    5.785202E-08
  600    5.765950E-08
  601    6.501167E-08
  602    6.479604E-08
  603    6.458149E-08
  604    6.436799E-08
  605    6.415556E-08
  606    6.394417E-08
  607    6.373383E-08
  608    6.352452E-08
  609    6.331624E-08
  610    6.310899E-08
  611    6.653710E-08
  612    6.632002E-08
  613    6.610399E-08
  614    6.588902E-08
  615    6.567509E-08
  616    6.546221E-08
  617    6.525035E-08
  618    6.503953E-08
  619    6.482972E-08
  620    6.462093E-08
  621    7.636890E-08
  622    7.612373E-08
  623    7.587975E-08
  624    7.563693E-08
  625    7.539528E-08
  626    7.515478E-08
  627    7.491544E-08
  628    7.467723E-08
  629    7.444016E-08
  630    7.420422E-08
  631    8.111380E-08
  632    8.085751E-08
  633    8.060244E-08
  634    8.034858E-08
  635    8.009591E-08
  636    7.984443E-08
  637    7.959413E-08
  638    7.934501E-08
  639    7.909706E-08
  640    7.885027E-08
  641    8.922304E-08
  642    8.894552E-08
  643    8.866929E-08
  644    8.839435E-08
  645    8.812068E-08
  646    8.784828E-08
  647    8.757715E-08
  648    8.730726E-08
  649    8.703862E-08
  650    8.677123E-08
  651    1.012341E-07
  652    1.009240E-07
  653    1.006154E-07
  654    1.003082E-07
  655    1.000024E-07
  656    9.969795E-08
  657    9.939492E-08
  658    9.909326E-08
  659    9.879298E-08
  660    9.849406E-08
  661    1.080960E-07
  662    1.077699E-07
  663    1.074453E-07
  664    1.071222E-07
  665    1.068005E-07
  666    1.064802E-07
  667    1.061614E-07
  668    1.058441E-07
  669    1.055281E-07
  670    1.052136E-07
  671    1.275907E-07
  672    1.272116E-07
  673    1.268341E-07
  674    1.264583E-07
  675    1.260841E-07
  676    1.257117E-07
  677    1.253408E-07
  678    1.249716E-07
  679    1.246041E-07
  680    1.242381E-07
  681    1.378790E-07
  682    1.374752E-07
  683    1.370733E-07
  684    1.366731E-07
  685    1.362746E-07
  686    1.358779E-07
  687    1.354829E-07
  688    1.350896E-07
  689    1.346980E-07
  690    1.343082E-07
  691    1.557771E-07
  692    1.553275E-07
  693    1.548799E-07
  694    1.544342E-07
  695    1.539904E-07
  696    1.535486E-07
  697    1.531086E-07
  698    1.526705E-07
  699    1.522343E-07
  700    1.518000E-07
  701    1.764297E-07
  702    1.759277E-07
  703    1.754279E-07
  704    1.749303E-07
  705    1.744347E-07
  706    1.739413E-07
  707    1.734499E-07
  708    1.729606E-07
  709    1.724734E-07
  710    1.719882E-07
  711    1.986358E-07
  712    1.980786E-07
  713    1.975237E-07
  714    1.969712E-07
  715    1.964210E-07
  716    1.958731E-07
  717    1.953275E-07
  718    1.947842E-07
  719    1.942431E-07
  720    1.937043E-07
  721    2.319900E-07
  722    2.313482E-07
  723    2.307091E-07
  724    2.300727E-07
  725    2.294389E-07
  726    2.288077E-07
  727    2.281791E-07
  728    2.275531E-07
  729    2.269297E-07
  730    2.263088E-07
  731    2.533832E-07
  732    2.526918E-07
  733    2.520033E-07
  734    2.513175E-07
  735    2.506346E-07
  736    2.499545E-07
  737    2.492771E-07
  738    2.486024E-07
  739    2.479305E-07
  740    2.472614E-07
  741    2.950073E-07
  742    2.942132E-07
  743    2.934223E-07
  744    2.926346E-07
  745    2.918500E-07
  746    2.910686E-07
  747    2.902904E-07
  748    2.895152E-07
  749    2.887432E-07
  750    2.879742E-07
  751    3.137291E-07
  752    3.128958E-07
  753    3.120658E-07
  754    3.112392E-07
  755    3.104158E-07
  756    3.095957E-07
  757    3.087788E-07
  758    3.079651E-07
  759    3.071547E-07
  760    3.063475E-07
  761    3.491733E-07
  762    3.482580E-07
  763    3.473463E-07
  764    3.464383E-07
  765    3.455337E-07
  766    3.446327E-07
  767    3.437352E-07
  768    3.428413E-07
  769    3.419508E-07
  770    3.410637E-07
  771    4.002351E-07
  772    3.991996E-07
  773    3.981680E-07
  774    3.971405E-07
  775    3.961169E-07
  776    3.950973E-07
  777    3.940817E-07
  778    3.930699E-07
  779    3.920620E-07
  780    3.910580E-07
  781    4.338377E-07
  782    4.327295E-07
  783    4.316256E-07
  784    4.305259E-07
  785    4.294305E-07
  786    4.283391E-07
  787    4.272520E-07
  788    4.261690E-07
  789    4.250901E-07
  790    4.240152E-07
  791    5.123856E-07
  792    5.110933E-07
  793    5.098059E-07
  794    5.085234E-07
  795    5.072457E-07
  796    5.059728E-07
  797    5.047047E-07
  798    5.034414E-07
  799    5.021828E-07
  800    5.009289E-07
  801    5.526952E-07
  802    5.513186E-07
  803    5.499472E-07
  804    5.485808E-07
  805    5.472196E-07
  806    5.458634E-07
  807    5.445123E-07
  808    5.431661E-07
  809    5.418250E-07
  810    5.404888E-07
  811    6.167960E-07
  812    6.152787E-07
  813    6.137669E-07
  814    6.122607E-07
  815    6.107601E-07
  816    6.092650E-07
  817    6.077753E-07
  818    6.062911E-07
  819    6.048124E-07
  820    6.033390E-07
  821    7.024186E-07
  822    7.007117E-07
  823    6.990109E-07
  824    6.973163E-07
  825    6.956279E-07
  826    6.939456E-07
  827    6.922694E-07
  828    6.905993E-07
  829    6.889352E-07
  830    6.872771E-07
  831    7.404812E-07
  832    7.387033E-07
  833    7.369319E-07
  834    7.351668E-07
  835    7.334080E-07
  836    7.316555E-07
  837    7.299093E-07
  838    7.281694E-07
  839    7.264356E-07
  840    7.247081E-07
  841    8.634623E-07
  842    8.614137E-07
  843    8.593725E-07
  844    8.573385E-07
  845    8.553117E-07
  846    8.532920E-07
  847    8.512795E-07
  848    8.492742E-07
  849    8.472759E-07
  850    8.452846E-07
  851    8.628794E-07
  852    8.608563E-07
  853    8.588402E-07
  854    8.568312E-07
  855    8.548293E-07
  856    8.528344E-07
  857    8.508464E-07
  858    8.488654E-07
  859    8.468913E-07
  860    8.449241E-07
  861    9.536654E-07
  862    9.514553E-07
  863    9.492529E-07
  864    9.470581E-07
  865    9.448709E-07
  866    9.426912E-07
  867    9.405191E-07
  868    9.383545E-07
  869    9.361974E-07
  870    9.340477E-07
  871    1.061020E-06
  872    1.058589E-06
  873    1.056167E-06
  874    1.053752E-06
  875    1.051347E-06
  876    1.048949E-06
  877    1.046560E-06
  878    1.044178E-06
  879    1.041805E-06
  880    1.039440E-06
  881    1.086813E-06
  882    1.084352E-06
  883    1.081898E-06
  884    1.079453E-06
  885    1.077017E-06
  886    1.074588E-06
  887    1.072168E-06
  888    1.069756E-06
  889    1.067352E-06
  890    1.064956E-06
  891    1.268389E-06
  892    1.265548E-06
  893    1.262717E-06
  894    1.259895E-06
  895    1.257083E-06
  896    1.254280E-06
  897    1.251486E-06
  898    1.248702E-06
  899    1.245927E-06
  900    1.243162E-06
  901    1.281105E-06
  902    1.278268E-06
  903    1.275440E-06
  904    1.272621E-06
  905    1.269812E-06
  906    1.267012E-06
  907    1.264221E-06
  908    1.261439E-06
  909    1.258667E-06
  910    1.255904E-06
  911    1.422752E-06
  912    1.419635E-06
  913    1.416529E-06
  914    1.413432E-06
  915    1.410346E-06
  916    1.407270E-06
  917    1.404204E-06
  918    1.401149E-06
  919    1.398103E-06
  920    1.395066E-06
  921    1.563145E-06
  922    1.559758E-06
  923    1.556382E-06
  924    1.553017E-06
  925    1.549663E-06
  926    1.546319E-06
  927    1.542987E-06
  928    1.539665E-06
  929    1.536354E-06
  930    1.533053E-06
  931    1.581031E-06
  932    1.577641E-06
  933    1.574263E-06
  934    1.570896E-06
  935    1.567539E-06
  936    1.564193E-06
  937    1.560858E-06
  938    1.557534E-06
  939    1.554220E-06
  940    1.550916E-06
  941    1.831613E-06
  942    1.827729E-06
  943    1.823856E-06
  944    1.819996E-06
  945    1.816149E-06
  946    1.812313E-06
  947    1.808490E-06
  948    1.804678E-06
  949    1.800879E-06
  950    1.797092E-06
  951    1.795768E-06
  952    1.791999E-06
  953    1.788242E-06
  954    1.784497E-06
  955    1.780764E-06
  956    1.777042E-06
  957    1.773332E-06
  958    1.769634E-06
  959    1.765947E-06
  960    1.762272E-06
  961    1.968817E-06
  962    1.964728E-06
  963    1.960652E-06
  964    1.956589E-06
  965    1.952538E-06
  966    1.948499E-06
  967    1.944474E-06
  968    1.940460E-06
  969    1.936459E-06
  970    1.932471E-06
  971    2.039640E-06
  972    2.035447E-06
  973    2.031268E-06
  974    2.027101E-06
  975    2.022947E-06
  976    2.018806E-06
  977    2.014677E-06
  978    2.010562E-06
  979    2.006458E-06
  980    2.002368E-06
  981    2.129091E-06
  982    2.124759E-06
  983    2.120440E-06
  984    2.116135E-06
  985    2.111843E-06
  986    2.107563E-06
  987    2.103297E-06
  988    2.099044E-06
  989    2.094803E-06
  990    2.090575E-06
  991    2.432997E-06
  992    2.428097E-06
  993    2.423211E-06
  994    2.418340E-06
  995    2.413484E-06
  996    2.408643E-06
  997    2.403816E-06
  998    2.399003E-06
  999    2.394205E-06
 1000    2.389422E-06
 1001    2.326016E-06
 1002    2.321378E-06
 1003    2.316754E-06
 1004    2.312143E-06
 1005    2.307546E-06
 1006    2.302963E-06
 1007    2.298394E-06
 1008    2.293838E-06
 1009    2.289296E-06
 1010    2.284767E-06
 1011    2.728641E-06
 1012    2.723253E-06
 1013    2.717882E-06
 1014    2.712527E-06
 1015    2.707187E-06
 1016    2.701863E-06
 1017    2.696555E-06
 1018    2.691262E-06
 1019    2.685985E-06
 1020    2.680724E-06
 1021    2.870779E-06
 1022    2.865166E-06
 1023    2.859570E-06
 1024    2.853990E-06
 1025    2.848427E-06
 1026    2.842880E-06
 1027    2.837349E-06
 1028    2.831834E-06
 1029    2.826336E-06
 1030    2.820853E-06
 1031    2.968519E-06
 1032    2.962772E-06
 1033    2.957041E-06
 1034    2.951327E-06
 1035    2.945630E-06
 1036    2.939949E-06
 1037    2.934284E-06
 1038    2.928636E-06
 1039    2.923004E-06
 1040    2.917388E-06
 1041    3.143273E-06
 1042    3.137246E-06
 1043    3.131236E-06
 1044    3.125243E-06
 1045    3.119268E-06
 1046    3.113309E-06
 1047    3.107368E-06
 1048    3.101443E-06
 1049    3.095536E-06
 1050    3.089645E-06
 1051    3.003997E-06
 1052    2.998292E-06
 1053    2.992602E-06
 1054    2.986929E-06
 1055    2.981272E-06
 1056    2.975631E-06
 1057    2.970006E-06
 1058    2.964397E-06
 1059    2.958804E-06
 1060    2.953226E-06
 1061    3.354283E-06
 1062    3.347972E-06
 1063    3.341679E-06
 1064    3.335404E-06
 1065    3.329146E-06
 1066    3.322906E-06
 1067    3.316683E-06
 1068    3.310478E-06
 1069    3.304290E-06
 1070    3.298120E-06
 1071    3.366530E-06
 1072    3.360255E-06
 1073    3.353998E-06
 1074    3.347758E-06
 1075    3.341535E-06
 1076    3.335330E-06
 1077    3.329142E-06
 1078    3.322971E-06
 1079    3.316817E-06
 1080    3.310681E-06
 1081    3.576431E-06
 1082    3.569826E-06
 1083    3.563239E-06
 1084    3.556671E-06
 1085    3.550121E-06
 1086    3.543589E-06
 1087    3.537075E-06
 1088    3.530579E-06
 1089    3.524101E-06
 1090    3.517641E-06
 1091    3.734733E-06
 1092    3.727899E-06
 1093    3.721084E-06
 1094    3.714288E-06
 1095    3.707510E-06
 1096    3.700750E-06
 1097    3.694009E-06
 1098    3.687287E-06
 1099    3.680583E-06
 1100    3.673897E-06
 1101    3.808495E-06
 1102    3.801589E-06
 1103    3.794702E-06
 1104    3.787834E-06
 1105    3.780984E-06
 1106    3.774153E-06
 1107    3.767340E-06
 1108    3.760546E-06
 1109    3.753771E-06
 1110    3.747013E-06
 1111    3.996016E-06
 1112    3.988835E-06
 1113    3.981674E-06
 1114    3.974532E-06
 1115    3.967409E-06
 1116    3.960305E-06
 1117    3.953221E-06
 1118    3.946155E-06
 1119    3.939108E-06
 1120    3.932081E-06
 1121    4.144563E-06
 1122    4.137181E-06
 1123    4.129820E-06
 1124    4.122478E-06
 1125    4.115156E-06
 1126    4.107853E-06
 1127    4.100569E-06
 1128    4.093305E-06
 1129    4.086060E-06
 1130    4.078835E-06
 1131    4.300586E-06
 1132    4.292995E-06
 1133    4.285423E-06
 1134    4.277872E-06
 1135    4.270340E-06
 1136    4.262829E-06
 1137    4.255337E-06
 1138    4.247865E-06
 1139    4.240412E-06
 1140    4.232980E-06
 1141    4.494927E-06
 1142    4.487062E-06
 1143    4.479217E-06
 1144    4.471393E-06
 1145    4.463590E-06
 1146    4.455807E-06
 1147    4.448044E-06
 1148    4.440301E-06
 1149    4.432579E-06
 1150    4.424877E-06
 1151    4.569508E-06
 1152    4.561581E-06
 1153    4.553676E-06
 1154    4.545791E-06
 1155    4.537926E-06
 1156    4.530082E-06
 1157    4.522258E-06
 1158    4.514454E-06
 1159    4.506670E-06
 1160    4.498907E-06
 1161    4.674710E-06
 1162    4.666671E-06
 1163    4.658653E-06
 1164    4.650655E-06
 1165    4.642678E-06
 1166    4.634721E-06
 1167    4.626785E-06
 1168    4.618869E-06
 1169    4.610974E-06
 1170    4.603098E-06
 1171    4.768301E-06
 1172    4.760171E-06
 1173    4.752062E-06
 1174    4.743973E-06
 1175    4.735905E-06
 1176    4.727858E-06
 1177    4.719831E-06
 1178    4.711824E-06
 1179    4.703838E-06
 1180    4.695872E-06
 1181    5.111983E-06
 1182    5.103341E-06
 1183    5.094721E-06
 1184    5.086122E-06
 1185    5.077545E-06
 1186    5.068990E-06
 1187    5.060456E-06
 1188    5.051944E-06
 1189    5.043453E-06
 1190    5.034984E-06
 1191    5.085154E-06
 1192    5.076629E-06
 1193    5.068125E-06
 1194    5.059643E-06
 1195    5.051182E-06
 1196    5.042742E-06
 1197    5.034324E-06
 1198    5.025926E-06
 1199    5.017550E-06
 1200    5.009194E-06
 1201    5.129578E-06
 1202    5.121050E-06
 1203    5.112543E-06
 1204    5.104057E-06
 1205    5.095593E-06
 1206    5.087149E-06
 1207    5.078727E-06
 1208    5.070325E-06
 1209    5.061945E-06
 1210    5.053585E-06
 1211    5.053755E-06
 1212    5.045422E-06
 1213    5.037110E-06
 1214    5.028818E-06
 1215    5.020547E-06
 1216    5.012297E-06
 1217    5.004066E-06
 1218    4.995856E-06
 1219    4.987666E-06
 1220    4.979496E-06
 1221    5.182436E-06
 1222    5.173961E-06
 1223    5.165507E-06
 1224    5.157073E-06
 1225    5.148660E-06
 1226    5.140268E-06
 1227    5.131896E-06
 1228    5.123545E-06
 1229    5.115214E-06
 1230    5.106903E-06
 1231    5.724422E-06
 1232    5.715137E-06
 1233    5.705874E-06
 1234    5.696634E-06
 1235    5.687416E-06
 1236    5.678220E-06
 1237    5.669047E-06
 1238    5.659896E-06
 1239    5.650767E-06
 1240    5.641661E-06
 1241    5.586618E-06
 1242    5.577629E-06
 1243    5.568662E-06
 1244    5.559717E-06
 1245    5.550792E-06
 1246    5.541890E-06
 1247    5.533009E-06
 1248    5.524149E-06
 1249    5.515310E-06
 1250    5.506493E-06
 1251    5.783776E-06
 1252    5.774544E-06
 1253    5.765334E-06
 1254    5.756147E-06
 1255    5.746981E-06
 1256    5.737837E-06
 1257    5.728715E-06
 1258    5.719614E-06
 1259    5.710535E-06
 1260    5.701478E-06
 1261    5.761805E-06
 1262    5.752681E-06
 1263    5.743578E-06
 1264    5.734497E-06
 1265    5.725438E-06
 1266    5.716400E-06
 1267    5.707384E-06
 1268    5.698389E-06
 1269    5.689415E-06
 1270    5.680462E-06
 1271    6.204733E-06
 1272    6.194985E-06
 1273    6.185260E-06
 1274    6.175557E-06
 1275    6.165878E-06
 1276    6.156221E-06
 1277    6.146587E-06
 1278    6.136975E-06
 1279    6.127386E-06
 1280    6.117820E-06
 1281    6.079718E-06
 1282    6.070241E-06
 1283    6.060786E-06
 1284    6.051353E-06
 1285    6.041942E-06
 1286    6.032552E-06
 1287    6.023185E-06
 1288    6.013840E-06
 1289    6.004516E-06
 1290    5.995214E-06
 1291    6.174463E-06
 1292    6.164913E-06
 1293    6.155384E-06
 1294    6.145878E-06
 1295    6.136393E-06
 1296    6.126931E-06
 1297    6.117490E-06
 1298    6.108072E-06
 1299    6.098675E-06
 1300    6.089299E-06
 1301    6.310075E-06
 1302    6.300390E-06
 1303    6.290727E-06
 1304    6.281086E-06
 1305    6.271467E-06
 1306    6.261870E-06
 1307    6.252296E-06
 1308    6.242743E-06
 1309    6.233212E-06
 1310    6.223703E-06
 1311    6.134953E-06
 1312    6.125608E-06
 1313    6.116284E-06
 1314    6.106982E-06
 1315    6.097700E-06
 1316    6.088441E-06
 1317    6.079202E-06
 1318    6.069984E-06
 1319    6.060787E-06
 1320    6.051611E-06
 1321    6.598826E-06
 1322    6.588850E-06
 1323    6.578897E-06
 1324    6.568967E-06
 1325    6.559059E-06
 1326    6.549174E-06
 1327    6.539310E-06
 1328    6.529469E-06
 1329    6.519651E-06
 1330    6.509854E-06
 1331    7.107812E-06
 1332    7.097148E-06
 1333    7.086508E-06
 1334    7.075891E-06
 1335    7.065299E-06
 1336    7.054730E-06
 1337    7.044184E-06
 1338    7.033663E-06
 1339    7.023165E-06
 1340    7.012690E-06
 1341    6.827648E-06
 1342    6.817480E-06
 1343    6.807335E-06
 1344    6.797213E-06
 1345    6.787113E-06
 1346    6.777035E-06
 1347    6.766980E-06
 1348    6.756948E-06
 1349    6.746938E-06
 1350    6.736949E-06
 1351    6.918321E-06
 1352    6.908094E-06
 1353    6.897890E-06
 1354    6.887709E-06
 1355    6.877550E-06
 1356    6.867413E-06
 1357    6.857299E-06
 1358    6.847208E-06
 1359    6.837138E-06
 1360    6.827091E-06
 1361    7.325350E-06
 1362    7.314601E-06
 1363    7.303876E-06
 1364    7.293174E-06
 1365    7.282496E-06
 1366    7.271842E-06
 1367    7.261210E-06
 1368    7.250602E-06
 1369    7.240017E-06
 1370    7.229456E-06
 1371    7.946443E-06
 1372    7.934868E-06
 1373    7.923317E-06
 1374    7.911793E-06
 1375    7.900293E-06
 1376    7.888818E-06
 1377    7.877369E-06
 1378    7.865944E-06
 1379    7.854544E-06
 1380    7.843169E-06
 1381    7.837211E-06
 1382    7.825878E-06
 1383    7.814569E-06
 1384    7.803284E-06
 1385    7.792024E-06
 1386    7.780788E-06
 1387    7.769577E-06
 1388    7.758389E-06
 1389    7.747226E-06
 1390    7.736087E-06
 1391    8.063143E-06
 1392    8.051566E-06
 1393    8.040014E-06
 1394    8.028487E-06
 1395    8.016985E-06
 1396    8.005508E-06
 1397    7.994055E-06
 1398    7.982627E-06
 1399    7.971223E-06
 1400    7.959844E-06
 1401    8.422700E-06
 1402    8.410694E-06
 1403    8.398713E-06
 1404    8.386757E-06
 1405    8.374827E-06
 1406    8.362923E-06
 1407    8.351044E-06
 1408    8.339190E-06
 1409    8.327361E-06
 1410    8.315558E-06
 1411    7.558880E-06
 1412    7.548181E-06
 1413    7.537505E-06
 1414    7.526851E-06
 1415    7.516220E-06
 1416    7.505611E-06
 1417    7.495025E-06
 1418    7.484461E-06
 1419    7.473920E-06
 1420    7.463401E-06
 1421    8.592409E-06
 1422    8.580332E-06
 1423    8.568281E-06
 1424    8.556256E-06
 1425    8.544255E-06
 1426    8.532280E-06
 1427    8.520330E-06
 1428    8.508405E-06
 1429    8.496506E-06
 1430    8.484631E-06
 1431    1.119970E-05
 1432    1.118406E-05
 1433    1.116847E-05
 1434    1.115290E-05
 1435    1.113737E-05
 1436    1.112187E-05
 1437    1.110640E-05
 1438    1.109096E-05
 1439    1.107556E-05
 1440    1.106018E-05
 1441    1.215842E-05
 1442    1.214156E-05
 1443    1.212475E-05
 1444    1.210797E-05
 1445    1.209122E-05
 1446    1.207451E-05
 1447    1.205783E-05
 1448    1.204119E-05
 1449    1.202458E-05
 1450    1.200800E-05
 1451    1.063645E-05
 1452    1.062181E-05
 1453    1.060720E-05
 1454    1.059262E-05
 1455    1.057807E-05
 1456    1.056355E-05
 1457    1.054906E-05
 1458    1.053459E-05
 1459    1.052016E-05
 1460    1.050576E-05
 1461    1.356522E-05
 1462    1.354668E-05
 1463    1.352817E-05
 1464    1.350970E-05
 1465    1.349127E-05
 1466    1.347288E-05
 1467    1.345452E-05
 1468    1.343621E-05
 1469    1.341793E-05
 1470    1.339968E-05
 1471    1.759423E-05
 1472    1.757034E-05
 1473    1.754650E-05
 1474    1.752271E-05
 1475    1.749896E-05
 1476    1.747527E-05
 1477    1.745162E-05
 1478    1.742802E-05
 1479    1.740447E-05
 1480    1.738097E-05
 1481    1.493927E-05
 1482    1.491913E-05
 1483    1.489902E-05
 1484    1.487895E-05
 1485    1.485893E-05
 1486    1.483894E-05
 1487    1.481900E-05
 1488    1.479909E-05
 1489    1.477923E-05
 1490    1.475941E-05
 1491    8.443613E-06
 1492    8.432302E-06
 1493    8.421014E-06
 1494    8.409749E-06
 1495    8.398506E-06
 1496    8.387285E-06
 1497    8.376087E-06
 1498    8.364912E-06
 1499    8.353758E-06
 1500    8.342627E-06
 1501    1.584035E-06
 1502    1.581927E-06
 1503    1.579824E-06
 1504    1.577724E-06
 1505    1.575629E-06
 1506    1.573538E-06
 1507    1.571451E-06
 1508    1.569368E-06
 1509    1.567290E-06
 1510    1.565215E-06
 1511   -4.424587E-06
 1512   -4.418738E-06
 1513   -4.412901E-06
 1514   -4.407076E-06
 1515   -4.401261E-06
 1516   -4.395459E-06
 1517   -4.389668E-06
 1518   -4.383888E-06
 1519   -4.378120E-06
 1520   -4.372363E-06
 1521   -4.279175E-06
 1522   -4.273556E-06
 1523   -4.267947E-06
 1524   -4.262350E-06
 1525   -4.256764E-06
 1526   -4.251189E-06
 1527   -4.245624E-06
 1528   -4.240071E-06
 1529   -4.234528E-06
 1530   -4.228996E-06
 1531    2.589058E-05
 1532    2.585680E-05
 1533    2.582309E-05
 1534    2.578945E-05
 1535    2.575587E-05
 1536    2.572235E-05
 1537    2.568890E-05
 1538    2.565552E-05
 1539    2.562220E-05
 1540    2.558895E-05
 1541    8.751752E-05
 1542    8.740408E-05
 1543    8.729087E-05
 1544    8.717787E-05
 1545    8.706509E-05
 1546    8.695253E-05
 1547    8.684019E-05
 1548    8.672806E-05
 1549    8.661616E-05
 1550    8.650447E-05
 1551    1.530397E-04
 1552    1.528426E-04
 1553    1.526459E-04
 1554    1.524496E-04
 1555    1.522536E-04
 1556    1.520581E-04
 1557    1.518629E-04
 1558    1.516681E-04
 1559    1.514736E-04
 1560    1.512795E-04
 1561    2.150246E-04
 1562    2.147494E-04
 1563    2.144748E-04
 1564    2.142007E-04
 1565    2.139271E-04
 1566    2.136541E-04
 1567    2.133816E-04
 1568    2.131096E-04
 1569    2.128381E-04
 1570    2.125671E-04
 1571    2.482120E-04
 1572    2.478964E-04
 1573    2.475814E-04
 1574    2.472671E-04
 1575    2.469533E-04
 1576    2.466401E-04
 1577    2.463275E-04
 1578    2.460155E-04
 1579    2.457041E-04
 1580    2.453932E-04
 1581    7.999070E-05
 1582    7.988963E-05
 1583    7.978876E-05
 1584    7.968808E-05
 1585    7.958759E-05
 1586    7.948729E-05
 1587    7.938718E-05
 1588    7.928726E-05
 1589    7.918753E-05
 1590    7.908799E-05
 1591   -5.532283E-04
 1592   -5.525337E-04
 1593   -5.518405E-04
 1594   -5.511485E-04
 1595   -5.504579E-04
 1596   -5.497685E-04
 1597   -5.490804E-04
 1598   -5.483936E-04
 1599   -5.477081E-04
 1600   -5.470239E-04
 1601   -1.496607E-03
 1602   -1.494740E-03
 1603   -1.492876E-03
 1604   -1.491016E-03
 1605   -1.489159E-03
 1606   -1.487305E-03
 1607   -1.485456E-03
 1608   -1.483609E-03
 1609   -1.481766E-03
 1610   -1.479927E-03
 1611   -1.989685E-03
 1612   -1.987218E-03
 1613   -1.984755E-03
 1614   -1.982298E-03
 1615   -1.979844E-03
 1616   -1.977395E-03
 1617   -1.974951E-03
 1618   -1.972511E-03
 1619   -1.970076E-03
 1620   -1.967646E-03
 1621   -1.806085E-03
 1622   -1.803859E-03
 1623   -1.801638E-03
 1624   -1.799420E-03
 1625   -1.797207E-03
 1626   -1.794998E-03
 1627   -1.792793E-03
 1628   -1.790592E-03
 1629   -1.788395E-03
 1630   -1.786202E-03
 1631   -9.469330E-05
 1632   -9.457732E-05
 1633   -9.446156E-05
 1634   -9.434601E-05
 1635   -9.423067E-05
 1636   -9.411555E-05
 1637   -9.400063E-05
 1638   -9.388593E-05
 1639   -9.377143E-05
 1640   -9.365715E-05
 1641    6.057686E-03
 1642    6.050312E-03
 1643    6.042952E-03
 1644    6.035605E-03
 1645    6.028271E-03
 1646    6.020951E-03
 1647    6.013644E-03
 1648    6.006350E-03
 1649    5.999070E-03
 1650    5.991803E-03
 1651    1.611424E-02
 1652    1.609475E-02
 1653    1.607529E-02
 1654    1.605586E-02
 1655    1.603647E-02
 1656    1.601711E-02
 1657    1.599779E-02
 1658    1.597850E-02
 1659    1.595925E-02
 1660    1.594004E-02
 1661    2.240282E-02
 1662    2.237587E-02
 1663    2.234898E-02
 1664    2.232213E-02
 1665    2.229534E-02
 1666    2.226859E-02
 1667    2.224189E-02
 1668    2.221523E-02
 1669    2.218863E-02
 1670    2.216207E-02
 1671    2.348551E-02
 1672    2.345743E-02
 1673    2.342940E-02
 1674    2.340143E-02
 1675    2.337350E-02
 1676    2.334563E-02
 1677    2.331780E-02
 1678    2.329003E-02
 1679    2.326230E-02
 1680    2.323462E-02
 1681    2.207668E-02
 1682    2.205044E-02
 1683    2.202426E-02
 1684    2.199811E-02
 1685    2.197202E-02
 1686    2.194597E-02
 1687    2.191997E-02
 1688    2.189401E-02
 1689    2.186810E-02
 1690    2.184224E-02
 1691    1.638356E-02
 1692    1.636420E-02
 1693    1.634488E-02
 1694    1.632560E-02
 1695    1.630634E-02
 1696    1.628713E-02
 1697    1.626794E-02
 1698    1.624879E-02
 1699    1.622968E-02
 1700    1.621059E-02
 1701    5.691256E-03
 1702    5.684573E-03
 1703    5.677901E-03
 1704    5.671240E-03
 1705    5.664592E-03
 1706    5.657955E-03
 1707    5.651330E-03
 1708    5.644716E-03
 1709    5.638114E-03
 1710    5.631524E-03
 1711   -4.007505E-04
 1712   -4.002826E-04
 1713   -3.998155E-04
 1714   -3.993492E-04
 1715   -3.988838E-04
 1716   -3.984192E-04
 1717   -3.979553E-04
 1718   -3.974923E-04
 1719   -3.970301E-04
 1720   -3.965687E-04
 1721   -2.075874E-03
 1722   -2.073464E-03
 1723   -2.071059E-03
 1724   -2.068658E-03
 1725   -2.066261E-03
 1726   -2.063868E-03
 1727   -2.061479E-03
 1728   -2.059094E-03
 1729   -2.056714E-03
 1730   -2.054338E-03
 1731   -2.245860E-03
 1732   -2.243268E-03
 1733   -2.240681E-03
 1734   -2.238098E-03
 1735   -2.235519E-03
 1736   -2.232945E-03
 1737   -2.230376E-03
 1738   -2.227811E-03
 1739   -2.225250E-03
 1740   -2.222694E-03
 1741   -1.720840E-03
 1742   -1.718865E-03
 1743   -1.716894E-03
 1744   -1.714926E-03
 1745   -1.712962E-03
 1746   -1.711001E-03
 1747   -1.709043E-03
 1748   -1.707089E-03
 1749   -1.705138E-03
 1750   -1.703190E-03
 1751   -6.554411E-04
 1752   -6.546933E-04
 1753   -6.539468E-04
 1754   -6.532016E-04
 1755   -6.524576E-04
 1756   -6.517149E-04
 1757   -6.509735E-04
 1758   -6.502333E-04
 1759   -6.494944E-04
 1760   -6.487568E-04
 1761    2.003089E-05
 1762    2.000816E-05
 1763    1.998548E-05
 1764    1.996283E-05
 1765    1.994022E-05
 1766    1.991765E-05
 1767    1.989512E-05
 1768    1.987263E-05
 1769    1.985017E-05
 1770    1.982776E-05
 1771    1.985472E-04
 1772    1.983232E-04
 1773    1.980996E-04
 1774    1.978764E-04
 1775    1.976536E-04
 1776    1.974311E-04
 1777    1.972091E-04
 1778    1.969873E-04
 1779    1.967660E-04
 1780    1.965450E-04
 1781    1.742101E-04
 1782    1.740147E-04
 1783    1.738196E-04
 1784    1.736248E-04
 1785    1.734304E-04
 1786    1.732363E-04
 1787    1.730425E-04
 1788    1.728491E-04
 1789    1.726559E-04
 1790    1.724631E-04
 1791    1.144430E-04
 1792    1.143154E-04
 1793    1.141879E-04
 1794    1.140607E-04
 1795    1.139337E-04
 1796    1.138069E-04
 1797    1.136803E-04
 1798    1.135539E-04
 1799    1.134277E-04
 1800    1.133018E-04
 1801    4.161544E-05
 1802    4.156928E-05
 1803    4.152319E-05
 1804    4.147719E-05
 1805    4.143125E-05
 1806    4.138540E-05
 1807    4.133962E-05
 1808    4.129391E-05
 1809    4.124828E-05
 1810    4.120273E-05
 1811   -1.833972E-05
 1812   -1.831949E-05
 1813   -1.829929E-05
 1814   -1.827913E-05
 1815   -1.825900E-05
 1816   -1.823890E-05
 1817   -1.821883E-05
 1818   -1.819880E-05
 1819   -1.817880E-05
 1820   -1.815884E-05
 1821   -4.524753E-05
 1822   -4.519789E-05
 1823   -4.514833E-05
 1824   -4.509885E-05
 1825   -4.504945E-05
 1826   -4.500014E-05
 1827   -4.495091E-05
 1828   -4.490175E-05
 1829   -4.485268E-05
 1830   -4.480369E-05
 1831   -4.557950E-05
 1832   -4.552977E-05
 1833   -4.548012E-05
 1834   -4.543055E-05
 1835   -4.538106E-05
 1836   -4.533166E-05
 1837   -4.528233E-05
 1838   -4.523308E-05
 1839   -4.518391E-05
 1840   -4.513483E-05
 1841   -3.521724E-05
 1842   -3.517902E-05
 1843   -3.514086E-05
 1844   -3.510277E-05
 1845   -3.506474E-05
 1846   -3.502677E-05
 1847   -3.498886E-05
 1848   -3.495102E-05
 1849   -3.491323E-05
 1850   -3.487551E-05
 1851   -2.185037E-05
 1852   -2.182679E-05
 1853   -2.180324E-05
 1854   -2.177973E-05
 1855   -2.175626E-05
 1856   -2.173283E-05
 1857   -2.170944E-05
 1858   -2.168608E-05
 1859   -2.166276E-05
 1860   -2.163948E-05
 1861   -1.174648E-05
 1862   -1.173387E-05
 1863   -1.172128E-05
 1864   -1.170871E-05
 1865   -1.169616E-05
 1866   -1.168363E-05
 1867   -1.167112E-05
 1868   -1.165863E-05
 1869   -1.164616E-05
 1870   -1.163371E-05
 1871   -8.005697E-06
 1872   -7.997149E-06
 1873   -7.988614E-06
 1874   -7.980093E-06
 1875   -7.971585E-06
 1876   -7.963091E-06
 1877   -7.954611E-06
 1878   -7.946144E-06
 1879   -7.937691E-06
 1880   -7.929251E-06
 1881   -1.067509E-05
 1882   -1.066375E-05
 1883   -1.065243E-05
 1884   -1.064113E-05
 1885   -1.062985E-05
 1886   -1.061858E-05
 1887   -1.060733E-05
 1888   -1.059610E-05
 1889   -1.058489E-05
 1890   -1.057369E-05
 1891   -1.131178E-05
 1892   -1.129983E-05
 1893   -1.128789E-05
 1894   -1.127598E-05
 1895   -1.126409E-05
 1896   -1.125221E-05
 1897   -1.124035E-05
 1898   -1.122851E-05
 1899   -1.121670E-05
 1900   -1.120489E-05
 1901   -8.808718E-06
 1902   -8.799461E-06
 1903   -8.790217E-06
 1904   -8.780989E-06
 1905   -8.771775E-06
 1906   -8.762575E-06
 1907   -8.753390E-06
 1908   -8.744220E-06
 1909   -8.735063E-06
 1910   -8.725921E-06
 1911   -8.301443E-06
 1912   -8.292764E-06
 1913   -8.284099E-06
 1914   -8.275447E-06
 1915   -8.266809E-06
 1916   -8.258184E-06
 1917   -8.249573E-06
 1918   -8.240975E-06
 1919   -8.232391E-06
 1920   -8.223820E-06
 1921   -9.565947E-06
 1922   -9.555998E-06
 1923   -9.546064E-06
 1924   -9.536146E-06
 1925   -9.526244E-06
 1926   -9.516357E-06
 1927   -9.506485E-06
 1928   -9.496629E-06
 1929   -9.486788E-06
 1930   -9.476962E-06
 1931   -1.032683E-05
 1932   -1.031614E-05
 1933   -1.030548E-05
 1934   -1.029482E-05
 1935   -1.028419E-05
 1936   -1.027357E-05
 1937   -1.026297E-05
 1938   -1.025238E-05
 1939   -1.024181E-05
 1940   -1.023126E-05
 1941   -8.866811E-06
 1942   -8.857684E-06
 1943   -8.848571E-06
 1944   -8.839472E-06
 1945   -8.830388E-06
 1946   -8.821317E-06
 1947   -8.812260E-06
 1948   -8.803217E-06
 1949   -8.794188E-06
 1950   -8.785173E-06
 1951   -7.850160E-06
 1952   -7.842121E-06
 1953   -7.834094E-06
 1954   -7.826079E-06
 1955   -7.818077E-06
 1956   -7.810087E-06
 1957   -7.802110E-06
 1958   -7.794144E-06
 1959   -7.786191E-06
 1960   -7.778250E-06
 1961   -7.172324E-06
 1962   -7.165017E-06
 1963   -7.157720E-06
 1964   -7.150435E-06
 1965   -7.143161E-06
 1966   -7.135898E-06
 1967   -7.128646E-06
 1968   -7.121405E-06
 1969   -7.114175E-06
 1970   -7.106957E-06
 1971   -6.884848E-06
 1972   -6.877869E-06
 1973   -6.870900E-06
 1974   -6.863942E-06
 1975   -6.856995E-06
 1976   -6.850058E-06
 1977   -6.843132E-06
 1978   -6.836216E-06
 1979   -6.829311E-06
 1980   -6.822416E-06
 1981   -7.245657E-06
 1982   -7.238350E-06
 1983   -7.231053E-06
 1984   -7.223767E-06
 1985   -7.216493E-06
 1986   -7.209229E-06
 1987   -7.201976E-06
 1988   -7.194734E-06
 1989   -7.187503E-06
 1990   -7.180283E-06
 1991   -7.158739E-06
 1992   -7.151556E-06
 1993   -7.144383E-06
 1994   -7.137220E-06
 1995   -7.130069E-06
 1996   -7.122928E-06
 1997   -7.115798E-06
 1998   -7.108679E-06
 1999   -7.101570E-06
 2000   -7.094472E-06
 2001   -6.428993E-06
 2002   -6.422574E-06
 2003   -6.416164E-06
 2004   -6.409764E-06
 2005   -6.403373E-06
 2006   -6.396992E-06
 2007   -6.390620E-06
 2008   -6.384258E-06
 2009   -6.377906E-06
 2010   -6.371563E-06
 2011   -5.985139E-06
 2012   -5.979193E-06
 2013   -5.973255E-06
 2014   -5.967326E-06
 2015   -5.961406E-06
 2016   -5.955495E-06
 2017   -5.949593E-06
 2018   -5.943699E-06
 2019   -5.937814E-06
 2020   -5.931938E-06
 2021   -6.176039E-06
 2022   -6.169934E-06
 2023   -6.163837E-06
 2024   -6.157749E-06
 2025   -6.151670E-06
 2026   -6.145601E-06
 2027   -6.139540E-06
 2028   -6.133488E-06
 2029   -6.127445E-06
 2030   -6.121411E-06
 2031   -6.514952E-06
 2032   -6.508543E-06
 2033   -6.502143E-06
 2034   -6.495753E-06
 2035   -6.489372E-06
 2036   -6.483000E-06
 2037   -6.476638E-06
 2038   -6.470286E-06
 2039   -6.463942E-06
 2040   -6.457608E-06
 2041   -6.111611E-06
 2042   -6.105628E-06
 2043   -6.099654E-06
 2044   -6.093689E-06
 2045   -6.087732E-06
 2046   -6.081784E-06
 2047   -6.075845E-06
 2048   -6.069914E-06
 2049   -6.063992E-06
 2050   -6.058079E-06
 2051   -5.751591E-06
 2052   -5.745988E-06
 2053   -5.740393E-06
 2054   -5.734806E-06
 2055   -5.729228E-06
 2056   -5.723657E-06
 2057   -5.718095E-06
 2058   -5.712541E-06
 2059   -5.706994E-06
 2060   -5.701456E-06
 2061   -5.603131E-06
 2062   -5.597699E-06
 2063   -5.592275E-06
 2064   -5.586859E-06
 2065   -5.581450E-06
 2066   -5.576050E-06
 2067   -5.570657E-06
 2068   -5.565272E-06
 2069   -5.559895E-06
 2070   -5.554526E-06
 2071   -5.567152E-06
 2072   -5.561781E-06
 2073   -5.556418E-06
 2074   -5.551062E-06
 2075   -5.545714E-06
 2076   -5.540374E-06
 2077   -5.535042E-06
 2078   -5.529717E-06
 2079   -5.524400E-06
 2080   -5.519091E-06
 2081   -5.711072E-06
 2082   -5.705588E-06
 2083   -5.700113E-06
 2084   -5.694645E-06
 2085   -5.689185E-06
 2086   -5.683733E-06
 2087   -5.678289E-06
 2088   -5.672852E-06
 2089   -5.667424E-06
 2090   -5.662003E-06
 2091   -5.461356E-06
 2092   -5.456138E-06
 2093   -5.450926E-06
 2094   -5.445723E-06
 2095   -5.440526E-06
 2096   -5.435337E-06
 2097   -5.430156E-06
 2098   -5.424982E-06
 2099   -5.419815E-06
 2100   -5.414656E-06
 2101   -5.142420E-06
 2102   -5.137530E-06
 2103   -5.132646E-06
 2104   -5.127769E-06
 2105   -5.122900E-06
 2106   -5.118037E-06
 2107   -5.113181E-06
 2108   -5.108332E-06
 2109   -5.103490E-06
 2110   -5.098655E-06
 2111   -4.864798E-06
 2112   -4.860194E-06
 2113   -4.855595E-06
 2114   -4.851004E-06
 2115   -4.846419E-06
 2116   -4.841840E-06
 2117   -4.837268E-06
 2118   -4.832703E-06
 2119   -4.828143E-06
 2120   -4.823591E-06
 2121   -4.970096E-06
 2122   -4.965414E-06
 2123   -4.960739E-06
 2124   -4.956070E-06
 2125   -4.951407E-06
 2126   -4.946751E-06
 2127   -4.942102E-06
 2128   -4.937460E-06
 2129   -4.932824E-06
 2130   -4.928194E-06
 2131   -5.027544E-06
 2132   -5.022830E-06
 2133   -5.018123E-06
 2134   -5.013422E-06
 2135   -5.008728E-06
 2136   -5.004040E-06
 2137   -4.999359E-06
 2138   -4.994684E-06
 2139   -4.990017E-06
 2140   -4.985355E-06
 2141   -4.917202E-06
 2142   -4.912613E-06
 2143   -4.908030E-06
 2144   -4.903454E-06
 2145   -4.898884E-06
 2146   -4.894320E-06
 2147   -4.889763E-06
 2148   -4.885213E-06
 2149   -4.880668E-06
 2150   -4.876130E-06
 2151   -4.554820E-06
 2152   -4.550588E-06
 2153   -4.546363E-06
 2154   -4.542144E-06
 2155   -4.537930E-06
 2156   -4.533723E-06
 2157   -4.529521E-06
 2158   -4.525325E-06
 2159   -4.521135E-06
 2160   -4.516951E-06
 2161   -4.557764E-06
 2162   -4.553549E-06
 2163   -4.549341E-06
 2164   -4.545138E-06
 2165   -4.540941E-06
 2166   -4.536750E-06
 2167   -4.532565E-06
 2168   -4.528386E-06
 2169   -4.524212E-06
 2170   -4.520044E-06
 2171   -4.538159E-06
 2172   -4.533982E-06
 2173   -4.529811E-06
 2174   -4.525645E-06
 2175   -4.521486E-06
 2176   -4.517332E-06
 2177   -4.513184E-06
 2178   -4.509041E-06
 2179   -4.504905E-06
 2180   -4.500774E-06
 2181   -4.515547E-06
 2182   -4.511410E-06
 2183   -4.507279E-06
 2184   -4.503153E-06
 2185   -4.499034E-06
 2186   -4.494919E-06
 2187   -4.490810E-06
 2188   -4.486707E-06
 2189   -4.482610E-06
 2190   -4.478518E-06
 2191   -4.387437E-06
 2192   -4.383436E-06
 2193   -4.379440E-06
 2194   -4.375450E-06
 2195   -4.371465E-06
 2196   -4.367485E-06
 2197   -4.363511E-06
 2198   -4.359542E-06
 2199   -4.355579E-06
 2200   -4.351621E-06
 2201   -4.086052E-06
 2202   -4.082343E-06
 2203   -4.078638E-06
 2204   -4.074939E-06
 2205   -4.071244E-06
 2206   -4.067555E-06
 2207   -4.063871E-06
 2208   -4.060191E-06
 2209   -4.056517E-06
 2210   -4.052847E-06
 2211   -3.883742E-06
 2212   -3.880232E-06
 2213   -3.876727E-06
 2214   -3.873226E-06
 2215   -3.869731E-06
 2216   -3.866240E-06
 2217   -3.862754E-06
 2218   -3.859272E-06
 2219   -3.855795E-06
 2220   -3.852323E-06
 2221   -3.915401E-06
 2222   -3.911878E-06
 2223   -3.908360E-06
 2224   -3.904847E-06
 2225   -3.901339E-06
 2226   -3.897835E-06
 2227   -3.894336E-06
 2228   -3.890842E-06
 2229   -3.887352E-06
 2230   -3.883867E-06
 2231   -3.833008E-06
 2232   -3.829575E-06
 2233   -3.826147E-06
 2234   -3.822723E-06
 2235   -3.819304E-06
 2236   -3.815889E-06
 2237   -3.812479E-06
 2238   -3.809073E-06
 2239   -3.805673E-06
 2240   -3.802276E-06
 2241   -3.777398E-06
 2242   -3.774030E-06
 2243   -3.770666E-06
 2244   -3.767307E-06
 2245   -3.763953E-06
 2246   -3.760602E-06
 2247   -3.757257E-06
 2248   -3.753915E-06
 2249   -3.750579E-06
 2250   -3.747246E-06
 2251   -3.338461E-06
 2252   -3.335498E-06
 2253   -3.332538E-06
 2254   -3.329582E-06
 2255   -3.326631E-06
 2256   -3.323683E-06
 2257   -3.320739E-06
 2258   -3.317799E-06
 2259   -3.314863E-06
 2260   -3.311931E-06
 2261   -3.173705E-06
 2262   -3.170900E-06
 2263   -3.168099E-06
 2264   -3.165302E-06
 2265   -3.162508E-06
 2266   -3.159718E-06
 2267   -3.156932E-06
 2268   -3.154149E-06
 2269   -3.151370E-06
 2270   -3.148595E-06
 2271   -3.177935E-06
 2272   -3.175139E-06
 2273   -3.172346E-06
 2274   -3.169557E-06
 2275   -3.166772E-06
 2276   -3.163990E-06
 2277   -3.161212E-06
 2278   -3.158438E-06
 2279   -3.155668E-06
 2280   -3.152901E-06
 2281   -3.154238E-06
 2282   -3.151475E-06
 2283   -3.148715E-06
 2284   -3.145959E-06
 2285   -3.143207E-06
 2286   -3.140458E-06
 2287   -3.137713E-06
 2288   -3.134971E-06
 2289   -3.132233E-06
 2290   -3.129499E-06
 2291   -3.098662E-06
 2292   -3.095959E-06
 2293   -3.093260E-06
 2294   -3.090564E-06
 2295   -3.087872E-06
 2296   -3.085184E-06
 2297   -3.082499E-06
 2298   -3.079817E-06
 2299   -3.077139E-06
 2300   -3.074464E-06
 2301   -2.763452E-06
 2302   -2.761052E-06
 2303   -2.758655E-06
 2304   -2.756262E-06
 2305   -2.753871E-06
 2306   -2.751484E-06
 2307   -2.749100E-06
 2308   -2.746718E-06
 2309   -2.744340E-06
 2310   -2.741965E-06
 2311   -2.681641E-06
 2312   -2.679322E-06
 2313   -2.677006E-06
 2314   -2.674693E-06
 2315   -2.672384E-06
 2316   -2.670077E-06
 2317   -2.667773E-06
 2318   -2.665472E-06
 2319   -2.663174E-06
 2320   -2.660880E-06
 2321   -2.622082E-06
 2322   -2.619825E-06
 2323   -2.617570E-06
 2324   -2.615319E-06
 2325   -2.613070E-06
 2326   -2.610824E-06
 2327   -2.608581E-06
 2328   -2.606341E-06
 2329   -2.604104E-06
 2330   -2.601869E-06
 2331   -2.612009E-06
 2332   -2.609770E-06
 2333   -2.607533E-06
 2334   -2.605300E-06
 2335   -2.603069E-06
 2336   -2.600842E-06
 2337   -2.598617E-06
 2338   -2.596395E-06
 2339   -2.594176E-06
 2340   -2.591959E-06
 2341   -2.545394E-06
 2342   -2.543221E-06
 2343   -2.541051E-06
 2344   -2.538884E-06
 2345   -2.536719E-06
 2346   -2.534558E-06
 2347   -2.532399E-06
 2348   -2.530243E-06
 2349   -2.528089E-06
 2350   -2.525939E-06
 2351   -2.136086E-06
 2352   -2.134271E-06
 2353   -2.132457E-06
 2354   -2.130646E-06
 2355   -2.128838E-06
 2356   -2.127031E-06
 2357   -2.125227E-06
 2358   -2.123425E-06
 2359   -2.121626E-06
 2360   -2.119829E-06
 2361   -2.008692E-06
 2362   -2.006992E-06
 2363   -2.005294E-06
 2364   -2.003599E-06
 2365   -2.001905E-06
 2366   -2.000213E-06
 2367   -1.998524E-06
 2368   -1.996837E-06
 2369   -1.995152E-06
 2370   -1.993469E-06
 2371   -1.974151E-06
 2372   -1.972487E-06
 2373   -1.970825E-06
 2374   -1.969165E-06
 2375   -1.967508E-06
 2376   -1.965852E-06
 2377   -1.964199E-06
 2378   -1.962548E-06
 2379   -1.960899E-06
 2380   -1.959251E-06
 2381   -1.930211E-06
 2382   -1.928591E-06
 2383   -1.926973E-06
 2384   -1.925357E-06
 2385   -1.923743E-06
 2386   -1.922131E-06
 2387   -1.920522E-06
 2388   -1.918914E-06
 2389   -1.917308E-06
 2390   -1.915704E-06
 2391   -1.867922E-06
 2392   -1.866361E-06
 2393   -1.864802E-06
 2394   -1.863245E-06
 2395   -1.861689E-06
 2396   -1.860136E-06
 2397   -1.858584E-06
 2398   -1.857035E-06
 2399   -1.855487E-06
 2400   -1.853942E-06
 2401   -1.616702E-06
 2402   -1.615356E-06
 2403   -1.614012E-06
 2404   -1.612670E-06
 2405   -1.611329E-06
 2406   -1.609990E-06
 2407   -1.608653E-06
 2408   -1.607318E-06
 2409   -1.605984E-06
 2410   -1.604652E-06
 2411   -1.544614E-06
 2412   -1.543334E-06
 2413   -1.542055E-06
 2414   -1.540778E-06
 2415   -1.539503E-06
 2416   -1.538229E-06
 2417   -1.536957E-06
 2418   -1.535686E-06
 2419   -1.534417E-06
 2420   -1.533149E-06
 2421   -1.501272E-06
 2422   -1.500033E-06
 2423   -1.498795E-06
 2424   -1.497559E-06
 2425   -1.496324E-06
 2426   -1.495091E-06
 2427   -1.493860E-06
 2428   -1.492630E-06
 2429   -1.491401E-06
 2430   -1.490174E-06
 2431   -1.485775E-06
 2432   -1.484553E-06
 2433   -1.483333E-06
 2434   -1.482115E-06
 2435   -1.480898E-06
 2436   -1.479683E-06
 2437   -1.478469E-06
 2438   -1.477257E-06
 2439   -1.476046E-06
 2440   -1.474836E-06
 2441   -1.408906E-06
 2442   -1.407752E-06
 2443   -1.406600E-06
 2444   -1.405450E-06
 2445   -1.404300E-06
 2446   -1.403153E-06
 2447   -1.402006E-06
 2448   -1.400861E-06
 2449   -1.399718E-06
 2450   -1.398576E-06
 2451   -1.172238E-06
 2452   -1.171282E-06
 2453   -1.170328E-06
 2454   -1.169374E-06
 2455   -1.168422E-06
 2456   -1.167471E-06
 2457   -1.166521E-06
 2458   -1.165572E-06
 2459   -1.164624E-06
 2460   -1.163678E-06
 2461   -1.106289E-06
 2462   -1.105390E-06
 2463   -1.104493E-06
 2464   -1.103597E-06
 2465   -1.102702E-06
 2466   -1.101808E-06
 2467   -1.100915E-06
 2468   -1.100023E-06
 2469   -1.099133E-06
 2470   -1.098243E-06
 2471   -1.062048E-06
 2472   -1.061190E-06
 2473   -1.060332E-06
 2474   -1.059475E-06
 2475   -1.058619E-06
 2476   -1.057764E-06
 2477   -1.056911E-06
 2478   -1.056058E-06
 2479   -1.055206E-06
 2480   -1.054356E-06
 2481   -1.045194E-06
 2482   -1.044352E-06
 2483   -1.043511E-06
 2484   -1.042671E-06
 2485   -1.041832E-06
 2486   -1.040995E-06
 2487   -1.040158E-06
 2488   -1.039322E-06
 2489   -1.038487E-06
 2490   -1.037653E-06
 2491   -9.785304E-07
 2492   -9.777454E-07
 2493   -9.769613E-07
 2494   -9.761782E-07
 2495   -9.753960E-07
 2496   -9.746147E-07
 2497   -9.738344E-07
 2498   -9.730550E-07
 2499   -9.722766E-07
 2500   -9.714991E-07
 2501   -8.308055E-07
 2502   -8.301417E-07
 2503   -8.294786E-07
 2504   -8.288164E-07
 2505   -8.281549E-07
 2506   -8.274942E-07
 2507   -8.268344E-07
 2508   -8.261753E-07
 2509   -8.255170E-07
 2510   -8.248594E-07
 2511   -7.850641E-07
 2512   -7.844393E-07
 2513   -7.838152E-07
 2514   -7.831919E-07
 2515   -7.825693E-07
 2516   -7.819475E-07
 2517   -7.813264E-07
 2518   -7.807061E-07
 2519   -7.800865E-07
 2520   -7.794676E-07
 2521   -7.234248E-07
 2522   -7.228513E-07
 2523   -7.222785E-07
 2524   -7.217064E-07
 2525   -7.211350E-07
 2526   -7.205643E-07
 2527   -7.199942E-07
 2528   -7.194248E-07
 2529   -7.188561E-07
 2530   -7.182880E-07
 2531   -7.245015E-07
 2532   -7.239294E-07
 2533   -7.233581E-07
 2534   -7.227874E-07
 2535   -7.222174E-07
 2536   -7.216480E-07
 2537   -7.210793E-07
 2538   -7.205113E-07
 2539   -7.199440E-07
 2540   -7.193773E-07
 2541   -6.562573E-07
 2542   -6.557412E-07
 2543   -6.552257E-07
 2544   -6.547108E-07
 2545   -6.541965E-07
 2546   -6.536828E-07
 2547   -6.531697E-07
 2548   -6.526572E-07
 2549   -6.521453E-07
 2550   -6.516340E-07
 2551   -5.291667E-07
 2552   -5.287521E-07
 2553   -5.283381E-07
 2554   -5.279245E-07
 2555   -5.275114E-07
 2556   -5.270988E-07
 2557   -5.266867E-07
 2558   -5.262751E-07
 2559   -5.258639E-07
 2560   -5.254532E-07
 2561   -4.649976E-07
 2562   -4.646348E-07
 2563   -4.642723E-07
 2564   -4.639103E-07
 2565   -4.635488E-07
 2566   -4.631876E-07
 2567   -4.628269E-07
 2568   -4.624665E-07
 2569   -4.621066E-07
 2570   -4.617472E-07
 2571   -4.387653E-07
 2572   -4.384242E-07
 2573   -4.380835E-07
 2574   -4.377433E-07
 2575   -4.374034E-07
 2576   -4.370640E-07
 2577   -4.367249E-07
 2578   -4.363862E-07
 2579   -4.360479E-07
 2580   -4.357100E-07
 2581   -4.394336E-07
 2582   -4.390934E-07
 2583   -4.387535E-07
 2584   -4.384140E-07
 2585   -4.380750E-07
 2586   -4.377363E-07
 2587   -4.373980E-07
 2588   -4.370601E-07
 2589   -4.367226E-07
 2590   -4.363855E-07
 2591   -3.917084E-07
 2592   -3.914063E-07
 2593   -3.911045E-07
 2594   -3.908031E-07
 2595   -3.905020E-07
 2596   -3.902013E-07
 2597   -3.899009E-07
 2598   -3.896009E-07
 2599   -3.893012E-07
 2600   -3.890018E-07
 2601   -3.225619E-07
 2602   -3.223141E-07
 2603   -3.220665E-07
 2604   -3.218193E-07
 2605   -3.215723E-07
 2606   -3.213256E-07
 2607   -3.210792E-07
 2608   -3.208330E-07
 2609   -3.205872E-07
 2610   -3.203416E-07
 2611   -2.818246E-07
 2612   -2.816089E-07
 2613   -2.813934E-07
 2614   -2.811782E-07
 2615   -2.809632E-07
 2616   -2.807485E-07
 2617   -2.805340E-07
 2618   -2.803198E-07
 2619   -2.801058E-07
 2620   -2.798921E-07
 2621   -2.718184E-07
 2622   -2.716111E-07
 2623   -2.714041E-07
 2624   -2.711973E-07
 2625   -2.709908E-07
 2626   -2.707845E-07
 2627   -2.705784E-07
 2628   -2.703726E-07
 2629   -2.701669E-07
 2630   -2.699616E-07
 2631   -2.664713E-07
 2632   -2.662689E-07
 2633   -2.660668E-07
 2634   -2.658648E-07
 2635   -2.656631E-07
 2636   -2.654616E-07
 2637   -2.652603E-07
 2638   -2.650593E-07
 2639   -2.648585E-07
 2640   -2.646579E-07
 2641   -2.340314E-07
 2642   -2.338543E-07
 2643   -2.336774E-07
 2644   -2.335007E-07
 2645   -2.333242E-07
 2646   -2.331479E-07
 2647   -2.329718E-07
 2648   -2.327959E-07
 2649   -2.326202E-07
 2650   -2.324447E-07
 2651   -1.900461E-07
 2652   -1.899028E-07
 2653   -1.897597E-07
 2654   -1.896168E-07
 2655   -1.894740E-07
 2656   -1.893313E-07
 2657   -1.891889E-07
 2658   -1.890466E-07
 2659   -1.889044E-07
 2660   -1.887625E-07
 2661   -1.613347E-07
 2662   -1.612136E-07
 2663   -1.610925E-07
 2664   -1.609716E-07
 2665   -1.608509E-07
 2666   -1.607302E-07
 2667   -1.606098E-07
 2668   -1.604894E-07
 2669   -1.603692E-07
 2670   -1.602491E-07
 2671   -1.537729E-07
 2672   -1.536578E-07
 2673   -1.535429E-07
 2674   -1.534281E-07
 2675   -1.533134E-07
 2676   -1.531989E-07
 2677   -1.530845E-07
 2678   -1.529702E-07
 2679   -1.528561E-07
 2680   -1.527420E-07
 2681   -1.499998E-07
 2682   -1.498879E-07
 2683   -1.497763E-07
 2684   -1.496647E-07
 2685   -1.495532E-07
 2686   -1.494419E-07
 2687   -1.493307E-07
 2688   -1.492197E-07
 2689   -1.491087E-07
 2690   -1.489979E-07
 2691   -1.366558E-07
 2692   -1.365543E-07
 2693   -1.364529E-07
 2694   -1.363517E-07
 2695   -1.362505E-07
 2696   -1.361495E-07
 2697   -1.360486E-07
 2698   -1.359477E-07
 2699   -1.358470E-07
 2700   -1.357465E-07
 2701   -1.161379E-07
 2702   -1.160519E-07
 2703   -1.159661E-07
 2704   -1.158803E-07
 2705   -1.157947E-07
 2706   -1.157091E-07
 2707   -1.156237E-07
 2708   -1.155383E-07
 2709   -1.154531E-07
 2710   -1.153679E-07
 2711   -1.045529E-07
 2712   -1.044758E-07
 2713   -1.043988E-07
 2714   -1.043219E-07
 2715   -1.042451E-07
 2716   -1.041683E-07
 2717   -1.040917E-07
 2718   -1.040151E-07
 2719   -1.039386E-07
 2720   -1.038622E-07
 2721   -1.013118E-07
 2722   -1.012374E-07
 2723   -1.011630E-07
 2724   -1.010888E-07
 2725   -1.010146E-07
 2726   -1.009405E-07
 2727   -1.008665E-07
 2728   -1.007926E-07
 2729   -1.007188E-07
 2730   -1.006450E-07
 2731   -9.837347E-08
 2732   -9.830148E-08
 2733   -9.822957E-08
 2734   -9.815773E-08
 2735   -9.808598E-08
 2736   -9.801431E-08
 2737   -9.794271E-08
 2738   -9.787120E-08
 2739   -9.779976E-08
 2740   -9.772840E-08
 2741   -9.385422E-08
 2742   -9.378579E-08
 2743   -9.371743E-08
 2744   -9.364915E-08
 2745   -9.358094E-08
 2746   -9.351281E-08
 2747   -9.344475E-08
 2748   -9.337677E-08
 2749   -9.330886E-08
 2750   -9.324102E-08
 2751   -8.863982E-08
 2752   -8.857543E-08
 2753   -8.851110E-08
 2754   -8.844685E-08
 2755   -8.838266E-08
 2756   -8.831855E-08
 2757   -8.825450E-08
 2758   -8.819053E-08
 2759   -8.812662E-08
 2760   -8.806278E-08
 2761   -8.274799E-08
 2762   -8.268809E-08
 2763   -8.262826E-08
 2764   -8.256849E-08
 2765   -8.250879E-08
 2766   -8.244915E-08
 2767   -8.238958E-08
 2768   -8.233007E-08
 2769   -8.227063E-08
 2770   -8.221125E-08
 2771   -8.388628E-08
 2772   -8.382577E-08
 2773   -8.376534E-08
 2774   -8.370497E-08
 2775   -8.364466E-08
 2776   -8.358442E-08
 2777   -8.352424E-08
 2778   -8.346413E-08
 2779   -8.340409E-08
 2780   -8.334410E-08
 2781   -8.135535E-08
 2782   -8.129688E-08
 2783   -8.123848E-08
 2784   -8.118014E-08
 2785   -8.112186E-08
 2786   -8.106365E-08
 2787   -8.100550E-08
 2788   -8.094741E-08
 2789   -8.088938E-08
 2790   -8.083142E-08
 2791   -8.268457E-08
 2792   -8.262536E-08
 2793   -8.256621E-08
 2794   -8.250713E-08
 2795   -8.244811E-08
 2796   -8.238916E-08
 2797   -8.233027E-08
 2798   -8.227144E-08
 2799   -8.221268E-08
 2800   -8.215397E-08
 2801   -8.542022E-08
 2802   -8.535927E-08
 2803   -8.529838E-08
 2804   -8.523756E-08
 2805   -8.517681E-08
 2806   -8.511612E-08
 2807   -8.505550E-08
 2808   -8.499494E-08
 2809   -8.493444E-08
 2810   -8.487401E-08
 2811   -8.412460E-08
 2812   -8.406478E-08
 2813   -8.400504E-08
 2814   -8.394535E-08
 2815   -8.388573E-08
 2816   -8.382618E-08
 2817   -8.376668E-08
 2818   -8.370725E-08
 2819   -8.364789E-08
 2820   -8.358858E-08
 2821   -8.717359E-08
 2822   -8.711183E-08
 2823   -8.705014E-08
 2824   -8.698851E-08
 2825   -8.692695E-08
 2826   -8.686545E-08
 2827   -8.680402E-08
 2828   -8.674265E-08
 2829   -8.668135E-08
 2830   -8.662011E-08
 2831   -8.497168E-08
 2832   -8.491170E-08
 2833   -8.485177E-08
 2834   -8.479191E-08
 2835   -8.473211E-08
 2836   -8.467238E-08
 2837   -8.461271E-08
 2838   -8.455310E-08
 2839   -8.449356E-08
 2840   -8.443408E-08
 2841   -8.997563E-08
 2842   -8.991233E-08
 2843   -8.984910E-08
 2844   -8.978594E-08
 2845   -8.972284E-08
 2846   -8.965981E-08
 2847   -8.959685E-08
 2848   -8.953395E-08
 2849   -8.947112E-08
 2850   -8.940835E-08
 2851   -9.725107E-08
 2852   -9.718289E-08
 2853   -9.711479E-08
 2854   -9.704676E-08
 2855   -9.697880E-08
 2856   -9.691091E-08
 2857   -9.684309E-08
 2858   -9.677535E-08
 2859   -9.670767E-08
 2860   -9.664007E-08
 2861   -9.826926E-08
 2862   -9.820061E-08
 2863   -9.813204E-08
 2864   -9.806354E-08
 2865   -9.799510E-08
 2866   -9.792674E-08
 2867   -9.785845E-08
 2868   -9.779023E-08
 2869   -9.772209E-08
 2870   -9.765401E-08
 2871   -1.031699E-07
 2872   -1.030981E-07
 2873   -1.030263E-07
 2874   -1.029547E-07
 2875   -1.028831E-07
 2876   -1.028115E-07
 2877   -1.027401E-07
 2878   -1.026687E-07
 2879   -1.025974E-07
 2880   -1.025262E-07
 2881   -1.016914E-07
 2882   -1.016208E-07
 2883   -1.015503E-07
 2884   -1.014799E-07
 2885   -1.014096E-07
 2886   -1.013394E-07
 2887   -1.012692E-07
 2888   -1.011991E-07
 2889   -1.011290E-07
 2890   -1.010591E-07
 2891   -1.076257E-07
 2892   -1.075513E-07
 2893   -1.074769E-07
 2894   -1.074027E-07
 2895   -1.073285E-07
 2896   -1.072544E-07
 2897   -1.071804E-07
 2898   -1.071065E-07
 2899   -1.070326E-07
 2900   -1.069588E-07
 2901   -1.148264E-07
 2902   -1.147473E-07
 2903   -1.146682E-07
 2904   -1.145893E-07
 2905   -1.145104E-07
 2906   -1.144316E-07
 2907   -1.143529E-07
 2908   -1.142743E-07
 2909   -1.141958E-07
 2910   -1.141173E-07
 2911   -1.168205E-07
 2912   -1.167403E-07
 2913   -1.166602E-07
 2914   -1.165801E-07
 2915   -1.165002E-07
 2916   -1.164203E-07
 2917   -1.163405E-07
 2918   -1.162608E-07
 2919   -1.161812E-07
 2920   -1.161016E-07
 2921   -1.230522E-07
 2922   -1.229680E-07
 2923   -1.228839E-07
 2924   -1.227998E-07
 2925   -1.227159E-07
 2926   -1.226320E-07
 2927   -1.225483E-07
 2928   -1.224646E-07
 2929   -1.223810E-07
 2930   -1.222975E-07
 2931   -1.195726E-07
 2932   -1.194910E-07
 2933   -1.194096E-07
 2934   -1.193282E-07
 2935   -1.192469E-07
 2936   -1.191657E-07
 2937   -1.190846E-07
 2938   -1.190036E-07
 2939   -1.189226E-07
 2940   -1.188417E-07
 2941   -1.267884E-07
 2942   -1.267023E-07
 2943   -1.266162E-07
 2944   -1.265302E-07
 2945   -1.264443E-07
 2946   -1.263585E-07
 2947   -1.262728E-07
 2948   -1.261871E-07
 2949   -1.261016E-07
 2950   -1.260161E-07
 2951   -1.317017E-07
 2952   -1.316125E-07
 2953   -1.315234E-07
 2954   -1.314343E-07
 2955   -1.313454E-07
 2956   -1.312566E-07
 2957   -1.311678E-07
 2958   -1.310792E-07
 2959   -1.309906E-07
 2960   -1.309021E-07
 2961   -1.350954E-07
 2962   -1.350042E-07
 2963   -1.349132E-07
 2964   -1.348221E-07
 2965   -1.347312E-07
 2966   -1.346404E-07
 2967   -1.345497E-07
 2968   -1.344591E-07
 2969   -1.343685E-07
 2970   -1.342781E-07
 2971   -1.393863E-07
 2972   -1.392925E-07
 2973   -1.391988E-07
 2974   -1.391053E-07
 2975   -1.390118E-07
 2976   -1.389184E-07
 2977   -1.388251E-07
 2978   -1.387319E-07
 2979   -1.386388E-07
 2980   -1.385458E-07
 2981   -1.365148E-07
 2982   -1.364233E-07
 2983   -1.363318E-07
 2984   -1.362405E-07
 2985   -1.361492E-07
 2986   -1.360581E-07
 2987   -1.359670E-07
 2988   -1.358760E-07
 2989   -1.357851E-07
 2990   -1.356943E-07
 2991   -1.419907E-07
 2992   -1.418958E-07
 2993   -1.418010E-07
 2994   -1.417063E-07
 2995   -1.416117E-07
 2996   -1.415172E-07
 2997   -1.414228E-07
 2998   -1.413285E-07
 2999   -1.412343E-07
 3000   -1.411401E-07
 3001   -1.442812E-07
 3002   -1.441851E-07
 3003   -1.440891E-07
 3004   -1.439932E-07
 3005   -1.438974E-07
 3006   -1.438017E-07
 3007   -1.437061E-07
 3008   -1.436105E-07
 3009   -1.435151E-07
 3010   -1.434198E-07
 3011   -1.449841E-07
 3012   -1.448878E-07
 3013   -1.447917E-07
 3014   -1.446956E-07
 3015   -1.445997E-07
 3016   -1.445038E-07
 3017   -1.444081E-07
 3018   -1.443124E-07
 3019   -1.442168E-07
 3020   -1.441213E-07
 3021   -1.494455E-07
 3022   -1.493467E-07
 3023   -1.492479E-07
 3024   -1.491492E-07
 3025   -1.490506E-07
 3026   -1.489522E-07
 3027   -1.488538E-07
 3028   -1.487555E-07
 3029   -1.486573E-07
 3030   -1.485592E-07
 3031   -1.461288E-07
 3032   -1.460324E-07
 3033   -1.459362E-07
 3034   -1.458400E-07
 3035   -1.457439E-07
 3036   -1.456479E-07
 3037   -1.455521E-07
 3038   -1.454563E-07
 3039   -1.453606E-07
 3040   -1.452650E-07
 3041   -1.534327E-07
 3042   -1.533319E-07
 3043   -1.532311E-07
 3044   -1.531305E-07
 3045   -1.530299E-07
 3046   -1.529295E-07
 3047   -1.528291E-07
 3048   -1.527289E-07
 3049   -1.526287E-07
 3050   -1.525287E-07
 3051   -1.596993E-07
 3052   -1.595947E-07
 3053   -1.594902E-07
 3054   -1.593858E-07
 3055   -1.592815E-07
 3056   -1.591773E-07
 3057   -1.590732E-07
 3058   -1.589692E-07
 3059   -1.588653E-07
 3060   -1.587615E-07
 3061   -1.622618E-07
 3062   -1.621559E-07
 3063   -1.620500E-07
 3064   -1.619443E-07
 3065   -1.618387E-07
 3066   -1.617331E-07
 3067   -1.616277E-07
 3068   -1.615224E-07
 3069   -1.614171E-07
 3070   -1.613120E-07
 3071   -1.625573E-07
 3072   -1.624515E-07
 3073   -1.623458E-07
 3074   -1.622402E-07
 3075   -1.621347E-07
 3076   -1.620294E-07
 3077   -1.619241E-07
 3078   -1.618189E-07
 3079   -1.617138E-07
 3080   -1.616088E-07
 3081   -1.470537E-07
 3082   -1.469583E-07
 3083   -1.468630E-07
 3084   -1.467678E-07
 3085   -1.466726E-07
 3086   -1.465776E-07
 3087   -1.464827E-07
 3088   -1.463878E-07
 3089   -1.462931E-07
 3090   -1.461984E-07
 3091   -1.137026E-07
 3092   -1.136290E-07
 3093   -1.135556E-07
 3094   -1.134822E-07
 3095   -1.134089E-07
 3096   -1.133357E-07
 3097   -1.132625E-07
 3098   -1.131894E-07
 3099   -1.131164E-07
 3100   -1.130434E-07
 3101   -4.771789E-08
 3102   -4.768713E-08
 3103   -4.765640E-08
 3104   -4.762571E-08
 3105   -4.759504E-08
 3106   -4.756440E-08
 3107   -4.753380E-08
 3108   -4.750322E-08
 3109   -4.747267E-08
 3110   -4.744215E-08
 3111   -1.065342E-08
 3112   -1.064658E-08
 3113   -1.063974E-08
 3114   -1.063291E-08
 3115   -1.062608E-08
 3116   -1.061926E-08
 3117   -1.061245E-08
 3118   -1.060565E-08
 3119   -1.059885E-08
 3120   -1.059206E-08
 3121    7.068111E-10
 3122    7.063584E-10
 3123    7.059062E-10
 3124    7.054545E-10
 3125    7.050031E-10
 3126    7.045522E-10
 3127    7.041017E-10
 3128    7.036517E-10
 3129    7.032020E-10
 3130    7.027529E-10
 3131    3.229995E-09
 3132    3.227934E-09
 3133    3.225874E-09
 3134    3.223816E-09
 3135    3.221760E-09
 3136    3.219706E-09
 3137    3.217654E-09
 3138    3.215603E-09
 3139    3.213555E-09
 3140    3.211509E-09
 3141    4.855673E-09
 3142    4.852583E-09
 3143    4.849496E-09
 3144    4.846412E-09
 3145    4.843331E-09
 3146    4.840253E-09
 3147    4.837178E-09
 3148    4.834106E-09
 3149    4.831037E-09
 3150    4.827970E-09
 3151    6.229425E-09
 3152    6.225474E-09
 3153    6.221526E-09
 3154    6.217582E-09
 3155    6.213642E-09
 3156    6.209705E-09
 3157    6.205773E-09
 3158    6.201844E-09
 3159    6.197919E-09
 3160    6.193997E-09
 3161    6.705753E-09
 3162    6.701513E-09
 3163    6.697277E-09
 3164    6.693045E-09
 3165    6.688817E-09
 3166    6.684593E-09
 3167    6.680372E-09
 3168    6.676156E-09
 3169    6.671944E-09
 3170    6.667736E-09
 3171    6.893802E-09
 3172    6.889457E-09
 3173    6.885116E-09
 3174    6.880779E-09
 3175    6.876446E-09
 3176    6.872117E-09
 3177    6.867792E-09
 3178    6.863471E-09
 3179    6.859155E-09
 3180    6.854842E-09
 3181    7.065084E-09
 3182    7.060644E-09
 3183    7.056209E-09
 3184    7.051778E-09
 3185    7.047352E-09
 3186    7.042929E-09
 3187    7.038511E-09
 3188    7.034096E-09
 3189    7.029686E-09
 3190    7.025280E-09
 3191    7.144157E-09
 3192    7.139683E-09
 3193    7.135212E-09
 3194    7.130745E-09
 3195    7.126283E-09
 3196    7.121825E-09
 3197    7.117371E-09
 3198    7.112921E-09
 3199    7.108476E-09
 3200    7.104034E-09
 3201    6.911087E-09
 3202    6.906772E-09
 3203    6.902460E-09
 3204    6.898153E-09
 3205    6.893850E-09
 3206    6.889551E-09
 3207    6.885255E-09
 3208    6.880964E-09
 3209    6.876677E-09
 3210    6.872394E-09
 3211    6.891458E-09
 3212    6.887168E-09
 3213    6.882882E-09
 3214    6.878601E-09
 3215    6.874323E-09
 3216    6.870049E-09
 3217    6.865779E-09
 3218    6.861514E-09
 3219    6.857252E-09
 3220    6.852994E-09
 3221    6.817036E-09
 3222    6.812805E-09
 3223    6.808579E-09
 3224    6.804357E-09
 3225    6.800138E-09
 3226    6.795924E-09
 3227    6.791713E-09
 3228    6.787506E-09
 3229    6.783304E-09
 3230    6.779105E-09
 3231    6.601583E-09
 3232    6.597499E-09
 3233    6.593419E-09
 3234    6.589342E-09
 3235    6.585270E-09
 3236    6.581201E-09
 3237    6.577136E-09
 3238    6.573075E-09
 3239    6.569017E-09
 3240    6.564964E-09
 3241    6.335485E-09
 3242    6.331578E-09
 3243    6.327674E-09
 3244    6.323774E-09
 3245    6.319878E-09
 3246    6.315985E-09
 3247    6.312096E-09
 3248    6.308210E-09
 3249    6.304328E-09
 3250    6.300450E-09
 3251    6.104205E-09
 3252    6.100452E-09
 3253    6.096702E-09
 3254    6.092956E-09
 3255    6.089213E-09
 3256    6.085474E-09
 3257    6.081739E-09
 3258    6.078006E-09
 3259    6.074277E-09
 3260    6.070552E-09
 3261    5.986148E-09
 3262    5.982479E-09
 3263    5.978814E-09
 3264    5.975151E-09
 3265    5.971492E-09
 3266    5.967837E-09
 3267    5.964184E-09
 3268    5.960535E-09
 3269    5.956890E-09
 3270    5.953248E-09
 3271    5.620938E-09
 3272    5.617503E-09
 3273    5.614072E-09
 3274    5.610643E-09
 3275    5.607218E-09
 3276    5.603796E-09
 3277    5.600377E-09
 3278    5.596961E-09
 3279    5.593548E-09
 3280    5.590139E-09
 3281    5.559324E-09
 3282    5.555937E-09
 3283    5.552553E-09
 3284    5.549173E-09
 3285    5.545795E-09
 3286    5.542421E-09
 3287    5.539050E-09
 3288    5.535681E-09
 3289    5.532316E-09
 3290    5.528954E-09
 3291    5.191876E-09
 3292    5.188723E-09
 3293    5.185572E-09
 3294    5.182425E-09
 3295    5.179280E-09
 3296    5.176138E-09
 3297    5.172999E-09
 3298    5.169863E-09
 3299    5.166730E-09
 3300    5.163600E-09
