   50    0.000000E+00
   51    0.000000E+00
   52    0.000000E+00
   53    0.000000E+00
   54    0.000000E+00
   55    0.000000E+00
   56    0.000000E+00
   57    0.000000E+00
   58    0.000000E+00
   59    0.000000E+00
   60    0.000000E+00
   61    0.000000E+00
   62    0.000000E+00
   63    0.000000E+00
   64    0.000000E+00
   65    0.000000E+00
   66    0.000000E+00
   67    0.000000E+00
   68    0.000000E+00
   69    0.000000E+00
   70    0.000000E+00
   71    0.000000E+00
   72    0.000000E+00
   73    0.000000E+00
   74    0.000000E+00
   75    0.000000E+00
   76    0.000000E+00
   77    0.000000E+00
   78    0.000000E+00
   79    0.000000E+00
   80    0.000000E+00
   81    0.000000E+00
   82    0.000000E+00
   83    0.000000E+00
   84    0.000000E+00
   85    0.000000E+00
   86    0.000000E+00
   87    0.000000E+00
   88    0.000000E+00
   89    0.000000E+00
   90    0.000000E+00
   91    0.000000E+00
   92    0.000000E+00
   93    0.000000E+00
   94    0.000000E+00
   95    0.000000E+00
   96    0.000000E+00
   97    0.000000E+00
   98    0.000000E+00
   99    0.000000E+00
  100    0.000000E+00
  101    0.000000E+00
  102    0.000000E+00
  103    0.000000E+00
  104    0.000000E+00
  105    0.000000E+00
  106    0.000000E+00
  107    0.000000E+00
  108    0.000000E+00
  109    0.000000E+00
  110    0.000000E+00
  111    0.000000E+00
  112    0.000000E+00
  113    0.000000E+00
  114    0.000000E+00
  115    0.000000E+00
  116    0.000000E+00
  117    0.000000E+00
  118    0.000000E+00
  119    0.000000E+00
  120    0.000000E+00
  121    0.000000E+00
  122    0.000000E+00
  123    0.000000E+00
  124    0.000000E+00
  125    0.000000E+00
  126    0.000000E+00
  127    0.000000E+00
  128    0.000000E+00
  129    0.000000E+00
  130    0.000000E+00
  131    0.000000E+00
  132    0.000000E+00
  133    0.000000E+00
  134    0.000000E+00
  135    0.000000E+00
  136    0.000000E+00
  137    0.000000E+00
  138    0.000000E+00
  139    0.000000E+00
  140    0.000000E+00
  141    0.000000E+00
  142    0.000000E+00
  143    0.000000E+00
  144    0.000000E+00
  145    0.000000E+00
  146    0.000000E+00
  147    0.000000E+00
  148    0.000000E+00
  149    0.000000E+00
  150    0.000000E+00
  151    0.000000E+00
  152    0.000000E+00
  153    0.000000E+00
  154    0.000000E+00
  155    0.000000E+00
  156    0.000000E+00
  157    0.000000E+00
  158    0.000000E+00
  159    0.000000E+00
  160    0.000000E+00
  161    0.000000E+00
  162    0.000000E+00
  163    0.000000E+00
  164    0.000000E+00
  165    0.000000E+00
  166    0.000000E+00
  167    0.000000E+00
  168    0.000000E+00
  169    0.000000E+00
  170    0.000000E+00
  171    0.000000E+00
  172    0.000000E+00
  173    0.000000E+00
  174    0.000000E+00
  175    0.000000E+00
  176    0.000000E+00
  177    0.000000E+00
  178    0.000000E+00
  179    0.000000E+00
  180    0.000000E+00
  181    1.223332E-11
  182    1.209962E-11
  183    1.196810E-11
  184    1.183872E-11
  185    1.171142E-11
  186    1.158617E-11
  187    1.146291E-11
  188    1.134161E-11
  189    1.122222E-11
  190    1.110471E-11
  191    2.830661E-11
  192    2.801327E-11
  193    2.772448E-11
  194    2.744012E-11
  195    2.716012E-11
  196    2.688439E-11
  197    2.661283E-11
  198    2.634536E-11
  199    2.608191E-11
  200    2.582239E-11
  201    5.460978E-10
  202    5.407175E-10
  203    5.354163E-10
  204    5.301928E-10
  205    5.250453E-10
  206    5.199724E-10
  207    5.149726E-10
  208    5.100447E-10
  209    5.051871E-10
  210    5.003986E-10
  211    7.773873E-10
  212    7.700879E-10
  213    7.628908E-10
  214    7.557941E-10
  215    7.487960E-10
  216    7.418947E-10
  217    7.350883E-10
  218    7.283752E-10
  219    7.217536E-10
  220    7.152219E-10
  221    1.385362E-09
  222    1.372937E-09
  223    1.360679E-09
  224    1.348584E-09
  225    1.336649E-09
  226    1.324873E-09
  227    1.313251E-09
  228    1.301781E-09
  229    1.290462E-09
  230    1.279289E-09
  231    3.207433E-09
  232    3.179902E-09
  233    3.152723E-09
  234    3.125891E-09
  235    3.099401E-09
  236    3.073245E-09
  237    3.047420E-09
  238    3.021918E-09
  239    2.996736E-09
  240    2.971867E-09
  241    3.094377E-09
  242    3.068909E-09
  243    3.043754E-09
  244    3.018907E-09
  245    2.994363E-09
  246    2.970117E-09
  247    2.946164E-09
  248    2.922500E-09
  249    2.899120E-09
  250    2.876020E-09
  251    6.820144E-09
  252    6.766230E-09
  253    6.712953E-09
  254    6.660302E-09
  255    6.608269E-09
  256    6.556842E-09
  257    6.506014E-09
  258    6.455775E-09
  259    6.406115E-09
  260    6.357026E-09
  261    7.559538E-09
  262    7.502051E-09
  263    7.445217E-09
  264    7.389027E-09
  265    7.333470E-09
  266    7.278538E-09
  267    7.224220E-09
  268    7.170508E-09
  269    7.117394E-09
  270    7.064867E-09
  271    1.062582E-08
  272    1.054798E-08
  273    1.047099E-08
  274    1.039483E-08
  275    1.031951E-08
  276    1.024500E-08
  277    1.017129E-08
  278    1.009838E-08
  279    1.002625E-08
  280    9.954888E-09
  281    1.309362E-08
  282    1.300108E-08
  283    1.290952E-08
  284    1.281893E-08
  285    1.272929E-08
  286    1.264058E-08
  287    1.255280E-08
  288    1.246593E-08
  289    1.237996E-08
  290    1.229487E-08
  291    1.721127E-08
  292    1.709379E-08
  293    1.697750E-08
  294    1.686240E-08
  295    1.674846E-08
  296    1.663568E-08
  297    1.652403E-08
  298    1.641350E-08
  299    1.630408E-08
  300    1.619575E-08
  301    2.287620E-08
  302    2.272520E-08
  303    2.257569E-08
  304    2.242766E-08
  305    2.228107E-08
  306    2.213592E-08
  307    2.199218E-08
  308    2.184983E-08
  309    2.170887E-08
  310    2.156926E-08
  311    2.773876E-08
  312    2.756152E-08
  313    2.738597E-08
  314    2.721209E-08
  315    2.703986E-08
  316    2.686926E-08
  317    2.670027E-08
  318    2.653287E-08
  319    2.636704E-08
  320    2.620276E-08
  321    3.504339E-08
  322    3.482641E-08
  323    3.461143E-08
  324    3.439844E-08
  325    3.418740E-08
  326    3.397830E-08
  327    3.377112E-08
  328    3.356582E-08
  329    3.336239E-08
  330    3.316081E-08
  331    4.390602E-08
  332    4.364232E-08
  333    4.338099E-08
  334    4.312200E-08
  335    4.286532E-08
  336    4.261093E-08
  337    4.235879E-08
  338    4.210889E-08
  339    4.186119E-08
  340    4.161567E-08
  341    5.255231E-08
  342    5.224589E-08
  343    5.194213E-08
  344    5.164102E-08
  345    5.134252E-08
  346    5.104659E-08
  347    5.075322E-08
  348    5.046237E-08
  349    5.017402E-08
  350    4.988812E-08
  351    5.933568E-08
  352    5.899950E-08
  353    5.866617E-08
  354    5.833565E-08
  355    5.800793E-08
  356    5.768295E-08
  357    5.736070E-08
  358    5.704114E-08
  359    5.672425E-08
  360    5.640998E-08
  361    7.743806E-08
  362    7.701140E-08
  363    7.658826E-08
  364    7.616860E-08
  365    7.575238E-08
  366    7.533956E-08
  367    7.493011E-08
  368    7.452398E-08
  369    7.412115E-08
  370    7.372157E-08
  371    8.455104E-08
  372    8.409768E-08
  373    8.364796E-08
  374    8.320184E-08
  375    8.275928E-08
  376    8.232023E-08
  377    8.188468E-08
  378    8.145257E-08
  379    8.102387E-08
  380    8.059855E-08
  381    1.055293E-07
  382    1.049782E-07
  383    1.044314E-07
  384    1.038889E-07
  385    1.033506E-07
  386    1.028165E-07
  387    1.022865E-07
  388    1.017607E-07
  389    1.012388E-07
  390    1.007210E-07
  391    1.289173E-07
  392    1.282612E-07
  393    1.276102E-07
  394    1.269640E-07
  395    1.263228E-07
  396    1.256864E-07
  397    1.250548E-07
  398    1.244280E-07
  399    1.238059E-07
  400    1.231884E-07
  401    1.358496E-07
  402    1.351754E-07
  403    1.345062E-07
  404    1.338420E-07
  405    1.331827E-07
  406    1.325282E-07
  407    1.318786E-07
  408    1.312337E-07
  409    1.305935E-07
  410    1.299580E-07
  411    1.809107E-07
  412    1.800346E-07
  413    1.791649E-07
  414    1.783014E-07
  415    1.774442E-07
  416    1.765931E-07
  417    1.757482E-07
  418    1.749093E-07
  419    1.740764E-07
  420    1.732494E-07
  421    1.842215E-07
  422    1.833504E-07
  423    1.824856E-07
  424    1.816268E-07
  425    1.807741E-07
  426    1.799274E-07
  427    1.790866E-07
  428    1.782517E-07
  429    1.774226E-07
  430    1.765993E-07
  431    2.382390E-07
  432    2.371386E-07
  433    2.360458E-07
  434    2.349605E-07
  435    2.338827E-07
  436    2.328123E-07
  437    2.317493E-07
  438    2.306935E-07
  439    2.296449E-07
  440    2.286034E-07
  441    2.594236E-07
  442    2.582524E-07
  443    2.570891E-07
  444    2.559336E-07
  445    2.547859E-07
  446    2.536459E-07
  447    2.525136E-07
  448    2.513888E-07
  449    2.502715E-07
  450    2.491617E-07
  451    2.797712E-07
  452    2.785360E-07
  453    2.773090E-07
  454    2.760901E-07
  455    2.748791E-07
  456    2.736762E-07
  457    2.724811E-07
  458    2.712938E-07
  459    2.701143E-07
  460    2.689424E-07
  461    3.346464E-07
  462    3.332008E-07
  463    3.317646E-07
  464    3.303377E-07
  465    3.289199E-07
  466    3.275113E-07
  467    3.261117E-07
  468    3.247210E-07
  469    3.233392E-07
  470    3.219662E-07
  471    3.447702E-07
  472    3.433124E-07
  473    3.418638E-07
  474    3.404244E-07
  475    3.389940E-07
  476    3.375727E-07
  477    3.361602E-07
  478    3.347567E-07
  479    3.333618E-07
  480    3.319757E-07
  481    4.424542E-07
  482    4.406221E-07
  483    4.388013E-07
  484    4.369918E-07
  485    4.351935E-07
  486    4.334063E-07
  487    4.316300E-07
  488    4.298646E-07
  489    4.281101E-07
  490    4.263663E-07
  491    4.442044E-07
  492    4.424024E-07
  493    4.406113E-07
  494    4.388310E-07
  495    4.370615E-07
  496    4.353027E-07
  497    4.335545E-07
  498    4.318168E-07
  499    4.300896E-07
  500    4.283727E-07
  501    5.112397E-07
  502    5.092069E-07
  503    5.071863E-07
  504    5.051776E-07
  505    5.031809E-07
  506    5.011959E-07
  507    4.992227E-07
  508    4.972611E-07
  509    4.953111E-07
  510    4.933725E-07
  511    6.003175E-07
  512    5.979771E-07
  513    5.956504E-07
  514    5.933371E-07
  515    5.910374E-07
  516    5.887510E-07
  517    5.864778E-07
  518    5.842178E-07
  519    5.819708E-07
  520    5.797367E-07
  521    6.248358E-07
  522    6.224464E-07
  523    6.200707E-07
  524    6.177085E-07
  525    6.153598E-07
  526    6.130245E-07
  527    6.107024E-07
  528    6.083935E-07
  529    6.060977E-07
  530    6.038148E-07
  531    7.553444E-07
  532    7.525101E-07
  533    7.496917E-07
  534    7.468892E-07
  535    7.441023E-07
  536    7.413309E-07
  537    7.385750E-07
  538    7.358345E-07
  539    7.331092E-07
  540    7.303990E-07
  541    7.539344E-07
  542    7.511575E-07
  543    7.483959E-07
  544    7.456495E-07
  545    7.429182E-07
  546    7.402018E-07
  547    7.375004E-07
  548    7.348137E-07
  549    7.321416E-07
  550    7.294841E-07
  551    8.893570E-07
  552    8.861405E-07
  553    8.829415E-07
  554    8.797597E-07
  555    8.765951E-07
  556    8.734475E-07
  557    8.703169E-07
  558    8.672031E-07
  559    8.641059E-07
  560    8.610253E-07
  561    9.423341E-07
  562    9.389865E-07
  563    9.356568E-07
  564    9.323447E-07
  565    9.290502E-07
  566    9.257732E-07
  567    9.225134E-07
  568    9.192708E-07
  569    9.160453E-07
  570    9.128367E-07
  571    9.988498E-07
  572    9.953634E-07
  573    9.918952E-07
  574    9.884452E-07
  575    9.850131E-07
  576    9.815988E-07
  577    9.782023E-07
  578    9.748233E-07
  579    9.714619E-07
  580    9.681178E-07
  581    1.132675E-06
  582    1.128789E-06
  583    1.124924E-06
  584    1.121078E-06
  585    1.117251E-06
  586    1.113445E-06
  587    1.109658E-06
  588    1.105890E-06
  589    1.102141E-06
  590    1.098411E-06
  591    1.227347E-06
  592    1.223208E-06
  593    1.219089E-06
  594    1.214991E-06
  595    1.210914E-06
  596    1.206858E-06
  597    1.202821E-06
  598    1.198805E-06
  599    1.194809E-06
  600    1.190833E-06
  601    1.375931E-06
  602    1.371367E-06
  603    1.366826E-06
  604    1.362308E-06
  605    1.357812E-06
  606    1.353338E-06
  607    1.348886E-06
  608    1.344456E-06
  609    1.340048E-06
  610    1.335662E-06
  611    1.446576E-06
  612    1.441856E-06
  613    1.437160E-06
  614    1.432486E-06
  615    1.427835E-06
  616    1.423207E-06
  617    1.418601E-06
  618    1.414018E-06
  619    1.409456E-06
  620    1.404917E-06
  621    1.686178E-06
  622    1.680765E-06
  623    1.675378E-06
  624    1.670017E-06
  625    1.664681E-06
  626    1.659371E-06
  627    1.654087E-06
  628    1.648827E-06
  629    1.643593E-06
  630    1.638383E-06
  631    1.766284E-06
  632    1.760703E-06
  633    1.755149E-06
  634    1.749621E-06
  635    1.744119E-06
  636    1.738643E-06
  637    1.733193E-06
  638    1.727768E-06
  639    1.722369E-06
  640    1.716995E-06
  641    1.867705E-06
  642    1.861896E-06
  643    1.856113E-06
  644    1.850358E-06
  645    1.844629E-06
  646    1.838927E-06
  647    1.833252E-06
  648    1.827602E-06
  649    1.821979E-06
  650    1.816381E-06
  651    2.020032E-06
  652    2.013845E-06
  653    2.007687E-06
  654    2.001556E-06
  655    1.995454E-06
  656    1.989380E-06
  657    1.983333E-06
  658    1.977314E-06
  659    1.971322E-06
  660    1.965357E-06
  661    2.052282E-06
  662    2.046091E-06
  663    2.039928E-06
  664    2.033793E-06
  665    2.027685E-06
  666    2.021605E-06
  667    2.015552E-06
  668    2.009527E-06
  669    2.003528E-06
  670    1.997556E-06
  671    2.294389E-06
  672    2.287571E-06
  673    2.280783E-06
  674    2.274025E-06
  675    2.267297E-06
  676    2.260599E-06
  677    2.253931E-06
  678    2.247292E-06
  679    2.240682E-06
  680    2.234101E-06
  681    2.366520E-06
  682    2.359590E-06
  683    2.352691E-06
  684    2.345822E-06
  685    2.338983E-06
  686    2.332174E-06
  687    2.325394E-06
  688    2.318644E-06
  689    2.311923E-06
  690    2.305232E-06
  691    2.552631E-06
  692    2.545264E-06
  693    2.537929E-06
  694    2.530625E-06
  695    2.523354E-06
  696    2.516113E-06
  697    2.508903E-06
  698    2.501725E-06
  699    2.494577E-06
  700    2.487460E-06
  701    2.708585E-06
  702    2.700879E-06
  703    2.693206E-06
  704    2.685566E-06
  705    2.677958E-06
  706    2.670382E-06
  707    2.662839E-06
  708    2.655327E-06
  709    2.647847E-06
  710    2.640399E-06
  711    2.846328E-06
  712    2.838344E-06
  713    2.830394E-06
  714    2.822477E-06
  715    2.814593E-06
  716    2.806741E-06
  717    2.798923E-06
  718    2.791138E-06
  719    2.783385E-06
  720    2.775664E-06
  721    3.114220E-06
  722    3.105605E-06
  723    3.097026E-06
  724    3.088483E-06
  725    3.079974E-06
  726    3.071501E-06
  727    3.063063E-06
  728    3.054660E-06
  729    3.046291E-06
  730    3.037956E-06
  731    3.193051E-06
  732    3.184338E-06
  733    3.175662E-06
  734    3.167020E-06
  735    3.158414E-06
  736    3.149843E-06
  737    3.141307E-06
  738    3.132806E-06
  739    3.124339E-06
  740    3.115906E-06
  741    3.506571E-06
  742    3.497132E-06
  743    3.487731E-06
  744    3.478368E-06
  745    3.469043E-06
  746    3.459755E-06
  747    3.450504E-06
  748    3.441291E-06
  749    3.432114E-06
  750    3.422974E-06
  751    3.537520E-06
  752    3.528124E-06
  753    3.518766E-06
  754    3.509445E-06
  755    3.500160E-06
  756    3.490913E-06
  757    3.481702E-06
  758    3.472528E-06
  759    3.463389E-06
  760    3.454287E-06
  761    3.726153E-06
  762    3.716386E-06
  763    3.706657E-06
  764    3.696966E-06
  765    3.687314E-06
  766    3.677699E-06
  767    3.668121E-06
  768    3.658581E-06
  769    3.649079E-06
  770    3.639613E-06
  771    4.000101E-06
  772    3.989752E-06
  773    3.979442E-06
  774    3.969173E-06
  775    3.958943E-06
  776    3.948753E-06
  777    3.938602E-06
  778    3.928490E-06
  779    3.918417E-06
  780    3.908382E-06
  781    4.003420E-06
  782    3.993194E-06
  783    3.983007E-06
  784    3.972859E-06
  785    3.962750E-06
  786    3.952680E-06
  787    3.942647E-06
  788    3.932653E-06
  789    3.922697E-06
  790    3.912779E-06
  791    4.324303E-06
  792    4.313397E-06
  793    4.302532E-06
  794    4.291708E-06
  795    4.280924E-06
  796    4.270182E-06
  797    4.259480E-06
  798    4.248818E-06
  799    4.238196E-06
  800    4.227613E-06
  801    4.259545E-06
  802    4.248936E-06
  803    4.238366E-06
  804    4.227836E-06
  805    4.217345E-06
  806    4.206893E-06
  807    4.196480E-06
  808    4.186106E-06
  809    4.175770E-06
  810    4.165472E-06
  811    4.396941E-06
  812    4.386124E-06
  813    4.375348E-06
  814    4.364611E-06
  815    4.353913E-06
  816    4.343255E-06
  817    4.332635E-06
  818    4.322055E-06
  819    4.311514E-06
  820    4.301010E-06
  821    4.737071E-06
  822    4.725559E-06
  823    4.714089E-06
  824    4.702661E-06
  825    4.691274E-06
  826    4.679929E-06
  827    4.668625E-06
  828    4.657362E-06
  829    4.646139E-06
  830    4.634957E-06
  831    4.776973E-06
  832    4.765504E-06
  833    4.754075E-06
  834    4.742688E-06
  835    4.731342E-06
  836    4.720037E-06
  837    4.708772E-06
  838    4.697547E-06
  839    4.686362E-06
  840    4.675218E-06
  841    5.306392E-06
  842    5.293803E-06
  843    5.281259E-06
  844    5.268759E-06
  845    5.256303E-06
  846    5.243891E-06
  847    5.231524E-06
  848    5.219200E-06
  849    5.206919E-06
  850    5.194682E-06
  851    5.083157E-06
  852    5.071238E-06
  853    5.059362E-06
  854    5.047527E-06
  855    5.035734E-06
  856    5.023982E-06
  857    5.012271E-06
  858    5.000601E-06
  859    4.988972E-06
  860    4.977383E-06
  861    5.431208E-06
  862    5.418621E-06
  863    5.406078E-06
  864    5.393578E-06
  865    5.381122E-06
  866    5.368709E-06
  867    5.356338E-06
  868    5.344011E-06
  869    5.331726E-06
  870    5.319483E-06
  871    5.778185E-06
  872    5.764947E-06
  873    5.751755E-06
  874    5.738608E-06
  875    5.725506E-06
  876    5.712449E-06
  877    5.699437E-06
  878    5.686469E-06
  879    5.673545E-06
  880    5.660665E-06
  881    5.625307E-06
  882    5.612566E-06
  883    5.599868E-06
  884    5.587213E-06
  885    5.574600E-06
  886    5.562031E-06
  887    5.549504E-06
  888    5.537019E-06
  889    5.524576E-06
  890    5.512175E-06
  891    6.326827E-06
  892    6.312657E-06
  893    6.298535E-06
  894    6.284460E-06
  895    6.270432E-06
  896    6.256451E-06
  897    6.242517E-06
  898    6.228629E-06
  899    6.214788E-06
  900    6.200993E-06
  901    6.035009E-06
  902    6.021642E-06
  903    6.008320E-06
  904    5.995042E-06
  905    5.981808E-06
  906    5.968617E-06
  907    5.955471E-06
  908    5.942367E-06
  909    5.929307E-06
  910    5.916290E-06
  911    6.255225E-06
  912    6.241522E-06
  913    6.227865E-06
  914    6.214252E-06
  915    6.200684E-06
  916    6.187160E-06
  917    6.173680E-06
  918    6.160244E-06
  919    6.146853E-06
  920    6.133504E-06
  921    6.749867E-06
  922    6.735241E-06
  923    6.720663E-06
  924    6.706131E-06
  925    6.691647E-06
  926    6.677210E-06
  927    6.662820E-06
  928    6.648476E-06
  929    6.634178E-06
  930    6.619926E-06
  931    6.896631E-06
  932    6.881847E-06
  933    6.867111E-06
  934    6.852422E-06
  935    6.837780E-06
  936    6.823185E-06
  937    6.808636E-06
  938    6.794134E-06
  939    6.779679E-06
  940    6.765269E-06
  941    7.599687E-06
  942    7.583568E-06
  943    7.567502E-06
  944    7.551486E-06
  945    7.535521E-06
  946    7.519606E-06
  947    7.503742E-06
  948    7.487928E-06
  949    7.472164E-06
  950    7.456450E-06
  951    7.063918E-06
  952    7.049093E-06
  953    7.034315E-06
  954    7.019584E-06
  955    7.004898E-06
  956    6.990259E-06
  957    6.975666E-06
  958    6.961118E-06
  959    6.946615E-06
  960    6.932158E-06
  961    8.013611E-06
  962    7.996968E-06
  963    7.980377E-06
  964    7.963837E-06
  965    7.947349E-06
  966    7.930912E-06
  967    7.914526E-06
  968    7.898190E-06
  969    7.881905E-06
  970    7.865671E-06
  971    8.344898E-06
  972    8.327745E-06
  973    8.310645E-06
  974    8.293597E-06
  975    8.276602E-06
  976    8.259659E-06
  977    8.242768E-06
  978    8.225929E-06
  979    8.209141E-06
  980    8.192405E-06
  981    8.163777E-06
  982    8.147167E-06
  983    8.130608E-06
  984    8.114099E-06
  985    8.097640E-06
  986    8.081231E-06
  987    8.064873E-06
  988    8.048564E-06
  989    8.032304E-06
  990    8.016093E-06
  991    9.241787E-06
  992    9.223173E-06
  993    9.204615E-06
  994    9.186113E-06
  995    9.167667E-06
  996    9.149277E-06
  997    9.130942E-06
  998    9.112661E-06
  999    9.094436E-06
 1000    9.076265E-06
 1001    8.707189E-06
 1002    8.689827E-06
 1003    8.672516E-06
 1004    8.655258E-06
 1005    8.638050E-06
 1006    8.620894E-06
 1007    8.603790E-06
 1008    8.586735E-06
 1009    8.569732E-06
 1010    8.552779E-06
 1011    9.227834E-06
 1012    9.209615E-06
 1013    9.191450E-06
 1014    9.173339E-06
 1015    9.155281E-06
 1016    9.137277E-06
 1017    9.119325E-06
 1018    9.101427E-06
 1019    9.083581E-06
 1020    9.065787E-06
 1021    9.878472E-06
 1022    9.859159E-06
 1023    9.839903E-06
 1024    9.820703E-06
 1025    9.801560E-06
 1026    9.782472E-06
 1027    9.763440E-06
 1028    9.744463E-06
 1029    9.725542E-06
 1030    9.706676E-06
 1031    1.227499E-05
 1032    1.225122E-05
 1033    1.222753E-05
 1034    1.220390E-05
 1035    1.218034E-05
 1036    1.215685E-05
 1037    1.213342E-05
 1038    1.211007E-05
 1039    1.208678E-05
 1040    1.206356E-05
 1041    1.346175E-05
 1042    1.343593E-05
 1043    1.341019E-05
 1044    1.338453E-05
 1045    1.335894E-05
 1046    1.333342E-05
 1047    1.330797E-05
 1048    1.328260E-05
 1049    1.325730E-05
 1050    1.323207E-05
 1051    1.196088E-05
 1052    1.193816E-05
 1053    1.191551E-05
 1054    1.189292E-05
 1055    1.187040E-05
 1056    1.184794E-05
 1057    1.182554E-05
 1058    1.180320E-05
 1059    1.178093E-05
 1060    1.175873E-05
 1061    1.617378E-05
 1062    1.614335E-05
 1063    1.611301E-05
 1064    1.608275E-05
 1065    1.605257E-05
 1066    1.602248E-05
 1067    1.599248E-05
 1068    1.596256E-05
 1069    1.593272E-05
 1070    1.590297E-05
 1071    1.935926E-05
 1072    1.932317E-05
 1073    1.928719E-05
 1074    1.925131E-05
 1075    1.921552E-05
 1076    1.917984E-05
 1077    1.914425E-05
 1078    1.910877E-05
 1079    1.907338E-05
 1080    1.903809E-05
 1081    1.709470E-05
 1082    1.706314E-05
 1083    1.703165E-05
 1084    1.700026E-05
 1085    1.696895E-05
 1086    1.693773E-05
 1087    1.690659E-05
 1088    1.687554E-05
 1089    1.684458E-05
 1090    1.681370E-05
 1091    1.113871E-05
 1092    1.111833E-05
 1093    1.109800E-05
 1094    1.107773E-05
 1095    1.105752E-05
 1096    1.103736E-05
 1097    1.101725E-05
 1098    1.099720E-05
 1099    1.097721E-05
 1100    1.095727E-05
 1101    5.170786E-06
 1102    5.161410E-06
 1103    5.152060E-06
 1104    5.142735E-06
 1105    5.133435E-06
 1106    5.124161E-06
 1107    5.114912E-06
 1108    5.105687E-06
 1109    5.096488E-06
 1110    5.087313E-06
 1111   -4.370270E-07
 1112   -4.362416E-07
 1113   -4.354584E-07
 1114   -4.346773E-07
 1115   -4.338984E-07
 1116   -4.331215E-07
 1117   -4.323466E-07
 1118   -4.315739E-07
 1119   -4.308032E-07
 1120   -4.300346E-07
 1121   -6.398313E-08
 1122   -6.386918E-08
 1123   -6.375553E-08
 1124   -6.364219E-08
 1125   -6.352915E-08
 1126   -6.341641E-08
 1127   -6.330397E-08
 1128   -6.319183E-08
 1129   -6.307998E-08
 1130   -6.296844E-08
 1131    2.916263E-05
 1132    2.911115E-05
 1133    2.905980E-05
 1134    2.900860E-05
 1135    2.895753E-05
 1136    2.890659E-05
 1137    2.885579E-05
 1138    2.880512E-05
 1139    2.875458E-05
 1140    2.870418E-05
 1141    8.930106E-05
 1142    8.914480E-05
 1143    8.898896E-05
 1144    8.883352E-05
 1145    8.867848E-05
 1146    8.852386E-05
 1147    8.836963E-05
 1148    8.821581E-05
 1149    8.806240E-05
 1150    8.790938E-05
 1151    1.571488E-04
 1152    1.568762E-04
 1153    1.566044E-04
 1154    1.563332E-04
 1155    1.560627E-04
 1156    1.557929E-04
 1157    1.555239E-04
 1158    1.552555E-04
 1159    1.549878E-04
 1160    1.547208E-04
 1161    2.158399E-04
 1162    2.154687E-04
 1163    2.150985E-04
 1164    2.147292E-04
 1165    2.143609E-04
 1166    2.139935E-04
 1167    2.136271E-04
 1168    2.132616E-04
 1169    2.128971E-04
 1170    2.125335E-04
 1171    2.474051E-04
 1172    2.469832E-04
 1173    2.465625E-04
 1174    2.461428E-04
 1175    2.457242E-04
 1176    2.453067E-04
 1177    2.448902E-04
 1178    2.444748E-04
 1179    2.440604E-04
 1180    2.436471E-04
 1181    9.114651E-05
 1182    9.099242E-05
 1183    9.083872E-05
 1184    9.068540E-05
 1185    9.053248E-05
 1186    9.037994E-05
 1187    9.022778E-05
 1188    9.007601E-05
 1189    8.992462E-05
 1190    8.977361E-05
 1191   -5.300047E-04
 1192   -5.291162E-04
 1193   -5.282299E-04
 1194   -5.273458E-04
 1195   -5.264640E-04
 1196   -5.255844E-04
 1197   -5.247069E-04
 1198   -5.238317E-04
 1199   -5.229586E-04
 1200   -5.220878E-04
 1201   -1.485710E-03
 1202   -1.483240E-03
 1203   -1.480776E-03
 1204   -1.478318E-03
 1205   -1.475867E-03
 1206   -1.473421E-03
 1207   -1.470982E-03
 1208   -1.468548E-03
 1209   -1.466121E-03
 1210   -1.463700E-03
 1211   -1.900468E-03
 1212   -1.897334E-03
 1213   -1.894208E-03
 1214   -1.891090E-03
 1215   -1.887980E-03
 1216   -1.884877E-03
 1217   -1.881782E-03
 1218   -1.878695E-03
 1219   -1.875615E-03
 1220   -1.872543E-03
 1221   -1.738532E-03
 1222   -1.735689E-03
 1223   -1.732853E-03
 1224   -1.730023E-03
 1225   -1.727201E-03
 1226   -1.724386E-03
 1227   -1.721577E-03
 1228   -1.718776E-03
 1229   -1.715981E-03
 1230   -1.713193E-03
 1231   -8.212711E-05
 1232   -8.199390E-05
 1233   -8.186100E-05
 1234   -8.172844E-05
 1235   -8.159619E-05
 1236   -8.146426E-05
 1237   -8.133266E-05
 1238   -8.120137E-05
 1239   -8.107040E-05
 1240   -8.093975E-05
 1241    5.964094E-03
 1242    5.954498E-03
 1243    5.944924E-03
 1244    5.935374E-03
 1245    5.925847E-03
 1246    5.916343E-03
 1247    5.906862E-03
 1248    5.897403E-03
 1249    5.887967E-03
 1250    5.878554E-03
 1251    1.645022E-02
 1252    1.642396E-02
 1253    1.639777E-02
 1254    1.637164E-02
 1255    1.634557E-02
 1256    1.631956E-02
 1257    1.629361E-02
 1258    1.626773E-02
 1259    1.624191E-02
 1260    1.621615E-02
 1261    2.176966E-02
 1262    2.173519E-02
 1263    2.170080E-02
 1264    2.166649E-02
 1265    2.163226E-02
 1266    2.159811E-02
 1267    2.156405E-02
 1268    2.153006E-02
 1269    2.149615E-02
 1270    2.146233E-02
 1271    2.432775E-02
 1272    2.428953E-02
 1273    2.425140E-02
 1274    2.421336E-02
 1275    2.417541E-02
 1276    2.413754E-02
 1277    2.409977E-02
 1278    2.406208E-02
 1279    2.402449E-02
 1280    2.398698E-02
 1281    2.208461E-02
 1282    2.205019E-02
 1283    2.201584E-02
 1284    2.198157E-02
 1285    2.194739E-02
 1286    2.191328E-02
 1287    2.187926E-02
 1288    2.184531E-02
 1289    2.181144E-02
 1290    2.177765E-02
 1291    1.600272E-02
 1292    1.597797E-02
 1293    1.595327E-02
 1294    1.592863E-02
 1295    1.590405E-02
 1296    1.587953E-02
 1297    1.585506E-02
 1298    1.583065E-02
 1299    1.580629E-02
 1300    1.578199E-02
 1301    5.858598E-03
 1302    5.849605E-03
 1303    5.840633E-03
 1304    5.831682E-03
 1305    5.822752E-03
 1306    5.813842E-03
 1307    5.804952E-03
 1308    5.796083E-03
 1309    5.787234E-03
 1310    5.778405E-03
 1311   -4.106967E-04
 1312   -4.100711E-04
 1313   -4.094469E-04
 1314   -4.088242E-04
 1315   -4.082029E-04
 1316   -4.075830E-04
 1317   -4.069645E-04
 1318   -4.063474E-04
 1319   -4.057317E-04
 1320   -4.051174E-04
 1321   -2.165912E-03
 1322   -2.162638E-03
 1323   -2.159371E-03
 1324   -2.156112E-03
 1325   -2.152860E-03
 1326   -2.149615E-03
 1327   -2.146378E-03
 1328   -2.143148E-03
 1329   -2.139925E-03
 1330   -2.136709E-03
 1331   -2.308832E-03
 1332   -2.305368E-03
 1333   -2.301912E-03
 1334   -2.298463E-03
 1335   -2.295022E-03
 1336   -2.291589E-03
 1337   -2.288164E-03
 1338   -2.284746E-03
 1339   -2.281336E-03
 1340   -2.277934E-03
 1341   -1.705991E-03
 1342   -1.703451E-03
 1343   -1.700916E-03
 1344   -1.698386E-03
 1345   -1.695863E-03
 1346   -1.693345E-03
 1347   -1.690832E-03
 1348   -1.688326E-03
 1349   -1.685824E-03
 1350   -1.683329E-03
 1351   -6.913207E-04
 1352   -6.902988E-04
 1353   -6.892791E-04
 1354   -6.882618E-04
 1355   -6.872466E-04
 1356   -6.862337E-04
 1357   -6.852231E-04
 1358   -6.842147E-04
 1359   -6.832085E-04
 1360   -6.822045E-04
 1361    1.099160E-05
 1362    1.097547E-05
 1363    1.095938E-05
 1364    1.094332E-05
 1365    1.092730E-05
 1366    1.091131E-05
 1367    1.089536E-05
 1368    1.087944E-05
 1369    1.086356E-05
 1370    1.084771E-05
 1371    1.948279E-04
 1372    1.945441E-04
 1373    1.942609E-04
 1374    1.939783E-04
 1375    1.936964E-04
 1376    1.934150E-04
 1377    1.931343E-04
 1378    1.928542E-04
 1379    1.925747E-04
 1380    1.922958E-04
 1381    1.679254E-04
 1382    1.676825E-04
 1383    1.674402E-04
 1384    1.671984E-04
 1385    1.669571E-04
 1386    1.667164E-04
 1387    1.664762E-04
 1388    1.662365E-04
 1389    1.659973E-04
 1390    1.657586E-04
 1391    1.090522E-04
 1392    1.088956E-04
 1393    1.087394E-04
 1394    1.085835E-04
 1395    1.084279E-04
 1396    1.082727E-04
 1397    1.081178E-04
 1398    1.079632E-04
 1399    1.078090E-04
 1400    1.076551E-04
 1401    3.698829E-05
 1402    3.693556E-05
 1403    3.688295E-05
 1404    3.683045E-05
 1405    3.677805E-05
 1406    3.672578E-05
 1407    3.667361E-05
 1408    3.662155E-05
 1409    3.656961E-05
 1410    3.651777E-05
 1411   -2.364610E-05
 1412   -2.361263E-05
 1413   -2.357923E-05
 1414   -2.354590E-05
 1415   -2.351265E-05
 1416   -2.347946E-05
 1417   -2.344634E-05
 1418   -2.341330E-05
 1419   -2.338032E-05
 1420   -2.334741E-05
 1421   -5.211288E-05
 1422   -5.203963E-05
 1423   -5.196654E-05
 1424   -5.189361E-05
 1425   -5.182083E-05
 1426   -5.174820E-05
 1427   -5.167572E-05
 1428   -5.160340E-05
 1429   -5.153122E-05
 1430   -5.145920E-05
 1431   -5.135575E-05
 1432   -5.128407E-05
 1433   -5.121255E-05
 1434   -5.114117E-05
 1435   -5.106994E-05
 1436   -5.099887E-05
 1437   -5.092794E-05
 1438   -5.085715E-05
 1439   -5.078652E-05
 1440   -5.071603E-05
 1441   -4.206491E-05
 1442   -4.200661E-05
 1443   -4.194843E-05
 1444   -4.189037E-05
 1445   -4.183243E-05
 1446   -4.177461E-05
 1447   -4.171691E-05
 1448   -4.165933E-05
 1449   -4.160187E-05
 1450   -4.154453E-05
 1451   -2.582111E-05
 1452   -2.578557E-05
 1453   -2.575010E-05
 1454   -2.571471E-05
 1455   -2.567938E-05
 1456   -2.564413E-05
 1457   -2.560896E-05
 1458   -2.557385E-05
 1459   -2.553882E-05
 1460   -2.550386E-05
 1461   -1.526376E-05
 1462   -1.524289E-05
 1463   -1.522207E-05
 1464   -1.520129E-05
 1465   -1.518055E-05
 1466   -1.515985E-05
 1467   -1.513920E-05
 1468   -1.511859E-05
 1469   -1.509802E-05
 1470   -1.507749E-05
 1471   -1.192137E-05
 1472   -1.190518E-05
 1473   -1.188903E-05
 1474   -1.187291E-05
 1475   -1.185682E-05
 1476   -1.184076E-05
 1477   -1.182474E-05
 1478   -1.180875E-05
 1479   -1.179279E-05
 1480   -1.177687E-05
 1481   -1.418801E-05
 1482   -1.416888E-05
 1483   -1.414978E-05
 1484   -1.413072E-05
 1485   -1.411170E-05
 1486   -1.409272E-05
 1487   -1.407378E-05
 1488   -1.405488E-05
 1489   -1.403601E-05
 1490   -1.401719E-05
 1491   -1.501081E-05
 1492   -1.499071E-05
 1493   -1.497064E-05
 1494   -1.495061E-05
 1495   -1.493062E-05
 1496   -1.491068E-05
 1497   -1.489077E-05
 1498   -1.487090E-05
 1499   -1.485107E-05
 1500   -1.483128E-05
 1501   -1.206404E-05
 1502   -1.204798E-05
 1503   -1.203196E-05
 1504   -1.201597E-05
 1505   -1.200001E-05
 1506   -1.198409E-05
 1507   -1.196820E-05
 1508   -1.195233E-05
 1509   -1.193650E-05
 1510   -1.192070E-05
 1511   -1.085832E-05
 1512   -1.084397E-05
 1513   -1.082964E-05
 1514   -1.081535E-05
 1515   -1.080108E-05
 1516   -1.078684E-05
 1517   -1.077263E-05
 1518   -1.075844E-05
 1519   -1.074429E-05
 1520   -1.073016E-05
 1521   -1.277773E-05
 1522   -1.276095E-05
 1523   -1.274421E-05
 1524   -1.272749E-05
 1525   -1.271081E-05
 1526   -1.269416E-05
 1527   -1.267755E-05
 1528   -1.266097E-05
 1529   -1.264442E-05
 1530   -1.262790E-05
 1531   -1.284181E-05
 1532   -1.282506E-05
 1533   -1.280834E-05
 1534   -1.279165E-05
 1535   -1.277499E-05
 1536   -1.275837E-05
 1537   -1.274178E-05
 1538   -1.272522E-05
 1539   -1.270870E-05
 1540   -1.269220E-05
 1541   -1.187644E-05
 1542   -1.186105E-05
 1543   -1.184569E-05
 1544   -1.183035E-05
 1545   -1.181505E-05
 1546   -1.179977E-05
 1547   -1.178453E-05
 1548   -1.176931E-05
 1549   -1.175413E-05
 1550   -1.173897E-05
 1551   -1.008781E-05
 1552   -1.007482E-05
 1553   -1.006185E-05
 1554   -1.004891E-05
 1555   -1.003599E-05
 1556   -1.002310E-05
 1557   -1.001023E-05
 1558   -9.997392E-06
 1559   -9.984575E-06
 1560   -9.971783E-06
 1561   -9.557424E-06
 1562   -9.545194E-06
 1563   -9.532988E-06
 1564   -9.520806E-06
 1565   -9.508646E-06
 1566   -9.496510E-06
 1567   -9.484397E-06
 1568   -9.472307E-06
 1569   -9.460241E-06
 1570   -9.448197E-06
 1571   -9.322566E-06
 1572   -9.310713E-06
 1573   -9.298882E-06
 1574   -9.287074E-06
 1575   -9.275288E-06
 1576   -9.263525E-06
 1577   -9.251784E-06
 1578   -9.240066E-06
 1579   -9.228369E-06
 1580   -9.216695E-06
 1581   -9.488200E-06
 1582   -9.476212E-06
 1583   -9.464247E-06
 1584   -9.452305E-06
 1585   -9.440385E-06
 1586   -9.428488E-06
 1587   -9.416614E-06
 1588   -9.404761E-06
 1589   -9.392931E-06
 1590   -9.381124E-06
 1591   -9.423066E-06
 1592   -9.411236E-06
 1593   -9.399427E-06
 1594   -9.387641E-06
 1595   -9.375877E-06
 1596   -9.364135E-06
 1597   -9.352416E-06
 1598   -9.340718E-06
 1599   -9.329042E-06
 1600   -9.317388E-06
 1601   -8.456036E-06
 1602   -8.445486E-06
 1603   -8.434955E-06
 1604   -8.424444E-06
 1605   -8.413953E-06
 1606   -8.403482E-06
 1607   -8.393030E-06
 1608   -8.382597E-06
 1609   -8.372184E-06
 1610   -8.361790E-06
 1611   -8.172913E-06
 1612   -8.162779E-06
 1613   -8.152664E-06
 1614   -8.142568E-06
 1615   -8.132491E-06
 1616   -8.122432E-06
 1617   -8.112392E-06
 1618   -8.102370E-06
 1619   -8.092368E-06
 1620   -8.082383E-06
 1621   -8.263664E-06
 1622   -8.253481E-06
 1623   -8.243316E-06
 1624   -8.233171E-06
 1625   -8.223044E-06
 1626   -8.212935E-06
 1627   -8.202846E-06
 1628   -8.192775E-06
 1629   -8.182722E-06
 1630   -8.172688E-06
 1631   -8.398231E-06
 1632   -8.387945E-06
 1633   -8.377678E-06
 1634   -8.367430E-06
 1635   -8.357201E-06
 1636   -8.346991E-06
 1637   -8.336799E-06
 1638   -8.326626E-06
 1639   -8.316472E-06
 1640   -8.306336E-06
 1641   -8.241039E-06
 1642   -8.231008E-06
 1643   -8.220994E-06
 1644   -8.210999E-06
 1645   -8.201022E-06
 1646   -8.191063E-06
 1647   -8.181123E-06
 1648   -8.171200E-06
 1649   -8.161296E-06
 1650   -8.151409E-06
 1651   -7.636186E-06
 1652   -7.626947E-06
 1653   -7.617724E-06
 1654   -7.608519E-06
 1655   -7.599329E-06
 1656   -7.590157E-06
 1657   -7.581001E-06
 1658   -7.571862E-06
 1659   -7.562739E-06
 1660   -7.553633E-06
 1661   -7.573680E-06
 1662   -7.564572E-06
 1663   -7.555480E-06
 1664   -7.546404E-06
 1665   -7.537345E-06
 1666   -7.528302E-06
 1667   -7.519275E-06
 1668   -7.510264E-06
 1669   -7.501270E-06
 1670   -7.492292E-06
 1671   -7.505569E-06
 1672   -7.496596E-06
 1673   -7.487640E-06
 1674   -7.478699E-06
 1675   -7.469775E-06
 1676   -7.460866E-06
 1677   -7.451974E-06
 1678   -7.443097E-06
 1679   -7.434236E-06
 1680   -7.425391E-06
 1681   -7.527743E-06
 1682   -7.518798E-06
 1683   -7.509868E-06
 1684   -7.500954E-06
 1685   -7.492056E-06
 1686   -7.483174E-06
 1687   -7.474308E-06
 1688   -7.465457E-06
 1689   -7.456622E-06
 1690   -7.447803E-06
 1691   -7.462557E-06
 1692   -7.453741E-06
 1693   -7.444941E-06
 1694   -7.436156E-06
 1695   -7.427387E-06
 1696   -7.418634E-06
 1697   -7.409896E-06
 1698   -7.401173E-06
 1699   -7.392466E-06
 1700   -7.383774E-06
 1701   -6.812803E-06
 1702   -6.804802E-06
 1703   -6.796815E-06
 1704   -6.788842E-06
 1705   -6.780883E-06
 1706   -6.772939E-06
 1707   -6.765008E-06
 1708   -6.757091E-06
 1709   -6.749188E-06
 1710   -6.741299E-06
 1711   -6.715696E-06
 1712   -6.707855E-06
 1713   -6.700028E-06
 1714   -6.692215E-06
 1715   -6.684415E-06
 1716   -6.676629E-06
 1717   -6.668856E-06
 1718   -6.661097E-06
 1719   -6.653352E-06
 1720   -6.645620E-06
 1721   -6.602635E-06
 1722   -6.594971E-06
 1723   -6.587320E-06
 1724   -6.579683E-06
 1725   -6.572058E-06
 1726   -6.564448E-06
 1727   -6.556850E-06
 1728   -6.549265E-06
 1729   -6.541694E-06
 1730   -6.534136E-06
 1731   -6.753556E-06
 1732   -6.745762E-06
 1733   -6.737982E-06
 1734   -6.730214E-06
 1735   -6.722461E-06
 1736   -6.714720E-06
 1737   -6.706994E-06
 1738   -6.699280E-06
 1739   -6.691580E-06
 1740   -6.683893E-06
 1741   -6.606535E-06
 1742   -6.598955E-06
 1743   -6.591387E-06
 1744   -6.583832E-06
 1745   -6.576291E-06
 1746   -6.568762E-06
 1747   -6.561246E-06
 1748   -6.553744E-06
 1749   -6.546254E-06
 1750   -6.538776E-06
 1751   -6.200139E-06
 1752   -6.193065E-06
 1753   -6.186004E-06
 1754   -6.178954E-06
 1755   -6.171917E-06
 1756   -6.164891E-06
 1757   -6.157878E-06
 1758   -6.150876E-06
 1759   -6.143886E-06
 1760   -6.136909E-06
 1761   -6.200332E-06
 1762   -6.193298E-06
 1763   -6.186276E-06
 1764   -6.179266E-06
 1765   -6.172268E-06
 1766   -6.165282E-06
 1767   -6.158307E-06
 1768   -6.151345E-06
 1769   -6.144394E-06
 1770   -6.137455E-06
 1771   -6.119935E-06
 1772   -6.113032E-06
 1773   -6.106140E-06
 1774   -6.099260E-06
 1775   -6.092391E-06
 1776   -6.085534E-06
 1777   -6.078689E-06
 1778   -6.071855E-06
 1779   -6.065033E-06
 1780   -6.058222E-06
 1781   -6.191621E-06
 1782   -6.184676E-06
 1783   -6.177742E-06
 1784   -6.170820E-06
 1785   -6.163910E-06
 1786   -6.157012E-06
 1787   -6.150125E-06
 1788   -6.143249E-06
 1789   -6.136385E-06
 1790   -6.129533E-06
 1791   -5.929146E-06
 1792   -5.922533E-06
 1793   -5.915930E-06
 1794   -5.909339E-06
 1795   -5.902758E-06
 1796   -5.896188E-06
 1797   -5.889630E-06
 1798   -5.883082E-06
 1799   -5.876545E-06
 1800   -5.870019E-06
 1801   -5.498946E-06
 1802   -5.492846E-06
 1803   -5.486756E-06
 1804   -5.480677E-06
 1805   -5.474607E-06
 1806   -5.468548E-06
 1807   -5.462499E-06
 1808   -5.456459E-06
 1809   -5.450430E-06
 1810   -5.444411E-06
 1811   -5.379462E-06
 1812   -5.373528E-06
 1813   -5.367603E-06
 1814   -5.361689E-06
 1815   -5.355784E-06
 1816   -5.349888E-06
 1817   -5.344003E-06
 1818   -5.338127E-06
 1819   -5.332261E-06
 1820   -5.326405E-06
 1821   -5.269819E-06
 1822   -5.264037E-06
 1823   -5.258265E-06
 1824   -5.252503E-06
 1825   -5.246750E-06
 1826   -5.241006E-06
 1827   -5.235272E-06
 1828   -5.229547E-06
 1829   -5.223832E-06
 1830   -5.218126E-06
 1831   -5.355454E-06
 1832   -5.349611E-06
 1833   -5.343777E-06
 1834   -5.337953E-06
 1835   -5.332138E-06
 1836   -5.326333E-06
 1837   -5.320537E-06
 1838   -5.314751E-06
 1839   -5.308974E-06
 1840   -5.303206E-06
 1841   -5.027025E-06
 1842   -5.021570E-06
 1843   -5.016123E-06
 1844   -5.010686E-06
 1845   -5.005257E-06
 1846   -4.999837E-06
 1847   -4.994426E-06
 1848   -4.989024E-06
 1849   -4.983630E-06
 1850   -4.978245E-06
 1851   -4.656099E-06
 1852   -4.651074E-06
 1853   -4.646056E-06
 1854   -4.641047E-06
 1855   -4.636046E-06
 1856   -4.631053E-06
 1857   -4.626068E-06
 1858   -4.621091E-06
 1859   -4.616122E-06
 1860   -4.611161E-06
 1861   -4.467439E-06
 1862   -4.462643E-06
 1863   -4.457855E-06
 1864   -4.453074E-06
 1865   -4.448302E-06
 1866   -4.443536E-06
 1867   -4.438779E-06
 1868   -4.434029E-06
 1869   -4.429287E-06
 1870   -4.424552E-06
 1871   -4.288077E-06
 1872   -4.283498E-06
 1873   -4.278927E-06
 1874   -4.274363E-06
 1875   -4.269806E-06
 1876   -4.265256E-06
 1877   -4.260714E-06
 1878   -4.256179E-06
 1879   -4.251651E-06
 1880   -4.247130E-06
 1881   -4.433523E-06
 1882   -4.428814E-06
 1883   -4.424113E-06
 1884   -4.419419E-06
 1885   -4.414732E-06
 1886   -4.410053E-06
 1887   -4.405381E-06
 1888   -4.400717E-06
 1889   -4.396060E-06
 1890   -4.391411E-06
 1891   -4.163642E-06
 1892   -4.159243E-06
 1893   -4.154851E-06
 1894   -4.150466E-06
 1895   -4.146088E-06
 1896   -4.141717E-06
 1897   -4.137352E-06
 1898   -4.132995E-06
 1899   -4.128644E-06
 1900   -4.124301E-06
 1901   -3.866607E-06
 1902   -3.862543E-06
 1903   -3.858486E-06
 1904   -3.854435E-06
 1905   -3.850391E-06
 1906   -3.846352E-06
 1907   -3.842321E-06
 1908   -3.838295E-06
 1909   -3.834276E-06
 1910   -3.830263E-06
 1911   -3.720591E-06
 1912   -3.716701E-06
 1913   -3.712817E-06
 1914   -3.708940E-06
 1915   -3.705068E-06
 1916   -3.701202E-06
 1917   -3.697343E-06
 1918   -3.693490E-06
 1919   -3.689642E-06
 1920   -3.685801E-06
 1921   -3.617943E-06
 1922   -3.614180E-06
 1923   -3.610423E-06
 1924   -3.606672E-06
 1925   -3.602927E-06
 1926   -3.599187E-06
 1927   -3.595454E-06
 1928   -3.591726E-06
 1929   -3.588004E-06
 1930   -3.584288E-06
 1931   -3.749575E-06
 1932   -3.745696E-06
 1933   -3.741822E-06
 1934   -3.737955E-06
 1935   -3.734093E-06
 1936   -3.730238E-06
 1937   -3.726388E-06
 1938   -3.722544E-06
 1939   -3.718707E-06
 1940   -3.714875E-06
 1941   -3.375182E-06
 1942   -3.371708E-06
 1943   -3.368239E-06
 1944   -3.364776E-06
 1945   -3.361318E-06
 1946   -3.357865E-06
 1947   -3.354417E-06
 1948   -3.350975E-06
 1949   -3.347538E-06
 1950   -3.344107E-06
 1951   -3.077086E-06
 1952   -3.073935E-06
 1953   -3.070788E-06
 1954   -3.067647E-06
 1955   -3.064510E-06
 1956   -3.061378E-06
 1957   -3.058251E-06
 1958   -3.055129E-06
 1959   -3.052012E-06
 1960   -3.048899E-06
 1961   -2.808021E-06
 1962   -2.805160E-06
 1963   -2.802303E-06
 1964   -2.799451E-06
 1965   -2.796603E-06
 1966   -2.793760E-06
 1967   -2.790921E-06
 1968   -2.788086E-06
 1969   -2.785255E-06
 1970   -2.782429E-06
 1971   -2.714496E-06
 1972   -2.711745E-06
 1973   -2.708997E-06
 1974   -2.706254E-06
 1975   -2.703515E-06
 1976   -2.700780E-06
 1977   -2.698049E-06
 1978   -2.695322E-06
 1979   -2.692600E-06
 1980   -2.689881E-06
 1981   -2.733265E-06
 1982   -2.730509E-06
 1983   -2.727756E-06
 1984   -2.725008E-06
 1985   -2.722264E-06
 1986   -2.719524E-06
 1987   -2.716788E-06
 1988   -2.714056E-06
 1989   -2.711328E-06
 1990   -2.708605E-06
 1991   -2.568300E-06
 1992   -2.565723E-06
 1993   -2.563149E-06
 1994   -2.560580E-06
 1995   -2.558014E-06
 1996   -2.555452E-06
 1997   -2.552894E-06
 1998   -2.550340E-06
 1999   -2.547790E-06
 2000   -2.545243E-06
 2001   -2.323807E-06
 2002   -2.321487E-06
 2003   -2.319170E-06
 2004   -2.316857E-06
 2005   -2.314547E-06
 2006   -2.312240E-06
 2007   -2.309937E-06
 2008   -2.307637E-06
 2009   -2.305341E-06
 2010   -2.303049E-06
 2011   -2.150812E-06
 2012   -2.148675E-06
 2013   -2.146542E-06
 2014   -2.144411E-06
 2015   -2.142284E-06
 2016   -2.140159E-06
 2017   -2.138038E-06
 2018   -2.135920E-06
 2019   -2.133806E-06
 2020   -2.131694E-06
 2021   -2.104391E-06
 2022   -2.102310E-06
 2023   -2.100233E-06
 2024   -2.098158E-06
 2025   -2.096087E-06
 2026   -2.094019E-06
 2027   -2.091954E-06
 2028   -2.089892E-06
 2029   -2.087833E-06
 2030   -2.085777E-06
 2031   -2.127797E-06
 2032   -2.125704E-06
 2033   -2.123614E-06
 2034   -2.121527E-06
 2035   -2.119443E-06
 2036   -2.117362E-06
 2037   -2.115284E-06
 2038   -2.113209E-06
 2039   -2.111137E-06
 2040   -2.109068E-06
 2041   -1.932403E-06
 2042   -1.930511E-06
 2043   -1.928622E-06
 2044   -1.926736E-06
 2045   -1.924853E-06
 2046   -1.922972E-06
 2047   -1.921094E-06
 2048   -1.919219E-06
 2049   -1.917347E-06
 2050   -1.915477E-06
 2051   -1.706295E-06
 2052   -1.704633E-06
 2053   -1.702973E-06
 2054   -1.701316E-06
 2055   -1.699661E-06
 2056   -1.698008E-06
 2057   -1.696358E-06
 2058   -1.694710E-06
 2059   -1.693065E-06
 2060   -1.691422E-06
 2061   -1.560769E-06
 2062   -1.559256E-06
 2063   -1.557745E-06
 2064   -1.556236E-06
 2065   -1.554730E-06
 2066   -1.553225E-06
 2067   -1.551723E-06
 2068   -1.550223E-06
 2069   -1.548725E-06
 2070   -1.547230E-06
 2071   -1.502102E-06
 2072   -1.500653E-06
 2073   -1.499206E-06
 2074   -1.497761E-06
 2075   -1.496318E-06
 2076   -1.494877E-06
 2077   -1.493438E-06
 2078   -1.492001E-06
 2079   -1.490567E-06
 2080   -1.489134E-06
 2081   -1.500418E-06
 2082   -1.498977E-06
 2083   -1.497539E-06
 2084   -1.496102E-06
 2085   -1.494668E-06
 2086   -1.493235E-06
 2087   -1.491805E-06
 2088   -1.490377E-06
 2089   -1.488951E-06
 2090   -1.487526E-06
 2091   -1.370529E-06
 2092   -1.369219E-06
 2093   -1.367912E-06
 2094   -1.366606E-06
 2095   -1.365302E-06
 2096   -1.364000E-06
 2097   -1.362699E-06
 2098   -1.361401E-06
 2099   -1.360104E-06
 2100   -1.358810E-06
 2101   -1.205365E-06
 2102   -1.204219E-06
 2103   -1.203074E-06
 2104   -1.201931E-06
 2105   -1.200789E-06
 2106   -1.199649E-06
 2107   -1.198511E-06
 2108   -1.197375E-06
 2109   -1.196240E-06
 2110   -1.195106E-06
 2111   -1.081660E-06
 2112   -1.080636E-06
 2113   -1.079614E-06
 2114   -1.078593E-06
 2115   -1.077574E-06
 2116   -1.076556E-06
 2117   -1.075539E-06
 2118   -1.074524E-06
 2119   -1.073510E-06
 2120   -1.072498E-06
 2121   -1.066364E-06
 2122   -1.065359E-06
 2123   -1.064356E-06
 2124   -1.063354E-06
 2125   -1.062354E-06
 2126   -1.061355E-06
 2127   -1.060358E-06
 2128   -1.059362E-06
 2129   -1.058367E-06
 2130   -1.057374E-06
 2131   -1.033846E-06
 2132   -1.032877E-06
 2133   -1.031909E-06
 2134   -1.030942E-06
 2135   -1.029977E-06
 2136   -1.029013E-06
 2137   -1.028050E-06
 2138   -1.027089E-06
 2139   -1.026129E-06
 2140   -1.025171E-06
 2141   -9.356666E-07
 2142   -9.347934E-07
 2143   -9.339213E-07
 2144   -9.330506E-07
 2145   -9.321810E-07
 2146   -9.313126E-07
 2147   -9.304455E-07
 2148   -9.295796E-07
 2149   -9.287148E-07
 2150   -9.278513E-07
 2151   -7.595989E-07
 2152   -7.588933E-07
 2153   -7.581886E-07
 2154   -7.574850E-07
 2155   -7.567823E-07
 2156   -7.560806E-07
 2157   -7.553799E-07
 2158   -7.546801E-07
 2159   -7.539813E-07
 2160   -7.532835E-07
 2161   -6.805416E-07
 2162   -6.799124E-07
 2163   -6.792840E-07
 2164   -6.786565E-07
 2165   -6.780298E-07
 2166   -6.774040E-07
 2167   -6.767791E-07
 2168   -6.761551E-07
 2169   -6.755319E-07
 2170   -6.749096E-07
 2171   -6.433401E-07
 2172   -6.427480E-07
 2173   -6.421567E-07
 2174   -6.415662E-07
 2175   -6.409765E-07
 2176   -6.403877E-07
 2177   -6.397996E-07
 2178   -6.392124E-07
 2179   -6.386259E-07
 2180   -6.380403E-07
 2181   -6.185967E-07
 2182   -6.180300E-07
 2183   -6.174640E-07
 2184   -6.168988E-07
 2185   -6.163344E-07
 2186   -6.157708E-07
 2187   -6.152079E-07
 2188   -6.146458E-07
 2189   -6.140845E-07
 2190   -6.135239E-07
 2191   -5.643838E-07
 2192   -5.638690E-07
 2193   -5.633550E-07
 2194   -5.628417E-07
 2195   -5.623291E-07
 2196   -5.618172E-07
 2197   -5.613060E-07
 2198   -5.607955E-07
 2199   -5.602857E-07
 2200   -5.597766E-07
 2201   -4.722017E-07
 2202   -4.717730E-07
 2203   -4.713449E-07
 2204   -4.709174E-07
 2205   -4.704905E-07
 2206   -4.700641E-07
 2207   -4.696383E-07
 2208   -4.692131E-07
 2209   -4.687885E-07
 2210   -4.683644E-07
 2211   -4.118063E-07
 2212   -4.114342E-07
 2213   -4.110625E-07
 2214   -4.106913E-07
 2215   -4.103207E-07
 2216   -4.099505E-07
 2217   -4.095809E-07
 2218   -4.092117E-07
 2219   -4.088430E-07
 2220   -4.084749E-07
 2221   -3.985876E-07
 2222   -3.982290E-07
 2223   -3.978709E-07
 2224   -3.975133E-07
 2225   -3.971561E-07
 2226   -3.967994E-07
 2227   -3.964432E-07
 2228   -3.960875E-07
 2229   -3.957323E-07
 2230   -3.953775E-07
 2231   -3.775350E-07
 2232   -3.771968E-07
 2233   -3.768591E-07
 2234   -3.765219E-07
 2235   -3.761851E-07
 2236   -3.758488E-07
 2237   -3.755129E-07
 2238   -3.751775E-07
 2239   -3.748425E-07
 2240   -3.745080E-07
 2241   -3.494239E-07
 2242   -3.491124E-07
 2243   -3.488012E-07
 2244   -3.484905E-07
 2245   -3.481802E-07
 2246   -3.478702E-07
 2247   -3.475608E-07
 2248   -3.472517E-07
 2249   -3.469430E-07
 2250   -3.466347E-07
 2251   -2.756138E-07
 2252   -2.753692E-07
 2253   -2.751248E-07
 2254   -2.748808E-07
 2255   -2.746371E-07
 2256   -2.743937E-07
 2257   -2.741507E-07
 2258   -2.739080E-07
 2259   -2.736656E-07
 2260   -2.734235E-07
 2261   -2.374986E-07
 2262   -2.372888E-07
 2263   -2.370791E-07
 2264   -2.368698E-07
 2265   -2.366607E-07
 2266   -2.364519E-07
 2267   -2.362434E-07
 2268   -2.360352E-07
 2269   -2.358272E-07
 2270   -2.356195E-07
 2271   -2.267400E-07
 2272   -2.265405E-07
 2273   -2.263412E-07
 2274   -2.261423E-07
 2275   -2.259435E-07
 2276   -2.257451E-07
 2277   -2.255469E-07
 2278   -2.253490E-07
 2279   -2.251513E-07
 2280   -2.249539E-07
 2281   -2.181646E-07
 2282   -2.179735E-07
 2283   -2.177826E-07
 2284   -2.175920E-07
 2285   -2.174016E-07
 2286   -2.172115E-07
 2287   -2.170216E-07
 2288   -2.168320E-07
 2289   -2.166426E-07
 2290   -2.164535E-07
 2291   -2.047055E-07
 2292   -2.045270E-07
 2293   -2.043487E-07
 2294   -2.041706E-07
 2295   -2.039927E-07
 2296   -2.038151E-07
 2297   -2.036377E-07
 2298   -2.034606E-07
 2299   -2.032837E-07
 2300   -2.031070E-07
 2301   -1.707224E-07
 2302   -1.705741E-07
 2303   -1.704261E-07
 2304   -1.702782E-07
 2305   -1.701305E-07
 2306   -1.699830E-07
 2307   -1.698357E-07
 2308   -1.696886E-07
 2309   -1.695417E-07
 2310   -1.693950E-07
 2311   -1.564979E-07
 2312   -1.563626E-07
 2313   -1.562274E-07
 2314   -1.560924E-07
 2315   -1.559577E-07
 2316   -1.558230E-07
 2317   -1.556886E-07
 2318   -1.555543E-07
 2319   -1.554202E-07
 2320   -1.552863E-07
 2321   -1.479880E-07
 2322   -1.478606E-07
 2323   -1.477334E-07
 2324   -1.476063E-07
 2325   -1.474794E-07
 2326   -1.473526E-07
 2327   -1.472260E-07
 2328   -1.470996E-07
 2329   -1.469733E-07
 2330   -1.468472E-07
 2331   -1.451875E-07
 2332   -1.450630E-07
 2333   -1.449387E-07
 2334   -1.448146E-07
 2335   -1.446906E-07
 2336   -1.445668E-07
 2337   -1.444431E-07
 2338   -1.443196E-07
 2339   -1.441962E-07
 2340   -1.440731E-07
 2341   -1.443122E-07
 2342   -1.441890E-07
 2343   -1.440660E-07
 2344   -1.439431E-07
 2345   -1.438204E-07
 2346   -1.436979E-07
 2347   -1.435755E-07
 2348   -1.434532E-07
 2349   -1.433311E-07
 2350   -1.432092E-07
 2351   -1.290625E-07
 2352   -1.289528E-07
 2353   -1.288432E-07
 2354   -1.287338E-07
 2355   -1.286245E-07
 2356   -1.285154E-07
 2357   -1.284064E-07
 2358   -1.282975E-07
 2359   -1.281888E-07
 2360   -1.280802E-07
 2361   -1.262765E-07
 2362   -1.261696E-07
 2363   -1.260628E-07
 2364   -1.259562E-07
 2365   -1.258498E-07
 2366   -1.257434E-07
 2367   -1.256372E-07
 2368   -1.255312E-07
 2369   -1.254252E-07
 2370   -1.253194E-07
 2371   -1.243163E-07
 2372   -1.242115E-07
 2373   -1.241069E-07
 2374   -1.240024E-07
 2375   -1.238980E-07
 2376   -1.237938E-07
 2377   -1.236896E-07
 2378   -1.235857E-07
 2379   -1.234818E-07
 2380   -1.233781E-07
 2381   -1.225981E-07
 2382   -1.224952E-07
 2383   -1.223924E-07
 2384   -1.222898E-07
 2385   -1.221873E-07
 2386   -1.220849E-07
 2387   -1.219827E-07
 2388   -1.218805E-07
 2389   -1.217785E-07
 2390   -1.216767E-07
 2391   -1.270867E-07
 2392   -1.269804E-07
 2393   -1.268744E-07
 2394   -1.267684E-07
 2395   -1.266626E-07
 2396   -1.265569E-07
 2397   -1.264514E-07
 2398   -1.263459E-07
 2399   -1.262407E-07
 2400   -1.261355E-07
 2401   -1.254234E-07
 2402   -1.253190E-07
 2403   -1.252148E-07
 2404   -1.251107E-07
 2405   -1.250067E-07
 2406   -1.249028E-07
 2407   -1.247990E-07
 2408   -1.246954E-07
 2409   -1.245920E-07
 2410   -1.244886E-07
 2411   -1.295943E-07
 2412   -1.294869E-07
 2413   -1.293796E-07
 2414   -1.292725E-07
 2415   -1.291655E-07
 2416   -1.290586E-07
 2417   -1.289518E-07
 2418   -1.288452E-07
 2419   -1.287387E-07
 2420   -1.286324E-07
 2421   -1.282370E-07
 2422   -1.281312E-07
 2423   -1.280255E-07
 2424   -1.279199E-07
 2425   -1.278144E-07
 2426   -1.277091E-07
 2427   -1.276039E-07
 2428   -1.274988E-07
 2429   -1.273939E-07
 2430   -1.272891E-07
 2431   -1.302336E-07
 2432   -1.301265E-07
 2433   -1.300196E-07
 2434   -1.299128E-07
 2435   -1.298061E-07
 2436   -1.296996E-07
 2437   -1.295932E-07
 2438   -1.294869E-07
 2439   -1.293808E-07
 2440   -1.292748E-07
 2441   -1.385306E-07
 2442   -1.384172E-07
 2443   -1.383040E-07
 2444   -1.381908E-07
 2445   -1.380778E-07
 2446   -1.379650E-07
 2447   -1.378523E-07
 2448   -1.377397E-07
 2449   -1.376272E-07
 2450   -1.375149E-07
 2451   -1.423051E-07
 2452   -1.421890E-07
 2453   -1.420732E-07
 2454   -1.419574E-07
 2455   -1.418418E-07
 2456   -1.417264E-07
 2457   -1.416110E-07
 2458   -1.414959E-07
 2459   -1.413808E-07
 2460   -1.412659E-07
 2461   -1.532725E-07
 2462   -1.531480E-07
 2463   -1.530237E-07
 2464   -1.528996E-07
 2465   -1.527756E-07
 2466   -1.526517E-07
 2467   -1.525280E-07
 2468   -1.524044E-07
 2469   -1.522810E-07
 2470   -1.521578E-07
 2471   -1.524416E-07
 2472   -1.523184E-07
 2473   -1.521952E-07
 2474   -1.520722E-07
 2475   -1.519494E-07
 2476   -1.518267E-07
 2477   -1.517042E-07
 2478   -1.515818E-07
 2479   -1.514595E-07
 2480   -1.513374E-07
 2481   -1.547414E-07
 2482   -1.546168E-07
 2483   -1.544923E-07
 2484   -1.543680E-07
 2485   -1.542438E-07
 2486   -1.541197E-07
 2487   -1.539958E-07
 2488   -1.538721E-07
 2489   -1.537485E-07
 2490   -1.536251E-07
 2491   -1.631983E-07
 2492   -1.630673E-07
 2493   -1.629366E-07
 2494   -1.628060E-07
 2495   -1.626755E-07
 2496   -1.625452E-07
 2497   -1.624151E-07
 2498   -1.622851E-07
 2499   -1.621553E-07
 2500   -1.620256E-07
 2501   -1.721814E-07
 2502   -1.720438E-07
 2503   -1.719064E-07
 2504   -1.717692E-07
 2505   -1.716321E-07
 2506   -1.714952E-07
 2507   -1.713584E-07
 2508   -1.712218E-07
 2509   -1.710854E-07
 2510   -1.709491E-07
 2511   -1.858716E-07
 2512   -1.857237E-07
 2513   -1.855759E-07
 2514   -1.854284E-07
 2515   -1.852810E-07
 2516   -1.851337E-07
 2517   -1.849867E-07
 2518   -1.848398E-07
 2519   -1.846931E-07
 2520   -1.845466E-07
 2521   -1.777323E-07
 2522   -1.775914E-07
 2523   -1.774507E-07
 2524   -1.773101E-07
 2525   -1.771697E-07
 2526   -1.770295E-07
 2527   -1.768895E-07
 2528   -1.767496E-07
 2529   -1.766098E-07
 2530   -1.764703E-07
 2531   -1.847708E-07
 2532   -1.846249E-07
 2533   -1.844792E-07
 2534   -1.843337E-07
 2535   -1.841883E-07
 2536   -1.840431E-07
 2537   -1.838981E-07
 2538   -1.837532E-07
 2539   -1.836085E-07
 2540   -1.834640E-07
 2541   -1.918372E-07
 2542   -1.916864E-07
 2543   -1.915357E-07
 2544   -1.913852E-07
 2545   -1.912348E-07
 2546   -1.910846E-07
 2547   -1.909347E-07
 2548   -1.907848E-07
 2549   -1.906352E-07
 2550   -1.904858E-07
 2551   -1.988386E-07
 2552   -1.986828E-07
 2553   -1.985272E-07
 2554   -1.983718E-07
 2555   -1.982166E-07
 2556   -1.980616E-07
 2557   -1.979067E-07
 2558   -1.977520E-07
 2559   -1.975976E-07
 2560   -1.974432E-07
 2561   -2.071896E-07
 2562   -2.070279E-07
 2563   -2.068664E-07
 2564   -2.067051E-07
 2565   -2.065440E-07
 2566   -2.063831E-07
 2567   -2.062223E-07
 2568   -2.060618E-07
 2569   -2.059014E-07
 2570   -2.057413E-07
 2571   -2.057429E-07
 2572   -2.055830E-07
 2573   -2.054233E-07
 2574   -2.052637E-07
 2575   -2.051044E-07
 2576   -2.049452E-07
 2577   -2.047862E-07
 2578   -2.046274E-07
 2579   -2.044687E-07
 2580   -2.043103E-07
 2581   -2.130316E-07
 2582   -2.128667E-07
 2583   -2.127019E-07
 2584   -2.125373E-07
 2585   -2.123730E-07
 2586   -2.122088E-07
 2587   -2.120448E-07
 2588   -2.118810E-07
 2589   -2.117174E-07
 2590   -2.115539E-07
 2591   -2.137368E-07
 2592   -2.135720E-07
 2593   -2.134073E-07
 2594   -2.132428E-07
 2595   -2.130786E-07
 2596   -2.129145E-07
 2597   -2.127506E-07
 2598   -2.125868E-07
 2599   -2.124233E-07
 2600   -2.122600E-07
 2601   -2.206614E-07
 2602   -2.204918E-07
 2603   -2.203225E-07
 2604   -2.201533E-07
 2605   -2.199844E-07
 2606   -2.198156E-07
 2607   -2.196470E-07
 2608   -2.194787E-07
 2609   -2.193105E-07
 2610   -2.191425E-07
 2611   -2.238244E-07
 2612   -2.236531E-07
 2613   -2.234820E-07
 2614   -2.233111E-07
 2615   -2.231403E-07
 2616   -2.229698E-07
 2617   -2.227995E-07
 2618   -2.226293E-07
 2619   -2.224594E-07
 2620   -2.222896E-07
 2621   -2.252375E-07
 2622   -2.250658E-07
 2623   -2.248943E-07
 2624   -2.247229E-07
 2625   -2.245518E-07
 2626   -2.243808E-07
 2627   -2.242100E-07
 2628   -2.240395E-07
 2629   -2.238691E-07
 2630   -2.236989E-07
 2631   -2.283746E-07
 2632   -2.282011E-07
 2633   -2.280278E-07
 2634   -2.278547E-07
 2635   -2.276819E-07
 2636   -2.275092E-07
 2637   -2.273367E-07
 2638   -2.271644E-07
 2639   -2.269923E-07
 2640   -2.268204E-07
 2641   -2.246345E-07
 2642   -2.244645E-07
 2643   -2.242947E-07
 2644   -2.241251E-07
 2645   -2.239557E-07
 2646   -2.237865E-07
 2647   -2.236175E-07
 2648   -2.234487E-07
 2649   -2.232800E-07
 2650   -2.231116E-07
 2651   -2.274278E-07
 2652   -2.272564E-07
 2653   -2.270851E-07
 2654   -2.269140E-07
 2655   -2.267432E-07
 2656   -2.265725E-07
 2657   -2.264020E-07
 2658   -2.262317E-07
 2659   -2.260616E-07
 2660   -2.258917E-07
 2661   -2.263000E-07
 2662   -2.261300E-07
 2663   -2.259602E-07
 2664   -2.257907E-07
 2665   -2.256213E-07
 2666   -2.254521E-07
 2667   -2.252831E-07
 2668   -2.251143E-07
 2669   -2.249456E-07
 2670   -2.247772E-07
 2671   -2.272004E-07
 2672   -2.270304E-07
 2673   -2.268606E-07
 2674   -2.266909E-07
 2675   -2.265215E-07
 2676   -2.263523E-07
 2677   -2.261832E-07
 2678   -2.260144E-07
 2679   -2.258457E-07
 2680   -2.256772E-07
 2681   -2.285694E-07
 2682   -2.283990E-07
 2683   -2.282288E-07
 2684   -2.280588E-07
 2685   -2.278890E-07
 2686   -2.277194E-07
 2687   -2.275499E-07
 2688   -2.273807E-07
 2689   -2.272116E-07
 2690   -2.270428E-07
 2691   -2.276808E-07
 2692   -2.275117E-07
 2693   -2.273428E-07
 2694   -2.271741E-07
 2695   -2.270056E-07
 2696   -2.268372E-07
 2697   -2.266691E-07
 2698   -2.265011E-07
 2699   -2.263333E-07
 2700   -2.261657E-07
 2701   -2.273371E-07
 2702   -2.271689E-07
 2703   -2.270008E-07
 2704   -2.268330E-07
 2705   -2.266653E-07
 2706   -2.264979E-07
 2707   -2.263306E-07
 2708   -2.261635E-07
 2709   -2.259966E-07
 2710   -2.258299E-07
 2711   -2.280775E-07
 2712   -2.279094E-07
 2713   -2.277414E-07
 2714   -2.275736E-07
 2715   -2.274061E-07
 2716   -2.272387E-07
 2717   -2.270715E-07
 2718   -2.269044E-07
 2719   -2.267376E-07
 2720   -2.265709E-07
 2721   -2.288788E-07
 2722   -2.287107E-07
 2723   -2.285428E-07
 2724   -2.283750E-07
 2725   -2.282075E-07
 2726   -2.280401E-07
 2727   -2.278729E-07
 2728   -2.277059E-07
 2729   -2.275391E-07
 2730   -2.273725E-07
 2731   -2.258132E-07
 2732   -2.256480E-07
 2733   -2.254829E-07
 2734   -2.253180E-07
 2735   -2.251533E-07
 2736   -2.249888E-07
 2737   -2.248244E-07
 2738   -2.246603E-07
 2739   -2.244963E-07
 2740   -2.243325E-07
 2741   -2.224448E-07
 2742   -2.222826E-07
 2743   -2.221206E-07
 2744   -2.219588E-07
 2745   -2.217971E-07
 2746   -2.216356E-07
 2747   -2.214743E-07
 2748   -2.213132E-07
 2749   -2.211523E-07
 2750   -2.209915E-07
 2751   -2.213148E-07
 2752   -2.211540E-07
 2753   -2.209934E-07
 2754   -2.208329E-07
 2755   -2.206727E-07
 2756   -2.205126E-07
 2757   -2.203527E-07
 2758   -2.201930E-07
 2759   -2.200334E-07
 2760   -2.198740E-07
 2761   -2.133760E-07
 2762   -2.132216E-07
 2763   -2.130673E-07
 2764   -2.129132E-07
 2765   -2.127592E-07
 2766   -2.126054E-07
 2767   -2.124518E-07
 2768   -2.122984E-07
 2769   -2.121451E-07
 2770   -2.119920E-07
 2771   -2.184738E-07
 2772   -2.183162E-07
 2773   -2.181588E-07
 2774   -2.180016E-07
 2775   -2.178446E-07
 2776   -2.176877E-07
 2777   -2.175309E-07
 2778   -2.173744E-07
 2779   -2.172180E-07
 2780   -2.170618E-07
 2781   -2.106185E-07
 2782   -2.104671E-07
 2783   -2.103159E-07
 2784   -2.101649E-07
 2785   -2.100140E-07
 2786   -2.098633E-07
 2787   -2.097127E-07
 2788   -2.095623E-07
 2789   -2.094121E-07
 2790   -2.092621E-07
 2791   -2.071956E-07
 2792   -2.070472E-07
 2793   -2.068990E-07
 2794   -2.067510E-07
 2795   -2.066031E-07
 2796   -2.064554E-07
 2797   -2.063078E-07
 2798   -2.061604E-07
 2799   -2.060131E-07
 2800   -2.058660E-07
 2801   -2.019263E-07
 2802   -2.017822E-07
 2803   -2.016383E-07
 2804   -2.014945E-07
 2805   -2.013509E-07
 2806   -2.012074E-07
 2807   -2.010641E-07
 2808   -2.009209E-07
 2809   -2.007779E-07
 2810   -2.006351E-07
 2811   -1.918806E-07
 2812   -1.917442E-07
 2813   -1.916079E-07
 2814   -1.914718E-07
 2815   -1.913358E-07
 2816   -1.912000E-07
 2817   -1.910643E-07
 2818   -1.909287E-07
 2819   -1.907933E-07
 2820   -1.906580E-07
 2821   -1.962925E-07
 2822   -1.961534E-07
 2823   -1.960145E-07
 2824   -1.958757E-07
 2825   -1.957371E-07
 2826   -1.955986E-07
 2827   -1.954603E-07
 2828   -1.953221E-07
 2829   -1.951840E-07
 2830   -1.950462E-07
 2831   -1.872956E-07
 2832   -1.871634E-07
 2833   -1.870313E-07
 2834   -1.868993E-07
 2835   -1.867675E-07
 2836   -1.866359E-07
 2837   -1.865043E-07
 2838   -1.863730E-07
 2839   -1.862417E-07
 2840   -1.861106E-07
 2841   -1.845605E-07
 2842   -1.844307E-07
 2843   -1.843010E-07
 2844   -1.841714E-07
 2845   -1.840420E-07
 2846   -1.839127E-07
 2847   -1.837836E-07
 2848   -1.836546E-07
 2849   -1.835257E-07
 2850   -1.833969E-07
 2851   -1.772673E-07
 2852   -1.771430E-07
 2853   -1.770189E-07
 2854   -1.768949E-07
 2855   -1.767710E-07
 2856   -1.766472E-07
 2857   -1.765236E-07
 2858   -1.764001E-07
 2859   -1.762768E-07
 2860   -1.761536E-07
 2861   -1.668640E-07
 2862   -1.667474E-07
 2863   -1.666310E-07
 2864   -1.665146E-07
 2865   -1.663984E-07
 2866   -1.662824E-07
 2867   -1.661664E-07
 2868   -1.660506E-07
 2869   -1.659348E-07
 2870   -1.658193E-07
 2871   -1.710547E-07
 2872   -1.709356E-07
 2873   -1.708167E-07
 2874   -1.706978E-07
 2875   -1.705791E-07
 2876   -1.704606E-07
 2877   -1.703421E-07
 2878   -1.702238E-07
 2879   -1.701056E-07
 2880   -1.699875E-07
 2881   -1.643487E-07
 2882   -1.642347E-07
 2883   -1.641208E-07
 2884   -1.640070E-07
 2885   -1.638934E-07
 2886   -1.637798E-07
 2887   -1.636664E-07
 2888   -1.635531E-07
 2889   -1.634399E-07
 2890   -1.633269E-07
 2891   -1.609129E-07
 2892   -1.608017E-07
 2893   -1.606906E-07
 2894   -1.605795E-07
 2895   -1.604686E-07
 2896   -1.603579E-07
 2897   -1.602472E-07
 2898   -1.601366E-07
 2899   -1.600262E-07
 2900   -1.599159E-07
 2901   -1.512101E-07
 2902   -1.511059E-07
 2903   -1.510019E-07
 2904   -1.508979E-07
 2905   -1.507941E-07
 2906   -1.506903E-07
 2907   -1.505867E-07
 2908   -1.504831E-07
 2909   -1.503797E-07
 2910   -1.502764E-07
 2911   -1.425794E-07
 2912   -1.424815E-07
 2913   -1.423837E-07
 2914   -1.422860E-07
 2915   -1.421884E-07
 2916   -1.420909E-07
 2917   -1.419935E-07
 2918   -1.418962E-07
 2919   -1.417990E-07
 2920   -1.417020E-07
 2921   -1.464214E-07
 2922   -1.463212E-07
 2923   -1.462211E-07
 2924   -1.461211E-07
 2925   -1.460213E-07
 2926   -1.459215E-07
 2927   -1.458218E-07
 2928   -1.457222E-07
 2929   -1.456228E-07
 2930   -1.455234E-07
 2931   -1.386242E-07
 2932   -1.385297E-07
 2933   -1.384353E-07
 2934   -1.383410E-07
 2935   -1.382467E-07
 2936   -1.381526E-07
 2937   -1.380585E-07
 2938   -1.379646E-07
 2939   -1.378707E-07
 2940   -1.377770E-07
 2941   -1.365353E-07
 2942   -1.364426E-07
 2943   -1.363499E-07
 2944   -1.362573E-07
 2945   -1.361648E-07
 2946   -1.360724E-07
 2947   -1.359800E-07
 2948   -1.358878E-07
 2949   -1.357957E-07
 2950   -1.357037E-07
 2951   -1.256360E-07
 2952   -1.255509E-07
 2953   -1.254659E-07
 2954   -1.253810E-07
 2955   -1.252961E-07
 2956   -1.252114E-07
 2957   -1.251267E-07
 2958   -1.250421E-07
 2959   -1.249577E-07
 2960   -1.248733E-07
 2961   -1.194942E-07
 2962   -1.194136E-07
 2963   -1.193330E-07
 2964   -1.192525E-07
 2965   -1.191721E-07
 2966   -1.190917E-07
 2967   -1.190115E-07
 2968   -1.189313E-07
 2969   -1.188512E-07
 2970   -1.187712E-07
 2971   -1.200649E-07
 2972   -1.199841E-07
 2973   -1.199034E-07
 2974   -1.198228E-07
 2975   -1.197423E-07
 2976   -1.196619E-07
 2977   -1.195815E-07
 2978   -1.195012E-07
 2979   -1.194210E-07
 2980   -1.193409E-07
 2981   -1.150769E-07
 2982   -1.149997E-07
 2983   -1.149226E-07
 2984   -1.148456E-07
 2985   -1.147687E-07
 2986   -1.146919E-07
 2987   -1.146151E-07
 2988   -1.145384E-07
 2989   -1.144618E-07
 2990   -1.143853E-07
 2991   -1.127064E-07
 2992   -1.126311E-07
 2993   -1.125558E-07
 2994   -1.124807E-07
 2995   -1.124056E-07
 2996   -1.123306E-07
 2997   -1.122556E-07
 2998   -1.121808E-07
 2999   -1.121060E-07
 3000   -1.120313E-07
 3001   -1.034868E-07
 3002   -1.034179E-07
 3003   -1.033491E-07
 3004   -1.032803E-07
 3005   -1.032116E-07
 3006   -1.031429E-07
 3007   -1.030743E-07
 3008   -1.030058E-07
 3009   -1.029374E-07
 3010   -1.028690E-07
 3011   -9.754761E-08
 3012   -9.748286E-08
 3013   -9.741817E-08
 3014   -9.735355E-08
 3015   -9.728899E-08
 3016   -9.722450E-08
 3017   -9.716007E-08
 3018   -9.709570E-08
 3019   -9.703140E-08
 3020   -9.696716E-08
 3021   -9.831134E-08
 3022   -9.824630E-08
 3023   -9.818132E-08
 3024   -9.811641E-08
 3025   -9.805156E-08
 3026   -9.798678E-08
 3027   -9.792206E-08
 3028   -9.785740E-08
 3029   -9.779281E-08
 3030   -9.772828E-08
 3031   -9.385999E-08
 3032   -9.379810E-08
 3033   -9.373627E-08
 3034   -9.367450E-08
 3035   -9.361279E-08
 3036   -9.355114E-08
 3037   -9.348956E-08
 3038   -9.342803E-08
 3039   -9.336656E-08
 3040   -9.330516E-08
 3041   -9.212015E-08
 3042   -9.205961E-08
 3043   -9.199912E-08
 3044   -9.193869E-08
 3045   -9.187833E-08
 3046   -9.181802E-08
 3047   -9.175777E-08
 3048   -9.169758E-08
 3049   -9.163745E-08
 3050   -9.157738E-08
 3051   -8.602063E-08
 3052   -8.596428E-08
 3053   -8.590799E-08
 3054   -8.585175E-08
 3055   -8.579556E-08
 3056   -8.573943E-08
 3057   -8.568335E-08
 3058   -8.562733E-08
 3059   -8.557137E-08
 3060   -8.551546E-08
 3061   -8.179110E-08
 3062   -8.173770E-08
 3063   -8.168434E-08
 3064   -8.163104E-08
 3065   -8.157779E-08
 3066   -8.152460E-08
 3067   -8.147145E-08
 3068   -8.141836E-08
 3069   -8.136532E-08
 3070   -8.131233E-08
 3071   -8.035693E-08
 3072   -8.030463E-08
 3073   -8.025238E-08
 3074   -8.020019E-08
 3075   -8.014804E-08
 3076   -8.009595E-08
 3077   -8.004390E-08
 3078   -7.999191E-08
 3079   -7.993997E-08
 3080   -7.988807E-08
 3081   -7.265165E-08
 3082   -7.260452E-08
 3083   -7.255743E-08
 3084   -7.251039E-08
 3085   -7.246340E-08
 3086   -7.241645E-08
 3087   -7.236955E-08
 3088   -7.232269E-08
 3089   -7.227588E-08
 3090   -7.222912E-08
 3091   -5.719483E-08
 3092   -5.715785E-08
 3093   -5.712090E-08
 3094   -5.708399E-08
 3095   -5.704711E-08
 3096   -5.701027E-08
 3097   -5.697347E-08
 3098   -5.693670E-08
 3099   -5.689996E-08
 3100   -5.686327E-08
 3101   -2.646307E-08
 3102   -2.644601E-08
 3103   -2.642897E-08
 3104   -2.641195E-08
 3105   -2.639494E-08
 3106   -2.637795E-08
 3107   -2.636098E-08
 3108   -2.634402E-08
 3109   -2.632708E-08
 3110   -2.631015E-08
 3111   -9.374425E-09
 3112   -9.368402E-09
 3113   -9.362386E-09
 3114   -9.356374E-09
 3115   -9.350369E-09
 3116   -9.344369E-09
 3117   -9.338376E-09
 3118   -9.332388E-09
 3119   -9.326405E-09
 3120   -9.320429E-09
 3121   -4.000352E-09
 3122   -3.997790E-09
 3123   -3.995231E-09
 3124   -3.992674E-09
 3125   -3.990119E-09
 3126   -3.987567E-09
 3127   -3.985018E-09
 3128   -3.982470E-09
 3129   -3.979926E-09
 3130   -3.977383E-09
 3131   -2.723822E-09
 3132   -2.722083E-09
 3133   -2.720346E-09
 3134   -2.718611E-09
 3135   -2.716877E-09
 3136   -2.715145E-09
 3137   -2.713414E-09
 3138   -2.711685E-09
 3139   -2.709958E-09
 3140   -2.708233E-09
 3141   -1.876841E-09
 3142   -1.875646E-09
 3143   -1.874453E-09
 3144   -1.873261E-09
 3145   -1.872070E-09
 3146   -1.870881E-09
 3147   -1.869692E-09
 3148   -1.868505E-09
 3149   -1.867318E-09
 3150   -1.866133E-09
 3151   -1.175542E-09
 3152   -1.174796E-09
 3153   -1.174051E-09
 3154   -1.173307E-09
 3155   -1.172564E-09
 3156   -1.171821E-09
 3157   -1.171079E-09
 3158   -1.170337E-09
 3159   -1.169597E-09
 3160   -1.168857E-09
 3161   -8.330740E-10
 3162   -8.325473E-10
 3163   -8.320210E-10
 3164   -8.314953E-10
 3165   -8.309700E-10
 3166   -8.304452E-10
 3167   -8.299210E-10
 3168   -8.293972E-10
 3169   -8.288739E-10
 3170   -8.283511E-10
 3171   -6.361895E-10
 3172   -6.357885E-10
 3173   -6.353879E-10
 3174   -6.349877E-10
 3175   -6.345878E-10
 3176   -6.341883E-10
 3177   -6.337892E-10
 3178   -6.333905E-10
 3179   -6.329921E-10
 3180   -6.325941E-10
 3181   -4.239873E-10
 3182   -4.237209E-10
 3183   -4.234548E-10
 3184   -4.231889E-10
 3185   -4.229232E-10
 3186   -4.226578E-10
 3187   -4.223927E-10
 3188   -4.221278E-10
 3189   -4.218631E-10
 3190   -4.215987E-10
 3191   -2.945677E-10
 3192   -2.943832E-10
 3193   -2.941989E-10
 3194   -2.940147E-10
 3195   -2.938307E-10
 3196   -2.936469E-10
 3197   -2.934633E-10
 3198   -2.932798E-10
 3199   -2.930965E-10
 3200   -2.929134E-10
 3201   -2.241518E-10
 3202   -2.240119E-10
 3203   -2.238720E-10
 3204   -2.237323E-10
 3205   -2.235928E-10
 3206   -2.234533E-10
 3207   -2.233140E-10
 3208   -2.231748E-10
 3209   -2.230358E-10
 3210   -2.228969E-10
 3211   -1.676544E-10
 3212   -1.675500E-10
 3213   -1.674458E-10
 3214   -1.673416E-10
 3215   -1.672375E-10
 3216   -1.671335E-10
 3217   -1.670297E-10
 3218   -1.669259E-10
 3219   -1.668222E-10
 3220   -1.667186E-10
 3221   -1.230621E-10
 3222   -1.229858E-10
 3223   -1.229095E-10
 3224   -1.228333E-10
 3225   -1.227571E-10
 3226   -1.226810E-10
 3227   -1.226050E-10
 3228   -1.225291E-10
 3229   -1.224532E-10
 3230   -1.223774E-10
 3231   -1.027853E-10
 3232   -1.027217E-10
 3233   -1.026582E-10
 3234   -1.025947E-10
 3235   -1.025313E-10
 3236   -1.024679E-10
 3237   -1.024047E-10
 3238   -1.023414E-10
 3239   -1.022783E-10
 3240   -1.022151E-10
 3241   -8.818782E-11
 3242   -8.813344E-11
 3243   -8.807910E-11
 3244   -8.802481E-11
 3245   -8.797058E-11
 3246   -8.791639E-11
 3247   -8.786226E-11
 3248   -8.780817E-11
 3249   -8.775414E-11
 3250   -8.770015E-11
 3251   -6.964412E-11
 3252   -6.960130E-11
 3253   -6.955852E-11
 3254   -6.951578E-11
 3255   -6.947308E-11
 3256   -6.943042E-11
 3257   -6.938780E-11
 3258   -6.934521E-11
 3259   -6.930267E-11
 3260   -6.926017E-11
 3261   -6.126145E-11
 3262   -6.122390E-11
 3263   -6.118639E-11
 3264   -6.114891E-11
 3265   -6.111146E-11
 3266   -6.107405E-11
 3267   -6.103667E-11
 3268   -6.099933E-11
 3269   -6.096202E-11
 3270   -6.092475E-11
 3271   -5.577759E-11
 3272   -5.574350E-11
 3273   -5.570945E-11
 3274   -5.567543E-11
 3275   -5.564144E-11
 3276   -5.560748E-11
 3277   -5.557355E-11
 3278   -5.553966E-11
 3279   -5.550579E-11
 3280   -5.547196E-11
 3281   -4.993951E-11
 3282   -4.990909E-11
 3283   -4.987869E-11
 3284   -4.984833E-11
 3285   -4.981799E-11
 3286   -4.978767E-11
 3287   -4.975739E-11
 3288   -4.972713E-11
 3289   -4.969690E-11
 3290   -4.966670E-11
 3291   -4.323923E-11
 3292   -4.321297E-11
 3293   -4.318673E-11
 3294   -4.316052E-11
 3295   -4.313433E-11
 3296   -4.310816E-11
 3297   -4.308202E-11
 3298   -4.305590E-11
 3299   -4.302981E-11
 3300   -4.300374E-11
