   50    0.000000E+00
   51    0.000000E+00
   52    0.000000E+00
   53    0.000000E+00
   54    0.000000E+00
   55    0.000000E+00
   56    0.000000E+00
   57    0.000000E+00
   58    0.000000E+00
   59    0.000000E+00
   60    0.000000E+00
   61    0.000000E+00
   62    0.000000E+00
   63    0.000000E+00
   64    0.000000E+00
   65    0.000000E+00
   66    0.000000E+00
   67    0.000000E+00
   68    0.000000E+00
   69    0.000000E+00
   70    0.000000E+00
   71    0.000000E+00
   72    0.000000E+00
   73    0.000000E+00
   74    0.000000E+00
   75    0.000000E+00
   76    0.000000E+00
   77    0.000000E+00
   78    0.000000E+00
   79    0.000000E+00
   80    0.000000E+00
   81    0.000000E+00
   82    0.000000E+00
   83    0.000000E+00
   84    0.000000E+00
   85    0.000000E+00
   86    0.000000E+00
   87    0.000000E+00
   88    0.000000E+00
   89    0.000000E+00
   90    0.000000E+00
   91    0.000000E+00
   92    0.000000E+00
   93    0.000000E+00
   94    0.000000E+00
   95    0.000000E+00
   96    0.000000E+00
   97    0.000000E+00
   98    0.000000E+00
   99    0.000000E+00
  100    0.000000E+00
  101    0.000000E+00
  102    0.000000E+00
  103    0.000000E+00
  104    0.000000E+00
  105    0.000000E+00
  106    0.000000E+00
  107    0.000000E+00
  108    0.000000E+00
  109    0.000000E+00
  110    0.000000E+00
  111    0.000000E+00
  112    0.000000E+00
  113    0.000000E+00
  114    0.000000E+00
  115    0.000000E+00
  116    0.000000E+00
  117    0.000000E+00
  118    0.000000E+00
  119    0.000000E+00
  120    0.000000E+00
  121    0.000000E+00
  122    0.000000E+00
  123    0.000000E+00
  124    0.000000E+00
  125    0.000000E+00
  126    0.000000E+00
  127    0.000000E+00
  128    0.000000E+00
  129    0.000000E+00
  130    0.000000E+00
  131    0.000000E+00
  132    0.000000E+00
  133    0.000000E+00
  134    0.000000E+00
  135    0.000000E+00
  136    0.000000E+00
  137    0.000000E+00
  138    0.000000E+00
  139    0.000000E+00
  140    0.000000E+00
  141    0.000000E+00
  142    0.000000E+00
  143    0.000000E+00
  144    0.000000E+00
  145    0.000000E+00
  146    0.000000E+00
  147    0.000000E+00
  148    0.000000E+00
  149    0.000000E+00
  150    0.000000E+00
  151    0.000000E+00
  152    0.000000E+00
  153    0.000000E+00
  154    0.000000E+00
  155    0.000000E+00
  156    0.000000E+00
  157    0.000000E+00
  158    0.000000E+00
  159    0.000000E+00
  160    0.000000E+00
  161    0.000000E+00
  162    0.000000E+00
  163    0.000000E+00
  164    0.000000E+00
  165    0.000000E+00
  166    0.000000E+00
  167    0.000000E+00
  168    0.000000E+00
  169    0.000000E+00
  170    0.000000E+00
  171    0.000000E+00
  172    0.000000E+00
  173    0.000000E+00
  174    0.000000E+00
  175    0.000000E+00
  176    0.000000E+00
  177    0.000000E+00
  178    0.000000E+00
  179    0.000000E+00
  180    0.000000E+00
  181    1.388954E-11
  182    1.373774E-11
  183    1.358842E-11
  184    1.344151E-11
  185    1.329698E-11
  186    1.315477E-11
  187    1.301482E-11
  188    1.287710E-11
  189    1.274155E-11
  190    1.260813E-11
  191    3.100357E-11
  192    3.068229E-11
  193    3.036598E-11
  194    3.005453E-11
  195    2.974785E-11
  196    2.944585E-11
  197    2.914841E-11
  198    2.885546E-11
  199    2.856691E-11
  200    2.828266E-11
  201    5.614967E-10
  202    5.559647E-10
  203    5.505140E-10
  204    5.451432E-10
  205    5.398505E-10
  206    5.346346E-10
  207    5.294939E-10
  208    5.244269E-10
  209    5.194324E-10
  210    5.145089E-10
  211    7.623577E-10
  212    7.551995E-10
  213    7.481415E-10
  214    7.411821E-10
  215    7.343193E-10
  216    7.275513E-10
  217    7.208766E-10
  218    7.142932E-10
  219    7.077996E-10
  220    7.013942E-10
  221    1.291867E-09
  222    1.280281E-09
  223    1.268850E-09
  224    1.257571E-09
  225    1.246442E-09
  226    1.235460E-09
  227    1.224623E-09
  228    1.213927E-09
  229    1.203371E-09
  230    1.192953E-09
  231    2.845609E-09
  232    2.821183E-09
  233    2.797071E-09
  234    2.773266E-09
  235    2.749763E-09
  236    2.726559E-09
  237    2.703646E-09
  238    2.681022E-09
  239    2.658680E-09
  240    2.636616E-09
  241    2.608713E-09
  242    2.587242E-09
  243    2.566035E-09
  244    2.545088E-09
  245    2.524396E-09
  246    2.503956E-09
  247    2.483762E-09
  248    2.463813E-09
  249    2.444102E-09
  250    2.424627E-09
  251    5.506790E-09
  252    5.463258E-09
  253    5.420240E-09
  254    5.377728E-09
  255    5.335715E-09
  256    5.294192E-09
  257    5.253152E-09
  258    5.212587E-09
  259    5.172490E-09
  260    5.132854E-09
  261    5.865150E-09
  262    5.820548E-09
  263    5.776453E-09
  264    5.732857E-09
  265    5.689753E-09
  266    5.647133E-09
  267    5.604991E-09
  268    5.563318E-09
  269    5.522108E-09
  270    5.481354E-09
  271    7.923268E-09
  272    7.865222E-09
  273    7.807811E-09
  274    7.751027E-09
  275    7.694860E-09
  276    7.639302E-09
  277    7.584343E-09
  278    7.529975E-09
  279    7.476189E-09
  280    7.422978E-09
  281    9.410067E-09
  282    9.343564E-09
  283    9.277765E-09
  284    9.212657E-09
  285    9.148233E-09
  286    9.084482E-09
  287    9.021396E-09
  288    8.958964E-09
  289    8.897178E-09
  290    8.836029E-09
  291    1.202665E-08
  292    1.194455E-08
  293    1.186330E-08
  294    1.178287E-08
  295    1.170326E-08
  296    1.162445E-08
  297    1.154643E-08
  298    1.146920E-08
  299    1.139273E-08
  300    1.131703E-08
  301    1.547856E-08
  302    1.537639E-08
  303    1.527523E-08
  304    1.517507E-08
  305    1.507588E-08
  306    1.497767E-08
  307    1.488041E-08
  308    1.478410E-08
  309    1.468872E-08
  310    1.459425E-08
  311    1.815416E-08
  312    1.803816E-08
  313    1.792327E-08
  314    1.780947E-08
  315    1.769675E-08
  316    1.758510E-08
  317    1.747450E-08
  318    1.736494E-08
  319    1.725641E-08
  320    1.714890E-08
  321    2.250146E-08
  322    2.236214E-08
  323    2.222410E-08
  324    2.208733E-08
  325    2.195183E-08
  326    2.181757E-08
  327    2.168453E-08
  328    2.155271E-08
  329    2.142209E-08
  330    2.129265E-08
  331    2.797317E-08
  332    2.780516E-08
  333    2.763867E-08
  334    2.747366E-08
  335    2.731013E-08
  336    2.714805E-08
  337    2.698741E-08
  338    2.682819E-08
  339    2.667038E-08
  340    2.651395E-08
  341    3.345160E-08
  342    3.325654E-08
  343    3.306319E-08
  344    3.287152E-08
  345    3.268151E-08
  346    3.249315E-08
  347    3.230640E-08
  348    3.212127E-08
  349    3.193772E-08
  350    3.175573E-08
  351    3.840255E-08
  352    3.818498E-08
  353    3.796924E-08
  354    3.775533E-08
  355    3.754322E-08
  356    3.733290E-08
  357    3.712433E-08
  358    3.691751E-08
  359    3.671241E-08
  360    3.650902E-08
  361    5.109365E-08
  362    5.081215E-08
  363    5.053296E-08
  364    5.025607E-08
  365    4.998144E-08
  366    4.970906E-08
  367    4.943891E-08
  368    4.917095E-08
  369    4.890516E-08
  370    4.864152E-08
  371    5.589589E-08
  372    5.559618E-08
  373    5.529887E-08
  374    5.500395E-08
  375    5.471137E-08
  376    5.442113E-08
  377    5.413318E-08
  378    5.384752E-08
  379    5.356411E-08
  380    5.328294E-08
  381    6.908740E-08
  382    6.872663E-08
  383    6.836868E-08
  384    6.801352E-08
  385    6.766112E-08
  386    6.731145E-08
  387    6.696448E-08
  388    6.662019E-08
  389    6.627855E-08
  390    6.593953E-08
  391    8.287275E-08
  392    8.245100E-08
  393    8.203247E-08
  394    8.161712E-08
  395    8.120491E-08
  396    8.079582E-08
  397    8.038981E-08
  398    7.998685E-08
  399    7.958692E-08
  400    7.918997E-08
  401    8.560711E-08
  402    8.518226E-08
  403    8.476057E-08
  404    8.434200E-08
  405    8.392652E-08
  406    8.351411E-08
  407    8.310472E-08
  408    8.269834E-08
  409    8.229494E-08
  410    8.189447E-08
  411    1.126197E-07
  412    1.120744E-07
  413    1.115329E-07
  414    1.109954E-07
  415    1.104618E-07
  416    1.099320E-07
  417    1.094060E-07
  418    1.088838E-07
  419    1.083653E-07
  420    1.078505E-07
  421    1.154018E-07
  422    1.148561E-07
  423    1.143144E-07
  424    1.137764E-07
  425    1.132422E-07
  426    1.127118E-07
  427    1.121851E-07
  428    1.116621E-07
  429    1.111428E-07
  430    1.106270E-07
  431    1.525593E-07
  432    1.518546E-07
  433    1.511548E-07
  434    1.504599E-07
  435    1.497697E-07
  436    1.490842E-07
  437    1.484035E-07
  438    1.477274E-07
  439    1.470559E-07
  440    1.463890E-07
  441    1.710920E-07
  442    1.703196E-07
  443    1.695524E-07
  444    1.687903E-07
  445    1.680334E-07
  446    1.672816E-07
  447    1.665348E-07
  448    1.657930E-07
  449    1.650561E-07
  450    1.643242E-07
  451    1.905950E-07
  452    1.897536E-07
  453    1.889176E-07
  454    1.880872E-07
  455    1.872623E-07
  456    1.864428E-07
  457    1.856286E-07
  458    1.848198E-07
  459    1.840162E-07
  460    1.832179E-07
  461    2.343177E-07
  462    2.333055E-07
  463    2.322999E-07
  464    2.313007E-07
  465    2.303080E-07
  466    2.293217E-07
  467    2.283417E-07
  468    2.273680E-07
  469    2.264004E-07
  470    2.254391E-07
  471    2.447237E-07
  472    2.436889E-07
  473    2.426607E-07
  474    2.416389E-07
  475    2.406237E-07
  476    2.396148E-07
  477    2.386122E-07
  478    2.376159E-07
  479    2.366258E-07
  480    2.356419E-07
  481    3.171028E-07
  482    3.157897E-07
  483    3.144848E-07
  484    3.131880E-07
  485    3.118991E-07
  486    3.106182E-07
  487    3.093452E-07
  488    3.080800E-07
  489    3.068225E-07
  490    3.055727E-07
  491    3.202874E-07
  492    3.189881E-07
  493    3.176967E-07
  494    3.164130E-07
  495    3.151372E-07
  496    3.138690E-07
  497    3.126085E-07
  498    3.113556E-07
  499    3.101101E-07
  500    3.088722E-07
  501    3.674612E-07
  502    3.660001E-07
  503    3.645477E-07
  504    3.631040E-07
  505    3.616688E-07
  506    3.602421E-07
  507    3.588238E-07
  508    3.574139E-07
  509    3.560123E-07
  510    3.546189E-07
  511    4.289345E-07
  512    4.272622E-07
  513    4.255997E-07
  514    4.239469E-07
  515    4.223037E-07
  516    4.206700E-07
  517    4.190458E-07
  518    4.174310E-07
  519    4.158255E-07
  520    4.142292E-07
  521    4.489198E-07
  522    4.472031E-07
  523    4.454962E-07
  524    4.437991E-07
  525    4.421116E-07
  526    4.404338E-07
  527    4.387655E-07
  528    4.371066E-07
  529    4.354572E-07
  530    4.338170E-07
  531    5.485203E-07
  532    5.464621E-07
  533    5.444154E-07
  534    5.423802E-07
  535    5.403564E-07
  536    5.383439E-07
  537    5.363426E-07
  538    5.343525E-07
  539    5.323734E-07
  540    5.304053E-07
  541    5.512175E-07
  542    5.491872E-07
  543    5.471681E-07
  544    5.451602E-07
  545    5.431632E-07
  546    5.411773E-07
  547    5.392022E-07
  548    5.372379E-07
  549    5.352843E-07
  550    5.333413E-07
  551    6.625028E-07
  552    6.601067E-07
  553    6.577237E-07
  554    6.553535E-07
  555    6.529961E-07
  556    6.506514E-07
  557    6.483193E-07
  558    6.459998E-07
  559    6.436926E-07
  560    6.413978E-07
  561    7.206470E-07
  562    7.180870E-07
  563    7.155406E-07
  564    7.130077E-07
  565    7.104883E-07
  566    7.079821E-07
  567    7.054892E-07
  568    7.030095E-07
  569    7.005428E-07
  570    6.980890E-07
  571    7.742410E-07
  572    7.715386E-07
  573    7.688503E-07
  574    7.661760E-07
  575    7.635157E-07
  576    7.608692E-07
  577    7.582364E-07
  578    7.556173E-07
  579    7.530117E-07
  580    7.504196E-07
  581    8.752147E-07
  582    8.722123E-07
  583    8.692252E-07
  584    8.662535E-07
  585    8.632970E-07
  586    8.603556E-07
  587    8.574293E-07
  588    8.545178E-07
  589    8.516211E-07
  590    8.487391E-07
  591    9.486521E-07
  592    9.454526E-07
  593    9.422692E-07
  594    9.391019E-07
  595    9.359506E-07
  596    9.328151E-07
  597    9.296953E-07
  598    9.265911E-07
  599    9.235025E-07
  600    9.204293E-07
  601    1.053991E-06
  602    1.050495E-06
  603    1.047017E-06
  604    1.043556E-06
  605    1.040112E-06
  606    1.036685E-06
  607    1.033274E-06
  608    1.029881E-06
  609    1.026504E-06
  610    1.023144E-06
  611    1.083479E-06
  612    1.079944E-06
  613    1.076427E-06
  614    1.072926E-06
  615    1.069443E-06
  616    1.065976E-06
  617    1.062526E-06
  618    1.059093E-06
  619    1.055677E-06
  620    1.052277E-06
  621    1.247238E-06
  622    1.243234E-06
  623    1.239249E-06
  624    1.235283E-06
  625    1.231337E-06
  626    1.227409E-06
  627    1.223500E-06
  628    1.219610E-06
  629    1.215738E-06
  630    1.211885E-06
  631    1.324989E-06
  632    1.320803E-06
  633    1.316636E-06
  634    1.312489E-06
  635    1.308362E-06
  636    1.304254E-06
  637    1.300165E-06
  638    1.296096E-06
  639    1.292046E-06
  640    1.288014E-06
  641    1.435780E-06
  642    1.431314E-06
  643    1.426869E-06
  644    1.422445E-06
  645    1.418041E-06
  646    1.413657E-06
  647    1.409294E-06
  648    1.404951E-06
  649    1.400628E-06
  650    1.396325E-06
  651    1.602021E-06
  652    1.597115E-06
  653    1.592230E-06
  654    1.587369E-06
  655    1.582529E-06
  656    1.577712E-06
  657    1.572916E-06
  658    1.568143E-06
  659    1.563391E-06
  660    1.558660E-06
  661    1.690989E-06
  662    1.685888E-06
  663    1.680810E-06
  664    1.675755E-06
  665    1.670722E-06
  666    1.665713E-06
  667    1.660725E-06
  668    1.655761E-06
  669    1.650818E-06
  670    1.645898E-06
  671    1.947822E-06
  672    1.942034E-06
  673    1.936271E-06
  674    1.930534E-06
  675    1.924823E-06
  676    1.919136E-06
  677    1.913475E-06
  678    1.907839E-06
  679    1.902228E-06
  680    1.896641E-06
  681    2.010491E-06
  682    2.004603E-06
  683    1.998742E-06
  684    1.992906E-06
  685    1.987096E-06
  686    1.981311E-06
  687    1.975552E-06
  688    1.969817E-06
  689    1.964107E-06
  690    1.958423E-06
  691    2.132274E-06
  692    2.126120E-06
  693    2.119993E-06
  694    2.113893E-06
  695    2.107818E-06
  696    2.101770E-06
  697    2.095748E-06
  698    2.089751E-06
  699    2.083781E-06
  700    2.077835E-06
  701    2.225425E-06
  702    2.219094E-06
  703    2.212790E-06
  704    2.206512E-06
  705    2.200261E-06
  706    2.194037E-06
  707    2.187839E-06
  708    2.181668E-06
  709    2.175522E-06
  710    2.169403E-06
  711    2.308685E-06
  712    2.302209E-06
  713    2.295760E-06
  714    2.289339E-06
  715    2.282944E-06
  716    2.276576E-06
  717    2.270234E-06
  718    2.263919E-06
  719    2.257631E-06
  720    2.251368E-06
  721    2.518564E-06
  722    2.511597E-06
  723    2.504659E-06
  724    2.497750E-06
  725    2.490869E-06
  726    2.484016E-06
  727    2.477192E-06
  728    2.470396E-06
  729    2.463628E-06
  730    2.456887E-06
  731    2.610835E-06
  732    2.603711E-06
  733    2.596617E-06
  734    2.589551E-06
  735    2.582514E-06
  736    2.575506E-06
  737    2.568526E-06
  738    2.561575E-06
  739    2.554652E-06
  740    2.547757E-06
  741    2.911756E-06
  742    2.903918E-06
  743    2.896112E-06
  744    2.888337E-06
  745    2.880594E-06
  746    2.872881E-06
  747    2.865200E-06
  748    2.857549E-06
  749    2.849929E-06
  750    2.842339E-06
  751    2.975872E-06
  752    2.967968E-06
  753    2.960095E-06
  754    2.952254E-06
  755    2.944444E-06
  756    2.936665E-06
  757    2.928916E-06
  758    2.921198E-06
  759    2.913511E-06
  760    2.905854E-06
  761    3.166557E-06
  762    3.158257E-06
  763    3.149989E-06
  764    3.141754E-06
  765    3.133551E-06
  766    3.125380E-06
  767    3.117241E-06
  768    3.109134E-06
  769    3.101058E-06
  770    3.093014E-06
  771    3.429394E-06
  772    3.420521E-06
  773    3.411683E-06
  774    3.402878E-06
  775    3.394108E-06
  776    3.385371E-06
  777    3.376669E-06
  778    3.367999E-06
  779    3.359364E-06
  780    3.350761E-06
  781    3.465493E-06
  782    3.456641E-06
  783    3.447823E-06
  784    3.439039E-06
  785    3.430288E-06
  786    3.421570E-06
  787    3.412886E-06
  788    3.404235E-06
  789    3.395617E-06
  790    3.387031E-06
  791    3.796229E-06
  792    3.786654E-06
  793    3.777116E-06
  794    3.767614E-06
  795    3.758148E-06
  796    3.748717E-06
  797    3.739322E-06
  798    3.729962E-06
  799    3.720637E-06
  800    3.711347E-06
  801    3.816943E-06
  802    3.807436E-06
  803    3.797965E-06
  804    3.788529E-06
  805    3.779128E-06
  806    3.769762E-06
  807    3.760431E-06
  808    3.751135E-06
  809    3.741872E-06
  810    3.732645E-06
  811    4.003419E-06
  812    3.993570E-06
  813    3.983758E-06
  814    3.973982E-06
  815    3.964242E-06
  816    3.954538E-06
  817    3.944869E-06
  818    3.935235E-06
  819    3.925637E-06
  820    3.916074E-06
  821    4.297220E-06
  822    4.286777E-06
  823    4.276372E-06
  824    4.266005E-06
  825    4.255676E-06
  826    4.245384E-06
  827    4.235130E-06
  828    4.224912E-06
  829    4.214732E-06
  830    4.204588E-06
  831    4.292849E-06
  832    4.282542E-06
  833    4.272272E-06
  834    4.262039E-06
  835    4.251843E-06
  836    4.241683E-06
  837    4.231559E-06
  838    4.221472E-06
  839    4.211421E-06
  840    4.201406E-06
  841    4.737325E-06
  842    4.726086E-06
  843    4.714886E-06
  844    4.703727E-06
  845    4.692607E-06
  846    4.681526E-06
  847    4.670485E-06
  848    4.659483E-06
  849    4.648519E-06
  850    4.637594E-06
  851    4.476571E-06
  852    4.466075E-06
  853    4.455616E-06
  854    4.445194E-06
  855    4.434808E-06
  856    4.424458E-06
  857    4.414145E-06
  858    4.403867E-06
  859    4.393626E-06
  860    4.383420E-06
  861    4.695056E-06
  862    4.684175E-06
  863    4.673332E-06
  864    4.662527E-06
  865    4.651759E-06
  866    4.641028E-06
  867    4.630335E-06
  868    4.619678E-06
  869    4.609058E-06
  870    4.598475E-06
  871    5.029709E-06
  872    5.018186E-06
  873    5.006703E-06
  874    4.995259E-06
  875    4.983854E-06
  876    4.972489E-06
  877    4.961162E-06
  878    4.949874E-06
  879    4.938624E-06
  880    4.927412E-06
  881    4.983457E-06
  882    4.972169E-06
  883    4.960920E-06
  884    4.949709E-06
  885    4.938536E-06
  886    4.927401E-06
  887    4.916303E-06
  888    4.905243E-06
  889    4.894220E-06
  890    4.883234E-06
  891    5.593600E-06
  892    5.581072E-06
  893    5.568587E-06
  894    5.556143E-06
  895    5.543741E-06
  896    5.531380E-06
  897    5.519061E-06
  898    5.506783E-06
  899    5.494545E-06
  900    5.482349E-06
  901    5.392811E-06
  902    5.380866E-06
  903    5.368962E-06
  904    5.357097E-06
  905    5.345271E-06
  906    5.333484E-06
  907    5.321736E-06
  908    5.310027E-06
  909    5.298357E-06
  910    5.286725E-06
  911    5.763892E-06
  912    5.751266E-06
  913    5.738681E-06
  914    5.726138E-06
  915    5.713635E-06
  916    5.701174E-06
  917    5.688753E-06
  918    5.676372E-06
  919    5.664032E-06
  920    5.651733E-06
  921    6.091369E-06
  922    6.078170E-06
  923    6.065014E-06
  924    6.051901E-06
  925    6.038830E-06
  926    6.025801E-06
  927    6.012814E-06
  928    5.999869E-06
  929    5.986966E-06
  930    5.974105E-06
  931    5.918863E-06
  932    5.906175E-06
  933    5.893528E-06
  934    5.880922E-06
  935    5.868356E-06
  936    5.855830E-06
  937    5.843344E-06
  938    5.830898E-06
  939    5.818492E-06
  940    5.806126E-06
  941    6.652103E-06
  942    6.637995E-06
  943    6.623931E-06
  944    6.609912E-06
  945    6.595938E-06
  946    6.582008E-06
  947    6.568122E-06
  948    6.554280E-06
  949    6.540481E-06
  950    6.526726E-06
  951    6.287484E-06
  952    6.274289E-06
  953    6.261135E-06
  954    6.248023E-06
  955    6.234952E-06
  956    6.221922E-06
  957    6.208932E-06
  958    6.195984E-06
  959    6.183075E-06
  960    6.170207E-06
  961    6.608728E-06
  962    6.595002E-06
  963    6.581320E-06
  964    6.567680E-06
  965    6.554082E-06
  966    6.540527E-06
  967    6.527013E-06
  968    6.513541E-06
  969    6.500112E-06
  970    6.486723E-06
  971    6.816448E-06
  972    6.802436E-06
  973    6.788468E-06
  974    6.774543E-06
  975    6.760661E-06
  976    6.746821E-06
  977    6.733024E-06
  978    6.719269E-06
  979    6.705557E-06
  980    6.691886E-06
  981    7.171220E-06
  982    7.156630E-06
  983    7.142084E-06
  984    7.127582E-06
  985    7.113124E-06
  986    7.098711E-06
  987    7.084341E-06
  988    7.070015E-06
  989    7.055732E-06
  990    7.041492E-06
  991    7.800883E-06
  992    7.785171E-06
  993    7.769507E-06
  994    7.753890E-06
  995    7.738320E-06
  996    7.722797E-06
  997    7.707320E-06
  998    7.691890E-06
  999    7.676506E-06
 1000    7.661168E-06
 1001    7.000226E-06
 1002    6.986267E-06
 1003    6.972350E-06
 1004    6.958475E-06
 1005    6.944641E-06
 1006    6.930848E-06
 1007    6.917097E-06
 1008    6.903386E-06
 1009    6.889716E-06
 1010    6.876086E-06
 1011    8.301817E-06
 1012    8.285426E-06
 1013    8.269084E-06
 1014    8.252791E-06
 1015    8.236545E-06
 1016    8.220347E-06
 1017    8.204197E-06
 1018    8.188095E-06
 1019    8.172040E-06
 1020    8.156032E-06
 1021    8.677754E-06
 1022    8.660788E-06
 1023    8.643873E-06
 1024    8.627007E-06
 1025    8.610190E-06
 1026    8.593422E-06
 1027    8.576703E-06
 1028    8.560033E-06
 1029    8.543412E-06
 1030    8.526839E-06
 1031    8.531392E-06
 1032    8.514874E-06
 1033    8.498404E-06
 1034    8.481982E-06
 1035    8.465608E-06
 1036    8.449280E-06
 1037    8.433001E-06
 1038    8.416768E-06
 1039    8.400582E-06
 1040    8.384442E-06
 1041    9.173791E-06
 1042    9.156200E-06
 1043    9.138660E-06
 1044    9.121169E-06
 1045    9.103729E-06
 1046    9.086339E-06
 1047    9.068999E-06
 1048    9.051708E-06
 1049    9.034467E-06
 1050    9.017274E-06
 1051    8.898052E-06
 1052    8.881151E-06
 1053    8.864299E-06
 1054    8.847495E-06
 1055    8.830738E-06
 1056    8.814029E-06
 1057    8.797367E-06
 1058    8.780753E-06
 1059    8.764186E-06
 1060    8.747665E-06
 1061    9.339743E-06
 1062    9.322171E-06
 1063    9.304648E-06
 1064    9.287174E-06
 1065    9.269750E-06
 1066    9.252375E-06
 1067    9.235048E-06
 1068    9.217770E-06
 1069    9.200541E-06
 1070    9.183359E-06
 1071    9.833403E-06
 1072    9.815074E-06
 1073    9.796796E-06
 1074    9.778570E-06
 1075    9.760394E-06
 1076    9.742269E-06
 1077    9.724194E-06
 1078    9.706170E-06
 1079    9.688195E-06
 1080    9.670271E-06
 1081    1.260602E-05
 1082    1.258274E-05
 1083    1.255953E-05
 1084    1.253637E-05
 1085    1.251329E-05
 1086    1.249026E-05
 1087    1.246730E-05
 1088    1.244441E-05
 1089    1.242157E-05
 1090    1.239880E-05
 1091    1.340248E-05
 1092    1.337796E-05
 1093    1.335350E-05
 1094    1.332911E-05
 1095    1.330479E-05
 1096    1.328053E-05
 1097    1.325634E-05
 1098    1.323221E-05
 1099    1.320816E-05
 1100    1.318416E-05
 1101    1.243337E-05
 1102    1.241083E-05
 1103    1.238835E-05
 1104    1.236592E-05
 1105    1.234356E-05
 1106    1.232126E-05
 1107    1.229902E-05
 1108    1.227684E-05
 1109    1.225472E-05
 1110    1.223266E-05
 1111    1.558680E-05
 1112    1.555879E-05
 1113    1.553085E-05
 1114    1.550300E-05
 1115    1.547521E-05
 1116    1.544750E-05
 1117    1.541987E-05
 1118    1.539231E-05
 1119    1.536482E-05
 1120    1.533741E-05
 1121    1.935468E-05
 1122    1.932021E-05
 1123    1.928583E-05
 1124    1.925154E-05
 1125    1.921735E-05
 1126    1.918324E-05
 1127    1.914923E-05
 1128    1.911531E-05
 1129    1.908148E-05
 1130    1.904773E-05
 1131    1.690371E-05
 1132    1.687388E-05
 1133    1.684412E-05
 1134    1.681443E-05
 1135    1.678483E-05
 1136    1.675531E-05
 1137    1.672586E-05
 1138    1.669649E-05
 1139    1.666720E-05
 1140    1.663798E-05
 1141    1.115006E-05
 1142    1.113055E-05
 1143    1.111109E-05
 1144    1.109169E-05
 1145    1.107233E-05
 1146    1.105302E-05
 1147    1.103377E-05
 1148    1.101456E-05
 1149    1.099540E-05
 1150    1.097630E-05
 1151    5.202522E-06
 1152    5.193498E-06
 1153    5.184497E-06
 1154    5.175520E-06
 1155    5.166566E-06
 1156    5.157635E-06
 1157    5.148727E-06
 1158    5.139842E-06
 1159    5.130980E-06
 1160    5.122141E-06
 1161   -4.975594E-07
 1162   -4.967037E-07
 1163   -4.958503E-07
 1164   -4.949990E-07
 1165   -4.941500E-07
 1166   -4.933031E-07
 1167   -4.924584E-07
 1168   -4.916159E-07
 1169   -4.907755E-07
 1170   -4.899373E-07
 1171   -2.771606E-08
 1172   -2.766881E-08
 1173   -2.762167E-08
 1174   -2.757466E-08
 1175   -2.752776E-08
 1176   -2.748098E-08
 1177   -2.743433E-08
 1178   -2.738779E-08
 1179   -2.734137E-08
 1180   -2.729507E-08
 1181    3.036173E-05
 1182    3.031040E-05
 1183    3.025920E-05
 1184    3.020813E-05
 1185    3.015719E-05
 1186    3.010638E-05
 1187    3.005569E-05
 1188    3.000514E-05
 1189    2.995471E-05
 1190    2.990441E-05
 1191    8.929582E-05
 1192    8.914612E-05
 1193    8.899680E-05
 1194    8.884785E-05
 1195    8.869928E-05
 1196    8.855108E-05
 1197    8.840324E-05
 1198    8.825578E-05
 1199    8.810869E-05
 1200    8.796196E-05
 1201    1.594204E-04
 1202    1.591553E-04
 1203    1.588909E-04
 1204    1.586272E-04
 1205    1.583642E-04
 1206    1.581017E-04
 1207    1.578400E-04
 1208    1.575789E-04
 1209    1.573184E-04
 1210    1.570586E-04
 1211    2.138513E-04
 1212    2.134987E-04
 1213    2.131470E-04
 1214    2.127961E-04
 1215    2.124461E-04
 1216    2.120970E-04
 1217    2.117487E-04
 1218    2.114013E-04
 1219    2.110547E-04
 1220    2.107090E-04
 1221    2.456923E-04
 1222    2.452905E-04
 1223    2.448897E-04
 1224    2.444899E-04
 1225    2.440911E-04
 1226    2.436932E-04
 1227    2.432963E-04
 1228    2.429004E-04
 1229    2.425054E-04
 1230    2.421114E-04
 1231    9.308504E-05
 1232    9.293405E-05
 1233    9.278343E-05
 1234    9.263318E-05
 1235    9.248328E-05
 1236    9.233376E-05
 1237    9.218459E-05
 1238    9.203578E-05
 1239    9.188734E-05
 1240    9.173925E-05
 1241   -5.247334E-04
 1242   -5.238891E-04
 1243   -5.230468E-04
 1244   -5.222066E-04
 1245   -5.213684E-04
 1246   -5.205322E-04
 1247   -5.196980E-04
 1248   -5.188658E-04
 1249   -5.180356E-04
 1250   -5.172074E-04
 1251   -1.490746E-03
 1252   -1.488367E-03
 1253   -1.485993E-03
 1254   -1.483625E-03
 1255   -1.481262E-03
 1256   -1.478906E-03
 1257   -1.476554E-03
 1258   -1.474209E-03
 1259   -1.471869E-03
 1260   -1.469534E-03
 1261   -1.889710E-03
 1262   -1.886718E-03
 1263   -1.883733E-03
 1264   -1.880754E-03
 1265   -1.877783E-03
 1266   -1.874819E-03
 1267   -1.871862E-03
 1268   -1.868912E-03
 1269   -1.865969E-03
 1270   -1.863032E-03
 1271   -1.826531E-03
 1272   -1.823661E-03
 1273   -1.820798E-03
 1274   -1.817942E-03
 1275   -1.815093E-03
 1276   -1.812250E-03
 1277   -1.809414E-03
 1278   -1.806584E-03
 1279   -1.803762E-03
 1280   -1.800946E-03
 1281   -5.847690E-05
 1282   -5.838574E-05
 1283   -5.829480E-05
 1284   -5.820407E-05
 1285   -5.811355E-05
 1286   -5.802324E-05
 1287   -5.793314E-05
 1288   -5.784325E-05
 1289   -5.775357E-05
 1290   -5.766410E-05
 1291    5.973310E-03
 1292    5.964070E-03
 1293    5.954852E-03
 1294    5.945656E-03
 1295    5.936480E-03
 1296    5.927326E-03
 1297    5.918193E-03
 1298    5.909081E-03
 1299    5.899990E-03
 1300    5.890920E-03
 1301    1.644140E-02
 1302    1.641616E-02
 1303    1.639098E-02
 1304    1.636586E-02
 1305    1.634080E-02
 1306    1.631580E-02
 1307    1.629085E-02
 1308    1.626596E-02
 1309    1.624113E-02
 1310    1.621635E-02
 1311    2.198932E-02
 1312    2.195582E-02
 1313    2.192240E-02
 1314    2.188906E-02
 1315    2.185579E-02
 1316    2.182260E-02
 1317    2.178949E-02
 1318    2.175645E-02
 1319    2.172349E-02
 1320    2.169060E-02
 1321    2.388804E-02
 1322    2.385193E-02
 1323    2.381590E-02
 1324    2.377995E-02
 1325    2.374408E-02
 1326    2.370830E-02
 1327    2.367259E-02
 1328    2.363697E-02
 1329    2.360142E-02
 1330    2.356596E-02
 1331    2.249681E-02
 1332    2.246306E-02
 1333    2.242938E-02
 1334    2.239578E-02
 1335    2.236225E-02
 1336    2.232880E-02
 1337    2.229542E-02
 1338    2.226212E-02
 1339    2.222889E-02
 1340    2.219574E-02
 1341    1.579101E-02
 1342    1.576749E-02
 1343    1.574403E-02
 1344    1.572062E-02
 1345    1.569726E-02
 1346    1.567395E-02
 1347    1.565070E-02
 1348    1.562749E-02
 1349    1.560434E-02
 1350    1.558124E-02
 1351    5.885610E-03
 1352    5.876909E-03
 1353    5.868229E-03
 1354    5.859567E-03
 1355    5.850925E-03
 1356    5.842301E-03
 1357    5.833697E-03
 1358    5.825112E-03
 1359    5.816545E-03
 1360    5.807998E-03
 1361   -3.987809E-04
 1362   -3.981957E-04
 1363   -3.976119E-04
 1364   -3.970293E-04
 1365   -3.964480E-04
 1366   -3.958679E-04
 1367   -3.952892E-04
 1368   -3.947117E-04
 1369   -3.941355E-04
 1370   -3.935605E-04
 1371   -2.141073E-03
 1372   -2.137954E-03
 1373   -2.134842E-03
 1374   -2.131737E-03
 1375   -2.128638E-03
 1376   -2.125546E-03
 1377   -2.122461E-03
 1378   -2.119383E-03
 1379   -2.116312E-03
 1380   -2.113247E-03
 1381   -2.270846E-03
 1382   -2.267562E-03
 1383   -2.264286E-03
 1384   -2.261016E-03
 1385   -2.257753E-03
 1386   -2.254498E-03
 1387   -2.251249E-03
 1388   -2.248007E-03
 1389   -2.244773E-03
 1390   -2.241545E-03
 1391   -1.730747E-03
 1392   -1.728262E-03
 1393   -1.725782E-03
 1394   -1.723308E-03
 1395   -1.720839E-03
 1396   -1.718375E-03
 1397   -1.715917E-03
 1398   -1.713464E-03
 1399   -1.711016E-03
 1400   -1.708574E-03
 1401   -6.866397E-04
 1402   -6.856609E-04
 1403   -6.846842E-04
 1404   -6.837096E-04
 1405   -6.827370E-04
 1406   -6.817665E-04
 1407   -6.807981E-04
 1408   -6.798317E-04
 1409   -6.788674E-04
 1410   -6.779052E-04
 1411    1.532961E-05
 1412    1.530791E-05
 1413    1.528626E-05
 1414    1.526466E-05
 1415    1.524310E-05
 1416    1.522158E-05
 1417    1.520011E-05
 1418    1.517869E-05
 1419    1.515731E-05
 1420    1.513598E-05
 1421    1.967428E-04
 1422    1.964662E-04
 1423    1.961903E-04
 1424    1.959150E-04
 1425    1.956402E-04
 1426    1.953660E-04
 1427    1.950924E-04
 1428    1.948193E-04
 1429    1.945468E-04
 1430    1.942749E-04
 1431    1.701305E-04
 1432    1.698931E-04
 1433    1.696561E-04
 1434    1.694197E-04
 1435    1.691837E-04
 1436    1.689483E-04
 1437    1.687133E-04
 1438    1.684788E-04
 1439    1.682448E-04
 1440    1.680113E-04
 1441    1.144423E-04
 1442    1.142836E-04
 1443    1.141253E-04
 1444    1.139674E-04
 1445    1.138098E-04
 1446    1.136525E-04
 1447    1.134955E-04
 1448    1.133388E-04
 1449    1.131825E-04
 1450    1.130265E-04
 1451    3.708413E-05
 1452    3.703308E-05
 1453    3.698215E-05
 1454    3.693131E-05
 1455    3.688058E-05
 1456    3.682996E-05
 1457    3.677943E-05
 1458    3.672902E-05
 1459    3.667870E-05
 1460    3.662849E-05
 1461   -2.291280E-05
 1462   -2.288147E-05
 1463   -2.285021E-05
 1464   -2.281902E-05
 1465   -2.278789E-05
 1466   -2.275682E-05
 1467   -2.272582E-05
 1468   -2.269488E-05
 1469   -2.266400E-05
 1470   -2.263318E-05
 1471   -5.101940E-05
 1472   -5.095013E-05
 1473   -5.088100E-05
 1474   -5.081201E-05
 1475   -5.074316E-05
 1476   -5.067445E-05
 1477   -5.060588E-05
 1478   -5.053744E-05
 1479   -5.046915E-05
 1480   -5.040099E-05
 1481   -5.061334E-05
 1482   -5.054508E-05
 1483   -5.047696E-05
 1484   -5.040898E-05
 1485   -5.034114E-05
 1486   -5.027343E-05
 1487   -5.020586E-05
 1488   -5.013842E-05
 1489   -5.007112E-05
 1490   -5.000396E-05
 1491   -4.085452E-05
 1492   -4.079979E-05
 1493   -4.074517E-05
 1494   -4.069066E-05
 1495   -4.063626E-05
 1496   -4.058197E-05
 1497   -4.052779E-05
 1498   -4.047372E-05
 1499   -4.041975E-05
 1500   -4.036590E-05
 1501   -2.583349E-05
 1502   -2.579911E-05
 1503   -2.576480E-05
 1504   -2.573056E-05
 1505   -2.569639E-05
 1506   -2.566229E-05
 1507   -2.562826E-05
 1508   -2.559429E-05
 1509   -2.556039E-05
 1510   -2.552656E-05
 1511   -1.434403E-05
 1512   -1.432507E-05
 1513   -1.430614E-05
 1514   -1.428726E-05
 1515   -1.426841E-05
 1516   -1.424960E-05
 1517   -1.423082E-05
 1518   -1.421209E-05
 1519   -1.419339E-05
 1520   -1.417472E-05
 1521   -1.139428E-05
 1522   -1.137932E-05
 1523   -1.136439E-05
 1524   -1.134948E-05
 1525   -1.133461E-05
 1526   -1.131976E-05
 1527   -1.130495E-05
 1528   -1.129016E-05
 1529   -1.127540E-05
 1530   -1.126067E-05
 1531   -1.346127E-05
 1532   -1.344371E-05
 1533   -1.342618E-05
 1534   -1.340869E-05
 1535   -1.339123E-05
 1536   -1.337380E-05
 1537   -1.335641E-05
 1538   -1.333905E-05
 1539   -1.332173E-05
 1540   -1.330444E-05
 1541   -1.440413E-05
 1542   -1.438546E-05
 1543   -1.436682E-05
 1544   -1.434822E-05
 1545   -1.432966E-05
 1546   -1.431114E-05
 1547   -1.429265E-05
 1548   -1.427419E-05
 1549   -1.425577E-05
 1550   -1.423739E-05
 1551   -1.126175E-05
 1552   -1.124724E-05
 1553   -1.123277E-05
 1554   -1.121832E-05
 1555   -1.120390E-05
 1556   -1.118951E-05
 1557   -1.117515E-05
 1558   -1.116081E-05
 1559   -1.114650E-05
 1560   -1.113222E-05
 1561   -1.076131E-05
 1562   -1.074754E-05
 1563   -1.073380E-05
 1564   -1.072008E-05
 1565   -1.070639E-05
 1566   -1.069273E-05
 1567   -1.067909E-05
 1568   -1.066548E-05
 1569   -1.065189E-05
 1570   -1.063833E-05
 1571   -1.213444E-05
 1572   -1.211901E-05
 1573   -1.210362E-05
 1574   -1.208825E-05
 1575   -1.207291E-05
 1576   -1.205759E-05
 1577   -1.204231E-05
 1578   -1.202706E-05
 1579   -1.201183E-05
 1580   -1.199664E-05
 1581   -1.237054E-05
 1582   -1.235491E-05
 1583   -1.233931E-05
 1584   -1.232374E-05
 1585   -1.230820E-05
 1586   -1.229269E-05
 1587   -1.227721E-05
 1588   -1.226175E-05
 1589   -1.224633E-05
 1590   -1.223093E-05
 1591   -1.130345E-05
 1592   -1.128925E-05
 1593   -1.127509E-05
 1594   -1.126095E-05
 1595   -1.124684E-05
 1596   -1.123275E-05
 1597   -1.121870E-05
 1598   -1.120466E-05
 1599   -1.119066E-05
 1600   -1.117668E-05
 1601   -9.731130E-06
 1602   -9.718989E-06
 1603   -9.706870E-06
 1604   -9.694774E-06
 1605   -9.682701E-06
 1606   -9.670651E-06
 1607   -9.658622E-06
 1608   -9.646617E-06
 1609   -9.634633E-06
 1610   -9.622672E-06
 1611   -9.202655E-06
 1612   -9.191244E-06
 1613   -9.179855E-06
 1614   -9.168486E-06
 1615   -9.157139E-06
 1616   -9.145813E-06
 1617   -9.134508E-06
 1618   -9.123224E-06
 1619   -9.111961E-06
 1620   -9.100718E-06
 1621   -8.882757E-06
 1622   -8.871811E-06
 1623   -8.860885E-06
 1624   -8.849980E-06
 1625   -8.839094E-06
 1626   -8.828228E-06
 1627   -8.817383E-06
 1628   -8.806557E-06
 1629   -8.795752E-06
 1630   -8.784966E-06
 1631   -9.072498E-06
 1632   -9.061386E-06
 1633   -9.050295E-06
 1634   -9.039225E-06
 1635   -9.028174E-06
 1636   -9.017144E-06
 1637   -9.006134E-06
 1638   -8.995144E-06
 1639   -8.984175E-06
 1640   -8.973225E-06
 1641   -9.084708E-06
 1642   -9.073650E-06
 1643   -9.062611E-06
 1644   -9.051593E-06
 1645   -9.040594E-06
 1646   -9.029616E-06
 1647   -9.018658E-06
 1648   -9.007720E-06
 1649   -8.996801E-06
 1650   -8.985903E-06
 1651   -8.116743E-06
 1652   -8.106922E-06
 1653   -8.097120E-06
 1654   -8.087335E-06
 1655   -8.077567E-06
 1656   -8.067818E-06
 1657   -8.058086E-06
 1658   -8.048371E-06
 1659   -8.038674E-06
 1660   -8.028995E-06
 1661   -7.838578E-06
 1662   -7.829151E-06
 1663   -7.819741E-06
 1664   -7.810348E-06
 1665   -7.800972E-06
 1666   -7.791612E-06
 1667   -7.782270E-06
 1668   -7.772944E-06
 1669   -7.763635E-06
 1670   -7.754343E-06
 1671   -7.939182E-06
 1672   -7.929691E-06
 1673   -7.920217E-06
 1674   -7.910761E-06
 1675   -7.901320E-06
 1676   -7.891897E-06
 1677   -7.882491E-06
 1678   -7.873101E-06
 1679   -7.863729E-06
 1680   -7.854373E-06
 1681   -8.085655E-06
 1682   -8.076047E-06
 1683   -8.066455E-06
 1684   -8.056881E-06
 1685   -8.047323E-06
 1686   -8.037783E-06
 1687   -8.028260E-06
 1688   -8.018753E-06
 1689   -8.009263E-06
 1690   -7.999791E-06
 1691   -7.970610E-06
 1692   -7.961194E-06
 1693   -7.951794E-06
 1694   -7.942412E-06
 1695   -7.933046E-06
 1696   -7.923696E-06
 1697   -7.914363E-06
 1698   -7.905047E-06
 1699   -7.895747E-06
 1700   -7.886463E-06
 1701   -7.288794E-06
 1702   -7.280235E-06
 1703   -7.271690E-06
 1704   -7.263160E-06
 1705   -7.254645E-06
 1706   -7.246145E-06
 1707   -7.237660E-06
 1708   -7.229190E-06
 1709   -7.220735E-06
 1710   -7.212295E-06
 1711   -7.252490E-06
 1712   -7.244023E-06
 1713   -7.235570E-06
 1714   -7.227132E-06
 1715   -7.218709E-06
 1716   -7.210300E-06
 1717   -7.201906E-06
 1718   -7.193527E-06
 1719   -7.185163E-06
 1720   -7.176813E-06
 1721   -7.135233E-06
 1722   -7.126951E-06
 1723   -7.118683E-06
 1724   -7.110429E-06
 1725   -7.102190E-06
 1726   -7.093965E-06
 1727   -7.085754E-06
 1728   -7.077558E-06
 1729   -7.069376E-06
 1730   -7.061208E-06
 1731   -7.258518E-06
 1732   -7.250141E-06
 1733   -7.241778E-06
 1734   -7.233431E-06
 1735   -7.225097E-06
 1736   -7.216778E-06
 1737   -7.208473E-06
 1738   -7.200183E-06
 1739   -7.191907E-06
 1740   -7.183645E-06
 1741   -7.058426E-06
 1742   -7.050327E-06
 1743   -7.042242E-06
 1744   -7.034171E-06
 1745   -7.026113E-06
 1746   -7.018070E-06
 1747   -7.010040E-06
 1748   -7.002024E-06
 1749   -6.994021E-06
 1750   -6.986033E-06
 1751   -6.534968E-06
 1752   -6.527512E-06
 1753   -6.520069E-06
 1754   -6.512639E-06
 1755   -6.505221E-06
 1756   -6.497816E-06
 1757   -6.490424E-06
 1758   -6.483044E-06
 1759   -6.475677E-06
 1760   -6.468323E-06
 1761   -6.458890E-06
 1762   -6.451562E-06
 1763   -6.444248E-06
 1764   -6.436945E-06
 1765   -6.429656E-06
 1766   -6.422378E-06
 1767   -6.415113E-06
 1768   -6.407860E-06
 1769   -6.400620E-06
 1770   -6.393391E-06
 1771   -6.376685E-06
 1772   -6.369492E-06
 1773   -6.362311E-06
 1774   -6.355142E-06
 1775   -6.347986E-06
 1776   -6.340841E-06
 1777   -6.333709E-06
 1778   -6.326588E-06
 1779   -6.319480E-06
 1780   -6.312383E-06
 1781   -6.504116E-06
 1782   -6.496821E-06
 1783   -6.489537E-06
 1784   -6.482266E-06
 1785   -6.475007E-06
 1786   -6.467760E-06
 1787   -6.460526E-06
 1788   -6.453303E-06
 1789   -6.446093E-06
 1790   -6.438895E-06
 1791   -6.295266E-06
 1792   -6.288244E-06
 1793   -6.281234E-06
 1794   -6.274235E-06
 1795   -6.267248E-06
 1796   -6.260273E-06
 1797   -6.253309E-06
 1798   -6.246357E-06
 1799   -6.239417E-06
 1800   -6.232488E-06
 1801   -5.940633E-06
 1802   -5.934043E-06
 1803   -5.927464E-06
 1804   -5.920897E-06
 1805   -5.914340E-06
 1806   -5.907794E-06
 1807   -5.901258E-06
 1808   -5.894734E-06
 1809   -5.888221E-06
 1810   -5.881718E-06
 1811   -5.894444E-06
 1812   -5.887942E-06
 1813   -5.881450E-06
 1814   -5.874969E-06
 1815   -5.868499E-06
 1816   -5.862039E-06
 1817   -5.855591E-06
 1818   -5.849152E-06
 1819   -5.842725E-06
 1820   -5.836308E-06
 1821   -5.815790E-06
 1822   -5.809409E-06
 1823   -5.803039E-06
 1824   -5.796680E-06
 1825   -5.790331E-06
 1826   -5.783992E-06
 1827   -5.777664E-06
 1828   -5.771346E-06
 1829   -5.765039E-06
 1830   -5.758742E-06
 1831   -5.954338E-06
 1832   -5.947842E-06
 1833   -5.941355E-06
 1834   -5.934880E-06
 1835   -5.928415E-06
 1836   -5.921960E-06
 1837   -5.915516E-06
 1838   -5.909083E-06
 1839   -5.902660E-06
 1840   -5.896248E-06
 1841   -5.661363E-06
 1842   -5.655219E-06
 1843   -5.649086E-06
 1844   -5.642962E-06
 1845   -5.636848E-06
 1846   -5.630744E-06
 1847   -5.624651E-06
 1848   -5.618567E-06
 1849   -5.612492E-06
 1850   -5.606428E-06
 1851   -5.320558E-06
 1852   -5.314815E-06
 1853   -5.309082E-06
 1854   -5.303358E-06
 1855   -5.297643E-06
 1856   -5.291937E-06
 1857   -5.286241E-06
 1858   -5.280554E-06
 1859   -5.274876E-06
 1860   -5.269207E-06
 1861   -5.174552E-06
 1862   -5.168997E-06
 1863   -5.163451E-06
 1864   -5.157914E-06
 1865   -5.152386E-06
 1866   -5.146866E-06
 1867   -5.141356E-06
 1868   -5.135854E-06
 1869   -5.130361E-06
 1870   -5.124877E-06
 1871   -4.998687E-06
 1872   -4.993349E-06
 1873   -4.988020E-06
 1874   -4.982700E-06
 1875   -4.977388E-06
 1876   -4.972084E-06
 1877   -4.966789E-06
 1878   -4.961502E-06
 1879   -4.956224E-06
 1880   -4.950954E-06
 1881   -5.159575E-06
 1882   -5.154095E-06
 1883   -5.148624E-06
 1884   -5.143161E-06
 1885   -5.137707E-06
 1886   -5.132262E-06
 1887   -5.126825E-06
 1888   -5.121397E-06
 1889   -5.115977E-06
 1890   -5.110567E-06
 1891   -4.809646E-06
 1892   -4.804565E-06
 1893   -4.799491E-06
 1894   -4.794426E-06
 1895   -4.789368E-06
 1896   -4.784319E-06
 1897   -4.779278E-06
 1898   -4.774244E-06
 1899   -4.769219E-06
 1900   -4.764201E-06
 1901   -4.423946E-06
 1902   -4.419296E-06
 1903   -4.414654E-06
 1904   -4.410019E-06
 1905   -4.405392E-06
 1906   -4.400771E-06
 1907   -4.396159E-06
 1908   -4.391553E-06
 1909   -4.386954E-06
 1910   -4.382363E-06
 1911   -4.223412E-06
 1912   -4.218997E-06
 1913   -4.214588E-06
 1914   -4.210187E-06
 1915   -4.205792E-06
 1916   -4.201404E-06
 1917   -4.197023E-06
 1918   -4.192649E-06
 1919   -4.188281E-06
 1920   -4.183921E-06
 1921   -4.095878E-06
 1922   -4.091618E-06
 1923   -4.087365E-06
 1924   -4.083118E-06
 1925   -4.078878E-06
 1926   -4.074644E-06
 1927   -4.070418E-06
 1928   -4.066197E-06
 1929   -4.061984E-06
 1930   -4.057777E-06
 1931   -4.269494E-06
 1932   -4.265076E-06
 1933   -4.260666E-06
 1934   -4.256262E-06
 1935   -4.251865E-06
 1936   -4.247475E-06
 1937   -4.243091E-06
 1938   -4.238715E-06
 1939   -4.234345E-06
 1940   -4.229982E-06
 1941   -3.933090E-06
 1942   -3.929041E-06
 1943   -3.924999E-06
 1944   -3.920963E-06
 1945   -3.916933E-06
 1946   -3.912910E-06
 1947   -3.908893E-06
 1948   -3.904881E-06
 1949   -3.900876E-06
 1950   -3.896878E-06
 1951   -3.746936E-06
 1952   -3.743099E-06
 1953   -3.739268E-06
 1954   -3.735442E-06
 1955   -3.731623E-06
 1956   -3.727809E-06
 1957   -3.724002E-06
 1958   -3.720200E-06
 1959   -3.716403E-06
 1960   -3.712613E-06
 1961   -3.539734E-06
 1962   -3.536128E-06
 1963   -3.532527E-06
 1964   -3.528932E-06
 1965   -3.525342E-06
 1966   -3.521757E-06
 1967   -3.518178E-06
 1968   -3.514605E-06
 1969   -3.511036E-06
 1970   -3.507474E-06
 1971   -3.468647E-06
 1972   -3.465131E-06
 1973   -3.461620E-06
 1974   -3.458115E-06
 1975   -3.454614E-06
 1976   -3.451120E-06
 1977   -3.447630E-06
 1978   -3.444146E-06
 1979   -3.440667E-06
 1980   -3.437193E-06
 1981   -3.507734E-06
 1982   -3.504196E-06
 1983   -3.500664E-06
 1984   -3.497136E-06
 1985   -3.493615E-06
 1986   -3.490098E-06
 1987   -3.486587E-06
 1988   -3.483081E-06
 1989   -3.479581E-06
 1990   -3.476085E-06
 1991   -3.279406E-06
 1992   -3.276116E-06
 1993   -3.272830E-06
 1994   -3.269549E-06
 1995   -3.266272E-06
 1996   -3.263001E-06
 1997   -3.259735E-06
 1998   -3.256474E-06
 1999   -3.253217E-06
 2000   -3.249966E-06
 2001   -2.910281E-06
 2002   -2.907375E-06
 2003   -2.904474E-06
 2004   -2.901577E-06
 2005   -2.898684E-06
 2006   -2.895795E-06
 2007   -2.892911E-06
 2008   -2.890031E-06
 2009   -2.887155E-06
 2010   -2.884284E-06
 2011   -2.654921E-06
 2012   -2.652283E-06
 2013   -2.649649E-06
 2014   -2.647019E-06
 2015   -2.644393E-06
 2016   -2.641771E-06
 2017   -2.639153E-06
 2018   -2.636539E-06
 2019   -2.633928E-06
 2020   -2.631322E-06
 2021   -2.594205E-06
 2022   -2.591640E-06
 2023   -2.589079E-06
 2024   -2.586522E-06
 2025   -2.583969E-06
 2026   -2.581419E-06
 2027   -2.578873E-06
 2028   -2.576331E-06
 2029   -2.573793E-06
 2030   -2.571259E-06
 2031   -2.635354E-06
 2032   -2.632762E-06
 2033   -2.630173E-06
 2034   -2.627588E-06
 2035   -2.625007E-06
 2036   -2.622430E-06
 2037   -2.619856E-06
 2038   -2.617286E-06
 2039   -2.614720E-06
 2040   -2.612158E-06
 2041   -2.425472E-06
 2042   -2.423098E-06
 2043   -2.420727E-06
 2044   -2.418359E-06
 2045   -2.415995E-06
 2046   -2.413635E-06
 2047   -2.411278E-06
 2048   -2.408924E-06
 2049   -2.406574E-06
 2050   -2.404227E-06
 2051   -2.205658E-06
 2052   -2.203509E-06
 2053   -2.201363E-06
 2054   -2.199221E-06
 2055   -2.197081E-06
 2056   -2.194945E-06
 2057   -2.192812E-06
 2058   -2.190682E-06
 2059   -2.188555E-06
 2060   -2.186432E-06
 2061   -2.068006E-06
 2062   -2.066001E-06
 2063   -2.063999E-06
 2064   -2.062000E-06
 2065   -2.060004E-06
 2066   -2.058011E-06
 2067   -2.056021E-06
 2068   -2.054033E-06
 2069   -2.052049E-06
 2070   -2.050067E-06
 2071   -2.008769E-06
 2072   -2.006831E-06
 2073   -2.004896E-06
 2074   -2.002964E-06
 2075   -2.001034E-06
 2076   -1.999107E-06
 2077   -1.997183E-06
 2078   -1.995262E-06
 2079   -1.993343E-06
 2080   -1.991428E-06
 2081   -2.012148E-06
 2082   -2.010216E-06
 2083   -2.008287E-06
 2084   -2.006360E-06
 2085   -2.004437E-06
 2086   -2.002516E-06
 2087   -2.000598E-06
 2088   -1.998682E-06
 2089   -1.996770E-06
 2090   -1.994860E-06
 2091   -1.842680E-06
 2092   -1.840919E-06
 2093   -1.839161E-06
 2094   -1.837405E-06
 2095   -1.835652E-06
 2096   -1.833901E-06
 2097   -1.832153E-06
 2098   -1.830407E-06
 2099   -1.828664E-06
 2100   -1.826923E-06
 2101   -1.629571E-06
 2102   -1.628021E-06
 2103   -1.626474E-06
 2104   -1.624928E-06
 2105   -1.623385E-06
 2106   -1.621844E-06
 2107   -1.620305E-06
 2108   -1.618769E-06
 2109   -1.617234E-06
 2110   -1.615702E-06
 2111   -1.463746E-06
 2112   -1.462360E-06
 2113   -1.460977E-06
 2114   -1.459595E-06
 2115   -1.458216E-06
 2116   -1.456838E-06
 2117   -1.455462E-06
 2118   -1.454089E-06
 2119   -1.452717E-06
 2120   -1.451347E-06
 2121   -1.445429E-06
 2122   -1.444067E-06
 2123   -1.442707E-06
 2124   -1.441350E-06
 2125   -1.439994E-06
 2126   -1.438640E-06
 2127   -1.437288E-06
 2128   -1.435937E-06
 2129   -1.434589E-06
 2130   -1.433243E-06
 2131   -1.415873E-06
 2132   -1.414545E-06
 2133   -1.413220E-06
 2134   -1.411896E-06
 2135   -1.410574E-06
 2136   -1.409254E-06
 2137   -1.407935E-06
 2138   -1.406619E-06
 2139   -1.405304E-06
 2140   -1.403992E-06
 2141   -1.316987E-06
 2142   -1.315758E-06
 2143   -1.314531E-06
 2144   -1.313305E-06
 2145   -1.312081E-06
 2146   -1.310859E-06
 2147   -1.309639E-06
 2148   -1.308420E-06
 2149   -1.307203E-06
 2150   -1.305987E-06
 2151   -1.123534E-06
 2152   -1.122490E-06
 2153   -1.121448E-06
 2154   -1.120407E-06
 2155   -1.119368E-06
 2156   -1.118330E-06
 2157   -1.117293E-06
 2158   -1.116258E-06
 2159   -1.115225E-06
 2160   -1.114193E-06
 2161   -1.053602E-06
 2162   -1.052627E-06
 2163   -1.051655E-06
 2164   -1.050683E-06
 2165   -1.049713E-06
 2166   -1.048744E-06
 2167   -1.047777E-06
 2168   -1.046810E-06
 2169   -1.045846E-06
 2170   -1.044882E-06
 2171   -1.013222E-06
 2172   -1.012289E-06
 2173   -1.011358E-06
 2174   -1.010428E-06
 2175   -1.009499E-06
 2176   -1.008572E-06
 2177   -1.007646E-06
 2178   -1.006721E-06
 2179   -1.005797E-06
 2180   -1.004875E-06
 2181   -9.751926E-07
 2182   -9.742992E-07
 2183   -9.734070E-07
 2184   -9.725160E-07
 2185   -9.716262E-07
 2186   -9.707377E-07
 2187   -9.698504E-07
 2188   -9.689642E-07
 2189   -9.680793E-07
 2190   -9.671957E-07
 2191   -8.851917E-07
 2192   -8.843844E-07
 2193   -8.835783E-07
 2194   -8.827732E-07
 2195   -8.819692E-07
 2196   -8.811663E-07
 2197   -8.803645E-07
 2198   -8.795638E-07
 2199   -8.787642E-07
 2200   -8.779657E-07
 2201   -7.351414E-07
 2202   -7.344740E-07
 2203   -7.338075E-07
 2204   -7.331419E-07
 2205   -7.324772E-07
 2206   -7.318134E-07
 2207   -7.311505E-07
 2208   -7.304886E-07
 2209   -7.298275E-07
 2210   -7.291673E-07
 2211   -6.337649E-07
 2212   -6.331921E-07
 2213   -6.326201E-07
 2214   -6.320489E-07
 2215   -6.314785E-07
 2216   -6.309088E-07
 2217   -6.303399E-07
 2218   -6.297718E-07
 2219   -6.292044E-07
 2220   -6.286378E-07
 2221   -6.116769E-07
 2222   -6.111266E-07
 2223   -6.105770E-07
 2224   -6.100281E-07
 2225   -6.094801E-07
 2226   -6.089327E-07
 2227   -6.083861E-07
 2228   -6.078402E-07
 2229   -6.072950E-07
 2230   -6.067506E-07
 2231   -5.824964E-07
 2232   -5.819747E-07
 2233   -5.814537E-07
 2234   -5.809334E-07
 2235   -5.804138E-07
 2236   -5.798948E-07
 2237   -5.793766E-07
 2238   -5.788591E-07
 2239   -5.783422E-07
 2240   -5.778261E-07
 2241   -5.461649E-07
 2242   -5.456779E-07
 2243   -5.451916E-07
 2244   -5.447059E-07
 2245   -5.442208E-07
 2246   -5.437364E-07
 2247   -5.432527E-07
 2248   -5.427696E-07
 2249   -5.422871E-07
 2250   -5.418053E-07
 2251   -4.397952E-07
 2252   -4.394048E-07
 2253   -4.390149E-07
 2254   -4.386255E-07
 2255   -4.382367E-07
 2256   -4.378483E-07
 2257   -4.374605E-07
 2258   -4.370732E-07
 2259   -4.366864E-07
 2260   -4.363001E-07
 2261   -3.885904E-07
 2262   -3.882470E-07
 2263   -3.879040E-07
 2264   -3.875615E-07
 2265   -3.872194E-07
 2266   -3.868778E-07
 2267   -3.865366E-07
 2268   -3.861959E-07
 2269   -3.858557E-07
 2270   -3.855159E-07
 2271   -3.757151E-07
 2272   -3.753845E-07
 2273   -3.750544E-07
 2274   -3.747247E-07
 2275   -3.743954E-07
 2276   -3.740665E-07
 2277   -3.737381E-07
 2278   -3.734101E-07
 2279   -3.730826E-07
 2280   -3.727555E-07
 2281   -3.608153E-07
 2282   -3.604993E-07
 2283   -3.601836E-07
 2284   -3.598683E-07
 2285   -3.595535E-07
 2286   -3.592390E-07
 2287   -3.589250E-07
 2288   -3.586114E-07
 2289   -3.582982E-07
 2290   -3.579854E-07
 2291   -3.305214E-07
 2292   -3.302331E-07
 2293   -3.299452E-07
 2294   -3.296577E-07
 2295   -3.293705E-07
 2296   -3.290838E-07
 2297   -3.287974E-07
 2298   -3.285113E-07
 2299   -3.282257E-07
 2300   -3.279404E-07
 2301   -2.605791E-07
 2302   -2.603528E-07
 2303   -2.601268E-07
 2304   -2.599011E-07
 2305   -2.596757E-07
 2306   -2.594506E-07
 2307   -2.592257E-07
 2308   -2.590012E-07
 2309   -2.587770E-07
 2310   -2.585530E-07
 2311   -2.274663E-07
 2312   -2.272696E-07
 2313   -2.270731E-07
 2314   -2.268770E-07
 2315   -2.266811E-07
 2316   -2.264854E-07
 2317   -2.262900E-07
 2318   -2.260948E-07
 2319   -2.258999E-07
 2320   -2.257052E-07
 2321   -2.114848E-07
 2322   -2.113027E-07
 2323   -2.111208E-07
 2324   -2.109392E-07
 2325   -2.107578E-07
 2326   -2.105767E-07
 2327   -2.103958E-07
 2328   -2.102151E-07
 2329   -2.100347E-07
 2330   -2.098545E-07
 2331   -2.048811E-07
 2332   -2.047055E-07
 2333   -2.045301E-07
 2334   -2.043549E-07
 2335   -2.041799E-07
 2336   -2.040052E-07
 2337   -2.038307E-07
 2338   -2.036564E-07
 2339   -2.034823E-07
 2340   -2.033085E-07
 2341   -1.949907E-07
 2342   -1.948242E-07
 2343   -1.946580E-07
 2344   -1.944920E-07
 2345   -1.943262E-07
 2346   -1.941606E-07
 2347   -1.939952E-07
 2348   -1.938300E-07
 2349   -1.936651E-07
 2350   -1.935003E-07
 2351   -1.600234E-07
 2352   -1.598874E-07
 2353   -1.597516E-07
 2354   -1.596159E-07
 2355   -1.594804E-07
 2356   -1.593451E-07
 2357   -1.592099E-07
 2358   -1.590749E-07
 2359   -1.589401E-07
 2360   -1.588055E-07
 2361   -1.472623E-07
 2362   -1.471376E-07
 2363   -1.470131E-07
 2364   -1.468888E-07
 2365   -1.467646E-07
 2366   -1.466406E-07
 2367   -1.465168E-07
 2368   -1.463931E-07
 2369   -1.462695E-07
 2370   -1.461462E-07
 2371   -1.418796E-07
 2372   -1.417600E-07
 2373   -1.416406E-07
 2374   -1.415213E-07
 2375   -1.414022E-07
 2376   -1.412832E-07
 2377   -1.411644E-07
 2378   -1.410457E-07
 2379   -1.409272E-07
 2380   -1.408088E-07
 2381   -1.373997E-07
 2382   -1.372844E-07
 2383   -1.371692E-07
 2384   -1.370542E-07
 2385   -1.369393E-07
 2386   -1.368246E-07
 2387   -1.367100E-07
 2388   -1.365955E-07
 2389   -1.364812E-07
 2390   -1.363671E-07
 2391   -1.352078E-07
 2392   -1.350948E-07
 2393   -1.349819E-07
 2394   -1.348692E-07
 2395   -1.347566E-07
 2396   -1.346442E-07
 2397   -1.345319E-07
 2398   -1.344197E-07
 2399   -1.343077E-07
 2400   -1.341958E-07
 2401   -1.222105E-07
 2402   -1.221088E-07
 2403   -1.220072E-07
 2404   -1.219057E-07
 2405   -1.218044E-07
 2406   -1.217032E-07
 2407   -1.216021E-07
 2408   -1.215012E-07
 2409   -1.214003E-07
 2410   -1.212996E-07
 2411   -1.195321E-07
 2412   -1.194331E-07
 2413   -1.193341E-07
 2414   -1.192353E-07
 2415   -1.191366E-07
 2416   -1.190380E-07
 2417   -1.189395E-07
 2418   -1.188412E-07
 2419   -1.187430E-07
 2420   -1.186449E-07
 2421   -1.161283E-07
 2422   -1.160325E-07
 2423   -1.159368E-07
 2424   -1.158411E-07
 2425   -1.157456E-07
 2426   -1.156503E-07
 2427   -1.155550E-07
 2428   -1.154598E-07
 2429   -1.153648E-07
 2430   -1.152699E-07
 2431   -1.163523E-07
 2432   -1.162567E-07
 2433   -1.161612E-07
 2434   -1.160657E-07
 2435   -1.159705E-07
 2436   -1.158753E-07
 2437   -1.157802E-07
 2438   -1.156853E-07
 2439   -1.155905E-07
 2440   -1.154958E-07
 2441   -1.197367E-07
 2442   -1.196387E-07
 2443   -1.195408E-07
 2444   -1.194430E-07
 2445   -1.193453E-07
 2446   -1.192478E-07
 2447   -1.191504E-07
 2448   -1.190531E-07
 2449   -1.189559E-07
 2450   -1.188588E-07
 2451   -1.171348E-07
 2452   -1.170393E-07
 2453   -1.169439E-07
 2454   -1.168487E-07
 2455   -1.167535E-07
 2456   -1.166585E-07
 2457   -1.165635E-07
 2458   -1.164687E-07
 2459   -1.163741E-07
 2460   -1.162795E-07
 2461   -1.227022E-07
 2462   -1.226025E-07
 2463   -1.225030E-07
 2464   -1.224036E-07
 2465   -1.223043E-07
 2466   -1.222052E-07
 2467   -1.221062E-07
 2468   -1.220073E-07
 2469   -1.219085E-07
 2470   -1.218098E-07
 2471   -1.209505E-07
 2472   -1.208527E-07
 2473   -1.207550E-07
 2474   -1.206574E-07
 2475   -1.205600E-07
 2476   -1.204626E-07
 2477   -1.203654E-07
 2478   -1.202683E-07
 2479   -1.201713E-07
 2480   -1.200744E-07
 2481   -1.224377E-07
 2482   -1.223391E-07
 2483   -1.222406E-07
 2484   -1.221422E-07
 2485   -1.220439E-07
 2486   -1.219458E-07
 2487   -1.218477E-07
 2488   -1.217498E-07
 2489   -1.216520E-07
 2490   -1.215544E-07
 2491   -1.289771E-07
 2492   -1.288736E-07
 2493   -1.287703E-07
 2494   -1.286670E-07
 2495   -1.285639E-07
 2496   -1.284610E-07
 2497   -1.283581E-07
 2498   -1.282554E-07
 2499   -1.281528E-07
 2500   -1.280503E-07
 2501   -1.360743E-07
 2502   -1.359655E-07
 2503   -1.358570E-07
 2504   -1.357485E-07
 2505   -1.356401E-07
 2506   -1.355319E-07
 2507   -1.354239E-07
 2508   -1.353159E-07
 2509   -1.352081E-07
 2510   -1.351004E-07
 2511   -1.468927E-07
 2512   -1.467758E-07
 2513   -1.466590E-07
 2514   -1.465424E-07
 2515   -1.464259E-07
 2516   -1.463095E-07
 2517   -1.461933E-07
 2518   -1.460772E-07
 2519   -1.459613E-07
 2520   -1.458455E-07
 2521   -1.404685E-07
 2522   -1.403572E-07
 2523   -1.402460E-07
 2524   -1.401349E-07
 2525   -1.400239E-07
 2526   -1.399131E-07
 2527   -1.398024E-07
 2528   -1.396919E-07
 2529   -1.395814E-07
 2530   -1.394711E-07
 2531   -1.464313E-07
 2532   -1.463157E-07
 2533   -1.462002E-07
 2534   -1.460849E-07
 2535   -1.459697E-07
 2536   -1.458546E-07
 2537   -1.457397E-07
 2538   -1.456249E-07
 2539   -1.455102E-07
 2540   -1.453957E-07
 2541   -1.537002E-07
 2542   -1.535793E-07
 2543   -1.534586E-07
 2544   -1.533380E-07
 2545   -1.532175E-07
 2546   -1.530972E-07
 2547   -1.529770E-07
 2548   -1.528570E-07
 2549   -1.527371E-07
 2550   -1.526174E-07
 2551   -1.620725E-07
 2552   -1.619455E-07
 2553   -1.618187E-07
 2554   -1.616920E-07
 2555   -1.615655E-07
 2556   -1.614391E-07
 2557   -1.613129E-07
 2558   -1.611868E-07
 2559   -1.610609E-07
 2560   -1.609351E-07
 2561   -1.704688E-07
 2562   -1.703358E-07
 2563   -1.702029E-07
 2564   -1.700702E-07
 2565   -1.699377E-07
 2566   -1.698053E-07
 2567   -1.696730E-07
 2568   -1.695409E-07
 2569   -1.694090E-07
 2570   -1.692772E-07
 2571   -1.697660E-07
 2572   -1.696341E-07
 2573   -1.695023E-07
 2574   -1.693706E-07
 2575   -1.692391E-07
 2576   -1.691078E-07
 2577   -1.689766E-07
 2578   -1.688455E-07
 2579   -1.687146E-07
 2580   -1.685839E-07
 2581   -1.764364E-07
 2582   -1.762998E-07
 2583   -1.761633E-07
 2584   -1.760270E-07
 2585   -1.758909E-07
 2586   -1.757549E-07
 2587   -1.756191E-07
 2588   -1.754834E-07
 2589   -1.753479E-07
 2590   -1.752126E-07
 2591   -1.792186E-07
 2592   -1.790804E-07
 2593   -1.789423E-07
 2594   -1.788044E-07
 2595   -1.786666E-07
 2596   -1.785290E-07
 2597   -1.783916E-07
 2598   -1.782543E-07
 2599   -1.781172E-07
 2600   -1.779802E-07
 2601   -1.886844E-07
 2602   -1.885395E-07
 2603   -1.883947E-07
 2604   -1.882500E-07
 2605   -1.881055E-07
 2606   -1.879612E-07
 2607   -1.878171E-07
 2608   -1.876731E-07
 2609   -1.875293E-07
 2610   -1.873857E-07
 2611   -1.935181E-07
 2612   -1.933700E-07
 2613   -1.932221E-07
 2614   -1.930743E-07
 2615   -1.929267E-07
 2616   -1.927792E-07
 2617   -1.926320E-07
 2618   -1.924849E-07
 2619   -1.923379E-07
 2620   -1.921912E-07
 2621   -1.955269E-07
 2622   -1.953778E-07
 2623   -1.952289E-07
 2624   -1.950801E-07
 2625   -1.949316E-07
 2626   -1.947832E-07
 2627   -1.946349E-07
 2628   -1.944869E-07
 2629   -1.943390E-07
 2630   -1.941912E-07
 2631   -1.994456E-07
 2632   -1.992941E-07
 2633   -1.991428E-07
 2634   -1.989916E-07
 2635   -1.988406E-07
 2636   -1.986898E-07
 2637   -1.985392E-07
 2638   -1.983887E-07
 2639   -1.982384E-07
 2640   -1.980883E-07
 2641   -1.996505E-07
 2642   -1.994994E-07
 2643   -1.993485E-07
 2644   -1.991978E-07
 2645   -1.990472E-07
 2646   -1.988968E-07
 2647   -1.987466E-07
 2648   -1.985965E-07
 2649   -1.984466E-07
 2650   -1.982969E-07
 2651   -2.076865E-07
 2652   -2.075299E-07
 2653   -2.073736E-07
 2654   -2.072173E-07
 2655   -2.070613E-07
 2656   -2.069054E-07
 2657   -2.067498E-07
 2658   -2.065942E-07
 2659   -2.064389E-07
 2660   -2.062838E-07
 2661   -2.100779E-07
 2662   -2.099201E-07
 2663   -2.097625E-07
 2664   -2.096051E-07
 2665   -2.094479E-07
 2666   -2.092908E-07
 2667   -2.091339E-07
 2668   -2.089772E-07
 2669   -2.088207E-07
 2670   -2.086643E-07
 2671   -2.120083E-07
 2672   -2.118497E-07
 2673   -2.116912E-07
 2674   -2.115329E-07
 2675   -2.113749E-07
 2676   -2.112169E-07
 2677   -2.110592E-07
 2678   -2.109016E-07
 2679   -2.107442E-07
 2680   -2.105870E-07
 2681   -2.133716E-07
 2682   -2.132125E-07
 2683   -2.130537E-07
 2684   -2.128950E-07
 2685   -2.127364E-07
 2686   -2.125781E-07
 2687   -2.124199E-07
 2688   -2.122619E-07
 2689   -2.121041E-07
 2690   -2.119465E-07
 2691   -2.128014E-07
 2692   -2.126433E-07
 2693   -2.124855E-07
 2694   -2.123278E-07
 2695   -2.121703E-07
 2696   -2.120129E-07
 2697   -2.118558E-07
 2698   -2.116988E-07
 2699   -2.115419E-07
 2700   -2.113853E-07
 2701   -2.131674E-07
 2702   -2.130097E-07
 2703   -2.128521E-07
 2704   -2.126948E-07
 2705   -2.125376E-07
 2706   -2.123805E-07
 2707   -2.122237E-07
 2708   -2.120670E-07
 2709   -2.119105E-07
 2710   -2.117542E-07
 2711   -2.140905E-07
 2712   -2.139327E-07
 2713   -2.137751E-07
 2714   -2.136176E-07
 2715   -2.134603E-07
 2716   -2.133032E-07
 2717   -2.131462E-07
 2718   -2.129894E-07
 2719   -2.128328E-07
 2720   -2.126764E-07
 2721   -2.149531E-07
 2722   -2.147953E-07
 2723   -2.146376E-07
 2724   -2.144800E-07
 2725   -2.143227E-07
 2726   -2.141655E-07
 2727   -2.140085E-07
 2728   -2.138516E-07
 2729   -2.136950E-07
 2730   -2.135385E-07
 2731   -2.130121E-07
 2732   -2.128562E-07
 2733   -2.127005E-07
 2734   -2.125449E-07
 2735   -2.123896E-07
 2736   -2.122344E-07
 2737   -2.120793E-07
 2738   -2.119245E-07
 2739   -2.117698E-07
 2740   -2.116153E-07
 2741   -2.127315E-07
 2742   -2.125764E-07
 2743   -2.124214E-07
 2744   -2.122667E-07
 2745   -2.121121E-07
 2746   -2.119576E-07
 2747   -2.118034E-07
 2748   -2.116493E-07
 2749   -2.114954E-07
 2750   -2.113416E-07
 2751   -2.161770E-07
 2752   -2.160200E-07
 2753   -2.158631E-07
 2754   -2.157064E-07
 2755   -2.155498E-07
 2756   -2.153935E-07
 2757   -2.152373E-07
 2758   -2.150812E-07
 2759   -2.149254E-07
 2760   -2.147697E-07
 2761   -2.113865E-07
 2762   -2.112334E-07
 2763   -2.110806E-07
 2764   -2.109279E-07
 2765   -2.107754E-07
 2766   -2.106230E-07
 2767   -2.104709E-07
 2768   -2.103188E-07
 2769   -2.101670E-07
 2770   -2.100153E-07
 2771   -2.175252E-07
 2772   -2.173683E-07
 2773   -2.172116E-07
 2774   -2.170551E-07
 2775   -2.168987E-07
 2776   -2.167425E-07
 2777   -2.165864E-07
 2778   -2.164306E-07
 2779   -2.162748E-07
 2780   -2.161193E-07
 2781   -2.106492E-07
 2782   -2.104978E-07
 2783   -2.103466E-07
 2784   -2.101956E-07
 2785   -2.100447E-07
 2786   -2.098939E-07
 2787   -2.097434E-07
 2788   -2.095930E-07
 2789   -2.094427E-07
 2790   -2.092926E-07
 2791   -2.095780E-07
 2792   -2.094280E-07
 2793   -2.092780E-07
 2794   -2.091283E-07
 2795   -2.089787E-07
 2796   -2.088293E-07
 2797   -2.086800E-07
 2798   -2.085309E-07
 2799   -2.083819E-07
 2800   -2.082331E-07
 2801   -2.082222E-07
 2802   -2.080737E-07
 2803   -2.079252E-07
 2804   -2.077770E-07
 2805   -2.076289E-07
 2806   -2.074810E-07
 2807   -2.073332E-07
 2808   -2.071856E-07
 2809   -2.070381E-07
 2810   -2.068908E-07
 2811   -2.002959E-07
 2812   -2.001535E-07
 2813   -2.000112E-07
 2814   -1.998691E-07
 2815   -1.997272E-07
 2816   -1.995854E-07
 2817   -1.994437E-07
 2818   -1.993022E-07
 2819   -1.991609E-07
 2820   -1.990197E-07
 2821   -2.058624E-07
 2822   -2.057166E-07
 2823   -2.055709E-07
 2824   -2.054254E-07
 2825   -2.052800E-07
 2826   -2.051348E-07
 2827   -2.049897E-07
 2828   -2.048448E-07
 2829   -2.047000E-07
 2830   -2.045554E-07
 2831   -1.969854E-07
 2832   -1.968463E-07
 2833   -1.967074E-07
 2834   -1.965686E-07
 2835   -1.964300E-07
 2836   -1.962915E-07
 2837   -1.961532E-07
 2838   -1.960150E-07
 2839   -1.958770E-07
 2840   -1.957391E-07
 2841   -1.951985E-07
 2842   -1.950612E-07
 2843   -1.949240E-07
 2844   -1.947870E-07
 2845   -1.946501E-07
 2846   -1.945133E-07
 2847   -1.943767E-07
 2848   -1.942403E-07
 2849   -1.941040E-07
 2850   -1.939678E-07
 2851   -1.891020E-07
 2852   -1.889694E-07
 2853   -1.888370E-07
 2854   -1.887047E-07
 2855   -1.885726E-07
 2856   -1.884406E-07
 2857   -1.883087E-07
 2858   -1.881770E-07
 2859   -1.880454E-07
 2860   -1.879139E-07
 2861   -1.790496E-07
 2862   -1.789245E-07
 2863   -1.787996E-07
 2864   -1.786748E-07
 2865   -1.785501E-07
 2866   -1.784255E-07
 2867   -1.783011E-07
 2868   -1.781768E-07
 2869   -1.780526E-07
 2870   -1.779286E-07
 2871   -1.840023E-07
 2872   -1.838742E-07
 2873   -1.837463E-07
 2874   -1.836184E-07
 2875   -1.834908E-07
 2876   -1.833632E-07
 2877   -1.832358E-07
 2878   -1.831085E-07
 2879   -1.829813E-07
 2880   -1.828543E-07
 2881   -1.770761E-07
 2882   -1.769532E-07
 2883   -1.768305E-07
 2884   -1.767079E-07
 2885   -1.765855E-07
 2886   -1.764631E-07
 2887   -1.763409E-07
 2888   -1.762189E-07
 2889   -1.760969E-07
 2890   -1.759751E-07
 2891   -1.741664E-07
 2892   -1.740460E-07
 2893   -1.739257E-07
 2894   -1.738056E-07
 2895   -1.736855E-07
 2896   -1.735656E-07
 2897   -1.734458E-07
 2898   -1.733262E-07
 2899   -1.732066E-07
 2900   -1.730872E-07
 2901   -1.650934E-07
 2902   -1.649797E-07
 2903   -1.648661E-07
 2904   -1.647526E-07
 2905   -1.646392E-07
 2906   -1.645259E-07
 2907   -1.644127E-07
 2908   -1.642997E-07
 2909   -1.641868E-07
 2910   -1.640740E-07
 2911   -1.564594E-07
 2912   -1.563520E-07
 2913   -1.562447E-07
 2914   -1.561375E-07
 2915   -1.560304E-07
 2916   -1.559234E-07
 2917   -1.558166E-07
 2918   -1.557098E-07
 2919   -1.556032E-07
 2920   -1.554966E-07
 2921   -1.609047E-07
 2922   -1.607946E-07
 2923   -1.606846E-07
 2924   -1.605747E-07
 2925   -1.604650E-07
 2926   -1.603553E-07
 2927   -1.602458E-07
 2928   -1.601364E-07
 2929   -1.600271E-07
 2930   -1.599179E-07
 2931   -1.528683E-07
 2932   -1.527641E-07
 2933   -1.526599E-07
 2934   -1.525559E-07
 2935   -1.524520E-07
 2936   -1.523482E-07
 2937   -1.522445E-07
 2938   -1.521409E-07
 2939   -1.520374E-07
 2940   -1.519340E-07
 2941   -1.516168E-07
 2942   -1.515138E-07
 2943   -1.514109E-07
 2944   -1.513080E-07
 2945   -1.512053E-07
 2946   -1.511027E-07
 2947   -1.510002E-07
 2948   -1.508978E-07
 2949   -1.507955E-07
 2950   -1.506933E-07
 2951   -1.411283E-07
 2952   -1.410327E-07
 2953   -1.409372E-07
 2954   -1.408418E-07
 2955   -1.407466E-07
 2956   -1.406514E-07
 2957   -1.405563E-07
 2958   -1.404613E-07
 2959   -1.403664E-07
 2960   -1.402715E-07
 2961   -1.354165E-07
 2962   -1.353251E-07
 2963   -1.352338E-07
 2964   -1.351426E-07
 2965   -1.350515E-07
 2966   -1.349604E-07
 2967   -1.348695E-07
 2968   -1.347786E-07
 2969   -1.346879E-07
 2970   -1.345972E-07
 2971   -1.365372E-07
 2972   -1.364453E-07
 2973   -1.363536E-07
 2974   -1.362619E-07
 2975   -1.361703E-07
 2976   -1.360789E-07
 2977   -1.359875E-07
 2978   -1.358962E-07
 2979   -1.358050E-07
 2980   -1.357139E-07
 2981   -1.308738E-07
 2982   -1.307861E-07
 2983   -1.306984E-07
 2984   -1.306109E-07
 2985   -1.305234E-07
 2986   -1.304360E-07
 2987   -1.303487E-07
 2988   -1.302615E-07
 2989   -1.301743E-07
 2990   -1.300873E-07
 2991   -1.282319E-07
 2992   -1.281462E-07
 2993   -1.280606E-07
 2994   -1.279751E-07
 2995   -1.278896E-07
 2996   -1.278043E-07
 2997   -1.277190E-07
 2998   -1.276339E-07
 2999   -1.275488E-07
 3000   -1.274638E-07
 3001   -1.179508E-07
 3002   -1.178723E-07
 3003   -1.177938E-07
 3004   -1.177154E-07
 3005   -1.176371E-07
 3006   -1.175588E-07
 3007   -1.174807E-07
 3008   -1.174026E-07
 3009   -1.173246E-07
 3010   -1.172466E-07
 3011   -1.112436E-07
 3012   -1.111698E-07
 3013   -1.110960E-07
 3014   -1.110223E-07
 3015   -1.109487E-07
 3016   -1.108752E-07
 3017   -1.108017E-07
 3018   -1.107283E-07
 3019   -1.106550E-07
 3020   -1.105817E-07
 3021   -1.121456E-07
 3022   -1.120714E-07
 3023   -1.119973E-07
 3024   -1.119232E-07
 3025   -1.118493E-07
 3026   -1.117754E-07
 3027   -1.117015E-07
 3028   -1.116278E-07
 3029   -1.115541E-07
 3030   -1.114805E-07
 3031   -1.075404E-07
 3032   -1.074695E-07
 3033   -1.073986E-07
 3034   -1.073278E-07
 3035   -1.072571E-07
 3036   -1.071865E-07
 3037   -1.071159E-07
 3038   -1.070455E-07
 3039   -1.069750E-07
 3040   -1.069047E-07
 3041   -1.069249E-07
 3042   -1.068547E-07
 3043   -1.067845E-07
 3044   -1.067143E-07
 3045   -1.066443E-07
 3046   -1.065743E-07
 3047   -1.065043E-07
 3048   -1.064345E-07
 3049   -1.063647E-07
 3050   -1.062949E-07
 3051   -1.020300E-07
 3052   -1.019632E-07
 3053   -1.018964E-07
 3054   -1.018297E-07
 3055   -1.017631E-07
 3056   -1.016965E-07
 3057   -1.016300E-07
 3058   -1.015635E-07
 3059   -1.014972E-07
 3060   -1.014308E-07
 3061   -9.848766E-08
 3062   -9.842335E-08
 3063   -9.835911E-08
 3064   -9.829492E-08
 3065   -9.823081E-08
 3066   -9.816675E-08
 3067   -9.810275E-08
 3068   -9.803882E-08
 3069   -9.797495E-08
 3070   -9.791115E-08
 3071   -9.723203E-08
 3072   -9.716874E-08
 3073   -9.710552E-08
 3074   -9.704237E-08
 3075   -9.697927E-08
 3076   -9.691623E-08
 3077   -9.685326E-08
 3078   -9.679035E-08
 3079   -9.672750E-08
 3080   -9.666471E-08
 3081   -8.796421E-08
 3082   -8.790715E-08
 3083   -8.785014E-08
 3084   -8.779319E-08
 3085   -8.773629E-08
 3086   -8.767944E-08
 3087   -8.762266E-08
 3088   -8.756593E-08
 3089   -8.750925E-08
 3090   -8.745263E-08
 3091   -6.916512E-08
 3092   -6.912040E-08
 3093   -6.907572E-08
 3094   -6.903108E-08
 3095   -6.898649E-08
 3096   -6.894194E-08
 3097   -6.889743E-08
 3098   -6.885297E-08
 3099   -6.880855E-08
 3100   -6.876417E-08
 3101   -3.175228E-08
 3102   -3.173182E-08
 3103   -3.171137E-08
 3104   -3.169095E-08
 3105   -3.167054E-08
 3106   -3.165015E-08
 3107   -3.162979E-08
 3108   -3.160944E-08
 3109   -3.158911E-08
 3110   -3.156880E-08
 3111   -1.092255E-08
 3112   -1.091554E-08
 3113   -1.090853E-08
 3114   -1.090152E-08
 3115   -1.089453E-08
 3116   -1.088753E-08
 3117   -1.088055E-08
 3118   -1.087357E-08
 3119   -1.086660E-08
 3120   -1.085964E-08
 3121   -4.399459E-09
 3122   -4.396642E-09
 3123   -4.393827E-09
 3124   -4.391015E-09
 3125   -4.388205E-09
 3126   -4.385399E-09
 3127   -4.382595E-09
 3128   -4.379794E-09
 3129   -4.376995E-09
 3130   -4.374199E-09
 3131   -2.868734E-09
 3132   -2.866903E-09
 3133   -2.865073E-09
 3134   -2.863245E-09
 3135   -2.861419E-09
 3136   -2.859595E-09
 3137   -2.857772E-09
 3138   -2.855951E-09
 3139   -2.854132E-09
 3140   -2.852315E-09
 3141   -1.858894E-09
 3142   -1.857711E-09
 3143   -1.856529E-09
 3144   -1.855348E-09
 3145   -1.854169E-09
 3146   -1.852991E-09
 3147   -1.851813E-09
 3148   -1.850637E-09
 3149   -1.849462E-09
 3150   -1.848288E-09
 3151   -1.017002E-09
 3152   -1.016357E-09
 3153   -1.015712E-09
 3154   -1.015068E-09
 3155   -1.014425E-09
 3156   -1.013782E-09
 3157   -1.013140E-09
 3158   -1.012499E-09
 3159   -1.011858E-09
 3160   -1.011218E-09
 3161   -6.255874E-10
 3162   -6.251919E-10
 3163   -6.247967E-10
 3164   -6.244019E-10
 3165   -6.240074E-10
 3166   -6.236134E-10
 3167   -6.232197E-10
 3168   -6.228263E-10
 3169   -6.224334E-10
 3170   -6.220408E-10
 3171   -4.180237E-10
 3172   -4.177602E-10
 3173   -4.174969E-10
 3174   -4.172339E-10
 3175   -4.169712E-10
 3176   -4.167087E-10
 3177   -4.164465E-10
 3178   -4.161845E-10
 3179   -4.159227E-10
 3180   -4.156612E-10
 3181   -1.948451E-10
 3182   -1.947226E-10
 3183   -1.946003E-10
 3184   -1.944781E-10
 3185   -1.943560E-10
 3186   -1.942341E-10
 3187   -1.941122E-10
 3188   -1.939905E-10
 3189   -1.938689E-10
 3190   -1.937473E-10
 3191   -6.447144E-11
 3192   -6.443106E-11
 3193   -6.439071E-11
 3194   -6.435041E-11
 3195   -6.431014E-11
 3196   -6.426991E-11
 3197   -6.422971E-11
 3198   -6.418956E-11
 3199   -6.414944E-11
 3200   -6.410936E-11
 3201   -8.994390E-12
 3202   -8.988774E-12
 3203   -8.983163E-12
 3204   -8.977557E-12
 3205   -8.971957E-12
 3206   -8.966361E-12
 3207   -8.960771E-12
 3208   -8.955187E-12
 3209   -8.949607E-12
 3210   -8.944033E-12
 3211    4.751865E-11
 3212    4.748907E-11
 3213    4.745952E-11
 3214    4.743000E-11
 3215    4.740050E-11
 3216    4.737103E-11
 3217    4.734159E-11
 3218    4.731218E-11
 3219    4.728279E-11
 3220    4.725343E-11
 3221    9.666185E-11
 3222    9.660186E-11
 3223    9.654194E-11
 3224    9.648207E-11
 3225    9.642225E-11
 3226    9.636249E-11
 3227    9.630279E-11
 3228    9.624314E-11
 3229    9.618355E-11
 3230    9.612401E-11
 3231    1.162945E-10
 3232    1.162226E-10
 3233    1.161507E-10
 3234    1.160789E-10
 3235    1.160071E-10
 3236    1.159355E-10
 3237    1.158639E-10
 3238    1.157923E-10
 3239    1.157208E-10
 3240    1.156494E-10
 3241    1.285566E-10
 3242    1.284773E-10
 3243    1.283981E-10
 3244    1.283190E-10
 3245    1.282399E-10
 3246    1.281609E-10
 3247    1.280820E-10
 3248    1.280031E-10
 3249    1.279244E-10
 3250    1.278457E-10
 3251    1.417166E-10
 3252    1.416295E-10
 3253    1.415425E-10
 3254    1.414555E-10
 3255    1.413686E-10
 3256    1.412818E-10
 3257    1.411951E-10
 3258    1.411084E-10
 3259    1.410218E-10
 3260    1.409354E-10
 3261    1.406035E-10
 3262    1.405173E-10
 3263    1.404312E-10
 3264    1.403452E-10
 3265    1.402593E-10
 3266    1.401734E-10
 3267    1.400876E-10
 3268    1.400019E-10
 3269    1.399163E-10
 3270    1.398307E-10
 3271    1.238810E-10
 3272    1.238053E-10
 3273    1.237297E-10
 3274    1.236541E-10
 3275    1.235787E-10
 3276    1.235032E-10
 3277    1.234279E-10
 3278    1.233526E-10
 3279    1.232774E-10
 3280    1.232022E-10
 3281    1.173025E-10
 3282    1.172311E-10
 3283    1.171597E-10
 3284    1.170883E-10
 3285    1.170171E-10
 3286    1.169459E-10
 3287    1.168747E-10
 3288    1.168037E-10
 3289    1.167327E-10
 3290    1.166617E-10
 3291    1.025310E-10
 3292    1.024687E-10
 3293    1.024065E-10
 3294    1.023444E-10
 3295    1.022823E-10
 3296    1.022202E-10
 3297    1.021582E-10
 3298    1.020963E-10
 3299    1.020344E-10
 3300    1.019726E-10
