   50    0.000000E+00
   51    0.000000E+00
   52    0.000000E+00
   53    0.000000E+00
   54    0.000000E+00
   55    0.000000E+00
   56    0.000000E+00
   57    0.000000E+00
   58    0.000000E+00
   59    0.000000E+00
   60    0.000000E+00
   61    0.000000E+00
   62    0.000000E+00
   63    0.000000E+00
   64    0.000000E+00
   65    0.000000E+00
   66    0.000000E+00
   67    0.000000E+00
   68    0.000000E+00
   69    0.000000E+00
   70    0.000000E+00
   71    0.000000E+00
   72    0.000000E+00
   73    0.000000E+00
   74    0.000000E+00
   75    0.000000E+00
   76    0.000000E+00
   77    0.000000E+00
   78    0.000000E+00
   79    0.000000E+00
   80    0.000000E+00
   81    0.000000E+00
   82    0.000000E+00
   83    0.000000E+00
   84    0.000000E+00
   85    0.000000E+00
   86    0.000000E+00
   87    0.000000E+00
   88    0.000000E+00
   89    0.000000E+00
   90    0.000000E+00
   91    0.000000E+00
   92    0.000000E+00
   93    0.000000E+00
   94    0.000000E+00
   95    0.000000E+00
   96    0.000000E+00
   97    0.000000E+00
   98    0.000000E+00
   99    0.000000E+00
  100    0.000000E+00
  101    0.000000E+00
  102    0.000000E+00
  103    0.000000E+00
  104    0.000000E+00
  105    0.000000E+00
  106    0.000000E+00
  107    0.000000E+00
  108    0.000000E+00
  109    0.000000E+00
  110    0.000000E+00
  111    0.000000E+00
  112    0.000000E+00
  113    0.000000E+00
  114    0.000000E+00
  115    0.000000E+00
  116    0.000000E+00
  117    0.000000E+00
  118    0.000000E+00
  119    0.000000E+00
  120    0.000000E+00
  121    0.000000E+00
  122    0.000000E+00
  123    0.000000E+00
  124    0.000000E+00
  125    0.000000E+00
  126    0.000000E+00
  127    0.000000E+00
  128    0.000000E+00
  129    0.000000E+00
  130    0.000000E+00
  131    0.000000E+00
  132    0.000000E+00
  133    0.000000E+00
  134    0.000000E+00
  135    0.000000E+00
  136    0.000000E+00
  137    0.000000E+00
  138    0.000000E+00
  139    0.000000E+00
  140    0.000000E+00
  141    0.000000E+00
  142    0.000000E+00
  143    0.000000E+00
  144    0.000000E+00
  145    0.000000E+00
  146    0.000000E+00
  147    0.000000E+00
  148    0.000000E+00
  149    0.000000E+00
  150    0.000000E+00
  151    0.000000E+00
  152    0.000000E+00
  153    0.000000E+00
  154    0.000000E+00
  155    0.000000E+00
  156    0.000000E+00
  157    0.000000E+00
  158    0.000000E+00
  159    0.000000E+00
  160    0.000000E+00
  161    0.000000E+00
  162    0.000000E+00
  163    0.000000E+00
  164    0.000000E+00
  165    0.000000E+00
  166    0.000000E+00
  167    0.000000E+00
  168    0.000000E+00
  169    0.000000E+00
  170    0.000000E+00
  171    0.000000E+00
  172    0.000000E+00
  173    0.000000E+00
  174    0.000000E+00
  175    0.000000E+00
  176    0.000000E+00
  177    0.000000E+00
  178    0.000000E+00
  179    0.000000E+00
  180    0.000000E+00
  181    2.064192E-11
  182    2.041633E-11
  183    2.019441E-11
  184    1.997610E-11
  185    1.976130E-11
  186    1.954995E-11
  187    1.934197E-11
  188    1.913729E-11
  189    1.893585E-11
  190    1.873757E-11
  191    4.577328E-11
  192    4.529894E-11
  193    4.483195E-11
  194    4.437213E-11
  195    4.391935E-11
  196    4.347347E-11
  197    4.303435E-11
  198    4.260184E-11
  199    4.217582E-11
  200    4.175616E-11
  201    8.133256E-10
  202    8.053126E-10
  203    7.974174E-10
  204    7.896377E-10
  205    7.819713E-10
  206    7.744160E-10
  207    7.669697E-10
  208    7.596303E-10
  209    7.523957E-10
  210    7.452640E-10
  211    1.098310E-09
  212    1.087997E-09
  213    1.077829E-09
  214    1.067802E-09
  215    1.057915E-09
  216    1.048165E-09
  217    1.038549E-09
  218    1.029064E-09
  219    1.019709E-09
  220    1.010481E-09
  221    1.839860E-09
  222    1.823359E-09
  223    1.807079E-09
  224    1.791016E-09
  225    1.775167E-09
  226    1.759526E-09
  227    1.744092E-09
  228    1.728860E-09
  229    1.713826E-09
  230    1.698988E-09
  231    3.975664E-09
  232    3.941538E-09
  233    3.907850E-09
  234    3.874592E-09
  235    3.841756E-09
  236    3.809336E-09
  237    3.777325E-09
  238    3.745716E-09
  239    3.714501E-09
  240    3.683676E-09
  241    3.564924E-09
  242    3.535583E-09
  243    3.506603E-09
  244    3.477977E-09
  245    3.449701E-09
  246    3.421768E-09
  247    3.394173E-09
  248    3.366911E-09
  249    3.339976E-09
  250    3.313362E-09
  251    7.339159E-09
  252    7.281142E-09
  253    7.223810E-09
  254    7.167153E-09
  255    7.111159E-09
  256    7.055819E-09
  257    7.001123E-09
  258    6.947060E-09
  259    6.893622E-09
  260    6.840797E-09
  261    7.590176E-09
  262    7.532456E-09
  263    7.475392E-09
  264    7.418974E-09
  265    7.363193E-09
  266    7.308038E-09
  267    7.253500E-09
  268    7.199571E-09
  269    7.146240E-09
  270    7.093501E-09
  271    9.831769E-09
  272    9.759741E-09
  273    9.688502E-09
  274    9.618040E-09
  275    9.548344E-09
  276    9.479403E-09
  277    9.411206E-09
  278    9.343742E-09
  279    9.277001E-09
  280    9.210973E-09
  281    1.111723E-08
  282    1.103866E-08
  283    1.096092E-08
  284    1.088400E-08
  285    1.080789E-08
  286    1.073257E-08
  287    1.065804E-08
  288    1.058428E-08
  289    1.051129E-08
  290    1.043905E-08
  291    1.338651E-08
  292    1.329514E-08
  293    1.320469E-08
  294    1.311517E-08
  295    1.302655E-08
  296    1.293883E-08
  297    1.285199E-08
  298    1.276603E-08
  299    1.268092E-08
  300    1.259666E-08
  301    1.611395E-08
  302    1.600759E-08
  303    1.590227E-08
  304    1.579800E-08
  305    1.569474E-08
  306    1.559250E-08
  307    1.549125E-08
  308    1.539098E-08
  309    1.529168E-08
  310    1.519334E-08
  311    1.761617E-08
  312    1.750361E-08
  313    1.739212E-08
  314    1.728169E-08
  315    1.717231E-08
  316    1.706397E-08
  317    1.695665E-08
  318    1.685034E-08
  319    1.674502E-08
  320    1.664069E-08
  321    2.012175E-08
  322    1.999716E-08
  323    1.987372E-08
  324    1.975142E-08
  325    1.963024E-08
  326    1.951018E-08
  327    1.939122E-08
  328    1.927334E-08
  329    1.915653E-08
  330    1.904078E-08
  331    2.305024E-08
  332    2.291180E-08
  333    2.277460E-08
  334    2.263863E-08
  335    2.250388E-08
  336    2.237033E-08
  337    2.223796E-08
  338    2.210676E-08
  339    2.197672E-08
  340    2.184782E-08
  341    2.518858E-08
  342    2.504171E-08
  343    2.489612E-08
  344    2.475179E-08
  345    2.460872E-08
  346    2.446688E-08
  347    2.432627E-08
  348    2.418686E-08
  349    2.404865E-08
  350    2.391162E-08
  351    2.608276E-08
  352    2.593498E-08
  353    2.578846E-08
  354    2.564317E-08
  355    2.549911E-08
  356    2.535626E-08
  357    2.521460E-08
  358    2.507413E-08
  359    2.493483E-08
  360    2.479669E-08
  361    3.120401E-08
  362    3.103209E-08
  363    3.086158E-08
  364    3.069248E-08
  365    3.052476E-08
  366    3.035841E-08
  367    3.019342E-08
  368    3.002977E-08
  369    2.986745E-08
  370    2.970644E-08
  371    3.093556E-08
  372    3.076969E-08
  373    3.060515E-08
  374    3.044192E-08
  375    3.027999E-08
  376    3.011936E-08
  377    2.995999E-08
  378    2.980189E-08
  379    2.964504E-08
  380    2.948943E-08
  381    3.471032E-08
  382    3.452907E-08
  383    3.434923E-08
  384    3.417079E-08
  385    3.399374E-08
  386    3.381806E-08
  387    3.364374E-08
  388    3.347077E-08
  389    3.329912E-08
  390    3.312879E-08
  391    3.822002E-08
  392    3.802552E-08
  393    3.783249E-08
  394    3.764094E-08
  395    3.745083E-08
  396    3.726216E-08
  397    3.707492E-08
  398    3.688908E-08
  399    3.670463E-08
  400    3.652157E-08
  401    3.646909E-08
  402    3.628810E-08
  403    3.610846E-08
  404    3.593015E-08
  405    3.575315E-08
  406    3.557746E-08
  407    3.540306E-08
  408    3.522994E-08
  409    3.505809E-08
  410    3.488749E-08
  411    4.410726E-08
  412    4.389367E-08
  413    4.368162E-08
  414    4.347111E-08
  415    4.326211E-08
  416    4.305462E-08
  417    4.284862E-08
  418    4.264409E-08
  419    4.244102E-08
  420    4.223940E-08
  421    4.086860E-08
  422    4.067537E-08
  423    4.048351E-08
  424    4.029300E-08
  425    4.010383E-08
  426    3.991599E-08
  427    3.972946E-08
  428    3.954425E-08
  429    3.936032E-08
  430    3.917767E-08
  431    4.833446E-08
  432    4.811121E-08
  433    4.788950E-08
  434    4.766931E-08
  435    4.745065E-08
  436    4.723348E-08
  437    4.701780E-08
  438    4.680360E-08
  439    4.659086E-08
  440    4.637956E-08
  441    4.826752E-08
  442    4.804961E-08
  443    4.783317E-08
  444    4.761819E-08
  445    4.740466E-08
  446    4.719255E-08
  447    4.698187E-08
  448    4.677260E-08
  449    4.656472E-08
  450    4.635823E-08
  451    4.797771E-08
  452    4.776589E-08
  453    4.755546E-08
  454    4.734643E-08
  455    4.713877E-08
  456    4.693247E-08
  457    4.672753E-08
  458    4.652392E-08
  459    4.632164E-08
  460    4.612068E-08
  461    5.274072E-08
  462    5.251290E-08
  463    5.228655E-08
  464    5.206166E-08
  465    5.183822E-08
  466    5.161622E-08
  467    5.139563E-08
  468    5.117646E-08
  469    5.095869E-08
  470    5.074230E-08
  471    4.959089E-08
  472    4.938121E-08
  473    4.917285E-08
  474    4.896580E-08
  475    4.876006E-08
  476    4.855562E-08
  477    4.835246E-08
  478    4.815057E-08
  479    4.794994E-08
  480    4.775057E-08
  481    5.812277E-08
  482    5.788209E-08
  483    5.764291E-08
  484    5.740521E-08
  485    5.716897E-08
  486    5.693419E-08
  487    5.670086E-08
  488    5.646895E-08
  489    5.623847E-08
  490    5.600939E-08
  491    5.349636E-08
  492    5.327934E-08
  493    5.306363E-08
  494    5.284923E-08
  495    5.263613E-08
  496    5.242432E-08
  497    5.221378E-08
  498    5.200450E-08
  499    5.179649E-08
  500    5.158971E-08
  501    5.619172E-08
  502    5.596829E-08
  503    5.574620E-08
  504    5.552542E-08
  505    5.530595E-08
  506    5.508778E-08
  507    5.487090E-08
  508    5.465530E-08
  509    5.444097E-08
  510    5.422789E-08
  511    5.977090E-08
  512    5.953788E-08
  513    5.930621E-08
  514    5.907590E-08
  515    5.884692E-08
  516    5.861927E-08
  517    5.839294E-08
  518    5.816792E-08
  519    5.794420E-08
  520    5.772177E-08
  521    5.655069E-08
  522    5.633444E-08
  523    5.611942E-08
  524    5.590563E-08
  525    5.569306E-08
  526    5.548171E-08
  527    5.527155E-08
  528    5.506258E-08
  529    5.485480E-08
  530    5.464819E-08
  531    6.244074E-08
  532    6.220644E-08
  533    6.197345E-08
  534    6.174178E-08
  535    6.151140E-08
  536    6.128231E-08
  537    6.105449E-08
  538    6.082794E-08
  539    6.060265E-08
  540    6.037862E-08
  541    5.711585E-08
  542    5.690548E-08
  543    5.669626E-08
  544    5.648820E-08
  545    5.628129E-08
  546    5.607551E-08
  547    5.587085E-08
  548    5.566731E-08
  549    5.546489E-08
  550    5.526356E-08
  551    6.224264E-08
  552    6.201753E-08
  553    6.179364E-08
  554    6.157096E-08
  555    6.134948E-08
  556    6.112920E-08
  557    6.091010E-08
  558    6.069217E-08
  559    6.047541E-08
  560    6.025981E-08
  561    6.104935E-08
  562    6.083247E-08
  563    6.061676E-08
  564    6.040218E-08
  565    6.018875E-08
  566    5.997644E-08
  567    5.976526E-08
  568    5.955519E-08
  569    5.934622E-08
  570    5.913835E-08
  571    5.936782E-08
  572    5.916060E-08
  573    5.895447E-08
  574    5.874941E-08
  575    5.854542E-08
  576    5.834249E-08
  577    5.814061E-08
  578    5.793978E-08
  579    5.773999E-08
  580    5.754122E-08
  581    6.120298E-08
  582    6.099302E-08
  583    6.078414E-08
  584    6.057633E-08
  585    6.036959E-08
  586    6.016390E-08
  587    5.995926E-08
  588    5.975566E-08
  589    5.955310E-08
  590    5.935157E-08
  591    6.072728E-08
  592    6.052246E-08
  593    6.031868E-08
  594    6.011593E-08
  595    5.991420E-08
  596    5.971348E-08
  597    5.951377E-08
  598    5.931506E-08
  599    5.911735E-08
  600    5.892062E-08
  601    6.247845E-08
  602    6.227123E-08
  603    6.206503E-08
  604    6.185986E-08
  605    6.165570E-08
  606    6.145255E-08
  607    6.125041E-08
  608    6.104925E-08
  609    6.084909E-08
  610    6.064991E-08
  611    5.973754E-08
  612    5.954264E-08
  613    5.934869E-08
  614    5.915569E-08
  615    5.896362E-08
  616    5.877249E-08
  617    5.858229E-08
  618    5.839301E-08
  619    5.820464E-08
  620    5.801719E-08
  621    6.352884E-08
  622    6.332490E-08
  623    6.312193E-08
  624    6.291994E-08
  625    6.271892E-08
  626    6.251886E-08
  627    6.231975E-08
  628    6.212160E-08
  629    6.192439E-08
  630    6.172811E-08
  631    6.216399E-08
  632    6.196758E-08
  633    6.177210E-08
  634    6.157754E-08
  635    6.138390E-08
  636    6.119117E-08
  637    6.099935E-08
  638    6.080843E-08
  639    6.061840E-08
  640    6.042927E-08
  641    6.284753E-08
  642    6.265205E-08
  643    6.245748E-08
  644    6.226381E-08
  645    6.207104E-08
  646    6.187917E-08
  647    6.168818E-08
  648    6.149808E-08
  649    6.130886E-08
  650    6.112050E-08
  651    6.602076E-08
  652    6.581855E-08
  653    6.561727E-08
  654    6.541691E-08
  655    6.521747E-08
  656    6.501894E-08
  657    6.482131E-08
  658    6.462459E-08
  659    6.442876E-08
  660    6.423381E-08
  661    6.532459E-08
  662    6.512753E-08
  663    6.493136E-08
  664    6.473608E-08
  665    6.454168E-08
  666    6.434815E-08
  667    6.415549E-08
  668    6.396370E-08
  669    6.377276E-08
  670    6.358268E-08
  671    7.117691E-08
  672    7.096539E-08
  673    7.075481E-08
  674    7.054517E-08
  675    7.033645E-08
  676    7.012866E-08
  677    6.992179E-08
  678    6.971584E-08
  679    6.951079E-08
  680    6.930665E-08
  681    7.124252E-08
  682    7.103390E-08
  683    7.082620E-08
  684    7.061941E-08
  685    7.041352E-08
  686    7.020853E-08
  687    7.000444E-08
  688    6.980123E-08
  689    6.959891E-08
  690    6.939747E-08
  691    7.516813E-08
  692    7.495119E-08
  693    7.473520E-08
  694    7.452013E-08
  695    7.430599E-08
  696    7.409278E-08
  697    7.388048E-08
  698    7.366909E-08
  699    7.345860E-08
  700    7.324902E-08
  701    7.924176E-08
  702    7.901632E-08
  703    7.879184E-08
  704    7.856832E-08
  705    7.834575E-08
  706    7.812412E-08
  707    7.790343E-08
  708    7.768367E-08
  709    7.746485E-08
  710    7.724694E-08
  711    8.337696E-08
  712    8.314308E-08
  713    8.291019E-08
  714    8.267827E-08
  715    8.244733E-08
  716    8.221735E-08
  717    8.198833E-08
  718    8.176027E-08
  719    8.153316E-08
  720    8.130699E-08
  721    9.245423E-08
  722    9.219848E-08
  723    9.194379E-08
  724    9.169015E-08
  725    9.143756E-08
  726    9.118601E-08
  727    9.093550E-08
  728    9.068602E-08
  729    9.043757E-08
  730    9.019013E-08
  731    9.747820E-08
  732    9.721223E-08
  733    9.694735E-08
  734    9.668354E-08
  735    9.642082E-08
  736    9.615916E-08
  737    9.589857E-08
  738    9.563903E-08
  739    9.538055E-08
  740    9.512311E-08
  741    1.117689E-07
  742    1.114680E-07
  743    1.111684E-07
  744    1.108699E-07
  745    1.105727E-07
  746    1.102766E-07
  747    1.099818E-07
  748    1.096881E-07
  749    1.093956E-07
  750    1.091043E-07
  751    1.181871E-07
  752    1.178732E-07
  753    1.175605E-07
  754    1.172491E-07
  755    1.169389E-07
  756    1.166300E-07
  757    1.163222E-07
  758    1.160157E-07
  759    1.157104E-07
  760    1.154063E-07
  761    1.309481E-07
  762    1.306049E-07
  763    1.302630E-07
  764    1.299224E-07
  765    1.295832E-07
  766    1.292453E-07
  767    1.289087E-07
  768    1.285735E-07
  769    1.282395E-07
  770    1.279068E-07
  771    1.494105E-07
  772    1.490239E-07
  773    1.486388E-07
  774    1.482553E-07
  775    1.478732E-07
  776    1.474925E-07
  777    1.471134E-07
  778    1.467357E-07
  779    1.463594E-07
  780    1.459846E-07
  781    1.603936E-07
  782    1.599839E-07
  783    1.595758E-07
  784    1.591693E-07
  785    1.587642E-07
  786    1.583608E-07
  787    1.579588E-07
  788    1.575584E-07
  789    1.571596E-07
  790    1.567622E-07
  791    1.874987E-07
  792    1.870258E-07
  793    1.865547E-07
  794    1.860854E-07
  795    1.856178E-07
  796    1.851520E-07
  797    1.846880E-07
  798    1.842257E-07
  799    1.837651E-07
  800    1.833063E-07
  801    2.042032E-07
  802    2.036946E-07
  803    2.031879E-07
  804    2.026831E-07
  805    2.021802E-07
  806    2.016791E-07
  807    2.011799E-07
  808    2.006825E-07
  809    2.001870E-07
  810    1.996933E-07
  811    2.322607E-07
  812    2.316893E-07
  813    2.311201E-07
  814    2.305529E-07
  815    2.299878E-07
  816    2.294248E-07
  817    2.288639E-07
  818    2.283050E-07
  819    2.277482E-07
  820    2.271934E-07
  821    2.693297E-07
  822    2.686751E-07
  823    2.680230E-07
  824    2.673733E-07
  825    2.667259E-07
  826    2.660808E-07
  827    2.654381E-07
  828    2.647977E-07
  829    2.641597E-07
  830    2.635239E-07
  831    2.893465E-07
  832    2.886518E-07
  833    2.879596E-07
  834    2.872699E-07
  835    2.865826E-07
  836    2.858978E-07
  837    2.852155E-07
  838    2.845356E-07
  839    2.838581E-07
  840    2.831831E-07
  841    3.435679E-07
  842    3.427528E-07
  843    3.419406E-07
  844    3.411313E-07
  845    3.403248E-07
  846    3.395212E-07
  847    3.387205E-07
  848    3.379226E-07
  849    3.371274E-07
  850    3.363351E-07
  851    3.495825E-07
  852    3.487629E-07
  853    3.479461E-07
  854    3.471322E-07
  855    3.463211E-07
  856    3.455129E-07
  857    3.447075E-07
  858    3.439049E-07
  859    3.431052E-07
  860    3.423082E-07
  861    3.944336E-07
  862    3.935195E-07
  863    3.926085E-07
  864    3.917008E-07
  865    3.907961E-07
  866    3.898947E-07
  867    3.889963E-07
  868    3.881010E-07
  869    3.872088E-07
  870    3.863197E-07
  871    4.497210E-07
  872    4.486907E-07
  873    4.476639E-07
  874    4.466407E-07
  875    4.456210E-07
  876    4.446047E-07
  877    4.435920E-07
  878    4.425827E-07
  879    4.415768E-07
  880    4.405743E-07
  881    4.776211E-07
  882    4.765392E-07
  883    4.754611E-07
  884    4.743866E-07
  885    4.733158E-07
  886    4.722485E-07
  887    4.711849E-07
  888    4.701249E-07
  889    4.690684E-07
  890    4.680155E-07
  891    5.823819E-07
  892    5.810776E-07
  893    5.797777E-07
  894    5.784821E-07
  895    5.771908E-07
  896    5.759039E-07
  897    5.746212E-07
  898    5.733429E-07
  899    5.720688E-07
  900    5.707989E-07
  901    6.073416E-07
  902    6.059965E-07
  903    6.046558E-07
  904    6.033195E-07
  905    6.019877E-07
  906    6.006603E-07
  907    5.993372E-07
  908    5.980185E-07
  909    5.967042E-07
  910    5.953942E-07
  911    6.893951E-07
  912    6.878849E-07
  913    6.863797E-07
  914    6.848794E-07
  915    6.833841E-07
  916    6.818936E-07
  917    6.804080E-07
  918    6.789272E-07
  919    6.774513E-07
  920    6.759802E-07
  921    7.755812E-07
  922    7.739006E-07
  923    7.722255E-07
  924    7.705558E-07
  925    7.688916E-07
  926    7.672327E-07
  927    7.655792E-07
  928    7.639310E-07
  929    7.622881E-07
  930    7.606506E-07
  931    8.016894E-07
  932    7.999709E-07
  933    7.982579E-07
  934    7.965503E-07
  935    7.948483E-07
  936    7.931517E-07
  937    7.914606E-07
  938    7.897748E-07
  939    7.880945E-07
  940    7.864194E-07
  941    9.437553E-07
  942    9.417537E-07
  943    9.397584E-07
  944    9.377695E-07
  945    9.357869E-07
  946    9.338106E-07
  947    9.318405E-07
  948    9.298767E-07
  949    9.279191E-07
  950    9.259676E-07
  951    9.411112E-07
  952    9.391361E-07
  953    9.371673E-07
  954    9.352046E-07
  955    9.332481E-07
  956    9.312978E-07
  957    9.293535E-07
  958    9.274154E-07
  959    9.254832E-07
  960    9.235572E-07
  961    1.054729E-06
  962    1.052539E-06
  963    1.050355E-06
  964    1.048178E-06
  965    1.046008E-06
  966    1.043844E-06
  967    1.041688E-06
  968    1.039538E-06
  969    1.037394E-06
  970    1.035258E-06
  971    1.114922E-06
  972    1.112630E-06
  973    1.110346E-06
  974    1.108068E-06
  975    1.105797E-06
  976    1.103534E-06
  977    1.101277E-06
  978    1.099027E-06
  979    1.096784E-06
  980    1.094548E-06
  981    1.173555E-06
  982    1.171167E-06
  983    1.168787E-06
  984    1.166414E-06
  985    1.164048E-06
  986    1.161689E-06
  987    1.159338E-06
  988    1.156993E-06
  989    1.154656E-06
  990    1.152325E-06
  991    1.351572E-06
  992    1.348850E-06
  993    1.346136E-06
  994    1.343430E-06
  995    1.340732E-06
  996    1.338043E-06
  997    1.335361E-06
  998    1.332688E-06
  999    1.330022E-06
 1000    1.327365E-06
 1001    1.307725E-06
 1002    1.305117E-06
 1003    1.302518E-06
 1004    1.299926E-06
 1005    1.297341E-06
 1006    1.294765E-06
 1007    1.292196E-06
 1008    1.289634E-06
 1009    1.287080E-06
 1010    1.284534E-06
 1011    1.540763E-06
 1012    1.537721E-06
 1013    1.534688E-06
 1014    1.531664E-06
 1015    1.528649E-06
 1016    1.525643E-06
 1017    1.522645E-06
 1018    1.519657E-06
 1019    1.516677E-06
 1020    1.513706E-06
 1021    1.620647E-06
 1022    1.617478E-06
 1023    1.614319E-06
 1024    1.611169E-06
 1025    1.608029E-06
 1026    1.604897E-06
 1027    1.601775E-06
 1028    1.598662E-06
 1029    1.595557E-06
 1030    1.592462E-06
 1031    1.695079E-06
 1032    1.691797E-06
 1033    1.688525E-06
 1034    1.685262E-06
 1035    1.682008E-06
 1036    1.678764E-06
 1037    1.675530E-06
 1038    1.672305E-06
 1039    1.669089E-06
 1040    1.665882E-06
 1041    1.842844E-06
 1042    1.839311E-06
 1043    1.835787E-06
 1044    1.832274E-06
 1045    1.828770E-06
 1046    1.825277E-06
 1047    1.821794E-06
 1048    1.818320E-06
 1049    1.814857E-06
 1050    1.811403E-06
 1051    1.802522E-06
 1052    1.799098E-06
 1053    1.795685E-06
 1054    1.792280E-06
 1055    1.788886E-06
 1056    1.785501E-06
 1057    1.782126E-06
 1058    1.778760E-06
 1059    1.775404E-06
 1060    1.772057E-06
 1061    2.045149E-06
 1062    2.041302E-06
 1063    2.037465E-06
 1064    2.033638E-06
 1065    2.029823E-06
 1066    2.026018E-06
 1067    2.022224E-06
 1068    2.018441E-06
 1069    2.014668E-06
 1070    2.010906E-06
 1071    2.086735E-06
 1072    2.082845E-06
 1073    2.078966E-06
 1074    2.075099E-06
 1075    2.071242E-06
 1076    2.067395E-06
 1077    2.063560E-06
 1078    2.059735E-06
 1079    2.055920E-06
 1080    2.052117E-06
 1081    2.250903E-06
 1082    2.246747E-06
 1083    2.242601E-06
 1084    2.238467E-06
 1085    2.234345E-06
 1086    2.230234E-06
 1087    2.226134E-06
 1088    2.222046E-06
 1089    2.217969E-06
 1090    2.213903E-06
 1091    2.369097E-06
 1092    2.364762E-06
 1093    2.360439E-06
 1094    2.356128E-06
 1095    2.351828E-06
 1096    2.347541E-06
 1097    2.343265E-06
 1098    2.339000E-06
 1099    2.334748E-06
 1100    2.330506E-06
 1101    2.452945E-06
 1102    2.448498E-06
 1103    2.444062E-06
 1104    2.439638E-06
 1105    2.435227E-06
 1106    2.430827E-06
 1107    2.426439E-06
 1108    2.422063E-06
 1109    2.417699E-06
 1110    2.413347E-06
 1111    2.644754E-06
 1112    2.640002E-06
 1113    2.635262E-06
 1114    2.630535E-06
 1115    2.625821E-06
 1116    2.621119E-06
 1117    2.616430E-06
 1118    2.611754E-06
 1119    2.607090E-06
 1120    2.602439E-06
 1121    2.818855E-06
 1122    2.813834E-06
 1123    2.808827E-06
 1124    2.803834E-06
 1125    2.798854E-06
 1126    2.793887E-06
 1127    2.788933E-06
 1128    2.783993E-06
 1129    2.779065E-06
 1130    2.774151E-06
 1131    2.962299E-06
 1132    2.957070E-06
 1133    2.951855E-06
 1134    2.946653E-06
 1135    2.941466E-06
 1136    2.936291E-06
 1137    2.931131E-06
 1138    2.925984E-06
 1139    2.920851E-06
 1140    2.915731E-06
 1141    3.092552E-06
 1142    3.087140E-06
 1143    3.081743E-06
 1144    3.076360E-06
 1145    3.070991E-06
 1146    3.065637E-06
 1147    3.060296E-06
 1148    3.054969E-06
 1149    3.049656E-06
 1150    3.044357E-06
 1151    3.132863E-06
 1152    3.127429E-06
 1153    3.122009E-06
 1154    3.116603E-06
 1155    3.111211E-06
 1156    3.105832E-06
 1157    3.100468E-06
 1158    3.095118E-06
 1159    3.089782E-06
 1160    3.084459E-06
 1161    3.195003E-06
 1162    3.189509E-06
 1163    3.184028E-06
 1164    3.178562E-06
 1165    3.173110E-06
 1166    3.167672E-06
 1167    3.162248E-06
 1168    3.156838E-06
 1169    3.151442E-06
 1170    3.146059E-06
 1171    3.280947E-06
 1172    3.275353E-06
 1173    3.269774E-06
 1174    3.264208E-06
 1175    3.258657E-06
 1176    3.253119E-06
 1177    3.247596E-06
 1178    3.242087E-06
 1179    3.236592E-06
 1180    3.231111E-06
 1181    3.587376E-06
 1182    3.581311E-06
 1183    3.575262E-06
 1184    3.569228E-06
 1185    3.563209E-06
 1186    3.557205E-06
 1187    3.551217E-06
 1188    3.545243E-06
 1189    3.539285E-06
 1190    3.533341E-06
 1191    3.678461E-06
 1192    3.672294E-06
 1193    3.666143E-06
 1194    3.660007E-06
 1195    3.653886E-06
 1196    3.647781E-06
 1197    3.641692E-06
 1198    3.635617E-06
 1199    3.629558E-06
 1200    3.623513E-06
 1201    3.841122E-06
 1202    3.834736E-06
 1203    3.828366E-06
 1204    3.822012E-06
 1205    3.815674E-06
 1206    3.809351E-06
 1207    3.803044E-06
 1208    3.796753E-06
 1209    3.790477E-06
 1210    3.784217E-06
 1211    3.885045E-06
 1212    3.878640E-06
 1213    3.872250E-06
 1214    3.865876E-06
 1215    3.859517E-06
 1216    3.853175E-06
 1217    3.846848E-06
 1218    3.840536E-06
 1219    3.834240E-06
 1220    3.827960E-06
 1221    3.997445E-06
 1222    3.990908E-06
 1223    3.984386E-06
 1224    3.977881E-06
 1225    3.971392E-06
 1226    3.964919E-06
 1227    3.958461E-06
 1228    3.952020E-06
 1229    3.945594E-06
 1230    3.939183E-06
 1231    4.412839E-06
 1232    4.405681E-06
 1233    4.398540E-06
 1234    4.391417E-06
 1235    4.384311E-06
 1236    4.377223E-06
 1237    4.370151E-06
 1238    4.363097E-06
 1239    4.356060E-06
 1240    4.349039E-06
 1241    4.342521E-06
 1242    4.335534E-06
 1243    4.328563E-06
 1244    4.321610E-06
 1245    4.314673E-06
 1246    4.307753E-06
 1247    4.300849E-06
 1248    4.293963E-06
 1249    4.287092E-06
 1250    4.280238E-06
 1251    4.533963E-06
 1252    4.526726E-06
 1253    4.519507E-06
 1254    4.512304E-06
 1255    4.505119E-06
 1256    4.497951E-06
 1257    4.490800E-06
 1258    4.483666E-06
 1259    4.476549E-06
 1260    4.469449E-06
 1261    4.507359E-06
 1262    4.500222E-06
 1263    4.493101E-06
 1264    4.485997E-06
 1265    4.478910E-06
 1266    4.471840E-06
 1267    4.464787E-06
 1268    4.457750E-06
 1269    4.450730E-06
 1270    4.443727E-06
 1271    4.868350E-06
 1272    4.860701E-06
 1273    4.853070E-06
 1274    4.845458E-06
 1275    4.837863E-06
 1276    4.830286E-06
 1277    4.822727E-06
 1278    4.815185E-06
 1279    4.807662E-06
 1280    4.800156E-06
 1281    4.811233E-06
 1282    4.803733E-06
 1283    4.796250E-06
 1284    4.788785E-06
 1285    4.781338E-06
 1286    4.773908E-06
 1287    4.766495E-06
 1288    4.759099E-06
 1289    4.751721E-06
 1290    4.744359E-06
 1291    4.846001E-06
 1292    4.838505E-06
 1293    4.831027E-06
 1294    4.823566E-06
 1295    4.816122E-06
 1296    4.808695E-06
 1297    4.801286E-06
 1298    4.793894E-06
 1299    4.786518E-06
 1300    4.779160E-06
 1301    4.949337E-06
 1302    4.941740E-06
 1303    4.934161E-06
 1304    4.926599E-06
 1305    4.919054E-06
 1306    4.911527E-06
 1307    4.904017E-06
 1308    4.896524E-06
 1309    4.889048E-06
 1310    4.881590E-06
 1311    4.886121E-06
 1312    4.878678E-06
 1313    4.871252E-06
 1314    4.863844E-06
 1315    4.856452E-06
 1316    4.849077E-06
 1317    4.841719E-06
 1318    4.834377E-06
 1319    4.827052E-06
 1320    4.819744E-06
 1321    5.166082E-06
 1322    5.158272E-06
 1323    5.150480E-06
 1324    5.142706E-06
 1325    5.134949E-06
 1326    5.127210E-06
 1327    5.119488E-06
 1328    5.111784E-06
 1329    5.104097E-06
 1330    5.096427E-06
 1331    5.357506E-06
 1332    5.349467E-06
 1333    5.341447E-06
 1334    5.333445E-06
 1335    5.325461E-06
 1336    5.317494E-06
 1337    5.309546E-06
 1338    5.301615E-06
 1339    5.293703E-06
 1340    5.285807E-06
 1341    5.255545E-06
 1342    5.247718E-06
 1343    5.239909E-06
 1344    5.232117E-06
 1345    5.224343E-06
 1346    5.216586E-06
 1347    5.208846E-06
 1348    5.201124E-06
 1349    5.193418E-06
 1350    5.185730E-06
 1351    5.512570E-06
 1352    5.504421E-06
 1353    5.496291E-06
 1354    5.488178E-06
 1355    5.480084E-06
 1356    5.472007E-06
 1357    5.463948E-06
 1358    5.455907E-06
 1359    5.447883E-06
 1360    5.439878E-06
 1361    5.545962E-06
 1362    5.537824E-06
 1363    5.529704E-06
 1364    5.521602E-06
 1365    5.513518E-06
 1366    5.505451E-06
 1367    5.497402E-06
 1368    5.489371E-06
 1369    5.481357E-06
 1370    5.473361E-06
 1371    5.798795E-06
 1372    5.790349E-06
 1373    5.781920E-06
 1374    5.773510E-06
 1375    5.765118E-06
 1376    5.756745E-06
 1377    5.748390E-06
 1378    5.740053E-06
 1379    5.731734E-06
 1380    5.723433E-06
 1381    5.876065E-06
 1382    5.867568E-06
 1383    5.859088E-06
 1384    5.850628E-06
 1385    5.842185E-06
 1386    5.833761E-06
 1387    5.825355E-06
 1388    5.816967E-06
 1389    5.808597E-06
 1390    5.800246E-06
 1391    5.946681E-06
 1392    5.938143E-06
 1393    5.929623E-06
 1394    5.921122E-06
 1395    5.912639E-06
 1396    5.904174E-06
 1397    5.895727E-06
 1398    5.887299E-06
 1399    5.878889E-06
 1400    5.870496E-06
 1401    6.063289E-06
 1402    6.054646E-06
 1403    6.046021E-06
 1404    6.037414E-06
 1405    6.028826E-06
 1406    6.020257E-06
 1407    6.011705E-06
 1408    6.003172E-06
 1409    5.994657E-06
 1410    5.986160E-06
 1411    5.703340E-06
 1412    5.695268E-06
 1413    5.687212E-06
 1414    5.679174E-06
 1415    5.671152E-06
 1416    5.663148E-06
 1417    5.655160E-06
 1418    5.647190E-06
 1419    5.639236E-06
 1420    5.631299E-06
 1421    6.229936E-06
 1422    6.221180E-06
 1423    6.212443E-06
 1424    6.203723E-06
 1425    6.195022E-06
 1426    6.186340E-06
 1427    6.177676E-06
 1428    6.169029E-06
 1429    6.160401E-06
 1430    6.151791E-06
 1431    6.726865E-06
 1432    6.717476E-06
 1433    6.708107E-06
 1434    6.698758E-06
 1435    6.689428E-06
 1436    6.680118E-06
 1437    6.670827E-06
 1438    6.661556E-06
 1439    6.652303E-06
 1440    6.643071E-06
 1441    6.849615E-06
 1442    6.840122E-06
 1443    6.830648E-06
 1444    6.821194E-06
 1445    6.811759E-06
 1446    6.802344E-06
 1447    6.792948E-06
 1448    6.783572E-06
 1449    6.774216E-06
 1450    6.764878E-06
 1451    6.348679E-06
 1452    6.339940E-06
 1453    6.331220E-06
 1454    6.322517E-06
 1455    6.313832E-06
 1456    6.305165E-06
 1457    6.296516E-06
 1458    6.287885E-06
 1459    6.279271E-06
 1460    6.270675E-06
 1461    6.914551E-06
 1462    6.905098E-06
 1463    6.895665E-06
 1464    6.886251E-06
 1465    6.876857E-06
 1466    6.867481E-06
 1467    6.858125E-06
 1468    6.848788E-06
 1469    6.839470E-06
 1470    6.830171E-06
 1471    7.509446E-06
 1472    7.499249E-06
 1473    7.489074E-06
 1474    7.478919E-06
 1475    7.468785E-06
 1476    7.458672E-06
 1477    7.448579E-06
 1478    7.438506E-06
 1479    7.428454E-06
 1480    7.418423E-06
 1481    7.474861E-06
 1482    7.464780E-06
 1483    7.454720E-06
 1484    7.444680E-06
 1485    7.434660E-06
 1486    7.424661E-06
 1487    7.414681E-06
 1488    7.404722E-06
 1489    7.394783E-06
 1490    7.384863E-06
 1491    7.840201E-06
 1492    7.829698E-06
 1493    7.819217E-06
 1494    7.808756E-06
 1495    7.798317E-06
 1496    7.787898E-06
 1497    7.777500E-06
 1498    7.767123E-06
 1499    7.756767E-06
 1500    7.746432E-06
 1501    7.935028E-06
 1502    7.924469E-06
 1503    7.913932E-06
 1504    7.903415E-06
 1505    7.892919E-06
 1506    7.882444E-06
 1507    7.871990E-06
 1508    7.861556E-06
 1509    7.851144E-06
 1510    7.840752E-06
 1511    7.195540E-06
 1512    7.186029E-06
 1513    7.176536E-06
 1514    7.167062E-06
 1515    7.157607E-06
 1516    7.148170E-06
 1517    7.138752E-06
 1518    7.129353E-06
 1519    7.119972E-06
 1520    7.110610E-06
 1521    8.310278E-06
 1522    8.299365E-06
 1523    8.288474E-06
 1524    8.277603E-06
 1525    8.266755E-06
 1526    8.255927E-06
 1527    8.245121E-06
 1528    8.234336E-06
 1529    8.223572E-06
 1530    8.212829E-06
 1531    1.077260E-05
 1532    1.075854E-05
 1533    1.074451E-05
 1534    1.073052E-05
 1535    1.071654E-05
 1536    1.070260E-05
 1537    1.068868E-05
 1538    1.067479E-05
 1539    1.066093E-05
 1540    1.064709E-05
 1541    1.157307E-05
 1542    1.155807E-05
 1543    1.154310E-05
 1544    1.152815E-05
 1545    1.151324E-05
 1546    1.149836E-05
 1547    1.148350E-05
 1548    1.146867E-05
 1549    1.145387E-05
 1550    1.143910E-05
 1551    1.012770E-05
 1552    1.011466E-05
 1553    1.010164E-05
 1554    1.008865E-05
 1555    1.007568E-05
 1556    1.006274E-05
 1557    1.004982E-05
 1558    1.003693E-05
 1559    1.002406E-05
 1560    1.001122E-05
 1561    1.317556E-05
 1562    1.315871E-05
 1563    1.314188E-05
 1564    1.312508E-05
 1565    1.310832E-05
 1566    1.309159E-05
 1567    1.307489E-05
 1568    1.305823E-05
 1569    1.304159E-05
 1570    1.302499E-05
 1571    1.690415E-05
 1572    1.688266E-05
 1573    1.686121E-05
 1574    1.683979E-05
 1575    1.681842E-05
 1576    1.679709E-05
 1577    1.677581E-05
 1578    1.675456E-05
 1579    1.673335E-05
 1580    1.671218E-05
 1581    1.409590E-05
 1582    1.407809E-05
 1583    1.406031E-05
 1584    1.404257E-05
 1585    1.402486E-05
 1586    1.400719E-05
 1587    1.398955E-05
 1588    1.397194E-05
 1589    1.395437E-05
 1590    1.393682E-05
 1591    7.440353E-06
 1592    7.431012E-06
 1593    7.421688E-06
 1594    7.412382E-06
 1595    7.403093E-06
 1596    7.393822E-06
 1597    7.384568E-06
 1598    7.375332E-06
 1599    7.366113E-06
 1600    7.356911E-06
 1601    3.872534E-07
 1602    3.867703E-07
 1603    3.862880E-07
 1604    3.858067E-07
 1605    3.853262E-07
 1606    3.848467E-07
 1607    3.843680E-07
 1608    3.838902E-07
 1609    3.834133E-07
 1610    3.829373E-07
 1611   -5.997558E-06
 1612   -5.990122E-06
 1613   -5.982699E-06
 1614   -5.975290E-06
 1615   -5.967895E-06
 1616   -5.960514E-06
 1617   -5.953146E-06
 1618   -5.945792E-06
 1619   -5.938451E-06
 1620   -5.931124E-06
 1621   -5.489762E-06
 1622   -5.482997E-06
 1623   -5.476244E-06
 1624   -5.469504E-06
 1625   -5.462777E-06
 1626   -5.456062E-06
 1627   -5.449359E-06
 1628   -5.442668E-06
 1629   -5.435990E-06
 1630   -5.429324E-06
 1631    2.423595E-05
 1632    2.420627E-05
 1633    2.417664E-05
 1634    2.414707E-05
 1635    2.411755E-05
 1636    2.408808E-05
 1637    2.405867E-05
 1638    2.402931E-05
 1639    2.400001E-05
 1640    2.397076E-05
 1641    8.505254E-05
 1642    8.494900E-05
 1643    8.484566E-05
 1644    8.474250E-05
 1645    8.463953E-05
 1646    8.453675E-05
 1647    8.443416E-05
 1648    8.433175E-05
 1649    8.422953E-05
 1650    8.412750E-05
 1651    1.527526E-04
 1652    1.525677E-04
 1653    1.523833E-04
 1654    1.521991E-04
 1655    1.520153E-04
 1656    1.518318E-04
 1657    1.516487E-04
 1658    1.514658E-04
 1659    1.512834E-04
 1660    1.511012E-04
 1661    2.159743E-04
 1662    2.157146E-04
 1663    2.154553E-04
 1664    2.151965E-04
 1665    2.149381E-04
 1666    2.146803E-04
 1667    2.144229E-04
 1668    2.141659E-04
 1669    2.139094E-04
 1670    2.136534E-04
 1671    2.465578E-04
 1672    2.462631E-04
 1673    2.459688E-04
 1674    2.456751E-04
 1675    2.453820E-04
 1676    2.450893E-04
 1677    2.447972E-04
 1678    2.445056E-04
 1679    2.442145E-04
 1680    2.439240E-04
 1681    7.878740E-05
 1682    7.869377E-05
 1683    7.860031E-05
 1684    7.850702E-05
 1685    7.841389E-05
 1686    7.832093E-05
 1687    7.822813E-05
 1688    7.813550E-05
 1689    7.804303E-05
 1690    7.795073E-05
 1691   -5.629011E-04
 1692   -5.622361E-04
 1693   -5.615723E-04
 1694   -5.609097E-04
 1695   -5.602482E-04
 1696   -5.595879E-04
 1697   -5.589288E-04
 1698   -5.582709E-04
 1699   -5.576141E-04
 1700   -5.569585E-04
 1701   -1.499065E-03
 1702   -1.497304E-03
 1703   -1.495547E-03
 1704   -1.493792E-03
 1705   -1.492041E-03
 1706   -1.490293E-03
 1707   -1.488548E-03
 1708   -1.486806E-03
 1709   -1.485067E-03
 1710   -1.483331E-03
 1711   -1.997069E-03
 1712   -1.994737E-03
 1713   -1.992409E-03
 1714   -1.990086E-03
 1715   -1.987767E-03
 1716   -1.985451E-03
 1717   -1.983140E-03
 1718   -1.980832E-03
 1719   -1.978529E-03
 1720   -1.976230E-03
 1721   -1.799051E-03
 1722   -1.796963E-03
 1723   -1.794878E-03
 1724   -1.792797E-03
 1725   -1.790720E-03
 1726   -1.788646E-03
 1727   -1.786576E-03
 1728   -1.784509E-03
 1729   -1.782446E-03
 1730   -1.780387E-03
 1731   -1.028046E-04
 1732   -1.026859E-04
 1733   -1.025675E-04
 1734   -1.024492E-04
 1735   -1.023312E-04
 1736   -1.022134E-04
 1737   -1.020958E-04
 1738   -1.019783E-04
 1739   -1.018611E-04
 1740   -1.017441E-04
 1741    6.024565E-03
 1742    6.017652E-03
 1743    6.010751E-03
 1744    6.003862E-03
 1745    5.996985E-03
 1746    5.990119E-03
 1747    5.983265E-03
 1748    5.976424E-03
 1749    5.969593E-03
 1750    5.962775E-03
 1751    1.609187E-02
 1752    1.607352E-02
 1753    1.605519E-02
 1754    1.603689E-02
 1755    1.601863E-02
 1756    1.600039E-02
 1757    1.598219E-02
 1758    1.596402E-02
 1759    1.594588E-02
 1760    1.592777E-02
 1761    2.249053E-02
 1762    2.246502E-02
 1763    2.243955E-02
 1764    2.241412E-02
 1765    2.238874E-02
 1766    2.236339E-02
 1767    2.233810E-02
 1768    2.231284E-02
 1769    2.228763E-02
 1770    2.226246E-02
 1771    2.348725E-02
 1772    2.346076E-02
 1773    2.343431E-02
 1774    2.340790E-02
 1775    2.338154E-02
 1776    2.335523E-02
 1777    2.332895E-02
 1778    2.330273E-02
 1779    2.327654E-02
 1780    2.325041E-02
 1781    2.231826E-02
 1782    2.229322E-02
 1783    2.226823E-02
 1784    2.224328E-02
 1785    2.221837E-02
 1786    2.219351E-02
 1787    2.216868E-02
 1788    2.214390E-02
 1789    2.211916E-02
 1790    2.209446E-02
 1791    1.605718E-02
 1792    1.603927E-02
 1793    1.602139E-02
 1794    1.600354E-02
 1795    1.598572E-02
 1796    1.596792E-02
 1797    1.595016E-02
 1798    1.593243E-02
 1799    1.591473E-02
 1800    1.589705E-02
 1801    5.727468E-03
 1802    5.721115E-03
 1803    5.714772E-03
 1804    5.708440E-03
 1805    5.702118E-03
 1806    5.695807E-03
 1807    5.689506E-03
 1808    5.683216E-03
 1809    5.676936E-03
 1810    5.670667E-03
 1811   -3.757941E-04
 1812   -3.753795E-04
 1813   -3.749657E-04
 1814   -3.745525E-04
 1815   -3.741400E-04
 1816   -3.737282E-04
 1817   -3.733170E-04
 1818   -3.729066E-04
 1819   -3.724968E-04
 1820   -3.720877E-04
 1821   -2.058989E-03
 1822   -2.056730E-03
 1823   -2.054475E-03
 1824   -2.052223E-03
 1825   -2.049976E-03
 1826   -2.047731E-03
 1827   -2.045491E-03
 1828   -2.043254E-03
 1829   -2.041021E-03
 1830   -2.038792E-03
 1831   -2.241261E-03
 1832   -2.238815E-03
 1833   -2.236374E-03
 1834   -2.233937E-03
 1835   -2.231503E-03
 1836   -2.229074E-03
 1837   -2.226648E-03
 1838   -2.224226E-03
 1839   -2.221809E-03
 1840   -2.219395E-03
 1841   -1.688010E-03
 1842   -1.686178E-03
 1843   -1.684350E-03
 1844   -1.682524E-03
 1845   -1.680701E-03
 1846   -1.678881E-03
 1847   -1.677064E-03
 1848   -1.675250E-03
 1849   -1.673439E-03
 1850   -1.671631E-03
 1851   -6.567956E-04
 1852   -6.560867E-04
 1853   -6.553789E-04
 1854   -6.546723E-04
 1855   -6.539668E-04
 1856   -6.532625E-04
 1857   -6.525593E-04
 1858   -6.518573E-04
 1859   -6.511563E-04
 1860   -6.504565E-04
 1861    2.228541E-05
 1862    2.226148E-05
 1863    2.223760E-05
 1864    2.221375E-05
 1865    2.218994E-05
 1866    2.216617E-05
 1867    2.214244E-05
 1868    2.211874E-05
 1869    2.209509E-05
 1870    2.207147E-05
 1871    1.968109E-04
 1872    1.966008E-04
 1873    1.963909E-04
 1874    1.961815E-04
 1875    1.959723E-04
 1876    1.957635E-04
 1877    1.955550E-04
 1878    1.953469E-04
 1879    1.951391E-04
 1880    1.949316E-04
 1881    1.766978E-04
 1882    1.765102E-04
 1883    1.763228E-04
 1884    1.761357E-04
 1885    1.759489E-04
 1886    1.757624E-04
 1887    1.755762E-04
 1888    1.753903E-04
 1889    1.752048E-04
 1890    1.750194E-04
 1891    1.148496E-04
 1892    1.147283E-04
 1893    1.146071E-04
 1894    1.144862E-04
 1895    1.143654E-04
 1896    1.142448E-04
 1897    1.141245E-04
 1898    1.140043E-04
 1899    1.138843E-04
 1900    1.137644E-04
 1901    4.293731E-05
 1902    4.289219E-05
 1903    4.284713E-05
 1904    4.280215E-05
 1905    4.275723E-05
 1906    4.271239E-05
 1907    4.266762E-05
 1908    4.262292E-05
 1909    4.257829E-05
 1910    4.253372E-05
 1911   -1.701468E-05
 1912   -1.699689E-05
 1913   -1.697913E-05
 1914   -1.696140E-05
 1915   -1.694369E-05
 1916   -1.692602E-05
 1917   -1.690837E-05
 1918   -1.689074E-05
 1919   -1.687315E-05
 1920   -1.685558E-05
 1921   -4.362775E-05
 1922   -4.358238E-05
 1923   -4.353707E-05
 1924   -4.349184E-05
 1925   -4.344668E-05
 1926   -4.340158E-05
 1927   -4.335656E-05
 1928   -4.331161E-05
 1929   -4.326673E-05
 1930   -4.322191E-05
 1931   -4.507079E-05
 1932   -4.502416E-05
 1933   -4.497760E-05
 1934   -4.493111E-05
 1935   -4.488469E-05
 1936   -4.483835E-05
 1937   -4.479208E-05
 1938   -4.474588E-05
 1939   -4.469975E-05
 1940   -4.465369E-05
 1941   -3.380084E-05
 1942   -3.376605E-05
 1943   -3.373131E-05
 1944   -3.369662E-05
 1945   -3.366199E-05
 1946   -3.362741E-05
 1947   -3.359289E-05
 1948   -3.355842E-05
 1949   -3.352400E-05
 1950   -3.348963E-05
 1951   -2.118641E-05
 1952   -2.116472E-05
 1953   -2.114305E-05
 1954   -2.112142E-05
 1955   -2.109983E-05
 1956   -2.107826E-05
 1957   -2.105673E-05
 1958   -2.103524E-05
 1959   -2.101377E-05
 1960   -2.099234E-05
 1961   -1.086779E-05
 1962   -1.085672E-05
 1963   -1.084566E-05
 1964   -1.083462E-05
 1965   -1.082360E-05
 1966   -1.081259E-05
 1967   -1.080161E-05
 1968   -1.079063E-05
 1969   -1.077968E-05
 1970   -1.076874E-05
 1971   -7.369746E-06
 1972   -7.362275E-06
 1973   -7.354816E-06
 1974   -7.347368E-06
 1975   -7.339931E-06
 1976   -7.332506E-06
 1977   -7.325092E-06
 1978   -7.317689E-06
 1979   -7.310298E-06
 1980   -7.302917E-06
 1981   -9.882058E-06
 1982   -9.872091E-06
 1983   -9.862140E-06
 1984   -9.852203E-06
 1985   -9.842281E-06
 1986   -9.832375E-06
 1987   -9.822483E-06
 1988   -9.812606E-06
 1989   -9.802744E-06
 1990   -9.792897E-06
 1991   -1.077455E-05
 1992   -1.076374E-05
 1993   -1.075294E-05
 1994   -1.074216E-05
 1995   -1.073140E-05
 1996   -1.072065E-05
 1997   -1.070992E-05
 1998   -1.069921E-05
 1999   -1.068851E-05
 2000   -1.067782E-05
 2001   -8.308485E-06
 2002   -8.300189E-06
 2003   -8.291905E-06
 2004   -8.283634E-06
 2005   -8.275375E-06
 2006   -8.267129E-06
 2007   -8.258894E-06
 2008   -8.250672E-06
 2009   -8.242463E-06
 2010   -8.234265E-06
 2011   -7.685528E-06
 2012   -7.677892E-06
 2013   -7.670267E-06
 2014   -7.662654E-06
 2015   -7.655052E-06
 2016   -7.647462E-06
 2017   -7.639882E-06
 2018   -7.632314E-06
 2019   -7.624758E-06
 2020   -7.617212E-06
 2021   -9.132081E-06
 2022   -9.123053E-06
 2023   -9.114038E-06
 2024   -9.105037E-06
 2025   -9.096048E-06
 2026   -9.087074E-06
 2027   -9.078112E-06
 2028   -9.069164E-06
 2029   -9.060229E-06
 2030   -9.051307E-06
 2031   -9.718616E-06
 2032   -9.709055E-06
 2033   -9.699508E-06
 2034   -9.689976E-06
 2035   -9.680457E-06
 2036   -9.670952E-06
 2037   -9.661462E-06
 2038   -9.651985E-06
 2039   -9.642522E-06
 2040   -9.633074E-06
 2041   -8.451243E-06
 2042   -8.442970E-06
 2043   -8.434709E-06
 2044   -8.426459E-06
 2045   -8.418222E-06
 2046   -8.409998E-06
 2047   -8.401785E-06
 2048   -8.393584E-06
 2049   -8.385395E-06
 2050   -8.377218E-06
 2051   -7.317617E-06
 2052   -7.310488E-06
 2053   -7.303370E-06
 2054   -7.296262E-06
 2055   -7.289165E-06
 2056   -7.282077E-06
 2057   -7.275001E-06
 2058   -7.267934E-06
 2059   -7.260878E-06
 2060   -7.253832E-06
 2061   -6.760967E-06
 2062   -6.754412E-06
 2063   -6.747867E-06
 2064   -6.741332E-06
 2065   -6.734806E-06
 2066   -6.728289E-06
 2067   -6.721782E-06
 2068   -6.715285E-06
 2069   -6.708797E-06
 2070   -6.702318E-06
 2071   -6.509100E-06
 2072   -6.502821E-06
 2073   -6.496550E-06
 2074   -6.490288E-06
 2075   -6.484035E-06
 2076   -6.477792E-06
 2077   -6.471557E-06
 2078   -6.465331E-06
 2079   -6.459115E-06
 2080   -6.452907E-06
 2081   -6.860985E-06
 2082   -6.854397E-06
 2083   -6.847819E-06
 2084   -6.841251E-06
 2085   -6.834692E-06
 2086   -6.828142E-06
 2087   -6.821601E-06
 2088   -6.815070E-06
 2089   -6.808549E-06
 2090   -6.802037E-06
 2091   -6.711408E-06
 2092   -6.704995E-06
 2093   -6.698591E-06
 2094   -6.692196E-06
 2095   -6.685810E-06
 2096   -6.679434E-06
 2097   -6.673066E-06
 2098   -6.666708E-06
 2099   -6.660359E-06
 2100   -6.654018E-06
 2101   -6.055028E-06
 2102   -6.049270E-06
 2103   -6.043520E-06
 2104   -6.037777E-06
 2105   -6.032044E-06
 2106   -6.026318E-06
 2107   -6.020600E-06
 2108   -6.014891E-06
 2109   -6.009190E-06
 2110   -6.003496E-06
 2111   -5.601971E-06
 2112   -5.596668E-06
 2113   -5.591373E-06
 2114   -5.586086E-06
 2115   -5.580806E-06
 2116   -5.575534E-06
 2117   -5.570269E-06
 2118   -5.565012E-06
 2119   -5.559762E-06
 2120   -5.554519E-06
 2121   -5.897793E-06
 2122   -5.892237E-06
 2123   -5.886688E-06
 2124   -5.881148E-06
 2125   -5.875615E-06
 2126   -5.870091E-06
 2127   -5.864574E-06
 2128   -5.859064E-06
 2129   -5.853563E-06
 2130   -5.848069E-06
 2131   -6.049258E-06
 2132   -6.043586E-06
 2133   -6.037921E-06
 2134   -6.032265E-06
 2135   -6.026617E-06
 2136   -6.020977E-06
 2137   -6.015344E-06
 2138   -6.009720E-06
 2139   -6.004103E-06
 2140   -5.998495E-06
 2141   -5.829910E-06
 2142   -5.824470E-06
 2143   -5.819036E-06
 2144   -5.813611E-06
 2145   -5.808193E-06
 2146   -5.802782E-06
 2147   -5.797379E-06
 2148   -5.791984E-06
 2149   -5.786596E-06
 2150   -5.781215E-06
 2151   -5.326556E-06
 2152   -5.321608E-06
 2153   -5.316667E-06
 2154   -5.311733E-06
 2155   -5.306805E-06
 2156   -5.301885E-06
 2157   -5.296971E-06
 2158   -5.292064E-06
 2159   -5.287164E-06
 2160   -5.282271E-06
 2161   -5.321410E-06
 2162   -5.316489E-06
 2163   -5.311576E-06
 2164   -5.306669E-06
 2165   -5.301769E-06
 2166   -5.296876E-06
 2167   -5.291989E-06
 2168   -5.287110E-06
 2169   -5.282237E-06
 2170   -5.277371E-06
 2171   -5.294952E-06
 2172   -5.290079E-06
 2173   -5.285212E-06
 2174   -5.280352E-06
 2175   -5.275499E-06
 2176   -5.270652E-06
 2177   -5.265812E-06
 2178   -5.260979E-06
 2179   -5.256152E-06
 2180   -5.251333E-06
 2181   -5.288491E-06
 2182   -5.283646E-06
 2183   -5.278807E-06
 2184   -5.273975E-06
 2185   -5.269150E-06
 2186   -5.264331E-06
 2187   -5.259519E-06
 2188   -5.254714E-06
 2189   -5.249915E-06
 2190   -5.245123E-06
 2191   -5.166066E-06
 2192   -5.161355E-06
 2193   -5.156650E-06
 2194   -5.151951E-06
 2195   -5.147259E-06
 2196   -5.142573E-06
 2197   -5.137894E-06
 2198   -5.133221E-06
 2199   -5.128554E-06
 2200   -5.123894E-06
 2201   -4.827292E-06
 2202   -4.822909E-06
 2203   -4.818533E-06
 2204   -4.814162E-06
 2205   -4.809797E-06
 2206   -4.805439E-06
 2207   -4.801086E-06
 2208   -4.796739E-06
 2209   -4.792398E-06
 2210   -4.788063E-06
 2211   -4.590867E-06
 2212   -4.586718E-06
 2213   -4.582575E-06
 2214   -4.578437E-06
 2215   -4.574305E-06
 2216   -4.570178E-06
 2217   -4.566057E-06
 2218   -4.561942E-06
 2219   -4.557832E-06
 2220   -4.553727E-06
 2221   -4.677779E-06
 2222   -4.673570E-06
 2223   -4.669367E-06
 2224   -4.665170E-06
 2225   -4.660978E-06
 2226   -4.656793E-06
 2227   -4.652612E-06
 2228   -4.648438E-06
 2229   -4.644269E-06
 2230   -4.640105E-06
 2231   -4.654305E-06
 2232   -4.650136E-06
 2233   -4.645973E-06
 2234   -4.641815E-06
 2235   -4.637664E-06
 2236   -4.633517E-06
 2237   -4.629377E-06
 2238   -4.625241E-06
 2239   -4.621112E-06
 2240   -4.616987E-06
 2241   -4.694272E-06
 2242   -4.690086E-06
 2243   -4.685906E-06
 2244   -4.681732E-06
 2245   -4.677563E-06
 2246   -4.673400E-06
 2247   -4.669242E-06
 2248   -4.665089E-06
 2249   -4.660943E-06
 2250   -4.656801E-06
 2251   -4.283177E-06
 2252   -4.279375E-06
 2253   -4.275578E-06
 2254   -4.271786E-06
 2255   -4.267999E-06
 2256   -4.264217E-06
 2257   -4.260440E-06
 2258   -4.256668E-06
 2259   -4.252901E-06
 2260   -4.249139E-06
 2261   -4.187294E-06
 2262   -4.183594E-06
 2263   -4.179898E-06
 2264   -4.176207E-06
 2265   -4.172521E-06
 2266   -4.168840E-06
 2267   -4.165164E-06
 2268   -4.161492E-06
 2269   -4.157826E-06
 2270   -4.154164E-06
 2271   -4.249149E-06
 2272   -4.245411E-06
 2273   -4.241677E-06
 2274   -4.237948E-06
 2275   -4.234224E-06
 2276   -4.230505E-06
 2277   -4.226790E-06
 2278   -4.223081E-06
 2279   -4.219377E-06
 2280   -4.215677E-06
 2281   -4.244896E-06
 2282   -4.241177E-06
 2283   -4.237464E-06
 2284   -4.233755E-06
 2285   -4.230051E-06
 2286   -4.226351E-06
 2287   -4.222657E-06
 2288   -4.218968E-06
 2289   -4.215283E-06
 2290   -4.211603E-06
 2291   -4.196205E-06
 2292   -4.192545E-06
 2293   -4.188890E-06
 2294   -4.185239E-06
 2295   -4.181594E-06
 2296   -4.177953E-06
 2297   -4.174317E-06
 2298   -4.170685E-06
 2299   -4.167058E-06
 2300   -4.163437E-06
 2301   -3.762607E-06
 2302   -3.759339E-06
 2303   -3.756076E-06
 2304   -3.752817E-06
 2305   -3.749562E-06
 2306   -3.746311E-06
 2307   -3.743065E-06
 2308   -3.739823E-06
 2309   -3.736585E-06
 2310   -3.733351E-06
 2311   -3.674212E-06
 2312   -3.671035E-06
 2313   -3.667862E-06
 2314   -3.664693E-06
 2315   -3.661529E-06
 2316   -3.658368E-06
 2317   -3.655212E-06
 2318   -3.652059E-06
 2319   -3.648911E-06
 2320   -3.645767E-06
 2321   -3.604430E-06
 2322   -3.601327E-06
 2323   -3.598228E-06
 2324   -3.595133E-06
 2325   -3.592041E-06
 2326   -3.588954E-06
 2327   -3.585871E-06
 2328   -3.582791E-06
 2329   -3.579716E-06
 2330   -3.576645E-06
 2331   -3.600763E-06
 2332   -3.597676E-06
 2333   -3.594594E-06
 2334   -3.591515E-06
 2335   -3.588440E-06
 2336   -3.585369E-06
 2337   -3.582302E-06
 2338   -3.579239E-06
 2339   -3.576179E-06
 2340   -3.573124E-06
 2341   -3.561957E-06
 2342   -3.558916E-06
 2343   -3.555879E-06
 2344   -3.552847E-06
 2345   -3.549818E-06
 2346   -3.546793E-06
 2347   -3.543772E-06
 2348   -3.540755E-06
 2349   -3.537741E-06
 2350   -3.534732E-06
 2351   -3.097434E-06
 2352   -3.094801E-06
 2353   -3.092172E-06
 2354   -3.089546E-06
 2355   -3.086923E-06
 2356   -3.084304E-06
 2357   -3.081688E-06
 2358   -3.079075E-06
 2359   -3.076466E-06
 2360   -3.073860E-06
 2361   -2.994478E-06
 2362   -2.991943E-06
 2363   -2.989412E-06
 2364   -2.986884E-06
 2365   -2.984359E-06
 2366   -2.981838E-06
 2367   -2.979319E-06
 2368   -2.976804E-06
 2369   -2.974292E-06
 2370   -2.971783E-06
 2371   -2.976154E-06
 2372   -2.973645E-06
 2373   -2.971140E-06
 2374   -2.968638E-06
 2375   -2.966139E-06
 2376   -2.963644E-06
 2377   -2.961151E-06
 2378   -2.958662E-06
 2379   -2.956175E-06
 2380   -2.953692E-06
 2381   -2.938675E-06
 2382   -2.936208E-06
 2383   -2.933745E-06
 2384   -2.931285E-06
 2385   -2.928828E-06
 2386   -2.926374E-06
 2387   -2.923923E-06
 2388   -2.921475E-06
 2389   -2.919030E-06
 2390   -2.916589E-06
 2391   -2.896135E-06
 2392   -2.893714E-06
 2393   -2.891297E-06
 2394   -2.888883E-06
 2395   -2.886471E-06
 2396   -2.884063E-06
 2397   -2.881657E-06
 2398   -2.879255E-06
 2399   -2.876856E-06
 2400   -2.874459E-06
 2401   -2.570068E-06
 2402   -2.567929E-06
 2403   -2.565792E-06
 2404   -2.563659E-06
 2405   -2.561528E-06
 2406   -2.559399E-06
 2407   -2.557274E-06
 2408   -2.555150E-06
 2409   -2.553030E-06
 2410   -2.550912E-06
 2411   -2.503370E-06
 2412   -2.501295E-06
 2413   -2.499223E-06
 2414   -2.497153E-06
 2415   -2.495086E-06
 2416   -2.493022E-06
 2417   -2.490960E-06
 2418   -2.488900E-06
 2419   -2.486843E-06
 2420   -2.484789E-06
 2421   -2.464036E-06
 2422   -2.462002E-06
 2423   -2.459971E-06
 2424   -2.457942E-06
 2425   -2.455916E-06
 2426   -2.453892E-06
 2427   -2.451871E-06
 2428   -2.449852E-06
 2429   -2.447835E-06
 2430   -2.445822E-06
 2431   -2.464452E-06
 2432   -2.462426E-06
 2433   -2.460403E-06
 2434   -2.458382E-06
 2435   -2.456363E-06
 2436   -2.454347E-06
 2437   -2.452334E-06
 2438   -2.450323E-06
 2439   -2.448315E-06
 2440   -2.446309E-06
 2441   -2.359711E-06
 2442   -2.357779E-06
 2443   -2.355849E-06
 2444   -2.353922E-06
 2445   -2.351998E-06
 2446   -2.350075E-06
 2447   -2.348155E-06
 2448   -2.346238E-06
 2449   -2.344322E-06
 2450   -2.342409E-06
 2451   -1.980974E-06
 2452   -1.979359E-06
 2453   -1.977746E-06
 2454   -1.976135E-06
 2455   -1.974526E-06
 2456   -1.972918E-06
 2457   -1.971313E-06
 2458   -1.969710E-06
 2459   -1.968108E-06
 2460   -1.966509E-06
 2461   -1.889344E-06
 2462   -1.887810E-06
 2463   -1.886277E-06
 2464   -1.884747E-06
 2465   -1.883218E-06
 2466   -1.881692E-06
 2467   -1.880167E-06
 2468   -1.878644E-06
 2469   -1.877123E-06
 2470   -1.875603E-06
 2471   -1.827716E-06
 2472   -1.826238E-06
 2473   -1.824762E-06
 2474   -1.823287E-06
 2475   -1.821814E-06
 2476   -1.820343E-06
 2477   -1.818874E-06
 2478   -1.817407E-06
 2479   -1.815941E-06
 2480   -1.814477E-06
 2481   -1.811180E-06
 2482   -1.809721E-06
 2483   -1.808264E-06
 2484   -1.806808E-06
 2485   -1.805355E-06
 2486   -1.803903E-06
 2487   -1.802453E-06
 2488   -1.801005E-06
 2489   -1.799558E-06
 2490   -1.798113E-06
 2491   -1.723146E-06
 2492   -1.721764E-06
 2493   -1.720383E-06
 2494   -1.719004E-06
 2495   -1.717627E-06
 2496   -1.716251E-06
 2497   -1.714877E-06
 2498   -1.713504E-06
 2499   -1.712134E-06
 2500   -1.710764E-06
 2501   -1.515863E-06
 2502   -1.514652E-06
 2503   -1.513442E-06
 2504   -1.512234E-06
 2505   -1.511027E-06
 2506   -1.509822E-06
 2507   -1.508618E-06
 2508   -1.507415E-06
 2509   -1.506214E-06
 2510   -1.505014E-06
 2511   -1.470677E-06
 2512   -1.469507E-06
 2513   -1.468338E-06
 2514   -1.467170E-06
 2515   -1.466004E-06
 2516   -1.464839E-06
 2517   -1.463675E-06
 2518   -1.462513E-06
 2519   -1.461353E-06
 2520   -1.460193E-06
 2521   -1.370302E-06
 2522   -1.369216E-06
 2523   -1.368131E-06
 2524   -1.367047E-06
 2525   -1.365965E-06
 2526   -1.364883E-06
 2527   -1.363804E-06
 2528   -1.362725E-06
 2529   -1.361648E-06
 2530   -1.360572E-06
 2531   -1.389288E-06
 2532   -1.388191E-06
 2533   -1.387096E-06
 2534   -1.386001E-06
 2535   -1.384908E-06
 2536   -1.383816E-06
 2537   -1.382726E-06
 2538   -1.381637E-06
 2539   -1.380549E-06
 2540   -1.379462E-06
 2541   -1.299433E-06
 2542   -1.298411E-06
 2543   -1.297391E-06
 2544   -1.296371E-06
 2545   -1.295353E-06
 2546   -1.294336E-06
 2547   -1.293320E-06
 2548   -1.292305E-06
 2549   -1.291291E-06
 2550   -1.290279E-06
 2551   -1.107575E-06
 2552   -1.106707E-06
 2553   -1.105841E-06
 2554   -1.104975E-06
 2555   -1.104110E-06
 2556   -1.103247E-06
 2557   -1.102384E-06
 2558   -1.101523E-06
 2559   -1.100662E-06
 2560   -1.099802E-06
 2561   -1.019640E-06
 2562   -1.018845E-06
 2563   -1.018050E-06
 2564   -1.017256E-06
 2565   -1.016463E-06
 2566   -1.015671E-06
 2567   -1.014880E-06
 2568   -1.014090E-06
 2569   -1.013301E-06
 2570   -1.012513E-06
 2571   -9.805363E-07
 2572   -9.797742E-07
 2573   -9.790129E-07
 2574   -9.782525E-07
 2575   -9.774930E-07
 2576   -9.767343E-07
 2577   -9.759766E-07
 2578   -9.752197E-07
 2579   -9.744637E-07
 2580   -9.737086E-07
 2581   -9.916830E-07
 2582   -9.909152E-07
 2583   -9.901482E-07
 2584   -9.893822E-07
 2585   -9.886170E-07
 2586   -9.878527E-07
 2587   -9.870893E-07
 2588   -9.863267E-07
 2589   -9.855651E-07
 2590   -9.848043E-07
 2591   -9.040765E-07
 2592   -9.033791E-07
 2593   -9.026826E-07
 2594   -9.019869E-07
 2595   -9.012920E-07
 2596   -9.005979E-07
 2597   -8.999046E-07
 2598   -8.992121E-07
 2599   -8.985204E-07
 2600   -8.978295E-07
 2601   -7.781476E-07
 2602   -7.775497E-07
 2603   -7.769525E-07
 2604   -7.763560E-07
 2605   -7.757602E-07
 2606   -7.751650E-07
 2607   -7.745706E-07
 2608   -7.739768E-07
 2609   -7.733837E-07
 2610   -7.727913E-07
 2611   -7.046978E-07
 2612   -7.041584E-07
 2613   -7.036196E-07
 2614   -7.030815E-07
 2615   -7.025440E-07
 2616   -7.020071E-07
 2617   -7.014708E-07
 2618   -7.009351E-07
 2619   -7.004000E-07
 2620   -6.998656E-07
 2621   -6.890545E-07
 2622   -6.885291E-07
 2623   -6.880043E-07
 2624   -6.874801E-07
 2625   -6.869565E-07
 2626   -6.864335E-07
 2627   -6.859111E-07
 2628   -6.853893E-07
 2629   -6.848681E-07
 2630   -6.843475E-07
 2631   -6.801157E-07
 2632   -6.795991E-07
 2633   -6.790831E-07
 2634   -6.785677E-07
 2635   -6.780528E-07
 2636   -6.775386E-07
 2637   -6.770249E-07
 2638   -6.765118E-07
 2639   -6.759993E-07
 2640   -6.754874E-07
 2641   -6.017260E-07
 2642   -6.012706E-07
 2643   -6.008158E-07
 2644   -6.003615E-07
 2645   -5.999077E-07
 2646   -5.994545E-07
 2647   -5.990017E-07
 2648   -5.985494E-07
 2649   -5.980977E-07
 2650   -5.976465E-07
 2651   -4.954199E-07
 2652   -4.950464E-07
 2653   -4.946734E-07
 2654   -4.943007E-07
 2655   -4.939285E-07
 2656   -4.935567E-07
 2657   -4.931853E-07
 2658   -4.928144E-07
 2659   -4.924438E-07
 2660   -4.920737E-07
 2661   -4.273117E-07
 2662   -4.269908E-07
 2663   -4.266702E-07
 2664   -4.263500E-07
 2665   -4.260302E-07
 2666   -4.257107E-07
 2667   -4.253916E-07
 2668   -4.250728E-07
 2669   -4.247544E-07
 2670   -4.244364E-07
 2671   -4.118428E-07
 2672   -4.115346E-07
 2673   -4.112268E-07
 2674   -4.109194E-07
 2675   -4.106122E-07
 2676   -4.103055E-07
 2677   -4.099990E-07
 2678   -4.096930E-07
 2679   -4.093872E-07
 2680   -4.090818E-07
 2681   -4.038026E-07
 2682   -4.035016E-07
 2683   -4.032009E-07
 2684   -4.029006E-07
 2685   -4.026006E-07
 2686   -4.023009E-07
 2687   -4.020016E-07
 2688   -4.017026E-07
 2689   -4.014040E-07
 2690   -4.011056E-07
 2691   -3.640104E-07
 2692   -3.637401E-07
 2693   -3.634701E-07
 2694   -3.632003E-07
 2695   -3.629309E-07
 2696   -3.626618E-07
 2697   -3.623929E-07
 2698   -3.621244E-07
 2699   -3.618561E-07
 2700   -3.615882E-07
 2701   -2.983435E-07
 2702   -2.981228E-07
 2703   -2.979023E-07
 2704   -2.976820E-07
 2705   -2.974620E-07
 2706   -2.972422E-07
 2707   -2.970227E-07
 2708   -2.968034E-07
 2709   -2.965844E-07
 2710   -2.963656E-07
 2711   -2.623673E-07
 2712   -2.621738E-07
 2713   -2.619806E-07
 2714   -2.617876E-07
 2715   -2.615949E-07
 2716   -2.614023E-07
 2717   -2.612100E-07
 2718   -2.610178E-07
 2719   -2.608259E-07
 2720   -2.606342E-07
 2721   -2.538754E-07
 2722   -2.536889E-07
 2723   -2.535027E-07
 2724   -2.533166E-07
 2725   -2.531308E-07
 2726   -2.529451E-07
 2727   -2.527597E-07
 2728   -2.525744E-07
 2729   -2.523894E-07
 2730   -2.522046E-07
 2731   -2.435725E-07
 2732   -2.433943E-07
 2733   -2.432162E-07
 2734   -2.430384E-07
 2735   -2.428607E-07
 2736   -2.426832E-07
 2737   -2.425060E-07
 2738   -2.423289E-07
 2739   -2.421520E-07
 2740   -2.419753E-07
 2741   -2.174227E-07
 2742   -2.172642E-07
 2743   -2.171058E-07
 2744   -2.169476E-07
 2745   -2.167896E-07
 2746   -2.166318E-07
 2747   -2.164741E-07
 2748   -2.163166E-07
 2749   -2.161593E-07
 2750   -2.160021E-07
 2751   -1.776652E-07
 2752   -1.775361E-07
 2753   -1.774072E-07
 2754   -1.772784E-07
 2755   -1.771498E-07
 2756   -1.770213E-07
 2757   -1.768929E-07
 2758   -1.767647E-07
 2759   -1.766366E-07
 2760   -1.765086E-07
 2761   -1.482290E-07
 2762   -1.481217E-07
 2763   -1.480145E-07
 2764   -1.479074E-07
 2765   -1.478005E-07
 2766   -1.476936E-07
 2767   -1.475869E-07
 2768   -1.474803E-07
 2769   -1.473738E-07
 2770   -1.472675E-07
 2771   -1.449363E-07
 2772   -1.448318E-07
 2773   -1.447273E-07
 2774   -1.446230E-07
 2775   -1.445188E-07
 2776   -1.444147E-07
 2777   -1.443108E-07
 2778   -1.442069E-07
 2779   -1.441032E-07
 2780   -1.439995E-07
 2781   -1.367167E-07
 2782   -1.366184E-07
 2783   -1.365203E-07
 2784   -1.364222E-07
 2785   -1.363243E-07
 2786   -1.362265E-07
 2787   -1.361287E-07
 2788   -1.360311E-07
 2789   -1.359336E-07
 2790   -1.358362E-07
 2791   -1.261772E-07
 2792   -1.260868E-07
 2793   -1.259966E-07
 2794   -1.259064E-07
 2795   -1.258164E-07
 2796   -1.257264E-07
 2797   -1.256365E-07
 2798   -1.255468E-07
 2799   -1.254571E-07
 2800   -1.253675E-07
 2801   -1.089011E-07
 2802   -1.088234E-07
 2803   -1.087457E-07
 2804   -1.086682E-07
 2805   -1.085908E-07
 2806   -1.085134E-07
 2807   -1.084361E-07
 2808   -1.083589E-07
 2809   -1.082818E-07
 2810   -1.082047E-07
 2811   -9.521627E-08
 2812   -9.514857E-08
 2813   -9.508094E-08
 2814   -9.501339E-08
 2815   -9.494591E-08
 2816   -9.487850E-08
 2817   -9.481116E-08
 2818   -9.474390E-08
 2819   -9.467670E-08
 2820   -9.460958E-08
 2821   -9.498132E-08
 2822   -9.491403E-08
 2823   -9.484681E-08
 2824   -9.477966E-08
 2825   -9.471259E-08
 2826   -9.464558E-08
 2827   -9.457865E-08
 2828   -9.451178E-08
 2829   -9.444499E-08
 2830   -9.437827E-08
 2831   -8.988287E-08
 2832   -8.981942E-08
 2833   -8.975603E-08
 2834   -8.969271E-08
 2835   -8.962946E-08
 2836   -8.956627E-08
 2837   -8.950315E-08
 2838   -8.944010E-08
 2839   -8.937711E-08
 2840   -8.931419E-08
 2841   -8.724451E-08
 2842   -8.718313E-08
 2843   -8.712182E-08
 2844   -8.706058E-08
 2845   -8.699939E-08
 2846   -8.693828E-08
 2847   -8.687723E-08
 2848   -8.681624E-08
 2849   -8.675531E-08
 2850   -8.669445E-08
 2851   -8.179750E-08
 2852   -8.174016E-08
 2853   -8.168288E-08
 2854   -8.162566E-08
 2855   -8.156850E-08
 2856   -8.151139E-08
 2857   -8.145435E-08
 2858   -8.139737E-08
 2859   -8.134045E-08
 2860   -8.128359E-08
 2861   -7.589404E-08
 2862   -7.584102E-08
 2863   -7.578806E-08
 2864   -7.573515E-08
 2865   -7.568230E-08
 2866   -7.562951E-08
 2867   -7.557677E-08
 2868   -7.552408E-08
 2869   -7.547145E-08
 2870   -7.541888E-08
 2871   -7.756702E-08
 2872   -7.751302E-08
 2873   -7.745908E-08
 2874   -7.740520E-08
 2875   -7.735137E-08
 2876   -7.729760E-08
 2877   -7.724388E-08
 2878   -7.719022E-08
 2879   -7.713662E-08
 2880   -7.708307E-08
 2881   -7.527136E-08
 2882   -7.521914E-08
 2883   -7.516698E-08
 2884   -7.511487E-08
 2885   -7.506281E-08
 2886   -7.501081E-08
 2887   -7.495887E-08
 2888   -7.490697E-08
 2889   -7.485513E-08
 2890   -7.480335E-08
 2891   -7.691423E-08
 2892   -7.686106E-08
 2893   -7.680794E-08
 2894   -7.675488E-08
 2895   -7.670187E-08
 2896   -7.664892E-08
 2897   -7.659602E-08
 2898   -7.654318E-08
 2899   -7.649039E-08
 2900   -7.643766E-08
 2901   -7.800749E-08
 2902   -7.795374E-08
 2903   -7.790006E-08
 2904   -7.784643E-08
 2905   -7.779285E-08
 2906   -7.773933E-08
 2907   -7.768586E-08
 2908   -7.763245E-08
 2909   -7.757910E-08
 2910   -7.752579E-08
 2911   -7.707412E-08
 2912   -7.702121E-08
 2913   -7.696834E-08
 2914   -7.691553E-08
 2915   -7.686278E-08
 2916   -7.681008E-08
 2917   -7.675743E-08
 2918   -7.670484E-08
 2919   -7.665231E-08
 2920   -7.659982E-08
 2921   -8.045093E-08
 2922   -8.039589E-08
 2923   -8.034090E-08
 2924   -8.028596E-08
 2925   -8.023108E-08
 2926   -8.017626E-08
 2927   -8.012150E-08
 2928   -8.006679E-08
 2929   -8.001214E-08
 2930   -7.995754E-08
 2931   -7.816823E-08
 2932   -7.811493E-08
 2933   -7.806168E-08
 2934   -7.800849E-08
 2935   -7.795535E-08
 2936   -7.790227E-08
 2937   -7.784924E-08
 2938   -7.779626E-08
 2939   -7.774334E-08
 2940   -7.769047E-08
 2941   -8.374978E-08
 2942   -8.369287E-08
 2943   -8.363601E-08
 2944   -8.357921E-08
 2945   -8.352247E-08
 2946   -8.346579E-08
 2947   -8.340916E-08
 2948   -8.335259E-08
 2949   -8.329608E-08
 2950   -8.323963E-08
 2951   -8.858183E-08
 2952   -8.852183E-08
 2953   -8.846190E-08
 2954   -8.840202E-08
 2955   -8.834221E-08
 2956   -8.828246E-08
 2957   -8.822277E-08
 2958   -8.816314E-08
 2959   -8.810357E-08
 2960   -8.804406E-08
 2961   -9.173972E-08
 2962   -9.167780E-08
 2963   -9.161594E-08
 2964   -9.155414E-08
 2965   -9.149240E-08
 2966   -9.143073E-08
 2967   -9.136912E-08
 2968   -9.130757E-08
 2969   -9.124608E-08
 2970   -9.118466E-08
 2971   -9.486697E-08
 2972   -9.480315E-08
 2973   -9.473939E-08
 2974   -9.467570E-08
 2975   -9.461208E-08
 2976   -9.454852E-08
 2977   -9.448502E-08
 2978   -9.442158E-08
 2979   -9.435821E-08
 2980   -9.429491E-08
 2981   -9.341292E-08
 2982   -9.335029E-08
 2983   -9.328772E-08
 2984   -9.322522E-08
 2985   -9.316278E-08
 2986   -9.310040E-08
 2987   -9.303808E-08
 2988   -9.297583E-08
 2989   -9.291364E-08
 2990   -9.285151E-08
 2991   -9.941022E-08
 2992   -9.934379E-08
 2993   -9.927742E-08
 2994   -9.921113E-08
 2995   -9.914490E-08
 2996   -9.907874E-08
 2997   -9.901264E-08
 2998   -9.894661E-08
 2999   -9.888065E-08
 3000   -9.881475E-08
 3001   -1.048783E-07
 3002   -1.048085E-07
 3003   -1.047387E-07
 3004   -1.046690E-07
 3005   -1.045994E-07
 3006   -1.045298E-07
 3007   -1.044603E-07
 3008   -1.043909E-07
 3009   -1.043215E-07
 3010   -1.042522E-07
 3011   -1.075487E-07
 3012   -1.074773E-07
 3013   -1.074059E-07
 3014   -1.073347E-07
 3015   -1.072635E-07
 3016   -1.071924E-07
 3017   -1.071214E-07
 3018   -1.070504E-07
 3019   -1.069795E-07
 3020   -1.069087E-07
 3021   -1.115036E-07
 3022   -1.114298E-07
 3023   -1.113561E-07
 3024   -1.112825E-07
 3025   -1.112089E-07
 3026   -1.111355E-07
 3027   -1.110621E-07
 3028   -1.109887E-07
 3029   -1.109155E-07
 3030   -1.108423E-07
 3031   -1.102574E-07
 3032   -1.101847E-07
 3033   -1.101120E-07
 3034   -1.100395E-07
 3035   -1.099670E-07
 3036   -1.098946E-07
 3037   -1.098222E-07
 3038   -1.097500E-07
 3039   -1.096777E-07
 3040   -1.096056E-07
 3041   -1.200071E-07
 3042   -1.199282E-07
 3043   -1.198494E-07
 3044   -1.197707E-07
 3045   -1.196920E-07
 3046   -1.196135E-07
 3047   -1.195350E-07
 3048   -1.194566E-07
 3049   -1.193782E-07
 3050   -1.193000E-07
 3051   -1.316431E-07
 3052   -1.315569E-07
 3053   -1.314707E-07
 3054   -1.313847E-07
 3055   -1.312987E-07
 3056   -1.312128E-07
 3057   -1.311270E-07
 3058   -1.310412E-07
 3059   -1.309556E-07
 3060   -1.308700E-07
 3061   -1.375340E-07
 3062   -1.374442E-07
 3063   -1.373545E-07
 3064   -1.372649E-07
 3065   -1.371753E-07
 3066   -1.370859E-07
 3067   -1.369965E-07
 3068   -1.369072E-07
 3069   -1.368180E-07
 3070   -1.367289E-07
 3071   -1.387562E-07
 3072   -1.386659E-07
 3073   -1.385757E-07
 3074   -1.384856E-07
 3075   -1.383955E-07
 3076   -1.383056E-07
 3077   -1.382157E-07
 3078   -1.381259E-07
 3079   -1.380362E-07
 3080   -1.379466E-07
 3081   -1.253595E-07
 3082   -1.252782E-07
 3083   -1.251970E-07
 3084   -1.251158E-07
 3085   -1.250347E-07
 3086   -1.249537E-07
 3087   -1.248728E-07
 3088   -1.247919E-07
 3089   -1.247112E-07
 3090   -1.246305E-07
 3091   -9.611457E-08
 3092   -9.605242E-08
 3093   -9.599033E-08
 3094   -9.592830E-08
 3095   -9.586633E-08
 3096   -9.580442E-08
 3097   -9.574257E-08
 3098   -9.568078E-08
 3099   -9.561905E-08
 3100   -9.555738E-08
 3101   -3.866947E-08
 3102   -3.864455E-08
 3103   -3.861965E-08
 3104   -3.859477E-08
 3105   -3.856992E-08
 3106   -3.854509E-08
 3107   -3.852029E-08
 3108   -3.849551E-08
 3109   -3.847075E-08
 3110   -3.844602E-08
 3111   -6.166808E-09
 3112   -6.162846E-09
 3113   -6.158888E-09
 3114   -6.154934E-09
 3115   -6.150983E-09
 3116   -6.147036E-09
 3117   -6.143093E-09
 3118   -6.139154E-09
 3119   -6.135219E-09
 3120   -6.131287E-09
 3121    3.881724E-09
 3122    3.879238E-09
 3123    3.876755E-09
 3124    3.874273E-09
 3125    3.871795E-09
 3126    3.869318E-09
 3127    3.866844E-09
 3128    3.864373E-09
 3129    3.861904E-09
 3130    3.859437E-09
 3131    6.152826E-09
 3132    6.148898E-09
 3133    6.144974E-09
 3134    6.141054E-09
 3135    6.137137E-09
 3136    6.133225E-09
 3137    6.129316E-09
 3138    6.125410E-09
 3139    6.121509E-09
 3140    6.117611E-09
 3141    7.599504E-09
 3142    7.594668E-09
 3143    7.589837E-09
 3144    7.585010E-09
 3145    7.580188E-09
 3146    7.575371E-09
 3147    7.570558E-09
 3148    7.565750E-09
 3149    7.560946E-09
 3150    7.556147E-09
 3151    8.846264E-09
 3152    8.840653E-09
 3153    8.835047E-09
 3154    8.829446E-09
 3155    8.823851E-09
 3156    8.818261E-09
 3157    8.812676E-09
 3158    8.807097E-09
 3159    8.801522E-09
 3160    8.795954E-09
 3161    9.307614E-09
 3162    9.301729E-09
 3163    9.295849E-09
 3164    9.289975E-09
 3165    9.284106E-09
 3166    9.278243E-09
 3167    9.272386E-09
 3168    9.266534E-09
 3169    9.260687E-09
 3170    9.254846E-09
 3171    9.575252E-09
 3172    9.569216E-09
 3173    9.563186E-09
 3174    9.557162E-09
 3175    9.551144E-09
 3176    9.545131E-09
 3177    9.539124E-09
 3178    9.533123E-09
 3179    9.527127E-09
 3180    9.521137E-09
 3181    9.820512E-09
 3182    9.814341E-09
 3183    9.808177E-09
 3184    9.802018E-09
 3185    9.795864E-09
 3186    9.789717E-09
 3187    9.783575E-09
 3188    9.777440E-09
 3189    9.771310E-09
 3190    9.765185E-09
 3191    1.005888E-08
 3192    1.005258E-08
 3193    1.004629E-08
 3194    1.004000E-08
 3195    1.003372E-08
 3196    1.002744E-08
 3197    1.002117E-08
 3198    1.001490E-08
 3199    1.000864E-08
 3200    1.000239E-08
 3201    9.958683E-09
 3202    9.952465E-09
 3203    9.946252E-09
 3204    9.940045E-09
 3205    9.933845E-09
 3206    9.927649E-09
 3207    9.921460E-09
 3208    9.915277E-09
 3209    9.909099E-09
 3210    9.902927E-09
 3211    1.010162E-08
 3212    1.009533E-08
 3213    1.008905E-08
 3214    1.008277E-08
 3215    1.007650E-08
 3216    1.007024E-08
 3217    1.006398E-08
 3218    1.005773E-08
 3219    1.005148E-08
 3220    1.004524E-08
 3221    1.009403E-08
 3222    1.008777E-08
 3223    1.008151E-08
 3224    1.007526E-08
 3225    1.006901E-08
 3226    1.006277E-08
 3227    1.005654E-08
 3228    1.005031E-08
 3229    1.004409E-08
 3230    1.003787E-08
 3231    9.899740E-09
 3232    9.893616E-09
 3233    9.887497E-09
 3234    9.881384E-09
 3235    9.875277E-09
 3236    9.869176E-09
 3237    9.863080E-09
 3238    9.856990E-09
 3239    9.850905E-09
 3240    9.844826E-09
 3241    9.665858E-09
 3242    9.659897E-09
 3243    9.653942E-09
 3244    9.647992E-09
 3245    9.642047E-09
 3246    9.636108E-09
 3247    9.630175E-09
 3248    9.624247E-09
 3249    9.618324E-09
 3250    9.612407E-09
 3251    9.438213E-09
 3252    9.432411E-09
 3253    9.426613E-09
 3254    9.420821E-09
 3255    9.415034E-09
 3256    9.409253E-09
 3257    9.403477E-09
 3258    9.397706E-09
 3259    9.391941E-09
 3260    9.386180E-09
 3261    9.377608E-09
 3262    9.371860E-09
 3263    9.366118E-09
 3264    9.360381E-09
 3265    9.354649E-09
 3266    9.348922E-09
 3267    9.343200E-09
 3268    9.337484E-09
 3269    9.331773E-09
 3270    9.326067E-09
 3271    8.915359E-09
 3272    8.909911E-09
 3273    8.904468E-09
 3274    8.899030E-09
 3275    8.893597E-09
 3276    8.888170E-09
 3277    8.882747E-09
 3278    8.877329E-09
 3279    8.871916E-09
 3280    8.866508E-09
 3281    8.892512E-09
 3282    8.887094E-09
 3283    8.881682E-09
 3284    8.876275E-09
 3285    8.870872E-09
 3286    8.865475E-09
 3287    8.860082E-09
 3288    8.854694E-09
 3289    8.849311E-09
 3290    8.843934E-09
 3291    8.338098E-09
 3292    8.333034E-09
 3293    8.327974E-09
 3294    8.322919E-09
 3295    8.317869E-09
 3296    8.312823E-09
 3297    8.307782E-09
 3298    8.302745E-09
 3299    8.297713E-09
 3300    8.292686E-09
