   50    0.000000E+00
   51    0.000000E+00
   52    0.000000E+00
   53    0.000000E+00
   54    0.000000E+00
   55    0.000000E+00
   56    0.000000E+00
   57    0.000000E+00
   58    0.000000E+00
   59    0.000000E+00
   60    0.000000E+00
   61    0.000000E+00
   62    0.000000E+00
   63    0.000000E+00
   64    0.000000E+00
   65    0.000000E+00
   66    0.000000E+00
   67    0.000000E+00
   68    0.000000E+00
   69    0.000000E+00
   70    0.000000E+00
   71    0.000000E+00
   72    0.000000E+00
   73    0.000000E+00
   74    0.000000E+00
   75    0.000000E+00
   76    0.000000E+00
   77    0.000000E+00
   78    0.000000E+00
   79    0.000000E+00
   80    0.000000E+00
   81    0.000000E+00
   82    0.000000E+00
   83    0.000000E+00
   84    0.000000E+00
   85    0.000000E+00
   86    0.000000E+00
   87    0.000000E+00
   88    0.000000E+00
   89    0.000000E+00
   90    0.000000E+00
   91    0.000000E+00
   92    0.000000E+00
   93    0.000000E+00
   94    0.000000E+00
   95    0.000000E+00
   96    0.000000E+00
   97    0.000000E+00
   98    0.000000E+00
   99    0.000000E+00
  100    0.000000E+00
  101    0.000000E+00
  102    0.000000E+00
  103    0.000000E+00
  104    0.000000E+00
  105    0.000000E+00
  106    0.000000E+00
  107    0.000000E+00
  108    0.000000E+00
  109    0.000000E+00
  110    0.000000E+00
  111    0.000000E+00
  112    0.000000E+00
  113    0.000000E+00
  114    0.000000E+00
  115    0.000000E+00
  116    0.000000E+00
  117    0.000000E+00
  118    0.000000E+00
  119    0.000000E+00
  120    0.000000E+00
  121    0.000000E+00
  122    0.000000E+00
  123    0.000000E+00
  124    0.000000E+00
  125    0.000000E+00
  126    0.000000E+00
  127    0.000000E+00
  128    0.000000E+00
  129    0.000000E+00
  130    0.000000E+00
  131    0.000000E+00
  132    0.000000E+00
  133    0.000000E+00
  134    0.000000E+00
  135    0.000000E+00
  136    0.000000E+00
  137    0.000000E+00
  138    0.000000E+00
  139    0.000000E+00
  140    0.000000E+00
  141    0.000000E+00
  142    0.000000E+00
  143    0.000000E+00
  144    0.000000E+00
  145    0.000000E+00
  146    0.000000E+00
  147    0.000000E+00
  148    0.000000E+00
  149    0.000000E+00
  150    0.000000E+00
  151    0.000000E+00
  152    0.000000E+00
  153    0.000000E+00
  154    0.000000E+00
  155    0.000000E+00
  156    0.000000E+00
  157    0.000000E+00
  158    0.000000E+00
  159    0.000000E+00
  160    0.000000E+00
  161    0.000000E+00
  162    0.000000E+00
  163    0.000000E+00
  164    0.000000E+00
  165    0.000000E+00
  166    0.000000E+00
  167    0.000000E+00
  168    0.000000E+00
  169    0.000000E+00
  170    0.000000E+00
  171    0.000000E+00
  172    0.000000E+00
  173    0.000000E+00
  174    0.000000E+00
  175    0.000000E+00
  176    0.000000E+00
  177    0.000000E+00
  178    0.000000E+00
  179    0.000000E+00
  180    0.000000E+00
  181    2.662936E-11
  182    2.633833E-11
  183    2.605204E-11
  184    2.577040E-11
  185    2.549330E-11
  186    2.522064E-11
  187    2.495234E-11
  188    2.468829E-11
  189    2.442841E-11
  190    2.417262E-11
  191    5.928720E-11
  192    5.867283E-11
  193    5.806795E-11
  194    5.747238E-11
  195    5.688593E-11
  196    5.630841E-11
  197    5.573964E-11
  198    5.517944E-11
  199    5.462765E-11
  200    5.408409E-11
  201    1.036729E-09
  202    1.026515E-09
  203    1.016451E-09
  204    1.006534E-09
  205    9.967621E-10
  206    9.871316E-10
  207    9.776399E-10
  208    9.682845E-10
  209    9.590628E-10
  210    9.499721E-10
  211    1.371682E-09
  212    1.358803E-09
  213    1.346104E-09
  214    1.333582E-09
  215    1.321234E-09
  216    1.309056E-09
  217    1.297047E-09
  218    1.285201E-09
  219    1.273518E-09
  220    1.261993E-09
  221    2.239712E-09
  222    2.219625E-09
  223    2.199807E-09
  224    2.180253E-09
  225    2.160959E-09
  226    2.141920E-09
  227    2.123131E-09
  228    2.104588E-09
  229    2.086288E-09
  230    2.068224E-09
  231    4.707771E-09
  232    4.667361E-09
  233    4.627469E-09
  234    4.588086E-09
  235    4.549204E-09
  236    4.510814E-09
  237    4.472908E-09
  238    4.435478E-09
  239    4.398516E-09
  240    4.362014E-09
  241    4.100328E-09
  242    4.066581E-09
  243    4.033248E-09
  244    4.000323E-09
  245    3.967800E-09
  246    3.935673E-09
  247    3.903933E-09
  248    3.872576E-09
  249    3.841596E-09
  250    3.810985E-09
  251    8.144456E-09
  252    8.080073E-09
  253    8.016450E-09
  254    7.953576E-09
  255    7.891439E-09
  256    7.830027E-09
  257    7.769329E-09
  258    7.709334E-09
  259    7.650032E-09
  260    7.591411E-09
  261    8.158560E-09
  262    8.096517E-09
  263    8.035180E-09
  264    7.974537E-09
  265    7.914578E-09
  266    7.855293E-09
  267    7.796672E-09
  268    7.738704E-09
  269    7.681380E-09
  270    7.624691E-09
  271    1.023555E-08
  272    1.016056E-08
  273    1.008640E-08
  274    1.001304E-08
  275    9.940485E-09
  276    9.868712E-09
  277    9.797714E-09
  278    9.727480E-09
  279    9.657998E-09
  280    9.589257E-09
  281    1.122823E-08
  282    1.114888E-08
  283    1.107037E-08
  284    1.099268E-08
  285    1.091581E-08
  286    1.083974E-08
  287    1.076446E-08
  288    1.068997E-08
  289    1.061625E-08
  290    1.054328E-08
  291    1.311168E-08
  292    1.302218E-08
  293    1.293359E-08
  294    1.284591E-08
  295    1.275911E-08
  296    1.267319E-08
  297    1.258814E-08
  298    1.250394E-08
  299    1.242058E-08
  300    1.233805E-08
  301    1.533268E-08
  302    1.523147E-08
  303    1.513126E-08
  304    1.503204E-08
  305    1.493379E-08
  306    1.483650E-08
  307    1.474016E-08
  308    1.464476E-08
  309    1.455028E-08
  310    1.445670E-08
  311    1.625816E-08
  312    1.615427E-08
  313    1.605138E-08
  314    1.594946E-08
  315    1.584852E-08
  316    1.574853E-08
  317    1.564948E-08
  318    1.555136E-08
  319    1.545417E-08
  320    1.535788E-08
  321    1.800061E-08
  322    1.788915E-08
  323    1.777873E-08
  324    1.766932E-08
  325    1.756092E-08
  326    1.745351E-08
  327    1.734709E-08
  328    1.724164E-08
  329    1.713714E-08
  330    1.703359E-08
  331    1.997301E-08
  332    1.985305E-08
  333    1.973417E-08
  334    1.961636E-08
  335    1.949959E-08
  336    1.938387E-08
  337    1.926917E-08
  338    1.915549E-08
  339    1.904281E-08
  340    1.893112E-08
  341    2.125864E-08
  342    2.113468E-08
  343    2.101180E-08
  344    2.089000E-08
  345    2.076924E-08
  346    2.064954E-08
  347    2.053086E-08
  348    2.041321E-08
  349    2.029656E-08
  350    2.018091E-08
  351    2.149986E-08
  352    2.137805E-08
  353    2.125727E-08
  354    2.113751E-08
  355    2.101876E-08
  356    2.090101E-08
  357    2.078424E-08
  358    2.066845E-08
  359    2.055363E-08
  360    2.043976E-08
  361    2.506915E-08
  362    2.493103E-08
  363    2.479405E-08
  364    2.465819E-08
  365    2.452344E-08
  366    2.438980E-08
  367    2.425725E-08
  368    2.412577E-08
  369    2.399536E-08
  370    2.386601E-08
  371    2.417811E-08
  372    2.404847E-08
  373    2.391987E-08
  374    2.379229E-08
  375    2.366574E-08
  376    2.354019E-08
  377    2.341564E-08
  378    2.329207E-08
  379    2.316948E-08
  380    2.304786E-08
  381    2.642050E-08
  382    2.628253E-08
  383    2.614564E-08
  384    2.600982E-08
  385    2.587505E-08
  386    2.574133E-08
  387    2.560865E-08
  388    2.547698E-08
  389    2.534633E-08
  390    2.521668E-08
  391    2.826009E-08
  392    2.811627E-08
  393    2.797355E-08
  394    2.783191E-08
  395    2.769135E-08
  396    2.755185E-08
  397    2.741339E-08
  398    2.727598E-08
  399    2.713960E-08
  400    2.700424E-08
  401    2.620479E-08
  402    2.607474E-08
  403    2.594566E-08
  404    2.581753E-08
  405    2.569035E-08
  406    2.556411E-08
  407    2.543879E-08
  408    2.531440E-08
  409    2.519091E-08
  410    2.506833E-08
  411    3.094810E-08
  412    3.079823E-08
  413    3.064945E-08
  414    3.050174E-08
  415    3.035510E-08
  416    3.020951E-08
  417    3.006497E-08
  418    2.992146E-08
  419    2.977898E-08
  420    2.963751E-08
  421    2.820618E-08
  422    2.807282E-08
  423    2.794040E-08
  424    2.780892E-08
  425    2.767836E-08
  426    2.754872E-08
  427    2.741999E-08
  428    2.729215E-08
  429    2.716521E-08
  430    2.703916E-08
  431    3.302468E-08
  432    3.287214E-08
  433    3.272066E-08
  434    3.257022E-08
  435    3.242081E-08
  436    3.227244E-08
  437    3.212507E-08
  438    3.197872E-08
  439    3.183336E-08
  440    3.168899E-08
  441    3.296336E-08
  442    3.281454E-08
  443    3.266672E-08
  444    3.251991E-08
  445    3.237408E-08
  446    3.222923E-08
  447    3.208535E-08
  448    3.194243E-08
  449    3.180046E-08
  450    3.165944E-08
  451    3.309656E-08
  452    3.295044E-08
  453    3.280528E-08
  454    3.266108E-08
  455    3.251783E-08
  456    3.237552E-08
  457    3.223414E-08
  458    3.209369E-08
  459    3.195415E-08
  460    3.181552E-08
  461    3.707724E-08
  462    3.691708E-08
  463    3.675795E-08
  464    3.659985E-08
  465    3.644277E-08
  466    3.628670E-08
  467    3.613163E-08
  468    3.597755E-08
  469    3.582446E-08
  470    3.567233E-08
  471    3.576935E-08
  472    3.561810E-08
  473    3.546782E-08
  474    3.531848E-08
  475    3.517008E-08
  476    3.502262E-08
  477    3.487608E-08
  478    3.473046E-08
  479    3.458575E-08
  480    3.444194E-08
  481    4.334931E-08
  482    4.316981E-08
  483    4.299143E-08
  484    4.281414E-08
  485    4.263795E-08
  486    4.246285E-08
  487    4.228882E-08
  488    4.211586E-08
  489    4.194396E-08
  490    4.177311E-08
  491    4.158334E-08
  492    4.141464E-08
  493    4.124697E-08
  494    4.108032E-08
  495    4.091467E-08
  496    4.075002E-08
  497    4.058637E-08
  498    4.042370E-08
  499    4.026200E-08
  500    4.010128E-08
  501    4.598234E-08
  502    4.579951E-08
  503    4.561777E-08
  504    4.543710E-08
  505    4.525751E-08
  506    4.507898E-08
  507    4.490150E-08
  508    4.472507E-08
  509    4.454968E-08
  510    4.437532E-08
  511    5.214453E-08
  512    5.194124E-08
  513    5.173913E-08
  514    5.153820E-08
  515    5.133844E-08
  516    5.113984E-08
  517    5.094239E-08
  518    5.074608E-08
  519    5.055090E-08
  520    5.035685E-08
  521    5.318845E-08
  522    5.298505E-08
  523    5.278282E-08
  524    5.258174E-08
  525    5.238181E-08
  526    5.218302E-08
  527    5.198535E-08
  528    5.178881E-08
  529    5.159338E-08
  530    5.139906E-08
  531    6.402522E-08
  532    6.378498E-08
  533    6.354608E-08
  534    6.330853E-08
  535    6.307230E-08
  536    6.283740E-08
  537    6.260380E-08
  538    6.237150E-08
  539    6.214050E-08
  540    6.191077E-08
  541    6.459152E-08
  542    6.435361E-08
  543    6.411702E-08
  544    6.388173E-08
  545    6.364773E-08
  546    6.341501E-08
  547    6.318357E-08
  548    6.295339E-08
  549    6.272447E-08
  550    6.249680E-08
  551    7.766488E-08
  552    7.738400E-08
  553    7.710463E-08
  554    7.682678E-08
  555    7.655042E-08
  556    7.627556E-08
  557    7.600217E-08
  558    7.573025E-08
  559    7.545978E-08
  560    7.519076E-08
  561    8.485815E-08
  562    8.455670E-08
  563    8.425685E-08
  564    8.395860E-08
  565    8.366192E-08
  566    8.336682E-08
  567    8.307327E-08
  568    8.278128E-08
  569    8.249081E-08
  570    8.220188E-08
  571    9.277383E-08
  572    9.245001E-08
  573    9.212788E-08
  574    9.180744E-08
  575    9.148866E-08
  576    9.117154E-08
  577    9.085607E-08
  578    9.054223E-08
  579    9.023002E-08
  580    8.991942E-08
  581    1.083873E-07
  582    1.080155E-07
  583    1.076456E-07
  584    1.072776E-07
  585    1.069114E-07
  586    1.065472E-07
  587    1.061848E-07
  588    1.058242E-07
  589    1.054655E-07
  590    1.051086E-07
  591    1.215768E-07
  592    1.211667E-07
  593    1.207588E-07
  594    1.203529E-07
  595    1.199490E-07
  596    1.195471E-07
  597    1.191473E-07
  598    1.187495E-07
  599    1.183537E-07
  600    1.179598E-07
  601    1.428605E-07
  602    1.423866E-07
  603    1.419151E-07
  604    1.414460E-07
  605    1.409792E-07
  606    1.405147E-07
  607    1.400525E-07
  608    1.395925E-07
  609    1.391348E-07
  610    1.386794E-07
  611    1.563328E-07
  612    1.558227E-07
  613    1.553152E-07
  614    1.548101E-07
  615    1.543074E-07
  616    1.538073E-07
  617    1.533095E-07
  618    1.528142E-07
  619    1.523212E-07
  620    1.518306E-07
  621    1.890188E-07
  622    1.884120E-07
  623    1.878081E-07
  624    1.872071E-07
  625    1.866090E-07
  626    1.860137E-07
  627    1.854213E-07
  628    1.848318E-07
  629    1.842450E-07
  630    1.836610E-07
  631    2.080760E-07
  632    2.074186E-07
  633    2.067643E-07
  634    2.061131E-07
  635    2.054649E-07
  636    2.048198E-07
  637    2.041777E-07
  638    2.035387E-07
  639    2.029026E-07
  640    2.022695E-07
  641    2.328139E-07
  642    2.320897E-07
  643    2.313690E-07
  644    2.306515E-07
  645    2.299374E-07
  646    2.292267E-07
  647    2.285192E-07
  648    2.278150E-07
  649    2.271140E-07
  650    2.264162E-07
  651    2.662734E-07
  652    2.654579E-07
  653    2.646461E-07
  654    2.638380E-07
  655    2.630336E-07
  656    2.622329E-07
  657    2.614359E-07
  658    2.606424E-07
  659    2.598526E-07
  660    2.590664E-07
  661    2.859980E-07
  662    2.851353E-07
  663    2.842764E-07
  664    2.834215E-07
  665    2.825703E-07
  666    2.817230E-07
  667    2.808796E-07
  668    2.800399E-07
  669    2.792039E-07
  670    2.783717E-07
  671    3.390717E-07
  672    3.380641E-07
  673    3.370609E-07
  674    3.360622E-07
  675    3.350679E-07
  676    3.340781E-07
  677    3.330926E-07
  678    3.321115E-07
  679    3.311347E-07
  680    3.301622E-07
  681    3.707240E-07
  682    3.696384E-07
  683    3.685576E-07
  684    3.674815E-07
  685    3.664102E-07
  686    3.653435E-07
  687    3.642814E-07
  688    3.632240E-07
  689    3.621712E-07
  690    3.611229E-07
  691    4.235777E-07
  692    4.223552E-07
  693    4.211381E-07
  694    4.199262E-07
  695    4.187195E-07
  696    4.175180E-07
  697    4.163217E-07
  698    4.151305E-07
  699    4.139444E-07
  700    4.127634E-07
  701    4.754627E-07
  702    4.741100E-07
  703    4.727631E-07
  704    4.714220E-07
  705    4.700865E-07
  706    4.687567E-07
  707    4.674325E-07
  708    4.661140E-07
  709    4.648010E-07
  710    4.634935E-07
  711    5.260655E-07
  712    5.245898E-07
  713    5.231204E-07
  714    5.216571E-07
  715    5.202000E-07
  716    5.187489E-07
  717    5.173039E-07
  718    5.158650E-07
  719    5.144320E-07
  720    5.130050E-07
  721    6.039640E-07
  722    6.022933E-07
  723    6.006295E-07
  724    5.989726E-07
  725    5.973225E-07
  726    5.956793E-07
  727    5.940428E-07
  728    5.924130E-07
  729    5.907900E-07
  730    5.891736E-07
  731    6.480021E-07
  732    6.462340E-07
  733    6.444732E-07
  734    6.427195E-07
  735    6.409730E-07
  736    6.392336E-07
  737    6.375013E-07
  738    6.357759E-07
  739    6.340576E-07
  740    6.323463E-07
  741    7.412430E-07
  742    7.392477E-07
  743    7.372605E-07
  744    7.352813E-07
  745    7.333100E-07
  746    7.313466E-07
  747    7.293912E-07
  748    7.274435E-07
  749    7.255037E-07
  750    7.235716E-07
  751    7.741906E-07
  752    7.721343E-07
  753    7.700862E-07
  754    7.680462E-07
  755    7.660144E-07
  756    7.639906E-07
  757    7.619748E-07
  758    7.599669E-07
  759    7.579670E-07
  760    7.559750E-07
  761    8.443505E-07
  762    8.421372E-07
  763    8.399327E-07
  764    8.377368E-07
  765    8.355495E-07
  766    8.333707E-07
  767    8.312005E-07
  768    8.290387E-07
  769    8.268854E-07
  770    8.247404E-07
  771    9.463646E-07
  772    9.439160E-07
  773    9.414770E-07
  774    9.390474E-07
  775    9.366271E-07
  776    9.342163E-07
  777    9.318147E-07
  778    9.294223E-07
  779    9.270392E-07
  780    9.246652E-07
  781    9.894739E-07
  782    9.869465E-07
  783    9.844288E-07
  784    9.819207E-07
  785    9.794222E-07
  786    9.769332E-07
  787    9.744536E-07
  788    9.719835E-07
  789    9.695228E-07
  790    9.670714E-07
  791    1.118410E-06
  792    1.115589E-06
  793    1.112779E-06
  794    1.109980E-06
  795    1.107191E-06
  796    1.104412E-06
  797    1.101644E-06
  798    1.098887E-06
  799    1.096140E-06
  800    1.093403E-06
  801    1.169433E-06
  802    1.166520E-06
  803    1.163618E-06
  804    1.160727E-06
  805    1.157847E-06
  806    1.154978E-06
  807    1.152119E-06
  808    1.149270E-06
  809    1.146433E-06
  810    1.143606E-06
  811    1.276351E-06
  812    1.273212E-06
  813    1.270083E-06
  814    1.266967E-06
  815    1.263861E-06
  816    1.260767E-06
  817    1.257685E-06
  818    1.254613E-06
  819    1.251553E-06
  820    1.248505E-06
  821    1.421035E-06
  822    1.417582E-06
  823    1.414141E-06
  824    1.410713E-06
  825    1.407297E-06
  826    1.403894E-06
  827    1.400503E-06
  828    1.397124E-06
  829    1.393757E-06
  830    1.390403E-06
  831    1.465532E-06
  832    1.462013E-06
  833    1.458507E-06
  834    1.455014E-06
  835    1.451533E-06
  836    1.448064E-06
  837    1.444608E-06
  838    1.441165E-06
  839    1.437733E-06
  840    1.434314E-06
  841    1.680867E-06
  842    1.676879E-06
  843    1.672905E-06
  844    1.668946E-06
  845    1.665000E-06
  846    1.661069E-06
  847    1.657151E-06
  848    1.653247E-06
  849    1.649357E-06
  850    1.645481E-06
  851    1.651133E-06
  852    1.647262E-06
  853    1.643404E-06
  854    1.639560E-06
  855    1.635729E-06
  856    1.631912E-06
  857    1.628108E-06
  858    1.624317E-06
  859    1.620540E-06
  860    1.616775E-06
  861    1.787015E-06
  862    1.782873E-06
  863    1.778746E-06
  864    1.774633E-06
  865    1.770535E-06
  866    1.766451E-06
  867    1.762381E-06
  868    1.758324E-06
  869    1.754282E-06
  870    1.750254E-06
  871    1.948415E-06
  872    1.943952E-06
  873    1.939503E-06
  874    1.935070E-06
  875    1.930652E-06
  876    1.926249E-06
  877    1.921861E-06
  878    1.917489E-06
  879    1.913131E-06
  880    1.908788E-06
  881    1.978368E-06
  882    1.973887E-06
  883    1.969421E-06
  884    1.964970E-06
  885    1.960535E-06
  886    1.956114E-06
  887    1.951708E-06
  888    1.947318E-06
  889    1.942942E-06
  890    1.938580E-06
  891    2.291515E-06
  892    2.286383E-06
  893    2.281268E-06
  894    2.276170E-06
  895    2.271089E-06
  896    2.266026E-06
  897    2.260979E-06
  898    2.255949E-06
  899    2.250936E-06
  900    2.245939E-06
  901    2.288856E-06
  902    2.283787E-06
  903    2.278734E-06
  904    2.273698E-06
  905    2.268679E-06
  906    2.263676E-06
  907    2.258690E-06
  908    2.253721E-06
  909    2.248767E-06
  910    2.243830E-06
  911    2.529788E-06
  912    2.524246E-06
  913    2.518723E-06
  914    2.513217E-06
  915    2.507730E-06
  916    2.502261E-06
  917    2.496809E-06
  918    2.491375E-06
  919    2.485959E-06
  920    2.480561E-06
  921    2.779734E-06
  922    2.773711E-06
  923    2.767707E-06
  924    2.761723E-06
  925    2.755758E-06
  926    2.749813E-06
  927    2.743886E-06
  928    2.737979E-06
  929    2.732091E-06
  930    2.726222E-06
  931    2.780363E-06
  932    2.774403E-06
  933    2.768462E-06
  934    2.762540E-06
  935    2.756637E-06
  936    2.750753E-06
  937    2.744888E-06
  938    2.739042E-06
  939    2.733214E-06
  940    2.727405E-06
  941    3.138184E-06
  942    3.131529E-06
  943    3.124894E-06
  944    3.118281E-06
  945    3.111688E-06
  946    3.105116E-06
  947    3.098566E-06
  948    3.092035E-06
  949    3.085526E-06
  950    3.079037E-06
  951    3.008282E-06
  952    3.001969E-06
  953    2.995676E-06
  954    2.989402E-06
  955    2.983148E-06
  956    2.976914E-06
  957    2.970699E-06
  958    2.964503E-06
  959    2.958327E-06
  960    2.952171E-06
  961    3.247244E-06
  962    3.240500E-06
  963    3.233777E-06
  964    3.227075E-06
  965    3.220394E-06
  966    3.213733E-06
  967    3.207093E-06
  968    3.200474E-06
  969    3.193875E-06
  970    3.187296E-06
  971    3.309774E-06
  972    3.302971E-06
  973    3.296189E-06
  974    3.289427E-06
  975    3.282687E-06
  976    3.275967E-06
  977    3.269268E-06
  978    3.262589E-06
  979    3.255930E-06
  980    3.249292E-06
  981    3.399840E-06
  982    3.392923E-06
  983    3.386027E-06
  984    3.379151E-06
  985    3.372297E-06
  986    3.365464E-06
  987    3.358651E-06
  988    3.351859E-06
  989    3.345088E-06
  990    3.338337E-06
  991    3.852560E-06
  992    3.844801E-06
  993    3.837065E-06
  994    3.829352E-06
  995    3.821663E-06
  996    3.813996E-06
  997    3.806353E-06
  998    3.798733E-06
  999    3.791135E-06
 1000    3.783561E-06
 1001    3.631163E-06
 1002    3.623922E-06
 1003    3.616703E-06
 1004    3.609506E-06
 1005    3.602330E-06
 1006    3.595175E-06
 1007    3.588042E-06
 1008    3.580930E-06
 1009    3.573839E-06
 1010    3.566769E-06
 1011    4.146992E-06
 1012    4.138804E-06
 1013    4.130641E-06
 1014    4.122502E-06
 1015    4.114387E-06
 1016    4.106295E-06
 1017    4.098228E-06
 1018    4.090184E-06
 1019    4.082164E-06
 1020    4.074168E-06
 1021    4.247077E-06
 1022    4.238773E-06
 1023    4.230495E-06
 1024    4.222240E-06
 1025    4.214009E-06
 1026    4.205803E-06
 1027    4.197621E-06
 1028    4.189462E-06
 1029    4.181327E-06
 1030    4.173216E-06
 1031    4.337426E-06
 1032    4.329028E-06
 1033    4.320655E-06
 1034    4.312306E-06
 1035    4.303981E-06
 1036    4.295680E-06
 1037    4.287403E-06
 1038    4.279151E-06
 1039    4.270921E-06
 1040    4.262716E-06
 1041    4.596062E-06
 1042    4.587248E-06
 1043    4.578461E-06
 1044    4.569698E-06
 1045    4.560961E-06
 1046    4.552248E-06
 1047    4.543561E-06
 1048    4.534898E-06
 1049    4.526260E-06
 1050    4.517647E-06
 1051    4.408107E-06
 1052    4.399735E-06
 1053    4.391386E-06
 1054    4.383061E-06
 1055    4.374760E-06
 1056    4.366482E-06
 1057    4.358228E-06
 1058    4.349997E-06
 1059    4.341790E-06
 1060    4.333605E-06
 1061    4.937561E-06
 1062    4.928272E-06
 1063    4.919008E-06
 1064    4.909770E-06
 1065    4.900559E-06
 1066    4.891373E-06
 1067    4.882213E-06
 1068    4.873079E-06
 1069    4.863970E-06
 1070    4.854887E-06
 1071    4.924120E-06
 1072    4.914942E-06
 1073    4.905789E-06
 1074    4.896662E-06
 1075    4.887561E-06
 1076    4.878484E-06
 1077    4.869433E-06
 1078    4.860407E-06
 1079    4.851407E-06
 1080    4.842431E-06
 1081    5.126419E-06
 1082    5.116952E-06
 1083    5.107511E-06
 1084    5.098097E-06
 1085    5.088708E-06
 1086    5.079345E-06
 1087    5.070008E-06
 1088    5.060697E-06
 1089    5.051411E-06
 1090    5.042151E-06
 1091    5.195667E-06
 1092    5.186160E-06
 1093    5.176679E-06
 1094    5.167224E-06
 1095    5.157795E-06
 1096    5.148391E-06
 1097    5.139013E-06
 1098    5.129661E-06
 1099    5.120335E-06
 1100    5.111033E-06
 1101    5.121624E-06
 1102    5.112337E-06
 1103    5.103076E-06
 1104    5.093840E-06
 1105    5.084628E-06
 1106    5.075442E-06
 1107    5.066281E-06
 1108    5.057144E-06
 1109    5.048032E-06
 1110    5.038945E-06
 1111    5.234162E-06
 1112    5.224756E-06
 1113    5.215376E-06
 1114    5.206021E-06
 1115    5.196691E-06
 1116    5.187387E-06
 1117    5.178107E-06
 1118    5.168852E-06
 1119    5.159622E-06
 1120    5.150416E-06
 1121    5.406547E-06
 1122    5.396918E-06
 1123    5.387315E-06
 1124    5.377738E-06
 1125    5.368186E-06
 1126    5.358659E-06
 1127    5.349158E-06
 1128    5.339682E-06
 1129    5.330232E-06
 1130    5.320806E-06
 1131    5.626398E-06
 1132    5.616466E-06
 1133    5.606561E-06
 1134    5.596681E-06
 1135    5.586828E-06
 1136    5.577001E-06
 1137    5.567199E-06
 1138    5.557424E-06
 1139    5.547674E-06
 1140    5.537950E-06
 1141    5.821108E-06
 1142    5.810922E-06
 1143    5.800763E-06
 1144    5.790631E-06
 1145    5.780525E-06
 1146    5.770445E-06
 1147    5.760392E-06
 1148    5.750366E-06
 1149    5.740365E-06
 1150    5.730390E-06
 1151    5.872339E-06
 1152    5.862153E-06
 1153    5.851993E-06
 1154    5.841860E-06
 1155    5.831753E-06
 1156    5.821672E-06
 1157    5.811618E-06
 1158    5.801589E-06
 1159    5.791586E-06
 1160    5.781609E-06
 1161    6.015421E-06
 1162    6.005077E-06
 1163    5.994759E-06
 1164    5.984467E-06
 1165    5.974202E-06
 1166    5.963964E-06
 1167    5.953751E-06
 1168    5.943565E-06
 1169    5.933405E-06
 1170    5.923271E-06
 1171    6.122999E-06
 1172    6.112559E-06
 1173    6.102146E-06
 1174    6.091760E-06
 1175    6.081399E-06
 1176    6.071066E-06
 1177    6.060758E-06
 1178    6.050477E-06
 1179    6.040222E-06
 1180    6.029993E-06
 1181    6.512482E-06
 1182    6.501472E-06
 1183    6.490489E-06
 1184    6.479535E-06
 1185    6.468608E-06
 1186    6.457709E-06
 1187    6.446838E-06
 1188    6.435993E-06
 1189    6.425177E-06
 1190    6.414387E-06
 1191    6.532623E-06
 1192    6.521671E-06
 1193    6.510747E-06
 1194    6.499850E-06
 1195    6.488981E-06
 1196    6.478139E-06
 1197    6.467324E-06
 1198    6.456536E-06
 1199    6.445775E-06
 1200    6.435041E-06
 1201    6.599803E-06
 1202    6.588830E-06
 1203    6.577886E-06
 1204    6.566968E-06
 1205    6.556077E-06
 1206    6.545214E-06
 1207    6.534378E-06
 1208    6.523568E-06
 1209    6.512785E-06
 1210    6.502029E-06
 1211    6.410873E-06
 1212    6.400302E-06
 1213    6.389758E-06
 1214    6.379240E-06
 1215    6.368748E-06
 1216    6.358282E-06
 1217    6.347841E-06
 1218    6.337426E-06
 1219    6.327037E-06
 1220    6.316673E-06
 1221    6.678318E-06
 1222    6.667396E-06
 1223    6.656502E-06
 1224    6.645634E-06
 1225    6.634793E-06
 1226    6.623978E-06
 1227    6.613190E-06
 1228    6.602428E-06
 1229    6.591693E-06
 1230    6.580983E-06
 1231    7.657007E-06
 1232    7.644587E-06
 1233    7.632197E-06
 1234    7.619838E-06
 1235    7.607508E-06
 1236    7.595208E-06
 1237    7.582938E-06
 1238    7.570697E-06
 1239    7.558486E-06
 1240    7.546305E-06
 1241    7.331433E-06
 1242    7.319637E-06
 1243    7.307869E-06
 1244    7.296129E-06
 1245    7.284418E-06
 1246    7.272735E-06
 1247    7.261080E-06
 1248    7.249453E-06
 1249    7.237854E-06
 1250    7.226282E-06
 1251    7.344659E-06
 1252    7.332936E-06
 1253    7.321241E-06
 1254    7.309573E-06
 1255    7.297934E-06
 1256    7.286322E-06
 1257    7.274738E-06
 1258    7.263182E-06
 1259    7.251653E-06
 1260    7.240152E-06
 1261    7.683405E-06
 1262    7.671238E-06
 1263    7.659100E-06
 1264    7.646990E-06
 1265    7.634910E-06
 1266    7.622858E-06
 1267    7.610834E-06
 1268    7.598839E-06
 1269    7.586873E-06
 1270    7.574934E-06
 1271    8.577907E-06
 1272    8.564431E-06
 1273    8.550986E-06
 1274    8.537572E-06
 1275    8.524191E-06
 1276    8.510840E-06
 1277    8.497521E-06
 1278    8.484233E-06
 1279    8.470977E-06
 1280    8.457751E-06
 1281    8.201415E-06
 1282    8.188630E-06
 1283    8.175876E-06
 1284    8.163151E-06
 1285    8.150455E-06
 1286    8.137789E-06
 1287    8.125153E-06
 1288    8.112546E-06
 1289    8.099968E-06
 1290    8.087420E-06
 1291    8.476448E-06
 1292    8.463337E-06
 1293    8.450256E-06
 1294    8.437206E-06
 1295    8.424185E-06
 1296    8.411195E-06
 1297    8.398235E-06
 1298    8.385304E-06
 1299    8.372404E-06
 1300    8.359533E-06
 1301    8.895522E-06
 1302    8.881869E-06
 1303    8.868246E-06
 1304    8.854655E-06
 1305    8.841095E-06
 1306    8.827566E-06
 1307    8.814068E-06
 1308    8.800601E-06
 1309    8.787165E-06
 1310    8.773760E-06
 1311    8.293367E-06
 1312    8.280734E-06
 1313    8.268130E-06
 1314    8.255555E-06
 1315    8.243009E-06
 1316    8.230491E-06
 1317    8.218002E-06
 1318    8.205541E-06
 1319    8.193108E-06
 1320    8.180704E-06
 1321    9.272278E-06
 1322    9.258261E-06
 1323    9.244276E-06
 1324    9.230322E-06
 1325    9.216400E-06
 1326    9.202510E-06
 1327    9.188651E-06
 1328    9.174823E-06
 1329    9.161026E-06
 1330    9.147260E-06
 1331    1.195113E-05
 1332    1.193320E-05
 1333    1.191531E-05
 1334    1.189746E-05
 1335    1.187965E-05
 1336    1.186188E-05
 1337    1.184415E-05
 1338    1.182646E-05
 1339    1.180881E-05
 1340    1.179120E-05
 1341    1.221088E-05
 1342    1.219269E-05
 1343    1.217455E-05
 1344    1.215645E-05
 1345    1.213838E-05
 1346    1.212036E-05
 1347    1.210238E-05
 1348    1.208443E-05
 1349    1.206653E-05
 1350    1.204867E-05
 1351    1.178091E-05
 1352    1.176350E-05
 1353    1.174612E-05
 1354    1.172878E-05
 1355    1.171148E-05
 1356    1.169422E-05
 1357    1.167700E-05
 1358    1.165982E-05
 1359    1.164267E-05
 1360    1.162556E-05
 1361    1.449064E-05
 1362    1.446938E-05
 1363    1.444817E-05
 1364    1.442700E-05
 1365    1.440587E-05
 1366    1.438480E-05
 1367    1.436377E-05
 1368    1.434278E-05
 1369    1.432184E-05
 1370    1.430095E-05
 1371    1.863546E-05
 1372    1.860832E-05
 1373    1.858123E-05
 1374    1.855420E-05
 1375    1.852723E-05
 1376    1.850033E-05
 1377    1.847347E-05
 1378    1.844668E-05
 1379    1.841995E-05
 1380    1.839327E-05
 1381    1.579808E-05
 1382    1.577523E-05
 1383    1.575244E-05
 1384    1.572969E-05
 1385    1.570699E-05
 1386    1.568434E-05
 1387    1.566174E-05
 1388    1.563919E-05
 1389    1.561669E-05
 1390    1.559424E-05
 1391    9.209167E-06
 1392    9.195945E-06
 1393    9.182751E-06
 1394    9.169586E-06
 1395    9.156449E-06
 1396    9.143340E-06
 1397    9.130260E-06
 1398    9.117207E-06
 1399    9.104183E-06
 1400    9.091186E-06
 1401    2.645059E-06
 1402    2.641288E-06
 1403    2.637526E-06
 1404    2.633771E-06
 1405    2.630025E-06
 1406    2.626286E-06
 1407    2.622556E-06
 1408    2.618833E-06
 1409    2.615118E-06
 1410    2.611412E-06
 1411   -3.369061E-06
 1412   -3.364293E-06
 1413   -3.359534E-06
 1414   -3.354785E-06
 1415   -3.350047E-06
 1416   -3.345319E-06
 1417   -3.340600E-06
 1418   -3.335892E-06
 1419   -3.331194E-06
 1420   -3.326505E-06
 1421   -3.100469E-06
 1422   -3.096111E-06
 1423   -3.091762E-06
 1424   -3.087423E-06
 1425   -3.083093E-06
 1426   -3.078772E-06
 1427   -3.074460E-06
 1428   -3.070157E-06
 1429   -3.065863E-06
 1430   -3.061578E-06
 1431    2.733425E-05
 1432    2.729610E-05
 1433    2.725803E-05
 1434    2.722004E-05
 1435    2.718213E-05
 1436    2.714429E-05
 1437    2.710654E-05
 1438    2.706887E-05
 1439    2.703127E-05
 1440    2.699375E-05
 1441    9.037178E-05
 1442    9.024652E-05
 1443    9.012153E-05
 1444    8.999679E-05
 1445    8.987232E-05
 1446    8.974810E-05
 1447    8.962414E-05
 1448    8.950043E-05
 1449    8.937698E-05
 1450    8.925379E-05
 1451    1.556632E-04
 1452    1.554490E-04
 1453    1.552351E-04
 1454    1.550218E-04
 1455    1.548088E-04
 1456    1.545963E-04
 1457    1.543843E-04
 1458    1.541726E-04
 1459    1.539614E-04
 1460    1.537507E-04
 1461    2.155799E-04
 1462    2.152852E-04
 1463    2.149911E-04
 1464    2.146976E-04
 1465    2.144046E-04
 1466    2.141123E-04
 1467    2.138206E-04
 1468    2.135295E-04
 1469    2.132390E-04
 1470    2.129491E-04
 1471    2.536369E-04
 1472    2.532926E-04
 1473    2.529489E-04
 1474    2.526059E-04
 1475    2.522636E-04
 1476    2.519220E-04
 1477    2.515811E-04
 1478    2.512409E-04
 1479    2.509014E-04
 1480    2.505626E-04
 1481    8.694543E-05
 1482    8.682817E-05
 1483    8.671115E-05
 1484    8.659437E-05
 1485    8.647782E-05
 1486    8.636151E-05
 1487    8.624544E-05
 1488    8.612959E-05
 1489    8.601398E-05
 1490    8.589860E-05
 1491   -5.526796E-04
 1492   -5.519392E-04
 1493   -5.512003E-04
 1494   -5.504629E-04
 1495   -5.497270E-04
 1496   -5.489926E-04
 1497   -5.482596E-04
 1498   -5.475281E-04
 1499   -5.467981E-04
 1500   -5.460695E-04
 1501   -1.520542E-03
 1502   -1.518519E-03
 1503   -1.516500E-03
 1504   -1.514485E-03
 1505   -1.512473E-03
 1506   -1.510466E-03
 1507   -1.508463E-03
 1508   -1.506463E-03
 1509   -1.504468E-03
 1510   -1.502477E-03
 1511   -1.911698E-03
 1512   -1.909171E-03
 1513   -1.906649E-03
 1514   -1.904132E-03
 1515   -1.901620E-03
 1516   -1.899113E-03
 1517   -1.896611E-03
 1518   -1.894113E-03
 1519   -1.891621E-03
 1520   -1.889134E-03
 1521   -1.841301E-03
 1522   -1.838883E-03
 1523   -1.836470E-03
 1524   -1.834061E-03
 1525   -1.831658E-03
 1526   -1.829258E-03
 1527   -1.826864E-03
 1528   -1.824475E-03
 1529   -1.822090E-03
 1530   -1.819709E-03
 1531   -7.751248E-05
 1532   -7.741135E-05
 1533   -7.731043E-05
 1534   -7.720970E-05
 1535   -7.710916E-05
 1536   -7.700883E-05
 1537   -7.690868E-05
 1538   -7.680874E-05
 1539   -7.670899E-05
 1540   -7.660943E-05
 1541    6.171697E-03
 1542    6.163697E-03
 1543    6.155713E-03
 1544    6.147745E-03
 1545    6.139792E-03
 1546    6.131854E-03
 1547    6.123932E-03
 1548    6.116025E-03
 1549    6.108133E-03
 1550    6.100257E-03
 1551    1.611672E-02
 1552    1.609597E-02
 1553    1.607525E-02
 1554    1.605458E-02
 1555    1.603394E-02
 1556    1.601335E-02
 1557    1.599279E-02
 1558    1.597227E-02
 1559    1.595180E-02
 1560    1.593136E-02
 1561    2.237219E-02
 1562    2.234356E-02
 1563    2.231499E-02
 1564    2.228647E-02
 1565    2.225801E-02
 1566    2.222960E-02
 1567    2.220125E-02
 1568    2.217295E-02
 1569    2.214470E-02
 1570    2.211651E-02
 1571    2.363678E-02
 1572    2.360672E-02
 1573    2.357673E-02
 1574    2.354679E-02
 1575    2.351691E-02
 1576    2.348708E-02
 1577    2.345731E-02
 1578    2.342760E-02
 1579    2.339795E-02
 1580    2.336835E-02
 1581    2.217316E-02
 1582    2.214514E-02
 1583    2.211718E-02
 1584    2.208927E-02
 1585    2.206142E-02
 1586    2.203361E-02
 1587    2.200586E-02
 1588    2.197817E-02
 1589    2.195052E-02
 1590    2.192293E-02
 1591    1.621265E-02
 1592    1.619229E-02
 1593    1.617198E-02
 1594    1.615170E-02
 1595    1.613146E-02
 1596    1.611125E-02
 1597    1.609109E-02
 1598    1.607096E-02
 1599    1.605088E-02
 1600    1.603082E-02
 1601    5.728562E-03
 1602    5.721415E-03
 1603    5.714281E-03
 1604    5.707161E-03
 1605    5.700053E-03
 1606    5.692959E-03
 1607    5.685879E-03
 1608    5.678811E-03
 1609    5.671756E-03
 1610    5.664715E-03
 1611   -3.988840E-04
 1612   -3.983894E-04
 1613   -3.978957E-04
 1614   -3.974030E-04
 1615   -3.969111E-04
 1616   -3.964202E-04
 1617   -3.959302E-04
 1618   -3.954411E-04
 1619   -3.949529E-04
 1620   -3.944656E-04
 1621   -2.094425E-03
 1622   -2.091844E-03
 1623   -2.089268E-03
 1624   -2.086697E-03
 1625   -2.084130E-03
 1626   -2.081568E-03
 1627   -2.079011E-03
 1628   -2.076459E-03
 1629   -2.073911E-03
 1630   -2.071368E-03
 1631   -2.229173E-03
 1632   -2.226443E-03
 1633   -2.223718E-03
 1634   -2.220998E-03
 1635   -2.218283E-03
 1636   -2.215573E-03
 1637   -2.212867E-03
 1638   -2.210167E-03
 1639   -2.207472E-03
 1640   -2.204781E-03
 1641   -1.732811E-03
 1642   -1.730701E-03
 1643   -1.728596E-03
 1644   -1.726494E-03
 1645   -1.724396E-03
 1646   -1.722302E-03
 1647   -1.720212E-03
 1648   -1.718126E-03
 1649   -1.716043E-03
 1650   -1.713965E-03
 1651   -6.586747E-04
 1652   -6.578777E-04
 1653   -6.570822E-04
 1654   -6.562882E-04
 1655   -6.554955E-04
 1656   -6.547043E-04
 1657   -6.539146E-04
 1658   -6.531263E-04
 1659   -6.523394E-04
 1660   -6.515539E-04
 1661    1.896897E-05
 1662    1.894615E-05
 1663    1.892338E-05
 1664    1.890065E-05
 1665    1.887796E-05
 1666    1.885531E-05
 1667    1.883270E-05
 1668    1.881014E-05
 1669    1.878761E-05
 1670    1.876512E-05
 1671    1.984185E-04
 1672    1.981813E-04
 1673    1.979445E-04
 1674    1.977082E-04
 1675    1.974722E-04
 1676    1.972367E-04
 1677    1.970016E-04
 1678    1.967670E-04
 1679    1.965327E-04
 1680    1.962989E-04
 1681    1.714290E-04
 1682    1.712252E-04
 1683    1.710219E-04
 1684    1.708189E-04
 1685    1.706163E-04
 1686    1.704140E-04
 1687    1.702121E-04
 1688    1.700105E-04
 1689    1.698093E-04
 1690    1.696085E-04
 1691    1.158675E-04
 1692    1.157307E-04
 1693    1.155940E-04
 1694    1.154576E-04
 1695    1.153215E-04
 1696    1.151856E-04
 1697    1.150499E-04
 1698    1.149145E-04
 1699    1.147793E-04
 1700    1.146443E-04
 1701    4.042257E-05
 1702    4.037510E-05
 1703    4.032771E-05
 1704    4.028041E-05
 1705    4.023318E-05
 1706    4.018604E-05
 1707    4.013899E-05
 1708    4.009201E-05
 1709    4.004512E-05
 1710    3.999831E-05
 1711   -1.968676E-05
 1712   -1.966377E-05
 1713   -1.964083E-05
 1714   -1.961792E-05
 1715   -1.959506E-05
 1716   -1.957223E-05
 1717   -1.954945E-05
 1718   -1.952670E-05
 1719   -1.950400E-05
 1720   -1.948133E-05
 1721   -4.643075E-05
 1722   -4.637686E-05
 1723   -4.632305E-05
 1724   -4.626935E-05
 1725   -4.621573E-05
 1726   -4.616221E-05
 1727   -4.610878E-05
 1728   -4.605545E-05
 1729   -4.600220E-05
 1730   -4.594905E-05
 1731   -4.650585E-05
 1732   -4.645218E-05
 1733   -4.639860E-05
 1734   -4.634511E-05
 1735   -4.629172E-05
 1736   -4.623842E-05
 1737   -4.618521E-05
 1738   -4.613209E-05
 1739   -4.607907E-05
 1740   -4.602614E-05
 1741   -3.668444E-05
 1742   -3.664235E-05
 1743   -3.660033E-05
 1744   -3.655838E-05
 1745   -3.651650E-05
 1746   -3.647470E-05
 1747   -3.643297E-05
 1748   -3.639130E-05
 1749   -3.634971E-05
 1750   -3.630820E-05
 1751   -2.245293E-05
 1752   -2.242732E-05
 1753   -2.240175E-05
 1754   -2.237622E-05
 1755   -2.235073E-05
 1756   -2.232529E-05
 1757   -2.229989E-05
 1758   -2.227454E-05
 1759   -2.224922E-05
 1760   -2.222395E-05
 1761   -1.251771E-05
 1762   -1.250351E-05
 1763   -1.248933E-05
 1764   -1.247518E-05
 1765   -1.246105E-05
 1766   -1.244695E-05
 1767   -1.243287E-05
 1768   -1.241881E-05
 1769   -1.240478E-05
 1770   -1.239077E-05
 1771   -8.860011E-06
 1772   -8.850017E-06
 1773   -8.840039E-06
 1774   -8.830079E-06
 1775   -8.820135E-06
 1776   -8.810208E-06
 1777   -8.800298E-06
 1778   -8.790404E-06
 1779   -8.780527E-06
 1780   -8.770667E-06
 1781   -1.127188E-05
 1782   -1.125923E-05
 1783   -1.124661E-05
 1784   -1.123401E-05
 1785   -1.122143E-05
 1786   -1.120887E-05
 1787   -1.119633E-05
 1788   -1.118382E-05
 1789   -1.117132E-05
 1790   -1.115885E-05
 1791   -1.200089E-05
 1792   -1.198751E-05
 1793   -1.197414E-05
 1794   -1.196080E-05
 1795   -1.194748E-05
 1796   -1.193418E-05
 1797   -1.192091E-05
 1798   -1.190766E-05
 1799   -1.189443E-05
 1800   -1.188122E-05
 1801   -9.357159E-06
 1802   -9.346779E-06
 1803   -9.336417E-06
 1804   -9.326072E-06
 1805   -9.315744E-06
 1806   -9.305433E-06
 1807   -9.295139E-06
 1808   -9.284863E-06
 1809   -9.274603E-06
 1810   -9.264361E-06
 1811   -8.910388E-06
 1812   -8.900559E-06
 1813   -8.890746E-06
 1814   -8.880949E-06
 1815   -8.871168E-06
 1816   -8.861403E-06
 1817   -8.851655E-06
 1818   -8.841922E-06
 1819   -8.832206E-06
 1820   -8.822506E-06
 1821   -1.019943E-05
 1822   -1.018824E-05
 1823   -1.017707E-05
 1824   -1.016591E-05
 1825   -1.015478E-05
 1826   -1.014366E-05
 1827   -1.013257E-05
 1828   -1.012149E-05
 1829   -1.011042E-05
 1830   -1.009938E-05
 1831   -1.071274E-05
 1832   -1.070105E-05
 1833   -1.068938E-05
 1834   -1.067773E-05
 1835   -1.066610E-05
 1836   -1.065448E-05
 1837   -1.064289E-05
 1838   -1.063131E-05
 1839   -1.061976E-05
 1840   -1.060822E-05
 1841   -9.474437E-06
 1842   -9.464155E-06
 1843   -9.453890E-06
 1844   -9.443642E-06
 1845   -9.433411E-06
 1846   -9.423196E-06
 1847   -9.412998E-06
 1848   -9.402816E-06
 1849   -9.392651E-06
 1850   -9.382502E-06
 1851   -8.248080E-06
 1852   -8.239178E-06
 1853   -8.230290E-06
 1854   -8.221416E-06
 1855   -8.212557E-06
 1856   -8.203712E-06
 1857   -8.194881E-06
 1858   -8.186065E-06
 1859   -8.177263E-06
 1860   -8.168475E-06
 1861   -7.714262E-06
 1862   -7.705981E-06
 1863   -7.697713E-06
 1864   -7.689458E-06
 1865   -7.681216E-06
 1866   -7.672988E-06
 1867   -7.664772E-06
 1868   -7.656570E-06
 1869   -7.648382E-06
 1870   -7.640206E-06
 1871   -7.286199E-06
 1872   -7.278419E-06
 1873   -7.270651E-06
 1874   -7.262896E-06
 1875   -7.255153E-06
 1876   -7.247422E-06
 1877   -7.239704E-06
 1878   -7.231998E-06
 1879   -7.224305E-06
 1880   -7.216623E-06
 1881   -7.783748E-06
 1882   -7.775480E-06
 1883   -7.767226E-06
 1884   -7.758985E-06
 1885   -7.750757E-06
 1886   -7.742542E-06
 1887   -7.734340E-06
 1888   -7.726151E-06
 1889   -7.717976E-06
 1890   -7.709813E-06
 1891   -7.537143E-06
 1892   -7.529180E-06
 1893   -7.521229E-06
 1894   -7.513291E-06
 1895   -7.505366E-06
 1896   -7.497453E-06
 1897   -7.489552E-06
 1898   -7.481664E-06
 1899   -7.473789E-06
 1900   -7.465926E-06
 1901   -6.789085E-06
 1902   -6.781950E-06
 1903   -6.774826E-06
 1904   -6.767713E-06
 1905   -6.760612E-06
 1906   -6.753521E-06
 1907   -6.746442E-06
 1908   -6.739374E-06
 1909   -6.732317E-06
 1910   -6.725271E-06
 1911   -6.450052E-06
 1912   -6.443308E-06
 1913   -6.436575E-06
 1914   -6.429853E-06
 1915   -6.423141E-06
 1916   -6.416440E-06
 1917   -6.409749E-06
 1918   -6.403069E-06
 1919   -6.396399E-06
 1920   -6.389740E-06
 1921   -6.518308E-06
 1922   -6.511529E-06
 1923   -6.504760E-06
 1924   -6.498002E-06
 1925   -6.491254E-06
 1926   -6.484517E-06
 1927   -6.477790E-06
 1928   -6.471074E-06
 1929   -6.464368E-06
 1930   -6.457673E-06
 1931   -6.983138E-06
 1932   -6.975913E-06
 1933   -6.968699E-06
 1934   -6.961496E-06
 1935   -6.954304E-06
 1936   -6.947124E-06
 1937   -6.939955E-06
 1938   -6.932796E-06
 1939   -6.925649E-06
 1940   -6.918513E-06
 1941   -6.448634E-06
 1942   -6.441997E-06
 1943   -6.435369E-06
 1944   -6.428752E-06
 1945   -6.422145E-06
 1946   -6.415548E-06
 1947   -6.408961E-06
 1948   -6.402384E-06
 1949   -6.395818E-06
 1950   -6.389261E-06
 1951   -6.199774E-06
 1952   -6.193425E-06
 1953   -6.187086E-06
 1954   -6.180756E-06
 1955   -6.174436E-06
 1956   -6.168126E-06
 1957   -6.161826E-06
 1958   -6.155535E-06
 1959   -6.149254E-06
 1960   -6.142982E-06
 1961   -5.964242E-06
 1962   -5.958166E-06
 1963   -5.952098E-06
 1964   -5.946040E-06
 1965   -5.939991E-06
 1966   -5.933952E-06
 1967   -5.927921E-06
 1968   -5.921900E-06
 1969   -5.915888E-06
 1970   -5.909885E-06
 1971   -5.905540E-06
 1972   -5.899554E-06
 1973   -5.893576E-06
 1974   -5.887608E-06
 1975   -5.881649E-06
 1976   -5.875699E-06
 1977   -5.869758E-06
 1978   -5.863826E-06
 1979   -5.857903E-06
 1980   -5.851989E-06
 1981   -6.061809E-06
 1982   -6.055695E-06
 1983   -6.049591E-06
 1984   -6.043496E-06
 1985   -6.037409E-06
 1986   -6.031333E-06
 1987   -6.025265E-06
 1988   -6.019206E-06
 1989   -6.013157E-06
 1990   -6.007116E-06
 1991   -5.864737E-06
 1992   -5.858852E-06
 1993   -5.852976E-06
 1994   -5.847108E-06
 1995   -5.841249E-06
 1996   -5.835399E-06
 1997   -5.829558E-06
 1998   -5.823725E-06
 1999   -5.817902E-06
 2000   -5.812087E-06
 2001   -5.485466E-06
 2002   -5.479988E-06
 2003   -5.474519E-06
 2004   -5.469058E-06
 2005   -5.463606E-06
 2006   -5.458161E-06
 2007   -5.452725E-06
 2008   -5.447296E-06
 2009   -5.441876E-06
 2010   -5.436464E-06
 2011   -5.219057E-06
 2012   -5.213871E-06
 2013   -5.208694E-06
 2014   -5.203524E-06
 2015   -5.198362E-06
 2016   -5.193207E-06
 2017   -5.188060E-06
 2018   -5.182921E-06
 2019   -5.177789E-06
 2020   -5.172665E-06
 2021   -5.234557E-06
 2022   -5.229382E-06
 2023   -5.224214E-06
 2024   -5.219055E-06
 2025   -5.213902E-06
 2026   -5.208758E-06
 2027   -5.203621E-06
 2028   -5.198492E-06
 2029   -5.193370E-06
 2030   -5.188256E-06
 2031   -5.449977E-06
 2032   -5.444615E-06
 2033   -5.439262E-06
 2034   -5.433916E-06
 2035   -5.428578E-06
 2036   -5.423248E-06
 2037   -5.417926E-06
 2038   -5.412612E-06
 2039   -5.407305E-06
 2040   -5.402007E-06
 2041   -5.186730E-06
 2042   -5.181653E-06
 2043   -5.176583E-06
 2044   -5.171520E-06
 2045   -5.166465E-06
 2046   -5.161417E-06
 2047   -5.156376E-06
 2048   -5.151343E-06
 2049   -5.146318E-06
 2050   -5.141299E-06
 2051   -4.945506E-06
 2052   -4.940688E-06
 2053   -4.935877E-06
 2054   -4.931073E-06
 2055   -4.926277E-06
 2056   -4.921487E-06
 2057   -4.916704E-06
 2058   -4.911928E-06
 2059   -4.907159E-06
 2060   -4.902398E-06
 2061   -4.824794E-06
 2062   -4.820116E-06
 2063   -4.815446E-06
 2064   -4.810782E-06
 2065   -4.806125E-06
 2066   -4.801474E-06
 2067   -4.796831E-06
 2068   -4.792194E-06
 2069   -4.787564E-06
 2070   -4.782940E-06
 2071   -4.798700E-06
 2072   -4.794070E-06
 2073   -4.789447E-06
 2074   -4.784831E-06
 2075   -4.780221E-06
 2076   -4.775618E-06
 2077   -4.771022E-06
 2078   -4.766432E-06
 2079   -4.761849E-06
 2080   -4.757273E-06
 2081   -4.906664E-06
 2082   -4.901952E-06
 2083   -4.897248E-06
 2084   -4.892550E-06
 2085   -4.887860E-06
 2086   -4.883175E-06
 2087   -4.878498E-06
 2088   -4.873827E-06
 2089   -4.869163E-06
 2090   -4.864506E-06
 2091   -4.665648E-06
 2092   -4.661189E-06
 2093   -4.656737E-06
 2094   -4.652292E-06
 2095   -4.647853E-06
 2096   -4.643420E-06
 2097   -4.638993E-06
 2098   -4.634573E-06
 2099   -4.630159E-06
 2100   -4.625752E-06
 2101   -4.378116E-06
 2102   -4.373952E-06
 2103   -4.369795E-06
 2104   -4.365643E-06
 2105   -4.361497E-06
 2106   -4.357357E-06
 2107   -4.353223E-06
 2108   -4.349095E-06
 2109   -4.344972E-06
 2110   -4.340856E-06
 2111   -4.137044E-06
 2112   -4.133129E-06
 2113   -4.129218E-06
 2114   -4.125314E-06
 2115   -4.121414E-06
 2116   -4.117521E-06
 2117   -4.113633E-06
 2118   -4.109750E-06
 2119   -4.105873E-06
 2120   -4.102001E-06
 2121   -4.189782E-06
 2122   -4.185835E-06
 2123   -4.181893E-06
 2124   -4.177957E-06
 2125   -4.174027E-06
 2126   -4.170102E-06
 2127   -4.166183E-06
 2128   -4.162269E-06
 2129   -4.158361E-06
 2130   -4.154458E-06
 2131   -4.169399E-06
 2132   -4.165489E-06
 2133   -4.161585E-06
 2134   -4.157687E-06
 2135   -4.153794E-06
 2136   -4.149907E-06
 2137   -4.146024E-06
 2138   -4.142148E-06
 2139   -4.138277E-06
 2140   -4.134411E-06
 2141   -3.984813E-06
 2142   -3.981094E-06
 2143   -3.977380E-06
 2144   -3.973672E-06
 2145   -3.969968E-06
 2146   -3.966270E-06
 2147   -3.962577E-06
 2148   -3.958889E-06
 2149   -3.955207E-06
 2150   -3.951529E-06
 2151   -3.574739E-06
 2152   -3.571418E-06
 2153   -3.568102E-06
 2154   -3.564790E-06
 2155   -3.561484E-06
 2156   -3.558181E-06
 2157   -3.554884E-06
 2158   -3.551591E-06
 2159   -3.548302E-06
 2160   -3.545018E-06
 2161   -3.479754E-06
 2162   -3.476536E-06
 2163   -3.473323E-06
 2164   -3.470114E-06
 2165   -3.466910E-06
 2166   -3.463710E-06
 2167   -3.460515E-06
 2168   -3.457324E-06
 2169   -3.454138E-06
 2170   -3.450956E-06
 2171   -3.418233E-06
 2172   -3.415086E-06
 2173   -3.411945E-06
 2174   -3.408807E-06
 2175   -3.405674E-06
 2176   -3.402545E-06
 2177   -3.399421E-06
 2178   -3.396301E-06
 2179   -3.393185E-06
 2180   -3.390073E-06
 2181   -3.380592E-06
 2182   -3.377495E-06
 2183   -3.374402E-06
 2184   -3.371313E-06
 2185   -3.368229E-06
 2186   -3.365149E-06
 2187   -3.362073E-06
 2188   -3.359001E-06
 2189   -3.355933E-06
 2190   -3.352870E-06
 2191   -3.264207E-06
 2192   -3.261230E-06
 2193   -3.258257E-06
 2194   -3.255288E-06
 2195   -3.252323E-06
 2196   -3.249362E-06
 2197   -3.246406E-06
 2198   -3.243453E-06
 2199   -3.240505E-06
 2200   -3.237560E-06
 2201   -3.024680E-06
 2202   -3.021934E-06
 2203   -3.019192E-06
 2204   -3.016453E-06
 2205   -3.013718E-06
 2206   -3.010987E-06
 2207   -3.008260E-06
 2208   -3.005536E-06
 2209   -3.002816E-06
 2210   -3.000100E-06
 2211   -2.857157E-06
 2212   -2.854575E-06
 2213   -2.851996E-06
 2214   -2.849421E-06
 2215   -2.846849E-06
 2216   -2.844281E-06
 2217   -2.841716E-06
 2218   -2.839155E-06
 2219   -2.836597E-06
 2220   -2.834043E-06
 2221   -2.871693E-06
 2222   -2.869109E-06
 2223   -2.866529E-06
 2224   -2.863952E-06
 2225   -2.861379E-06
 2226   -2.858810E-06
 2227   -2.856243E-06
 2228   -2.853681E-06
 2229   -2.851121E-06
 2230   -2.848565E-06
 2231   -2.801716E-06
 2232   -2.799207E-06
 2233   -2.796701E-06
 2234   -2.794198E-06
 2235   -2.791699E-06
 2236   -2.789203E-06
 2237   -2.786710E-06
 2238   -2.784221E-06
 2239   -2.781735E-06
 2240   -2.779253E-06
 2241   -2.719708E-06
 2242   -2.717283E-06
 2243   -2.714861E-06
 2244   -2.712442E-06
 2245   -2.710027E-06
 2246   -2.707615E-06
 2247   -2.705206E-06
 2248   -2.702800E-06
 2249   -2.700398E-06
 2250   -2.697998E-06
 2251   -2.319604E-06
 2252   -2.317545E-06
 2253   -2.315489E-06
 2254   -2.313435E-06
 2255   -2.311384E-06
 2256   -2.309336E-06
 2257   -2.307290E-06
 2258   -2.305248E-06
 2259   -2.303208E-06
 2260   -2.301170E-06
 2261   -2.145667E-06
 2262   -2.143771E-06
 2263   -2.141877E-06
 2264   -2.139986E-06
 2265   -2.138097E-06
 2266   -2.136211E-06
 2267   -2.134327E-06
 2268   -2.132446E-06
 2269   -2.130567E-06
 2270   -2.128691E-06
 2271   -2.123788E-06
 2272   -2.121919E-06
 2273   -2.120053E-06
 2274   -2.118189E-06
 2275   -2.116328E-06
 2276   -2.114469E-06
 2277   -2.112612E-06
 2278   -2.110758E-06
 2279   -2.108907E-06
 2280   -2.107058E-06
 2281   -2.088241E-06
 2282   -2.086412E-06
 2283   -2.084585E-06
 2284   -2.082760E-06
 2285   -2.080938E-06
 2286   -2.079118E-06
 2287   -2.077301E-06
 2288   -2.075486E-06
 2289   -2.073673E-06
 2290   -2.071863E-06
 2291   -2.014368E-06
 2292   -2.012611E-06
 2293   -2.010856E-06
 2294   -2.009104E-06
 2295   -2.007353E-06
 2296   -2.005606E-06
 2297   -2.003860E-06
 2298   -2.002117E-06
 2299   -2.000376E-06
 2300   -1.998637E-06
 2301   -1.751916E-06
 2302   -1.750395E-06
 2303   -1.748875E-06
 2304   -1.747358E-06
 2305   -1.745842E-06
 2306   -1.744329E-06
 2307   -1.742817E-06
 2308   -1.741308E-06
 2309   -1.739800E-06
 2310   -1.738294E-06
 2311   -1.667408E-06
 2312   -1.665966E-06
 2313   -1.664527E-06
 2314   -1.663089E-06
 2315   -1.661652E-06
 2316   -1.660218E-06
 2317   -1.658786E-06
 2318   -1.657355E-06
 2319   -1.655926E-06
 2320   -1.654499E-06
 2321   -1.609821E-06
 2322   -1.608435E-06
 2323   -1.607051E-06
 2324   -1.605668E-06
 2325   -1.604288E-06
 2326   -1.602909E-06
 2327   -1.601532E-06
 2328   -1.600156E-06
 2329   -1.598783E-06
 2330   -1.597411E-06
 2331   -1.587650E-06
 2332   -1.586289E-06
 2333   -1.584930E-06
 2334   -1.583572E-06
 2335   -1.582216E-06
 2336   -1.580862E-06
 2337   -1.579510E-06
 2338   -1.578159E-06
 2339   -1.576810E-06
 2340   -1.575463E-06
 2341   -1.532951E-06
 2342   -1.531643E-06
 2343   -1.530336E-06
 2344   -1.529031E-06
 2345   -1.527727E-06
 2346   -1.526425E-06
 2347   -1.525125E-06
 2348   -1.523827E-06
 2349   -1.522530E-06
 2350   -1.521234E-06
 2351   -1.274182E-06
 2352   -1.273099E-06
 2353   -1.272017E-06
 2354   -1.270937E-06
 2355   -1.269858E-06
 2356   -1.268781E-06
 2357   -1.267704E-06
 2358   -1.266630E-06
 2359   -1.265556E-06
 2360   -1.264484E-06
 2361   -1.186351E-06
 2362   -1.185347E-06
 2363   -1.184344E-06
 2364   -1.183342E-06
 2365   -1.182342E-06
 2366   -1.181343E-06
 2367   -1.180345E-06
 2368   -1.179349E-06
 2369   -1.178354E-06
 2370   -1.177360E-06
 2371   -1.156358E-06
 2372   -1.155384E-06
 2373   -1.154410E-06
 2374   -1.153438E-06
 2375   -1.152467E-06
 2376   -1.151497E-06
 2377   -1.150529E-06
 2378   -1.149562E-06
 2379   -1.148596E-06
 2380   -1.147631E-06
 2381   -1.123084E-06
 2382   -1.122142E-06
 2383   -1.121200E-06
 2384   -1.120260E-06
 2385   -1.119321E-06
 2386   -1.118383E-06
 2387   -1.117447E-06
 2388   -1.116511E-06
 2389   -1.115577E-06
 2390   -1.114644E-06
 2391   -1.069662E-06
 2392   -1.068768E-06
 2393   -1.067875E-06
 2394   -1.066983E-06
 2395   -1.066093E-06
 2396   -1.065203E-06
 2397   -1.064315E-06
 2398   -1.063427E-06
 2399   -1.062541E-06
 2400   -1.061656E-06
 2401   -8.935976E-07
 2402   -8.928539E-07
 2403   -8.921111E-07
 2404   -8.913692E-07
 2405   -8.906282E-07
 2406   -8.898882E-07
 2407   -8.891491E-07
 2408   -8.884109E-07
 2409   -8.876736E-07
 2410   -8.869373E-07
 2411   -8.317807E-07
 2412   -8.310912E-07
 2413   -8.304027E-07
 2414   -8.297150E-07
 2415   -8.290281E-07
 2416   -8.283421E-07
 2417   -8.276570E-07
 2418   -8.269727E-07
 2419   -8.262892E-07
 2420   -8.256066E-07
 2421   -7.988123E-07
 2422   -7.981529E-07
 2423   -7.974944E-07
 2424   -7.968366E-07
 2425   -7.961797E-07
 2426   -7.955236E-07
 2427   -7.948683E-07
 2428   -7.942138E-07
 2429   -7.935602E-07
 2430   -7.929073E-07
 2431   -7.807348E-07
 2432   -7.800931E-07
 2433   -7.794521E-07
 2434   -7.788118E-07
 2435   -7.781724E-07
 2436   -7.775338E-07
 2437   -7.768960E-07
 2438   -7.762589E-07
 2439   -7.756226E-07
 2440   -7.749871E-07
 2441   -7.183376E-07
 2442   -7.177495E-07
 2443   -7.171622E-07
 2444   -7.165756E-07
 2445   -7.159896E-07
 2446   -7.154044E-07
 2447   -7.148200E-07
 2448   -7.142362E-07
 2449   -7.136531E-07
 2450   -7.130708E-07
 2451   -5.653263E-07
 2452   -5.648653E-07
 2453   -5.644050E-07
 2454   -5.639452E-07
 2455   -5.634859E-07
 2456   -5.630273E-07
 2457   -5.625691E-07
 2458   -5.621116E-07
 2459   -5.616546E-07
 2460   -5.611981E-07
 2461   -5.092369E-07
 2462   -5.088234E-07
 2463   -5.084104E-07
 2464   -5.079979E-07
 2465   -5.075859E-07
 2466   -5.071744E-07
 2467   -5.067634E-07
 2468   -5.063529E-07
 2469   -5.059429E-07
 2470   -5.055333E-07
 2471   -4.794585E-07
 2472   -4.790707E-07
 2473   -4.786835E-07
 2474   -4.782966E-07
 2475   -4.779103E-07
 2476   -4.775244E-07
 2477   -4.771390E-07
 2478   -4.767541E-07
 2479   -4.763696E-07
 2480   -4.759856E-07
 2481   -4.669245E-07
 2482   -4.665484E-07
 2483   -4.661727E-07
 2484   -4.657975E-07
 2485   -4.654228E-07
 2486   -4.650485E-07
 2487   -4.646747E-07
 2488   -4.643013E-07
 2489   -4.639284E-07
 2490   -4.635559E-07
 2491   -4.275929E-07
 2492   -4.272499E-07
 2493   -4.269073E-07
 2494   -4.265650E-07
 2495   -4.262233E-07
 2496   -4.258819E-07
 2497   -4.255409E-07
 2498   -4.252003E-07
 2499   -4.248602E-07
 2500   -4.245204E-07
 2501   -3.476383E-07
 2502   -3.473605E-07
 2503   -3.470831E-07
 2504   -3.468060E-07
 2505   -3.465292E-07
 2506   -3.462527E-07
 2507   -3.459766E-07
 2508   -3.457008E-07
 2509   -3.454254E-07
 2510   -3.451502E-07
 2511   -3.170208E-07
 2512   -3.167685E-07
 2513   -3.165165E-07
 2514   -3.162648E-07
 2515   -3.160134E-07
 2516   -3.157623E-07
 2517   -3.155115E-07
 2518   -3.152610E-07
 2519   -3.150108E-07
 2520   -3.147609E-07
 2521   -2.881477E-07
 2522   -2.879192E-07
 2523   -2.876911E-07
 2524   -2.874632E-07
 2525   -2.872356E-07
 2526   -2.870083E-07
 2527   -2.867812E-07
 2528   -2.865544E-07
 2529   -2.863279E-07
 2530   -2.861017E-07
 2531   -2.866405E-07
 2532   -2.864142E-07
 2533   -2.861882E-07
 2534   -2.859624E-07
 2535   -2.857369E-07
 2536   -2.855116E-07
 2537   -2.852866E-07
 2538   -2.850619E-07
 2539   -2.848374E-07
 2540   -2.846132E-07
 2541   -2.577477E-07
 2542   -2.575450E-07
 2543   -2.573426E-07
 2544   -2.571403E-07
 2545   -2.569383E-07
 2546   -2.567366E-07
 2547   -2.565350E-07
 2548   -2.563338E-07
 2549   -2.561327E-07
 2550   -2.559319E-07
 2551   -2.049910E-07
 2552   -2.048305E-07
 2553   -2.046701E-07
 2554   -2.045098E-07
 2555   -2.043498E-07
 2556   -2.041900E-07
 2557   -2.040303E-07
 2558   -2.038709E-07
 2559   -2.037116E-07
 2560   -2.035525E-07
 2561   -1.773392E-07
 2562   -1.772008E-07
 2563   -1.770626E-07
 2564   -1.769245E-07
 2565   -1.767866E-07
 2566   -1.766489E-07
 2567   -1.765113E-07
 2568   -1.763739E-07
 2569   -1.762366E-07
 2570   -1.760995E-07
 2571   -1.655788E-07
 2572   -1.654501E-07
 2573   -1.653216E-07
 2574   -1.651932E-07
 2575   -1.650649E-07
 2576   -1.649368E-07
 2577   -1.648089E-07
 2578   -1.646810E-07
 2579   -1.645534E-07
 2580   -1.644259E-07
 2581   -1.650550E-07
 2582   -1.649272E-07
 2583   -1.647996E-07
 2584   -1.646720E-07
 2585   -1.645447E-07
 2586   -1.644175E-07
 2587   -1.642904E-07
 2588   -1.641635E-07
 2589   -1.640367E-07
 2590   -1.639101E-07
 2591   -1.486789E-07
 2592   -1.485642E-07
 2593   -1.484497E-07
 2594   -1.483353E-07
 2595   -1.482210E-07
 2596   -1.481069E-07
 2597   -1.479928E-07
 2598   -1.478789E-07
 2599   -1.477652E-07
 2600   -1.476516E-07
 2601   -1.269221E-07
 2602   -1.268246E-07
 2603   -1.267272E-07
 2604   -1.266299E-07
 2605   -1.265327E-07
 2606   -1.264356E-07
 2607   -1.263387E-07
 2608   -1.262418E-07
 2609   -1.261451E-07
 2610   -1.260485E-07
 2611   -1.135222E-07
 2612   -1.134353E-07
 2613   -1.133485E-07
 2614   -1.132618E-07
 2615   -1.131752E-07
 2616   -1.130887E-07
 2617   -1.130024E-07
 2618   -1.129161E-07
 2619   -1.128299E-07
 2620   -1.127438E-07
 2621   -1.097044E-07
 2622   -1.096207E-07
 2623   -1.095372E-07
 2624   -1.094537E-07
 2625   -1.093703E-07
 2626   -1.092871E-07
 2627   -1.092039E-07
 2628   -1.091208E-07
 2629   -1.090378E-07
 2630   -1.089550E-07
 2631   -1.089210E-07
 2632   -1.088383E-07
 2633   -1.087556E-07
 2634   -1.086731E-07
 2635   -1.085906E-07
 2636   -1.085083E-07
 2637   -1.084260E-07
 2638   -1.083438E-07
 2639   -1.082617E-07
 2640   -1.081798E-07
 2641   -1.022788E-07
 2642   -1.022014E-07
 2643   -1.021241E-07
 2644   -1.020469E-07
 2645   -1.019698E-07
 2646   -1.018927E-07
 2647   -1.018158E-07
 2648   -1.017389E-07
 2649   -1.016621E-07
 2650   -1.015854E-07
 2651   -9.593899E-08
 2652   -9.586667E-08
 2653   -9.579443E-08
 2654   -9.572226E-08
 2655   -9.565018E-08
 2656   -9.557819E-08
 2657   -9.550627E-08
 2658   -9.543443E-08
 2659   -9.536268E-08
 2660   -9.529100E-08
 2661   -9.108445E-08
 2662   -9.101604E-08
 2663   -9.094771E-08
 2664   -9.087946E-08
 2665   -9.081128E-08
 2666   -9.074318E-08
 2667   -9.067516E-08
 2668   -9.060721E-08
 2669   -9.053934E-08
 2670   -9.047155E-08
 2671   -9.006705E-08
 2672   -8.999966E-08
 2673   -8.993235E-08
 2674   -8.986511E-08
 2675   -8.979794E-08
 2676   -8.973086E-08
 2677   -8.966384E-08
 2678   -8.959690E-08
 2679   -8.953004E-08
 2680   -8.946325E-08
 2681   -9.037136E-08
 2682   -9.030399E-08
 2683   -9.023670E-08
 2684   -9.016949E-08
 2685   -9.010235E-08
 2686   -9.003528E-08
 2687   -8.996829E-08
 2688   -8.990138E-08
 2689   -8.983454E-08
 2690   -8.976777E-08
 2691   -9.066269E-08
 2692   -9.059536E-08
 2693   -9.052810E-08
 2694   -9.046092E-08
 2695   -9.039381E-08
 2696   -9.032678E-08
 2697   -9.025982E-08
 2698   -9.019293E-08
 2699   -9.012612E-08
 2700   -9.005939E-08
 2701   -9.212562E-08
 2702   -9.205745E-08
 2703   -9.198936E-08
 2704   -9.192135E-08
 2705   -9.185341E-08
 2706   -9.178555E-08
 2707   -9.171776E-08
 2708   -9.165004E-08
 2709   -9.158241E-08
 2710   -9.151484E-08
 2711   -9.331957E-08
 2712   -9.325078E-08
 2713   -9.318206E-08
 2714   -9.311341E-08
 2715   -9.304485E-08
 2716   -9.297636E-08
 2717   -9.290794E-08
 2718   -9.283960E-08
 2719   -9.277134E-08
 2720   -9.270315E-08
 2721   -9.395817E-08
 2722   -9.388915E-08
 2723   -9.382022E-08
 2724   -9.375136E-08
 2725   -9.368258E-08
 2726   -9.361387E-08
 2727   -9.354524E-08
 2728   -9.347668E-08
 2729   -9.340820E-08
 2730   -9.333980E-08
 2731   -9.403897E-08
 2732   -9.397015E-08
 2733   -9.390141E-08
 2734   -9.383274E-08
 2735   -9.376415E-08
 2736   -9.369563E-08
 2737   -9.362719E-08
 2738   -9.355883E-08
 2739   -9.349054E-08
 2740   -9.342232E-08
 2741   -9.785276E-08
 2742   -9.778141E-08
 2743   -9.771015E-08
 2744   -9.763895E-08
 2745   -9.756784E-08
 2746   -9.749680E-08
 2747   -9.742585E-08
 2748   -9.735496E-08
 2749   -9.728416E-08
 2750   -9.721343E-08
 2751   -1.064411E-07
 2752   -1.063637E-07
 2753   -1.062865E-07
 2754   -1.062093E-07
 2755   -1.061323E-07
 2756   -1.060553E-07
 2757   -1.059784E-07
 2758   -1.059015E-07
 2759   -1.058248E-07
 2760   -1.057481E-07
 2761   -1.081337E-07
 2762   -1.080554E-07
 2763   -1.079772E-07
 2764   -1.078991E-07
 2765   -1.078211E-07
 2766   -1.077432E-07
 2767   -1.076653E-07
 2768   -1.075876E-07
 2769   -1.075099E-07
 2770   -1.074323E-07
 2771   -1.126282E-07
 2772   -1.125470E-07
 2773   -1.124658E-07
 2774   -1.123848E-07
 2775   -1.123038E-07
 2776   -1.122229E-07
 2777   -1.121421E-07
 2778   -1.120614E-07
 2779   -1.119808E-07
 2780   -1.119003E-07
 2781   -1.109555E-07
 2782   -1.108758E-07
 2783   -1.107962E-07
 2784   -1.107166E-07
 2785   -1.106371E-07
 2786   -1.105577E-07
 2787   -1.104784E-07
 2788   -1.103992E-07
 2789   -1.103200E-07
 2790   -1.102410E-07
 2791   -1.167646E-07
 2792   -1.166810E-07
 2793   -1.165975E-07
 2794   -1.165141E-07
 2795   -1.164307E-07
 2796   -1.163475E-07
 2797   -1.162643E-07
 2798   -1.161812E-07
 2799   -1.160982E-07
 2800   -1.160153E-07
 2801   -1.268735E-07
 2802   -1.267830E-07
 2803   -1.266926E-07
 2804   -1.266022E-07
 2805   -1.265120E-07
 2806   -1.264218E-07
 2807   -1.263318E-07
 2808   -1.262418E-07
 2809   -1.261520E-07
 2810   -1.260622E-07
 2811   -1.286147E-07
 2812   -1.285232E-07
 2813   -1.284319E-07
 2814   -1.283406E-07
 2815   -1.282495E-07
 2816   -1.281584E-07
 2817   -1.280675E-07
 2818   -1.279766E-07
 2819   -1.278859E-07
 2820   -1.277952E-07
 2821   -1.344913E-07
 2822   -1.343960E-07
 2823   -1.343009E-07
 2824   -1.342058E-07
 2825   -1.341108E-07
 2826   -1.340159E-07
 2827   -1.339211E-07
 2828   -1.338265E-07
 2829   -1.337319E-07
 2830   -1.336374E-07
 2831   -1.311265E-07
 2832   -1.310340E-07
 2833   -1.309415E-07
 2834   -1.308491E-07
 2835   -1.307568E-07
 2836   -1.306647E-07
 2837   -1.305726E-07
 2838   -1.304806E-07
 2839   -1.303887E-07
 2840   -1.302969E-07
 2841   -1.374645E-07
 2842   -1.373678E-07
 2843   -1.372712E-07
 2844   -1.371747E-07
 2845   -1.370783E-07
 2846   -1.369820E-07
 2847   -1.368858E-07
 2848   -1.367897E-07
 2849   -1.366937E-07
 2850   -1.365978E-07
 2851   -1.459489E-07
 2852   -1.458466E-07
 2853   -1.457444E-07
 2854   -1.456423E-07
 2855   -1.455403E-07
 2856   -1.454384E-07
 2857   -1.453367E-07
 2858   -1.452350E-07
 2859   -1.451334E-07
 2860   -1.450320E-07
 2861   -1.460866E-07
 2862   -1.459845E-07
 2863   -1.458826E-07
 2864   -1.457807E-07
 2865   -1.456790E-07
 2866   -1.455774E-07
 2867   -1.454759E-07
 2868   -1.453745E-07
 2869   -1.452732E-07
 2870   -1.451720E-07
 2871   -1.530030E-07
 2872   -1.528965E-07
 2873   -1.527901E-07
 2874   -1.526838E-07
 2875   -1.525776E-07
 2876   -1.524716E-07
 2877   -1.523656E-07
 2878   -1.522598E-07
 2879   -1.521540E-07
 2880   -1.520484E-07
 2881   -1.499020E-07
 2882   -1.497980E-07
 2883   -1.496941E-07
 2884   -1.495903E-07
 2885   -1.494867E-07
 2886   -1.493831E-07
 2887   -1.492797E-07
 2888   -1.491763E-07
 2889   -1.490731E-07
 2890   -1.489699E-07
 2891   -1.549363E-07
 2892   -1.548291E-07
 2893   -1.547221E-07
 2894   -1.546153E-07
 2895   -1.545085E-07
 2896   -1.544018E-07
 2897   -1.542952E-07
 2898   -1.541888E-07
 2899   -1.540825E-07
 2900   -1.539762E-07
 2901   -1.591343E-07
 2902   -1.590247E-07
 2903   -1.589152E-07
 2904   -1.588058E-07
 2905   -1.586965E-07
 2906   -1.585873E-07
 2907   -1.584782E-07
 2908   -1.583693E-07
 2909   -1.582604E-07
 2910   -1.581517E-07
 2911   -1.585750E-07
 2912   -1.584662E-07
 2913   -1.583574E-07
 2914   -1.582487E-07
 2915   -1.581402E-07
 2916   -1.580318E-07
 2917   -1.579235E-07
 2918   -1.578153E-07
 2919   -1.577072E-07
 2920   -1.575992E-07
 2921   -1.659933E-07
 2922   -1.658798E-07
 2923   -1.657663E-07
 2924   -1.656530E-07
 2925   -1.655397E-07
 2926   -1.654266E-07
 2927   -1.653136E-07
 2928   -1.652007E-07
 2929   -1.650880E-07
 2930   -1.649753E-07
 2931   -1.597815E-07
 2932   -1.596725E-07
 2933   -1.595637E-07
 2934   -1.594550E-07
 2935   -1.593463E-07
 2936   -1.592378E-07
 2937   -1.591294E-07
 2938   -1.590211E-07
 2939   -1.589130E-07
 2940   -1.588049E-07
 2941   -1.643912E-07
 2942   -1.642795E-07
 2943   -1.641679E-07
 2944   -1.640564E-07
 2945   -1.639450E-07
 2946   -1.638338E-07
 2947   -1.637226E-07
 2948   -1.636116E-07
 2949   -1.635006E-07
 2950   -1.633898E-07
 2951   -1.627605E-07
 2952   -1.626502E-07
 2953   -1.625401E-07
 2954   -1.624301E-07
 2955   -1.623202E-07
 2956   -1.622104E-07
 2957   -1.621007E-07
 2958   -1.619912E-07
 2959   -1.618817E-07
 2960   -1.617724E-07
 2961   -1.623673E-07
 2962   -1.622577E-07
 2963   -1.621482E-07
 2964   -1.620388E-07
 2965   -1.619296E-07
 2966   -1.618204E-07
 2967   -1.617114E-07
 2968   -1.616025E-07
 2969   -1.614936E-07
 2970   -1.613849E-07
 2971   -1.660535E-07
 2972   -1.659418E-07
 2973   -1.658302E-07
 2974   -1.657187E-07
 2975   -1.656073E-07
 2976   -1.654961E-07
 2977   -1.653849E-07
 2978   -1.652739E-07
 2979   -1.651630E-07
 2980   -1.650522E-07
 2981   -1.616681E-07
 2982   -1.615597E-07
 2983   -1.614514E-07
 2984   -1.613432E-07
 2985   -1.612352E-07
 2986   -1.611272E-07
 2987   -1.610194E-07
 2988   -1.609116E-07
 2989   -1.608040E-07
 2990   -1.606965E-07
 2991   -1.651209E-07
 2992   -1.650105E-07
 2993   -1.649003E-07
 2994   -1.647902E-07
 2995   -1.646802E-07
 2996   -1.645703E-07
 2997   -1.644605E-07
 2998   -1.643508E-07
 2999   -1.642412E-07
 3000   -1.641318E-07
 3001   -1.627326E-07
 3002   -1.626242E-07
 3003   -1.625159E-07
 3004   -1.624078E-07
 3005   -1.622997E-07
 3006   -1.621918E-07
 3007   -1.620839E-07
 3008   -1.619762E-07
 3009   -1.618686E-07
 3010   -1.617610E-07
 3011   -1.607175E-07
 3012   -1.606109E-07
 3013   -1.605043E-07
 3014   -1.603978E-07
 3015   -1.602915E-07
 3016   -1.601852E-07
 3017   -1.600790E-07
 3018   -1.599730E-07
 3019   -1.598671E-07
 3020   -1.597612E-07
 3021   -1.648257E-07
 3022   -1.647167E-07
 3023   -1.646077E-07
 3024   -1.644989E-07
 3025   -1.643902E-07
 3026   -1.642816E-07
 3027   -1.641731E-07
 3028   -1.640647E-07
 3029   -1.639564E-07
 3030   -1.638482E-07
 3031   -1.601506E-07
 3032   -1.600450E-07
 3033   -1.599395E-07
 3034   -1.598341E-07
 3035   -1.597288E-07
 3036   -1.596236E-07
 3037   -1.595185E-07
 3038   -1.594135E-07
 3039   -1.593086E-07
 3040   -1.592039E-07
 3041   -1.649160E-07
 3042   -1.648076E-07
 3043   -1.646993E-07
 3044   -1.645911E-07
 3045   -1.644831E-07
 3046   -1.643751E-07
 3047   -1.642672E-07
 3048   -1.641595E-07
 3049   -1.640518E-07
 3050   -1.639443E-07
 3051   -1.666055E-07
 3052   -1.664964E-07
 3053   -1.663873E-07
 3054   -1.662784E-07
 3055   -1.661696E-07
 3056   -1.660609E-07
 3057   -1.659523E-07
 3058   -1.658438E-07
 3059   -1.657354E-07
 3060   -1.656271E-07
 3061   -1.664116E-07
 3062   -1.663030E-07
 3063   -1.661944E-07
 3064   -1.660860E-07
 3065   -1.659776E-07
 3066   -1.658694E-07
 3067   -1.657613E-07
 3068   -1.656532E-07
 3069   -1.655453E-07
 3070   -1.654375E-07
 3071   -1.660522E-07
 3072   -1.659442E-07
 3073   -1.658362E-07
 3074   -1.657283E-07
 3075   -1.656206E-07
 3076   -1.655129E-07
 3077   -1.654054E-07
 3078   -1.652979E-07
 3079   -1.651906E-07
 3080   -1.650834E-07
 3081   -1.502997E-07
 3082   -1.502022E-07
 3083   -1.501048E-07
 3084   -1.500075E-07
 3085   -1.499103E-07
 3086   -1.498132E-07
 3087   -1.497161E-07
 3088   -1.496192E-07
 3089   -1.495224E-07
 3090   -1.494256E-07
 3091   -1.170426E-07
 3092   -1.169669E-07
 3093   -1.168913E-07
 3094   -1.168158E-07
 3095   -1.167403E-07
 3096   -1.166649E-07
 3097   -1.165896E-07
 3098   -1.165144E-07
 3099   -1.164392E-07
 3100   -1.163641E-07
 3101   -5.105689E-08
 3102   -5.102398E-08
 3103   -5.099111E-08
 3104   -5.095826E-08
 3105   -5.092545E-08
 3106   -5.089267E-08
 3107   -5.085992E-08
 3108   -5.082720E-08
 3109   -5.079452E-08
 3110   -5.076186E-08
 3111   -1.407825E-08
 3112   -1.406921E-08
 3113   -1.406017E-08
 3114   -1.405114E-08
 3115   -1.404212E-08
 3116   -1.403311E-08
 3117   -1.402411E-08
 3118   -1.401512E-08
 3119   -1.400614E-08
 3120   -1.399716E-08
 3121   -2.609648E-09
 3122   -2.607977E-09
 3123   -2.606307E-09
 3124   -2.604639E-09
 3125   -2.602972E-09
 3126   -2.601308E-09
 3127   -2.599644E-09
 3128   -2.597983E-09
 3129   -2.596323E-09
 3130   -2.594664E-09
 3131   -7.958147E-11
 3132   -7.953067E-11
 3133   -7.947991E-11
 3134   -7.942921E-11
 3135   -7.937855E-11
 3136   -7.932794E-11
 3137   -7.927739E-11
 3138   -7.922687E-11
 3139   -7.917641E-11
 3140   -7.912600E-11
 3141    1.510211E-09
 3142    1.509250E-09
 3143    1.508290E-09
 3144    1.507331E-09
 3145    1.506373E-09
 3146    1.505415E-09
 3147    1.504459E-09
 3148    1.503503E-09
 3149    1.502549E-09
 3150    1.501595E-09
 3151    2.863422E-09
 3152    2.861605E-09
 3153    2.859791E-09
 3154    2.857978E-09
 3155    2.856167E-09
 3156    2.854357E-09
 3157    2.852550E-09
 3158    2.850744E-09
 3159    2.848940E-09
 3160    2.847137E-09
 3161    3.375313E-09
 3162    3.373178E-09
 3163    3.371046E-09
 3164    3.368916E-09
 3165    3.366788E-09
 3166    3.364662E-09
 3167    3.362538E-09
 3168    3.360415E-09
 3169    3.358295E-09
 3170    3.356177E-09
 3171    3.590256E-09
 3172    3.587993E-09
 3173    3.585732E-09
 3174    3.583473E-09
 3175    3.581217E-09
 3176    3.578962E-09
 3177    3.576710E-09
 3178    3.574460E-09
 3179    3.572211E-09
 3180    3.569965E-09
 3181    3.831375E-09
 3182    3.828968E-09
 3183    3.826563E-09
 3184    3.824160E-09
 3185    3.821759E-09
 3186    3.819361E-09
 3187    3.816965E-09
 3188    3.814571E-09
 3189    3.812179E-09
 3190    3.809790E-09
 3191    3.974953E-09
 3192    3.972463E-09
 3193    3.969976E-09
 3194    3.967491E-09
 3195    3.965008E-09
 3196    3.962527E-09
 3197    3.960049E-09
 3198    3.957574E-09
 3199    3.955100E-09
 3200    3.952629E-09
 3201    3.881999E-09
 3202    3.879575E-09
 3203    3.877154E-09
 3204    3.874734E-09
 3205    3.872317E-09
 3206    3.869902E-09
 3207    3.867489E-09
 3208    3.865079E-09
 3209    3.862671E-09
 3210    3.860265E-09
 3211    3.883615E-09
 3212    3.881197E-09
 3213    3.878782E-09
 3214    3.876369E-09
 3215    3.873958E-09
 3216    3.871550E-09
 3217    3.869144E-09
 3218    3.866740E-09
 3219    3.864338E-09
 3220    3.861939E-09
 3221    3.836068E-09
 3222    3.833688E-09
 3223    3.831310E-09
 3224    3.828934E-09
 3225    3.826560E-09
 3226    3.824188E-09
 3227    3.821819E-09
 3228    3.819452E-09
 3229    3.817087E-09
 3230    3.814724E-09
 3231    3.682656E-09
 3232    3.680378E-09
 3233    3.678102E-09
 3234    3.675828E-09
 3235    3.673556E-09
 3236    3.671286E-09
 3237    3.669018E-09
 3238    3.666753E-09
 3239    3.664490E-09
 3240    3.662228E-09
 3241    3.516704E-09
 3242    3.514535E-09
 3243    3.512368E-09
 3244    3.510204E-09
 3245    3.508041E-09
 3246    3.505880E-09
 3247    3.503721E-09
 3248    3.501564E-09
 3249    3.499410E-09
 3250    3.497257E-09
 3251    3.385242E-09
 3252    3.383161E-09
 3253    3.381082E-09
 3254    3.379004E-09
 3255    3.376929E-09
 3256    3.374855E-09
 3257    3.372783E-09
 3258    3.370713E-09
 3259    3.368645E-09
 3260    3.366579E-09
 3261    3.302896E-09
 3262    3.300872E-09
 3263    3.298849E-09
 3264    3.296829E-09
 3265    3.294810E-09
 3266    3.292793E-09
 3267    3.290778E-09
 3268    3.288764E-09
 3269    3.286753E-09
 3270    3.284743E-09
 3271    3.068976E-09
 3272    3.067100E-09
 3273    3.065227E-09
 3274    3.063355E-09
 3275    3.061485E-09
 3276    3.059616E-09
 3277    3.057750E-09
 3278    3.055885E-09
 3279    3.054021E-09
 3280    3.052160E-09
 3281    3.018089E-09
 3282    3.016250E-09
 3283    3.014413E-09
 3284    3.012578E-09
 3285    3.010745E-09
 3286    3.008913E-09
 3287    3.007082E-09
 3288    3.005254E-09
 3289    3.003427E-09
 3290    3.001602E-09
 3291    2.790874E-09
 3292    2.789178E-09
 3293    2.787485E-09
 3294    2.785793E-09
 3295    2.784103E-09
 3296    2.782414E-09
 3297    2.780726E-09
 3298    2.779041E-09
 3299    2.777356E-09
 3300    2.775674E-09
