   50    0.000000E+00
   51    0.000000E+00
   52    0.000000E+00
   53    0.000000E+00
   54    0.000000E+00
   55    0.000000E+00
   56    0.000000E+00
   57    0.000000E+00
   58    0.000000E+00
   59    0.000000E+00
   60    0.000000E+00
   61    0.000000E+00
   62    0.000000E+00
   63    0.000000E+00
   64    0.000000E+00
   65    0.000000E+00
   66    0.000000E+00
   67    0.000000E+00
   68    0.000000E+00
   69    0.000000E+00
   70    0.000000E+00
   71    0.000000E+00
   72    0.000000E+00
   73    0.000000E+00
   74    0.000000E+00
   75    0.000000E+00
   76    0.000000E+00
   77    0.000000E+00
   78    0.000000E+00
   79    0.000000E+00
   80    0.000000E+00
   81    0.000000E+00
   82    0.000000E+00
   83    0.000000E+00
   84    0.000000E+00
   85    0.000000E+00
   86    0.000000E+00
   87    0.000000E+00
   88    0.000000E+00
   89    0.000000E+00
   90    0.000000E+00
   91    0.000000E+00
   92    0.000000E+00
   93    0.000000E+00
   94    0.000000E+00
   95    0.000000E+00
   96    0.000000E+00
   97    0.000000E+00
   98    0.000000E+00
   99    0.000000E+00
  100    0.000000E+00
  101    0.000000E+00
  102    0.000000E+00
  103    0.000000E+00
  104    0.000000E+00
  105    0.000000E+00
  106    0.000000E+00
  107    0.000000E+00
  108    0.000000E+00
  109    0.000000E+00
  110    0.000000E+00
  111    0.000000E+00
  112    0.000000E+00
  113    0.000000E+00
  114    0.000000E+00
  115    0.000000E+00
  116    0.000000E+00
  117    0.000000E+00
  118    0.000000E+00
  119    0.000000E+00
  120    0.000000E+00
  121    0.000000E+00
  122    0.000000E+00
  123    0.000000E+00
  124    0.000000E+00
  125    0.000000E+00
  126    0.000000E+00
  127    0.000000E+00
  128    0.000000E+00
  129    0.000000E+00
  130    0.000000E+00
  131    0.000000E+00
  132    0.000000E+00
  133    0.000000E+00
  134    0.000000E+00
  135    0.000000E+00
  136    0.000000E+00
  137    0.000000E+00
  138    0.000000E+00
  139    0.000000E+00
  140    0.000000E+00
  141    0.000000E+00
  142    0.000000E+00
  143    0.000000E+00
  144    0.000000E+00
  145    0.000000E+00
  146    0.000000E+00
  147    0.000000E+00
  148    0.000000E+00
  149    0.000000E+00
  150    0.000000E+00
  151    0.000000E+00
  152    0.000000E+00
  153    0.000000E+00
  154    0.000000E+00
  155    0.000000E+00
  156    0.000000E+00
  157    0.000000E+00
  158    0.000000E+00
  159    0.000000E+00
  160    0.000000E+00
  161    0.000000E+00
  162    0.000000E+00
  163    0.000000E+00
  164    0.000000E+00
  165    0.000000E+00
  166    0.000000E+00
  167    0.000000E+00
  168    0.000000E+00
  169    0.000000E+00
  170    0.000000E+00
  171    0.000000E+00
  172    0.000000E+00
  173    0.000000E+00
  174    0.000000E+00
  175    0.000000E+00
  176    0.000000E+00
  177    0.000000E+00
  178    0.000000E+00
  179    0.000000E+00
  180    0.000000E+00
  181    2.215775E-13
  182    2.191559E-13
  183    2.167737E-13
  184    2.144302E-13
  185    2.121245E-13
  186    2.098558E-13
  187    2.076233E-13
  188    2.054262E-13
  189    2.032639E-13
  190    2.011354E-13
  191    4.138180E-13
  192    4.095297E-13
  193    4.053077E-13
  194    4.011507E-13
  195    3.970574E-13
  196    3.930263E-13
  197    3.890564E-13
  198    3.851463E-13
  199    3.812948E-13
  200    3.775008E-13
  201    9.076838E-12
  202    8.987411E-12
  203    8.899299E-12
  204    8.812477E-12
  205    8.726919E-12
  206    8.642601E-12
  207    8.559499E-12
  208    8.477590E-12
  209    8.396851E-12
  210    8.317260E-12
  211    1.197853E-11
  212    1.186606E-11
  213    1.175516E-11
  214    1.164581E-11
  215    1.153798E-11
  216    1.143164E-11
  217    1.132676E-11
  218    1.122332E-11
  219    1.112129E-11
  220    1.102064E-11
  221    2.071165E-11
  222    2.052590E-11
  223    2.034263E-11
  224    2.016181E-11
  225    1.998338E-11
  226    1.980732E-11
  227    1.963357E-11
  228    1.946210E-11
  229    1.929286E-11
  230    1.912582E-11
  231    4.574283E-11
  232    4.535019E-11
  233    4.496258E-11
  234    4.457992E-11
  235    4.420212E-11
  236    4.382911E-11
  237    4.346080E-11
  238    4.309711E-11
  239    4.273796E-11
  240    4.238329E-11
  241    3.964309E-11
  242    3.931681E-11
  243    3.899454E-11
  244    3.867622E-11
  245    3.836178E-11
  246    3.805115E-11
  247    3.774429E-11
  248    3.744112E-11
  249    3.714159E-11
  250    3.684564E-11
  251    8.512702E-11
  252    8.445408E-11
  253    8.378908E-11
  254    8.313191E-11
  255    8.248245E-11
  256    8.184056E-11
  257    8.120614E-11
  258    8.057906E-11
  259    7.995922E-11
  260    7.934651E-11
  261    8.570353E-11
  262    8.505179E-11
  263    8.440746E-11
  264    8.377042E-11
  265    8.314057E-11
  266    8.251779E-11
  267    8.190199E-11
  268    8.129305E-11
  269    8.069088E-11
  270    8.009537E-11
  271    1.123541E-10
  272    1.115310E-10
  273    1.107169E-10
  274    1.099117E-10
  275    1.091152E-10
  276    1.083274E-10
  277    1.075480E-10
  278    1.067771E-10
  279    1.060144E-10
  280    1.052599E-10
  281    1.273625E-10
  282    1.264624E-10
  283    1.255718E-10
  284    1.246906E-10
  285    1.238186E-10
  286    1.229558E-10
  287    1.221019E-10
  288    1.212569E-10
  289    1.204207E-10
  290    1.195930E-10
  291    1.547776E-10
  292    1.537211E-10
  293    1.526754E-10
  294    1.516403E-10
  295    1.506157E-10
  296    1.496014E-10
  297    1.485974E-10
  298    1.476034E-10
  299    1.466194E-10
  300    1.456452E-10
  301    1.855843E-10
  302    1.843593E-10
  303    1.831464E-10
  304    1.819454E-10
  305    1.807563E-10
  306    1.795787E-10
  307    1.784126E-10
  308    1.772578E-10
  309    1.761142E-10
  310    1.749817E-10
  311    2.051930E-10
  312    2.038819E-10
  313    2.025832E-10
  314    2.012970E-10
  315    2.000230E-10
  316    1.987610E-10
  317    1.975109E-10
  318    1.962726E-10
  319    1.950459E-10
  320    1.938307E-10
  321    2.373454E-10
  322    2.358758E-10
  323    2.344198E-10
  324    2.329772E-10
  325    2.315479E-10
  326    2.301317E-10
  327    2.287284E-10
  328    2.273380E-10
  329    2.259602E-10
  330    2.245949E-10
  331    2.744356E-10
  332    2.727873E-10
  333    2.711539E-10
  334    2.695351E-10
  335    2.679307E-10
  336    2.663406E-10
  337    2.647646E-10
  338    2.632026E-10
  339    2.616543E-10
  340    2.601197E-10
  341    3.063090E-10
  342    3.045230E-10
  343    3.027525E-10
  344    3.009974E-10
  345    2.992575E-10
  346    2.975327E-10
  347    2.958227E-10
  348    2.941275E-10
  349    2.924467E-10
  350    2.907804E-10
  351    3.249442E-10
  352    3.231031E-10
  353    3.212777E-10
  354    3.194677E-10
  355    3.176729E-10
  356    3.158932E-10
  357    3.141285E-10
  358    3.123785E-10
  359    3.106430E-10
  360    3.089220E-10
  361    3.999684E-10
  362    3.977647E-10
  363    3.955792E-10
  364    3.934116E-10
  365    3.912618E-10
  366    3.891296E-10
  367    3.870148E-10
  368    3.849171E-10
  369    3.828365E-10
  370    3.807727E-10
  371    4.038455E-10
  372    4.016801E-10
  373    3.995321E-10
  374    3.974012E-10
  375    3.952874E-10
  376    3.931904E-10
  377    3.911100E-10
  378    3.890461E-10
  379    3.869985E-10
  380    3.849670E-10
  381    4.708304E-10
  382    4.683717E-10
  383    4.659323E-10
  384    4.635118E-10
  385    4.611102E-10
  386    4.587272E-10
  387    4.563627E-10
  388    4.540163E-10
  389    4.516880E-10
  390    4.493776E-10
  391    5.363579E-10
  392    5.336284E-10
  393    5.309196E-10
  394    5.282314E-10
  395    5.255636E-10
  396    5.229159E-10
  397    5.202882E-10
  398    5.176802E-10
  399    5.150918E-10
  400    5.125228E-10
  401    5.306621E-10
  402    5.280286E-10
  403    5.254146E-10
  404    5.228199E-10
  405    5.202445E-10
  406    5.176880E-10
  407    5.151503E-10
  408    5.126312E-10
  409    5.101306E-10
  410    5.076482E-10
  411    6.787620E-10
  412    6.754750E-10
  413    6.722118E-10
  414    6.689722E-10
  415    6.657560E-10
  416    6.625629E-10
  417    6.593928E-10
  418    6.562453E-10
  419    6.531204E-10
  420    6.500176E-10
  421    6.633574E-10
  422    6.602209E-10
  423    6.571067E-10
  424    6.540144E-10
  425    6.509439E-10
  426    6.478950E-10
  427    6.448674E-10
  428    6.418611E-10
  429    6.388757E-10
  430    6.359111E-10
  431    8.356314E-10
  432    8.317717E-10
  433    8.279387E-10
  434    8.241320E-10
  435    8.203516E-10
  436    8.165971E-10
  437    8.128684E-10
  438    8.091651E-10
  439    8.054871E-10
  440    8.018341E-10
  441    8.941695E-10
  442    8.901326E-10
  443    8.861230E-10
  444    8.821404E-10
  445    8.781847E-10
  446    8.742554E-10
  447    8.703525E-10
  448    8.664756E-10
  449    8.626246E-10
  450    8.587992E-10
  451    9.485569E-10
  452    9.443690E-10
  453    9.402088E-10
  454    9.360760E-10
  455    9.319704E-10
  456    9.278917E-10
  457    9.238398E-10
  458    9.198144E-10
  459    9.158152E-10
  460    9.118420E-10
  461    1.121873E-09
  462    1.117027E-09
  463    1.112212E-09
  464    1.107429E-09
  465    1.102676E-09
  466    1.097953E-09
  467    1.093261E-09
  468    1.088599E-09
  469    1.083967E-09
  470    1.079364E-09
  471    1.130209E-09
  472    1.125430E-09
  473    1.120682E-09
  474    1.115963E-09
  475    1.111274E-09
  476    1.106615E-09
  477    1.101984E-09
  478    1.097383E-09
  479    1.092811E-09
  480    1.088267E-09
  481    1.429513E-09
  482    1.423593E-09
  483    1.417711E-09
  484    1.411865E-09
  485    1.406055E-09
  486    1.400280E-09
  487    1.394541E-09
  488    1.388838E-09
  489    1.383169E-09
  490    1.377535E-09
  491    1.418528E-09
  492    1.412774E-09
  493    1.407054E-09
  494    1.401369E-09
  495    1.395718E-09
  496    1.390102E-09
  497    1.384519E-09
  498    1.378970E-09
  499    1.373454E-09
  500    1.367971E-09
  501    1.621612E-09
  502    1.615164E-09
  503    1.608754E-09
  504    1.602383E-09
  505    1.596050E-09
  506    1.589754E-09
  507    1.583495E-09
  508    1.577273E-09
  509    1.571087E-09
  510    1.564938E-09
  511    1.890304E-09
  512    1.882935E-09
  513    1.875608E-09
  514    1.868324E-09
  515    1.861083E-09
  516    1.853883E-09
  517    1.846725E-09
  518    1.839609E-09
  519    1.832533E-09
  520    1.825499E-09
  521    1.967987E-09
  522    1.960461E-09
  523    1.952979E-09
  524    1.945539E-09
  525    1.938141E-09
  526    1.930786E-09
  527    1.923472E-09
  528    1.916200E-09
  529    1.908969E-09
  530    1.901779E-09
  531    2.394651E-09
  532    2.385665E-09
  533    2.376730E-09
  534    2.367845E-09
  535    2.359010E-09
  536    2.350224E-09
  537    2.341487E-09
  538    2.332799E-09
  539    2.324159E-09
  540    2.315567E-09
  541    2.424536E-09
  542    2.415606E-09
  543    2.406725E-09
  544    2.397893E-09
  545    2.389110E-09
  546    2.380375E-09
  547    2.371687E-09
  548    2.363047E-09
  549    2.354454E-09
  550    2.345908E-09
  551    2.928903E-09
  552    2.918310E-09
  553    2.907774E-09
  554    2.897296E-09
  555    2.886874E-09
  556    2.876508E-09
  557    2.866198E-09
  558    2.855943E-09
  559    2.845744E-09
  560    2.835598E-09
  561    3.182987E-09
  562    3.171680E-09
  563    3.160432E-09
  564    3.149245E-09
  565    3.138117E-09
  566    3.127048E-09
  567    3.116037E-09
  568    3.105084E-09
  569    3.094189E-09
  570    3.083352E-09
  571    3.419325E-09
  572    3.407390E-09
  573    3.395517E-09
  574    3.383707E-09
  575    3.371958E-09
  576    3.360270E-09
  577    3.348643E-09
  578    3.337076E-09
  579    3.325569E-09
  580    3.314121E-09
  581    3.912172E-09
  582    3.898752E-09
  583    3.885400E-09
  584    3.872116E-09
  585    3.858901E-09
  586    3.845753E-09
  587    3.832672E-09
  588    3.819658E-09
  589    3.806710E-09
  590    3.793828E-09
  591    4.286806E-09
  592    4.272348E-09
  593    4.257963E-09
  594    4.243651E-09
  595    4.229410E-09
  596    4.215242E-09
  597    4.201144E-09
  598    4.187117E-09
  599    4.173159E-09
  600    4.159272E-09
  601    4.865304E-09
  602    4.849167E-09
  603    4.833110E-09
  604    4.817133E-09
  605    4.801235E-09
  606    4.785415E-09
  607    4.769673E-09
  608    4.754010E-09
  609    4.738423E-09
  610    4.722912E-09
  611    5.129215E-09
  612    5.112481E-09
  613    5.095828E-09
  614    5.079256E-09
  615    5.062765E-09
  616    5.046354E-09
  617    5.030023E-09
  618    5.013770E-09
  619    4.997597E-09
  620    4.981502E-09
  621    5.993872E-09
  622    5.974630E-09
  623    5.955481E-09
  624    5.936423E-09
  625    5.917457E-09
  626    5.898582E-09
  627    5.879796E-09
  628    5.861101E-09
  629    5.842494E-09
  630    5.823976E-09
  631    6.382496E-09
  632    6.362331E-09
  633    6.342260E-09
  634    6.322284E-09
  635    6.302403E-09
  636    6.282615E-09
  637    6.262921E-09
  638    6.243318E-09
  639    6.223808E-09
  640    6.204389E-09
  641    6.991222E-09
  642    6.969476E-09
  643    6.947832E-09
  644    6.926288E-09
  645    6.904845E-09
  646    6.883500E-09
  647    6.862255E-09
  648    6.841108E-09
  649    6.820058E-09
  650    6.799106E-09
  651    7.899059E-09
  652    7.874866E-09
  653    7.850784E-09
  654    7.826812E-09
  655    7.802950E-09
  656    7.779197E-09
  657    7.755552E-09
  658    7.732014E-09
  659    7.708584E-09
  660    7.685260E-09
  661    8.311882E-09
  662    8.286809E-09
  663    8.261848E-09
  664    8.237001E-09
  665    8.212265E-09
  666    8.187640E-09
  667    8.163127E-09
  668    8.138723E-09
  669    8.114428E-09
  670    8.090242E-09
  671    9.593791E-09
  672    9.565280E-09
  673    9.536897E-09
  674    9.508639E-09
  675    9.480507E-09
  676    9.452500E-09
  677    9.424616E-09
  678    9.396856E-09
  679    9.369218E-09
  680    9.341702E-09
  681    1.010475E-08
  682    1.007516E-08
  683    1.004570E-08
  684    1.001637E-08
  685    9.987165E-09
  686    9.958090E-09
  687    9.929142E-09
  688    9.900320E-09
  689    9.871624E-09
  690    9.843052E-09
  691    1.109520E-08
  692    1.106318E-08
  693    1.103130E-08
  694    1.099955E-08
  695    1.096795E-08
  696    1.093647E-08
  697    1.090514E-08
  698    1.087394E-08
  699    1.084287E-08
  700    1.081193E-08
  701    1.202763E-08
  702    1.199341E-08
  703    1.195934E-08
  704    1.192541E-08
  705    1.189163E-08
  706    1.185799E-08
  707    1.182449E-08
  708    1.179113E-08
  709    1.175792E-08
  710    1.172485E-08
  711    1.288461E-08
  712    1.284847E-08
  713    1.281248E-08
  714    1.277664E-08
  715    1.274095E-08
  716    1.270541E-08
  717    1.267002E-08
  718    1.263478E-08
  719    1.259968E-08
  720    1.256473E-08
  721    1.437417E-08
  722    1.433440E-08
  723    1.429480E-08
  724    1.425537E-08
  725    1.421610E-08
  726    1.417699E-08
  727    1.413804E-08
  728    1.409926E-08
  729    1.406063E-08
  730    1.402216E-08
  731    1.507460E-08
  732    1.503347E-08
  733    1.499250E-08
  734    1.495171E-08
  735    1.491108E-08
  736    1.487061E-08
  737    1.483031E-08
  738    1.479018E-08
  739    1.475020E-08
  740    1.471039E-08
  741    1.707766E-08
  742    1.703169E-08
  743    1.698590E-08
  744    1.694030E-08
  745    1.689489E-08
  746    1.684965E-08
  747    1.680460E-08
  748    1.675973E-08
  749    1.671504E-08
  750    1.667052E-08
  751    1.791320E-08
  752    1.786562E-08
  753    1.781823E-08
  754    1.777103E-08
  755    1.772402E-08
  756    1.767719E-08
  757    1.763055E-08
  758    1.758409E-08
  759    1.753782E-08
  760    1.749173E-08
  761    1.958759E-08
  762    1.953625E-08
  763    1.948511E-08
  764    1.943416E-08
  765    1.938342E-08
  766    1.933288E-08
  767    1.928253E-08
  768    1.923238E-08
  769    1.918243E-08
  770    1.913267E-08
  771    2.178513E-08
  772    2.172877E-08
  773    2.167262E-08
  774    2.161669E-08
  775    2.156098E-08
  776    2.150548E-08
  777    2.145020E-08
  778    2.139512E-08
  779    2.134027E-08
  780    2.128562E-08
  781    2.262782E-08
  782    2.257003E-08
  783    2.251245E-08
  784    2.245509E-08
  785    2.239796E-08
  786    2.234104E-08
  787    2.228433E-08
  788    2.222785E-08
  789    2.217157E-08
  790    2.211551E-08
  791    2.550350E-08
  792    2.543918E-08
  793    2.537510E-08
  794    2.531127E-08
  795    2.524767E-08
  796    2.518431E-08
  797    2.512120E-08
  798    2.505831E-08
  799    2.499567E-08
  800    2.493326E-08
  801    2.635362E-08
  802    2.628798E-08
  803    2.622259E-08
  804    2.615744E-08
  805    2.609253E-08
  806    2.602787E-08
  807    2.596344E-08
  808    2.589925E-08
  809    2.583531E-08
  810    2.577159E-08
  811    2.816242E-08
  812    2.809314E-08
  813    2.802411E-08
  814    2.795534E-08
  815    2.788682E-08
  816    2.781856E-08
  817    2.775054E-08
  818    2.768278E-08
  819    2.761526E-08
  820    2.754798E-08
  821    3.080977E-08
  822    3.073490E-08
  823    3.066030E-08
  824    3.058597E-08
  825    3.051191E-08
  826    3.043813E-08
  827    3.036460E-08
  828    3.029135E-08
  829    3.021836E-08
  830    3.014563E-08
  831    3.152178E-08
  832    3.144610E-08
  833    3.137069E-08
  834    3.129555E-08
  835    3.122068E-08
  836    3.114608E-08
  837    3.107174E-08
  838    3.099768E-08
  839    3.092387E-08
  840    3.085033E-08
  841    3.615390E-08
  842    3.606812E-08
  843    3.598265E-08
  844    3.589749E-08
  845    3.581262E-08
  846    3.572806E-08
  847    3.564380E-08
  848    3.555983E-08
  849    3.547616E-08
  850    3.539278E-08
  851    3.599636E-08
  852    3.591196E-08
  853    3.582785E-08
  854    3.574405E-08
  855    3.566053E-08
  856    3.557731E-08
  857    3.549438E-08
  858    3.541174E-08
  859    3.532938E-08
  860    3.524732E-08
  861    3.947345E-08
  862    3.938197E-08
  863    3.929081E-08
  864    3.919996E-08
  865    3.910943E-08
  866    3.901921E-08
  867    3.892931E-08
  868    3.883971E-08
  869    3.875042E-08
  870    3.866144E-08
  871    4.316974E-08
  872    4.307084E-08
  873    4.297228E-08
  874    4.287406E-08
  875    4.277617E-08
  876    4.267862E-08
  877    4.258140E-08
  878    4.248452E-08
  879    4.238796E-08
  880    4.229173E-08
  881    4.344733E-08
  882    4.334892E-08
  883    4.325085E-08
  884    4.315311E-08
  885    4.305569E-08
  886    4.295861E-08
  887    4.286186E-08
  888    4.276543E-08
  889    4.266933E-08
  890    4.257355E-08
  891    5.014496E-08
  892    5.003265E-08
  893    4.992072E-08
  894    4.980917E-08
  895    4.969799E-08
  896    4.958718E-08
  897    4.947674E-08
  898    4.936667E-08
  899    4.925696E-08
  900    4.914763E-08
  901    4.980834E-08
  902    4.969803E-08
  903    4.958808E-08
  904    4.947849E-08
  905    4.936926E-08
  906    4.926040E-08
  907    4.915190E-08
  908    4.904375E-08
  909    4.893597E-08
  910    4.882853E-08
  911    5.392979E-08
  912    5.381165E-08
  913    5.369390E-08
  914    5.357654E-08
  915    5.345956E-08
  916    5.334296E-08
  917    5.322674E-08
  918    5.311091E-08
  919    5.299545E-08
  920    5.288037E-08
  921    5.806920E-08
  922    5.794337E-08
  923    5.781796E-08
  924    5.769294E-08
  925    5.756834E-08
  926    5.744413E-08
  927    5.732033E-08
  928    5.719693E-08
  929    5.707393E-08
  930    5.695132E-08
  931    5.812138E-08
  932    5.799679E-08
  933    5.787260E-08
  934    5.774880E-08
  935    5.762541E-08
  936    5.750241E-08
  937    5.737980E-08
  938    5.725759E-08
  939    5.713576E-08
  940    5.701433E-08
  941    6.700139E-08
  942    6.685929E-08
  943    6.671764E-08
  944    6.657644E-08
  945    6.643568E-08
  946    6.629538E-08
  947    6.615551E-08
  948    6.601609E-08
  949    6.587711E-08
  950    6.573857E-08
  951    6.616878E-08
  952    6.602991E-08
  953    6.589149E-08
  954    6.575349E-08
  955    6.561593E-08
  956    6.547881E-08
  957    6.534211E-08
  958    6.520584E-08
  959    6.506999E-08
  960    6.493457E-08
  961    7.281800E-08
  962    7.266677E-08
  963    7.251601E-08
  964    7.236572E-08
  965    7.221589E-08
  966    7.206653E-08
  967    7.191763E-08
  968    7.176920E-08
  969    7.162122E-08
  970    7.147370E-08
  971    7.440911E-08
  972    7.425616E-08
  973    7.410368E-08
  974    7.395168E-08
  975    7.380013E-08
  976    7.364906E-08
  977    7.349845E-08
  978    7.334830E-08
  979    7.319861E-08
  980    7.304938E-08
  981    7.530874E-08
  982    7.515552E-08
  983    7.500276E-08
  984    7.485047E-08
  985    7.469865E-08
  986    7.454728E-08
  987    7.439638E-08
  988    7.424593E-08
  989    7.409594E-08
  990    7.394640E-08
  991    8.429575E-08
  992    8.412597E-08
  993    8.395670E-08
  994    8.378795E-08
  995    8.361970E-08
  996    8.345196E-08
  997    8.328472E-08
  998    8.311798E-08
  999    8.295175E-08
 1000    8.278601E-08
 1001    7.950434E-08
 1002    7.934581E-08
 1003    7.918775E-08
 1004    7.903016E-08
 1005    7.887304E-08
 1006    7.871639E-08
 1007    7.856021E-08
 1008    7.840449E-08
 1009    7.824923E-08
 1010    7.809444E-08
 1011    9.045138E-08
 1012    9.027279E-08
 1013    9.009474E-08
 1014    8.991721E-08
 1015    8.974021E-08
 1016    8.956373E-08
 1017    8.938777E-08
 1018    8.921233E-08
 1019    8.903740E-08
 1020    8.886299E-08
 1021    9.216155E-08
 1022    9.198137E-08
 1023    9.180172E-08
 1024    9.162260E-08
 1025    9.144399E-08
 1026    9.126591E-08
 1027    9.108835E-08
 1028    9.091131E-08
 1029    9.073479E-08
 1030    9.055877E-08
 1031    9.422152E-08
 1032    9.403909E-08
 1033    9.385720E-08
 1034    9.367583E-08
 1035    9.349499E-08
 1036    9.331467E-08
 1037    9.313488E-08
 1038    9.295560E-08
 1039    9.277684E-08
 1040    9.259859E-08
 1041    1.004212E-07
 1042    1.002287E-07
 1043    1.000367E-07
 1044    9.984519E-08
 1045    9.965428E-08
 1046    9.946392E-08
 1047    9.927411E-08
 1048    9.908483E-08
 1049    9.889610E-08
 1050    9.870791E-08
 1051    9.736465E-08
 1052    9.717972E-08
 1053    9.699532E-08
 1054    9.681145E-08
 1055    9.662809E-08
 1056    9.644526E-08
 1057    9.626294E-08
 1058    9.608114E-08
 1059    9.589985E-08
 1060    9.571908E-08
 1061    1.095267E-07
 1062    1.093206E-07
 1063    1.091151E-07
 1064    1.089102E-07
 1065    1.087059E-07
 1066    1.085021E-07
 1067    1.082989E-07
 1068    1.080963E-07
 1069    1.078942E-07
 1070    1.076928E-07
 1071    1.094906E-07
 1072    1.092866E-07
 1073    1.090830E-07
 1074    1.088801E-07
 1075    1.086777E-07
 1076    1.084759E-07
 1077    1.082746E-07
 1078    1.080740E-07
 1079    1.078738E-07
 1080    1.076742E-07
 1081    1.144060E-07
 1082    1.141947E-07
 1083    1.139840E-07
 1084    1.137739E-07
 1085    1.135644E-07
 1086    1.133555E-07
 1087    1.131471E-07
 1088    1.129393E-07
 1089    1.127321E-07
 1090    1.125254E-07
 1091    1.177668E-07
 1092    1.175513E-07
 1093    1.173364E-07
 1094    1.171221E-07
 1095    1.169083E-07
 1096    1.166952E-07
 1097    1.164826E-07
 1098    1.162707E-07
 1099    1.160593E-07
 1100    1.158484E-07
 1101    1.193205E-07
 1102    1.191041E-07
 1103    1.188884E-07
 1104    1.186732E-07
 1105    1.184586E-07
 1106    1.182446E-07
 1107    1.180311E-07
 1108    1.178183E-07
 1109    1.176060E-07
 1110    1.173943E-07
 1111    1.234114E-07
 1112    1.231896E-07
 1113    1.229684E-07
 1114    1.227479E-07
 1115    1.225279E-07
 1116    1.223085E-07
 1117    1.220897E-07
 1118    1.218715E-07
 1119    1.216538E-07
 1120    1.214368E-07
 1121    1.259806E-07
 1122    1.257563E-07
 1123    1.255325E-07
 1124    1.253093E-07
 1125    1.250867E-07
 1126    1.248648E-07
 1127    1.246434E-07
 1128    1.244226E-07
 1129    1.242024E-07
 1130    1.239827E-07
 1131    1.293614E-07
 1132    1.291330E-07
 1133    1.289053E-07
 1134    1.286781E-07
 1135    1.284516E-07
 1136    1.282256E-07
 1137    1.280003E-07
 1138    1.277755E-07
 1139    1.275514E-07
 1140    1.273278E-07
 1141    1.346283E-07
 1142    1.343927E-07
 1143    1.341578E-07
 1144    1.339234E-07
 1145    1.336897E-07
 1146    1.334566E-07
 1147    1.332241E-07
 1148    1.329922E-07
 1149    1.327609E-07
 1150    1.325302E-07
 1151    1.375041E-07
 1152    1.372656E-07
 1153    1.370277E-07
 1154    1.367904E-07
 1155    1.365538E-07
 1156    1.363177E-07
 1157    1.360823E-07
 1158    1.358475E-07
 1159    1.356133E-07
 1160    1.353796E-07
 1161    1.399037E-07
 1162    1.396631E-07
 1163    1.394231E-07
 1164    1.391838E-07
 1165    1.389450E-07
 1166    1.387069E-07
 1167    1.384694E-07
 1168    1.382325E-07
 1169    1.379962E-07
 1170    1.377605E-07
 1171    1.409438E-07
 1172    1.407035E-07
 1173    1.404638E-07
 1174    1.402247E-07
 1175    1.399863E-07
 1176    1.397484E-07
 1177    1.395111E-07
 1178    1.392745E-07
 1179    1.390384E-07
 1180    1.388029E-07
 1181    1.495447E-07
 1182    1.492919E-07
 1183    1.490397E-07
 1184    1.487881E-07
 1185    1.485372E-07
 1186    1.482870E-07
 1187    1.480373E-07
 1188    1.477883E-07
 1189    1.475399E-07
 1190    1.472922E-07
 1191    1.496378E-07
 1192    1.493870E-07
 1193    1.491367E-07
 1194    1.488871E-07
 1195    1.486382E-07
 1196    1.483898E-07
 1197    1.481421E-07
 1198    1.478950E-07
 1199    1.476485E-07
 1200    1.474026E-07
 1201    1.544070E-07
 1202    1.541503E-07
 1203    1.538942E-07
 1204    1.536388E-07
 1205    1.533840E-07
 1206    1.531298E-07
 1207    1.528763E-07
 1208    1.526234E-07
 1209    1.523711E-07
 1210    1.521195E-07
 1211    1.530601E-07
 1212    1.528077E-07
 1213    1.525560E-07
 1214    1.523048E-07
 1215    1.520543E-07
 1216    1.518045E-07
 1217    1.515552E-07
 1218    1.513065E-07
 1219    1.510585E-07
 1220    1.508111E-07
 1221    1.535053E-07
 1222    1.532543E-07
 1223    1.530039E-07
 1224    1.527541E-07
 1225    1.525049E-07
 1226    1.522563E-07
 1227    1.520083E-07
 1228    1.517610E-07
 1229    1.515142E-07
 1230    1.512680E-07
 1231    1.652620E-07
 1232    1.649940E-07
 1233    1.647266E-07
 1234    1.644598E-07
 1235    1.641937E-07
 1236    1.639282E-07
 1237    1.636634E-07
 1238    1.633992E-07
 1239    1.631357E-07
 1240    1.628727E-07
 1241    1.599163E-07
 1242    1.596590E-07
 1243    1.594023E-07
 1244    1.591462E-07
 1245    1.588908E-07
 1246    1.586360E-07
 1247    1.583817E-07
 1248    1.581281E-07
 1249    1.578751E-07
 1250    1.576227E-07
 1251    1.652315E-07
 1252    1.649678E-07
 1253    1.647047E-07
 1254    1.644422E-07
 1255    1.641804E-07
 1256    1.639191E-07
 1257    1.636585E-07
 1258    1.633986E-07
 1259    1.631392E-07
 1260    1.628804E-07
 1261    1.603303E-07
 1262    1.600764E-07
 1263    1.598231E-07
 1264    1.595704E-07
 1265    1.593184E-07
 1266    1.590669E-07
 1267    1.588160E-07
 1268    1.585657E-07
 1269    1.583160E-07
 1270    1.580668E-07
 1271    1.682175E-07
 1272    1.679532E-07
 1273    1.676895E-07
 1274    1.674265E-07
 1275    1.671641E-07
 1276    1.669022E-07
 1277    1.666410E-07
 1278    1.663805E-07
 1279    1.661205E-07
 1280    1.658611E-07
 1281    1.618645E-07
 1282    1.616122E-07
 1283    1.613605E-07
 1284    1.611093E-07
 1285    1.608588E-07
 1286    1.606088E-07
 1287    1.603594E-07
 1288    1.601106E-07
 1289    1.598624E-07
 1290    1.596147E-07
 1291    1.604510E-07
 1292    1.602028E-07
 1293    1.599552E-07
 1294    1.597082E-07
 1295    1.594617E-07
 1296    1.592158E-07
 1297    1.589705E-07
 1298    1.587258E-07
 1299    1.584816E-07
 1300    1.582379E-07
 1301    1.638505E-07
 1302    1.635990E-07
 1303    1.633481E-07
 1304    1.630977E-07
 1305    1.628480E-07
 1306    1.625988E-07
 1307    1.623502E-07
 1308    1.621021E-07
 1309    1.618546E-07
 1310    1.616077E-07
 1311    1.593359E-07
 1312    1.590932E-07
 1313    1.588510E-07
 1314    1.586094E-07
 1315    1.583684E-07
 1316    1.581279E-07
 1317    1.578879E-07
 1318    1.576485E-07
 1319    1.574097E-07
 1320    1.571713E-07
 1321    1.614531E-07
 1322    1.612091E-07
 1323    1.609655E-07
 1324    1.607226E-07
 1325    1.604801E-07
 1326    1.602383E-07
 1327    1.599970E-07
 1328    1.597562E-07
 1329    1.595159E-07
 1330    1.592763E-07
 1331    1.599878E-07
 1332    1.597478E-07
 1333    1.595083E-07
 1334    1.592693E-07
 1335    1.590309E-07
 1336    1.587930E-07
 1337    1.585557E-07
 1338    1.583188E-07
 1339    1.580825E-07
 1340    1.578468E-07
 1341    1.536011E-07
 1342    1.533723E-07
 1343    1.531441E-07
 1344    1.529164E-07
 1345    1.526892E-07
 1346    1.524625E-07
 1347    1.522363E-07
 1348    1.520105E-07
 1349    1.517853E-07
 1350    1.515606E-07
 1351    1.600291E-07
 1352    1.597925E-07
 1353    1.595565E-07
 1354    1.593210E-07
 1355    1.590860E-07
 1356    1.588515E-07
 1357    1.586176E-07
 1358    1.583841E-07
 1359    1.581512E-07
 1360    1.579188E-07
 1361    1.554454E-07
 1362    1.552173E-07
 1363    1.549898E-07
 1364    1.547627E-07
 1365    1.545361E-07
 1366    1.543100E-07
 1367    1.540844E-07
 1368    1.538593E-07
 1369    1.536347E-07
 1370    1.534105E-07
 1371    1.560213E-07
 1372    1.557940E-07
 1373    1.555672E-07
 1374    1.553410E-07
 1375    1.551152E-07
 1376    1.548899E-07
 1377    1.546651E-07
 1378    1.544408E-07
 1379    1.542169E-07
 1380    1.539936E-07
 1381    1.526379E-07
 1382    1.524172E-07
 1383    1.521969E-07
 1384    1.519772E-07
 1385    1.517579E-07
 1386    1.515390E-07
 1387    1.513207E-07
 1388    1.511028E-07
 1389    1.508854E-07
 1390    1.506684E-07
 1391    1.488288E-07
 1392    1.486152E-07
 1393    1.484019E-07
 1394    1.481892E-07
 1395    1.479769E-07
 1396    1.477650E-07
 1397    1.475536E-07
 1398    1.473427E-07
 1399    1.471322E-07
 1400    1.469222E-07
 1401    1.499020E-07
 1402    1.496883E-07
 1403    1.494751E-07
 1404    1.492623E-07
 1405    1.490500E-07
 1406    1.488381E-07
 1407    1.486267E-07
 1408    1.484157E-07
 1409    1.482052E-07
 1410    1.479951E-07
 1411    1.389161E-07
 1412    1.387195E-07
 1413    1.385233E-07
 1414    1.383275E-07
 1415    1.381321E-07
 1416    1.379372E-07
 1417    1.377426E-07
 1418    1.375485E-07
 1419    1.373548E-07
 1420    1.371614E-07
 1421    1.400025E-07
 1422    1.398057E-07
 1423    1.396094E-07
 1424    1.394134E-07
 1425    1.392179E-07
 1426    1.390228E-07
 1427    1.388281E-07
 1428    1.386338E-07
 1429    1.384399E-07
 1430    1.382464E-07
 1431    1.361444E-07
 1432    1.359544E-07
 1433    1.357647E-07
 1434    1.355755E-07
 1435    1.353867E-07
 1436    1.351983E-07
 1437    1.350102E-07
 1438    1.348226E-07
 1439    1.346353E-07
 1440    1.344485E-07
 1441    1.356697E-07
 1442    1.354817E-07
 1443    1.352940E-07
 1444    1.351068E-07
 1445    1.349199E-07
 1446    1.347334E-07
 1447    1.345473E-07
 1448    1.343616E-07
 1449    1.341763E-07
 1450    1.339914E-07
 1451    1.267147E-07
 1452    1.265403E-07
 1453    1.263662E-07
 1454    1.261925E-07
 1455    1.260192E-07
 1456    1.258462E-07
 1457    1.256736E-07
 1458    1.255013E-07
 1459    1.253294E-07
 1460    1.251578E-07
 1461    1.232269E-07
 1462    1.230585E-07
 1463    1.228904E-07
 1464    1.227226E-07
 1465    1.225552E-07
 1466    1.223881E-07
 1467    1.222214E-07
 1468    1.220550E-07
 1469    1.218889E-07
 1470    1.217232E-07
 1471    1.205312E-07
 1472    1.203675E-07
 1473    1.202042E-07
 1474    1.200412E-07
 1475    1.198786E-07
 1476    1.197162E-07
 1477    1.195542E-07
 1478    1.193926E-07
 1479    1.192312E-07
 1480    1.190702E-07
 1481    1.164119E-07
 1482    1.162549E-07
 1483    1.160983E-07
 1484    1.159419E-07
 1485    1.157858E-07
 1486    1.156301E-07
 1487    1.154747E-07
 1488    1.153196E-07
 1489    1.151648E-07
 1490    1.150103E-07
 1491    1.137179E-07
 1492    1.135656E-07
 1493    1.134136E-07
 1494    1.132618E-07
 1495    1.131104E-07
 1496    1.129593E-07
 1497    1.128085E-07
 1498    1.126580E-07
 1499    1.125078E-07
 1500    1.123579E-07
 1501    1.097528E-07
 1502    1.096067E-07
 1503    1.094610E-07
 1504    1.093155E-07
 1505    1.091703E-07
 1506    1.090255E-07
 1507    1.088809E-07
 1508    1.087366E-07
 1509    1.085925E-07
 1510    1.084488E-07
 1511    1.016617E-07
 1512    1.015273E-07
 1513    1.013932E-07
 1514    1.012593E-07
 1515    1.011257E-07
 1516    1.009924E-07
 1517    1.008594E-07
 1518    1.007266E-07
 1519    1.005940E-07
 1520    1.004617E-07
 1521    1.020322E-07
 1522    1.018982E-07
 1523    1.017645E-07
 1524    1.016311E-07
 1525    1.014979E-07
 1526    1.013649E-07
 1527    1.012322E-07
 1528    1.010998E-07
 1529    1.009677E-07
 1530    1.008358E-07
 1531    9.638648E-08
 1532    9.626073E-08
 1533    9.613523E-08
 1534    9.600997E-08
 1535    9.588496E-08
 1536    9.576019E-08
 1537    9.563566E-08
 1538    9.551138E-08
 1539    9.538734E-08
 1540    9.526354E-08
 1541    9.425551E-08
 1542    9.413334E-08
 1543    9.401141E-08
 1544    9.388971E-08
 1545    9.376825E-08
 1546    9.364702E-08
 1547    9.352603E-08
 1548    9.340527E-08
 1549    9.328475E-08
 1550    9.316446E-08
 1551    8.867601E-08
 1552    8.856181E-08
 1553    8.844783E-08
 1554    8.833407E-08
 1555    8.822053E-08
 1556    8.810721E-08
 1557    8.799411E-08
 1558    8.788122E-08
 1559    8.776855E-08
 1560    8.765610E-08
 1561    8.722536E-08
 1562    8.711374E-08
 1563    8.700234E-08
 1564    8.689116E-08
 1565    8.678019E-08
 1566    8.666943E-08
 1567    8.655888E-08
 1568    8.644854E-08
 1569    8.633842E-08
 1570    8.622850E-08
 1571    8.414087E-08
 1572    8.403388E-08
 1573    8.392711E-08
 1574    8.382053E-08
 1575    8.371416E-08
 1576    8.360799E-08
 1577    8.350203E-08
 1578    8.339626E-08
 1579    8.329069E-08
 1580    8.318533E-08
 1581    8.159776E-08
 1582    8.149466E-08
 1583    8.139177E-08
 1584    8.128906E-08
 1585    8.118656E-08
 1586    8.108424E-08
 1587    8.098212E-08
 1588    8.088019E-08
 1589    8.077846E-08
 1590    8.067691E-08
 1591    8.063504E-08
 1592    8.053380E-08
 1593    8.043276E-08
 1594    8.033190E-08
 1595    8.023124E-08
 1596    8.013076E-08
 1597    8.003047E-08
 1598    7.993037E-08
 1599    7.983046E-08
 1600    7.973073E-08
 1601    7.913070E-08
 1602    7.903197E-08
 1603    7.893342E-08
 1604    7.883506E-08
 1605    7.873689E-08
 1606    7.863890E-08
 1607    7.854109E-08
 1608    7.844346E-08
 1609    7.834601E-08
 1610    7.824875E-08
 1611    8.064255E-08
 1612    8.054256E-08
 1613    8.044275E-08
 1614    8.034313E-08
 1615    8.024370E-08
 1616    8.014445E-08
 1617    8.004538E-08
 1618    7.994650E-08
 1619    7.984780E-08
 1620    7.974928E-08
 1621    8.035989E-08
 1622    8.026087E-08
 1623    8.016203E-08
 1624    8.006336E-08
 1625    7.996489E-08
 1626    7.986659E-08
 1627    7.976847E-08
 1628    7.967054E-08
 1629    7.957278E-08
 1630    7.947521E-08
 1631    8.179158E-08
 1632    8.169141E-08
 1633    8.159142E-08
 1634    8.149161E-08
 1635    8.139199E-08
 1636    8.129255E-08
 1637    8.119329E-08
 1638    8.109421E-08
 1639    8.099532E-08
 1640    8.089660E-08
 1641    8.509215E-08
 1642    8.498857E-08
 1643    8.488518E-08
 1644    8.478198E-08
 1645    8.467896E-08
 1646    8.457613E-08
 1647    8.447349E-08
 1648    8.437104E-08
 1649    8.426877E-08
 1650    8.416669E-08
 1651    8.687311E-08
 1652    8.676800E-08
 1653    8.666308E-08
 1654    8.655835E-08
 1655    8.645381E-08
 1656    8.634946E-08
 1657    8.624530E-08
 1658    8.614133E-08
 1659    8.603754E-08
 1660    8.593394E-08
 1661    9.274950E-08
 1662    9.263796E-08
 1663    9.252661E-08
 1664    9.241547E-08
 1665    9.230453E-08
 1666    9.219378E-08
 1667    9.208324E-08
 1668    9.197289E-08
 1669    9.186275E-08
 1670    9.175280E-08
 1671    9.729542E-08
 1672    9.717910E-08
 1673    9.706300E-08
 1674    9.694710E-08
 1675    9.683141E-08
 1676    9.671593E-08
 1677    9.660066E-08
 1678    9.648559E-08
 1679    9.637072E-08
 1680    9.625607E-08
 1681    1.042470E-07
 1682    1.041231E-07
 1683    1.039995E-07
 1684    1.038760E-07
 1685    1.037528E-07
 1686    1.036298E-07
 1687    1.035070E-07
 1688    1.033844E-07
 1689    1.032621E-07
 1690    1.031400E-07
 1691    1.143536E-07
 1692    1.142185E-07
 1693    1.140837E-07
 1694    1.139491E-07
 1695    1.138147E-07
 1696    1.136805E-07
 1697    1.135466E-07
 1698    1.134130E-07
 1699    1.132796E-07
 1700    1.131464E-07
 1701    1.194998E-07
 1702    1.193595E-07
 1703    1.192194E-07
 1704    1.190795E-07
 1705    1.189399E-07
 1706    1.188006E-07
 1707    1.186614E-07
 1708    1.185226E-07
 1709    1.183840E-07
 1710    1.182456E-07
 1711    1.328768E-07
 1712    1.327217E-07
 1713    1.325668E-07
 1714    1.324122E-07
 1715    1.322579E-07
 1716    1.321038E-07
 1717    1.319501E-07
 1718    1.317965E-07
 1719    1.316433E-07
 1720    1.314903E-07
 1721    1.440095E-07
 1722    1.438424E-07
 1723    1.436755E-07
 1724    1.435089E-07
 1725    1.433426E-07
 1726    1.431766E-07
 1727    1.430109E-07
 1728    1.428455E-07
 1729    1.426804E-07
 1730    1.425155E-07
 1731    1.619830E-07
 1732    1.617960E-07
 1733    1.616094E-07
 1734    1.614231E-07
 1735    1.612371E-07
 1736    1.610515E-07
 1737    1.608662E-07
 1738    1.606811E-07
 1739    1.604965E-07
 1740    1.603121E-07
 1741    1.776767E-07
 1742    1.774728E-07
 1743    1.772693E-07
 1744    1.770661E-07
 1745    1.768633E-07
 1746    1.766608E-07
 1747    1.764586E-07
 1748    1.762569E-07
 1749    1.760554E-07
 1750    1.758543E-07
 1751    1.944881E-07
 1752    1.942662E-07
 1753    1.940447E-07
 1754    1.938236E-07
 1755    1.936028E-07
 1756    1.933825E-07
 1757    1.931625E-07
 1758    1.929428E-07
 1759    1.927236E-07
 1760    1.925047E-07
 1761    2.241041E-07
 1762    2.238498E-07
 1763    2.235960E-07
 1764    2.233427E-07
 1765    2.230897E-07
 1766    2.228372E-07
 1767    2.225851E-07
 1768    2.223335E-07
 1769    2.220823E-07
 1770    2.218315E-07
 1771    2.477574E-07
 1772    2.474779E-07
 1773    2.471989E-07
 1774    2.469204E-07
 1775    2.466423E-07
 1776    2.463647E-07
 1777    2.460876E-07
 1778    2.458109E-07
 1779    2.455347E-07
 1780    2.452590E-07
 1781    2.788572E-07
 1782    2.785444E-07
 1783    2.782321E-07
 1784    2.779204E-07
 1785    2.776092E-07
 1786    2.772985E-07
 1787    2.769883E-07
 1788    2.766786E-07
 1789    2.763695E-07
 1790    2.760609E-07
 1791    3.003578E-07
 1792    3.000228E-07
 1793    2.996883E-07
 1794    2.993544E-07
 1795    2.990210E-07
 1796    2.986882E-07
 1797    2.983560E-07
 1798    2.980243E-07
 1799    2.976932E-07
 1800    2.973626E-07
 1801    3.199021E-07
 1802    3.195472E-07
 1803    3.191930E-07
 1804    3.188393E-07
 1805    3.184862E-07
 1806    3.181337E-07
 1807    3.177818E-07
 1808    3.174305E-07
 1809    3.170797E-07
 1810    3.167295E-07
 1811    3.542871E-07
 1812    3.538963E-07
 1813    3.535061E-07
 1814    3.531165E-07
 1815    3.527276E-07
 1816    3.523394E-07
 1817    3.519518E-07
 1818    3.515648E-07
 1819    3.511785E-07
 1820    3.507928E-07
 1821    3.875159E-07
 1822    3.870907E-07
 1823    3.866663E-07
 1824    3.862425E-07
 1825    3.858195E-07
 1826    3.853971E-07
 1827    3.849755E-07
 1828    3.845545E-07
 1829    3.841342E-07
 1830    3.837147E-07
 1831    4.448494E-07
 1832    4.443640E-07
 1833    4.438795E-07
 1834    4.433957E-07
 1835    4.429127E-07
 1836    4.424304E-07
 1837    4.419490E-07
 1838    4.414684E-07
 1839    4.409885E-07
 1840    4.405095E-07
 1841    4.842453E-07
 1842    4.837198E-07
 1843    4.831952E-07
 1844    4.826714E-07
 1845    4.821485E-07
 1846    4.816264E-07
 1847    4.811051E-07
 1848    4.805847E-07
 1849    4.800652E-07
 1850    4.795465E-07
 1851    5.319353E-07
 1852    5.313611E-07
 1853    5.307879E-07
 1854    5.302156E-07
 1855    5.296443E-07
 1856    5.290739E-07
 1857    5.285044E-07
 1858    5.279358E-07
 1859    5.273681E-07
 1860    5.268013E-07
 1861    5.895008E-07
 1862    5.888680E-07
 1863    5.882361E-07
 1864    5.876053E-07
 1865    5.869755E-07
 1866    5.863467E-07
 1867    5.857190E-07
 1868    5.850922E-07
 1869    5.844664E-07
 1870    5.838416E-07
 1871    6.294282E-07
 1872    6.287561E-07
 1873    6.280851E-07
 1874    6.274151E-07
 1875    6.267462E-07
 1876    6.260784E-07
 1877    6.254117E-07
 1878    6.247460E-07
 1879    6.240814E-07
 1880    6.234178E-07
 1881    7.130197E-07
 1882    7.122624E-07
 1883    7.115063E-07
 1884    7.107514E-07
 1885    7.099977E-07
 1886    7.092452E-07
 1887    7.084938E-07
 1888    7.077437E-07
 1889    7.069948E-07
 1890    7.062470E-07
 1891    7.434960E-07
 1892    7.427105E-07
 1893    7.419262E-07
 1894    7.411432E-07
 1895    7.403614E-07
 1896    7.395808E-07
 1897    7.388015E-07
 1898    7.380234E-07
 1899    7.372465E-07
 1900    7.364709E-07
 1901    7.821156E-07
 1902    7.812936E-07
 1903    7.804729E-07
 1904    7.796535E-07
 1905    7.788354E-07
 1906    7.780186E-07
 1907    7.772031E-07
 1908    7.763888E-07
 1909    7.755759E-07
 1910    7.747642E-07
 1911    8.373390E-07
 1912    8.364636E-07
 1913    8.355895E-07
 1914    8.347169E-07
 1915    8.338455E-07
 1916    8.329756E-07
 1917    8.321070E-07
 1918    8.312398E-07
 1919    8.303739E-07
 1920    8.295094E-07
 1921    8.887161E-07
 1922    8.877918E-07
 1923    8.868689E-07
 1924    8.859475E-07
 1925    8.850275E-07
 1926    8.841089E-07
 1927    8.831918E-07
 1928    8.822761E-07
 1929    8.813618E-07
 1930    8.804490E-07
 1931    1.004068E-06
 1932    1.003029E-06
 1933    1.001991E-06
 1934    1.000956E-06
 1935    9.999217E-07
 1936    9.988893E-07
 1937    9.978584E-07
 1938    9.968292E-07
 1939    9.958015E-07
 1940    9.947754E-07
 1941    1.016020E-06
 1942    1.014974E-06
 1943    1.013930E-06
 1944    1.012887E-06
 1945    1.011846E-06
 1946    1.010807E-06
 1947    1.009769E-06
 1948    1.008733E-06
 1949    1.007698E-06
 1950    1.006665E-06
 1951    1.100703E-06
 1952    1.099576E-06
 1953    1.098451E-06
 1954    1.097327E-06
 1955    1.096205E-06
 1956    1.095085E-06
 1957    1.093966E-06
 1958    1.092849E-06
 1959    1.091734E-06
 1960    1.090621E-06
 1961    1.166200E-06
 1962    1.165012E-06
 1963    1.163826E-06
 1964    1.162641E-06
 1965    1.161459E-06
 1966    1.160278E-06
 1967    1.159099E-06
 1968    1.157921E-06
 1969    1.156746E-06
 1970    1.155572E-06
 1971    1.238792E-06
 1972    1.237536E-06
 1973    1.236283E-06
 1974    1.235031E-06
 1975    1.233781E-06
 1976    1.232533E-06
 1977    1.231286E-06
 1978    1.230042E-06
 1979    1.228799E-06
 1980    1.227559E-06
 1981    1.349182E-06
 1982    1.347821E-06
 1983    1.346463E-06
 1984    1.345106E-06
 1985    1.343751E-06
 1986    1.342399E-06
 1987    1.341048E-06
 1988    1.339700E-06
 1989    1.338353E-06
 1990    1.337009E-06
 1991    1.411120E-06
 1992    1.409704E-06
 1993    1.408290E-06
 1994    1.406878E-06
 1995    1.405468E-06
 1996    1.404061E-06
 1997    1.402655E-06
 1998    1.401252E-06
 1999    1.399851E-06
 2000    1.398452E-06
 2001    1.459347E-06
 2002    1.457890E-06
 2003    1.456435E-06
 2004    1.454982E-06
 2005    1.453532E-06
 2006    1.452083E-06
 2007    1.450637E-06
 2008    1.449193E-06
 2009    1.447751E-06
 2010    1.446311E-06
 2011    1.498603E-06
 2012    1.497115E-06
 2013    1.495628E-06
 2014    1.494143E-06
 2015    1.492661E-06
 2016    1.491181E-06
 2017    1.489703E-06
 2018    1.488227E-06
 2019    1.486754E-06
 2020    1.485283E-06
 2021    1.585764E-06
 2022    1.584197E-06
 2023    1.582631E-06
 2024    1.581068E-06
 2025    1.579507E-06
 2026    1.577949E-06
 2027    1.576393E-06
 2028    1.574839E-06
 2029    1.573287E-06
 2030    1.571738E-06
 2031    1.751126E-06
 2032    1.749403E-06
 2033    1.747683E-06
 2034    1.745965E-06
 2035    1.744250E-06
 2036    1.742538E-06
 2037    1.740828E-06
 2038    1.739120E-06
 2039    1.737415E-06
 2040    1.735713E-06
 2041    1.787418E-06
 2042    1.785668E-06
 2043    1.783921E-06
 2044    1.782176E-06
 2045    1.780434E-06
 2046    1.778694E-06
 2047    1.776957E-06
 2048    1.775223E-06
 2049    1.773491E-06
 2050    1.771762E-06
 2051    1.867733E-06
 2052    1.865913E-06
 2053    1.864096E-06
 2054    1.862282E-06
 2055    1.860470E-06
 2056    1.858662E-06
 2057    1.856855E-06
 2058    1.855052E-06
 2059    1.853251E-06
 2060    1.851452E-06
 2061    1.996443E-06
 2062    1.994508E-06
 2063    1.992575E-06
 2064    1.990645E-06
 2065    1.988718E-06
 2066    1.986794E-06
 2067    1.984873E-06
 2068    1.982954E-06
 2069    1.981038E-06
 2070    1.979125E-06
 2071    2.135321E-06
 2072    2.133260E-06
 2073    2.131203E-06
 2074    2.129149E-06
 2075    2.127098E-06
 2076    2.125050E-06
 2077    2.123004E-06
 2078    2.120962E-06
 2079    2.118923E-06
 2080    2.116886E-06
 2081    2.302133E-06
 2082    2.299923E-06
 2083    2.297716E-06
 2084    2.295512E-06
 2085    2.293311E-06
 2086    2.291113E-06
 2087    2.288919E-06
 2088    2.286727E-06
 2089    2.284539E-06
 2090    2.282354E-06
 2091    2.312822E-06
 2092    2.310612E-06
 2093    2.308405E-06
 2094    2.306202E-06
 2095    2.304001E-06
 2096    2.301804E-06
 2097    2.299609E-06
 2098    2.297418E-06
 2099    2.295230E-06
 2100    2.293045E-06
 2101    2.347806E-06
 2102    2.345573E-06
 2103    2.343343E-06
 2104    2.341117E-06
 2105    2.338894E-06
 2106    2.336674E-06
 2107    2.334457E-06
 2108    2.332243E-06
 2109    2.330032E-06
 2110    2.327825E-06
 2111    2.360608E-06
 2112    2.358374E-06
 2113    2.356142E-06
 2114    2.353914E-06
 2115    2.351689E-06
 2116    2.349468E-06
 2117    2.347249E-06
 2118    2.345034E-06
 2119    2.342821E-06
 2120    2.340612E-06
 2121    2.503152E-06
 2122    2.500794E-06
 2123    2.498439E-06
 2124    2.496088E-06
 2125    2.493740E-06
 2126    2.491395E-06
 2127    2.489053E-06
 2128    2.486715E-06
 2129    2.484380E-06
 2130    2.482049E-06
 2131    2.641881E-06
 2132    2.639403E-06
 2133    2.636930E-06
 2134    2.634460E-06
 2135    2.631993E-06
 2136    2.629530E-06
 2137    2.627070E-06
 2138    2.624613E-06
 2139    2.622161E-06
 2140    2.619711E-06
 2141    2.756518E-06
 2142    2.753946E-06
 2143    2.751377E-06
 2144    2.748811E-06
 2145    2.746249E-06
 2146    2.743691E-06
 2147    2.741137E-06
 2148    2.738585E-06
 2149    2.736038E-06
 2150    2.733494E-06
 2151    2.765506E-06
 2152    2.762937E-06
 2153    2.760372E-06
 2154    2.757810E-06
 2155    2.755252E-06
 2156    2.752697E-06
 2157    2.750146E-06
 2158    2.747598E-06
 2159    2.745054E-06
 2160    2.742514E-06
 2161    2.943655E-06
 2162    2.940933E-06
 2163    2.938215E-06
 2164    2.935501E-06
 2165    2.932791E-06
 2166    2.930084E-06
 2167    2.927381E-06
 2168    2.924682E-06
 2169    2.921986E-06
 2170    2.919294E-06
 2171    3.054675E-06
 2172    3.051864E-06
 2173    3.049056E-06
 2174    3.046252E-06
 2175    3.043453E-06
 2176    3.040657E-06
 2177    3.037864E-06
 2178    3.035076E-06
 2179    3.032292E-06
 2180    3.029511E-06
 2181    3.162711E-06
 2182    3.159813E-06
 2183    3.156919E-06
 2184    3.154030E-06
 2185    3.151144E-06
 2186    3.148262E-06
 2187    3.145385E-06
 2188    3.142511E-06
 2189    3.139641E-06
 2190    3.136775E-06
 2191    3.254928E-06
 2192    3.251959E-06
 2193    3.248995E-06
 2194    3.246034E-06
 2195    3.243078E-06
 2196    3.240126E-06
 2197    3.237178E-06
 2198    3.234233E-06
 2199    3.231293E-06
 2200    3.228357E-06
 2201    3.287359E-06
 2202    3.284375E-06
 2203    3.281395E-06
 2204    3.278418E-06
 2205    3.275446E-06
 2206    3.272478E-06
 2207    3.269514E-06
 2208    3.266553E-06
 2209    3.263597E-06
 2210    3.260645E-06
 2211    3.340701E-06
 2212    3.337682E-06
 2213    3.334667E-06
 2214    3.331656E-06
 2215    3.328649E-06
 2216    3.325646E-06
 2217    3.322647E-06
 2218    3.319652E-06
 2219    3.316662E-06
 2220    3.313675E-06
 2221    3.506882E-06
 2222    3.503727E-06
 2223    3.500576E-06
 2224    3.497429E-06
 2225    3.494287E-06
 2226    3.491149E-06
 2227    3.488015E-06
 2228    3.484885E-06
 2229    3.481760E-06
 2230    3.478639E-06
 2231    3.565331E-06
 2232    3.562137E-06
 2233    3.558948E-06
 2234    3.555764E-06
 2235    3.552583E-06
 2236    3.549407E-06
 2237    3.546235E-06
 2238    3.543067E-06
 2239    3.539904E-06
 2240    3.536745E-06
 2241    3.714421E-06
 2242    3.711109E-06
 2243    3.707802E-06
 2244    3.704498E-06
 2245    3.701200E-06
 2246    3.697905E-06
 2247    3.694615E-06
 2248    3.691330E-06
 2249    3.688049E-06
 2250    3.684772E-06
 2251    3.532156E-06
 2252    3.529020E-06
 2253    3.525889E-06
 2254    3.522762E-06
 2255    3.519639E-06
 2256    3.516520E-06
 2257    3.513405E-06
 2258    3.510294E-06
 2259    3.507188E-06
 2260    3.504086E-06
 2261    3.566408E-06
 2262    3.563256E-06
 2263    3.560108E-06
 2264    3.556965E-06
 2265    3.553825E-06
 2266    3.550690E-06
 2267    3.547559E-06
 2268    3.544432E-06
 2269    3.541309E-06
 2270    3.538190E-06
 2271    3.771581E-06
 2272    3.768262E-06
 2273    3.764948E-06
 2274    3.761638E-06
 2275    3.758333E-06
 2276    3.755032E-06
 2277    3.751735E-06
 2278    3.748443E-06
 2279    3.745154E-06
 2280    3.741871E-06
 2281    3.935194E-06
 2282    3.931747E-06
 2283    3.928304E-06
 2284    3.924866E-06
 2285    3.921432E-06
 2286    3.918002E-06
 2287    3.914578E-06
 2288    3.911157E-06
 2289    3.907741E-06
 2290    3.904330E-06
 2291    4.071123E-06
 2292    4.067572E-06
 2293    4.064026E-06
 2294    4.060484E-06
 2295    4.056947E-06
 2296    4.053415E-06
 2297    4.049887E-06
 2298    4.046364E-06
 2299    4.042845E-06
 2300    4.039331E-06
 2301    3.911762E-06
 2302    3.908365E-06
 2303    3.904972E-06
 2304    3.901584E-06
 2305    3.898200E-06
 2306    3.894821E-06
 2307    3.891446E-06
 2308    3.888075E-06
 2309    3.884709E-06
 2310    3.881347E-06
 2311    4.093669E-06
 2312    4.090129E-06
 2313    4.086594E-06
 2314    4.083063E-06
 2315    4.079537E-06
 2316    4.076016E-06
 2317    4.072499E-06
 2318    4.068987E-06
 2319    4.065479E-06
 2320    4.061976E-06
 2321    4.170624E-06
 2322    4.167033E-06
 2323    4.163447E-06
 2324    4.159865E-06
 2325    4.156289E-06
 2326    4.152716E-06
 2327    4.149149E-06
 2328    4.145586E-06
 2329    4.142027E-06
 2330    4.138473E-06
 2331    4.288152E-06
 2332    4.284476E-06
 2333    4.280804E-06
 2334    4.277138E-06
 2335    4.273476E-06
 2336    4.269819E-06
 2337    4.266166E-06
 2338    4.262518E-06
 2339    4.258875E-06
 2340    4.255236E-06
 2341    4.526072E-06
 2342    4.522209E-06
 2343    4.518350E-06
 2344    4.514496E-06
 2345    4.510648E-06
 2346    4.506804E-06
 2347    4.502965E-06
 2348    4.499131E-06
 2349    4.495302E-06
 2350    4.491478E-06
 2351    4.218971E-06
 2352    4.215385E-06
 2353    4.211804E-06
 2354    4.208227E-06
 2355    4.204655E-06
 2356    4.201087E-06
 2357    4.197524E-06
 2358    4.193965E-06
 2359    4.190411E-06
 2360    4.186861E-06
 2361    4.238634E-06
 2362    4.235047E-06
 2363    4.231464E-06
 2364    4.227885E-06
 2365    4.224311E-06
 2366    4.220742E-06
 2367    4.217177E-06
 2368    4.213617E-06
 2369    4.210061E-06
 2370    4.206510E-06
 2371    4.565648E-06
 2372    4.561800E-06
 2373    4.557957E-06
 2374    4.554119E-06
 2375    4.550285E-06
 2376    4.546457E-06
 2377    4.542633E-06
 2378    4.538814E-06
 2379    4.535000E-06
 2380    4.531190E-06
 2381    4.999138E-06
 2382    4.994942E-06
 2383    4.990752E-06
 2384    4.986566E-06
 2385    4.982387E-06
 2386    4.978212E-06
 2387    4.974043E-06
 2388    4.969879E-06
 2389    4.965720E-06
 2390    4.961566E-06
 2391    5.038413E-06
 2392    5.034202E-06
 2393    5.029996E-06
 2394    5.025796E-06
 2395    5.021600E-06
 2396    5.017411E-06
 2397    5.013226E-06
 2398    5.009046E-06
 2399    5.004872E-06
 2400    5.000703E-06
 2401    4.553115E-06
 2402    4.549325E-06
 2403    4.545540E-06
 2404    4.541760E-06
 2405    4.537985E-06
 2406    4.534214E-06
 2407    4.530448E-06
 2408    4.526687E-06
 2409    4.522930E-06
 2410    4.519178E-06
 2411    5.131209E-06
 2412    5.126956E-06
 2413    5.122708E-06
 2414    5.118466E-06
 2415    5.114229E-06
 2416    5.109997E-06
 2417    5.105770E-06
 2418    5.101549E-06
 2419    5.097333E-06
 2420    5.093122E-06
 2421    5.539958E-06
 2422    5.535385E-06
 2423    5.530818E-06
 2424    5.526257E-06
 2425    5.521701E-06
 2426    5.517151E-06
 2427    5.512606E-06
 2428    5.508067E-06
 2429    5.503534E-06
 2430    5.499006E-06
 2431    5.496076E-06
 2432    5.491559E-06
 2433    5.487046E-06
 2434    5.482539E-06
 2435    5.478038E-06
 2436    5.473542E-06
 2437    5.469052E-06
 2438    5.464568E-06
 2439    5.460088E-06
 2440    5.455615E-06
 2441    5.734623E-06
 2442    5.729929E-06
 2443    5.725240E-06
 2444    5.720556E-06
 2445    5.715879E-06
 2446    5.711207E-06
 2447    5.706541E-06
 2448    5.701881E-06
 2449    5.697226E-06
 2450    5.692577E-06
 2451    5.375692E-06
 2452    5.371309E-06
 2453    5.366932E-06
 2454    5.362559E-06
 2455    5.358192E-06
 2456    5.353831E-06
 2457    5.349475E-06
 2458    5.345124E-06
 2459    5.340778E-06
 2460    5.336438E-06
 2461    4.993660E-06
 2462    4.989605E-06
 2463    4.985555E-06
 2464    4.981510E-06
 2465    4.977470E-06
 2466    4.973435E-06
 2467    4.969404E-06
 2468    4.965379E-06
 2469    4.961358E-06
 2470    4.957343E-06
 2471    5.651234E-06
 2472    5.646663E-06
 2473    5.642098E-06
 2474    5.637539E-06
 2475    5.632985E-06
 2476    5.628437E-06
 2477    5.623894E-06
 2478    5.619357E-06
 2479    5.614825E-06
 2480    5.610299E-06
 2481    8.172322E-06
 2482    8.165739E-06
 2483    8.159165E-06
 2484    8.152598E-06
 2485    8.146039E-06
 2486    8.139488E-06
 2487    8.132945E-06
 2488    8.126410E-06
 2489    8.119883E-06
 2490    8.113364E-06
 2491    8.735433E-06
 2492    8.728425E-06
 2493    8.721425E-06
 2494    8.714434E-06
 2495    8.707452E-06
 2496    8.700477E-06
 2497    8.693511E-06
 2498    8.686554E-06
 2499    8.679605E-06
 2500    8.672664E-06
 2501    7.251566E-06
 2502    7.245771E-06
 2503    7.239984E-06
 2504    7.234204E-06
 2505    7.228430E-06
 2506    7.222664E-06
 2507    7.216904E-06
 2508    7.211151E-06
 2509    7.205405E-06
 2510    7.199666E-06
 2511    1.027966E-05
 2512    1.027148E-05
 2513    1.026331E-05
 2514    1.025515E-05
 2515    1.024699E-05
 2516    1.023885E-05
 2517    1.023072E-05
 2518    1.022260E-05
 2519    1.021448E-05
 2520    1.020638E-05
 2521    1.332505E-05
 2522    1.331449E-05
 2523    1.330393E-05
 2524    1.329340E-05
 2525    1.328287E-05
 2526    1.327236E-05
 2527    1.326186E-05
 2528    1.325137E-05
 2529    1.324090E-05
 2530    1.323043E-05
 2531    1.078875E-05
 2532    1.078023E-05
 2533    1.077172E-05
 2534    1.076322E-05
 2535    1.075473E-05
 2536    1.074625E-05
 2537    1.073779E-05
 2538    1.072933E-05
 2539    1.072088E-05
 2540    1.071244E-05
 2541    3.349222E-06
 2542    3.346587E-06
 2543    3.343956E-06
 2544    3.341329E-06
 2545    3.338704E-06
 2546    3.336082E-06
 2547    3.333464E-06
 2548    3.330848E-06
 2549    3.328236E-06
 2550    3.325626E-06
 2551   -4.865600E-06
 2552   -4.861789E-06
 2553   -4.857981E-06
 2554   -4.854179E-06
 2555   -4.850380E-06
 2556   -4.846587E-06
 2557   -4.842797E-06
 2558   -4.839012E-06
 2559   -4.835232E-06
 2560   -4.831456E-06
 2561   -1.184293E-05
 2562   -1.183369E-05
 2563   -1.182446E-05
 2564   -1.181524E-05
 2565   -1.180603E-05
 2566   -1.179683E-05
 2567   -1.178764E-05
 2568   -1.177847E-05
 2569   -1.176930E-05
 2570   -1.176015E-05
 2571   -1.125142E-05
 2572   -1.124267E-05
 2573   -1.123394E-05
 2574   -1.122521E-05
 2575   -1.121650E-05
 2576   -1.120779E-05
 2577   -1.119910E-05
 2578   -1.119041E-05
 2579   -1.118174E-05
 2580   -1.117307E-05
 2581    1.937648E-05
 2582    1.936147E-05
 2583    1.934649E-05
 2584    1.933152E-05
 2585    1.931657E-05
 2586    1.930163E-05
 2587    1.928672E-05
 2588    1.927182E-05
 2589    1.925694E-05
 2590    1.924207E-05
 2591    8.051132E-05
 2592    8.044922E-05
 2593    8.038719E-05
 2594    8.032523E-05
 2595    8.026335E-05
 2596    8.020154E-05
 2597    8.013980E-05
 2598    8.007813E-05
 2599    8.001653E-05
 2600    7.995500E-05
 2601    1.515677E-04
 2602    1.514512E-04
 2603    1.513349E-04
 2604    1.512187E-04
 2605    1.511027E-04
 2606    1.509868E-04
 2607    1.508710E-04
 2608    1.507553E-04
 2609    1.506398E-04
 2610    1.505244E-04
 2611    2.102188E-04
 2612    2.100579E-04
 2613    2.098972E-04
 2614    2.097367E-04
 2615    2.095763E-04
 2616    2.094162E-04
 2617    2.092562E-04
 2618    2.090964E-04
 2619    2.089368E-04
 2620    2.087773E-04
 2621    2.435272E-04
 2622    2.433415E-04
 2623    2.431560E-04
 2624    2.429707E-04
 2625    2.427857E-04
 2626    2.426008E-04
 2627    2.424162E-04
 2628    2.422318E-04
 2629    2.420476E-04
 2630    2.418636E-04
 2631    7.194167E-05
 2632    7.188703E-05
 2633    7.183244E-05
 2634    7.177792E-05
 2635    7.172346E-05
 2636    7.166906E-05
 2637    7.161473E-05
 2638    7.156045E-05
 2639    7.150624E-05
 2640    7.145209E-05
 2641   -5.736651E-04
 2642   -5.732310E-04
 2643   -5.727974E-04
 2644   -5.723643E-04
 2645   -5.719317E-04
 2646   -5.714995E-04
 2647   -5.710679E-04
 2648   -5.706367E-04
 2649   -5.702060E-04
 2650   -5.697759E-04
 2651   -1.566398E-03
 2652   -1.565217E-03
 2653   -1.564038E-03
 2654   -1.562860E-03
 2655   -1.561683E-03
 2656   -1.560507E-03
 2657   -1.559333E-03
 2658   -1.558160E-03
 2659   -1.556989E-03
 2660   -1.555819E-03
 2661   -2.023370E-03
 2662   -2.021850E-03
 2663   -2.020332E-03
 2664   -2.018816E-03
 2665   -2.017302E-03
 2666   -2.015789E-03
 2667   -2.014278E-03
 2668   -2.012769E-03
 2669   -2.011261E-03
 2670   -2.009755E-03
 2671   -1.872801E-03
 2672   -1.871400E-03
 2673   -1.870000E-03
 2674   -1.868602E-03
 2675   -1.867206E-03
 2676   -1.865811E-03
 2677   -1.864417E-03
 2678   -1.863025E-03
 2679   -1.861635E-03
 2680   -1.860246E-03
 2681   -1.321982E-04
 2682   -1.320996E-04
 2683   -1.320012E-04
 2684   -1.319029E-04
 2685   -1.318047E-04
 2686   -1.317066E-04
 2687   -1.316086E-04
 2688   -1.315107E-04
 2689   -1.314129E-04
 2690   -1.313152E-04
 2691    6.048622E-03
 2692    6.044130E-03
 2693    6.039643E-03
 2694    6.035160E-03
 2695    6.030683E-03
 2696    6.026211E-03
 2697    6.021744E-03
 2698    6.017282E-03
 2699    6.012825E-03
 2700    6.008372E-03
 2701    1.630562E-02
 2702    1.629355E-02
 2703    1.628150E-02
 2704    1.626946E-02
 2705    1.625744E-02
 2706    1.624543E-02
 2707    1.623343E-02
 2708    1.622144E-02
 2709    1.620947E-02
 2710    1.619751E-02
 2711    2.225308E-02
 2712    2.223667E-02
 2713    2.222028E-02
 2714    2.220392E-02
 2715    2.218756E-02
 2716    2.217123E-02
 2717    2.215492E-02
 2718    2.213862E-02
 2719    2.212234E-02
 2720    2.210608E-02
 2721    2.368514E-02
 2722    2.366775E-02
 2723    2.365037E-02
 2724    2.363301E-02
 2725    2.361567E-02
 2726    2.359835E-02
 2727    2.358105E-02
 2728    2.356377E-02
 2729    2.354651E-02
 2730    2.352926E-02
 2731    2.205986E-02
 2732    2.204372E-02
 2733    2.202759E-02
 2734    2.201148E-02
 2735    2.199539E-02
 2736    2.197932E-02
 2737    2.196327E-02
 2738    2.194723E-02
 2739    2.193121E-02
 2740    2.191521E-02
 2741    1.599578E-02
 2742    1.598411E-02
 2743    1.597246E-02
 2744    1.596082E-02
 2745    1.594920E-02
 2746    1.593759E-02
 2747    1.592599E-02
 2748    1.591440E-02
 2749    1.590283E-02
 2750    1.589127E-02
 2751    5.822510E-03
 2752    5.818280E-03
 2753    5.814054E-03
 2754    5.809834E-03
 2755    5.805618E-03
 2756    5.801406E-03
 2757    5.797199E-03
 2758    5.792997E-03
 2759    5.788799E-03
 2760    5.784606E-03
 2761   -3.385833E-04
 2762   -3.383382E-04
 2763   -3.380934E-04
 2764   -3.378488E-04
 2765   -3.376046E-04
 2766   -3.373605E-04
 2767   -3.371168E-04
 2768   -3.368733E-04
 2769   -3.366301E-04
 2770   -3.363871E-04
 2771   -2.069998E-03
 2772   -2.068505E-03
 2773   -2.067014E-03
 2774   -2.065524E-03
 2775   -2.064036E-03
 2776   -2.062550E-03
 2777   -2.061065E-03
 2778   -2.059581E-03
 2779   -2.058100E-03
 2780   -2.056620E-03
 2781   -2.147501E-03
 2782   -2.145957E-03
 2783   -2.144416E-03
 2784   -2.142876E-03
 2785   -2.141338E-03
 2786   -2.139801E-03
 2787   -2.138266E-03
 2788   -2.136733E-03
 2789   -2.135201E-03
 2790   -2.133671E-03
 2791   -1.651674E-03
 2792   -1.650491E-03
 2793   -1.649310E-03
 2794   -1.648130E-03
 2795   -1.646951E-03
 2796   -1.645773E-03
 2797   -1.644597E-03
 2798   -1.643422E-03
 2799   -1.642248E-03
 2800   -1.641075E-03
 2801   -6.378207E-04
 2802   -6.373656E-04
 2803   -6.369109E-04
 2804   -6.364568E-04
 2805   -6.360032E-04
 2806   -6.355500E-04
 2807   -6.350974E-04
 2808   -6.346452E-04
 2809   -6.341935E-04
 2810   -6.337422E-04
 2811    3.139845E-05
 2812    3.137613E-05
 2813    3.135383E-05
 2814    3.133155E-05
 2815    3.130930E-05
 2816    3.128707E-05
 2817    3.126486E-05
 2818    3.124268E-05
 2819    3.122052E-05
 2820    3.119839E-05
 2821    2.098494E-04
 2822    2.097008E-04
 2823    2.095523E-04
 2824    2.094039E-04
 2825    2.092557E-04
 2826    2.091077E-04
 2827    2.089598E-04
 2828    2.088120E-04
 2829    2.086645E-04
 2830    2.085171E-04
 2831    1.748818E-04
 2832    1.747584E-04
 2833    1.746350E-04
 2834    1.745118E-04
 2835    1.743888E-04
 2836    1.742658E-04
 2837    1.741430E-04
 2838    1.740203E-04
 2839    1.738978E-04
 2840    1.737754E-04
 2841    1.202923E-04
 2842    1.202076E-04
 2843    1.201231E-04
 2844    1.200387E-04
 2845    1.199543E-04
 2846    1.198700E-04
 2847    1.197859E-04
 2848    1.197018E-04
 2849    1.196178E-04
 2850    1.195339E-04
 2851    4.908104E-05
 2852    4.904663E-05
 2853    4.901226E-05
 2854    4.897793E-05
 2855    4.894363E-05
 2856    4.890937E-05
 2857    4.887514E-05
 2858    4.884095E-05
 2859    4.880679E-05
 2860    4.877268E-05
 2861   -1.042345E-05
 2862   -1.041617E-05
 2863   -1.040889E-05
 2864   -1.040163E-05
 2865   -1.039437E-05
 2866   -1.038712E-05
 2867   -1.037987E-05
 2868   -1.037264E-05
 2869   -1.036541E-05
 2870   -1.035819E-05
 2871   -3.856696E-05
 2872   -3.854011E-05
 2873   -3.851329E-05
 2874   -3.848650E-05
 2875   -3.845974E-05
 2876   -3.843300E-05
 2877   -3.840629E-05
 2878   -3.837961E-05
 2879   -3.835296E-05
 2880   -3.832634E-05
 2881   -3.707693E-05
 2882   -3.705120E-05
 2883   -3.702551E-05
 2884   -3.699984E-05
 2885   -3.697420E-05
 2886   -3.694859E-05
 2887   -3.692300E-05
 2888   -3.689744E-05
 2889   -3.687190E-05
 2890   -3.684640E-05
 2891   -2.865617E-05
 2892   -2.863636E-05
 2893   -2.861657E-05
 2894   -2.859680E-05
 2895   -2.857705E-05
 2896   -2.855732E-05
 2897   -2.853761E-05
 2898   -2.851793E-05
 2899   -2.849826E-05
 2900   -2.847861E-05
 2901   -1.624883E-05
 2902   -1.623763E-05
 2903   -1.622645E-05
 2904   -1.621528E-05
 2905   -1.620412E-05
 2906   -1.619297E-05
 2907   -1.618184E-05
 2908   -1.617071E-05
 2909   -1.615960E-05
 2910   -1.614849E-05
 2911   -6.784646E-06
 2912   -6.779988E-06
 2913   -6.775335E-06
 2914   -6.770686E-06
 2915   -6.766042E-06
 2916   -6.761403E-06
 2917   -6.756769E-06
 2918   -6.752140E-06
 2919   -6.747515E-06
 2920   -6.742895E-06
 2921   -3.837310E-06
 2922   -3.834684E-06
 2923   -3.832062E-06
 2924   -3.829441E-06
 2925   -3.826824E-06
 2926   -3.824209E-06
 2927   -3.821597E-06
 2928   -3.818987E-06
 2929   -3.816380E-06
 2930   -3.813776E-06
 2931   -6.103441E-06
 2932   -6.099279E-06
 2933   -6.095122E-06
 2934   -6.090968E-06
 2935   -6.086819E-06
 2936   -6.082674E-06
 2937   -6.078534E-06
 2938   -6.074397E-06
 2939   -6.070265E-06
 2940   -6.066137E-06
 2941   -7.428134E-06
 2942   -7.423086E-06
 2943   -7.418043E-06
 2944   -7.413005E-06
 2945   -7.407973E-06
 2946   -7.402945E-06
 2947   -7.397923E-06
 2948   -7.392906E-06
 2949   -7.387893E-06
 2950   -7.382886E-06
 2951   -5.141407E-06
 2952   -5.137925E-06
 2953   -5.134446E-06
 2954   -5.130971E-06
 2955   -5.127499E-06
 2956   -5.124031E-06
 2957   -5.120567E-06
 2958   -5.117106E-06
 2959   -5.113648E-06
 2960   -5.110194E-06
 2961   -4.785875E-06
 2962   -4.782644E-06
 2963   -4.779417E-06
 2964   -4.776193E-06
 2965   -4.772973E-06
 2966   -4.769755E-06
 2967   -4.766541E-06
 2968   -4.763330E-06
 2969   -4.760123E-06
 2970   -4.756918E-06
 2971   -6.491662E-06
 2972   -6.487295E-06
 2973   -6.482933E-06
 2974   -6.478574E-06
 2975   -6.474220E-06
 2976   -6.469871E-06
 2977   -6.465526E-06
 2978   -6.461185E-06
 2979   -6.456849E-06
 2980   -6.452517E-06
 2981   -6.670686E-06
 2982   -6.666213E-06
 2983   -6.661745E-06
 2984   -6.657282E-06
 2985   -6.652823E-06
 2986   -6.648368E-06
 2987   -6.643918E-06
 2988   -6.639473E-06
 2989   -6.635032E-06
 2990   -6.630595E-06
 2991   -5.904086E-06
 2992   -5.900141E-06
 2993   -5.896199E-06
 2994   -5.892262E-06
 2995   -5.888329E-06
 2996   -5.884399E-06
 2997   -5.880474E-06
 2998   -5.876552E-06
 2999   -5.872634E-06
 3000   -5.868720E-06
 3001   -4.817005E-06
 3002   -4.813796E-06
 3003   -4.810592E-06
 3004   -4.807390E-06
 3005   -4.804191E-06
 3006   -4.800996E-06
 3007   -4.797804E-06
 3008   -4.794615E-06
 3009   -4.791429E-06
 3010   -4.788246E-06
 3011   -4.324538E-06
 3012   -4.321667E-06
 3013   -4.318800E-06
 3014   -4.315935E-06
 3015   -4.313073E-06
 3016   -4.310214E-06
 3017   -4.307357E-06
 3018   -4.304504E-06
 3019   -4.301653E-06
 3020   -4.298805E-06
 3021   -4.280804E-06
 3022   -4.277972E-06
 3023   -4.275143E-06
 3024   -4.272316E-06
 3025   -4.269493E-06
 3026   -4.266672E-06
 3027   -4.263854E-06
 3028   -4.261038E-06
 3029   -4.258226E-06
 3030   -4.255416E-06
 3031   -4.450347E-06
 3032   -4.447413E-06
 3033   -4.444481E-06
 3034   -4.441552E-06
 3035   -4.438626E-06
 3036   -4.435703E-06
 3037   -4.432783E-06
 3038   -4.429866E-06
 3039   -4.426951E-06
 3040   -4.424040E-06
 3041   -4.765523E-06
 3042   -4.762391E-06
 3043   -4.759262E-06
 3044   -4.756136E-06
 3045   -4.753013E-06
 3046   -4.749894E-06
 3047   -4.746777E-06
 3048   -4.743663E-06
 3049   -4.740553E-06
 3050   -4.737445E-06
 3051   -4.406356E-06
 3052   -4.403469E-06
 3053   -4.400586E-06
 3054   -4.397705E-06
 3055   -4.394827E-06
 3056   -4.391951E-06
 3057   -4.389079E-06
 3058   -4.386209E-06
 3059   -4.383342E-06
 3060   -4.380478E-06
 3061   -4.235228E-06
 3062   -4.232462E-06
 3063   -4.229700E-06
 3064   -4.226940E-06
 3065   -4.224182E-06
 3066   -4.221428E-06
 3067   -4.218676E-06
 3068   -4.215927E-06
 3069   -4.213180E-06
 3070   -4.210436E-06
 3071   -4.467429E-06
 3072   -4.464521E-06
 3073   -4.461617E-06
 3074   -4.458715E-06
 3075   -4.455816E-06
 3076   -4.452920E-06
 3077   -4.450026E-06
 3078   -4.447136E-06
 3079   -4.444248E-06
 3080   -4.441363E-06
 3081   -3.995016E-06
 3082   -3.992424E-06
 3083   -3.989835E-06
 3084   -3.987248E-06
 3085   -3.984664E-06
 3086   -3.982083E-06
 3087   -3.979503E-06
 3088   -3.976927E-06
 3089   -3.974353E-06
 3090   -3.971781E-06
 3091   -2.127672E-06
 3092   -2.126296E-06
 3093   -2.124922E-06
 3094   -2.123549E-06
 3095   -2.122177E-06
 3096   -2.120806E-06
 3097   -2.119437E-06
 3098   -2.118069E-06
 3099   -2.116703E-06
 3100   -2.115338E-06
 3101    1.186320E-06
 3102    1.185555E-06
 3103    1.184791E-06
 3104    1.184028E-06
 3105    1.183266E-06
 3106    1.182504E-06
 3107    1.181743E-06
 3108    1.180983E-06
 3109    1.180224E-06
 3110    1.179465E-06
 3111    3.083818E-06
 3112    3.081837E-06
 3113    3.079858E-06
 3114    3.077880E-06
 3115    3.075905E-06
 3116    3.073931E-06
 3117    3.071959E-06
 3118    3.069989E-06
 3119    3.068021E-06
 3120    3.066055E-06
 3121    3.524864E-06
 3122    3.522606E-06
 3123    3.520351E-06
 3124    3.518098E-06
 3125    3.515847E-06
 3126    3.513598E-06
 3127    3.511352E-06
 3128    3.509107E-06
 3129    3.506865E-06
 3130    3.504625E-06
 3131    3.488228E-06
 3132    3.486001E-06
 3133    3.483776E-06
 3134    3.481554E-06
 3135    3.479333E-06
 3136    3.477115E-06
 3137    3.474899E-06
 3138    3.472685E-06
 3139    3.470473E-06
 3140    3.468263E-06
 3141    3.363700E-06
 3142    3.361560E-06
 3143    3.359421E-06
 3144    3.357285E-06
 3145    3.355151E-06
 3146    3.353018E-06
 3147    3.350888E-06
 3148    3.348760E-06
 3149    3.346634E-06
 3150    3.344510E-06
 3151    3.268330E-06
 3152    3.266257E-06
 3153    3.264186E-06
 3154    3.262117E-06
 3155    3.260050E-06
 3156    3.257984E-06
 3157    3.255921E-06
 3158    3.253860E-06
 3159    3.251800E-06
 3160    3.249743E-06
 3161    3.113721E-06
 3162    3.111752E-06
 3163    3.109785E-06
 3164    3.107820E-06
 3165    3.105857E-06
 3166    3.103896E-06
 3167    3.101936E-06
 3168    3.099978E-06
 3169    3.098022E-06
 3170    3.096069E-06
 3171    2.960284E-06
 3172    2.958418E-06
 3173    2.956554E-06
 3174    2.954691E-06
 3175    2.952831E-06
 3176    2.950972E-06
 3177    2.949115E-06
 3178    2.947259E-06
 3179    2.945406E-06
 3180    2.943554E-06
 3181    2.815706E-06
 3182    2.813937E-06
 3183    2.812169E-06
 3184    2.810404E-06
 3185    2.808639E-06
 3186    2.806877E-06
 3187    2.805116E-06
 3188    2.803357E-06
 3189    2.801599E-06
 3190    2.799843E-06
 3191    2.735566E-06
 3192    2.733852E-06
 3193    2.732140E-06
 3194    2.730430E-06
 3195    2.728722E-06
 3196    2.727014E-06
 3197    2.725309E-06
 3198    2.723605E-06
 3199    2.721903E-06
 3200    2.720202E-06
 3201    2.591624E-06
 3202    2.590006E-06
 3203    2.588389E-06
 3204    2.586774E-06
 3205    2.585160E-06
 3206    2.583548E-06
 3207    2.581937E-06
 3208    2.580328E-06
 3209    2.578720E-06
 3210    2.577114E-06
 3211    2.516958E-06
 3212    2.515391E-06
 3213    2.513826E-06
 3214    2.512262E-06
 3215    2.510700E-06
 3216    2.509139E-06
 3217    2.507580E-06
 3218    2.506022E-06
 3219    2.504465E-06
 3220    2.502910E-06
 3221    2.422103E-06
 3222    2.420600E-06
 3223    2.419099E-06
 3224    2.417598E-06
 3225    2.416099E-06
 3226    2.414602E-06
 3227    2.413106E-06
 3228    2.411611E-06
 3229    2.410118E-06
 3230    2.408626E-06
 3231    2.293907E-06
 3232    2.292488E-06
 3233    2.291071E-06
 3234    2.289654E-06
 3235    2.288239E-06
 3236    2.286825E-06
 3237    2.285413E-06
 3238    2.284002E-06
 3239    2.282592E-06
 3240    2.281183E-06
 3241    2.150465E-06
 3242    2.149138E-06
 3243    2.147813E-06
 3244    2.146490E-06
 3245    2.145167E-06
 3246    2.143846E-06
 3247    2.142526E-06
 3248    2.141207E-06
 3249    2.139889E-06
 3250    2.138573E-06
 3251    2.015662E-06
 3252    2.014422E-06
 3253    2.013184E-06
 3254    2.011947E-06
 3255    2.010712E-06
 3256    2.009477E-06
 3257    2.008243E-06
 3258    2.007011E-06
 3259    2.005780E-06
 3260    2.004549E-06
 3261    1.936219E-06
 3262    1.935033E-06
 3263    1.933847E-06
 3264    1.932662E-06
 3265    1.931479E-06
 3266    1.930296E-06
 3267    1.929115E-06
 3268    1.927935E-06
 3269    1.926756E-06
 3270    1.925578E-06
 3271    1.789744E-06
 3272    1.788650E-06
 3273    1.787557E-06
 3274    1.786466E-06
 3275    1.785375E-06
 3276    1.784286E-06
 3277    1.783197E-06
 3278    1.782109E-06
 3279    1.781023E-06
 3280    1.779937E-06
 3281    1.735990E-06
 3282    1.734933E-06
 3283    1.733876E-06
 3284    1.732820E-06
 3285    1.731766E-06
 3286    1.730712E-06
 3287    1.729659E-06
 3288    1.728607E-06
 3289    1.727557E-06
 3290    1.726507E-06
 3291    1.577384E-06
 3292    1.576426E-06
 3293    1.575469E-06
 3294    1.574513E-06
 3295    1.573558E-06
 3296    1.572603E-06
 3297    1.571649E-06
 3298    1.570697E-06
 3299    1.569745E-06
 3300    1.568794E-06
