   50    6.258545E-12
   51    4.928474E-12
   52    4.740757E-12
   53    4.563563E-12
   54    4.396121E-12
   55    4.237728E-12
   56    2.316373E-12
   57    2.235816E-12
   58    2.159389E-12
   59    2.086815E-12
   60    2.017839E-12
   61    1.268640E-12
   62    1.228048E-12
   63    1.189375E-12
   64    1.152499E-12
   65    1.117313E-12
   66    3.264511E-12
   67    3.167795E-12
   68    3.075315E-12
   69    2.986826E-12
   70    2.902102E-12
   71    2.223605E-12
   72    2.162270E-12
   73    2.103438E-12
   74    2.046975E-12
   75    1.992755E-12
   76    3.389448E-12
   77    3.301986E-12
   78    3.217866E-12
   79    3.136919E-12
   80    3.058990E-12
   81    5.071944E-12
   82    4.948997E-12
   83    4.830467E-12
   84    4.716144E-12
   85    4.605833E-12
   86    3.905900E-12
   87    3.816628E-12
   88    3.730382E-12
   89    3.647027E-12
   90    3.566435E-12
   91    4.045428E-12
   92    3.957964E-12
   93    3.873307E-12
   94    3.791337E-12
   95    3.711941E-12
   96    2.805478E-12
   97    2.747933E-12
   98    2.692140E-12
   99    2.638030E-12
  100    2.585534E-12
  101    1.064302E-12
  102    1.043536E-12
  103    1.023372E-12
  104    1.003787E-12
  105    9.847588E-13
  106    7.953086E-13
  107    7.805128E-13
  108    7.661260E-13
  109    7.521335E-13
  110    7.385207E-13
  111    1.925664E-12
  112    1.891431E-12
  113    1.858103E-12
  114    1.825649E-12
  115    1.794037E-12
  116    2.760564E-12
  117    2.713577E-12
  118    2.667780E-12
  119    2.623132E-12
  120    2.579596E-12
  121    4.968298E-12
  122    4.887185E-12
  123    4.808043E-12
  124    4.730808E-12
  125    4.655419E-12
  126    6.713780E-12
  127    6.608469E-12
  128    6.505617E-12
  129    6.405147E-12
  130    6.306987E-12
  131    6.242209E-12
  132    6.147989E-12
  133    6.055887E-12
  134    5.965839E-12
  135    5.877785E-12
  136    4.750443E-12
  137    4.681348E-12
  138    4.613749E-12
  139    4.547604E-12
  140    4.482871E-12
  141    2.826973E-12
  142    2.787297E-12
  143    2.748451E-12
  144    2.710411E-12
  145    2.673155E-12
  146    2.652251E-12
  147    2.616289E-12
  148    2.581054E-12
  149    2.546526E-12
  150    2.512686E-12
  151    4.447933E-12
  152    4.389601E-12
  153    4.332409E-12
  154    4.276327E-12
  155    4.221327E-12
  156    4.974398E-12
  157    4.911233E-12
  158    4.849262E-12
  159    4.788458E-12
  160    4.728790E-12
  161    1.245666E-11
  162    1.230335E-11
  163    1.215285E-11
  164    1.200510E-11
  165    1.186003E-11
  166    1.087511E-11
  167    1.074526E-11
  168    1.061772E-11
  169    1.049244E-11
  170    1.036936E-11
  171    1.323136E-11
  172    1.307796E-11
  173    1.292720E-11
  174    1.277904E-11
  175    1.263342E-11
  176    1.852317E-11
  177    1.831446E-11
  178    1.810926E-11
  179    1.790749E-11
  180    1.770907E-11
  181    1.093818E-11
  182    1.081831E-11
  183    1.070041E-11
  184    1.058441E-11
  185    1.047030E-11
  186    1.250866E-11
  187    1.237524E-11
  188    1.224394E-11
  189    1.211472E-11
  190    1.198753E-11
  191    1.063579E-11
  192    1.052529E-11
  193    1.041650E-11
  194    1.030939E-11
  195    1.020392E-11
  196    1.155059E-11
  197    1.143363E-11
  198    1.131843E-11
  199    1.120496E-11
  200    1.109319E-11
  201    1.128388E-11
  202    1.117243E-11
  203    1.106263E-11
  204    1.095444E-11
  205    1.084783E-11
  206    4.920427E-12
  207    4.873002E-12
  208    4.826259E-12
  209    4.780186E-12
  210    4.734769E-12
  211    5.419148E-13
  212    5.368145E-13
  213    5.317858E-13
  214    5.268275E-13
  215    5.219382E-13
  216    0.000000E+00
  217    0.000000E+00
  218    0.000000E+00
  219    0.000000E+00
  220    0.000000E+00
  221    0.000000E+00
  222    0.000000E+00
  223    0.000000E+00
  224    0.000000E+00
  225    0.000000E+00
  226    2.869042E-13
  227    2.843820E-13
  228    2.818929E-13
  229    2.794363E-13
  230    2.770117E-13
  231    0.000000E+00
  232    0.000000E+00
  233    0.000000E+00
  234    0.000000E+00
  235    0.000000E+00
  236    0.000000E+00
  237    0.000000E+00
  238    0.000000E+00
  239    0.000000E+00
  240    0.000000E+00
  241    0.000000E+00
  242    0.000000E+00
  243    0.000000E+00
  244    0.000000E+00
  245    0.000000E+00
  246    1.107670E-11
  247    1.098719E-11
  248    1.089876E-11
  249    1.081140E-11
  250    1.072508E-11
  251    1.300826E-10
  252    1.290523E-10
  253    1.280341E-10
  254    1.270280E-10
  255    1.260336E-10
  256    1.986434E-10
  257    1.971005E-10
  258    1.955756E-10
  259    1.940683E-10
  260    1.925783E-10
  261    4.041964E-10
  262    4.011168E-10
  263    3.980723E-10
  264    3.950624E-10
  265    3.920864E-10
  266    3.729107E-10
  267    3.701226E-10
  268    3.673656E-10
  269    3.646394E-10
  270    3.619433E-10
  271    8.019554E-10
  272    7.960695E-10
  273    7.902482E-10
  274    7.844905E-10
  275    7.787955E-10
  276    1.804581E-09
  277    1.791575E-09
  278    1.778709E-09
  279    1.765981E-09
  280    1.753390E-09
  281    8.401428E-09
  282    8.341950E-09
  283    8.283100E-09
  284    8.224872E-09
  285    8.167255E-09
  286    1.554056E-08
  287    1.543245E-08
  288    1.532547E-08
  289    1.521959E-08
  290    1.511481E-08
  291    2.604878E-08
  292    2.587067E-08
  293    2.569438E-08
  294    2.551989E-08
  295    2.534717E-08
  296    3.856722E-08
  297    3.830795E-08
  298    3.805128E-08
  299    3.779718E-08
  300    3.754562E-08
  301    4.697078E-08
  302    4.666023E-08
  303    4.635275E-08
  304    4.604830E-08
  305    4.574684E-08
  306    7.479549E-08
  307    7.430901E-08
  308    7.382727E-08
  309    7.335020E-08
  310    7.287774E-08
  311    7.628881E-08
  312    7.580056E-08
  313    7.531699E-08
  314    7.483802E-08
  315    7.436362E-08
  316    1.032450E-07
  317    1.025947E-07
  318    1.019504E-07
  319    1.013122E-07
  320    1.006800E-07
  321    1.281143E-07
  322    1.273198E-07
  323    1.265327E-07
  324    1.257528E-07
  325    1.249801E-07
  326    1.253616E-07
  327    1.245961E-07
  328    1.238375E-07
  329    1.230858E-07
  330    1.223410E-07
  331    1.711129E-07
  332    1.700837E-07
  333    1.690637E-07
  334    1.680528E-07
  335    1.670510E-07
  336    1.633505E-07
  337    1.623825E-07
  338    1.614231E-07
  339    1.604721E-07
  340    1.595296E-07
  341    2.225913E-07
  342    2.212915E-07
  343    2.200031E-07
  344    2.187258E-07
  345    2.174597E-07
  346    2.376947E-07
  347    2.363267E-07
  348    2.349705E-07
  349    2.336259E-07
  350    2.322928E-07
  351    2.402946E-07
  352    2.389312E-07
  353    2.375794E-07
  354    2.362390E-07
  355    2.349100E-07
  356    3.103728E-07
  357    3.086364E-07
  358    3.069146E-07
  359    3.052072E-07
  360    3.035140E-07
  361    2.989274E-07
  362    2.972782E-07
  363    2.956425E-07
  364    2.940204E-07
  365    2.924115E-07
  366    3.617664E-07
  367    3.597976E-07
  368    3.578449E-07
  369    3.559079E-07
  370    3.539867E-07
  371    3.644906E-07
  372    3.625336E-07
  373    3.605923E-07
  374    3.586666E-07
  375    3.567563E-07
  376    4.127838E-07
  377    4.105969E-07
  378    4.084273E-07
  379    4.062748E-07
  380    4.041394E-07
  381    4.694178E-07
  382    4.669633E-07
  383    4.645281E-07
  384    4.621118E-07
  385    4.597144E-07
  386    4.452184E-07
  387    4.429205E-07
  388    4.406404E-07
  389    4.383778E-07
  390    4.361326E-07
  391    5.332287E-07
  392    5.305116E-07
  393    5.278152E-07
  394    5.251394E-07
  395    5.224838E-07
  396    5.143425E-07
  397    5.117546E-07
  398    5.091862E-07
  399    5.066371E-07
  400    5.041071E-07
  401    5.950818E-07
  402    5.921249E-07
  403    5.891899E-07
  404    5.862768E-07
  405    5.833852E-07
  406    6.205880E-07
  407    6.175422E-07
  408    6.145187E-07
  409    6.115174E-07
  410    6.085380E-07
  411    6.282038E-07
  412    6.251580E-07
  413    6.221342E-07
  414    6.191324E-07
  415    6.161522E-07
  416    6.764614E-07
  417    6.732208E-07
  418    6.700035E-07
  419    6.668092E-07
  420    6.636377E-07
  421    7.153780E-07
  422    7.119916E-07
  423    7.086292E-07
  424    7.052905E-07
  425    7.019754E-07
  426    7.864642E-07
  427    7.827848E-07
  428    7.791312E-07
  429    7.755031E-07
  430    7.719003E-07
  431    8.457395E-07
  432    8.418286E-07
  433    8.379447E-07
  434    8.340877E-07
  435    8.302572E-07
  436    9.138277E-07
  437    9.096502E-07
  438    9.055013E-07
  439    9.013807E-07
  440    8.972882E-07
  441    9.170559E-07
  442    9.129110E-07
  443    9.087942E-07
  444    9.047051E-07
  445    9.006436E-07
  446    1.000956E-06
  447    9.964828E-07
  448    9.920392E-07
  449    9.876252E-07
  450    9.832406E-07
  451    1.059619E-06
  452    1.054935E-06
  453    1.050283E-06
  454    1.045661E-06
  455    1.041070E-06
  456    1.156490E-06
  457    1.151435E-06
  458    1.146412E-06
  459    1.141422E-06
  460    1.136465E-06
  461    1.205625E-06
  462    1.200411E-06
  463    1.195232E-06
  464    1.190085E-06
  465    1.184972E-06
  466    1.152177E-06
  467    1.147247E-06
  468    1.142350E-06
  469    1.137484E-06
  470    1.132648E-06
  471    1.380462E-06
  472    1.374619E-06
  473    1.368813E-06
  474    1.363044E-06
  475    1.357310E-06
  476    1.361061E-06
  477    1.355360E-06
  478    1.349695E-06
  479    1.344065E-06
  480    1.338471E-06
  481    1.539728E-06
  482    1.533346E-06
  483    1.527003E-06
  484    1.520700E-06
  485    1.514435E-06
  486    1.500530E-06
  487    1.494374E-06
  488    1.488256E-06
  489    1.482175E-06
  490    1.476131E-06
  491    1.477137E-06
  492    1.471139E-06
  493    1.465177E-06
  494    1.459251E-06
  495    1.453361E-06
  496    1.708773E-06
  497    1.701903E-06
  498    1.695075E-06
  499    1.688288E-06
  500    1.681542E-06
  501    1.608511E-06
  502    1.602109E-06
  503    1.595745E-06
  504    1.589419E-06
  505    1.583131E-06
  506    1.844133E-06
  507    1.836866E-06
  508    1.829641E-06
  509    1.822459E-06
  510    1.815319E-06
  511    1.842156E-06
  512    1.834967E-06
  513    1.827820E-06
  514    1.820715E-06
  515    1.813651E-06
  516    1.892476E-06
  517    1.885162E-06
  518    1.877891E-06
  519    1.870661E-06
  520    1.863473E-06
  521    2.100472E-06
  522    2.092431E-06
  523    2.084437E-06
  524    2.076489E-06
  525    2.068586E-06
  526    1.867920E-06
  527    1.860838E-06
  528    1.853796E-06
  529    1.846794E-06
  530    1.839832E-06
  531    2.254944E-06
  532    2.246475E-06
  533    2.238053E-06
  534    2.229679E-06
  535    2.221351E-06
  536    2.158840E-06
  537    2.150808E-06
  538    2.142819E-06
  539    2.134876E-06
  540    2.126976E-06
  541    2.389634E-06
  542    2.380824E-06
  543    2.372063E-06
  544    2.363350E-06
  545    2.354685E-06
  546    2.396015E-06
  547    2.387263E-06
  548    2.378558E-06
  549    2.369901E-06
  550    2.361291E-06
  551    2.279418E-06
  552    2.271167E-06
  553    2.262960E-06
  554    2.254798E-06
  555    2.246680E-06
  556    2.652778E-06
  557    2.643261E-06
  558    2.633795E-06
  559    2.624380E-06
  560    2.615016E-06
  561    2.463333E-06
  562    2.454574E-06
  563    2.445862E-06
  564    2.437197E-06
  565    2.428577E-06
  566    2.772328E-06
  567    2.762558E-06
  568    2.752839E-06
  569    2.743171E-06
  570    2.733555E-06
  571    2.672935E-06
  572    2.663597E-06
  573    2.654308E-06
  574    2.645068E-06
  575    2.635875E-06
  576    2.926167E-06
  577    2.916034E-06
  578    2.905952E-06
  579    2.895923E-06
  580    2.885946E-06
  581    3.006498E-06
  582    2.996175E-06
  583    2.985906E-06
  584    2.975689E-06
  585    2.965524E-06
  586    2.985156E-06
  587    2.974994E-06
  588    2.964883E-06
  589    2.954825E-06
  590    2.944817E-06
  591    3.304994E-06
  592    3.293838E-06
  593    3.282739E-06
  594    3.271695E-06
  595    3.260707E-06
  596    3.245557E-06
  597    3.234694E-06
  598    3.223884E-06
  599    3.213129E-06
  600    3.202427E-06
  601    3.466545E-06
  602    3.455038E-06
  603    3.443588E-06
  604    3.432195E-06
  605    3.420858E-06
  606    3.403548E-06
  607    3.392343E-06
  608    3.381193E-06
  609    3.370098E-06
  610    3.359057E-06
  611    3.354281E-06
  612    3.343328E-06
  613    3.332429E-06
  614    3.321583E-06
  615    3.310790E-06
  616    3.872464E-06
  617    3.859921E-06
  618    3.847440E-06
  619    3.835019E-06
  620    3.822658E-06
  621    3.681361E-06
  622    3.669533E-06
  623    3.657762E-06
  624    3.646048E-06
  625    3.634390E-06
  626    4.044094E-06
  627    4.031204E-06
  628    4.018376E-06
  629    4.005609E-06
  630    3.992903E-06
  631    3.896993E-06
  632    3.884670E-06
  633    3.872406E-06
  634    3.860200E-06
  635    3.848052E-06
  636    4.074566E-06
  637    4.061783E-06
  638    4.049061E-06
  639    4.036397E-06
  640    4.023793E-06
  641    4.437425E-06
  642    4.423612E-06
  643    4.409863E-06
  644    4.396178E-06
  645    4.382557E-06
  646    4.169091E-06
  647    4.156213E-06
  648    4.143396E-06
  649    4.130637E-06
  650    4.117937E-06
  651    4.655761E-06
  652    4.641490E-06
  653    4.627285E-06
  654    4.613145E-06
  655    4.599070E-06
  656    4.533466E-06
  657    4.519676E-06
  658    4.505949E-06
  659    4.492284E-06
  660    4.478682E-06
  661    4.731383E-06
  662    4.717100E-06
  663    4.702881E-06
  664    4.688726E-06
  665    4.674636E-06
  666    4.890248E-06
  667    4.875595E-06
  668    4.861009E-06
  669    4.846487E-06
  670    4.832031E-06
  671    4.701491E-06
  672    4.687509E-06
  673    4.673590E-06
  674    4.659732E-06
  675    4.645935E-06
  676    5.375247E-06
  677    5.359380E-06
  678    5.343582E-06
  679    5.327854E-06
  680    5.312195E-06
  681    5.069302E-06
  682    5.054447E-06
  683    5.039657E-06
  684    5.024932E-06
  685    5.010271E-06
  686    5.609913E-06
  687    5.593593E-06
  688    5.577345E-06
  689    5.561167E-06
  690    5.545059E-06
  691    5.494433E-06
  692    5.478565E-06
  693    5.462765E-06
  694    5.447034E-06
  695    5.431370E-06
  696    5.510055E-06
  697    5.494255E-06
  698    5.478524E-06
  699    5.462860E-06
  700    5.447263E-06
  701    5.991397E-06
  702    5.974340E-06
  703    5.957355E-06
  704    5.940443E-06
  705    5.923603E-06
  706    5.608823E-06
  707    5.592968E-06
  708    5.577180E-06
  709    5.561458E-06
  710    5.545803E-06
  711    6.327809E-06
  712    6.310046E-06
  713    6.292359E-06
  714    6.274745E-06
  715    6.257206E-06
  716    6.313021E-06
  717    6.295423E-06
  718    6.277900E-06
  719    6.260449E-06
  720    6.243071E-06
  721    6.838623E-06
  722    6.819693E-06
  723    6.800841E-06
  724    6.782067E-06
  725    6.763371E-06
  726    6.988202E-06
  727    6.968991E-06
  728    6.949858E-06
  729    6.930805E-06
  730    6.911829E-06
  731    6.858406E-06
  732    6.839680E-06
  733    6.821030E-06
  734    6.802457E-06
  735    6.783959E-06
  736    7.413031E-06
  737    7.392928E-06
  738    7.372906E-06
  739    7.352966E-06
  740    7.333107E-06
  741    7.372282E-06
  742    7.352424E-06
  743    7.332646E-06
  744    7.312948E-06
  745    7.293329E-06
  746    7.637909E-06
  747    7.617474E-06
  748    7.597120E-06
  749    7.576847E-06
  750    7.556656E-06
  751    7.534437E-06
  752    7.514412E-06
  753    7.494466E-06
  754    7.474600E-06
  755    7.454813E-06
  756    6.928100E-06
  757    6.909808E-06
  758    6.891589E-06
  759    6.873441E-06
  760    6.855365E-06
  761    7.995225E-06
  762    7.974254E-06
  763    7.953365E-06
  764    7.932558E-06
  765    7.911833E-06
  766    7.804192E-06
  767    7.783855E-06
  768    7.763598E-06
  769    7.743419E-06
  770    7.723320E-06
  771    8.717967E-06
  772    8.695396E-06
  773    8.672913E-06
  774    8.650516E-06
  775    8.628207E-06
  776    9.686542E-06
  777    9.661625E-06
  778    9.636804E-06
  779    9.612079E-06
  780    9.587448E-06
  781    1.100536E-05
  782    1.097723E-05
  783    1.094921E-05
  784    1.092129E-05
  785    1.089349E-05
  786    1.207103E-05
  787    1.204037E-05
  788    1.200983E-05
  789    1.197941E-05
  790    1.194910E-05
  791    1.258075E-05
  792    1.254901E-05
  793    1.251738E-05
  794    1.248587E-05
  795    1.245447E-05
  796    1.365738E-05
  797    1.362313E-05
  798    1.358901E-05
  799    1.355502E-05
  800    1.352115E-05
  801    1.405439E-05
  802    1.401937E-05
  803    1.398447E-05
  804    1.394971E-05
  805    1.391507E-05
  806    1.553357E-05
  807    1.549509E-05
  808    1.545676E-05
  809    1.541857E-05
  810    1.538053E-05
  811    1.659954E-05
  812    1.655868E-05
  813    1.651797E-05
  814    1.647741E-05
  815    1.643700E-05
  816    1.750161E-05
  817    1.745879E-05
  818    1.741613E-05
  819    1.737363E-05
  820    1.733128E-05
  821    1.840622E-05
  822    1.836146E-05
  823    1.831687E-05
  824    1.827244E-05
  825    1.822817E-05
  826    1.812354E-05
  827    1.807974E-05
  828    1.803610E-05
  829    1.799261E-05
  830    1.794928E-05
  831    1.727613E-05
  832    1.723462E-05
  833    1.719327E-05
  834    1.715206E-05
  835    1.711100E-05
  836    1.465075E-05
  837    1.461577E-05
  838    1.458090E-05
  839    1.454617E-05
  840    1.451155E-05
  841    1.162360E-05
  842    1.159601E-05
  843    1.156852E-05
  844    1.154112E-05
  845    1.151382E-05
  846    7.757115E-06
  847    7.738809E-06
  848    7.720568E-06
  849    7.702391E-06
  850    7.684279E-06
  851    1.857907E-06
  852    1.853548E-06
  853    1.849205E-06
  854    1.844877E-06
  855    1.840564E-06
  856   -3.518539E-06
  857   -3.510332E-06
  858   -3.502154E-06
  859   -3.494005E-06
  860   -3.485884E-06
  861   -7.286599E-06
  862   -7.269702E-06
  863   -7.252865E-06
  864   -7.236085E-06
  865   -7.219364E-06
  866   -9.496655E-06
  867   -9.474761E-06
  868   -9.452942E-06
  869   -9.431199E-06
  870   -9.409530E-06
  871   -6.812668E-06
  872   -6.797052E-06
  873   -6.781489E-06
  874   -6.765980E-06
  875   -6.750523E-06
  876    2.713157E-06
  877    2.706973E-06
  878    2.700811E-06
  879    2.694669E-06
  880    2.688548E-06
  881    2.139643E-05
  882    2.134794E-05
  883    2.129961E-05
  884    2.125145E-05
  885    2.120345E-05
  886    4.866872E-05
  887    4.855904E-05
  888    4.844973E-05
  889    4.834080E-05
  890    4.823223E-05
  891    8.910023E-05
  892    8.890057E-05
  893    8.870157E-05
  894    8.850324E-05
  895    8.830558E-05
  896    1.373764E-04
  897    1.370703E-04
  898    1.367652E-04
  899    1.364611E-04
  900    1.361580E-04
  901    1.897207E-04
  902    1.893002E-04
  903    1.888812E-04
  904    1.884635E-04
  905    1.880473E-04
  906    2.554610E-04
  907    2.548980E-04
  908    2.543369E-04
  909    2.537776E-04
  910    2.532201E-04
  911    2.852096E-04
  912    2.845845E-04
  913    2.839614E-04
  914    2.833404E-04
  915    2.827214E-04
  916    3.338023E-04
  917    3.330747E-04
  918    3.323494E-04
  919    3.316265E-04
  920    3.309060E-04
  921    3.167059E-04
  922    3.160193E-04
  923    3.153349E-04
  924    3.146527E-04
  925    3.139727E-04
  926    2.767506E-04
  927    2.761539E-04
  928    2.755590E-04
  929    2.749661E-04
  930    2.743751E-04
  931    1.679399E-04
  932    1.675797E-04
  933    1.672207E-04
  934    1.668628E-04
  935    1.665061E-04
  936   -6.102524E-05
  937   -6.089505E-05
  938   -6.076528E-05
  939   -6.063592E-05
  940   -6.050698E-05
  941   -4.301994E-04
  942   -4.292866E-04
  943   -4.283766E-04
  944   -4.274695E-04
  945   -4.265653E-04
  946   -8.987753E-04
  947   -8.968781E-04
  948   -8.949870E-04
  949   -8.931018E-04
  950   -8.912226E-04
  951   -1.466349E-03
  952   -1.463270E-03
  953   -1.460200E-03
  954   -1.457141E-03
  955   -1.454091E-03
  956   -1.917100E-03
  957   -1.913095E-03
  958   -1.909103E-03
  959   -1.905124E-03
  960   -1.901157E-03
  961   -2.108141E-03
  962   -2.103761E-03
  963   -2.099394E-03
  964   -2.095040E-03
  965   -2.090701E-03
  966   -2.359978E-03
  967   -2.355099E-03
  968   -2.350236E-03
  969   -2.345388E-03
  970   -2.340554E-03
  971   -2.021103E-03
  972   -2.016946E-03
  973   -2.012803E-03
  974   -2.008672E-03
  975   -2.004553E-03
  976   -1.678738E-03
  977   -1.675303E-03
  978   -1.671879E-03
  979   -1.668465E-03
  980   -1.665062E-03
  981   -5.983199E-04
  982   -5.971019E-04
  983   -5.958877E-04
  984   -5.946771E-04
  985   -5.934703E-04
  986    1.268404E-03
  987    1.265835E-03
  988    1.263274E-03
  989    1.260721E-03
  990    1.258175E-03
  991    4.474782E-03
  992    4.465765E-03
  993    4.456775E-03
  994    4.447812E-03
  995    4.438876E-03
  996    8.561235E-03
  997    8.544069E-03
  998    8.526956E-03
  999    8.509893E-03
 1000    8.492882E-03
 1001    1.362244E-02
 1002    1.359526E-02
 1003    1.356817E-02
 1004    1.354115E-02
 1005    1.351422E-02
 1006    1.749682E-02
 1007    1.746208E-02
 1008    1.742745E-02
 1009    1.739293E-02
 1010    1.735850E-02
 1011    2.052861E-02
 1012    2.048806E-02
 1013    2.044763E-02
 1014    2.040732E-02
 1015    2.036713E-02
 1016    2.404186E-02
 1017    2.399460E-02
 1018    2.394749E-02
 1019    2.390051E-02
 1020    2.385367E-02
 1021    2.336029E-02
 1022    2.331459E-02
 1023    2.326904E-02
 1024    2.322361E-02
 1025    2.317832E-02
 1026    2.403412E-02
 1027    2.398734E-02
 1028    2.394069E-02
 1029    2.389418E-02
 1030    2.384781E-02
 1031    2.316351E-02
 1032    2.311865E-02
 1033    2.307391E-02
 1034    2.302930E-02
 1035    2.298482E-02
 1036    2.150852E-02
 1037    2.146706E-02
 1038    2.142571E-02
 1039    2.138449E-02
 1040    2.134339E-02
 1041    1.906353E-02
 1042    1.902696E-02
 1043    1.899049E-02
 1044    1.895413E-02
 1045    1.891787E-02
 1046    1.397157E-02
 1047    1.394489E-02
 1048    1.391829E-02
 1049    1.389177E-02
 1050    1.386532E-02
 1051    8.931305E-03
 1052    8.914334E-03
 1053    8.897410E-03
 1054    8.880535E-03
 1055    8.863708E-03
 1056    4.188424E-03
 1057    4.180503E-03
 1058    4.172604E-03
 1059    4.164727E-03
 1060    4.156873E-03
 1061    9.412520E-04
 1062    9.394803E-04
 1063    9.377135E-04
 1064    9.359517E-04
 1065    9.341949E-04
 1066   -1.098203E-03
 1067   -1.096146E-03
 1068   -1.094094E-03
 1069   -1.092048E-03
 1070   -1.090008E-03
 1071   -2.229265E-03
 1072   -2.225108E-03
 1073   -2.220962E-03
 1074   -2.216828E-03
 1075   -2.212706E-03
 1076   -2.665233E-03
 1077   -2.660286E-03
 1078   -2.655353E-03
 1079   -2.650433E-03
 1080   -2.645527E-03
 1081   -2.994694E-03
 1082   -2.989161E-03
 1083   -2.983643E-03
 1084   -2.978141E-03
 1085   -2.972654E-03
 1086   -2.863363E-03
 1087   -2.858097E-03
 1088   -2.852845E-03
 1089   -2.847608E-03
 1090   -2.842386E-03
 1091   -2.503908E-03
 1092   -2.499324E-03
 1093   -2.494753E-03
 1094   -2.490194E-03
 1095   -2.485648E-03
 1096   -1.990620E-03
 1097   -1.986993E-03
 1098   -1.983375E-03
 1099   -1.979767E-03
 1100   -1.976169E-03
 1101   -1.323312E-03
 1102   -1.320911E-03
 1103   -1.318517E-03
 1104   -1.316130E-03
 1105   -1.313748E-03
 1106   -6.509682E-04
 1107   -6.497927E-04
 1108   -6.486203E-04
 1109   -6.474511E-04
 1110   -6.462850E-04
 1111   -2.024754E-04
 1112   -2.021114E-04
 1113   -2.017484E-04
 1114   -2.013864E-04
 1115   -2.010253E-04
 1116    8.335718E-05
 1117    8.320799E-05
 1118    8.305921E-05
 1119    8.291082E-05
 1120    8.276283E-05
 1121    2.490830E-04
 1122    2.486392E-04
 1123    2.481966E-04
 1124    2.477552E-04
 1125    2.473149E-04
 1126    2.990626E-04
 1127    2.985321E-04
 1128    2.980030E-04
 1129    2.974753E-04
 1130    2.969491E-04
 1131    3.152704E-04
 1132    3.147136E-04
 1133    3.141583E-04
 1134    3.136045E-04
 1135    3.130521E-04
 1136    2.876035E-04
 1137    2.870978E-04
 1138    2.865935E-04
 1139    2.860905E-04
 1140    2.855888E-04
 1141    2.418626E-04
 1142    2.414392E-04
 1143    2.410169E-04
 1144    2.405958E-04
 1145    2.401757E-04
 1146    1.832317E-04
 1147    1.829123E-04
 1148    1.825938E-04
 1149    1.822761E-04
 1150    1.819593E-04
 1151    1.023236E-04
 1152    1.021461E-04
 1153    1.019690E-04
 1154    1.017923E-04
 1155    1.016161E-04
 1156    3.972212E-05
 1157    3.965349E-05
 1158    3.958503E-05
 1159    3.951675E-05
 1160    3.944865E-05
 1161   -1.107540E-05
 1162   -1.105635E-05
 1163   -1.103734E-05
 1164   -1.101839E-05
 1165   -1.099948E-05
 1166   -4.748286E-05
 1167   -4.740152E-05
 1168   -4.732039E-05
 1169   -4.723946E-05
 1170   -4.715875E-05
 1171   -7.341381E-05
 1172   -7.328858E-05
 1173   -7.316368E-05
 1174   -7.303909E-05
 1175   -7.291482E-05
 1176   -7.943982E-05
 1177   -7.930489E-05
 1178   -7.917031E-05
 1179   -7.903606E-05
 1180   -7.890216E-05
 1181   -8.633419E-05
 1182   -8.618817E-05
 1183   -8.604252E-05
 1184   -8.589724E-05
 1185   -8.575233E-05
 1186   -8.286965E-05
 1187   -8.273008E-05
 1188   -8.259086E-05
 1189   -8.245199E-05
 1190   -8.231347E-05
 1191   -7.178661E-05
 1192   -7.166621E-05
 1193   -7.154612E-05
 1194   -7.142632E-05
 1195   -7.130683E-05
 1196   -6.116607E-05
 1197   -6.106391E-05
 1198   -6.096201E-05
 1199   -6.086036E-05
 1200   -6.075897E-05
 1201   -4.600067E-05
 1202   -4.592416E-05
 1203   -4.584784E-05
 1204   -4.577171E-05
 1205   -4.569578E-05
 1206   -3.561034E-05
 1207   -3.555136E-05
 1208   -3.549252E-05
 1209   -3.543384E-05
 1210   -3.537529E-05
 1211   -2.618385E-05
 1212   -2.614066E-05
 1213   -2.609757E-05
 1214   -2.605460E-05
 1215   -2.601173E-05
 1216   -2.079134E-05
 1217   -2.075719E-05
 1218   -2.072312E-05
 1219   -2.068913E-05
 1220   -2.065523E-05
 1221   -1.824240E-05
 1222   -1.821256E-05
 1223   -1.818279E-05
 1224   -1.815309E-05
 1225   -1.812347E-05
 1226   -1.585853E-05
 1227   -1.583270E-05
 1228   -1.580692E-05
 1229   -1.578121E-05
 1230   -1.575556E-05
 1231   -1.672900E-05
 1232   -1.670185E-05
 1233   -1.667477E-05
 1234   -1.664776E-05
 1235   -1.662081E-05
 1236   -1.638797E-05
 1237   -1.636148E-05
 1238   -1.633506E-05
 1239   -1.630871E-05
 1240   -1.628241E-05
 1241   -1.668357E-05
 1242   -1.665672E-05
 1243   -1.662993E-05
 1244   -1.660320E-05
 1245   -1.657654E-05
 1246   -1.700943E-05
 1247   -1.698216E-05
 1248   -1.695496E-05
 1249   -1.692782E-05
 1250   -1.690075E-05
 1251   -1.585607E-05
 1252   -1.583075E-05
 1253   -1.580549E-05
 1254   -1.578029E-05
 1255   -1.575515E-05
 1256   -1.629677E-05
 1257   -1.627085E-05
 1258   -1.624499E-05
 1259   -1.621919E-05
 1260   -1.619346E-05
 1261   -1.512562E-05
 1262   -1.510166E-05
 1263   -1.507776E-05
 1264   -1.505391E-05
 1265   -1.503012E-05
 1266   -1.617043E-05
 1267   -1.614492E-05
 1268   -1.611946E-05
 1269   -1.609407E-05
 1270   -1.606873E-05
 1271   -1.722038E-05
 1272   -1.719331E-05
 1273   -1.716631E-05
 1274   -1.713937E-05
 1275   -1.711250E-05
 1276   -1.726956E-05
 1277   -1.724253E-05
 1278   -1.721555E-05
 1279   -1.718864E-05
 1280   -1.716180E-05
 1281   -1.807116E-05
 1282   -1.804297E-05
 1283   -1.801486E-05
 1284   -1.798681E-05
 1285   -1.795883E-05
 1286   -1.777879E-05
 1287   -1.775117E-05
 1288   -1.772361E-05
 1289   -1.769613E-05
 1290   -1.766870E-05
 1291   -1.789773E-05
 1292   -1.787004E-05
 1293   -1.784241E-05
 1294   -1.781484E-05
 1295   -1.778734E-05
 1296   -1.625850E-05
 1297   -1.623344E-05
 1298   -1.620843E-05
 1299   -1.618349E-05
 1300   -1.615860E-05
 1301   -1.512241E-05
 1302   -1.509919E-05
 1303   -1.507602E-05
 1304   -1.505291E-05
 1305   -1.502985E-05
 1306   -1.401392E-05
 1307   -1.399249E-05
 1308   -1.397110E-05
 1309   -1.394976E-05
 1310   -1.392847E-05
 1311   -1.341099E-05
 1312   -1.339056E-05
 1313   -1.337017E-05
 1314   -1.334983E-05
 1315   -1.332953E-05
 1316   -1.338223E-05
 1317   -1.336191E-05
 1318   -1.334164E-05
 1319   -1.332142E-05
 1320   -1.330124E-05
 1321   -1.293593E-05
 1322   -1.291637E-05
 1323   -1.289685E-05
 1324   -1.287737E-05
 1325   -1.285794E-05
 1326   -1.301838E-05
 1327   -1.299876E-05
 1328   -1.297919E-05
 1329   -1.295967E-05
 1330   -1.294019E-05
 1331   -1.295729E-05
 1332   -1.293784E-05
 1333   -1.291844E-05
 1334   -1.289907E-05
 1335   -1.287976E-05
 1336   -1.305487E-05
 1337   -1.303535E-05
 1338   -1.301587E-05
 1339   -1.299644E-05
 1340   -1.297705E-05
 1341   -1.314701E-05
 1342   -1.312743E-05
 1343   -1.310788E-05
 1344   -1.308839E-05
 1345   -1.306893E-05
 1346   -1.268085E-05
 1347   -1.266203E-05
 1348   -1.264325E-05
 1349   -1.262451E-05
 1350   -1.260582E-05
 1351   -1.249389E-05
 1352   -1.247541E-05
 1353   -1.245698E-05
 1354   -1.243859E-05
 1355   -1.242023E-05
 1356   -1.215767E-05
 1357   -1.213976E-05
 1358   -1.212189E-05
 1359   -1.210406E-05
 1360   -1.208626E-05
 1361   -1.179986E-05
 1362   -1.178254E-05
 1363   -1.176526E-05
 1364   -1.174802E-05
 1365   -1.173081E-05
 1366   -1.163133E-05
 1367   -1.161432E-05
 1368   -1.159734E-05
 1369   -1.158041E-05
 1370   -1.156351E-05
 1371   -1.163504E-05
 1372   -1.161808E-05
 1373   -1.160117E-05
 1374   -1.158429E-05
 1375   -1.156744E-05
 1376   -1.216275E-05
 1377   -1.214509E-05
 1378   -1.212747E-05
 1379   -1.210989E-05
 1380   -1.209234E-05
 1381   -1.171022E-05
 1382   -1.169328E-05
 1383   -1.167638E-05
 1384   -1.165951E-05
 1385   -1.164268E-05
 1386   -1.194449E-05
 1387   -1.192727E-05
 1388   -1.191009E-05
 1389   -1.189294E-05
 1390   -1.187584E-05
 1391   -1.135129E-05
 1392   -1.133499E-05
 1393   -1.131872E-05
 1394   -1.130249E-05
 1395   -1.128629E-05
 1396   -1.158225E-05
 1397   -1.156568E-05
 1398   -1.154914E-05
 1399   -1.153263E-05
 1400   -1.151616E-05
 1401   -1.132789E-05
 1402   -1.131173E-05
 1403   -1.129561E-05
 1404   -1.127953E-05
 1405   -1.126348E-05
 1406   -1.077135E-05
 1407   -1.075605E-05
 1408   -1.074077E-05
 1409   -1.072553E-05
 1410   -1.071033E-05
 1411   -1.076497E-05
 1412   -1.074973E-05
 1413   -1.073452E-05
 1414   -1.071934E-05
 1415   -1.070420E-05
 1416   -1.049908E-05
 1417   -1.048427E-05
 1418   -1.046949E-05
 1419   -1.045474E-05
 1420   -1.044002E-05
 1421   -1.058950E-05
 1422   -1.057461E-05
 1423   -1.055975E-05
 1424   -1.054493E-05
 1425   -1.053013E-05
 1426   -1.093299E-05
 1427   -1.091767E-05
 1428   -1.090239E-05
 1429   -1.088713E-05
 1430   -1.087191E-05
 1431   -1.070779E-05
 1432   -1.069284E-05
 1433   -1.067793E-05
 1434   -1.066304E-05
 1435   -1.064818E-05
 1436   -1.085797E-05
 1437   -1.084286E-05
 1438   -1.082779E-05
 1439   -1.081274E-05
 1440   -1.079773E-05
 1441   -1.060427E-05
 1442   -1.058957E-05
 1443   -1.057490E-05
 1444   -1.056025E-05
 1445   -1.054564E-05
 1446   -1.044454E-05
 1447   -1.043011E-05
 1448   -1.041571E-05
 1449   -1.040134E-05
 1450   -1.038700E-05
 1451   -1.016216E-05
 1452   -1.014817E-05
 1453   -1.013421E-05
 1454   -1.012027E-05
 1455   -1.010636E-05
 1456   -9.653508E-06
 1457   -9.640262E-06
 1458   -9.627042E-06
 1459   -9.613850E-06
 1460   -9.600685E-06
 1461   -1.016162E-05
 1462   -1.014772E-05
 1463   -1.013385E-05
 1464   -1.012001E-05
 1465   -1.010620E-05
 1466   -9.664964E-06
 1467   -9.651792E-06
 1468   -9.638647E-06
 1469   -9.625529E-06
 1470   -9.612438E-06
 1471   -9.944658E-06
 1472   -9.931151E-06
 1473   -9.917672E-06
 1474   -9.904219E-06
 1475   -9.890794E-06
 1476   -9.603417E-06
 1477   -9.590418E-06
 1478   -9.577445E-06
 1479   -9.564498E-06
 1480   -9.551577E-06
 1481   -9.777853E-06
 1482   -9.764662E-06
 1483   -9.751498E-06
 1484   -9.738360E-06
 1485   -9.725249E-06
 1486   -1.002046E-05
 1487   -1.000698E-05
 1488   -9.993537E-06
 1489   -9.980119E-06
 1490   -9.966727E-06
 1491   -9.652720E-06
 1492   -9.639785E-06
 1493   -9.626876E-06
 1494   -9.613993E-06
 1495   -9.601135E-06
 1496   -9.537568E-06
 1497   -9.524830E-06
 1498   -9.512117E-06
 1499   -9.499430E-06
 1500   -9.486768E-06
 1501   -9.284406E-06
 1502   -9.272047E-06
 1503   -9.259713E-06
 1504   -9.247404E-06
 1505   -9.235119E-06
 1506   -9.153142E-06
 1507   -9.140999E-06
 1508   -9.128879E-06
 1509   -9.116784E-06
 1510   -9.104713E-06
 1511   -9.167916E-06
 1512   -9.155793E-06
 1513   -9.143694E-06
 1514   -9.131619E-06
 1515   -9.119568E-06
 1516   -8.822558E-06
 1517   -8.810930E-06
 1518   -8.799325E-06
 1519   -8.787743E-06
 1520   -8.776184E-06
 1521   -8.954150E-06
 1522   -8.942387E-06
 1523   -8.930648E-06
 1524   -8.918932E-06
 1525   -8.907239E-06
 1526   -9.247420E-06
 1527   -9.235312E-06
 1528   -9.223228E-06
 1529   -9.211168E-06
 1530   -9.199131E-06
 1531   -9.081943E-06
 1532   -9.070091E-06
 1533   -9.058261E-06
 1534   -9.046455E-06
 1535   -9.034672E-06
 1536   -8.941303E-06
 1537   -8.929672E-06
 1538   -8.918064E-06
 1539   -8.906478E-06
 1540   -8.894915E-06
 1541   -8.537984E-06
 1542   -8.526913E-06
 1543   -8.515865E-06
 1544   -8.504837E-06
 1545   -8.493831E-06
 1546   -8.878532E-06
 1547   -8.867057E-06
 1548   -8.855604E-06
 1549   -8.844174E-06
 1550   -8.832766E-06
 1551   -8.314738E-06
 1552   -8.304027E-06
 1553   -8.293336E-06
 1554   -8.282666E-06
 1555   -8.272017E-06
 1556   -8.340314E-06
 1557   -8.329604E-06
 1558   -8.318915E-06
 1559   -8.308246E-06
 1560   -8.297598E-06
 1561   -8.111413E-06
 1562   -8.101030E-06
 1563   -8.090668E-06
 1564   -8.080325E-06
 1565   -8.070002E-06
 1566   -7.977951E-06
 1567   -7.967772E-06
 1568   -7.957612E-06
 1569   -7.947472E-06
 1570   -7.937351E-06
 1571   -8.010286E-06
 1572   -8.000098E-06
 1573   -7.989930E-06
 1574   -7.979781E-06
 1575   -7.969651E-06
 1576   -8.046707E-06
 1577   -8.036505E-06
 1578   -8.026323E-06
 1579   -8.016160E-06
 1580   -8.006016E-06
 1581   -7.947806E-06
 1582   -7.937762E-06
 1583   -7.927736E-06
 1584   -7.917729E-06
 1585   -7.907742E-06
 1586   -7.987258E-06
 1587   -7.977195E-06
 1588   -7.967151E-06
 1589   -7.957127E-06
 1590   -7.947121E-06
 1591   -7.732160E-06
 1592   -7.722449E-06
 1593   -7.712756E-06
 1594   -7.703082E-06
 1595   -7.693426E-06
 1596   -7.501506E-06
 1597   -7.492114E-06
 1598   -7.482740E-06
 1599   -7.473384E-06
 1600   -7.464045E-06
 1601   -7.169193E-06
 1602   -7.160245E-06
 1603   -7.151314E-06
 1604   -7.142400E-06
 1605   -7.133503E-06
 1606   -6.894067E-06
 1607   -6.885490E-06
 1608   -6.876928E-06
 1609   -6.868383E-06
 1610   -6.859853E-06
 1611   -6.877597E-06
 1612   -6.869067E-06
 1613   -6.860552E-06
 1614   -6.852053E-06
 1615   -6.843570E-06
 1616   -6.641383E-06
 1617   -6.633171E-06
 1618   -6.624974E-06
 1619   -6.616793E-06
 1620   -6.608627E-06
 1621   -6.620297E-06
 1622   -6.612137E-06
 1623   -6.603991E-06
 1624   -6.595861E-06
 1625   -6.587745E-06
 1626   -6.486094E-06
 1627   -6.478123E-06
 1628   -6.470167E-06
 1629   -6.462226E-06
 1630   -6.454299E-06
 1631   -6.641221E-06
 1632   -6.633085E-06
 1633   -6.624963E-06
 1634   -6.616857E-06
 1635   -6.608765E-06
 1636   -6.432758E-06
 1637   -6.424901E-06
 1638   -6.417059E-06
 1639   -6.409231E-06
 1640   -6.401417E-06
 1641   -6.414334E-06
 1642   -6.406523E-06
 1643   -6.398727E-06
 1644   -6.390945E-06
 1645   -6.383177E-06
 1646   -6.111624E-06
 1647   -6.104205E-06
 1648   -6.096799E-06
 1649   -6.089407E-06
 1650   -6.082028E-06
 1651   -6.031518E-06
 1652   -6.024218E-06
 1653   -6.016932E-06
 1654   -6.009658E-06
 1655   -6.002398E-06
 1656   -5.764606E-06
 1657   -5.757650E-06
 1658   -5.750707E-06
 1659   -5.743777E-06
 1660   -5.736858E-06
 1661   -5.508986E-06
 1662   -5.502359E-06
 1663   -5.495743E-06
 1664   -5.489140E-06
 1665   -5.482548E-06
 1666   -5.617277E-06
 1667   -5.610539E-06
 1668   -5.603814E-06
 1669   -5.597101E-06
 1670   -5.590400E-06
 1671   -5.538770E-06
 1672   -5.532146E-06
 1673   -5.525535E-06
 1674   -5.518935E-06
 1675   -5.512348E-06
 1676   -5.622648E-06
 1677   -5.615945E-06
 1678   -5.609253E-06
 1679   -5.602573E-06
 1680   -5.595906E-06
 1681   -5.484747E-06
 1682   -5.478227E-06
 1683   -5.471719E-06
 1684   -5.465222E-06
 1685   -5.458738E-06
 1686   -5.404008E-06
 1687   -5.397603E-06
 1688   -5.391210E-06
 1689   -5.384828E-06
 1690   -5.378457E-06
 1691   -5.269833E-06
 1692   -5.263606E-06
 1693   -5.257390E-06
 1694   -5.251185E-06
 1695   -5.244990E-06
 1696   -5.045675E-06
 1697   -5.039730E-06
 1698   -5.033796E-06
 1699   -5.027872E-06
 1700   -5.021959E-06
 1701   -4.826937E-06
 1702   -4.821266E-06
 1703   -4.815606E-06
 1704   -4.809956E-06
 1705   -4.804315E-06
 1706   -4.532367E-06
 1707   -4.527059E-06
 1708   -4.521759E-06
 1709   -4.516469E-06
 1710   -4.511188E-06
 1711   -4.350647E-06
 1712   -4.345566E-06
 1713   -4.340494E-06
 1714   -4.335431E-06
 1715   -4.330376E-06
 1716   -4.327920E-06
 1717   -4.322880E-06
 1718   -4.317849E-06
 1719   -4.312827E-06
 1720   -4.307814E-06
 1721   -4.196343E-06
 1722   -4.191470E-06
 1723   -4.186606E-06
 1724   -4.181751E-06
 1725   -4.176904E-06
 1726   -4.317695E-06
 1727   -4.312696E-06
 1728   -4.307706E-06
 1729   -4.302724E-06
 1730   -4.297751E-06
 1731   -4.173161E-06
 1732   -4.168343E-06
 1733   -4.163534E-06
 1734   -4.158733E-06
 1735   -4.153941E-06
 1736   -4.175050E-06
 1737   -4.170244E-06
 1738   -4.165446E-06
 1739   -4.160657E-06
 1740   -4.155876E-06
 1741   -4.069855E-06
 1742   -4.065183E-06
 1743   -4.060520E-06
 1744   -4.055865E-06
 1745   -4.051218E-06
 1746   -3.822195E-06
 1747   -3.817821E-06
 1748   -3.813454E-06
 1749   -3.809095E-06
 1750   -3.804743E-06
 1751   -3.698655E-06
 1752   -3.694434E-06
 1753   -3.690220E-06
 1754   -3.686013E-06
 1755   -3.681814E-06
 1756   -3.472603E-06
 1757   -3.468651E-06
 1758   -3.464706E-06
 1759   -3.460768E-06
 1760   -3.456837E-06
 1761   -3.424389E-06
 1762   -3.420504E-06
 1763   -3.416624E-06
 1764   -3.412752E-06
 1765   -3.408886E-06
 1766   -3.268963E-06
 1767   -3.265264E-06
 1768   -3.261572E-06
 1769   -3.257885E-06
 1770   -3.254205E-06
 1771   -3.251016E-06
 1772   -3.247348E-06
 1773   -3.243685E-06
 1774   -3.240030E-06
 1775   -3.236380E-06
 1776   -3.299561E-06
 1777   -3.295849E-06
 1778   -3.292142E-06
 1779   -3.288442E-06
 1780   -3.284749E-06
 1781   -3.199475E-06
 1782   -3.195886E-06
 1783   -3.192302E-06
 1784   -3.188724E-06
 1785   -3.185152E-06
 1786   -3.176777E-06
 1787   -3.173223E-06
 1788   -3.169675E-06
 1789   -3.166132E-06
 1790   -3.162595E-06
 1791   -3.016206E-06
 1792   -3.012840E-06
 1793   -3.009481E-06
 1794   -3.006126E-06
 1795   -3.002778E-06
 1796   -2.891070E-06
 1797   -2.887853E-06
 1798   -2.884642E-06
 1799   -2.881436E-06
 1800   -2.878235E-06
 1801   -2.708871E-06
 1802   -2.705865E-06
 1803   -2.702864E-06
 1804   -2.699869E-06
 1805   -2.696878E-06
 1806   -2.505428E-06
 1807   -2.502656E-06
 1808   -2.499889E-06
 1809   -2.497125E-06
 1810   -2.494367E-06
 1811   -2.397701E-06
 1812   -2.395055E-06
 1813   -2.392414E-06
 1814   -2.389777E-06
 1815   -2.387144E-06
 1816   -2.295520E-06
 1817   -2.292994E-06
 1818   -2.290472E-06
 1819   -2.287954E-06
 1820   -2.285441E-06
 1821   -2.329302E-06
 1822   -2.326745E-06
 1823   -2.324193E-06
 1824   -2.321646E-06
 1825   -2.319102E-06
 1826   -2.260739E-06
 1827   -2.258265E-06
 1828   -2.255795E-06
 1829   -2.253329E-06
 1830   -2.250867E-06
 1831   -2.233559E-06
 1832   -2.231121E-06
 1833   -2.228688E-06
 1834   -2.226258E-06
 1835   -2.223832E-06
 1836   -2.207958E-06
 1837   -2.205555E-06
 1838   -2.203155E-06
 1839   -2.200760E-06
 1840   -2.198368E-06
 1841   -2.111717E-06
 1842   -2.109425E-06
 1843   -2.107137E-06
 1844   -2.104852E-06
 1845   -2.102571E-06
 1846   -2.012321E-06
 1847   -2.010142E-06
 1848   -2.007968E-06
 1849   -2.005796E-06
 1850   -2.003628E-06
 1851   -1.857806E-06
 1852   -1.855800E-06
 1853   -1.853798E-06
 1854   -1.851799E-06
 1855   -1.849803E-06
 1856   -1.741400E-06
 1857   -1.739525E-06
 1858   -1.737653E-06
 1859   -1.735784E-06
 1860   -1.733918E-06
 1861   -1.665630E-06
 1862   -1.663842E-06
 1863   -1.662056E-06
 1864   -1.660273E-06
 1865   -1.658493E-06
 1866   -1.616035E-06
 1867   -1.614304E-06
 1868   -1.612576E-06
 1869   -1.610851E-06
 1870   -1.609129E-06
 1871   -1.614375E-06
 1872   -1.612651E-06
 1873   -1.610929E-06
 1874   -1.609210E-06
 1875   -1.607494E-06
 1876   -1.554461E-06
 1877   -1.552805E-06
 1878   -1.551152E-06
 1879   -1.549501E-06
 1880   -1.547853E-06
 1881   -1.556893E-06
 1882   -1.555238E-06
 1883   -1.553587E-06
 1884   -1.551938E-06
 1885   -1.550292E-06
 1886   -1.495180E-06
 1887   -1.493595E-06
 1888   -1.492014E-06
 1889   -1.490434E-06
 1890   -1.488857E-06
 1891   -1.427805E-06
 1892   -1.426296E-06
 1893   -1.424789E-06
 1894   -1.423285E-06
 1895   -1.421783E-06
 1896   -1.361356E-06
 1897   -1.359921E-06
 1898   -1.358488E-06
 1899   -1.357058E-06
 1900   -1.355630E-06
 1901   -1.213871E-06
 1902   -1.212595E-06
 1903   -1.211321E-06
 1904   -1.210048E-06
 1905   -1.208778E-06
 1906   -1.134656E-06
 1907   -1.133467E-06
 1908   -1.132279E-06
 1909   -1.131093E-06
 1910   -1.129909E-06
 1911   -1.074415E-06
 1912   -1.073291E-06
 1913   -1.072170E-06
 1914   -1.071050E-06
 1915   -1.069931E-06
 1916   -1.022639E-06
 1917   -1.021573E-06
 1918   -1.020508E-06
 1919   -1.019444E-06
 1920   -1.018383E-06
 1921   -1.001433E-06
 1922   -1.000391E-06
 1923   -9.993509E-07
 1924   -9.983123E-07
 1925   -9.972754E-07
 1926   -9.800143E-07
 1927   -9.789974E-07
 1928   -9.779821E-07
 1929   -9.769684E-07
 1930   -9.759562E-07
 1931   -9.855802E-07
 1932   -9.845602E-07
 1933   -9.835418E-07
 1934   -9.825249E-07
 1935   -9.815096E-07
 1936   -9.434002E-07
 1937   -9.424264E-07
 1938   -9.414541E-07
 1939   -9.404833E-07
 1940   -9.395139E-07
 1941   -9.098618E-07
 1942   -9.089250E-07
 1943   -9.079897E-07
 1944   -9.070558E-07
 1945   -9.061233E-07
 1946   -8.589536E-07
 1947   -8.580715E-07
 1948   -8.571908E-07
 1949   -8.563114E-07
 1950   -8.554333E-07
 1951   -7.724121E-07
 1952   -7.716208E-07
 1953   -7.708309E-07
 1954   -7.700421E-07
 1955   -7.692545E-07
 1956   -7.488756E-07
 1957   -7.481104E-07
 1958   -7.473465E-07
 1959   -7.465837E-07
 1960   -7.458221E-07
 1961   -6.737525E-07
 1962   -6.730659E-07
 1963   -6.723803E-07
 1964   -6.716957E-07
 1965   -6.710123E-07
 1966   -6.716368E-07
 1967   -6.709541E-07
 1968   -6.702724E-07
 1969   -6.695917E-07
 1970   -6.689121E-07
 1971   -6.540102E-07
 1972   -6.533470E-07
 1973   -6.526849E-07
 1974   -6.520238E-07
 1975   -6.513637E-07
 1976   -6.372126E-07
 1977   -6.365681E-07
 1978   -6.359247E-07
 1979   -6.352821E-07
 1980   -6.346406E-07
 1981   -6.296627E-07
 1982   -6.290275E-07
 1983   -6.283932E-07
 1984   -6.277599E-07
 1985   -6.271276E-07
 1986   -6.044581E-07
 1987   -6.038499E-07
 1988   -6.032425E-07
 1989   -6.026361E-07
 1990   -6.020306E-07
 1991   -5.890655E-07
 1992   -5.884742E-07
 1993   -5.878838E-07
 1994   -5.872943E-07
 1995   -5.867057E-07
 1996   -5.358669E-07
 1997   -5.353303E-07
 1998   -5.347946E-07
 1999   -5.342597E-07
 2000   -5.337255E-07
 2001   -4.863197E-07
 2002   -4.858340E-07
 2003   -4.853490E-07
 2004   -4.848648E-07
 2005   -4.843813E-07
 2006   -4.472833E-07
 2007   -4.468377E-07
 2008   -4.463928E-07
 2009   -4.459485E-07
 2010   -4.455049E-07
 2011   -4.117114E-07
 2012   -4.113022E-07
 2013   -4.108937E-07
 2014   -4.104857E-07
 2015   -4.100784E-07
 2016   -4.012499E-07
 2017   -4.008521E-07
 2018   -4.004549E-07
 2019   -4.000583E-07
 2020   -3.996623E-07
 2021   -3.856401E-07
 2022   -3.852587E-07
 2023   -3.848779E-07
 2024   -3.844977E-07
 2025   -3.841180E-07
 2026   -3.736622E-07
 2027   -3.732936E-07
 2028   -3.729256E-07
 2029   -3.725581E-07
 2030   -3.721911E-07
 2031   -3.764995E-07
 2032   -3.761291E-07
 2033   -3.757591E-07
 2034   -3.753897E-07
 2035   -3.750209E-07
 2036   -3.581995E-07
 2037   -3.578479E-07
 2038   -3.574968E-07
 2039   -3.571462E-07
 2040   -3.567962E-07
 2041   -3.547027E-07
 2042   -3.543554E-07
 2043   -3.540086E-07
 2044   -3.536623E-07
 2045   -3.533165E-07
 2046   -3.255890E-07
 2047   -3.252710E-07
 2048   -3.249534E-07
 2049   -3.246363E-07
 2050   -3.243197E-07
 2051   -3.066408E-07
 2052   -3.063420E-07
 2053   -3.060436E-07
 2054   -3.057457E-07
 2055   -3.054482E-07
 2056   -2.905540E-07
 2057   -2.902715E-07
 2058   -2.899895E-07
 2059   -2.897079E-07
 2060   -2.894267E-07
 2061   -2.755214E-07
 2062   -2.752542E-07
 2063   -2.749874E-07
 2064   -2.747210E-07
 2065   -2.744550E-07
 2066   -2.696082E-07
 2067   -2.693474E-07
 2068   -2.690870E-07
 2069   -2.688269E-07
 2070   -2.685672E-07
 2071   -2.577047E-07
 2072   -2.574560E-07
 2073   -2.572077E-07
 2074   -2.569597E-07
 2075   -2.567121E-07
 2076   -2.614521E-07
 2077   -2.612005E-07
 2078   -2.609491E-07
 2079   -2.606981E-07
 2080   -2.604475E-07
 2081   -2.587533E-07
 2082   -2.585048E-07
 2083   -2.582567E-07
 2084   -2.580089E-07
 2085   -2.577615E-07
 2086   -2.595760E-07
 2087   -2.593273E-07
 2088   -2.590790E-07
 2089   -2.588310E-07
 2090   -2.585834E-07
 2091   -2.460325E-07
 2092   -2.457973E-07
 2093   -2.455625E-07
 2094   -2.453280E-07
 2095   -2.450939E-07
 2096   -2.437817E-07
 2097   -2.435493E-07
 2098   -2.433172E-07
 2099   -2.430854E-07
 2100   -2.428539E-07
 2101   -2.362180E-07
 2102   -2.359933E-07
 2103   -2.357689E-07
 2104   -2.355448E-07
 2105   -2.353211E-07
 2106   -2.266198E-07
 2107   -2.264048E-07
 2108   -2.261900E-07
 2109   -2.259756E-07
 2110   -2.257614E-07
 2111   -2.256724E-07
 2112   -2.254588E-07
 2113   -2.252454E-07
 2114   -2.250324E-07
 2115   -2.248196E-07
 2116   -2.225647E-07
 2117   -2.223544E-07
 2118   -2.221445E-07
 2119   -2.219349E-07
 2120   -2.217256E-07
 2121   -2.198634E-07
 2122   -2.196562E-07
 2123   -2.194493E-07
 2124   -2.192427E-07
 2125   -2.190364E-07
 2126   -2.177909E-07
 2127   -2.175861E-07
 2128   -2.173817E-07
 2129   -2.171775E-07
 2130   -2.169736E-07
 2131   -2.180468E-07
 2132   -2.178423E-07
 2133   -2.176381E-07
 2134   -2.174341E-07
 2135   -2.172305E-07
 2136   -2.222932E-07
 2137   -2.220852E-07
 2138   -2.218775E-07
 2139   -2.216701E-07
 2140   -2.214630E-07
 2141   -2.207318E-07
 2142   -2.205258E-07
 2143   -2.203200E-07
 2144   -2.201145E-07
 2145   -2.199093E-07
 2146   -2.214581E-07
 2147   -2.212519E-07
 2148   -2.210459E-07
 2149   -2.208402E-07
 2150   -2.206348E-07
 2151   -2.177433E-07
 2152   -2.175410E-07
 2153   -2.173389E-07
 2154   -2.171372E-07
 2155   -2.169357E-07
 2156   -2.202507E-07
 2157   -2.200465E-07
 2158   -2.198426E-07
 2159   -2.196390E-07
 2160   -2.194357E-07
 2161   -2.293639E-07
 2162   -2.291518E-07
 2163   -2.289399E-07
 2164   -2.287284E-07
 2165   -2.285172E-07
 2166   -2.231489E-07
 2167   -2.229430E-07
 2168   -2.227374E-07
 2169   -2.225320E-07
 2170   -2.223270E-07
 2171   -2.273362E-07
 2172   -2.271269E-07
 2173   -2.269179E-07
 2174   -2.267092E-07
 2175   -2.265008E-07
 2176   -2.232443E-07
 2177   -2.230392E-07
 2178   -2.228344E-07
 2179   -2.226300E-07
 2180   -2.224258E-07
 2181   -2.285209E-07
 2182   -2.283115E-07
 2183   -2.281023E-07
 2184   -2.278935E-07
 2185   -2.276849E-07
 2186   -2.325150E-07
 2187   -2.323024E-07
 2188   -2.320901E-07
 2189   -2.318781E-07
 2190   -2.316664E-07
 2191   -2.319834E-07
 2192   -2.317718E-07
 2193   -2.315605E-07
 2194   -2.313495E-07
 2195   -2.311387E-07
 2196   -2.430623E-07
 2197   -2.428411E-07
 2198   -2.426202E-07
 2199   -2.423996E-07
 2200   -2.421793E-07
 2201   -2.434645E-07
 2202   -2.432434E-07
 2203   -2.430227E-07
 2204   -2.428022E-07
 2205   -2.425820E-07
 2206   -2.553063E-07
 2207   -2.550750E-07
 2208   -2.548440E-07
 2209   -2.546133E-07
 2210   -2.543830E-07
 2211   -2.574810E-07
 2212   -2.572482E-07
 2213   -2.570158E-07
 2214   -2.567837E-07
 2215   -2.565519E-07
 2216   -2.575512E-07
 2217   -2.573189E-07
 2218   -2.570869E-07
 2219   -2.568553E-07
 2220   -2.566239E-07
 2221   -2.649371E-07
 2222   -2.646987E-07
 2223   -2.644606E-07
 2224   -2.642228E-07
 2225   -2.639854E-07
 2226   -2.602849E-07
 2227   -2.600512E-07
 2228   -2.598178E-07
 2229   -2.595848E-07
 2230   -2.593520E-07
 2231   -2.665418E-07
 2232   -2.663030E-07
 2233   -2.660645E-07
 2234   -2.658264E-07
 2235   -2.655886E-07
 2236   -2.687254E-07
 2237   -2.684852E-07
 2238   -2.682453E-07
 2239   -2.680057E-07
 2240   -2.677665E-07
 2241   -2.669595E-07
 2242   -2.667214E-07
 2243   -2.664837E-07
 2244   -2.662462E-07
 2245   -2.660091E-07
 2246   -2.875747E-07
 2247   -2.873188E-07
 2248   -2.870633E-07
 2249   -2.868080E-07
 2250   -2.865531E-07
 2251   -2.852323E-07
 2252   -2.849790E-07
 2253   -2.847261E-07
 2254   -2.844735E-07
 2255   -2.842213E-07
 2256   -2.969848E-07
 2257   -2.967217E-07
 2258   -2.964590E-07
 2259   -2.961965E-07
 2260   -2.959345E-07
 2261   -2.998456E-07
 2262   -2.995805E-07
 2263   -2.993158E-07
 2264   -2.990515E-07
 2265   -2.987875E-07
 2266   -3.040865E-07
 2267   -3.038182E-07
 2268   -3.035504E-07
 2269   -3.032829E-07
 2270   -3.030157E-07
 2271   -3.102008E-07
 2272   -3.099278E-07
 2273   -3.096551E-07
 2274   -3.093828E-07
 2275   -3.091109E-07
 2276   -3.027462E-07
 2277   -3.024804E-07
 2278   -3.022149E-07
 2279   -3.019497E-07
 2280   -3.016849E-07
 2281   -3.146595E-07
 2282   -3.143838E-07
 2283   -3.141084E-07
 2284   -3.138335E-07
 2285   -3.135588E-07
 2286   -3.138131E-07
 2287   -3.135387E-07
 2288   -3.132647E-07
 2289   -3.129911E-07
 2290   -3.127178E-07
 2291   -3.180593E-07
 2292   -3.177818E-07
 2293   -3.175047E-07
 2294   -3.172280E-07
 2295   -3.169516E-07
 2296   -3.238568E-07
 2297   -3.235748E-07
 2298   -3.232933E-07
 2299   -3.230121E-07
 2300   -3.227313E-07
 2301   -3.270249E-07
 2302   -3.267408E-07
 2303   -3.264572E-07
 2304   -3.261738E-07
 2305   -3.258909E-07
 2306   -3.462035E-07
 2307   -3.459034E-07
 2308   -3.456037E-07
 2309   -3.453044E-07
 2310   -3.450055E-07
 2311   -3.412987E-07
 2312   -3.410035E-07
 2313   -3.407087E-07
 2314   -3.404143E-07
 2315   -3.401202E-07
 2316   -3.472784E-07
 2317   -3.469787E-07
 2318   -3.466794E-07
 2319   -3.463805E-07
 2320   -3.460819E-07
 2321   -3.458261E-07
 2322   -3.455283E-07
 2323   -3.452308E-07
 2324   -3.449338E-07
 2325   -3.446371E-07
 2326   -3.486739E-07
 2327   -3.483743E-07
 2328   -3.480750E-07
 2329   -3.477762E-07
 2330   -3.474778E-07
 2331   -3.541043E-07
 2332   -3.538007E-07
 2333   -3.534974E-07
 2334   -3.531946E-07
 2335   -3.528921E-07
 2336   -3.479156E-07
 2337   -3.476180E-07
 2338   -3.473207E-07
 2339   -3.470237E-07
 2340   -3.467272E-07
 2341   -3.564660E-07
 2342   -3.561616E-07
 2343   -3.558577E-07
 2344   -3.555541E-07
 2345   -3.552509E-07
 2346   -3.599645E-07
 2347   -3.596579E-07
 2348   -3.593516E-07
 2349   -3.590457E-07
 2350   -3.587402E-07
 2351   -3.672773E-07
 2352   -3.669650E-07
 2353   -3.666532E-07
 2354   -3.663417E-07
 2355   -3.660307E-07
 2356   -3.648866E-07
 2357   -3.645770E-07
 2358   -3.642678E-07
 2359   -3.639591E-07
 2360   -3.636507E-07
 2361   -3.672775E-07
 2362   -3.669665E-07
 2363   -3.666560E-07
 2364   -3.663459E-07
 2365   -3.660361E-07
 2366   -3.767735E-07
 2367   -3.764552E-07
 2368   -3.761373E-07
 2369   -3.758198E-07
 2370   -3.755027E-07
 2371   -3.749206E-07
 2372   -3.746046E-07
 2373   -3.742889E-07
 2374   -3.739737E-07
 2375   -3.736588E-07
 2376   -3.777311E-07
 2377   -3.774133E-07
 2378   -3.770960E-07
 2379   -3.767790E-07
 2380   -3.764625E-07
 2381   -3.788696E-07
 2382   -3.785516E-07
 2383   -3.782339E-07
 2384   -3.779167E-07
 2385   -3.775999E-07
 2386   -3.750519E-07
 2387   -3.747378E-07
 2388   -3.744240E-07
 2389   -3.741106E-07
 2390   -3.737976E-07
 2391   -3.864945E-07
 2392   -3.861714E-07
 2393   -3.858487E-07
 2394   -3.855265E-07
 2395   -3.852046E-07
 2396   -3.747308E-07
 2397   -3.744182E-07
 2398   -3.741060E-07
 2399   -3.737942E-07
 2400   -3.734828E-07
 2401   -3.824024E-07
 2402   -3.820840E-07
 2403   -3.817661E-07
 2404   -3.814485E-07
 2405   -3.811314E-07
 2406   -3.784201E-07
 2407   -3.781058E-07
 2408   -3.777918E-07
 2409   -3.774782E-07
 2410   -3.771650E-07
 2411   -3.819740E-07
 2412   -3.816574E-07
 2413   -3.813411E-07
 2414   -3.810252E-07
 2415   -3.807097E-07
 2416   -3.850560E-07
 2417   -3.847374E-07
 2418   -3.844192E-07
 2419   -3.841015E-07
 2420   -3.837841E-07
 2421   -3.791808E-07
 2422   -3.788678E-07
 2423   -3.785551E-07
 2424   -3.782428E-07
 2425   -3.779310E-07
 2426   -3.854207E-07
 2427   -3.851032E-07
 2428   -3.847860E-07
 2429   -3.844693E-07
 2430   -3.841529E-07
 2431   -3.777384E-07
 2432   -3.774278E-07
 2433   -3.771176E-07
 2434   -3.768078E-07
 2435   -3.764984E-07
 2436   -3.828233E-07
 2437   -3.825092E-07
 2438   -3.821955E-07
 2439   -3.818821E-07
 2440   -3.815692E-07
 2441   -3.838626E-07
 2442   -3.835482E-07
 2443   -3.832343E-07
 2444   -3.829208E-07
 2445   -3.826076E-07
 2446   -3.765792E-07
 2447   -3.762715E-07
 2448   -3.759642E-07
 2449   -3.756572E-07
 2450   -3.753506E-07
 2451   -3.825821E-07
 2452   -3.822701E-07
 2453   -3.819585E-07
 2454   -3.816473E-07
 2455   -3.813364E-07
 2456   -3.822049E-07
 2457   -3.818938E-07
 2458   -3.815831E-07
 2459   -3.812729E-07
 2460   -3.809629E-07
 2461   -3.835026E-07
 2462   -3.831911E-07
 2463   -3.828800E-07
 2464   -3.825693E-07
 2465   -3.822590E-07
 2466   -3.798373E-07
 2467   -3.795294E-07
 2468   -3.792219E-07
 2469   -3.789148E-07
 2470   -3.786081E-07
 2471   -3.738275E-07
 2472   -3.735251E-07
 2473   -3.732231E-07
 2474   -3.729215E-07
 2475   -3.726202E-07
 2476   -3.786065E-07
 2477   -3.783008E-07
 2478   -3.779956E-07
 2479   -3.776907E-07
 2480   -3.773861E-07
 2481   -3.710663E-07
 2482   -3.707674E-07
 2483   -3.704688E-07
 2484   -3.701705E-07
 2485   -3.698727E-07
 2486   -3.785908E-07
 2487   -3.782864E-07
 2488   -3.779824E-07
 2489   -3.776787E-07
 2490   -3.773754E-07
 2491   -3.740305E-07
 2492   -3.737304E-07
 2493   -3.734306E-07
 2494   -3.731312E-07
 2495   -3.728322E-07
 2496   -3.707380E-07
 2497   -3.704411E-07
 2498   -3.701446E-07
 2499   -3.698484E-07
 2500   -3.695526E-07
 2501   -3.668008E-07
 2502   -3.665077E-07
 2503   -3.662149E-07
 2504   -3.659224E-07
 2505   -3.656303E-07
 2506   -3.571909E-07
 2507   -3.569060E-07
 2508   -3.566214E-07
 2509   -3.563372E-07
 2510   -3.560533E-07
 2511   -3.679322E-07
 2512   -3.676393E-07
 2513   -3.673468E-07
 2514   -3.670546E-07
 2515   -3.667627E-07
 2516   -3.594115E-07
 2517   -3.591260E-07
 2518   -3.588408E-07
 2519   -3.585559E-07
 2520   -3.582714E-07
 2521   -3.605459E-07
 2522   -3.602600E-07
 2523   -3.599745E-07
 2524   -3.596893E-07
 2525   -3.594045E-07
 2526   -3.555585E-07
 2527   -3.552772E-07
 2528   -3.549962E-07
 2529   -3.547155E-07
 2530   -3.544351E-07
 2531   -3.539984E-07
 2532   -3.537188E-07
 2533   -3.534396E-07
 2534   -3.531607E-07
 2535   -3.528821E-07
 2536   -3.568378E-07
 2537   -3.565566E-07
 2538   -3.562757E-07
 2539   -3.559951E-07
 2540   -3.557148E-07
 2541   -3.503152E-07
 2542   -3.500396E-07
 2543   -3.497644E-07
 2544   -3.494895E-07
 2545   -3.492149E-07
 2546   -3.485723E-07
 2547   -3.482986E-07
 2548   -3.480253E-07
 2549   -3.477523E-07
 2550   -3.474796E-07
 2551   -3.332657E-07
 2552   -3.330046E-07
 2553   -3.327438E-07
 2554   -3.324833E-07
 2555   -3.322230E-07
 2556   -3.332987E-07
 2557   -3.330380E-07
 2558   -3.327777E-07
 2559   -3.325176E-07
 2560   -3.322579E-07
 2561   -3.299074E-07
 2562   -3.296499E-07
 2563   -3.293927E-07
 2564   -3.291358E-07
 2565   -3.288793E-07
 2566   -3.257122E-07
 2567   -3.254584E-07
 2568   -3.252050E-07
 2569   -3.249519E-07
 2570   -3.246991E-07
 2571   -3.300364E-07
 2572   -3.297798E-07
 2573   -3.295235E-07
 2574   -3.292675E-07
 2575   -3.290118E-07
 2576   -3.194726E-07
 2577   -3.192247E-07
 2578   -3.189771E-07
 2579   -3.187298E-07
 2580   -3.184828E-07
 2581   -3.233531E-07
 2582   -3.231026E-07
 2583   -3.228525E-07
 2584   -3.226027E-07
 2585   -3.223531E-07
 2586   -3.197543E-07
 2587   -3.195072E-07
 2588   -3.192603E-07
 2589   -3.190137E-07
 2590   -3.187674E-07
 2591   -3.152982E-07
 2592   -3.150550E-07
 2593   -3.148120E-07
 2594   -3.145694E-07
 2595   -3.143270E-07
 2596   -3.113180E-07
 2597   -3.110783E-07
 2598   -3.108389E-07
 2599   -3.105997E-07
 2600   -3.103609E-07
 2601   -2.970651E-07
 2602   -2.968368E-07
 2603   -2.966088E-07
 2604   -2.963811E-07
 2605   -2.961535E-07
 2606   -2.989904E-07
 2607   -2.987611E-07
 2608   -2.985320E-07
 2609   -2.983032E-07
 2610   -2.980747E-07
 2611   -2.899193E-07
 2612   -2.896973E-07
 2613   -2.894756E-07
 2614   -2.892542E-07
 2615   -2.890330E-07
 2616   -2.926572E-07
 2617   -2.924335E-07
 2618   -2.922102E-07
 2619   -2.919871E-07
 2620   -2.917642E-07
 2621   -2.834860E-07
 2622   -2.832698E-07
 2623   -2.830539E-07
 2624   -2.828382E-07
 2625   -2.826227E-07
 2626   -2.841270E-07
 2627   -2.839108E-07
 2628   -2.836947E-07
 2629   -2.834790E-07
 2630   -2.832634E-07
 2631   -2.873380E-07
 2632   -2.871197E-07
 2633   -2.869017E-07
 2634   -2.866839E-07
 2635   -2.864663E-07
 2636   -2.792992E-07
 2637   -2.790874E-07
 2638   -2.788759E-07
 2639   -2.786646E-07
 2640   -2.784535E-07
 2641   -2.759682E-07
 2642   -2.757594E-07
 2643   -2.755507E-07
 2644   -2.753424E-07
 2645   -2.751342E-07
 2646   -2.688518E-07
 2647   -2.686487E-07
 2648   -2.684458E-07
 2649   -2.682432E-07
 2650   -2.680408E-07
 2651   -2.591511E-07
 2652   -2.589557E-07
 2653   -2.587605E-07
 2654   -2.585656E-07
 2655   -2.583708E-07
 2656   -2.591768E-07
 2657   -2.589818E-07
 2658   -2.587870E-07
 2659   -2.585923E-07
 2660   -2.583979E-07
 2661   -2.462765E-07
 2662   -2.460915E-07
 2663   -2.459067E-07
 2664   -2.457221E-07
 2665   -2.455377E-07
 2666   -2.507990E-07
 2667   -2.506109E-07
 2668   -2.504231E-07
 2669   -2.502355E-07
 2670   -2.500481E-07
 2671   -2.450997E-07
 2672   -2.449163E-07
 2673   -2.447331E-07
 2674   -2.445501E-07
 2675   -2.443673E-07
 2676   -2.398260E-07
 2677   -2.396469E-07
 2678   -2.394679E-07
 2679   -2.392892E-07
 2680   -2.391106E-07
 2681   -2.434484E-07
 2682   -2.432669E-07
 2683   -2.430856E-07
 2684   -2.429045E-07
 2685   -2.427236E-07
 2686   -2.370215E-07
 2687   -2.368452E-07
 2688   -2.366690E-07
 2689   -2.364930E-07
 2690   -2.363172E-07
 2691   -2.373758E-07
 2692   -2.371995E-07
 2693   -2.370234E-07
 2694   -2.368474E-07
 2695   -2.366717E-07
 2696   -2.232742E-07
 2697   -2.231086E-07
 2698   -2.229433E-07
 2699   -2.227781E-07
 2700   -2.226131E-07
 2701   -2.191013E-07
 2702   -2.189391E-07
 2703   -2.187771E-07
 2704   -2.186154E-07
 2705   -2.184537E-07
 2706   -2.136600E-07
 2707   -2.135022E-07
 2708   -2.133445E-07
 2709   -2.131870E-07
 2710   -2.130297E-07
 2711   -2.084347E-07
 2712   -2.082810E-07
 2713   -2.081275E-07
 2714   -2.079742E-07
 2715   -2.078210E-07
 2716   -2.095595E-07
 2717   -2.094052E-07
 2718   -2.092512E-07
 2719   -2.090973E-07
 2720   -2.089436E-07
 2721   -1.993925E-07
 2722   -1.992460E-07
 2723   -1.990997E-07
 2724   -1.989536E-07
 2725   -1.988076E-07
 2726   -2.018318E-07
 2727   -2.016838E-07
 2728   -2.015360E-07
 2729   -2.013883E-07
 2730   -2.012408E-07
 2731   -1.998845E-07
 2732   -1.997382E-07
 2733   -1.995921E-07
 2734   -1.994461E-07
 2735   -1.993003E-07
 2736   -1.930162E-07
 2737   -1.928752E-07
 2738   -1.927343E-07
 2739   -1.925936E-07
 2740   -1.924530E-07
 2741   -1.942049E-07
 2742   -1.940632E-07
 2743   -1.939218E-07
 2744   -1.937805E-07
 2745   -1.936393E-07
 2746   -1.835064E-07
 2747   -1.833728E-07
 2748   -1.832394E-07
 2749   -1.831061E-07
 2750   -1.829729E-07
 2751   -1.801227E-07
 2752   -1.799918E-07
 2753   -1.798611E-07
 2754   -1.797305E-07
 2755   -1.796000E-07
 2756   -1.745832E-07
 2757   -1.744566E-07
 2758   -1.743301E-07
 2759   -1.742038E-07
 2760   -1.740776E-07
 2761   -1.700955E-07
 2762   -1.699723E-07
 2763   -1.698493E-07
 2764   -1.697264E-07
 2765   -1.696037E-07
 2766   -1.687578E-07
 2767   -1.686358E-07
 2768   -1.685140E-07
 2769   -1.683923E-07
 2770   -1.682708E-07
 2771   -1.621311E-07
 2772   -1.620142E-07
 2773   -1.618973E-07
 2774   -1.617806E-07
 2775   -1.616641E-07
 2776   -1.654320E-07
 2777   -1.653129E-07
 2778   -1.651939E-07
 2779   -1.650750E-07
 2780   -1.649563E-07
 2781   -1.591790E-07
 2782   -1.590646E-07
 2783   -1.589503E-07
 2784   -1.588361E-07
 2785   -1.587221E-07
 2786   -1.590866E-07
 2787   -1.589724E-07
 2788   -1.588584E-07
 2789   -1.587445E-07
 2790   -1.586307E-07
 2791   -1.557533E-07
 2792   -1.556417E-07
 2793   -1.555303E-07
 2794   -1.554190E-07
 2795   -1.553078E-07
 2796   -1.493424E-07
 2797   -1.492356E-07
 2798   -1.491289E-07
 2799   -1.490224E-07
 2800   -1.489160E-07
 2801   -1.444335E-07
 2802   -1.443304E-07
 2803   -1.442275E-07
 2804   -1.441246E-07
 2805   -1.440219E-07
 2806   -1.366662E-07
 2807   -1.365688E-07
 2808   -1.364715E-07
 2809   -1.363744E-07
 2810   -1.362773E-07
 2811   -1.345015E-07
 2812   -1.344059E-07
 2813   -1.343103E-07
 2814   -1.342149E-07
 2815   -1.341196E-07
 2816   -1.336692E-07
 2817   -1.335743E-07
 2818   -1.334795E-07
 2819   -1.333848E-07
 2820   -1.332903E-07
 2821   -1.309301E-07
 2822   -1.308374E-07
 2823   -1.307447E-07
 2824   -1.306521E-07
 2825   -1.305596E-07
 2826   -1.295526E-07
 2827   -1.294609E-07
 2828   -1.293694E-07
 2829   -1.292779E-07
 2830   -1.291866E-07
 2831   -1.270951E-07
 2832   -1.270054E-07
 2833   -1.269158E-07
 2834   -1.268262E-07
 2835   -1.267367E-07
 2836   -1.263544E-07
 2837   -1.262653E-07
 2838   -1.261763E-07
 2839   -1.260875E-07
 2840   -1.259987E-07
 2841   -1.222578E-07
 2842   -1.221717E-07
 2843   -1.220858E-07
 2844   -1.220000E-07
 2845   -1.219142E-07
 2846   -1.176052E-07
 2847   -1.175226E-07
 2848   -1.174401E-07
 2849   -1.173577E-07
 2850   -1.172753E-07
 2851   -1.121909E-07
 2852   -1.121122E-07
 2853   -1.120336E-07
 2854   -1.119551E-07
 2855   -1.118767E-07
 2856   -1.077018E-07
 2857   -1.076264E-07
 2858   -1.075511E-07
 2859   -1.074758E-07
 2860   -1.074007E-07
 2861   -1.055324E-07
 2862   -1.054587E-07
 2863   -1.053851E-07
 2864   -1.053115E-07
 2865   -1.052380E-07
 2866   -1.028202E-07
 2867   -1.027485E-07
 2868   -1.026768E-07
 2869   -1.026053E-07
 2870   -1.025338E-07
 2871   -1.009818E-07
 2872   -1.009115E-07
 2873   -1.008412E-07
 2874   -1.007711E-07
 2875   -1.007010E-07
 2876   -9.811295E-08
 2877   -9.804476E-08
 2878   -9.797664E-08
 2879   -9.790859E-08
 2880   -9.784060E-08
 2881   -9.726992E-08
 2882   -9.720243E-08
 2883   -9.713501E-08
 2884   -9.706766E-08
 2885   -9.700038E-08
 2886   -9.558734E-08
 2887   -9.552113E-08
 2888   -9.545499E-08
 2889   -9.538892E-08
 2890   -9.532292E-08
 2891   -9.326897E-08
 2892   -9.320448E-08
 2893   -9.314006E-08
 2894   -9.307570E-08
 2895   -9.301141E-08
 2896   -9.055047E-08
 2897   -9.048796E-08
 2898   -9.042553E-08
 2899   -9.036315E-08
 2900   -9.030085E-08
 2901   -8.502146E-08
 2902   -8.496288E-08
 2903   -8.490435E-08
 2904   -8.484589E-08
 2905   -8.478748E-08
 2906   -8.206032E-08
 2907   -8.200387E-08
 2908   -8.194748E-08
 2909   -8.189115E-08
 2910   -8.183488E-08
 2911   -7.767042E-08
 2912   -7.761708E-08
 2913   -7.756380E-08
 2914   -7.751058E-08
 2915   -7.745741E-08
 2916   -7.608026E-08
 2917   -7.602810E-08
 2918   -7.597600E-08
 2919   -7.592395E-08
 2920   -7.587196E-08
 2921   -7.636209E-08
 2922   -7.630983E-08
 2923   -7.625762E-08
 2924   -7.620547E-08
 2925   -7.615338E-08
 2926   -7.341214E-08
 2927   -7.336198E-08
 2928   -7.331188E-08
 2929   -7.326183E-08
 2930   -7.321183E-08
 2931   -7.386622E-08
 2932   -7.381585E-08
 2933   -7.376552E-08
 2934   -7.371525E-08
 2935   -7.366502E-08
 2936   -7.173098E-08
 2937   -7.168214E-08
 2938   -7.163335E-08
 2939   -7.158461E-08
 2940   -7.153592E-08
 2941   -6.926672E-08
 2942   -6.921964E-08
 2943   -6.917260E-08
 2944   -6.912562E-08
 2945   -6.907868E-08
 2946   -6.778978E-08
 2947   -6.774379E-08
 2948   -6.769783E-08
 2949   -6.765193E-08
 2950   -6.760607E-08
 2951   -6.245562E-08
 2952   -6.241331E-08
 2953   -6.237105E-08
 2954   -6.232883E-08
 2955   -6.228665E-08
 2956   -6.087817E-08
 2957   -6.083701E-08
 2958   -6.079588E-08
 2959   -6.075479E-08
 2960   -6.071375E-08
 2961   -5.854378E-08
 2962   -5.850426E-08
 2963   -5.846478E-08
 2964   -5.842534E-08
 2965   -5.838593E-08
 2966   -5.748777E-08
 2967   -5.744902E-08
 2968   -5.741032E-08
 2969   -5.737165E-08
 2970   -5.733302E-08
 2971   -5.703932E-08
 2972   -5.700094E-08
 2973   -5.696260E-08
 2974   -5.692430E-08
 2975   -5.688604E-08
 2976   -5.442355E-08
 2977   -5.438699E-08
 2978   -5.435047E-08
 2979   -5.431399E-08
 2980   -5.427755E-08
 2981   -5.527189E-08
 2982   -5.523483E-08
 2983   -5.519780E-08
 2984   -5.516081E-08
 2985   -5.512386E-08
 2986   -5.316695E-08
 2987   -5.313135E-08
 2988   -5.309580E-08
 2989   -5.306028E-08
 2990   -5.302479E-08
 2991   -5.223497E-08
 2992   -5.220006E-08
 2993   -5.216519E-08
 2994   -5.213035E-08
 2995   -5.209554E-08
 2996   -4.940384E-08
 2997   -4.937088E-08
 2998   -4.933795E-08
 2999   -4.930505E-08
 3000   -4.927219E-08
 3001   -4.607820E-08
 3002   -4.604751E-08
 3003   -4.601685E-08
 3004   -4.598621E-08
 3005   -4.595561E-08
 3006   -4.478716E-08
 3007   -4.475737E-08
 3008   -4.472762E-08
 3009   -4.469789E-08
 3010   -4.466820E-08
 3011   -4.218948E-08
 3012   -4.216147E-08
 3013   -4.213348E-08
 3014   -4.210553E-08
 3015   -4.207760E-08
 3016   -4.096774E-08
 3017   -4.094058E-08
 3018   -4.091346E-08
 3019   -4.088636E-08
 3020   -4.085929E-08
 3021   -4.015411E-08
 3022   -4.012754E-08
 3023   -4.010100E-08
 3024   -4.007448E-08
 3025   -4.004799E-08
 3026   -3.887162E-08
 3027   -3.884594E-08
 3028   -3.882028E-08
 3029   -3.879466E-08
 3030   -3.876905E-08
 3031   -3.974283E-08
 3032   -3.971662E-08
 3033   -3.969043E-08
 3034   -3.966427E-08
 3035   -3.963814E-08
 3036   -3.857247E-08
 3037   -3.854707E-08
 3038   -3.852170E-08
 3039   -3.849635E-08
 3040   -3.847103E-08
 3041   -3.811325E-08
 3042   -3.808820E-08
 3043   -3.806317E-08
 3044   -3.803816E-08
 3045   -3.801318E-08
 3046   -3.646027E-08
 3047   -3.643634E-08
 3048   -3.641244E-08
 3049   -3.638856E-08
 3050   -3.636470E-08
 3051   -3.524553E-08
 3052   -3.522244E-08
 3053   -3.519937E-08
 3054   -3.517632E-08
 3055   -3.515329E-08
 3056   -3.411177E-08
 3057   -3.408946E-08
 3058   -3.406717E-08
 3059   -3.404490E-08
 3060   -3.402265E-08
 3061   -3.239745E-08
 3062   -3.237630E-08
 3063   -3.235516E-08
 3064   -3.233404E-08
 3065   -3.231295E-08
 3066   -3.227240E-08
 3067   -3.225136E-08
 3068   -3.223034E-08
 3069   -3.220934E-08
 3070   -3.218836E-08
 3071   -3.139552E-08
 3072   -3.137508E-08
 3073   -3.135466E-08
 3074   -3.133427E-08
 3075   -3.131389E-08
 3076   -3.098300E-08
 3077   -3.096286E-08
 3078   -3.094275E-08
 3079   -3.092265E-08
 3080   -3.090258E-08
 3081   -2.912956E-08
 3082   -2.911066E-08
 3083   -2.909178E-08
 3084   -2.907291E-08
 3085   -2.905407E-08
 3086   -2.710530E-08
 3087   -2.708774E-08
 3088   -2.707020E-08
 3089   -2.705268E-08
 3090   -2.703517E-08
 3091   -2.411306E-08
 3092   -2.409747E-08
 3093   -2.408189E-08
 3094   -2.406632E-08
 3095   -2.405078E-08
 3096   -1.915751E-08
 3097   -1.914514E-08
 3098   -1.913278E-08
 3099   -1.912044E-08
 3100   -1.910810E-08
 3101   -1.419914E-08
 3102   -1.418998E-08
 3103   -1.418084E-08
 3104   -1.417170E-08
 3105   -1.416258E-08
 3106   -9.297680E-09
 3107   -9.291696E-09
 3108   -9.285717E-09
 3109   -9.279745E-09
 3110   -9.273778E-09
 3111   -6.281743E-09
 3112   -6.277707E-09
 3113   -6.273674E-09
 3114   -6.269646E-09
 3115   -6.265621E-09
 3116   -4.194040E-09
 3117   -4.191349E-09
 3118   -4.188661E-09
 3119   -4.185976E-09
 3120   -4.183293E-09
 3121   -3.006982E-09
 3122   -3.005056E-09
 3123   -3.003132E-09
 3124   -3.001210E-09
 3125   -2.999289E-09
 3126   -2.365369E-09
 3127   -2.363857E-09
 3128   -2.362345E-09
 3129   -2.360836E-09
 3130   -2.359327E-09
 3131   -1.927034E-09
 3132   -1.925803E-09
 3133   -1.924574E-09
 3134   -1.923346E-09
 3135   -1.922119E-09
 3136   -1.697340E-09
 3137   -1.696259E-09
 3138   -1.695178E-09
 3139   -1.694098E-09
 3140   -1.693019E-09
 3141   -1.444172E-09
 3142   -1.443253E-09
 3143   -1.442335E-09
 3144   -1.441417E-09
 3145   -1.440501E-09
 3146   -1.261614E-09
 3147   -1.260813E-09
 3148   -1.260012E-09
 3149   -1.259212E-09
 3150   -1.258412E-09
 3151   -1.137998E-09
 3152   -1.137276E-09
 3153   -1.136555E-09
 3154   -1.135835E-09
 3155   -1.135115E-09
 3156   -9.922618E-10
 3157   -9.916333E-10
 3158   -9.910054E-10
 3159   -9.903780E-10
 3160   -9.897513E-10
 3161   -9.069741E-10
 3162   -9.064005E-10
 3163   -9.058275E-10
 3164   -9.052550E-10
 3165   -9.046831E-10
 3166   -8.332002E-10
 3167   -8.326741E-10
 3168   -8.321485E-10
 3169   -8.316234E-10
 3170   -8.310988E-10
 3171   -7.853562E-10
 3172   -7.848611E-10
 3173   -7.843665E-10
 3174   -7.838723E-10
 3175   -7.833786E-10
 3176   -7.359900E-10
 3177   -7.355268E-10
 3178   -7.350639E-10
 3179   -7.346016E-10
 3180   -7.341396E-10
 3181   -6.620929E-10
 3182   -6.616768E-10
 3183   -6.612611E-10
 3184   -6.608458E-10
 3185   -6.604309E-10
 3186   -6.264561E-10
 3187   -6.260630E-10
 3188   -6.256703E-10
 3189   -6.252780E-10
 3190   -6.248860E-10
 3191   -5.644385E-10
 3192   -5.640849E-10
 3193   -5.637317E-10
 3194   -5.633787E-10
 3195   -5.630261E-10
 3196   -5.417558E-10
 3197   -5.414169E-10
 3198   -5.410784E-10
 3199   -5.407401E-10
 3200   -5.404022E-10
 3201   -5.041160E-10
 3202   -5.038012E-10
 3203   -5.034867E-10
 3204   -5.031724E-10
 3205   -5.028585E-10
 3206   -4.677931E-10
 3207   -4.675014E-10
 3208   -4.672100E-10
 3209   -4.669188E-10
 3210   -4.666280E-10
 3211   -4.506245E-10
 3212   -4.503439E-10
 3213   -4.500636E-10
 3214   -4.497836E-10
 3215   -4.495039E-10
 3216   -4.190633E-10
 3217   -4.188028E-10
 3218   -4.185425E-10
 3219   -4.182825E-10
 3220   -4.180227E-10
 3221   -4.031935E-10
 3222   -4.029432E-10
 3223   -4.026932E-10
 3224   -4.024435E-10
 3225   -4.021939E-10
 3226   -3.849506E-10
 3227   -3.847121E-10
 3228   -3.844737E-10
 3229   -3.842356E-10
 3230   -3.839978E-10
 3231   -3.574570E-10
 3232   -3.572358E-10
 3233   -3.570148E-10
 3234   -3.567941E-10
 3235   -3.565735E-10
 3236   -3.533841E-10
 3237   -3.531658E-10
 3238   -3.529477E-10
 3239   -3.527298E-10
 3240   -3.525121E-10
 3241   -3.263426E-10
 3242   -3.261413E-10
 3243   -3.259402E-10
 3244   -3.257393E-10
 3245   -3.255385E-10
 3246   -3.202859E-10
 3247   -3.200886E-10
 3248   -3.198915E-10
 3249   -3.196947E-10
 3250   -3.194980E-10
 3251   -3.036827E-10
 3252   -3.034959E-10
 3253   -3.033094E-10
 3254   -3.031230E-10
 3255   -3.029367E-10
 3256   -2.878788E-10
 3257   -2.877021E-10
 3258   -2.875255E-10
 3259   -2.873490E-10
 3260   -2.871728E-10
 3261   -2.828682E-10
 3262   -2.826948E-10
 3263   -2.825215E-10
 3264   -2.823484E-10
 3265   -2.821755E-10
 3266   -2.614815E-10
 3267   -2.613214E-10
 3268   -2.611615E-10
 3269   -2.610018E-10
 3270   -2.608422E-10
 3271   -2.588659E-10
 3272   -2.587077E-10
 3273   -2.585497E-10
 3274   -2.583918E-10
 3275   -2.582340E-10
 3276   -2.445212E-10
 3277   -2.443720E-10
 3278   -2.442229E-10
 3279   -2.440740E-10
 3280   -2.439252E-10
 3281   -2.364042E-10
 3282   -2.362602E-10
 3283   -2.361163E-10
 3284   -2.359725E-10
 3285   -2.358288E-10
 3286   -2.280497E-10
 3287   -2.279110E-10
 3288   -2.277724E-10
 3289   -2.276339E-10
 3290   -2.274955E-10
 3291   -2.127458E-10
 3292   -2.126165E-10
 3293   -2.124874E-10
 3294   -2.123584E-10
 3295   -2.122296E-10
 3296   -2.123185E-10
 3297   -2.121897E-10
 3298   -2.120610E-10
 3299   -2.119325E-10
 3300   -2.118041E-10
