   50    3.354083E-14
   51    2.665189E-14
   52    2.563677E-14
   53    2.467855E-14
   54    2.377307E-14
   55    2.291652E-14
   56    1.257936E-14
   57    1.214189E-14
   58    1.172684E-14
   59    1.133272E-14
   60    1.095813E-14
   61    6.260042E-15
   62    6.059746E-15
   63    5.868912E-15
   64    5.686952E-15
   65    5.513325E-15
   66    1.652807E-14
   67    1.603840E-14
   68    1.557018E-14
   69    1.512216E-14
   70    1.469321E-14
   71    1.172158E-14
   72    1.139825E-14
   73    1.108813E-14
   74    1.079048E-14
   75    1.050467E-14
   76    1.920623E-14
   77    1.871062E-14
   78    1.823396E-14
   79    1.777528E-14
   80    1.733369E-14
   81    3.107689E-14
   82    3.032357E-14
   83    2.959731E-14
   84    2.889683E-14
   85    2.822093E-14
   86    2.480205E-14
   87    2.423519E-14
   88    2.368753E-14
   89    2.315824E-14
   90    2.264648E-14
   91    2.691256E-14
   92    2.633070E-14
   93    2.576751E-14
   94    2.522219E-14
   95    2.469401E-14
   96    1.891611E-14
   97    1.852811E-14
   98    1.815193E-14
   99    1.778708E-14
  100    1.743313E-14
  101    7.030907E-15
  102    6.893725E-15
  103    6.760519E-15
  104    6.631137E-15
  105    6.505434E-15
  106    5.752947E-15
  107    5.645920E-15
  108    5.541852E-15
  109    5.440635E-15
  110    5.342166E-15
  111    1.422474E-14
  112    1.397187E-14
  113    1.372568E-14
  114    1.348593E-14
  115    1.325242E-14
  116    2.058174E-14
  117    2.023143E-14
  118    1.988998E-14
  119    1.955711E-14
  120    1.923252E-14
  121    3.675559E-14
  122    3.615552E-14
  123    3.557002E-14
  124    3.499863E-14
  125    3.444090E-14
  126    4.879203E-14
  127    4.802669E-14
  128    4.727922E-14
  129    4.654906E-14
  130    4.583568E-14
  131    4.292923E-14
  132    4.228126E-14
  133    4.164785E-14
  134    4.102857E-14
  135    4.042300E-14
  136    3.022102E-14
  137    2.978145E-14
  138    2.935141E-14
  139    2.893061E-14
  140    2.851880E-14
  141    1.763119E-14
  142    1.738374E-14
  143    1.714147E-14
  144    1.690422E-14
  145    1.667186E-14
  146    1.591645E-14
  147    1.570063E-14
  148    1.548918E-14
  149    1.528197E-14
  150    1.507890E-14
  151    2.527331E-14
  152    2.494187E-14
  153    2.461690E-14
  154    2.429824E-14
  155    2.398573E-14
  156    2.682152E-14
  157    2.648094E-14
  158    2.614680E-14
  159    2.581895E-14
  160    2.549722E-14
  161    6.401800E-14
  162    6.323010E-14
  163    6.245666E-14
  164    6.169732E-14
  165    6.095175E-14
  166    5.365820E-14
  167    5.301751E-14
  168    5.238824E-14
  169    5.177010E-14
  170    5.116283E-14
  171    6.333744E-14
  172    6.260311E-14
  173    6.188147E-14
  174    6.117224E-14
  175    6.047513E-14
  176    8.717093E-14
  177    8.618873E-14
  178    8.522305E-14
  179    8.427350E-14
  180    8.333974E-14
  181    5.133850E-14
  182    5.077590E-14
  183    5.022249E-14
  184    4.967808E-14
  185    4.914248E-14
  186    5.933111E-14
  187    5.869826E-14
  188    5.807547E-14
  189    5.746255E-14
  190    5.685928E-14
  191    5.148735E-14
  192    5.095243E-14
  193    5.042579E-14
  194    4.990728E-14
  195    4.939673E-14
  196    5.737305E-14
  197    5.679206E-14
  198    5.621986E-14
  199    5.565626E-14
  200    5.510109E-14
  201    5.417990E-14
  202    5.364480E-14
  203    5.311758E-14
  204    5.259810E-14
  205    5.208621E-14
  206    2.569956E-14
  207    2.545186E-14
  208    2.520772E-14
  209    2.496708E-14
  210    2.472986E-14
  211    2.882740E-15
  212    2.855608E-15
  213    2.828858E-15
  214    2.802482E-15
  215    2.776473E-15
  216    0.000000E+00
  217    0.000000E+00
  218    0.000000E+00
  219    0.000000E+00
  220    0.000000E+00
  221    0.000000E+00
  222    0.000000E+00
  223    0.000000E+00
  224    0.000000E+00
  225    0.000000E+00
  226    3.775149E-16
  227    3.741961E-16
  228    3.709209E-16
  229    3.676885E-16
  230    3.644982E-16
  231    0.000000E+00
  232    0.000000E+00
  233    0.000000E+00
  234    0.000000E+00
  235    0.000000E+00
  236    0.000000E+00
  237    0.000000E+00
  238    0.000000E+00
  239    0.000000E+00
  240    0.000000E+00
  241    0.000000E+00
  242    0.000000E+00
  243    0.000000E+00
  244    0.000000E+00
  245    0.000000E+00
  246    5.210800E-14
  247    5.168693E-14
  248    5.127094E-14
  249    5.085996E-14
  250    5.045389E-14
  251    5.489618E-13
  252    5.446137E-13
  253    5.403169E-13
  254    5.360709E-13
  255    5.318746E-13
  256    7.925925E-13
  257    7.864365E-13
  258    7.803519E-13
  259    7.743377E-13
  260    7.683927E-13
  261    1.566875E-12
  262    1.554937E-12
  263    1.543135E-12
  264    1.531467E-12
  265    1.519930E-12
  266    1.396609E-12
  267    1.386167E-12
  268    1.375842E-12
  269    1.365631E-12
  270    1.355534E-12
  271    2.553817E-12
  272    2.535073E-12
  273    2.516535E-12
  274    2.498200E-12
  275    2.480065E-12
  276    3.720408E-12
  277    3.693594E-12
  278    3.667070E-12
  279    3.640830E-12
  280    3.614870E-12
  281    1.355567E-11
  282    1.345970E-11
  283    1.336475E-11
  284    1.327079E-11
  285    1.317783E-11
  286    2.405316E-11
  287    2.388583E-11
  288    2.372025E-11
  289    2.355638E-11
  290    2.339420E-11
  291    3.820379E-11
  292    3.794257E-11
  293    3.768402E-11
  294    3.742811E-11
  295    3.717479E-11
  296    5.441045E-11
  297    5.404467E-11
  298    5.368256E-11
  299    5.332408E-11
  300    5.296918E-11
  301    6.292440E-11
  302    6.250837E-11
  303    6.209646E-11
  304    6.168860E-11
  305    6.128475E-11
  306    9.645607E-11
  307    9.582872E-11
  308    9.520747E-11
  309    9.459224E-11
  310    9.398295E-11
  311    9.453431E-11
  312    9.392929E-11
  313    9.333006E-11
  314    9.273655E-11
  315    9.214869E-11
  316    1.242359E-10
  317    1.234534E-10
  318    1.226781E-10
  319    1.219102E-10
  320    1.211495E-10
  321    1.503743E-10
  322    1.494417E-10
  323    1.485178E-10
  324    1.476025E-10
  325    1.466956E-10
  326    1.443586E-10
  327    1.434770E-10
  328    1.426035E-10
  329    1.417379E-10
  330    1.408802E-10
  331    1.927038E-10
  332    1.915446E-10
  333    1.903960E-10
  334    1.892576E-10
  335    1.881294E-10
  336    1.789047E-10
  337    1.778445E-10
  338    1.767937E-10
  339    1.757522E-10
  340    1.747199E-10
  341    2.390507E-10
  342    2.376548E-10
  343    2.362711E-10
  344    2.348994E-10
  345    2.335396E-10
  346    2.502060E-10
  347    2.487660E-10
  348    2.473384E-10
  349    2.459230E-10
  350    2.445197E-10
  351    2.487164E-10
  352    2.473052E-10
  353    2.459060E-10
  354    2.445187E-10
  355    2.431431E-10
  356    3.126988E-10
  357    3.109495E-10
  358    3.092148E-10
  359    3.074945E-10
  360    3.057886E-10
  361    2.948087E-10
  362    2.931822E-10
  363    2.915691E-10
  364    2.899692E-10
  365    2.883825E-10
  366    3.518634E-10
  367    3.499485E-10
  368    3.480492E-10
  369    3.461653E-10
  370    3.442966E-10
  371    3.478756E-10
  372    3.460078E-10
  373    3.441550E-10
  374    3.423171E-10
  375    3.404938E-10
  376    3.865201E-10
  377    3.844723E-10
  378    3.824407E-10
  379    3.804252E-10
  380    3.784256E-10
  381    4.338611E-10
  382    4.315925E-10
  383    4.293417E-10
  384    4.271085E-10
  385    4.248926E-10
  386    4.061378E-10
  387    4.040416E-10
  388    4.019616E-10
  389    3.998976E-10
  390    3.978495E-10
  391    4.876905E-10
  392    4.852055E-10
  393    4.827394E-10
  394    4.802920E-10
  395    4.778633E-10
  396    4.677199E-10
  397    4.653666E-10
  398    4.630310E-10
  399    4.607130E-10
  400    4.584123E-10
  401    5.425426E-10
  402    5.398468E-10
  403    5.371710E-10
  404    5.345150E-10
  405    5.318787E-10
  406    5.651914E-10
  407    5.624175E-10
  408    5.596639E-10
  409    5.569305E-10
  410    5.542171E-10
  411    5.734620E-10
  412    5.706816E-10
  413    5.679214E-10
  414    5.651811E-10
  415    5.624606E-10
  416    6.226431E-10
  417    6.196603E-10
  418    6.166990E-10
  419    6.137589E-10
  420    6.108397E-10
  421    6.601221E-10
  422    6.569973E-10
  423    6.538946E-10
  424    6.508139E-10
  425    6.477548E-10
  426    7.187605E-10
  427    7.153979E-10
  428    7.120588E-10
  429    7.087431E-10
  430    7.054504E-10
  431    7.690310E-10
  432    7.654747E-10
  433    7.619432E-10
  434    7.584359E-10
  435    7.549529E-10
  436    8.338703E-10
  437    8.300584E-10
  438    8.262725E-10
  439    8.225124E-10
  440    8.187780E-10
  441    8.386707E-10
  442    8.348801E-10
  443    8.311151E-10
  444    8.273756E-10
  445    8.236612E-10
  446    9.193145E-10
  447    9.152059E-10
  448    9.111247E-10
  449    9.070708E-10
  450    9.030438E-10
  451    9.635270E-10
  452    9.592684E-10
  453    9.550379E-10
  454    9.508353E-10
  455    9.466604E-10
  456    1.055266E-09
  457    1.050653E-09
  458    1.046070E-09
  459    1.041517E-09
  460    1.036993E-09
  461    1.101467E-09
  462    1.096704E-09
  463    1.091971E-09
  464    1.087270E-09
  465    1.082598E-09
  466    1.054452E-09
  467    1.049941E-09
  468    1.045459E-09
  469    1.041005E-09
  470    1.036580E-09
  471    1.286512E-09
  472    1.281067E-09
  473    1.275656E-09
  474    1.270279E-09
  475    1.264936E-09
  476    1.268144E-09
  477    1.262833E-09
  478    1.257554E-09
  479    1.252309E-09
  480    1.247097E-09
  481    1.459245E-09
  482    1.453197E-09
  483    1.447185E-09
  484    1.441212E-09
  485    1.435275E-09
  486    1.423136E-09
  487    1.417298E-09
  488    1.411495E-09
  489    1.405728E-09
  490    1.399996E-09
  491    1.425951E-09
  492    1.420161E-09
  493    1.414405E-09
  494    1.408685E-09
  495    1.402999E-09
  496    1.684429E-09
  497    1.677657E-09
  498    1.670926E-09
  499    1.664236E-09
  500    1.657586E-09
  501    1.602984E-09
  502    1.596604E-09
  503    1.590262E-09
  504    1.583958E-09
  505    1.577691E-09
  506    1.871604E-09
  507    1.864229E-09
  508    1.856896E-09
  509    1.849607E-09
  510    1.842361E-09
  511    1.891810E-09
  512    1.884427E-09
  513    1.877088E-09
  514    1.869791E-09
  515    1.862537E-09
  516    1.982245E-09
  517    1.974584E-09
  518    1.966968E-09
  519    1.959395E-09
  520    1.951867E-09
  521    2.245202E-09
  522    2.236608E-09
  523    2.228064E-09
  524    2.219568E-09
  525    2.211120E-09
  526    2.015011E-09
  527    2.007371E-09
  528    1.999775E-09
  529    1.992221E-09
  530    1.984711E-09
  531    2.485098E-09
  532    2.475764E-09
  533    2.466483E-09
  534    2.457254E-09
  535    2.448076E-09
  536    2.417710E-09
  537    2.408714E-09
  538    2.399768E-09
  539    2.390872E-09
  540    2.382025E-09
  541    2.747141E-09
  542    2.737014E-09
  543    2.726942E-09
  544    2.716926E-09
  545    2.706964E-09
  546    2.817039E-09
  547    2.806749E-09
  548    2.796515E-09
  549    2.786336E-09
  550    2.776213E-09
  551    2.733762E-09
  552    2.723866E-09
  553    2.714024E-09
  554    2.704235E-09
  555    2.694499E-09
  556    3.278081E-09
  557    3.266322E-09
  558    3.254625E-09
  559    3.242991E-09
  560    3.231419E-09
  561    3.103025E-09
  562    3.091992E-09
  563    3.081018E-09
  564    3.070102E-09
  565    3.059244E-09
  566    3.574078E-09
  567    3.561482E-09
  568    3.548953E-09
  569    3.536490E-09
  570    3.524092E-09
  571    3.490669E-09
  572    3.478475E-09
  573    3.466344E-09
  574    3.454277E-09
  575    3.442273E-09
  576    3.889304E-09
  577    3.875835E-09
  578    3.862435E-09
  579    3.849105E-09
  580    3.835844E-09
  581    4.063064E-09
  582    4.049114E-09
  583    4.035235E-09
  584    4.021427E-09
  585    4.007691E-09
  586    4.100750E-09
  587    4.086790E-09
  588    4.072901E-09
  589    4.059083E-09
  590    4.045335E-09
  591    4.631133E-09
  592    4.615501E-09
  593    4.599947E-09
  594    4.584472E-09
  595    4.569075E-09
  596    4.667435E-09
  597    4.651812E-09
  598    4.636267E-09
  599    4.620800E-09
  600    4.605410E-09
  601    5.128087E-09
  602    5.111064E-09
  603    5.094126E-09
  604    5.077272E-09
  605    5.060502E-09
  606    5.151699E-09
  607    5.134739E-09
  608    5.117862E-09
  609    5.101068E-09
  610    5.084357E-09
  611    5.174797E-09
  612    5.157900E-09
  613    5.141085E-09
  614    5.124353E-09
  615    5.107702E-09
  616    6.083448E-09
  617    6.063744E-09
  618    6.044136E-09
  619    6.024624E-09
  620    6.005205E-09
  621    5.873927E-09
  622    5.855055E-09
  623    5.836274E-09
  624    5.817583E-09
  625    5.798981E-09
  626    6.586589E-09
  627    6.565596E-09
  628    6.544703E-09
  629    6.523910E-09
  630    6.503215E-09
  631    6.450790E-09
  632    6.430392E-09
  633    6.410091E-09
  634    6.389886E-09
  635    6.369776E-09
  636    6.866307E-09
  637    6.844765E-09
  638    6.823325E-09
  639    6.801986E-09
  640    6.780746E-09
  641    7.624711E-09
  642    7.600977E-09
  643    7.577353E-09
  644    7.553839E-09
  645    7.530435E-09
  646    7.301071E-09
  647    7.278519E-09
  648    7.256072E-09
  649    7.233729E-09
  650    7.211488E-09
  651    8.323963E-09
  652    8.298449E-09
  653    8.273052E-09
  654    8.247772E-09
  655    8.222607E-09
  656    8.257397E-09
  657    8.232280E-09
  658    8.207277E-09
  659    8.182387E-09
  660    8.157611E-09
  661    8.772569E-09
  662    8.746086E-09
  663    8.719722E-09
  664    8.693478E-09
  665    8.667352E-09
  666    9.216609E-09
  667    9.188994E-09
  668    9.161502E-09
  669    9.134134E-09
  670    9.106888E-09
  671    8.987080E-09
  672    8.960352E-09
  673    8.933744E-09
  674    8.907254E-09
  675    8.880882E-09
  676    1.042715E-08
  677    1.039637E-08
  678    1.036572E-08
  679    1.033521E-08
  680    1.030484E-08
  681    1.000189E-08
  682    9.972583E-09
  683    9.943402E-09
  684    9.914349E-09
  685    9.885424E-09
  686    1.129919E-08
  687    1.126632E-08
  688    1.123359E-08
  689    1.120101E-08
  690    1.116856E-08
  691    1.133512E-08
  692    1.130238E-08
  693    1.126979E-08
  694    1.123733E-08
  695    1.120502E-08
  696    1.161988E-08
  697    1.158656E-08
  698    1.155338E-08
  699    1.152035E-08
  700    1.148746E-08
  701    1.283718E-08
  702    1.280063E-08
  703    1.276424E-08
  704    1.272800E-08
  705    1.269192E-08
  706    1.211571E-08
  707    1.208147E-08
  708    1.204736E-08
  709    1.201340E-08
  710    1.197958E-08
  711    1.372902E-08
  712    1.369049E-08
  713    1.365211E-08
  714    1.361390E-08
  715    1.357584E-08
  716    1.370114E-08
  717    1.366295E-08
  718    1.362492E-08
  719    1.358705E-08
  720    1.354933E-08
  721    1.485778E-08
  722    1.481665E-08
  723    1.477569E-08
  724    1.473490E-08
  725    1.469428E-08
  726    1.521571E-08
  727    1.517388E-08
  728    1.513222E-08
  729    1.509073E-08
  730    1.504942E-08
  731    1.502086E-08
  732    1.497985E-08
  733    1.493900E-08
  734    1.489832E-08
  735    1.485781E-08
  736    1.639473E-08
  737    1.635027E-08
  738    1.630599E-08
  739    1.626189E-08
  740    1.621797E-08
  741    1.664456E-08
  742    1.659973E-08
  743    1.655507E-08
  744    1.651060E-08
  745    1.646631E-08
  746    1.791967E-08
  747    1.787172E-08
  748    1.782397E-08
  749    1.777641E-08
  750    1.772904E-08
  751    1.865976E-08
  752    1.861016E-08
  753    1.856077E-08
  754    1.851157E-08
  755    1.846256E-08
  756    1.804059E-08
  757    1.799296E-08
  758    1.794552E-08
  759    1.789826E-08
  760    1.785119E-08
  761    2.133737E-08
  762    2.128140E-08
  763    2.122565E-08
  764    2.117013E-08
  765    2.111481E-08
  766    2.047938E-08
  767    2.042602E-08
  768    2.037286E-08
  769    2.031991E-08
  770    2.026716E-08
  771    2.168032E-08
  772    2.162419E-08
  773    2.156828E-08
  774    2.151259E-08
  775    2.145710E-08
  776    2.236807E-08
  777    2.231053E-08
  778    2.225321E-08
  779    2.219612E-08
  780    2.213924E-08
  781    2.368885E-08
  782    2.362831E-08
  783    2.356799E-08
  784    2.350791E-08
  785    2.344805E-08
  786    2.465182E-08
  787    2.458922E-08
  788    2.452685E-08
  789    2.446471E-08
  790    2.440282E-08
  791    2.498654E-08
  792    2.492348E-08
  793    2.486066E-08
  794    2.479808E-08
  795    2.473573E-08
  796    2.666675E-08
  797    2.659988E-08
  798    2.653325E-08
  799    2.646688E-08
  800    2.640075E-08
  801    2.670368E-08
  802    2.663713E-08
  803    2.657083E-08
  804    2.650477E-08
  805    2.643896E-08
  806    2.827262E-08
  807    2.820259E-08
  808    2.813283E-08
  809    2.806332E-08
  810    2.799407E-08
  811    2.876886E-08
  812    2.869804E-08
  813    2.862748E-08
  814    2.855719E-08
  815    2.848715E-08
  816    2.942059E-08
  817    2.934861E-08
  818    2.927690E-08
  819    2.920545E-08
  820    2.913426E-08
  821    3.116640E-08
  822    3.109062E-08
  823    3.101511E-08
  824    3.093988E-08
  825    3.086492E-08
  826    3.221246E-08
  827    3.213461E-08
  828    3.205704E-08
  829    3.197974E-08
  830    3.190273E-08
  831    3.406023E-08
  832    3.397841E-08
  833    3.389687E-08
  834    3.381564E-08
  835    3.373469E-08
  836    3.378871E-08
  837    3.370802E-08
  838    3.362762E-08
  839    3.354751E-08
  840    3.346768E-08
  841    3.456913E-08
  842    3.448707E-08
  843    3.440530E-08
  844    3.432382E-08
  845    3.424263E-08
  846    3.787420E-08
  847    3.778483E-08
  848    3.769576E-08
  849    3.760702E-08
  850    3.751858E-08
  851    3.680806E-08
  852    3.672170E-08
  853    3.663565E-08
  854    3.654991E-08
  855    3.646446E-08
  856    3.975846E-08
  857    3.966573E-08
  858    3.957332E-08
  859    3.948123E-08
  860    3.938947E-08
  861    3.907537E-08
  862    3.898476E-08
  863    3.889446E-08
  864    3.880448E-08
  865    3.871481E-08
  866    4.324096E-08
  867    4.314127E-08
  868    4.304193E-08
  869    4.294292E-08
  870    4.284426E-08
  871    4.443451E-08
  872    4.433266E-08
  873    4.423115E-08
  874    4.412999E-08
  875    4.402918E-08
  876    4.432638E-08
  877    4.422535E-08
  878    4.412466E-08
  879    4.402432E-08
  880    4.392432E-08
  881    4.730512E-08
  882    4.719791E-08
  883    4.709107E-08
  884    4.698459E-08
  885    4.687847E-08
  886    4.729344E-08
  887    4.718687E-08
  888    4.708065E-08
  889    4.697479E-08
  890    4.686929E-08
  891    5.004777E-08
  892    4.993561E-08
  893    4.982384E-08
  894    4.971244E-08
  895    4.960141E-08
  896    5.069033E-08
  897    5.057737E-08
  898    5.046478E-08
  899    5.035258E-08
  900    5.024075E-08
  901    5.100274E-08
  902    5.088971E-08
  903    5.077706E-08
  904    5.066478E-08
  905    5.055288E-08
  906    5.542362E-08
  907    5.530148E-08
  908    5.517974E-08
  909    5.505840E-08
  910    5.493745E-08
  911    5.398992E-08
  912    5.387159E-08
  913    5.375364E-08
  914    5.363608E-08
  915    5.351891E-08
  916    5.946291E-08
  917    5.933330E-08
  918    5.920410E-08
  919    5.907533E-08
  920    5.894697E-08
  921    5.749340E-08
  922    5.736876E-08
  923    5.724451E-08
  924    5.712068E-08
  925    5.699724E-08
  926    6.008859E-08
  927    5.995902E-08
  928    5.982987E-08
  929    5.970113E-08
  930    5.957281E-08
  931    6.511234E-08
  932    6.497269E-08
  933    6.483349E-08
  934    6.469473E-08
  935    6.455642E-08
  936    6.104011E-08
  937    6.090990E-08
  938    6.078009E-08
  939    6.065070E-08
  940    6.052173E-08
  941    6.689455E-08
  942    6.675260E-08
  943    6.661110E-08
  944    6.647005E-08
  945    6.632945E-08
  946    6.633190E-08
  947    6.619189E-08
  948    6.605232E-08
  949    6.591318E-08
  950    6.577449E-08
  951    6.978908E-08
  952    6.964254E-08
  953    6.949646E-08
  954    6.935084E-08
  955    6.920568E-08
  956    7.080995E-08
  957    7.066205E-08
  958    7.051460E-08
  959    7.036762E-08
  960    7.022110E-08
  961    6.979253E-08
  962    6.964751E-08
  963    6.950294E-08
  964    6.935881E-08
  965    6.921514E-08
  966    7.749789E-08
  967    7.733769E-08
  968    7.717798E-08
  969    7.701877E-08
  970    7.686005E-08
  971    7.305101E-08
  972    7.290077E-08
  973    7.275100E-08
  974    7.260169E-08
  975    7.245284E-08
  976    8.061238E-08
  977    8.044745E-08
  978    8.028302E-08
  979    8.011909E-08
  980    7.995567E-08
  981    8.011586E-08
  982    7.995277E-08
  983    7.979018E-08
  984    7.962809E-08
  985    7.946649E-08
  986    7.918206E-08
  987    7.902169E-08
  988    7.886181E-08
  989    7.870241E-08
  990    7.854350E-08
  991    8.409129E-08
  992    8.392184E-08
  993    8.375290E-08
  994    8.358446E-08
  995    8.341654E-08
  996    8.274614E-08
  997    8.258024E-08
  998    8.241483E-08
  999    8.224991E-08
 1000    8.208550E-08
 1001    8.642056E-08
 1002    8.624815E-08
 1003    8.607625E-08
 1004    8.590487E-08
 1005    8.573400E-08
 1006    8.622018E-08
 1007    8.604902E-08
 1008    8.587838E-08
 1009    8.570824E-08
 1010    8.553860E-08
 1011    8.814146E-08
 1012    8.796735E-08
 1013    8.779376E-08
 1014    8.762068E-08
 1015    8.744811E-08
 1016    9.682634E-08
 1017    9.663601E-08
 1018    9.644625E-08
 1019    9.625705E-08
 1020    9.606840E-08
 1021    9.221969E-08
 1022    9.203931E-08
 1023    9.185946E-08
 1024    9.168014E-08
 1025    9.150134E-08
 1026    9.608787E-08
 1027    9.590083E-08
 1028    9.571435E-08
 1029    9.552840E-08
 1030    9.534300E-08
 1031    9.738677E-08
 1032    9.719813E-08
 1033    9.701003E-08
 1034    9.682248E-08
 1035    9.663548E-08
 1036    9.955406E-08
 1037    9.936215E-08
 1038    9.917079E-08
 1039    9.897998E-08
 1040    9.878973E-08
 1041    1.048617E-07
 1042    1.046606E-07
 1043    1.044600E-07
 1044    1.042600E-07
 1045    1.040605E-07
 1046    1.035010E-07
 1047    1.033034E-07
 1048    1.031064E-07
 1049    1.029099E-07
 1050    1.027139E-07
 1051    1.067592E-07
 1052    1.065564E-07
 1053    1.063541E-07
 1054    1.061524E-07
 1055    1.059512E-07
 1056    1.065192E-07
 1057    1.063177E-07
 1058    1.061168E-07
 1059    1.059165E-07
 1060    1.057168E-07
 1061    1.096670E-07
 1062    1.094606E-07
 1063    1.092547E-07
 1064    1.090494E-07
 1065    1.088448E-07
 1066    1.135486E-07
 1067    1.133359E-07
 1068    1.131238E-07
 1069    1.129122E-07
 1070    1.127013E-07
 1071    1.155339E-07
 1072    1.153184E-07
 1073    1.151036E-07
 1074    1.148893E-07
 1075    1.146757E-07
 1076    1.127910E-07
 1077    1.125816E-07
 1078    1.123728E-07
 1079    1.121646E-07
 1080    1.119570E-07
 1081    1.210620E-07
 1082    1.208383E-07
 1083    1.206153E-07
 1084    1.203928E-07
 1085    1.201710E-07
 1086    1.209324E-07
 1087    1.207100E-07
 1088    1.204882E-07
 1089    1.202670E-07
 1090    1.200464E-07
 1091    1.211960E-07
 1092    1.209741E-07
 1093    1.207529E-07
 1094    1.205322E-07
 1095    1.203122E-07
 1096    1.257572E-07
 1097    1.255281E-07
 1098    1.252995E-07
 1099    1.250716E-07
 1100    1.248443E-07
 1101    1.298439E-07
 1102    1.296083E-07
 1103    1.293734E-07
 1104    1.291392E-07
 1105    1.289055E-07
 1106    1.263166E-07
 1107    1.260885E-07
 1108    1.258610E-07
 1109    1.256341E-07
 1110    1.254078E-07
 1111    1.302777E-07
 1112    1.300435E-07
 1113    1.298099E-07
 1114    1.295770E-07
 1115    1.293447E-07
 1116    1.302327E-07
 1117    1.299996E-07
 1118    1.297672E-07
 1119    1.295354E-07
 1120    1.293041E-07
 1121    1.388203E-07
 1122    1.385730E-07
 1123    1.383263E-07
 1124    1.380803E-07
 1125    1.378349E-07
 1126    1.327126E-07
 1127    1.324772E-07
 1128    1.322424E-07
 1129    1.320082E-07
 1130    1.317747E-07
 1131    1.380679E-07
 1132    1.378241E-07
 1133    1.375809E-07
 1134    1.373384E-07
 1135    1.370965E-07
 1136    1.389248E-07
 1137    1.386805E-07
 1138    1.384369E-07
 1139    1.381939E-07
 1140    1.379516E-07
 1141    1.412280E-07
 1142    1.409807E-07
 1143    1.407342E-07
 1144    1.404882E-07
 1145    1.402429E-07
 1146    1.476587E-07
 1147    1.474013E-07
 1148    1.471446E-07
 1149    1.468886E-07
 1150    1.466333E-07
 1151    1.414568E-07
 1152    1.412114E-07
 1153    1.409665E-07
 1154    1.407223E-07
 1155    1.404787E-07
 1156    1.470295E-07
 1157    1.467754E-07
 1158    1.465220E-07
 1159    1.462693E-07
 1160    1.460172E-07
 1161    1.457347E-07
 1162    1.454839E-07
 1163    1.452338E-07
 1164    1.449844E-07
 1165    1.447356E-07
 1166    1.491450E-07
 1167    1.488895E-07
 1168    1.486347E-07
 1169    1.483805E-07
 1170    1.481270E-07
 1171    1.572572E-07
 1172    1.569889E-07
 1173    1.567214E-07
 1174    1.564545E-07
 1175    1.561883E-07
 1176    1.474905E-07
 1177    1.472400E-07
 1178    1.469901E-07
 1179    1.467408E-07
 1180    1.464922E-07
 1181    1.571912E-07
 1182    1.569253E-07
 1183    1.566602E-07
 1184    1.563956E-07
 1185    1.561318E-07
 1186    1.596442E-07
 1187    1.593753E-07
 1188    1.591071E-07
 1189    1.588396E-07
 1190    1.585727E-07
 1191    1.564072E-07
 1192    1.561448E-07
 1193    1.558832E-07
 1194    1.556222E-07
 1195    1.553618E-07
 1196    1.612280E-07
 1197    1.609587E-07
 1198    1.606901E-07
 1199    1.604222E-07
 1200    1.601549E-07
 1201    1.577720E-07
 1202    1.575096E-07
 1203    1.572479E-07
 1204    1.569868E-07
 1205    1.567263E-07
 1206    1.650367E-07
 1207    1.647633E-07
 1208    1.644907E-07
 1209    1.642187E-07
 1210    1.639473E-07
 1211    1.608450E-07
 1212    1.605797E-07
 1213    1.603151E-07
 1214    1.600511E-07
 1215    1.597877E-07
 1216    1.620179E-07
 1217    1.617517E-07
 1218    1.614862E-07
 1219    1.612214E-07
 1220    1.609572E-07
 1221    1.687573E-07
 1222    1.684813E-07
 1223    1.682059E-07
 1224    1.679311E-07
 1225    1.676571E-07
 1226    1.605256E-07
 1227    1.602641E-07
 1228    1.600032E-07
 1229    1.597429E-07
 1230    1.594832E-07
 1231    1.730147E-07
 1232    1.727339E-07
 1233    1.724539E-07
 1234    1.721745E-07
 1235    1.718958E-07
 1236    1.670442E-07
 1237    1.667742E-07
 1238    1.665049E-07
 1239    1.662363E-07
 1240    1.659682E-07
 1241    1.679995E-07
 1242    1.677290E-07
 1243    1.674593E-07
 1244    1.671901E-07
 1245    1.669217E-07
 1246    1.738816E-07
 1247    1.736028E-07
 1248    1.733247E-07
 1249    1.730473E-07
 1250    1.727705E-07
 1251    1.679445E-07
 1252    1.676763E-07
 1253    1.674088E-07
 1254    1.671419E-07
 1255    1.668757E-07
 1256    1.784751E-07
 1257    1.781912E-07
 1258    1.779080E-07
 1259    1.776255E-07
 1260    1.773437E-07
 1261    1.665886E-07
 1262    1.663247E-07
 1263    1.660614E-07
 1264    1.657987E-07
 1265    1.655367E-07
 1266    1.731357E-07
 1267    1.728625E-07
 1268    1.725900E-07
 1269    1.723181E-07
 1270    1.720468E-07
 1271    1.758612E-07
 1272    1.755848E-07
 1273    1.753090E-07
 1274    1.750339E-07
 1275    1.747594E-07
 1276    1.690585E-07
 1277    1.687938E-07
 1278    1.685298E-07
 1279    1.682663E-07
 1280    1.680035E-07
 1281    1.724458E-07
 1282    1.721769E-07
 1283    1.719086E-07
 1284    1.716409E-07
 1285    1.713739E-07
 1286    1.696688E-07
 1287    1.694053E-07
 1288    1.691423E-07
 1289    1.688800E-07
 1290    1.686182E-07
 1291    1.768403E-07
 1292    1.765667E-07
 1293    1.762937E-07
 1294    1.760213E-07
 1295    1.757496E-07
 1296    1.717566E-07
 1297    1.714918E-07
 1298    1.712277E-07
 1299    1.709642E-07
 1300    1.707012E-07
 1301    1.726570E-07
 1302    1.723919E-07
 1303    1.721274E-07
 1304    1.718635E-07
 1305    1.716002E-07
 1306    1.712631E-07
 1307    1.710012E-07
 1308    1.707398E-07
 1309    1.704790E-07
 1310    1.702189E-07
 1311    1.710206E-07
 1312    1.707600E-07
 1313    1.705000E-07
 1314    1.702405E-07
 1315    1.699817E-07
 1316    1.740113E-07
 1317    1.737471E-07
 1318    1.734836E-07
 1319    1.732206E-07
 1320    1.729583E-07
 1321    1.690210E-07
 1322    1.687654E-07
 1323    1.685103E-07
 1324    1.682559E-07
 1325    1.680020E-07
 1326    1.695783E-07
 1327    1.693228E-07
 1328    1.690679E-07
 1329    1.688136E-07
 1330    1.685598E-07
 1331    1.678719E-07
 1332    1.676199E-07
 1333    1.673685E-07
 1334    1.671177E-07
 1335    1.668674E-07
 1336    1.687461E-07
 1337    1.684937E-07
 1338    1.682420E-07
 1339    1.679908E-07
 1340    1.677401E-07
 1341    1.710999E-07
 1342    1.708450E-07
 1343    1.705907E-07
 1344    1.703369E-07
 1345    1.700837E-07
 1346    1.680513E-07
 1347    1.678019E-07
 1348    1.675530E-07
 1349    1.673047E-07
 1350    1.670569E-07
 1351    1.699753E-07
 1352    1.697240E-07
 1353    1.694732E-07
 1354    1.692229E-07
 1355    1.689732E-07
 1356    1.696030E-07
 1357    1.693531E-07
 1358    1.691038E-07
 1359    1.688550E-07
 1360    1.686068E-07
 1361    1.670247E-07
 1362    1.667795E-07
 1363    1.665349E-07
 1364    1.662908E-07
 1365    1.660472E-07
 1366    1.650198E-07
 1367    1.647785E-07
 1368    1.645376E-07
 1369    1.642974E-07
 1370    1.640576E-07
 1371    1.639829E-07
 1372    1.637440E-07
 1373    1.635055E-07
 1374    1.632676E-07
 1375    1.630302E-07
 1376    1.697470E-07
 1377    1.695006E-07
 1378    1.692547E-07
 1379    1.690093E-07
 1380    1.687644E-07
 1381    1.618994E-07
 1382    1.616652E-07
 1383    1.614315E-07
 1384    1.611983E-07
 1385    1.609656E-07
 1386    1.643812E-07
 1387    1.641442E-07
 1388    1.639078E-07
 1389    1.636719E-07
 1390    1.634364E-07
 1391    1.569031E-07
 1392    1.566777E-07
 1393    1.564529E-07
 1394    1.562285E-07
 1395    1.560046E-07
 1396    1.623118E-07
 1397    1.620795E-07
 1398    1.618477E-07
 1399    1.616164E-07
 1400    1.613856E-07
 1401    1.616590E-07
 1402    1.614284E-07
 1403    1.611984E-07
 1404    1.609689E-07
 1405    1.607398E-07
 1406    1.557052E-07
 1407    1.554840E-07
 1408    1.552632E-07
 1409    1.550429E-07
 1410    1.548230E-07
 1411    1.559623E-07
 1412    1.557415E-07
 1413    1.555211E-07
 1414    1.553012E-07
 1415    1.550818E-07
 1416    1.510169E-07
 1417    1.508039E-07
 1418    1.505912E-07
 1419    1.503791E-07
 1420    1.501673E-07
 1421    1.502791E-07
 1422    1.500678E-07
 1423    1.498570E-07
 1424    1.496466E-07
 1425    1.494366E-07
 1426    1.528218E-07
 1427    1.526077E-07
 1428    1.523940E-07
 1429    1.521808E-07
 1430    1.519681E-07
 1431    1.475255E-07
 1432    1.473196E-07
 1433    1.471140E-07
 1434    1.469089E-07
 1435    1.467043E-07
 1436    1.481889E-07
 1437    1.479827E-07
 1438    1.477769E-07
 1439    1.475716E-07
 1440    1.473667E-07
 1441    1.445599E-07
 1442    1.443595E-07
 1443    1.441595E-07
 1444    1.439599E-07
 1445    1.437607E-07
 1446    1.434445E-07
 1447    1.432463E-07
 1448    1.430485E-07
 1449    1.428511E-07
 1450    1.426542E-07
 1451    1.411351E-07
 1452    1.409407E-07
 1453    1.407468E-07
 1454    1.405533E-07
 1455    1.403601E-07
 1456    1.350119E-07
 1457    1.348266E-07
 1458    1.346417E-07
 1459    1.344572E-07
 1460    1.342731E-07
 1461    1.418249E-07
 1462    1.416309E-07
 1463    1.414374E-07
 1464    1.412442E-07
 1465    1.410515E-07
 1466    1.332805E-07
 1467    1.330989E-07
 1468    1.329176E-07
 1469    1.327367E-07
 1470    1.325562E-07
 1471    1.346898E-07
 1472    1.345069E-07
 1473    1.343243E-07
 1474    1.341421E-07
 1475    1.339603E-07
 1476    1.275285E-07
 1477    1.273559E-07
 1478    1.271836E-07
 1479    1.270117E-07
 1480    1.268401E-07
 1481    1.274624E-07
 1482    1.272904E-07
 1483    1.271188E-07
 1484    1.269476E-07
 1485    1.267766E-07
 1486    1.288883E-07
 1487    1.287151E-07
 1488    1.285421E-07
 1489    1.283695E-07
 1490    1.281973E-07
 1491    1.232787E-07
 1492    1.231135E-07
 1493    1.229487E-07
 1494    1.227841E-07
 1495    1.226199E-07
 1496    1.222411E-07
 1497    1.220778E-07
 1498    1.219149E-07
 1499    1.217523E-07
 1500    1.215900E-07
 1501    1.197510E-07
 1502    1.195916E-07
 1503    1.194325E-07
 1504    1.192737E-07
 1505    1.191153E-07
 1506    1.183828E-07
 1507    1.182257E-07
 1508    1.180690E-07
 1509    1.179125E-07
 1510    1.177564E-07
 1511    1.179442E-07
 1512    1.177883E-07
 1513    1.176326E-07
 1514    1.174773E-07
 1515    1.173222E-07
 1516    1.119622E-07
 1517    1.118147E-07
 1518    1.116674E-07
 1519    1.115204E-07
 1520    1.113737E-07
 1521    1.115763E-07
 1522    1.114298E-07
 1523    1.112835E-07
 1524    1.111375E-07
 1525    1.109918E-07
 1526    1.130601E-07
 1527    1.129120E-07
 1528    1.127643E-07
 1529    1.126168E-07
 1530    1.124697E-07
 1531    1.091274E-07
 1532    1.089850E-07
 1533    1.088429E-07
 1534    1.087010E-07
 1535    1.085594E-07
 1536    1.062096E-07
 1537    1.060714E-07
 1538    1.059336E-07
 1539    1.057959E-07
 1540    1.056586E-07
 1541    1.010763E-07
 1542    1.009452E-07
 1543    1.008144E-07
 1544    1.006839E-07
 1545    1.005536E-07
 1546    1.057574E-07
 1547    1.056207E-07
 1548    1.054843E-07
 1549    1.053482E-07
 1550    1.052123E-07
 1551    1.003804E-07
 1552    1.002511E-07
 1553    1.001220E-07
 1554    9.999317E-08
 1555    9.986461E-08
 1556    1.017111E-07
 1557    1.015805E-07
 1558    1.014502E-07
 1559    1.013201E-07
 1560    1.011902E-07
 1561    9.905098E-08
 1562    9.892419E-08
 1563    9.879765E-08
 1564    9.867135E-08
 1565    9.854530E-08
 1566    9.680791E-08
 1567    9.668439E-08
 1568    9.656111E-08
 1569    9.643806E-08
 1570    9.631525E-08
 1571    9.619450E-08
 1572    9.607215E-08
 1573    9.595004E-08
 1574    9.582816E-08
 1575    9.570651E-08
 1576    9.574946E-08
 1577    9.562807E-08
 1578    9.550691E-08
 1579    9.538597E-08
 1580    9.526527E-08
 1581    9.387228E-08
 1582    9.375364E-08
 1583    9.363522E-08
 1584    9.351704E-08
 1585    9.339907E-08
 1586    9.457562E-08
 1587    9.445647E-08
 1588    9.433754E-08
 1589    9.421884E-08
 1590    9.410037E-08
 1591    9.285596E-08
 1592    9.273934E-08
 1593    9.262294E-08
 1594    9.250676E-08
 1595    9.239080E-08
 1596    9.270385E-08
 1597    9.258779E-08
 1598    9.247195E-08
 1599    9.235632E-08
 1600    9.224091E-08
 1601    9.205290E-08
 1602    9.193801E-08
 1603    9.182334E-08
 1604    9.170888E-08
 1605    9.159464E-08
 1606    9.191405E-08
 1607    9.179969E-08
 1608    9.168555E-08
 1609    9.157162E-08
 1610    9.145790E-08
 1611    9.424105E-08
 1612    9.412416E-08
 1613    9.400749E-08
 1614    9.389103E-08
 1615    9.377480E-08
 1616    9.247888E-08
 1617    9.236454E-08
 1618    9.225040E-08
 1619    9.213648E-08
 1620    9.202276E-08
 1621    9.322770E-08
 1622    9.311278E-08
 1623    9.299807E-08
 1624    9.288358E-08
 1625    9.276929E-08
 1626    9.236568E-08
 1627    9.225218E-08
 1628    9.213888E-08
 1629    9.202579E-08
 1630    9.191291E-08
 1631    9.604913E-08
 1632    9.593146E-08
 1633    9.581401E-08
 1634    9.569677E-08
 1635    9.557974E-08
 1636    9.506468E-08
 1637    9.494857E-08
 1638    9.483267E-08
 1639    9.471699E-08
 1640    9.460151E-08
 1641    9.812461E-08
 1642    9.800513E-08
 1643    9.788587E-08
 1644    9.776682E-08
 1645    9.764799E-08
 1646    9.794789E-08
 1647    9.782898E-08
 1648    9.771029E-08
 1649    9.759182E-08
 1650    9.747356E-08
 1651    1.020190E-07
 1652    1.018955E-07
 1653    1.017723E-07
 1654    1.016492E-07
 1655    1.015264E-07
 1656    1.026939E-07
 1657    1.025700E-07
 1658    1.024463E-07
 1659    1.023229E-07
 1660    1.021996E-07
 1661    1.025160E-07
 1662    1.023926E-07
 1663    1.022695E-07
 1664    1.021467E-07
 1665    1.020240E-07
 1666    1.084748E-07
 1667    1.083447E-07
 1668    1.082148E-07
 1669    1.080852E-07
 1670    1.079558E-07
 1671    1.105672E-07
 1672    1.104350E-07
 1673    1.103030E-07
 1674    1.101712E-07
 1675    1.100397E-07
 1676    1.160799E-07
 1677    1.159416E-07
 1678    1.158034E-07
 1679    1.156655E-07
 1680    1.155278E-07
 1681    1.178209E-07
 1682    1.176809E-07
 1683    1.175411E-07
 1684    1.174015E-07
 1685    1.172622E-07
 1686    1.217572E-07
 1687    1.216129E-07
 1688    1.214689E-07
 1689    1.213251E-07
 1690    1.211815E-07
 1691    1.261563E-07
 1692    1.260072E-07
 1693    1.258584E-07
 1694    1.257099E-07
 1695    1.255616E-07
 1696    1.302546E-07
 1697    1.301012E-07
 1698    1.299480E-07
 1699    1.297951E-07
 1700    1.296424E-07
 1701    1.356291E-07
 1702    1.354697E-07
 1703    1.353107E-07
 1704    1.351519E-07
 1705    1.349934E-07
 1706    1.387456E-07
 1707    1.385831E-07
 1708    1.384208E-07
 1709    1.382589E-07
 1710    1.380972E-07
 1711    1.435400E-07
 1712    1.433723E-07
 1713    1.432050E-07
 1714    1.430379E-07
 1715    1.428712E-07
 1716    1.523890E-07
 1717    1.522116E-07
 1718    1.520344E-07
 1719    1.518576E-07
 1720    1.516811E-07
 1721    1.567157E-07
 1722    1.565337E-07
 1723    1.563521E-07
 1724    1.561707E-07
 1725    1.559897E-07
 1726    1.707599E-07
 1727    1.705622E-07
 1728    1.703649E-07
 1729    1.701679E-07
 1730    1.699712E-07
 1731    1.751760E-07
 1732    1.749738E-07
 1733    1.747719E-07
 1734    1.745704E-07
 1735    1.743692E-07
 1736    1.871618E-07
 1737    1.869463E-07
 1738    1.867313E-07
 1739    1.865166E-07
 1740    1.863022E-07
 1741    1.967616E-07
 1742    1.965357E-07
 1743    1.963103E-07
 1744    1.960852E-07
 1745    1.958606E-07
 1746    2.017790E-07
 1747    2.015481E-07
 1748    2.013175E-07
 1749    2.010874E-07
 1750    2.008576E-07
 1751    2.150397E-07
 1752    2.147943E-07
 1753    2.145493E-07
 1754    2.143047E-07
 1755    2.140606E-07
 1756    2.224275E-07
 1757    2.221743E-07
 1758    2.219216E-07
 1759    2.216694E-07
 1760    2.214176E-07
 1761    2.396208E-07
 1762    2.393489E-07
 1763    2.390775E-07
 1764    2.388065E-07
 1765    2.385360E-07
 1766    2.471244E-07
 1767    2.468447E-07
 1768    2.465656E-07
 1769    2.462869E-07
 1770    2.460087E-07
 1771    2.635391E-07
 1772    2.632417E-07
 1773    2.629448E-07
 1774    2.626485E-07
 1775    2.623526E-07
 1776    2.853863E-07
 1777    2.850652E-07
 1778    2.847446E-07
 1779    2.844246E-07
 1780    2.841051E-07
 1781    2.955104E-07
 1782    2.951788E-07
 1783    2.948478E-07
 1784    2.945174E-07
 1785    2.941875E-07
 1786    3.141314E-07
 1787    3.137799E-07
 1788    3.134290E-07
 1789    3.130787E-07
 1790    3.127290E-07
 1791    3.219448E-07
 1792    3.215856E-07
 1793    3.212270E-07
 1794    3.208690E-07
 1795    3.205116E-07
 1796    3.372389E-07
 1797    3.368637E-07
 1798    3.364891E-07
 1799    3.361151E-07
 1800    3.357417E-07
 1801    3.484117E-07
 1802    3.480251E-07
 1803    3.476392E-07
 1804    3.472539E-07
 1805    3.468692E-07
 1806    3.548724E-07
 1807    3.544797E-07
 1808    3.540877E-07
 1809    3.536964E-07
 1810    3.533056E-07
 1811    3.695294E-07
 1812    3.691216E-07
 1813    3.687146E-07
 1814    3.683081E-07
 1815    3.679024E-07
 1816    3.799466E-07
 1817    3.795286E-07
 1818    3.791111E-07
 1819    3.786944E-07
 1820    3.782784E-07
 1821    4.105938E-07
 1822    4.101432E-07
 1823    4.096934E-07
 1824    4.092442E-07
 1825    4.087959E-07
 1826    4.235308E-07
 1827    4.230672E-07
 1828    4.226045E-07
 1829    4.221425E-07
 1830    4.216813E-07
 1831    4.457232E-07
 1832    4.452368E-07
 1833    4.447511E-07
 1834    4.442662E-07
 1835    4.437822E-07
 1836    4.726035E-07
 1837    4.720891E-07
 1838    4.715756E-07
 1839    4.710628E-07
 1840    4.705510E-07
 1841    4.908859E-07
 1842    4.903531E-07
 1843    4.898211E-07
 1844    4.892900E-07
 1845    4.887597E-07
 1846    5.152728E-07
 1847    5.147150E-07
 1848    5.141581E-07
 1849    5.136021E-07
 1850    5.130470E-07
 1851    5.292699E-07
 1852    5.286984E-07
 1853    5.281280E-07
 1854    5.275584E-07
 1855    5.269898E-07
 1856    5.506199E-07
 1857    5.500270E-07
 1858    5.494351E-07
 1859    5.488442E-07
 1860    5.482542E-07
 1861    5.776341E-07
 1862    5.770138E-07
 1863    5.763946E-07
 1864    5.757763E-07
 1865    5.751590E-07
 1866    6.062801E-07
 1867    6.056308E-07
 1868    6.049826E-07
 1869    6.043354E-07
 1870    6.036892E-07
 1871    6.484261E-07
 1872    6.477336E-07
 1873    6.470421E-07
 1874    6.463517E-07
 1875    6.456625E-07
 1876    6.648828E-07
 1877    6.641746E-07
 1878    6.634674E-07
 1879    6.627614E-07
 1880    6.620565E-07
 1881    7.085866E-07
 1882    7.078337E-07
 1883    7.070821E-07
 1884    7.063317E-07
 1885    7.055825E-07
 1886    7.280749E-07
 1887    7.273035E-07
 1888    7.265332E-07
 1889    7.257642E-07
 1890    7.249964E-07
 1891    7.529374E-07
 1892    7.521417E-07
 1893    7.513472E-07
 1894    7.505540E-07
 1895    7.497621E-07
 1896    7.912306E-07
 1897    7.903966E-07
 1898    7.895640E-07
 1899    7.887327E-07
 1900    7.879026E-07
 1901    7.876159E-07
 1902    7.867879E-07
 1903    7.859613E-07
 1904    7.851359E-07
 1905    7.843118E-07
 1906    8.218711E-07
 1907    8.210094E-07
 1908    8.201490E-07
 1909    8.192900E-07
 1910    8.184323E-07
 1911    8.565692E-07
 1912    8.556734E-07
 1913    8.547791E-07
 1914    8.538861E-07
 1915    8.529946E-07
 1916    8.821129E-07
 1917    8.811928E-07
 1918    8.802742E-07
 1919    8.793570E-07
 1920    8.784413E-07
 1921    9.228409E-07
 1922    9.218809E-07
 1923    9.209223E-07
 1924    9.199653E-07
 1925    9.190097E-07
 1926    9.579884E-07
 1927    9.569944E-07
 1928    9.560019E-07
 1929    9.550110E-07
 1930    9.540216E-07
 1931    1.019171E-06
 1932    1.018116E-06
 1933    1.017063E-06
 1934    1.016011E-06
 1935    1.014961E-06
 1936    1.037758E-06
 1937    1.036687E-06
 1938    1.035617E-06
 1939    1.034549E-06
 1940    1.033483E-06
 1941    1.078322E-06
 1942    1.077212E-06
 1943    1.076103E-06
 1944    1.074996E-06
 1945    1.073891E-06
 1946    1.115083E-06
 1947    1.113938E-06
 1948    1.112795E-06
 1949    1.111653E-06
 1950    1.110513E-06
 1951    1.110589E-06
 1952    1.109452E-06
 1953    1.108316E-06
 1954    1.107182E-06
 1955    1.106049E-06
 1956    1.192690E-06
 1957    1.191472E-06
 1958    1.190255E-06
 1959    1.189040E-06
 1960    1.187827E-06
 1961    1.172264E-06
 1962    1.171070E-06
 1963    1.169877E-06
 1964    1.168686E-06
 1965    1.167496E-06
 1966    1.256900E-06
 1967    1.255622E-06
 1968    1.254346E-06
 1969    1.253073E-06
 1970    1.251801E-06
 1971    1.302643E-06
 1972    1.301323E-06
 1973    1.300004E-06
 1974    1.298687E-06
 1975    1.297372E-06
 1976    1.344146E-06
 1977    1.342787E-06
 1978    1.341429E-06
 1979    1.340074E-06
 1980    1.338721E-06
 1981    1.406966E-06
 1982    1.405546E-06
 1983    1.404129E-06
 1984    1.402714E-06
 1985    1.401301E-06
 1986    1.441834E-06
 1987    1.440383E-06
 1988    1.438934E-06
 1989    1.437488E-06
 1990    1.436043E-06
 1991    1.522083E-06
 1992    1.520555E-06
 1993    1.519029E-06
 1994    1.517506E-06
 1995    1.515985E-06
 1996    1.526563E-06
 1997    1.525034E-06
 1998    1.523508E-06
 1999    1.521984E-06
 2000    1.520462E-06
 2001    1.549106E-06
 2002    1.547559E-06
 2003    1.546014E-06
 2004    1.544472E-06
 2005    1.542931E-06
 2006    1.589012E-06
 2007    1.587428E-06
 2008    1.585848E-06
 2009    1.584269E-06
 2010    1.582693E-06
 2011    1.602032E-06
 2012    1.600440E-06
 2013    1.598851E-06
 2014    1.597263E-06
 2015    1.595678E-06
 2016    1.675768E-06
 2017    1.674106E-06
 2018    1.672448E-06
 2019    1.670791E-06
 2020    1.669138E-06
 2021    1.705512E-06
 2022    1.703826E-06
 2023    1.702142E-06
 2024    1.700460E-06
 2025    1.698781E-06
 2026    1.738943E-06
 2027    1.737228E-06
 2028    1.735515E-06
 2029    1.733804E-06
 2030    1.732097E-06
 2031    1.842126E-06
 2032    1.840314E-06
 2033    1.838504E-06
 2034    1.836696E-06
 2035    1.834892E-06
 2036    1.848053E-06
 2037    1.846239E-06
 2038    1.844428E-06
 2039    1.842619E-06
 2040    1.840813E-06
 2041    1.945979E-06
 2042    1.944073E-06
 2043    1.942170E-06
 2044    1.940270E-06
 2045    1.938373E-06
 2046    1.920427E-06
 2047    1.918552E-06
 2048    1.916678E-06
 2049    1.914808E-06
 2050    1.912940E-06
 2051    1.964243E-06
 2052    1.962329E-06
 2053    1.960418E-06
 2054    1.958510E-06
 2055    1.956604E-06
 2056    2.022489E-06
 2057    2.020523E-06
 2058    2.018560E-06
 2059    2.016599E-06
 2060    2.014642E-06
 2061    2.066910E-06
 2062    2.064906E-06
 2063    2.062905E-06
 2064    2.060906E-06
 2065    2.058911E-06
 2066    2.155412E-06
 2067    2.153327E-06
 2068    2.151245E-06
 2069    2.149166E-06
 2070    2.147090E-06
 2071    2.174321E-06
 2072    2.172223E-06
 2073    2.170128E-06
 2074    2.168035E-06
 2075    2.165946E-06
 2076    2.308455E-06
 2077    2.306233E-06
 2078    2.304014E-06
 2079    2.301798E-06
 2080    2.299585E-06
 2081    2.378512E-06
 2082    2.376228E-06
 2083    2.373947E-06
 2084    2.371669E-06
 2085    2.369395E-06
 2086    2.470623E-06
 2087    2.468256E-06
 2088    2.465893E-06
 2089    2.463532E-06
 2090    2.461175E-06
 2091    2.425836E-06
 2092    2.423517E-06
 2093    2.421202E-06
 2094    2.418890E-06
 2095    2.416581E-06
 2096    2.488679E-06
 2097    2.486306E-06
 2098    2.483936E-06
 2099    2.481570E-06
 2100    2.479207E-06
 2101    2.500162E-06
 2102    2.497784E-06
 2103    2.495409E-06
 2104    2.493038E-06
 2105    2.490670E-06
 2106    2.481478E-06
 2107    2.479123E-06
 2108    2.476771E-06
 2109    2.474423E-06
 2110    2.472078E-06
 2111    2.552672E-06
 2112    2.550255E-06
 2113    2.547841E-06
 2114    2.545432E-06
 2115    2.543025E-06
 2116    2.592765E-06
 2117    2.590316E-06
 2118    2.587871E-06
 2119    2.585429E-06
 2120    2.582990E-06
 2121    2.639074E-06
 2122    2.636588E-06
 2123    2.634104E-06
 2124    2.631625E-06
 2125    2.629149E-06
 2126    2.691799E-06
 2127    2.689269E-06
 2128    2.686742E-06
 2129    2.684218E-06
 2130    2.681699E-06
 2131    2.777375E-06
 2132    2.774770E-06
 2133    2.772169E-06
 2134    2.769572E-06
 2135    2.766978E-06
 2136    2.903119E-06
 2137    2.900403E-06
 2138    2.897690E-06
 2139    2.894982E-06
 2140    2.892277E-06
 2141    2.929569E-06
 2142    2.926834E-06
 2143    2.924103E-06
 2144    2.921376E-06
 2145    2.918653E-06
 2146    2.956956E-06
 2147    2.954203E-06
 2148    2.951453E-06
 2149    2.948706E-06
 2150    2.945964E-06
 2151    2.913495E-06
 2152    2.910788E-06
 2153    2.908085E-06
 2154    2.905385E-06
 2155    2.902689E-06
 2156    2.967564E-06
 2157    2.964813E-06
 2158    2.962066E-06
 2159    2.959322E-06
 2160    2.956583E-06
 2161    3.138083E-06
 2162    3.135180E-06
 2163    3.132282E-06
 2164    3.129388E-06
 2165    3.126498E-06
 2166    3.123970E-06
 2167    3.121087E-06
 2168    3.118209E-06
 2169    3.115334E-06
 2170    3.112464E-06
 2171    3.256042E-06
 2172    3.253045E-06
 2173    3.250051E-06
 2174    3.247062E-06
 2175    3.244077E-06
 2176    3.262699E-06
 2177    3.259702E-06
 2178    3.256710E-06
 2179    3.253721E-06
 2180    3.250737E-06
 2181    3.387950E-06
 2182    3.384846E-06
 2183    3.381745E-06
 2184    3.378649E-06
 2185    3.375557E-06
 2186    3.467991E-06
 2187    3.464820E-06
 2188    3.461654E-06
 2189    3.458492E-06
 2190    3.455334E-06
 2191    3.436387E-06
 2192    3.433253E-06
 2193    3.430122E-06
 2194    3.426996E-06
 2195    3.423874E-06
 2196    3.526231E-06
 2197    3.523022E-06
 2198    3.519817E-06
 2199    3.516616E-06
 2200    3.513420E-06
 2201    3.437443E-06
 2202    3.434322E-06
 2203    3.431204E-06
 2204    3.428091E-06
 2205    3.424983E-06
 2206    3.525980E-06
 2207    3.522786E-06
 2208    3.519596E-06
 2209    3.516410E-06
 2210    3.513228E-06
 2211    3.525312E-06
 2212    3.522125E-06
 2213    3.518943E-06
 2214    3.515765E-06
 2215    3.512591E-06
 2216    3.537522E-06
 2217    3.534331E-06
 2218    3.531145E-06
 2219    3.527963E-06
 2220    3.524785E-06
 2221    3.677986E-06
 2222    3.674676E-06
 2223    3.671371E-06
 2224    3.668070E-06
 2225    3.664773E-06
 2226    3.662904E-06
 2227    3.659615E-06
 2228    3.656331E-06
 2229    3.653051E-06
 2230    3.649775E-06
 2231    3.783866E-06
 2232    3.780476E-06
 2233    3.777091E-06
 2234    3.773710E-06
 2235    3.770334E-06
 2236    3.820220E-06
 2237    3.816806E-06
 2238    3.813395E-06
 2239    3.809990E-06
 2240    3.806589E-06
 2241    3.742672E-06
 2242    3.739334E-06
 2243    3.736001E-06
 2244    3.732672E-06
 2245    3.729347E-06
 2246    3.910975E-06
 2247    3.907494E-06
 2248    3.904019E-06
 2249    3.900548E-06
 2250    3.897081E-06
 2251    3.741760E-06
 2252    3.738438E-06
 2253    3.735120E-06
 2254    3.731806E-06
 2255    3.728497E-06
 2256    3.784796E-06
 2257    3.781443E-06
 2258    3.778094E-06
 2259    3.774750E-06
 2260    3.771410E-06
 2261    3.774141E-06
 2262    3.770805E-06
 2263    3.767473E-06
 2264    3.764145E-06
 2265    3.760822E-06
 2266    3.843969E-06
 2267    3.840578E-06
 2268    3.837192E-06
 2269    3.833811E-06
 2270    3.830434E-06
 2271    3.976617E-06
 2272    3.973118E-06
 2273    3.969623E-06
 2274    3.966132E-06
 2275    3.962646E-06
 2276    3.954698E-06
 2277    3.951225E-06
 2278    3.947757E-06
 2279    3.944293E-06
 2280    3.940834E-06
 2281    4.180701E-06
 2282    4.177038E-06
 2283    4.173379E-06
 2284    4.169725E-06
 2285    4.166077E-06
 2286    4.196954E-06
 2287    4.193285E-06
 2288    4.189620E-06
 2289    4.185960E-06
 2290    4.182305E-06
 2291    4.210707E-06
 2292    4.207034E-06
 2293    4.203365E-06
 2294    4.199701E-06
 2295    4.196042E-06
 2296    4.182946E-06
 2297    4.179305E-06
 2298    4.175668E-06
 2299    4.172036E-06
 2300    4.168409E-06
 2301    4.097655E-06
 2302    4.094096E-06
 2303    4.090541E-06
 2304    4.086991E-06
 2305    4.083445E-06
 2306    4.240580E-06
 2307    4.236905E-06
 2308    4.233234E-06
 2309    4.229568E-06
 2310    4.225907E-06
 2311    4.154338E-06
 2312    4.150745E-06
 2313    4.147157E-06
 2314    4.143573E-06
 2315    4.139994E-06
 2316    4.257682E-06
 2317    4.254008E-06
 2318    4.250338E-06
 2319    4.246673E-06
 2320    4.243013E-06
 2321    4.302229E-06
 2322    4.298525E-06
 2323    4.294825E-06
 2324    4.291129E-06
 2325    4.287439E-06
 2326    4.408573E-06
 2327    4.404785E-06
 2328    4.401002E-06
 2329    4.397223E-06
 2330    4.393450E-06
 2331    4.545551E-06
 2332    4.541653E-06
 2333    4.537761E-06
 2334    4.533873E-06
 2335    4.529991E-06
 2336    4.505737E-06
 2337    4.501882E-06
 2338    4.498032E-06
 2339    4.494187E-06
 2340    4.490346E-06
 2341    4.614579E-06
 2342    4.610639E-06
 2343    4.606704E-06
 2344    4.602775E-06
 2345    4.598850E-06
 2346    4.600975E-06
 2347    4.597055E-06
 2348    4.593140E-06
 2349    4.589230E-06
 2350    4.585325E-06
 2351    4.605477E-06
 2352    4.601562E-06
 2353    4.597651E-06
 2354    4.593746E-06
 2355    4.589845E-06
 2356    4.522012E-06
 2357    4.518176E-06
 2358    4.514345E-06
 2359    4.510518E-06
 2360    4.506696E-06
 2361    4.565001E-06
 2362    4.561136E-06
 2363    4.557277E-06
 2364    4.553422E-06
 2365    4.549572E-06
 2366    4.756667E-06
 2367    4.752648E-06
 2368    4.748635E-06
 2369    4.744627E-06
 2370    4.740624E-06
 2371    4.839272E-06
 2372    4.835192E-06
 2373    4.831118E-06
 2374    4.827049E-06
 2375    4.822985E-06
 2376    4.989115E-06
 2377    4.984918E-06
 2378    4.980726E-06
 2379    4.976540E-06
 2380    4.972359E-06
 2381    5.090829E-06
 2382    5.086556E-06
 2383    5.082288E-06
 2384    5.078025E-06
 2385    5.073768E-06
 2386    5.064214E-06
 2387    5.059971E-06
 2388    5.055735E-06
 2389    5.051503E-06
 2390    5.047277E-06
 2391    5.174777E-06
 2392    5.170452E-06
 2393    5.166131E-06
 2394    5.161816E-06
 2395    5.157507E-06
 2396    4.944306E-06
 2397    4.940181E-06
 2398    4.936062E-06
 2399    4.931947E-06
 2400    4.927838E-06
 2401    5.012489E-06
 2402    5.008316E-06
 2403    5.004148E-06
 2404    4.999986E-06
 2405    4.995829E-06
 2406    5.010788E-06
 2407    5.006626E-06
 2408    5.002468E-06
 2409    4.998316E-06
 2410    4.994169E-06
 2411    5.196443E-06
 2412    5.192135E-06
 2413    5.187832E-06
 2414    5.183535E-06
 2415    5.179243E-06
 2416    5.437149E-06
 2417    5.432651E-06
 2418    5.428158E-06
 2419    5.423671E-06
 2420    5.419190E-06
 2421    5.565423E-06
 2422    5.560828E-06
 2423    5.556239E-06
 2424    5.551656E-06
 2425    5.547078E-06
 2426    5.851441E-06
 2427    5.846620E-06
 2428    5.841805E-06
 2429    5.836996E-06
 2430    5.832193E-06
 2431    5.891604E-06
 2432    5.886760E-06
 2433    5.881922E-06
 2434    5.877090E-06
 2435    5.872264E-06
 2436    6.057344E-06
 2437    6.052374E-06
 2438    6.047410E-06
 2439    6.042452E-06
 2440    6.037500E-06
 2441    5.995688E-06
 2442    5.990778E-06
 2443    5.985875E-06
 2444    5.980977E-06
 2445    5.976086E-06
 2446    5.555512E-06
 2447    5.550972E-06
 2448    5.546438E-06
 2449    5.541909E-06
 2450    5.537386E-06
 2451    5.133202E-06
 2452    5.129016E-06
 2453    5.124835E-06
 2454    5.120659E-06
 2455    5.116488E-06
 2456    4.697405E-06
 2457    4.693582E-06
 2458    4.689764E-06
 2459    4.685950E-06
 2460    4.682141E-06
 2461    4.638128E-06
 2462    4.634361E-06
 2463    4.630599E-06
 2464    4.626841E-06
 2465    4.623088E-06
 2466    5.019355E-06
 2467    5.015287E-06
 2468    5.011224E-06
 2469    5.007165E-06
 2470    5.003112E-06
 2471    5.835601E-06
 2472    5.830880E-06
 2473    5.826165E-06
 2474    5.821456E-06
 2475    5.816753E-06
 2476    7.166483E-06
 2477    7.160698E-06
 2478    7.154919E-06
 2479    7.149148E-06
 2480    7.143384E-06
 2481    8.303237E-06
 2482    8.296547E-06
 2483    8.289866E-06
 2484    8.283193E-06
 2485    8.276527E-06
 2486    9.522515E-06
 2487    9.514858E-06
 2488    9.507211E-06
 2489    9.499573E-06
 2490    9.491945E-06
 2491    1.009246E-05
 2492    1.008437E-05
 2493    1.007628E-05
 2494    1.006820E-05
 2495    1.006013E-05
 2496    1.052403E-05
 2497    1.051560E-05
 2498    1.050718E-05
 2499    1.049877E-05
 2500    1.049038E-05
 2501    1.107985E-05
 2502    1.107099E-05
 2503    1.106215E-05
 2504    1.105332E-05
 2505    1.104449E-05
 2506    1.176867E-05
 2507    1.175928E-05
 2508    1.174991E-05
 2509    1.174055E-05
 2510    1.173119E-05
 2511    1.338174E-05
 2512    1.337108E-05
 2513    1.336044E-05
 2514    1.334982E-05
 2515    1.333920E-05
 2516    1.418066E-05
 2517    1.416939E-05
 2518    1.415814E-05
 2519    1.414690E-05
 2520    1.413568E-05
 2521    1.457685E-05
 2522    1.456529E-05
 2523    1.455375E-05
 2524    1.454222E-05
 2525    1.453070E-05
 2526    1.357952E-05
 2527    1.356878E-05
 2528    1.355804E-05
 2529    1.354732E-05
 2530    1.353662E-05
 2531    1.149288E-05
 2532    1.148381E-05
 2533    1.147474E-05
 2534    1.146569E-05
 2535    1.145664E-05
 2536    8.309082E-06
 2537    8.302533E-06
 2538    8.295991E-06
 2539    8.289458E-06
 2540    8.282932E-06
 2541    3.314197E-06
 2542    3.311590E-06
 2543    3.308986E-06
 2544    3.306386E-06
 2545    3.303788E-06
 2546   -3.743978E-06
 2547   -3.741039E-06
 2548   -3.738103E-06
 2549   -3.735171E-06
 2550   -3.732242E-06
 2551   -1.192477E-05
 2552   -1.191542E-05
 2553   -1.190609E-05
 2554   -1.189677E-05
 2555   -1.188746E-05
 2556   -2.008852E-05
 2557   -2.007281E-05
 2558   -2.005712E-05
 2559   -2.004144E-05
 2560   -2.002579E-05
 2561   -2.581784E-05
 2562   -2.579769E-05
 2563   -2.577757E-05
 2564   -2.575746E-05
 2565   -2.573738E-05
 2566   -2.782167E-05
 2567   -2.779999E-05
 2568   -2.777835E-05
 2569   -2.775672E-05
 2570   -2.773513E-05
 2571   -2.505679E-05
 2572   -2.503731E-05
 2573   -2.501785E-05
 2574   -2.499842E-05
 2575   -2.497901E-05
 2576   -1.307408E-05
 2577   -1.306394E-05
 2578   -1.305380E-05
 2579   -1.304368E-05
 2580   -1.303357E-05
 2581    8.673529E-06
 2582    8.666812E-06
 2583    8.660103E-06
 2584    8.653401E-06
 2585    8.646707E-06
 2586    4.221730E-05
 2587    4.218467E-05
 2588    4.215207E-05
 2589    4.211952E-05
 2590    4.208700E-05
 2591    8.782943E-05
 2592    8.776167E-05
 2593    8.769400E-05
 2594    8.762640E-05
 2595    8.755887E-05
 2596    1.471767E-04
 2597    1.470634E-04
 2598    1.469502E-04
 2599    1.468371E-04
 2600    1.467242E-04
 2601    2.061178E-04
 2602    2.059594E-04
 2603    2.058012E-04
 2604    2.056431E-04
 2605    2.054853E-04
 2606    2.703904E-04
 2607    2.701830E-04
 2608    2.699758E-04
 2609    2.697689E-04
 2610    2.695622E-04
 2611    3.114467E-04
 2612    3.112083E-04
 2613    3.109702E-04
 2614    3.107323E-04
 2615    3.104947E-04
 2616    3.451910E-04
 2617    3.449272E-04
 2618    3.446638E-04
 2619    3.444006E-04
 2620    3.441377E-04
 2621    3.343370E-04
 2622    3.340820E-04
 2623    3.338273E-04
 2624    3.335729E-04
 2625    3.333188E-04
 2626    2.820404E-04
 2627    2.818257E-04
 2628    2.816112E-04
 2629    2.813970E-04
 2630    2.811831E-04
 2631    1.475725E-04
 2632    1.474604E-04
 2633    1.473484E-04
 2634    1.472366E-04
 2635    1.471248E-04
 2636   -1.101324E-04
 2637   -1.100489E-04
 2638   -1.099655E-04
 2639   -1.098822E-04
 2640   -1.097990E-04
 2641   -5.155250E-04
 2642   -5.151348E-04
 2643   -5.147450E-04
 2644   -5.143557E-04
 2645   -5.139669E-04
 2646   -1.063979E-03
 2647   -1.063176E-03
 2648   -1.062373E-03
 2649   -1.061571E-03
 2650   -1.060770E-03
 2651   -1.646103E-03
 2652   -1.644862E-03
 2653   -1.643622E-03
 2654   -1.642383E-03
 2655   -1.641147E-03
 2656   -2.185714E-03
 2657   -2.184069E-03
 2658   -2.182426E-03
 2659   -2.180784E-03
 2660   -2.179145E-03
 2661   -2.397450E-03
 2662   -2.395649E-03
 2663   -2.393850E-03
 2664   -2.392054E-03
 2665   -2.390259E-03
 2666   -2.539999E-03
 2667   -2.538094E-03
 2668   -2.536192E-03
 2669   -2.534292E-03
 2670   -2.532394E-03
 2671   -2.323808E-03
 2672   -2.322069E-03
 2673   -2.320332E-03
 2674   -2.318596E-03
 2675   -2.316863E-03
 2676   -1.767902E-03
 2677   -1.766582E-03
 2678   -1.765262E-03
 2679   -1.763945E-03
 2680   -1.762629E-03
 2681   -7.093222E-04
 2682   -7.087934E-04
 2683   -7.082651E-04
 2684   -7.077375E-04
 2685   -7.072104E-04
 2686    1.256787E-03
 2687    1.255852E-03
 2688    1.254918E-03
 2689    1.253985E-03
 2690    1.253053E-03
 2691    4.528245E-03
 2692    4.524882E-03
 2693    4.521522E-03
 2694    4.518166E-03
 2695    4.514813E-03
 2696    8.778117E-03
 2697    8.771609E-03
 2698    8.765107E-03
 2699    8.758614E-03
 2700    8.752127E-03
 2701    1.389966E-02
 2702    1.388938E-02
 2703    1.387910E-02
 2704    1.386884E-02
 2705    1.385859E-02
 2706    1.837052E-02
 2707    1.835695E-02
 2708    1.834339E-02
 2709    1.832985E-02
 2710    1.831633E-02
 2711    2.137992E-02
 2712    2.136416E-02
 2713    2.134841E-02
 2714    2.133268E-02
 2715    2.131697E-02
 2716    2.360903E-02
 2717    2.359165E-02
 2718    2.357429E-02
 2719    2.355696E-02
 2720    2.353964E-02
 2721    2.346075E-02
 2722    2.344352E-02
 2723    2.342630E-02
 2724    2.340911E-02
 2725    2.339193E-02
 2726    2.391959E-02
 2727    2.390205E-02
 2728    2.388453E-02
 2729    2.386703E-02
 2730    2.384955E-02
 2731    2.309427E-02
 2732    2.307736E-02
 2733    2.306048E-02
 2734    2.304361E-02
 2735    2.302676E-02
 2736    2.083329E-02
 2737    2.081807E-02
 2738    2.080286E-02
 2739    2.078768E-02
 2740    2.077251E-02
 2741    1.827986E-02
 2742    1.826653E-02
 2743    1.825321E-02
 2744    1.823991E-02
 2745    1.822662E-02
 2746    1.346380E-02
 2747    1.345400E-02
 2748    1.344421E-02
 2749    1.343443E-02
 2750    1.342467E-02
 2751    8.653478E-03
 2752    8.647190E-03
 2753    8.640909E-03
 2754    8.634635E-03
 2755    8.628368E-03
 2756    4.177746E-03
 2757    4.174716E-03
 2758    4.171689E-03
 2759    4.168666E-03
 2760    4.165646E-03
 2761    9.920319E-04
 2762    9.913137E-04
 2763    9.905962E-04
 2764    9.898796E-04
 2765    9.891637E-04
 2766   -9.533586E-04
 2767   -9.526697E-04
 2768   -9.519814E-04
 2769   -9.512940E-04
 2770   -9.506072E-04
 2771   -1.971535E-03
 2772   -1.970113E-03
 2773   -1.968692E-03
 2774   -1.967273E-03
 2775   -1.965855E-03
 2776   -2.553207E-03
 2777   -2.551368E-03
 2778   -2.549532E-03
 2779   -2.547697E-03
 2780   -2.545865E-03
 2781   -2.635822E-03
 2782   -2.633928E-03
 2783   -2.632035E-03
 2784   -2.630145E-03
 2785   -2.628256E-03
 2786   -2.584752E-03
 2787   -2.582898E-03
 2788   -2.581045E-03
 2789   -2.579194E-03
 2790   -2.577346E-03
 2791   -2.281575E-03
 2792   -2.279941E-03
 2793   -2.278309E-03
 2794   -2.276678E-03
 2795   -2.275050E-03
 2796   -1.750686E-03
 2797   -1.749434E-03
 2798   -1.748184E-03
 2799   -1.746935E-03
 2800   -1.745688E-03
 2801   -1.138560E-03
 2802   -1.137748E-03
 2803   -1.136936E-03
 2804   -1.136125E-03
 2805   -1.135315E-03
 2806   -5.579559E-04
 2807   -5.575584E-04
 2808   -5.571614E-04
 2809   -5.567648E-04
 2810   -5.563686E-04
 2811   -1.541727E-04
 2812   -1.540630E-04
 2813   -1.539535E-04
 2814   -1.538441E-04
 2815   -1.537348E-04
 2816    1.053208E-04
 2817    1.052461E-04
 2818    1.051714E-04
 2819    1.050968E-04
 2820    1.050222E-04
 2821    2.436540E-04
 2822    2.434813E-04
 2823    2.433089E-04
 2824    2.431366E-04
 2825    2.429645E-04
 2826    3.002092E-04
 2827    2.999969E-04
 2828    2.997848E-04
 2829    2.995729E-04
 2830    2.993612E-04
 2831    3.023526E-04
 2832    3.021392E-04
 2833    3.019259E-04
 2834    3.017129E-04
 2835    3.015000E-04
 2836    2.812836E-04
 2837    2.810853E-04
 2838    2.808873E-04
 2839    2.806895E-04
 2840    2.804918E-04
 2841    2.350980E-04
 2842    2.349326E-04
 2843    2.347674E-04
 2844    2.346023E-04
 2845    2.344374E-04
 2846    1.757082E-04
 2847    1.755848E-04
 2848    1.754615E-04
 2849    1.753384E-04
 2850    1.752153E-04
 2851    1.110091E-04
 2852    1.109313E-04
 2853    1.108536E-04
 2854    1.107759E-04
 2855    1.106983E-04
 2856    5.291579E-05
 2857    5.287875E-05
 2858    5.284175E-05
 2859    5.280480E-05
 2860    5.276788E-05
 2861    7.771892E-06
 2862    7.766462E-06
 2863    7.761038E-06
 2864    7.755619E-06
 2865    7.750206E-06
 2866   -2.467465E-05
 2867   -2.465744E-05
 2868   -2.464025E-05
 2869   -2.462308E-05
 2870   -2.460592E-05
 2871   -4.512270E-05
 2872   -4.509128E-05
 2873   -4.505990E-05
 2874   -4.502855E-05
 2875   -4.499723E-05
 2876   -5.443275E-05
 2877   -5.439492E-05
 2878   -5.435712E-05
 2879   -5.431937E-05
 2880   -5.428165E-05
 2881   -5.686859E-05
 2882   -5.682913E-05
 2883   -5.678971E-05
 2884   -5.675034E-05
 2885   -5.671100E-05
 2886   -5.393270E-05
 2887   -5.389535E-05
 2888   -5.385803E-05
 2889   -5.382075E-05
 2890   -5.378351E-05
 2891   -4.720425E-05
 2892   -4.717161E-05
 2893   -4.713901E-05
 2894   -4.710644E-05
 2895   -4.707390E-05
 2896   -3.796128E-05
 2897   -3.793508E-05
 2898   -3.790890E-05
 2899   -3.788275E-05
 2900   -3.785663E-05
 2901   -2.684965E-05
 2902   -2.683115E-05
 2903   -2.681267E-05
 2904   -2.679421E-05
 2905   -2.677576E-05
 2906   -1.808039E-05
 2907   -1.806795E-05
 2908   -1.805553E-05
 2909   -1.804311E-05
 2910   -1.803072E-05
 2911   -1.140100E-05
 2912   -1.139317E-05
 2913   -1.138535E-05
 2914   -1.137754E-05
 2915   -1.136973E-05
 2916   -7.230576E-06
 2917   -7.225620E-06
 2918   -7.220668E-06
 2919   -7.215722E-06
 2920   -7.210780E-06
 2921   -4.840976E-06
 2922   -4.837663E-06
 2923   -4.834354E-06
 2924   -4.831048E-06
 2925   -4.827745E-06
 2926   -3.602379E-06
 2927   -3.599918E-06
 2928   -3.597459E-06
 2929   -3.595003E-06
 2930   -3.592550E-06
 2931   -3.612938E-06
 2932   -3.610474E-06
 2933   -3.608013E-06
 2934   -3.605554E-06
 2935   -3.603097E-06
 2936   -4.099559E-06
 2937   -4.096768E-06
 2938   -4.093979E-06
 2939   -4.091194E-06
 2940   -4.088411E-06
 2941   -4.619874E-06
 2942   -4.616734E-06
 2943   -4.613597E-06
 2944   -4.610464E-06
 2945   -4.607333E-06
 2946   -4.963669E-06
 2947   -4.960301E-06
 2948   -4.956936E-06
 2949   -4.953575E-06
 2950   -4.950217E-06
 2951   -4.748445E-06
 2952   -4.745229E-06
 2953   -4.742015E-06
 2954   -4.738805E-06
 2955   -4.735599E-06
 2956   -4.768816E-06
 2957   -4.765591E-06
 2958   -4.762369E-06
 2959   -4.759151E-06
 2960   -4.755936E-06
 2961   -4.948783E-06
 2962   -4.945442E-06
 2963   -4.942105E-06
 2964   -4.938770E-06
 2965   -4.935440E-06
 2966   -5.561558E-06
 2967   -5.557810E-06
 2968   -5.554065E-06
 2969   -5.550324E-06
 2970   -5.546587E-06
 2971   -6.433605E-06
 2972   -6.429277E-06
 2973   -6.424952E-06
 2974   -6.420632E-06
 2975   -6.416317E-06
 2976   -6.992455E-06
 2977   -6.987758E-06
 2978   -6.983066E-06
 2979   -6.978378E-06
 2980   -6.973696E-06
 2981   -7.718855E-06
 2982   -7.713678E-06
 2983   -7.708508E-06
 2984   -7.703342E-06
 2985   -7.698181E-06
 2986   -7.681363E-06
 2987   -7.676221E-06
 2988   -7.671084E-06
 2989   -7.665952E-06
 2990   -7.660825E-06
 2991   -7.417441E-06
 2992   -7.412484E-06
 2993   -7.407531E-06
 2994   -7.402584E-06
 2995   -7.397641E-06
 2996   -6.619375E-06
 2997   -6.614959E-06
 2998   -6.610546E-06
 2999   -6.606139E-06
 3000   -6.601735E-06
 3001   -5.695794E-06
 3002   -5.692000E-06
 3003   -5.688210E-06
 3004   -5.684423E-06
 3005   -5.680641E-06
 3006   -5.158464E-06
 3007   -5.155034E-06
 3008   -5.151607E-06
 3009   -5.148183E-06
 3010   -5.144763E-06
 3011   -4.686896E-06
 3012   -4.683784E-06
 3013   -4.680676E-06
 3014   -4.677570E-06
 3015   -4.674468E-06
 3016   -4.531948E-06
 3017   -4.528944E-06
 3018   -4.525944E-06
 3019   -4.522946E-06
 3020   -4.519951E-06
 3021   -4.507248E-06
 3022   -4.504266E-06
 3023   -4.501286E-06
 3024   -4.498310E-06
 3025   -4.495336E-06
 3026   -4.484615E-06
 3027   -4.481652E-06
 3028   -4.478693E-06
 3029   -4.475736E-06
 3030   -4.472782E-06
 3031   -4.764096E-06
 3032   -4.760954E-06
 3033   -4.757815E-06
 3034   -4.754679E-06
 3035   -4.751546E-06
 3036   -4.825270E-06
 3037   -4.822093E-06
 3038   -4.818919E-06
 3039   -4.815748E-06
 3040   -4.812580E-06
 3041   -4.976337E-06
 3042   -4.973066E-06
 3043   -4.969798E-06
 3044   -4.966533E-06
 3045   -4.963271E-06
 3046   -4.957937E-06
 3047   -4.954683E-06
 3048   -4.951433E-06
 3049   -4.948185E-06
 3050   -4.944941E-06
 3051   -4.962499E-06
 3052   -4.959247E-06
 3053   -4.955999E-06
 3054   -4.952754E-06
 3055   -4.949512E-06
 3056   -4.930332E-06
 3057   -4.927107E-06
 3058   -4.923886E-06
 3059   -4.920667E-06
 3060   -4.917451E-06
 3061   -4.775753E-06
 3062   -4.772635E-06
 3063   -4.769519E-06
 3064   -4.766406E-06
 3065   -4.763296E-06
 3066   -4.840674E-06
 3067   -4.837518E-06
 3068   -4.834365E-06
 3069   -4.831215E-06
 3070   -4.828068E-06
 3071   -4.777393E-06
 3072   -4.774283E-06
 3073   -4.771177E-06
 3074   -4.768073E-06
 3075   -4.764972E-06
 3076   -4.736678E-06
 3077   -4.733600E-06
 3078   -4.730524E-06
 3079   -4.727452E-06
 3080   -4.724383E-06
 3081   -4.383337E-06
 3082   -4.380493E-06
 3083   -4.377651E-06
 3084   -4.374813E-06
 3085   -4.371977E-06
 3086   -3.836972E-06
 3087   -3.834486E-06
 3088   -3.832003E-06
 3089   -3.829523E-06
 3090   -3.827044E-06
 3091   -2.881909E-06
 3092   -2.880045E-06
 3093   -2.878183E-06
 3094   -2.876323E-06
 3095   -2.874465E-06
 3096   -1.382465E-06
 3097   -1.381572E-06
 3098   -1.380680E-06
 3099   -1.379789E-06
 3100   -1.378899E-06
 3101    2.845251E-07
 3102    2.843417E-07
 3103    2.841585E-07
 3104    2.839754E-07
 3105    2.837925E-07
 3106    1.706218E-06
 3107    1.705120E-06
 3108    1.704022E-06
 3109    1.702926E-06
 3110    1.701832E-06
 3111    2.781026E-06
 3112    2.779239E-06
 3113    2.777454E-06
 3114    2.775671E-06
 3115    2.773889E-06
 3116    3.323711E-06
 3117    3.321579E-06
 3118    3.319449E-06
 3119    3.317321E-06
 3120    3.315195E-06
 3121    3.576038E-06
 3122    3.573748E-06
 3123    3.571459E-06
 3124    3.569173E-06
 3125    3.566889E-06
 3126    3.719633E-06
 3127    3.717254E-06
 3128    3.714877E-06
 3129    3.712503E-06
 3130    3.710132E-06
 3131    3.672461E-06
 3132    3.670117E-06
 3133    3.667774E-06
 3134    3.665434E-06
 3135    3.663096E-06
 3136    3.739578E-06
 3137    3.737194E-06
 3138    3.734812E-06
 3139    3.732433E-06
 3140    3.730056E-06
 3141    3.631029E-06
 3142    3.628718E-06
 3143    3.626409E-06
 3144    3.624102E-06
 3145    3.621798E-06
 3146    3.597407E-06
 3147    3.595121E-06
 3148    3.592838E-06
 3149    3.590556E-06
 3150    3.588277E-06
 3151    3.638172E-06
 3152    3.635863E-06
 3153    3.633558E-06
 3154    3.631254E-06
 3155    3.628952E-06
 3156    3.493290E-06
 3157    3.491077E-06
 3158    3.488866E-06
 3159    3.486658E-06
 3160    3.484452E-06
 3161    3.432258E-06
 3162    3.430088E-06
 3163    3.427919E-06
 3164    3.425753E-06
 3165    3.423588E-06
 3166    3.324544E-06
 3167    3.322445E-06
 3168    3.320348E-06
 3169    3.318252E-06
 3170    3.316159E-06
 3171    3.288938E-06
 3172    3.286865E-06
 3173    3.284793E-06
 3174    3.282724E-06
 3175    3.280656E-06
 3176    3.248852E-06
 3177    3.246807E-06
 3178    3.244764E-06
 3179    3.242723E-06
 3180    3.240684E-06
 3181    3.105121E-06
 3182    3.103169E-06
 3183    3.101220E-06
 3184    3.099272E-06
 3185    3.097326E-06
 3186    3.124433E-06
 3187    3.122472E-06
 3188    3.120514E-06
 3189    3.118557E-06
 3190    3.116602E-06
 3191    2.982020E-06
 3192    2.980152E-06
 3193    2.978286E-06
 3194    2.976421E-06
 3195    2.974558E-06
 3196    3.006581E-06
 3197    3.004701E-06
 3198    3.002822E-06
 3199    3.000945E-06
 3200    2.999069E-06
 3201    2.917424E-06
 3202    2.915602E-06
 3203    2.913782E-06
 3204    2.911963E-06
 3205    2.910147E-06
 3206    2.807590E-06
 3207    2.805840E-06
 3208    2.804091E-06
 3209    2.802343E-06
 3210    2.800598E-06
 3211    2.799734E-06
 3212    2.797991E-06
 3213    2.796250E-06
 3214    2.794510E-06
 3215    2.792772E-06
 3216    2.692673E-06
 3217    2.691000E-06
 3218    2.689327E-06
 3219    2.687657E-06
 3220    2.685988E-06
 3221    2.675809E-06
 3222    2.674148E-06
 3223    2.672489E-06
 3224    2.670831E-06
 3225    2.669175E-06
 3226    2.623608E-06
 3227    2.621982E-06
 3228    2.620358E-06
 3229    2.618735E-06
 3230    2.617114E-06
 3231    2.490271E-06
 3232    2.488730E-06
 3233    2.487191E-06
 3234    2.485653E-06
 3235    2.484116E-06
 3236    2.513437E-06
 3237    2.511885E-06
 3238    2.510333E-06
 3239    2.508783E-06
 3240    2.507235E-06
 3241    2.367496E-06
 3242    2.366036E-06
 3243    2.364577E-06
 3244    2.363119E-06
 3245    2.361663E-06
 3246    2.376573E-06
 3247    2.375110E-06
 3248    2.373647E-06
 3249    2.372186E-06
 3250    2.370727E-06
 3251    2.299367E-06
 3252    2.297953E-06
 3253    2.296541E-06
 3254    2.295130E-06
 3255    2.293720E-06
 3256    2.228131E-06
 3257    2.226763E-06
 3258    2.225397E-06
 3259    2.224031E-06
 3260    2.222667E-06
 3261    2.233966E-06
 3262    2.232596E-06
 3263    2.231228E-06
 3264    2.229861E-06
 3265    2.228496E-06
 3266    2.097330E-06
 3267    2.096046E-06
 3268    2.094763E-06
 3269    2.093482E-06
 3270    2.092202E-06
 3271    2.106965E-06
 3272    2.105677E-06
 3273    2.104391E-06
 3274    2.103106E-06
 3275    2.101822E-06
 3276    2.009095E-06
 3277    2.007869E-06
 3278    2.006644E-06
 3279    2.005420E-06
 3280    2.004198E-06
 3281    1.959065E-06
 3282    1.957872E-06
 3283    1.956679E-06
 3284    1.955488E-06
 3285    1.954297E-06
 3286    1.905733E-06
 3287    1.904573E-06
 3288    1.903415E-06
 3289    1.902258E-06
 3290    1.901101E-06
 3291    1.787771E-06
 3292    1.786685E-06
 3293    1.785600E-06
 3294    1.784516E-06
 3295    1.783433E-06
 3296    1.790834E-06
 3297    1.789748E-06
 3298    1.788663E-06
 3299    1.787578E-06
 3300    1.786495E-06
