   50    2.611719E-12
   51    2.045187E-12
   52    1.967290E-12
   53    1.893759E-12
   54    1.824275E-12
   55    1.758546E-12
   56    9.604980E-13
   57    9.270944E-13
   58    8.954035E-13
   59    8.653102E-13
   60    8.367088E-13
   61    5.504279E-13
   62    5.328165E-13
   63    5.160370E-13
   64    5.000378E-13
   65    4.847712E-13
   66    1.521080E-12
   67    1.476016E-12
   68    1.432925E-12
   69    1.391694E-12
   70    1.352217E-12
   71    9.883506E-13
   72    9.610884E-13
   73    9.349387E-13
   74    9.098420E-13
   75    8.857423E-13
   76    1.551085E-12
   77    1.511060E-12
   78    1.472565E-12
   79    1.435522E-12
   80    1.399860E-12
   81    2.420799E-12
   82    2.362118E-12
   83    2.305544E-12
   84    2.250979E-12
   85    2.198328E-12
   86    1.951954E-12
   87    1.907341E-12
   88    1.864240E-12
   89    1.822584E-12
   90    1.782308E-12
   91    2.116223E-12
   92    2.070469E-12
   93    2.026184E-12
   94    1.983304E-12
   95    1.941771E-12
   96    1.583734E-12
   97    1.551249E-12
   98    1.519754E-12
   99    1.489207E-12
  100    1.459573E-12
  101    6.381210E-13
  102    6.256704E-13
  103    6.135807E-13
  104    6.018381E-13
  105    5.904294E-13
  106    4.764055E-13
  107    4.675425E-13
  108    4.589246E-13
  109    4.505428E-13
  110    4.423885E-13
  111    1.193104E-12
  112    1.171894E-12
  113    1.151245E-12
  114    1.131137E-12
  115    1.111551E-12
  116    1.745719E-12
  117    1.716006E-12
  118    1.687045E-12
  119    1.658811E-12
  120    1.631280E-12
  121    3.150085E-12
  122    3.098657E-12
  123    3.048478E-12
  124    2.999508E-12
  125    2.951709E-12
  126    4.177697E-12
  127    4.112167E-12
  128    4.048166E-12
  129    3.985648E-12
  130    3.924567E-12
  131    3.824819E-12
  132    3.767088E-12
  133    3.710653E-12
  134    3.655478E-12
  135    3.601524E-12
  136    2.828183E-12
  137    2.787047E-12
  138    2.746802E-12
  139    2.707423E-12
  140    2.668884E-12
  141    1.640613E-12
  142    1.617588E-12
  143    1.595044E-12
  144    1.572967E-12
  145    1.551346E-12
  146    1.501353E-12
  147    1.480997E-12
  148    1.461051E-12
  149    1.441506E-12
  150    1.422350E-12
  151    2.460378E-12
  152    2.428111E-12
  153    2.396475E-12
  154    2.365453E-12
  155    2.335030E-12
  156    2.698805E-12
  157    2.664535E-12
  158    2.630914E-12
  159    2.597925E-12
  160    2.565553E-12
  161    6.666332E-12
  162    6.584287E-12
  163    6.503746E-12
  164    6.424675E-12
  165    6.347037E-12
  166    5.792392E-12
  167    5.723230E-12
  168    5.655300E-12
  169    5.588572E-12
  170    5.523018E-12
  171    7.100737E-12
  172    7.018411E-12
  173    6.937508E-12
  174    6.857997E-12
  175    6.779844E-12
  176    1.015673E-11
  177    1.004229E-11
  178    9.929769E-12
  179    9.819133E-12
  180    9.710335E-12
  181    6.207767E-12
  182    6.139738E-12
  183    6.072820E-12
  184    6.006991E-12
  185    5.942227E-12
  186    7.417357E-12
  187    7.338240E-12
  188    7.260382E-12
  189    7.183756E-12
  190    7.108337E-12
  191    6.621442E-12
  192    6.552649E-12
  193    6.484922E-12
  194    6.418240E-12
  195    6.352581E-12
  196    7.554856E-12
  197    7.478352E-12
  198    7.403004E-12
  199    7.328790E-12
  200    7.255685E-12
  201    7.457666E-12
  202    7.384011E-12
  203    7.311442E-12
  204    7.239937E-12
  205    7.169476E-12
  206    3.526533E-12
  207    3.492543E-12
  208    3.459042E-12
  209    3.426020E-12
  210    3.393469E-12
  211    4.043301E-13
  212    4.005247E-13
  213    3.967728E-13
  214    3.930733E-13
  215    3.894253E-13
  216    0.000000E+00
  217    0.000000E+00
  218    0.000000E+00
  219    0.000000E+00
  220    0.000000E+00
  221    0.000000E+00
  222    0.000000E+00
  223    0.000000E+00
  224    0.000000E+00
  225    0.000000E+00
  226    2.097231E-13
  227    2.078794E-13
  228    2.060599E-13
  229    2.042642E-13
  230    2.024919E-13
  231    0.000000E+00
  232    0.000000E+00
  233    0.000000E+00
  234    0.000000E+00
  235    0.000000E+00
  236    0.000000E+00
  237    0.000000E+00
  238    0.000000E+00
  239    0.000000E+00
  240    0.000000E+00
  241    0.000000E+00
  242    0.000000E+00
  243    0.000000E+00
  244    0.000000E+00
  245    0.000000E+00
  246    8.656257E-12
  247    8.586308E-12
  248    8.517204E-12
  249    8.448930E-12
  250    8.381474E-12
  251    9.810236E-11
  252    9.732532E-11
  253    9.655747E-11
  254    9.579867E-11
  255    9.504879E-11
  256    1.467674E-10
  257    1.456274E-10
  258    1.445007E-10
  259    1.433870E-10
  260    1.422862E-10
  261    2.922724E-10
  262    2.900456E-10
  263    2.878441E-10
  264    2.856676E-10
  265    2.835157E-10
  266    2.605933E-10
  267    2.586449E-10
  268    2.567184E-10
  269    2.548132E-10
  270    2.529292E-10
  271    5.494458E-10
  272    5.454132E-10
  273    5.414248E-10
  274    5.374801E-10
  275    5.335782E-10
  276    1.211950E-09
  277    1.203215E-09
  278    1.194575E-09
  279    1.186027E-09
  280    1.177570E-09
  281    5.734967E-09
  282    5.694366E-09
  283    5.654194E-09
  284    5.614446E-09
  285    5.575116E-09
  286    1.067125E-08
  287    1.059702E-08
  288    1.052356E-08
  289    1.045085E-08
  290    1.037890E-08
  291    1.801672E-08
  292    1.789353E-08
  293    1.777160E-08
  294    1.765091E-08
  295    1.753145E-08
  296    2.691159E-08
  297    2.673067E-08
  298    2.655157E-08
  299    2.637427E-08
  300    2.619873E-08
  301    3.314968E-08
  302    3.293051E-08
  303    3.271351E-08
  304    3.249864E-08
  305    3.228589E-08
  306    5.334735E-08
  307    5.300038E-08
  308    5.265678E-08
  309    5.231651E-08
  310    5.197953E-08
  311    5.484465E-08
  312    5.449364E-08
  313    5.414600E-08
  314    5.380167E-08
  315    5.346061E-08
  316    7.504946E-08
  317    7.457671E-08
  318    7.410841E-08
  319    7.364451E-08
  320    7.318496E-08
  321    9.419630E-08
  322    9.361214E-08
  323    9.303340E-08
  324    9.246000E-08
  325    9.189190E-08
  326    9.288584E-08
  327    9.231860E-08
  328    9.175654E-08
  329    9.119960E-08
  330    9.064772E-08
  331    1.273688E-07
  332    1.266026E-07
  333    1.258434E-07
  334    1.250910E-07
  335    1.243453E-07
  336    1.225457E-07
  337    1.218195E-07
  338    1.210998E-07
  339    1.203864E-07
  340    1.196793E-07
  341    1.676859E-07
  342    1.667068E-07
  343    1.657361E-07
  344    1.647739E-07
  345    1.638201E-07
  346    1.792427E-07
  347    1.782111E-07
  348    1.771884E-07
  349    1.761744E-07
  350    1.751692E-07
  351    1.807226E-07
  352    1.796973E-07
  353    1.786806E-07
  354    1.776725E-07
  355    1.766730E-07
  356    2.328200E-07
  357    2.315175E-07
  358    2.302260E-07
  359    2.289451E-07
  360    2.276750E-07
  361    2.230521E-07
  362    2.218214E-07
  363    2.206010E-07
  364    2.193905E-07
  365    2.181900E-07
  366    2.681659E-07
  367    2.667065E-07
  368    2.652589E-07
  369    2.638232E-07
  370    2.623990E-07
  371    2.693865E-07
  372    2.679401E-07
  373    2.665054E-07
  374    2.650821E-07
  375    2.636702E-07
  376    3.053262E-07
  377    3.037085E-07
  378    3.021037E-07
  379    3.005116E-07
  380    2.989321E-07
  381    3.486083E-07
  382    3.467856E-07
  383    3.449770E-07
  384    3.431826E-07
  385    3.414022E-07
  386    3.320697E-07
  387    3.303558E-07
  388    3.286551E-07
  389    3.269676E-07
  390    3.252930E-07
  391    4.003467E-07
  392    3.983068E-07
  393    3.962823E-07
  394    3.942733E-07
  395    3.922795E-07
  396    3.890123E-07
  397    3.870550E-07
  398    3.851124E-07
  399    3.831845E-07
  400    3.812709E-07
  401    4.549376E-07
  402    4.526771E-07
  403    4.504333E-07
  404    4.482062E-07
  405    4.459956E-07
  406    4.803991E-07
  407    4.780413E-07
  408    4.757008E-07
  409    4.733775E-07
  410    4.710712E-07
  411    4.929429E-07
  412    4.905529E-07
  413    4.881802E-07
  414    4.858247E-07
  415    4.834862E-07
  416    5.391012E-07
  417    5.365186E-07
  418    5.339546E-07
  419    5.314090E-07
  420    5.288815E-07
  421    5.763829E-07
  422    5.736544E-07
  423    5.709453E-07
  424    5.682554E-07
  425    5.655844E-07
  426    6.366479E-07
  427    6.336694E-07
  428    6.307118E-07
  429    6.277748E-07
  430    6.248584E-07
  431    6.847683E-07
  432    6.816017E-07
  433    6.784571E-07
  434    6.753342E-07
  435    6.722328E-07
  436    7.382648E-07
  437    7.348899E-07
  438    7.315381E-07
  439    7.282091E-07
  440    7.249028E-07
  441    7.381470E-07
  442    7.348107E-07
  443    7.314970E-07
  444    7.282057E-07
  445    7.249366E-07
  446    8.018222E-07
  447    7.982387E-07
  448    7.946791E-07
  449    7.911433E-07
  450    7.876310E-07
  451    8.435047E-07
  452    8.397765E-07
  453    8.360730E-07
  454    8.323939E-07
  455    8.287390E-07
  456    9.154009E-07
  457    9.113991E-07
  458    9.074236E-07
  459    9.034740E-07
  460    8.995501E-07
  461    9.481841E-07
  462    9.440839E-07
  463    9.400102E-07
  464    9.359628E-07
  465    9.319415E-07
  466    9.017413E-07
  467    8.978836E-07
  468    8.940506E-07
  469    8.902421E-07
  470    8.864579E-07
  471    1.078129E-06
  472    1.073565E-06
  473    1.069031E-06
  474    1.064525E-06
  475    1.060047E-06
  476    1.065769E-06
  477    1.061305E-06
  478    1.056869E-06
  479    1.052461E-06
  480    1.048080E-06
  481    1.211828E-06
  482    1.206805E-06
  483    1.201813E-06
  484    1.196852E-06
  485    1.191922E-06
  486    1.192401E-06
  487    1.187509E-06
  488    1.182647E-06
  489    1.177815E-06
  490    1.173012E-06
  491    1.184522E-06
  492    1.179712E-06
  493    1.174931E-06
  494    1.170179E-06
  495    1.165456E-06
  496    1.381749E-06
  497    1.376194E-06
  498    1.370673E-06
  499    1.365185E-06
  500    1.359730E-06
  501    1.313467E-06
  502    1.308239E-06
  503    1.303043E-06
  504    1.297877E-06
  505    1.292742E-06
  506    1.520089E-06
  507    1.514099E-06
  508    1.508144E-06
  509    1.502224E-06
  510    1.496338E-06
  511    1.533610E-06
  512    1.527625E-06
  513    1.521675E-06
  514    1.515760E-06
  515    1.509879E-06
  516    1.590390E-06
  517    1.584244E-06
  518    1.578133E-06
  519    1.572057E-06
  520    1.566017E-06
  521    1.778491E-06
  522    1.771684E-06
  523    1.764915E-06
  524    1.758185E-06
  525    1.751494E-06
  526    1.586491E-06
  527    1.580475E-06
  528    1.574494E-06
  529    1.568547E-06
  530    1.562634E-06
  531    1.922164E-06
  532    1.914945E-06
  533    1.907766E-06
  534    1.900628E-06
  535    1.893529E-06
  536    1.845534E-06
  537    1.838667E-06
  538    1.831838E-06
  539    1.825048E-06
  540    1.818294E-06
  541    2.055190E-06
  542    2.047613E-06
  543    2.040079E-06
  544    2.032585E-06
  545    2.025133E-06
  546    2.070395E-06
  547    2.062832E-06
  548    2.055310E-06
  549    2.047829E-06
  550    2.040389E-06
  551    1.975355E-06
  552    1.968204E-06
  553    1.961092E-06
  554    1.954019E-06
  555    1.946984E-06
  556    2.307507E-06
  557    2.299229E-06
  558    2.290996E-06
  559    2.282806E-06
  560    2.274661E-06
  561    2.145300E-06
  562    2.137672E-06
  563    2.130085E-06
  564    2.122538E-06
  565    2.115032E-06
  566    2.415879E-06
  567    2.407365E-06
  568    2.398895E-06
  569    2.390471E-06
  570    2.382091E-06
  571    2.324823E-06
  572    2.316701E-06
  573    2.308622E-06
  574    2.300585E-06
  575    2.292590E-06
  576    2.540412E-06
  577    2.531614E-06
  578    2.522862E-06
  579    2.514155E-06
  580    2.505493E-06
  581    2.603464E-06
  582    2.594525E-06
  583    2.585632E-06
  584    2.576784E-06
  585    2.567982E-06
  586    2.578830E-06
  587    2.570051E-06
  588    2.561316E-06
  589    2.552627E-06
  590    2.543981E-06
  591    2.851118E-06
  592    2.841494E-06
  593    2.831919E-06
  594    2.822392E-06
  595    2.812913E-06
  596    2.797580E-06
  597    2.788216E-06
  598    2.778899E-06
  599    2.769628E-06
  600    2.760404E-06
  601    2.985129E-06
  602    2.975220E-06
  603    2.965360E-06
  604    2.955549E-06
  605    2.945787E-06
  606    2.926490E-06
  607    2.916855E-06
  608    2.907268E-06
  609    2.897728E-06
  610    2.888235E-06
  611    2.882525E-06
  612    2.873112E-06
  613    2.863746E-06
  614    2.854426E-06
  615    2.845150E-06
  616    3.331506E-06
  617    3.320716E-06
  618    3.309978E-06
  619    3.299292E-06
  620    3.288658E-06
  621    3.171280E-06
  622    3.161091E-06
  623    3.150951E-06
  624    3.140860E-06
  625    3.130817E-06
  626    3.488548E-06
  627    3.477430E-06
  628    3.466364E-06
  629    3.455351E-06
  630    3.444390E-06
  631    3.371531E-06
  632    3.360870E-06
  633    3.350260E-06
  634    3.339699E-06
  635    3.329189E-06
  636    3.528734E-06
  637    3.517663E-06
  638    3.506645E-06
  639    3.495678E-06
  640    3.484763E-06
  641    3.833557E-06
  642    3.821624E-06
  643    3.809746E-06
  644    3.797924E-06
  645    3.786156E-06
  646    3.585846E-06
  647    3.574770E-06
  648    3.563745E-06
  649    3.552771E-06
  650    3.541848E-06
  651    3.990090E-06
  652    3.977859E-06
  653    3.965685E-06
  654    3.953567E-06
  655    3.941504E-06
  656    3.874121E-06
  657    3.862337E-06
  658    3.850606E-06
  659    3.838929E-06
  660    3.827304E-06
  661    4.026442E-06
  662    4.014287E-06
  663    4.002186E-06
  664    3.990141E-06
  665    3.978149E-06
  666    4.148360E-06
  667    4.135931E-06
  668    4.123557E-06
  669    4.111239E-06
  670    4.098976E-06
  671    3.972653E-06
  672    3.960838E-06
  673    3.949076E-06
  674    3.937366E-06
  675    3.925709E-06
  676    4.534366E-06
  677    4.520980E-06
  678    4.507654E-06
  679    4.494386E-06
  680    4.481177E-06
  681    4.281317E-06
  682    4.268771E-06
  683    4.256280E-06
  684    4.243844E-06
  685    4.231462E-06
  686    4.763891E-06
  687    4.750032E-06
  688    4.736234E-06
  689    4.722496E-06
  690    4.708818E-06
  691    4.702313E-06
  692    4.688732E-06
  693    4.675210E-06
  694    4.661747E-06
  695    4.648341E-06
  696    4.742357E-06
  697    4.728759E-06
  698    4.715219E-06
  699    4.701738E-06
  700    4.688314E-06
  701    5.143520E-06
  702    5.128877E-06
  703    5.114296E-06
  704    5.099777E-06
  705    5.085320E-06
  706    4.774949E-06
  707    4.761451E-06
  708    4.748010E-06
  709    4.734626E-06
  710    4.721298E-06
  711    5.330178E-06
  712    5.315216E-06
  713    5.300317E-06
  714    5.285481E-06
  715    5.270706E-06
  716    5.261783E-06
  717    5.247116E-06
  718    5.232510E-06
  719    5.217965E-06
  720    5.203481E-06
  721    5.650189E-06
  722    5.634548E-06
  723    5.618972E-06
  724    5.603461E-06
  725    5.588014E-06
  726    5.723344E-06
  727    5.707610E-06
  728    5.691941E-06
  729    5.676335E-06
  730    5.660795E-06
  731    5.568837E-06
  732    5.553632E-06
  733    5.538489E-06
  734    5.523409E-06
  735    5.508389E-06
  736    5.957985E-06
  737    5.941827E-06
  738    5.925736E-06
  739    5.909709E-06
  740    5.893748E-06
  741    5.894615E-06
  742    5.878737E-06
  743    5.862923E-06
  744    5.847173E-06
  745    5.831487E-06
  746    6.198503E-06
  747    6.181919E-06
  748    6.165400E-06
  749    6.148948E-06
  750    6.132562E-06
  751    6.331456E-06
  752    6.314629E-06
  753    6.297868E-06
  754    6.281174E-06
  755    6.264546E-06
  756    6.050009E-06
  757    6.034035E-06
  758    6.018125E-06
  759    6.002277E-06
  760    5.986492E-06
  761    7.095055E-06
  762    7.076445E-06
  763    7.057908E-06
  764    7.039444E-06
  765    7.021052E-06
  766    6.779278E-06
  767    6.761612E-06
  768    6.744015E-06
  769    6.726487E-06
  770    6.709027E-06
  771    7.148155E-06
  772    7.129648E-06
  773    7.111213E-06
  774    7.092850E-06
  775    7.074558E-06
  776    7.326090E-06
  777    7.307245E-06
  778    7.288472E-06
  779    7.269772E-06
  780    7.251143E-06
  781    7.705763E-06
  782    7.686068E-06
  783    7.666448E-06
  784    7.646903E-06
  785    7.627433E-06
  786    7.950941E-06
  787    7.930748E-06
  788    7.910632E-06
  789    7.890592E-06
  790    7.870629E-06
  791    7.892661E-06
  792    7.872742E-06
  793    7.852899E-06
  794    7.833131E-06
  795    7.813437E-06
  796    8.107179E-06
  797    8.086848E-06
  798    8.066593E-06
  799    8.046414E-06
  800    8.026310E-06
  801    7.717036E-06
  802    7.697803E-06
  803    7.678642E-06
  804    7.659553E-06
  805    7.640535E-06
  806    7.796256E-06
  807    7.776947E-06
  808    7.757709E-06
  809    7.738542E-06
  810    7.719446E-06
  811    7.800444E-06
  812    7.781243E-06
  813    7.762113E-06
  814    7.743053E-06
  815    7.724063E-06
  816    8.181534E-06
  817    8.161518E-06
  818    8.141576E-06
  819    8.121706E-06
  820    8.101909E-06
  821    9.220577E-06
  822    9.198156E-06
  823    9.175817E-06
  824    9.153559E-06
  825    9.131382E-06
  826    1.034386E-05
  827    1.031886E-05
  828    1.029395E-05
  829    1.026913E-05
  830    1.024440E-05
  831    1.176073E-05
  832    1.173248E-05
  833    1.170433E-05
  834    1.167627E-05
  835    1.164832E-05
  836    1.229815E-05
  837    1.226878E-05
  838    1.223952E-05
  839    1.221036E-05
  840    1.218130E-05
  841    1.294181E-05
  842    1.291109E-05
  843    1.288048E-05
  844    1.284997E-05
  845    1.281958E-05
  846    1.448487E-05
  847    1.445068E-05
  848    1.441662E-05
  849    1.438268E-05
  850    1.434886E-05
  851    1.448920E-05
  852    1.445521E-05
  853    1.442134E-05
  854    1.438759E-05
  855    1.435395E-05
  856    1.620962E-05
  857    1.617181E-05
  858    1.613414E-05
  859    1.609659E-05
  860    1.605918E-05
  861    1.669463E-05
  862    1.665591E-05
  863    1.661734E-05
  864    1.657889E-05
  865    1.654058E-05
  866    1.906952E-05
  867    1.902555E-05
  868    1.898174E-05
  869    1.893808E-05
  870    1.889457E-05
  871    1.948423E-05
  872    1.943957E-05
  873    1.939506E-05
  874    1.935070E-05
  875    1.930650E-05
  876    1.841227E-05
  877    1.837031E-05
  878    1.832849E-05
  879    1.828681E-05
  880    1.824527E-05
  881    1.776702E-05
  882    1.772676E-05
  883    1.768663E-05
  884    1.764664E-05
  885    1.760678E-05
  886    1.514596E-05
  887    1.511183E-05
  888    1.507781E-05
  889    1.504391E-05
  890    1.501012E-05
  891    1.238905E-05
  892    1.236129E-05
  893    1.233362E-05
  894    1.230604E-05
  895    1.227856E-05
  896    7.589057E-06
  897    7.572145E-06
  898    7.555290E-06
  899    7.538491E-06
  900    7.521748E-06
  901    1.718304E-06
  902    1.714497E-06
  903    1.710701E-06
  904    1.706919E-06
  905    1.703149E-06
  906   -4.097865E-06
  907   -4.088834E-06
  908   -4.079833E-06
  909   -4.070861E-06
  910   -4.061919E-06
  911   -8.155565E-06
  912   -8.137690E-06
  913   -8.119873E-06
  914   -8.102115E-06
  915   -8.084415E-06
  916   -1.037127E-05
  917   -1.034866E-05
  918   -1.032612E-05
  919   -1.030366E-05
  920   -1.028128E-05
  921   -7.022892E-06
  922   -7.007666E-06
  923   -6.992490E-06
  924   -6.977363E-06
  925   -6.962285E-06
  926    2.699583E-06
  927    2.693762E-06
  928    2.687959E-06
  929    2.682176E-06
  930    2.676411E-06
  931    2.275214E-05
  932    2.270334E-05
  933    2.265470E-05
  934    2.260621E-05
  935    2.255788E-05
  936    4.861139E-05
  937    4.850769E-05
  938    4.840432E-05
  939    4.830127E-05
  940    4.819856E-05
  941    9.260379E-05
  942    9.240728E-05
  943    9.221140E-05
  944    9.201614E-05
  945    9.182150E-05
  946    1.398556E-04
  947    1.395604E-04
  948    1.392661E-04
  949    1.389728E-04
  950    1.386803E-04
  951    2.011406E-04
  952    2.007183E-04
  953    2.002973E-04
  954    1.998776E-04
  955    1.994592E-04
  956    2.558477E-04
  957    2.553133E-04
  958    2.547806E-04
  959    2.542495E-04
  960    2.537201E-04
  961    2.882041E-04
  962    2.876053E-04
  963    2.870083E-04
  964    2.864131E-04
  965    2.858198E-04
  966    3.407552E-04
  967    3.400508E-04
  968    3.393485E-04
  969    3.386485E-04
  970    3.379506E-04
  971    3.138511E-04
  972    3.132057E-04
  973    3.125622E-04
  974    3.119207E-04
  975    3.112812E-04
  976    2.919030E-04
  977    2.913057E-04
  978    2.907103E-04
  979    2.901167E-04
  980    2.895249E-04
  981    1.614239E-04
  982    1.610953E-04
  983    1.607677E-04
  984    1.604411E-04
  985    1.601155E-04
  986   -7.041073E-05
  987   -7.026812E-05
  988   -7.012595E-05
  989   -6.998421E-05
  990   -6.984290E-05
  991   -4.502939E-04
  992   -4.493865E-04
  993   -4.484819E-04
  994   -4.475799E-04
  995   -4.466807E-04
  996   -9.279802E-04
  997   -9.261196E-04
  998   -9.242646E-04
  999   -9.224151E-04
 1000   -9.205712E-04
 1001   -1.496021E-03
 1002   -1.493036E-03
 1003   -1.490061E-03
 1004   -1.487094E-03
 1005   -1.484136E-03
 1006   -1.903804E-03
 1007   -1.900025E-03
 1008   -1.896257E-03
 1009   -1.892500E-03
 1010   -1.888754E-03
 1011   -2.177465E-03
 1012   -2.173164E-03
 1013   -2.168875E-03
 1014   -2.164599E-03
 1015   -2.160336E-03
 1016   -2.420252E-03
 1017   -2.415495E-03
 1018   -2.410752E-03
 1019   -2.406022E-03
 1020   -2.401307E-03
 1021   -2.107416E-03
 1022   -2.103294E-03
 1023   -2.099184E-03
 1024   -2.095086E-03
 1025   -2.091000E-03
 1026   -1.659544E-03
 1027   -1.656313E-03
 1028   -1.653093E-03
 1029   -1.649881E-03
 1030   -1.646679E-03
 1031   -6.163410E-04
 1032   -6.151471E-04
 1033   -6.139567E-04
 1034   -6.127697E-04
 1035   -6.115862E-04
 1036    1.271104E-03
 1037    1.268654E-03
 1038    1.266210E-03
 1039    1.263774E-03
 1040    1.261345E-03
 1041    4.500790E-03
 1042    4.492156E-03
 1043    4.483546E-03
 1044    4.474961E-03
 1045    4.466400E-03
 1046    8.687754E-03
 1047    8.671166E-03
 1048    8.654626E-03
 1049    8.638133E-03
 1050    8.621688E-03
 1051    1.376261E-02
 1052    1.373646E-02
 1053    1.371038E-02
 1054    1.368438E-02
 1055    1.365845E-02
 1056    1.776127E-02
 1057    1.772768E-02
 1058    1.769418E-02
 1059    1.766078E-02
 1060    1.762747E-02
 1061    2.102687E-02
 1062    2.098729E-02
 1063    2.094782E-02
 1064    2.090847E-02
 1065    2.086922E-02
 1066    2.323152E-02
 1067    2.318800E-02
 1068    2.314459E-02
 1069    2.310131E-02
 1070    2.305815E-02
 1071    2.410486E-02
 1072    2.405991E-02
 1073    2.401509E-02
 1074    2.397039E-02
 1075    2.392581E-02
 1076    2.317671E-02
 1077    2.313369E-02
 1078    2.309079E-02
 1079    2.304801E-02
 1080    2.300535E-02
 1081    2.371278E-02
 1082    2.366897E-02
 1083    2.362528E-02
 1084    2.358171E-02
 1085    2.353826E-02
 1086    2.160318E-02
 1087    2.156345E-02
 1088    2.152383E-02
 1089    2.148431E-02
 1090    2.144491E-02
 1091    1.827008E-02
 1092    1.823663E-02
 1093    1.820328E-02
 1094    1.817001E-02
 1095    1.813684E-02
 1096    1.411474E-02
 1097    1.408901E-02
 1098    1.406336E-02
 1099    1.403778E-02
 1100    1.401227E-02
 1101    9.056166E-03
 1102    9.039738E-03
 1103    9.023354E-03
 1104    9.007015E-03
 1105    8.990720E-03
 1106    4.157201E-03
 1107    4.149694E-03
 1108    4.142207E-03
 1109    4.134740E-03
 1110    4.127293E-03
 1111    9.399353E-04
 1112    9.382455E-04
 1113    9.365603E-04
 1114    9.348796E-04
 1115    9.332034E-04
 1116   -1.055078E-03
 1117   -1.053189E-03
 1118   -1.051306E-03
 1119   -1.049428E-03
 1120   -1.047555E-03
 1121   -2.263928E-03
 1122   -2.259894E-03
 1123   -2.255871E-03
 1124   -2.251859E-03
 1125   -2.247857E-03
 1126   -2.671091E-03
 1127   -2.666353E-03
 1128   -2.661627E-03
 1129   -2.656914E-03
 1130   -2.652214E-03
 1131   -2.922269E-03
 1132   -2.917108E-03
 1133   -2.911961E-03
 1134   -2.906827E-03
 1135   -2.901707E-03
 1136   -2.813990E-03
 1137   -2.809042E-03
 1138   -2.804108E-03
 1139   -2.799186E-03
 1140   -2.794277E-03
 1141   -2.499151E-03
 1142   -2.494776E-03
 1143   -2.490412E-03
 1144   -2.486060E-03
 1145   -2.481720E-03
 1146   -2.008442E-03
 1147   -2.004941E-03
 1148   -2.001450E-03
 1149   -1.997968E-03
 1150   -1.994494E-03
 1151   -1.236115E-03
 1152   -1.233970E-03
 1153   -1.231830E-03
 1154   -1.229696E-03
 1155   -1.227568E-03
 1156   -6.519562E-04
 1157   -6.508297E-04
 1158   -6.497061E-04
 1159   -6.485854E-04
 1160   -6.474677E-04
 1161   -1.954657E-04
 1162   -1.951294E-04
 1163   -1.947940E-04
 1164   -1.944595E-04
 1165   -1.941258E-04
 1166    8.558636E-05
 1167    8.543974E-05
 1168    8.529351E-05
 1169    8.514764E-05
 1170    8.500215E-05
 1171    2.486694E-04
 1172    2.482453E-04
 1173    2.478222E-04
 1174    2.474002E-04
 1175    2.469793E-04
 1176    2.933851E-04
 1177    2.928868E-04
 1178    2.923897E-04
 1179    2.918939E-04
 1180    2.913994E-04
 1181    3.170437E-04
 1182    3.165075E-04
 1183    3.159727E-04
 1184    3.154391E-04
 1185    3.149070E-04
 1186    2.922182E-04
 1187    2.917261E-04
 1188    2.912352E-04
 1189    2.907455E-04
 1190    2.902570E-04
 1191    2.365477E-04
 1192    2.361510E-04
 1193    2.357552E-04
 1194    2.353605E-04
 1195    2.349668E-04
 1196    1.784269E-04
 1197    1.781289E-04
 1198    1.778317E-04
 1199    1.775351E-04
 1200    1.772394E-04
 1201    1.032645E-04
 1202    1.030927E-04
 1203    1.029214E-04
 1204    1.027505E-04
 1205    1.025800E-04
 1206    4.069037E-05
 1207    4.062297E-05
 1208    4.055574E-05
 1209    4.048868E-05
 1210    4.042178E-05
 1211   -1.023108E-05
 1212   -1.021421E-05
 1213   -1.019737E-05
 1214   -1.018058E-05
 1215   -1.016383E-05
 1216   -4.534214E-05
 1217   -4.526766E-05
 1218   -4.519336E-05
 1219   -4.511924E-05
 1220   -4.504530E-05
 1221   -6.975954E-05
 1222   -6.964542E-05
 1223   -6.953157E-05
 1224   -6.941800E-05
 1225   -6.930471E-05
 1226   -7.698333E-05
 1227   -7.685790E-05
 1228   -7.673277E-05
 1229   -7.660795E-05
 1230   -7.648344E-05
 1231   -8.526679E-05
 1232   -8.512842E-05
 1233   -8.499039E-05
 1234   -8.485270E-05
 1235   -8.471534E-05
 1236   -7.791042E-05
 1237   -7.778450E-05
 1238   -7.765889E-05
 1239   -7.753358E-05
 1240   -7.740858E-05
 1241   -6.944499E-05
 1242   -6.933321E-05
 1243   -6.922170E-05
 1244   -6.911045E-05
 1245   -6.899948E-05
 1246   -5.926800E-05
 1247   -5.917298E-05
 1248   -5.907819E-05
 1249   -5.898363E-05
 1250   -5.888929E-05
 1251   -4.386576E-05
 1252   -4.379571E-05
 1253   -4.372584E-05
 1254   -4.365612E-05
 1255   -4.358658E-05
 1256   -3.463773E-05
 1257   -3.458264E-05
 1258   -3.452768E-05
 1259   -3.447285E-05
 1260   -3.441815E-05
 1261   -2.437128E-05
 1262   -2.433267E-05
 1263   -2.429416E-05
 1264   -2.425573E-05
 1265   -2.421740E-05
 1266   -1.999094E-05
 1267   -1.995939E-05
 1268   -1.992793E-05
 1269   -1.989653E-05
 1270   -1.986521E-05
 1271   -1.714368E-05
 1272   -1.711673E-05
 1273   -1.708985E-05
 1274   -1.706303E-05
 1275   -1.703628E-05
 1276   -1.503663E-05
 1277   -1.501309E-05
 1278   -1.498960E-05
 1279   -1.496617E-05
 1280   -1.494280E-05
 1281   -1.510660E-05
 1282   -1.508304E-05
 1283   -1.505954E-05
 1284   -1.503609E-05
 1285   -1.501270E-05
 1286   -1.522870E-05
 1287   -1.520505E-05
 1288   -1.518145E-05
 1289   -1.515790E-05
 1290   -1.513441E-05
 1291   -1.616802E-05
 1292   -1.614301E-05
 1293   -1.611804E-05
 1294   -1.609314E-05
 1295   -1.606830E-05
 1296   -1.557996E-05
 1297   -1.555595E-05
 1298   -1.553199E-05
 1299   -1.550808E-05
 1300   -1.548423E-05
 1301   -1.521721E-05
 1302   -1.519385E-05
 1303   -1.517053E-05
 1304   -1.514728E-05
 1305   -1.512407E-05
 1306   -1.468021E-05
 1307   -1.465776E-05
 1308   -1.463535E-05
 1309   -1.461300E-05
 1310   -1.459070E-05
 1311   -1.464988E-05
 1312   -1.462756E-05
 1313   -1.460528E-05
 1314   -1.458306E-05
 1315   -1.456089E-05
 1316   -1.539832E-05
 1317   -1.537495E-05
 1318   -1.535162E-05
 1319   -1.532836E-05
 1320   -1.530514E-05
 1321   -1.573681E-05
 1322   -1.571302E-05
 1323   -1.568927E-05
 1324   -1.566558E-05
 1325   -1.564194E-05
 1326   -1.656291E-05
 1327   -1.653796E-05
 1328   -1.651306E-05
 1329   -1.648822E-05
 1330   -1.646343E-05
 1331   -1.684239E-05
 1332   -1.681711E-05
 1333   -1.679189E-05
 1334   -1.676673E-05
 1335   -1.674162E-05
 1336   -1.692635E-05
 1337   -1.690104E-05
 1338   -1.687578E-05
 1339   -1.685059E-05
 1340   -1.682544E-05
 1341   -1.661377E-05
 1342   -1.658902E-05
 1343   -1.656432E-05
 1344   -1.653968E-05
 1345   -1.651510E-05
 1346   -1.532993E-05
 1347   -1.530718E-05
 1348   -1.528448E-05
 1349   -1.526183E-05
 1350   -1.523922E-05
 1351   -1.433503E-05
 1352   -1.431383E-05
 1353   -1.429268E-05
 1354   -1.427158E-05
 1355   -1.425052E-05
 1356   -1.334922E-05
 1357   -1.332955E-05
 1358   -1.330993E-05
 1359   -1.329035E-05
 1360   -1.327081E-05
 1361   -1.259171E-05
 1362   -1.257322E-05
 1363   -1.255478E-05
 1364   -1.253638E-05
 1365   -1.251802E-05
 1366   -1.221728E-05
 1367   -1.219941E-05
 1368   -1.218158E-05
 1369   -1.216379E-05
 1370   -1.214604E-05
 1371   -1.211303E-05
 1372   -1.209538E-05
 1373   -1.207777E-05
 1374   -1.206019E-05
 1375   -1.204266E-05
 1376   -1.262363E-05
 1377   -1.260531E-05
 1378   -1.258702E-05
 1379   -1.256877E-05
 1380   -1.255056E-05
 1381   -1.217120E-05
 1382   -1.215359E-05
 1383   -1.213602E-05
 1384   -1.211849E-05
 1385   -1.210100E-05
 1386   -1.245240E-05
 1387   -1.243445E-05
 1388   -1.241654E-05
 1389   -1.239867E-05
 1390   -1.238083E-05
 1391   -1.186230E-05
 1392   -1.184527E-05
 1393   -1.182827E-05
 1394   -1.181130E-05
 1395   -1.179437E-05
 1396   -1.211740E-05
 1397   -1.210006E-05
 1398   -1.208276E-05
 1399   -1.206549E-05
 1400   -1.204826E-05
 1401   -1.182749E-05
 1402   -1.181063E-05
 1403   -1.179380E-05
 1404   -1.177700E-05
 1405   -1.176024E-05
 1406   -1.118562E-05
 1407   -1.116973E-05
 1408   -1.115387E-05
 1409   -1.113804E-05
 1410   -1.112225E-05
 1411   -1.110482E-05
 1412   -1.108910E-05
 1413   -1.107341E-05
 1414   -1.105775E-05
 1415   -1.104213E-05
 1416   -1.079860E-05
 1417   -1.078336E-05
 1418   -1.076816E-05
 1419   -1.075298E-05
 1420   -1.073784E-05
 1421   -1.089366E-05
 1422   -1.087834E-05
 1423   -1.086306E-05
 1424   -1.084781E-05
 1425   -1.083259E-05
 1426   -1.125427E-05
 1427   -1.123850E-05
 1428   -1.122276E-05
 1429   -1.120706E-05
 1430   -1.119139E-05
 1431   -1.103402E-05
 1432   -1.101861E-05
 1433   -1.100324E-05
 1434   -1.098790E-05
 1435   -1.097259E-05
 1436   -1.119410E-05
 1437   -1.117852E-05
 1438   -1.116298E-05
 1439   -1.114747E-05
 1440   -1.113199E-05
 1441   -1.092367E-05
 1442   -1.090853E-05
 1443   -1.089341E-05
 1444   -1.087833E-05
 1445   -1.086328E-05
 1446   -1.073258E-05
 1447   -1.071775E-05
 1448   -1.070295E-05
 1449   -1.068818E-05
 1450   -1.067345E-05
 1451   -1.040555E-05
 1452   -1.039123E-05
 1453   -1.037693E-05
 1454   -1.036266E-05
 1455   -1.034842E-05
 1456   -9.861076E-06
 1457   -9.847544E-06
 1458   -9.834041E-06
 1459   -9.820565E-06
 1460   -9.807117E-06
 1461   -1.036886E-05
 1462   -1.035468E-05
 1463   -1.034053E-05
 1464   -1.032641E-05
 1465   -1.031231E-05
 1466   -9.854316E-06
 1467   -9.840885E-06
 1468   -9.827483E-06
 1469   -9.814108E-06
 1470   -9.800760E-06
 1471   -1.013163E-05
 1472   -1.011787E-05
 1473   -1.010414E-05
 1474   -1.009043E-05
 1475   -1.007675E-05
 1476   -9.787326E-06
 1477   -9.774077E-06
 1478   -9.760856E-06
 1479   -9.747661E-06
 1480   -9.734493E-06
 1481   -9.962093E-06
 1482   -9.948653E-06
 1483   -9.935241E-06
 1484   -9.921855E-06
 1485   -9.908497E-06
 1486   -1.020170E-05
 1487   -1.018799E-05
 1488   -1.017430E-05
 1489   -1.016064E-05
 1490   -1.014700E-05
 1491   -9.811063E-06
 1492   -9.797916E-06
 1493   -9.784795E-06
 1494   -9.771701E-06
 1495   -9.758633E-06
 1496   -9.679555E-06
 1497   -9.666627E-06
 1498   -9.653726E-06
 1499   -9.640850E-06
 1500   -9.628000E-06
 1501   -9.407464E-06
 1502   -9.394942E-06
 1503   -9.382444E-06
 1504   -9.369972E-06
 1505   -9.357524E-06
 1506   -9.256217E-06
 1507   -9.243937E-06
 1508   -9.231681E-06
 1509   -9.219449E-06
 1510   -9.207242E-06
 1511   -9.260317E-06
 1512   -9.248072E-06
 1513   -9.235851E-06
 1514   -9.223654E-06
 1515   -9.211482E-06
 1516   -8.915194E-06
 1517   -8.903444E-06
 1518   -8.891718E-06
 1519   -8.880014E-06
 1520   -8.868334E-06
 1521   -9.060234E-06
 1522   -9.048332E-06
 1523   -9.036454E-06
 1524   -9.024599E-06
 1525   -9.012767E-06
 1526   -9.379613E-06
 1527   -9.367332E-06
 1528   -9.355075E-06
 1529   -9.342842E-06
 1530   -9.330634E-06
 1531   -9.230359E-06
 1532   -9.218313E-06
 1533   -9.206290E-06
 1534   -9.194291E-06
 1535   -9.182316E-06
 1536   -9.106364E-06
 1537   -9.094518E-06
 1538   -9.082695E-06
 1539   -9.070896E-06
 1540   -9.059119E-06
 1541   -8.720748E-06
 1542   -8.709441E-06
 1543   -8.698156E-06
 1544   -8.686892E-06
 1545   -8.675651E-06
 1546   -9.103167E-06
 1547   -9.091402E-06
 1548   -9.079660E-06
 1549   -9.067940E-06
 1550   -9.056243E-06
 1551   -8.562266E-06
 1552   -8.551236E-06
 1553   -8.540227E-06
 1554   -8.529239E-06
 1555   -8.518272E-06
 1556   -8.616384E-06
 1557   -8.605320E-06
 1558   -8.594277E-06
 1559   -8.583255E-06
 1560   -8.572254E-06
 1561   -8.399635E-06
 1562   -8.388884E-06
 1563   -8.378153E-06
 1564   -8.367442E-06
 1565   -8.356753E-06
 1566   -8.276447E-06
 1567   -8.265887E-06
 1568   -8.255348E-06
 1569   -8.244828E-06
 1570   -8.234328E-06
 1571   -8.326331E-06
 1572   -8.315741E-06
 1573   -8.305172E-06
 1574   -8.294622E-06
 1575   -8.284092E-06
 1576   -8.388105E-06
 1577   -8.377470E-06
 1578   -8.366855E-06
 1579   -8.356261E-06
 1580   -8.345687E-06
 1581   -8.313279E-06
 1582   -8.302773E-06
 1583   -8.292286E-06
 1584   -8.281819E-06
 1585   -8.271373E-06
 1586   -8.395895E-06
 1587   -8.385318E-06
 1588   -8.374760E-06
 1589   -8.364222E-06
 1590   -8.353705E-06
 1591   -8.193859E-06
 1592   -8.183569E-06
 1593   -8.173297E-06
 1594   -8.163046E-06
 1595   -8.152813E-06
 1596   -8.038490E-06
 1597   -8.028427E-06
 1598   -8.018382E-06
 1599   -8.008355E-06
 1600   -7.998348E-06
 1601   -7.784207E-06
 1602   -7.774492E-06
 1603   -7.764795E-06
 1604   -7.755116E-06
 1605   -7.745455E-06
 1606   -7.583494E-06
 1607   -7.574058E-06
 1608   -7.564641E-06
 1609   -7.555241E-06
 1610   -7.545858E-06
 1611   -7.645694E-06
 1612   -7.636210E-06
 1613   -7.626745E-06
 1614   -7.617297E-06
 1615   -7.607867E-06
 1616   -7.430476E-06
 1617   -7.421289E-06
 1618   -7.412118E-06
 1619   -7.402964E-06
 1620   -7.393828E-06
 1621   -7.435369E-06
 1622   -7.426204E-06
 1623   -7.417055E-06
 1624   -7.407924E-06
 1625   -7.398809E-06
 1626   -7.303348E-06
 1627   -7.294373E-06
 1628   -7.285415E-06
 1629   -7.276473E-06
 1630   -7.267548E-06
 1631   -7.487424E-06
 1632   -7.478251E-06
 1633   -7.469095E-06
 1634   -7.459956E-06
 1635   -7.450833E-06
 1636   -7.245595E-06
 1637   -7.236745E-06
 1638   -7.227912E-06
 1639   -7.219095E-06
 1640   -7.210294E-06
 1641   -7.209612E-06
 1642   -7.200834E-06
 1643   -7.192071E-06
 1644   -7.183324E-06
 1645   -7.174593E-06
 1646   -6.845317E-06
 1647   -6.837007E-06
 1648   -6.828712E-06
 1649   -6.820432E-06
 1650   -6.812167E-06
 1651   -6.724057E-06
 1652   -6.715919E-06
 1653   -6.707796E-06
 1654   -6.699687E-06
 1655   -6.691594E-06
 1656   -6.396079E-06
 1657   -6.388362E-06
 1658   -6.380658E-06
 1659   -6.372968E-06
 1660   -6.365292E-06
 1661   -6.091191E-06
 1662   -6.083864E-06
 1663   -6.076549E-06
 1664   -6.069248E-06
 1665   -6.061960E-06
 1666   -6.200770E-06
 1667   -6.193333E-06
 1668   -6.185909E-06
 1669   -6.178499E-06
 1670   -6.171102E-06
 1671   -6.116422E-06
 1672   -6.109108E-06
 1673   -6.101807E-06
 1674   -6.094519E-06
 1675   -6.087245E-06
 1676   -6.219175E-06
 1677   -6.211760E-06
 1678   -6.204358E-06
 1679   -6.196970E-06
 1680   -6.189595E-06
 1681   -6.078206E-06
 1682   -6.070981E-06
 1683   -6.063769E-06
 1684   -6.056569E-06
 1685   -6.049382E-06
 1686   -6.010797E-06
 1687   -6.003673E-06
 1688   -5.996562E-06
 1689   -5.989463E-06
 1690   -5.982377E-06
 1691   -5.904928E-06
 1692   -5.897950E-06
 1693   -5.890985E-06
 1694   -5.884032E-06
 1695   -5.877091E-06
 1696   -5.720992E-06
 1697   -5.714251E-06
 1698   -5.707523E-06
 1699   -5.700806E-06
 1700   -5.694101E-06
 1701   -5.557180E-06
 1702   -5.550652E-06
 1703   -5.544135E-06
 1704   -5.537630E-06
 1705   -5.531136E-06
 1706   -5.295510E-06
 1707   -5.289307E-06
 1708   -5.283116E-06
 1709   -5.276935E-06
 1710   -5.270765E-06
 1711   -5.141995E-06
 1712   -5.135989E-06
 1713   -5.129995E-06
 1714   -5.124010E-06
 1715   -5.118037E-06
 1716   -5.153955E-06
 1717   -5.147954E-06
 1718   -5.141963E-06
 1719   -5.135982E-06
 1720   -5.130011E-06
 1721   -5.020388E-06
 1722   -5.014559E-06
 1723   -5.008740E-06
 1724   -5.002931E-06
 1725   -4.997132E-06
 1726   -5.182043E-06
 1727   -5.176044E-06
 1728   -5.170055E-06
 1729   -5.164076E-06
 1730   -5.158108E-06
 1731   -5.024256E-06
 1732   -5.018456E-06
 1733   -5.012666E-06
 1734   -5.006886E-06
 1735   -5.001116E-06
 1736   -5.036370E-06
 1737   -5.030573E-06
 1738   -5.024786E-06
 1739   -5.019009E-06
 1740   -5.013241E-06
 1741   -4.915687E-06
 1742   -4.910045E-06
 1743   -4.904412E-06
 1744   -4.898790E-06
 1745   -4.893177E-06
 1746   -4.614060E-06
 1747   -4.608780E-06
 1748   -4.603508E-06
 1749   -4.598245E-06
 1750   -4.592992E-06
 1751   -4.457133E-06
 1752   -4.452046E-06
 1753   -4.446968E-06
 1754   -4.441899E-06
 1755   -4.436839E-06
 1756   -4.177060E-06
 1757   -4.172307E-06
 1758   -4.167561E-06
 1759   -4.162824E-06
 1760   -4.158095E-06
 1761   -4.114975E-06
 1762   -4.110305E-06
 1763   -4.105644E-06
 1764   -4.100990E-06
 1765   -4.096344E-06
 1766   -3.928159E-06
 1767   -3.923715E-06
 1768   -3.919277E-06
 1769   -3.914847E-06
 1770   -3.910425E-06
 1771   -3.908201E-06
 1772   -3.903791E-06
 1773   -3.899389E-06
 1774   -3.894994E-06
 1775   -3.890606E-06
 1776   -3.973804E-06
 1777   -3.969333E-06
 1778   -3.964870E-06
 1779   -3.960413E-06
 1780   -3.955965E-06
 1781   -3.864784E-06
 1782   -3.860447E-06
 1783   -3.856118E-06
 1784   -3.851797E-06
 1785   -3.847482E-06
 1786   -3.854986E-06
 1787   -3.850673E-06
 1788   -3.846367E-06
 1789   -3.842068E-06
 1790   -3.837777E-06
 1791   -3.689117E-06
 1792   -3.685000E-06
 1793   -3.680891E-06
 1794   -3.676789E-06
 1795   -3.672693E-06
 1796   -3.580272E-06
 1797   -3.576288E-06
 1798   -3.572311E-06
 1799   -3.568341E-06
 1800   -3.564377E-06
 1801   -3.408896E-06
 1802   -3.405114E-06
 1803   -3.401338E-06
 1804   -3.397568E-06
 1805   -3.393804E-06
 1806   -3.205279E-06
 1807   -3.201732E-06
 1808   -3.198191E-06
 1809   -3.194656E-06
 1810   -3.191127E-06
 1811   -3.107696E-06
 1812   -3.104267E-06
 1813   -3.100844E-06
 1814   -3.097426E-06
 1815   -3.094014E-06
 1816   -3.002057E-06
 1817   -2.998753E-06
 1818   -2.995455E-06
 1819   -2.992162E-06
 1820   -2.988875E-06
 1821   -3.063863E-06
 1822   -3.060501E-06
 1823   -3.057144E-06
 1824   -3.053793E-06
 1825   -3.050447E-06
 1826   -2.983893E-06
 1827   -2.980628E-06
 1828   -2.977367E-06
 1829   -2.974113E-06
 1830   -2.970863E-06
 1831   -2.954806E-06
 1832   -2.951581E-06
 1833   -2.948361E-06
 1834   -2.945147E-06
 1835   -2.941938E-06
 1836   -2.923538E-06
 1837   -2.920356E-06
 1838   -2.917179E-06
 1839   -2.914007E-06
 1840   -2.910841E-06
 1841   -2.798113E-06
 1842   -2.795076E-06
 1843   -2.792043E-06
 1844   -2.789016E-06
 1845   -2.785993E-06
 1846   -2.666353E-06
 1847   -2.663467E-06
 1848   -2.660585E-06
 1849   -2.657708E-06
 1850   -2.654836E-06
 1851   -2.463419E-06
 1852   -2.460759E-06
 1853   -2.458104E-06
 1854   -2.455453E-06
 1855   -2.452806E-06
 1856   -2.309358E-06
 1857   -2.306872E-06
 1858   -2.304389E-06
 1859   -2.301911E-06
 1860   -2.299436E-06
 1861   -2.207823E-06
 1862   -2.205452E-06
 1863   -2.203085E-06
 1864   -2.200722E-06
 1865   -2.198363E-06
 1866   -2.140718E-06
 1867   -2.138425E-06
 1868   -2.136137E-06
 1869   -2.133851E-06
 1870   -2.131570E-06
 1871   -2.138984E-06
 1872   -2.136699E-06
 1873   -2.134418E-06
 1874   -2.132141E-06
 1875   -2.129867E-06
 1876   -2.062948E-06
 1877   -2.060750E-06
 1878   -2.058556E-06
 1879   -2.056366E-06
 1880   -2.054179E-06
 1881   -2.072796E-06
 1882   -2.070593E-06
 1883   -2.068395E-06
 1884   -2.066200E-06
 1885   -2.064008E-06
 1886   -2.002372E-06
 1887   -2.000250E-06
 1888   -1.998132E-06
 1889   -1.996017E-06
 1890   -1.993905E-06
 1891   -1.928366E-06
 1892   -1.926328E-06
 1893   -1.924293E-06
 1894   -1.922262E-06
 1895   -1.920234E-06
 1896   -1.862116E-06
 1897   -1.860153E-06
 1898   -1.858194E-06
 1899   -1.856237E-06
 1900   -1.854284E-06
 1901   -1.686954E-06
 1902   -1.685181E-06
 1903   -1.683410E-06
 1904   -1.681642E-06
 1905   -1.679877E-06
 1906   -1.603564E-06
 1907   -1.601883E-06
 1908   -1.600204E-06
 1909   -1.598528E-06
 1910   -1.596855E-06
 1911   -1.540245E-06
 1912   -1.538634E-06
 1913   -1.537026E-06
 1914   -1.535420E-06
 1915   -1.533817E-06
 1916   -1.480221E-06
 1917   -1.478677E-06
 1918   -1.477135E-06
 1919   -1.475596E-06
 1920   -1.474060E-06
 1921   -1.458723E-06
 1922   -1.457205E-06
 1923   -1.455690E-06
 1924   -1.454177E-06
 1925   -1.452667E-06
 1926   -1.432447E-06
 1927   -1.430961E-06
 1928   -1.429477E-06
 1929   -1.427995E-06
 1930   -1.426516E-06
 1931   -1.441763E-06
 1932   -1.440270E-06
 1933   -1.438781E-06
 1934   -1.437293E-06
 1935   -1.435808E-06
 1936   -1.378056E-06
 1937   -1.376634E-06
 1938   -1.375213E-06
 1939   -1.373795E-06
 1940   -1.372379E-06
 1941   -1.324523E-06
 1942   -1.323159E-06
 1943   -1.321797E-06
 1944   -1.320438E-06
 1945   -1.319080E-06
 1946   -1.242955E-06
 1947   -1.241678E-06
 1948   -1.240404E-06
 1949   -1.239131E-06
 1950   -1.237861E-06
 1951   -1.108904E-06
 1952   -1.107768E-06
 1953   -1.106634E-06
 1954   -1.105501E-06
 1955   -1.104371E-06
 1956   -1.066207E-06
 1957   -1.065117E-06
 1958   -1.064030E-06
 1959   -1.062944E-06
 1960   -1.061859E-06
 1961   -9.524245E-07
 1962   -9.514539E-07
 1963   -9.504848E-07
 1964   -9.495171E-07
 1965   -9.485509E-07
 1966   -9.447498E-07
 1967   -9.437895E-07
 1968   -9.428306E-07
 1969   -9.418732E-07
 1970   -9.409172E-07
 1971   -9.183136E-07
 1972   -9.173825E-07
 1973   -9.164528E-07
 1974   -9.155245E-07
 1975   -9.145976E-07
 1976   -8.954215E-07
 1977   -8.945159E-07
 1978   -8.936116E-07
 1979   -8.927088E-07
 1980   -8.918073E-07
 1981   -8.867243E-07
 1982   -8.858298E-07
 1983   -8.849366E-07
 1984   -8.840447E-07
 1985   -8.831542E-07
 1986   -8.551869E-07
 1987   -8.543264E-07
 1988   -8.534671E-07
 1989   -8.526091E-07
 1990   -8.517524E-07
 1991   -8.404909E-07
 1992   -8.396472E-07
 1993   -8.388048E-07
 1994   -8.379637E-07
 1995   -8.371239E-07
 1996   -7.748795E-07
 1997   -7.741037E-07
 1998   -7.733290E-07
 1999   -7.725555E-07
 2000   -7.717831E-07
 2001   -7.160020E-07
 2002   -7.152869E-07
 2003   -7.145729E-07
 2004   -7.138599E-07
 2005   -7.131480E-07
 2006   -6.711801E-07
 2007   -6.705115E-07
 2008   -6.698438E-07
 2009   -6.691771E-07
 2010   -6.685114E-07
 2011   -6.274627E-07
 2012   -6.268391E-07
 2013   -6.262165E-07
 2014   -6.255948E-07
 2015   -6.249740E-07
 2016   -6.178056E-07
 2017   -6.171931E-07
 2018   -6.165816E-07
 2019   -6.159710E-07
 2020   -6.153612E-07
 2021   -5.973724E-07
 2022   -5.967817E-07
 2023   -5.961918E-07
 2024   -5.956028E-07
 2025   -5.950147E-07
 2026   -5.802083E-07
 2027   -5.796359E-07
 2028   -5.790644E-07
 2029   -5.784938E-07
 2030   -5.779240E-07
 2031   -5.840987E-07
 2032   -5.835240E-07
 2033   -5.829501E-07
 2034   -5.823770E-07
 2035   -5.818048E-07
 2036   -5.527294E-07
 2037   -5.521868E-07
 2038   -5.516451E-07
 2039   -5.511041E-07
 2040   -5.505639E-07
 2041   -5.408632E-07
 2042   -5.403336E-07
 2043   -5.398048E-07
 2044   -5.392767E-07
 2045   -5.387495E-07
 2046   -4.858067E-07
 2047   -4.853322E-07
 2048   -4.848583E-07
 2049   -4.843852E-07
 2050   -4.839127E-07
 2051   -4.444160E-07
 2052   -4.439830E-07
 2053   -4.435506E-07
 2054   -4.431188E-07
 2055   -4.426876E-07
 2056   -4.083500E-07
 2057   -4.079530E-07
 2058   -4.075567E-07
 2059   -4.071609E-07
 2060   -4.067657E-07
 2061   -3.778823E-07
 2062   -3.775158E-07
 2063   -3.771500E-07
 2064   -3.767846E-07
 2065   -3.764197E-07
 2066   -3.636833E-07
 2067   -3.633315E-07
 2068   -3.629802E-07
 2069   -3.626294E-07
 2070   -3.622791E-07
 2071   -3.440918E-07
 2072   -3.437598E-07
 2073   -3.434282E-07
 2074   -3.430971E-07
 2075   -3.427665E-07
 2076   -3.463669E-07
 2077   -3.460335E-07
 2078   -3.457005E-07
 2079   -3.453680E-07
 2080   -3.450360E-07
 2081   -3.402503E-07
 2082   -3.399236E-07
 2083   -3.395973E-07
 2084   -3.392714E-07
 2085   -3.389461E-07
 2086   -3.372464E-07
 2087   -3.369233E-07
 2088   -3.366007E-07
 2089   -3.362785E-07
 2090   -3.359568E-07
 2091   -3.134770E-07
 2092   -3.131774E-07
 2093   -3.128782E-07
 2094   -3.125795E-07
 2095   -3.122811E-07
 2096   -3.016832E-07
 2097   -3.013955E-07
 2098   -3.011083E-07
 2099   -3.008214E-07
 2100   -3.005350E-07
 2101   -2.820151E-07
 2102   -2.817468E-07
 2103   -2.814789E-07
 2104   -2.812114E-07
 2105   -2.809443E-07
 2106   -2.612841E-07
 2107   -2.610361E-07
 2108   -2.607885E-07
 2109   -2.605413E-07
 2110   -2.602944E-07
 2111   -2.533727E-07
 2112   -2.531329E-07
 2113   -2.528933E-07
 2114   -2.526541E-07
 2115   -2.524153E-07
 2116   -2.455755E-07
 2117   -2.453436E-07
 2118   -2.451120E-07
 2119   -2.448807E-07
 2120   -2.446497E-07
 2121   -2.399143E-07
 2122   -2.396882E-07
 2123   -2.394624E-07
 2124   -2.392370E-07
 2125   -2.390119E-07
 2126   -2.355432E-07
 2127   -2.353218E-07
 2128   -2.351007E-07
 2129   -2.348799E-07
 2130   -2.346594E-07
 2131   -2.334630E-07
 2132   -2.332441E-07
 2133   -2.330254E-07
 2134   -2.328071E-07
 2135   -2.325890E-07
 2136   -2.345202E-07
 2137   -2.343007E-07
 2138   -2.340816E-07
 2139   -2.338628E-07
 2140   -2.336443E-07
 2141   -2.275863E-07
 2142   -2.273738E-07
 2143   -2.271617E-07
 2144   -2.269498E-07
 2145   -2.267383E-07
 2146   -2.211092E-07
 2147   -2.209033E-07
 2148   -2.206976E-07
 2149   -2.204923E-07
 2150   -2.202872E-07
 2151   -2.095141E-07
 2152   -2.093195E-07
 2153   -2.091251E-07
 2154   -2.089309E-07
 2155   -2.087371E-07
 2156   -2.050052E-07
 2157   -2.048152E-07
 2158   -2.046254E-07
 2159   -2.044359E-07
 2160   -2.042467E-07
 2161   -2.084347E-07
 2162   -2.082419E-07
 2163   -2.080494E-07
 2164   -2.078571E-07
 2165   -2.076652E-07
 2166   -1.997083E-07
 2167   -1.995240E-07
 2168   -1.993400E-07
 2169   -1.991562E-07
 2170   -1.989727E-07
 2171   -2.015591E-07
 2172   -2.013735E-07
 2173   -2.011882E-07
 2174   -2.010032E-07
 2175   -2.008184E-07
 2176   -1.965244E-07
 2177   -1.963439E-07
 2178   -1.961636E-07
 2179   -1.959836E-07
 2180   -1.958038E-07
 2181   -1.997049E-07
 2182   -1.995219E-07
 2183   -1.993392E-07
 2184   -1.991567E-07
 2185   -1.989744E-07
 2186   -2.011303E-07
 2187   -2.009465E-07
 2188   -2.007628E-07
 2189   -2.005794E-07
 2190   -2.003963E-07
 2191   -1.976665E-07
 2192   -1.974862E-07
 2193   -1.973062E-07
 2194   -1.971264E-07
 2195   -1.969468E-07
 2196   -2.030498E-07
 2197   -2.028650E-07
 2198   -2.026804E-07
 2199   -2.024961E-07
 2200   -2.023121E-07
 2201   -1.990919E-07
 2202   -1.989111E-07
 2203   -1.987305E-07
 2204   -1.985502E-07
 2205   -1.983702E-07
 2206   -2.050663E-07
 2207   -2.048805E-07
 2208   -2.046950E-07
 2209   -2.045097E-07
 2210   -2.043247E-07
 2211   -2.042527E-07
 2212   -2.040680E-07
 2213   -2.038836E-07
 2214   -2.036995E-07
 2215   -2.035156E-07
 2216   -2.027661E-07
 2217   -2.025832E-07
 2218   -2.024006E-07
 2219   -2.022182E-07
 2220   -2.020360E-07
 2221   -2.076669E-07
 2222   -2.074800E-07
 2223   -2.072934E-07
 2224   -2.071070E-07
 2225   -2.069209E-07
 2226   -2.034232E-07
 2227   -2.032405E-07
 2228   -2.030581E-07
 2229   -2.028760E-07
 2230   -2.026941E-07
 2231   -2.079287E-07
 2232   -2.077425E-07
 2233   -2.075564E-07
 2234   -2.073707E-07
 2235   -2.071851E-07
 2236   -2.091596E-07
 2237   -2.089727E-07
 2238   -2.087860E-07
 2239   -2.085995E-07
 2240   -2.084133E-07
 2241   -2.073397E-07
 2242   -2.071548E-07
 2243   -2.069701E-07
 2244   -2.067857E-07
 2245   -2.066015E-07
 2246   -2.229203E-07
 2247   -2.227220E-07
 2248   -2.225239E-07
 2249   -2.223260E-07
 2250   -2.221284E-07
 2251   -2.206612E-07
 2252   -2.204653E-07
 2253   -2.202696E-07
 2254   -2.200742E-07
 2255   -2.198791E-07
 2256   -2.294546E-07
 2257   -2.292513E-07
 2258   -2.290483E-07
 2259   -2.288456E-07
 2260   -2.286431E-07
 2261   -2.315207E-07
 2262   -2.313160E-07
 2263   -2.311116E-07
 2264   -2.309075E-07
 2265   -2.307036E-07
 2266   -2.346318E-07
 2267   -2.344249E-07
 2268   -2.342182E-07
 2269   -2.340118E-07
 2270   -2.338057E-07
 2271   -2.393342E-07
 2272   -2.391236E-07
 2273   -2.389132E-07
 2274   -2.387031E-07
 2275   -2.384933E-07
 2276   -2.336279E-07
 2277   -2.334228E-07
 2278   -2.332179E-07
 2279   -2.330133E-07
 2280   -2.328089E-07
 2281   -2.430978E-07
 2282   -2.428848E-07
 2283   -2.426720E-07
 2284   -2.424596E-07
 2285   -2.422474E-07
 2286   -2.430749E-07
 2287   -2.428623E-07
 2288   -2.426501E-07
 2289   -2.424381E-07
 2290   -2.422264E-07
 2291   -2.475592E-07
 2292   -2.473432E-07
 2293   -2.471275E-07
 2294   -2.469121E-07
 2295   -2.466970E-07
 2296   -2.536116E-07
 2297   -2.533908E-07
 2298   -2.531703E-07
 2299   -2.529501E-07
 2300   -2.527302E-07
 2301   -2.578262E-07
 2302   -2.576023E-07
 2303   -2.573786E-07
 2304   -2.571552E-07
 2305   -2.569322E-07
 2306   -2.745508E-07
 2307   -2.743128E-07
 2308   -2.740751E-07
 2309   -2.738378E-07
 2310   -2.736007E-07
 2311   -2.717702E-07
 2312   -2.715352E-07
 2313   -2.713005E-07
 2314   -2.710660E-07
 2315   -2.708319E-07
 2316   -2.772478E-07
 2317   -2.770085E-07
 2318   -2.767696E-07
 2319   -2.765309E-07
 2320   -2.762926E-07
 2321   -2.765789E-07
 2322   -2.763407E-07
 2323   -2.761029E-07
 2324   -2.758653E-07
 2325   -2.756280E-07
 2326   -2.793030E-07
 2327   -2.790630E-07
 2328   -2.788233E-07
 2329   -2.785839E-07
 2330   -2.783448E-07
 2331   -2.842701E-07
 2332   -2.840264E-07
 2333   -2.837829E-07
 2334   -2.835398E-07
 2335   -2.832970E-07
 2336   -2.802757E-07
 2337   -2.800359E-07
 2338   -2.797964E-07
 2339   -2.795572E-07
 2340   -2.793183E-07
 2341   -2.888002E-07
 2342   -2.885536E-07
 2343   -2.883073E-07
 2344   -2.880614E-07
 2345   -2.878158E-07
 2346   -2.939265E-07
 2347   -2.936761E-07
 2348   -2.934260E-07
 2349   -2.931762E-07
 2350   -2.929267E-07
 2351   -3.025570E-07
 2352   -3.022998E-07
 2353   -3.020429E-07
 2354   -3.017864E-07
 2355   -3.015301E-07
 2356   -3.028534E-07
 2357   -3.025964E-07
 2358   -3.023398E-07
 2359   -3.020836E-07
 2360   -3.018276E-07
 2361   -3.064034E-07
 2362   -3.061440E-07
 2363   -3.058850E-07
 2364   -3.056262E-07
 2365   -3.053678E-07
 2366   -3.152979E-07
 2367   -3.150316E-07
 2368   -3.147656E-07
 2369   -3.144999E-07
 2370   -3.142345E-07
 2371   -3.143759E-07
 2372   -3.141109E-07
 2373   -3.138462E-07
 2374   -3.135819E-07
 2375   -3.133179E-07
 2376   -3.173354E-07
 2377   -3.170685E-07
 2378   -3.168018E-07
 2379   -3.165356E-07
 2380   -3.162696E-07
 2381   -3.191907E-07
 2382   -3.189228E-07
 2383   -3.186552E-07
 2384   -3.183879E-07
 2385   -3.181210E-07
 2386   -3.173862E-07
 2387   -3.171203E-07
 2388   -3.168547E-07
 2389   -3.165895E-07
 2390   -3.163247E-07
 2391   -3.293791E-07
 2392   -3.291038E-07
 2393   -3.288288E-07
 2394   -3.285541E-07
 2395   -3.282798E-07
 2396   -3.224694E-07
 2397   -3.222004E-07
 2398   -3.219317E-07
 2399   -3.216634E-07
 2400   -3.213954E-07
 2401   -3.326907E-07
 2402   -3.324137E-07
 2403   -3.321371E-07
 2404   -3.318609E-07
 2405   -3.315850E-07
 2406   -3.323391E-07
 2407   -3.320631E-07
 2408   -3.317873E-07
 2409   -3.315119E-07
 2410   -3.312369E-07
 2411   -3.376947E-07
 2412   -3.374147E-07
 2413   -3.371351E-07
 2414   -3.368559E-07
 2415   -3.365770E-07
 2416   -3.418063E-07
 2417   -3.415235E-07
 2418   -3.412411E-07
 2419   -3.409590E-07
 2420   -3.406773E-07
 2421   -3.374656E-07
 2422   -3.371870E-07
 2423   -3.369087E-07
 2424   -3.366308E-07
 2425   -3.363532E-07
 2426   -3.436409E-07
 2427   -3.433578E-07
 2428   -3.430750E-07
 2429   -3.427926E-07
 2430   -3.425105E-07
 2431   -3.373099E-07
 2432   -3.370325E-07
 2433   -3.367556E-07
 2434   -3.364789E-07
 2435   -3.362026E-07
 2436   -3.425409E-07
 2437   -3.422598E-07
 2438   -3.419791E-07
 2439   -3.416988E-07
 2440   -3.414187E-07
 2441   -3.445123E-07
 2442   -3.442302E-07
 2443   -3.439485E-07
 2444   -3.436671E-07
 2445   -3.433860E-07
 2446   -3.393746E-07
 2447   -3.390973E-07
 2448   -3.388203E-07
 2449   -3.385437E-07
 2450   -3.382674E-07
 2451   -3.463913E-07
 2452   -3.461088E-07
 2453   -3.458267E-07
 2454   -3.455449E-07
 2455   -3.452634E-07
 2456   -3.475004E-07
 2457   -3.472176E-07
 2458   -3.469351E-07
 2459   -3.466530E-07
 2460   -3.463712E-07
 2461   -3.497160E-07
 2462   -3.494319E-07
 2463   -3.491483E-07
 2464   -3.488649E-07
 2465   -3.485819E-07
 2466   -3.470232E-07
 2467   -3.467419E-07
 2468   -3.464610E-07
 2469   -3.461804E-07
 2470   -3.459001E-07
 2471   -3.420337E-07
 2472   -3.417570E-07
 2473   -3.414807E-07
 2474   -3.412047E-07
 2475   -3.409290E-07
 2476   -3.468974E-07
 2477   -3.466174E-07
 2478   -3.463377E-07
 2479   -3.460583E-07
 2480   -3.457793E-07
 2481   -3.406496E-07
 2482   -3.403751E-07
 2483   -3.401010E-07
 2484   -3.398272E-07
 2485   -3.395538E-07
 2486   -3.485735E-07
 2487   -3.482933E-07
 2488   -3.480133E-07
 2489   -3.477337E-07
 2490   -3.474545E-07
 2491   -3.459384E-07
 2492   -3.456608E-07
 2493   -3.453836E-07
 2494   -3.451066E-07
 2495   -3.448301E-07
 2496   -3.450176E-07
 2497   -3.447413E-07
 2498   -3.444654E-07
 2499   -3.441898E-07
 2500   -3.439145E-07
 2501   -3.436905E-07
 2502   -3.434158E-07
 2503   -3.431415E-07
 2504   -3.428674E-07
 2505   -3.425938E-07
 2506   -3.367424E-07
 2507   -3.364739E-07
 2508   -3.362056E-07
 2509   -3.359376E-07
 2510   -3.356700E-07
 2511   -3.483920E-07
 2512   -3.481147E-07
 2513   -3.478377E-07
 2514   -3.475610E-07
 2515   -3.472847E-07
 2516   -3.412710E-07
 2517   -3.409998E-07
 2518   -3.407290E-07
 2519   -3.404586E-07
 2520   -3.401884E-07
 2521   -3.430475E-07
 2522   -3.427755E-07
 2523   -3.425038E-07
 2524   -3.422325E-07
 2525   -3.419614E-07
 2526   -3.389469E-07
 2527   -3.386787E-07
 2528   -3.384108E-07
 2529   -3.381432E-07
 2530   -3.378760E-07
 2531   -3.381903E-07
 2532   -3.379232E-07
 2533   -3.376564E-07
 2534   -3.373900E-07
 2535   -3.371238E-07
 2536   -3.420316E-07
 2537   -3.417620E-07
 2538   -3.414928E-07
 2539   -3.412238E-07
 2540   -3.409552E-07
 2541   -3.374208E-07
 2542   -3.371554E-07
 2543   -3.368903E-07
 2544   -3.366255E-07
 2545   -3.363610E-07
 2546   -3.380091E-07
 2547   -3.377438E-07
 2548   -3.374787E-07
 2549   -3.372140E-07
 2550   -3.369495E-07
 2551   -3.256853E-07
 2552   -3.254301E-07
 2553   -3.251753E-07
 2554   -3.249207E-07
 2555   -3.246664E-07
 2556   -3.279981E-07
 2557   -3.277416E-07
 2558   -3.274854E-07
 2559   -3.272295E-07
 2560   -3.269739E-07
 2561   -3.263622E-07
 2562   -3.261075E-07
 2563   -3.258531E-07
 2564   -3.255990E-07
 2565   -3.253451E-07
 2566   -3.233827E-07
 2567   -3.231308E-07
 2568   -3.228792E-07
 2569   -3.226279E-07
 2570   -3.223769E-07
 2571   -3.284778E-07
 2572   -3.282224E-07
 2573   -3.279673E-07
 2574   -3.277125E-07
 2575   -3.274581E-07
 2576   -3.185091E-07
 2577   -3.182620E-07
 2578   -3.180151E-07
 2579   -3.177686E-07
 2580   -3.175223E-07
 2581   -3.228545E-07
 2582   -3.226045E-07
 2583   -3.223548E-07
 2584   -3.221053E-07
 2585   -3.218561E-07
 2586   -3.197555E-07
 2587   -3.195083E-07
 2588   -3.192615E-07
 2589   -3.190149E-07
 2590   -3.187686E-07
 2591   -3.160492E-07
 2592   -3.158053E-07
 2593   -3.155618E-07
 2594   -3.153186E-07
 2595   -3.150756E-07
 2596   -3.132213E-07
 2597   -3.129801E-07
 2598   -3.127392E-07
 2599   -3.124986E-07
 2600   -3.122582E-07
 2601   -3.002058E-07
 2602   -2.999751E-07
 2603   -2.997447E-07
 2604   -2.995145E-07
 2605   -2.992846E-07
 2606   -3.033926E-07
 2607   -3.031599E-07
 2608   -3.029274E-07
 2609   -3.026953E-07
 2610   -3.024634E-07
 2611   -2.950173E-07
 2612   -2.947915E-07
 2613   -2.945659E-07
 2614   -2.943406E-07
 2615   -2.941155E-07
 2616   -2.983046E-07
 2617   -2.980767E-07
 2618   -2.978490E-07
 2619   -2.976216E-07
 2620   -2.973944E-07
 2621   -2.892869E-07
 2622   -2.890662E-07
 2623   -2.888459E-07
 2624   -2.886258E-07
 2625   -2.884059E-07
 2626   -2.902597E-07
 2627   -2.900387E-07
 2628   -2.898180E-07
 2629   -2.895976E-07
 2630   -2.893774E-07
 2631   -2.939467E-07
 2632   -2.937234E-07
 2633   -2.935003E-07
 2634   -2.932775E-07
 2635   -2.930550E-07
 2636   -2.863990E-07
 2637   -2.861818E-07
 2638   -2.859649E-07
 2639   -2.857482E-07
 2640   -2.855317E-07
 2641   -2.839773E-07
 2642   -2.837624E-07
 2643   -2.835477E-07
 2644   -2.833333E-07
 2645   -2.831191E-07
 2646   -2.781110E-07
 2647   -2.779009E-07
 2648   -2.776911E-07
 2649   -2.774814E-07
 2650   -2.772721E-07
 2651   -2.697395E-07
 2652   -2.695361E-07
 2653   -2.693330E-07
 2654   -2.691301E-07
 2655   -2.689274E-07
 2656   -2.712756E-07
 2657   -2.710715E-07
 2658   -2.708676E-07
 2659   -2.706639E-07
 2660   -2.704604E-07
 2661   -2.588394E-07
 2662   -2.586450E-07
 2663   -2.584508E-07
 2664   -2.582568E-07
 2665   -2.580630E-07
 2666   -2.643115E-07
 2667   -2.641133E-07
 2668   -2.639153E-07
 2669   -2.637176E-07
 2670   -2.635201E-07
 2671   -2.587446E-07
 2672   -2.585510E-07
 2673   -2.583575E-07
 2674   -2.581643E-07
 2675   -2.579714E-07
 2676   -2.535366E-07
 2677   -2.533472E-07
 2678   -2.531580E-07
 2679   -2.529691E-07
 2680   -2.527803E-07
 2681   -2.577199E-07
 2682   -2.575278E-07
 2683   -2.573358E-07
 2684   -2.571441E-07
 2685   -2.569526E-07
 2686   -2.515131E-07
 2687   -2.513260E-07
 2688   -2.511390E-07
 2689   -2.509523E-07
 2690   -2.507657E-07
 2691   -2.527282E-07
 2692   -2.525405E-07
 2693   -2.523530E-07
 2694   -2.521656E-07
 2695   -2.519785E-07
 2696   -2.388070E-07
 2697   -2.386299E-07
 2698   -2.384531E-07
 2699   -2.382764E-07
 2700   -2.380999E-07
 2701   -2.356104E-07
 2702   -2.354360E-07
 2703   -2.352619E-07
 2704   -2.350879E-07
 2705   -2.349141E-07
 2706   -2.309714E-07
 2707   -2.308007E-07
 2708   -2.306303E-07
 2709   -2.304601E-07
 2710   -2.302900E-07
 2711   -2.262109E-07
 2712   -2.260441E-07
 2713   -2.258775E-07
 2714   -2.257111E-07
 2715   -2.255449E-07
 2716   -2.280131E-07
 2717   -2.278453E-07
 2718   -2.276776E-07
 2719   -2.275102E-07
 2720   -2.273429E-07
 2721   -2.173232E-07
 2722   -2.171636E-07
 2723   -2.170041E-07
 2724   -2.168448E-07
 2725   -2.166857E-07
 2726   -2.202203E-07
 2727   -2.200588E-07
 2728   -2.198975E-07
 2729   -2.197364E-07
 2730   -2.195754E-07
 2731   -2.183040E-07
 2732   -2.181442E-07
 2733   -2.179846E-07
 2734   -2.178252E-07
 2735   -2.176659E-07
 2736   -2.110123E-07
 2737   -2.108582E-07
 2738   -2.107042E-07
 2739   -2.105504E-07
 2740   -2.103967E-07
 2741   -2.126373E-07
 2742   -2.124822E-07
 2743   -2.123273E-07
 2744   -2.121726E-07
 2745   -2.120181E-07
 2746   -2.013712E-07
 2747   -2.012246E-07
 2748   -2.010782E-07
 2749   -2.009319E-07
 2750   -2.007858E-07
 2751   -1.981859E-07
 2752   -1.980419E-07
 2753   -1.978981E-07
 2754   -1.977544E-07
 2755   -1.976109E-07
 2756   -1.925733E-07
 2757   -1.924336E-07
 2758   -1.922941E-07
 2759   -1.921547E-07
 2760   -1.920155E-07
 2761   -1.879956E-07
 2762   -1.878595E-07
 2763   -1.877235E-07
 2764   -1.875877E-07
 2765   -1.874520E-07
 2766   -1.867446E-07
 2767   -1.866097E-07
 2768   -1.864749E-07
 2769   -1.863402E-07
 2770   -1.862057E-07
 2771   -1.795532E-07
 2772   -1.794237E-07
 2773   -1.792943E-07
 2774   -1.791651E-07
 2775   -1.790360E-07
 2776   -1.833489E-07
 2777   -1.832169E-07
 2778   -1.830850E-07
 2779   -1.829532E-07
 2780   -1.828216E-07
 2781   -1.766591E-07
 2782   -1.765321E-07
 2783   -1.764053E-07
 2784   -1.762786E-07
 2785   -1.761520E-07
 2786   -1.768733E-07
 2787   -1.767464E-07
 2788   -1.766196E-07
 2789   -1.764930E-07
 2790   -1.763665E-07
 2791   -1.735968E-07
 2792   -1.734724E-07
 2793   -1.733483E-07
 2794   -1.732242E-07
 2795   -1.731003E-07
 2796   -1.670153E-07
 2797   -1.668959E-07
 2798   -1.667766E-07
 2799   -1.666574E-07
 2800   -1.665384E-07
 2801   -1.621554E-07
 2802   -1.620396E-07
 2803   -1.619240E-07
 2804   -1.618086E-07
 2805   -1.616932E-07
 2806   -1.540159E-07
 2807   -1.539062E-07
 2808   -1.537966E-07
 2809   -1.536871E-07
 2810   -1.535777E-07
 2811   -1.520537E-07
 2812   -1.519455E-07
 2813   -1.518375E-07
 2814   -1.517296E-07
 2815   -1.516219E-07
 2816   -1.514217E-07
 2817   -1.513142E-07
 2818   -1.512068E-07
 2819   -1.510996E-07
 2820   -1.509924E-07
 2821   -1.485492E-07
 2822   -1.484439E-07
 2823   -1.483388E-07
 2824   -1.482337E-07
 2825   -1.481288E-07
 2826   -1.471729E-07
 2827   -1.470688E-07
 2828   -1.469648E-07
 2829   -1.468609E-07
 2830   -1.467572E-07
 2831   -1.445417E-07
 2832   -1.444396E-07
 2833   -1.443377E-07
 2834   -1.442358E-07
 2835   -1.441341E-07
 2836   -1.439425E-07
 2837   -1.438410E-07
 2838   -1.437397E-07
 2839   -1.436384E-07
 2840   -1.435373E-07
 2841   -1.396299E-07
 2842   -1.395316E-07
 2843   -1.394335E-07
 2844   -1.393355E-07
 2845   -1.392375E-07
 2846   -1.348753E-07
 2847   -1.347806E-07
 2848   -1.346859E-07
 2849   -1.345914E-07
 2850   -1.344970E-07
 2851   -1.293269E-07
 2852   -1.292363E-07
 2853   -1.291457E-07
 2854   -1.290552E-07
 2855   -1.289648E-07
 2856   -1.247352E-07
 2857   -1.246479E-07
 2858   -1.245607E-07
 2859   -1.244736E-07
 2860   -1.243865E-07
 2861   -1.226600E-07
 2862   -1.225743E-07
 2863   -1.224887E-07
 2864   -1.224032E-07
 2865   -1.223178E-07
 2866   -1.197540E-07
 2867   -1.196705E-07
 2868   -1.195870E-07
 2869   -1.195037E-07
 2870   -1.194204E-07
 2871   -1.177799E-07
 2872   -1.176979E-07
 2873   -1.176160E-07
 2874   -1.175342E-07
 2875   -1.174524E-07
 2876   -1.145791E-07
 2877   -1.144995E-07
 2878   -1.144199E-07
 2879   -1.143405E-07
 2880   -1.142611E-07
 2881   -1.137515E-07
 2882   -1.136726E-07
 2883   -1.135937E-07
 2884   -1.135150E-07
 2885   -1.134363E-07
 2886   -1.120202E-07
 2887   -1.119426E-07
 2888   -1.118651E-07
 2889   -1.117877E-07
 2890   -1.117104E-07
 2891   -1.096484E-07
 2892   -1.095726E-07
 2893   -1.094969E-07
 2894   -1.094212E-07
 2895   -1.093456E-07
 2896   -1.068650E-07
 2897   -1.067912E-07
 2898   -1.067175E-07
 2899   -1.066439E-07
 2900   -1.065704E-07
 2901   -1.007705E-07
 2902   -1.007011E-07
 2903   -1.006317E-07
 2904   -1.005625E-07
 2905   -1.004932E-07
 2906   -9.766158E-08
 2907   -9.759440E-08
 2908   -9.752729E-08
 2909   -9.746025E-08
 2910   -9.739328E-08
 2911   -9.278048E-08
 2912   -9.271676E-08
 2913   -9.265312E-08
 2914   -9.258954E-08
 2915   -9.252602E-08
 2916   -9.111598E-08
 2917   -9.105352E-08
 2918   -9.099112E-08
 2919   -9.092879E-08
 2920   -9.086652E-08
 2921   -9.157157E-08
 2922   -9.150891E-08
 2923   -9.144631E-08
 2924   -9.138377E-08
 2925   -9.132129E-08
 2926   -8.811050E-08
 2927   -8.805031E-08
 2928   -8.799017E-08
 2929   -8.793010E-08
 2930   -8.787009E-08
 2931   -8.868564E-08
 2932   -8.862516E-08
 2933   -8.856473E-08
 2934   -8.850437E-08
 2935   -8.844407E-08
 2936   -8.616154E-08
 2937   -8.610287E-08
 2938   -8.604427E-08
 2939   -8.598573E-08
 2940   -8.592724E-08
 2941   -8.321644E-08
 2942   -8.315987E-08
 2943   -8.310337E-08
 2944   -8.304692E-08
 2945   -8.299053E-08
 2946   -8.145738E-08
 2947   -8.140210E-08
 2948   -8.134689E-08
 2949   -8.129173E-08
 2950   -8.123662E-08
 2951   -7.506460E-08
 2952   -7.501375E-08
 2953   -7.496296E-08
 2954   -7.491221E-08
 2955   -7.486152E-08
 2956   -7.317597E-08
 2957   -7.312648E-08
 2958   -7.307705E-08
 2959   -7.302766E-08
 2960   -7.297833E-08
 2961   -7.037313E-08
 2962   -7.032562E-08
 2963   -7.027816E-08
 2964   -7.023075E-08
 2965   -7.018338E-08
 2966   -6.910570E-08
 2967   -6.905913E-08
 2968   -6.901260E-08
 2969   -6.896612E-08
 2970   -6.891969E-08
 2971   -6.858086E-08
 2972   -6.853471E-08
 2973   -6.848862E-08
 2974   -6.844257E-08
 2975   -6.839656E-08
 2976   -6.548145E-08
 2977   -6.543746E-08
 2978   -6.539352E-08
 2979   -6.534963E-08
 2980   -6.530578E-08
 2981   -6.658464E-08
 2982   -6.653999E-08
 2983   -6.649538E-08
 2984   -6.645082E-08
 2985   -6.640630E-08
 2986   -6.417311E-08
 2987   -6.413015E-08
 2988   -6.408723E-08
 2989   -6.404436E-08
 2990   -6.400152E-08
 2991   -6.325961E-08
 2992   -6.321733E-08
 2993   -6.317509E-08
 2994   -6.313290E-08
 2995   -6.309074E-08
 2996   -6.013561E-08
 2997   -6.009549E-08
 2998   -6.005541E-08
 2999   -6.001536E-08
 3000   -5.997536E-08
 3001   -5.645238E-08
 3002   -5.641478E-08
 3003   -5.637721E-08
 3004   -5.633968E-08
 3005   -5.630219E-08
 3006   -5.521967E-08
 3007   -5.518295E-08
 3008   -5.514627E-08
 3009   -5.510962E-08
 3010   -5.507301E-08
 3011   -5.227255E-08
 3012   -5.223785E-08
 3013   -5.220318E-08
 3014   -5.216854E-08
 3015   -5.213394E-08
 3016   -5.092148E-08
 3017   -5.088773E-08
 3018   -5.085401E-08
 3019   -5.082033E-08
 3020   -5.078668E-08
 3021   -5.000921E-08
 3022   -4.997612E-08
 3023   -4.994306E-08
 3024   -4.991004E-08
 3025   -4.987704E-08
 3026   -4.844982E-08
 3027   -4.841782E-08
 3028   -4.838584E-08
 3029   -4.835390E-08
 3030   -4.832199E-08
 3031   -4.952883E-08
 3032   -4.949616E-08
 3033   -4.946353E-08
 3034   -4.943093E-08
 3035   -4.939836E-08
 3036   -4.801548E-08
 3037   -4.798387E-08
 3038   -4.795228E-08
 3039   -4.792073E-08
 3040   -4.788921E-08
 3041   -4.735353E-08
 3042   -4.732241E-08
 3043   -4.729131E-08
 3044   -4.726024E-08
 3045   -4.722921E-08
 3046   -4.516392E-08
 3047   -4.513428E-08
 3048   -4.510467E-08
 3049   -4.507509E-08
 3050   -4.504553E-08
 3051   -4.349467E-08
 3052   -4.346617E-08
 3053   -4.343770E-08
 3054   -4.340926E-08
 3055   -4.338085E-08
 3056   -4.195592E-08
 3057   -4.192848E-08
 3058   -4.190106E-08
 3059   -4.187367E-08
 3060   -4.184631E-08
 3061   -3.974785E-08
 3062   -3.972189E-08
 3063   -3.969596E-08
 3064   -3.967005E-08
 3065   -3.964417E-08
 3066   -3.952547E-08
 3067   -3.949970E-08
 3068   -3.947395E-08
 3069   -3.944823E-08
 3070   -3.942254E-08
 3071   -3.840600E-08
 3072   -3.838100E-08
 3073   -3.835602E-08
 3074   -3.833107E-08
 3075   -3.830614E-08
 3076   -3.787340E-08
 3077   -3.784878E-08
 3078   -3.782420E-08
 3079   -3.779963E-08
 3080   -3.777509E-08
 3081   -3.560182E-08
 3082   -3.557872E-08
 3083   -3.555565E-08
 3084   -3.553259E-08
 3085   -3.550956E-08
 3086   -3.312307E-08
 3087   -3.310161E-08
 3088   -3.308018E-08
 3089   -3.305876E-08
 3090   -3.303737E-08
 3091   -2.945015E-08
 3092   -2.943110E-08
 3093   -2.941208E-08
 3094   -2.939307E-08
 3095   -2.937408E-08
 3096   -2.335727E-08
 3097   -2.334219E-08
 3098   -2.332712E-08
 3099   -2.331207E-08
 3100   -2.329703E-08
 3101   -1.724647E-08
 3102   -1.723535E-08
 3103   -1.722424E-08
 3104   -1.721315E-08
 3105   -1.720206E-08
 3106   -1.122293E-08
 3107   -1.121571E-08
 3108   -1.120849E-08
 3109   -1.120128E-08
 3110   -1.119408E-08
 3111   -7.519223E-09
 3112   -7.514391E-09
 3113   -7.509564E-09
 3114   -7.504742E-09
 3115   -7.499924E-09
 3116   -4.975333E-09
 3117   -4.972141E-09
 3118   -4.968953E-09
 3119   -4.965767E-09
 3120   -4.962584E-09
 3121   -3.535854E-09
 3122   -3.533590E-09
 3123   -3.531327E-09
 3124   -3.529067E-09
 3125   -3.526808E-09
 3126   -2.758608E-09
 3127   -2.756844E-09
 3128   -2.755081E-09
 3129   -2.753321E-09
 3130   -2.751562E-09
 3131   -2.230915E-09
 3132   -2.229491E-09
 3133   -2.228068E-09
 3134   -2.226646E-09
 3135   -2.225226E-09
 3136   -1.951389E-09
 3137   -1.950145E-09
 3138   -1.948902E-09
 3139   -1.947660E-09
 3140   -1.946420E-09
 3141   -1.648355E-09
 3142   -1.647306E-09
 3143   -1.646258E-09
 3144   -1.645211E-09
 3145   -1.644165E-09
 3146   -1.429410E-09
 3147   -1.428502E-09
 3148   -1.427594E-09
 3149   -1.426688E-09
 3150   -1.425782E-09
 3151   -1.279513E-09
 3152   -1.278701E-09
 3153   -1.277890E-09
 3154   -1.277080E-09
 3155   -1.276270E-09
 3156   -1.107449E-09
 3157   -1.106748E-09
 3158   -1.106047E-09
 3159   -1.105347E-09
 3160   -1.104648E-09
 3161   -1.006393E-09
 3162   -1.005757E-09
 3163   -1.005121E-09
 3164   -1.004486E-09
 3165   -1.003851E-09
 3166   -9.208677E-10
 3167   -9.202863E-10
 3168   -9.197054E-10
 3169   -9.191251E-10
 3170   -9.185453E-10
 3171   -8.647934E-10
 3172   -8.642483E-10
 3173   -8.637036E-10
 3174   -8.631594E-10
 3175   -8.626158E-10
 3176   -8.068684E-10
 3177   -8.063606E-10
 3178   -8.058532E-10
 3179   -8.053463E-10
 3180   -8.048398E-10
 3181   -7.218670E-10
 3182   -7.214133E-10
 3183   -7.209601E-10
 3184   -7.205073E-10
 3185   -7.200549E-10
 3186   -6.791645E-10
 3187   -6.787384E-10
 3188   -6.783127E-10
 3189   -6.778873E-10
 3190   -6.774624E-10
 3191   -6.086007E-10
 3192   -6.082195E-10
 3193   -6.078385E-10
 3194   -6.074580E-10
 3195   -6.070778E-10
 3196   -5.815536E-10
 3197   -5.811898E-10
 3198   -5.808264E-10
 3199   -5.804633E-10
 3200   -5.801006E-10
 3201   -5.393663E-10
 3202   -5.390294E-10
 3203   -5.386929E-10
 3204   -5.383567E-10
 3205   -5.380208E-10
 3206   -4.992756E-10
 3207   -4.989642E-10
 3208   -4.986532E-10
 3209   -4.983425E-10
 3210   -4.980320E-10
 3211   -4.799248E-10
 3212   -4.796260E-10
 3213   -4.793275E-10
 3214   -4.790293E-10
 3215   -4.787313E-10
 3216   -4.452808E-10
 3217   -4.450040E-10
 3218   -4.447275E-10
 3219   -4.444512E-10
 3220   -4.441752E-10
 3221   -4.274589E-10
 3222   -4.271936E-10
 3223   -4.269285E-10
 3224   -4.266637E-10
 3225   -4.263992E-10
 3226   -4.075217E-10
 3227   -4.072692E-10
 3228   -4.070169E-10
 3229   -4.067648E-10
 3230   -4.065130E-10
 3231   -3.781164E-10
 3232   -3.778825E-10
 3233   -3.776487E-10
 3234   -3.774152E-10
 3235   -3.771819E-10
 3236   -3.736997E-10
 3237   -3.734688E-10
 3238   -3.732382E-10
 3239   -3.730078E-10
 3240   -3.727775E-10
 3241   -3.451255E-10
 3242   -3.449126E-10
 3243   -3.446999E-10
 3244   -3.444874E-10
 3245   -3.442752E-10
 3246   -3.386599E-10
 3247   -3.384513E-10
 3248   -3.382429E-10
 3249   -3.380348E-10
 3250   -3.378268E-10
 3251   -3.210581E-10
 3252   -3.208607E-10
 3253   -3.206635E-10
 3254   -3.204664E-10
 3255   -3.202695E-10
 3256   -3.041724E-10
 3257   -3.039857E-10
 3258   -3.037991E-10
 3259   -3.036127E-10
 3260   -3.034265E-10
 3261   -2.987204E-10
 3262   -2.985373E-10
 3263   -2.983543E-10
 3264   -2.981715E-10
 3265   -2.979889E-10
 3266   -2.762245E-10
 3267   -2.760554E-10
 3268   -2.758865E-10
 3269   -2.757177E-10
 3270   -2.755491E-10
 3271   -2.736929E-10
 3272   -2.735256E-10
 3273   -2.733585E-10
 3274   -2.731915E-10
 3275   -2.730247E-10
 3276   -2.589773E-10
 3277   -2.588193E-10
 3278   -2.586614E-10
 3279   -2.585037E-10
 3280   -2.583461E-10
 3281   -2.508848E-10
 3282   -2.507319E-10
 3283   -2.505792E-10
 3284   -2.504266E-10
 3285   -2.502742E-10
 3286   -2.424804E-10
 3287   -2.423329E-10
 3288   -2.421855E-10
 3289   -2.420383E-10
 3290   -2.418912E-10
 3291   -2.266319E-10
 3292   -2.264942E-10
 3293   -2.263567E-10
 3294   -2.262192E-10
 3295   -2.260820E-10
 3296   -2.265832E-10
 3297   -2.264458E-10
 3298   -2.263085E-10
 3299   -2.261713E-10
 3300   -2.260343E-10
