   50    4.168747E-14
   51    3.079381E-14
   52    2.962093E-14
   53    2.851380E-14
   54    2.746759E-14
   55    2.647793E-14
   56    1.396128E-14
   57    1.347575E-14
   58    1.301511E-14
   59    1.257769E-14
   60    1.216195E-14
   61    7.178751E-15
   62    6.949060E-15
   63    6.730220E-15
   64    6.521556E-15
   65    6.322448E-15
   66    1.841444E-14
   67    1.786889E-14
   68    1.734722E-14
   69    1.684807E-14
   70    1.637016E-14
   71    1.266139E-14
   72    1.231215E-14
   73    1.197715E-14
   74    1.165565E-14
   75    1.134692E-14
   76    1.876537E-14
   77    1.828114E-14
   78    1.781542E-14
   79    1.736727E-14
   80    1.693582E-14
   81    2.765488E-14
   82    2.698451E-14
   83    2.633822E-14
   84    2.571487E-14
   85    2.511340E-14
   86    2.089497E-14
   87    2.041740E-14
   88    1.995602E-14
   89    1.951010E-14
   90    1.907897E-14
   91    2.143727E-14
   92    2.097379E-14
   93    2.052518E-14
   94    2.009081E-14
   95    1.967008E-14
   96    1.505992E-14
   97    1.475101E-14
   98    1.445152E-14
   99    1.416105E-14
  100    1.387925E-14
  101    5.716216E-15
  102    5.604686E-15
  103    5.496388E-15
  104    5.391199E-15
  105    5.289000E-15
  106    4.041529E-15
  107    3.966341E-15
  108    3.893232E-15
  109    3.822126E-15
  110    3.752950E-15
  111    9.613511E-15
  112    9.442611E-15
  113    9.276228E-15
  114    9.114204E-15
  115    8.956388E-15
  116    1.344902E-14
  117    1.322011E-14
  118    1.299700E-14
  119    1.277948E-14
  120    1.256738E-14
  121    2.344298E-14
  122    2.306025E-14
  123    2.268682E-14
  124    2.232238E-14
  125    2.196666E-14
  126    3.057378E-14
  127    3.009421E-14
  128    2.962583E-14
  129    2.916830E-14
  130    2.872129E-14
  131    2.703156E-14
  132    2.662354E-14
  133    2.622470E-14
  134    2.583475E-14
  135    2.545344E-14
  136    1.940433E-14
  137    1.912209E-14
  138    1.884597E-14
  139    1.857578E-14
  140    1.831136E-14
  141    1.086481E-14
  142    1.071233E-14
  143    1.056303E-14
  144    1.041683E-14
  145    1.027365E-14
  146    9.629498E-15
  147    9.498932E-15
  148    9.371003E-15
  149    9.245641E-15
  150    9.122778E-15
  151    1.533491E-14
  152    1.513380E-14
  153    1.493662E-14
  154    1.474327E-14
  155    1.455365E-14
  156    1.633251E-14
  157    1.612512E-14
  158    1.592165E-14
  159    1.572201E-14
  160    1.552610E-14
  161    3.905586E-14
  162    3.857518E-14
  163    3.810332E-14
  164    3.764007E-14
  165    3.718521E-14
  166    3.265912E-14
  167    3.226917E-14
  168    3.188616E-14
  169    3.150993E-14
  170    3.114031E-14
  171    3.821356E-14
  172    3.777051E-14
  173    3.733512E-14
  174    3.690722E-14
  175    3.648663E-14
  176    5.172769E-14
  177    5.114485E-14
  178    5.057181E-14
  179    5.000835E-14
  180    4.945425E-14
  181    2.972637E-14
  182    2.940061E-14
  183    2.908017E-14
  184    2.876494E-14
  185    2.845481E-14
  186    3.329642E-14
  187    3.294126E-14
  188    3.259176E-14
  189    3.224779E-14
  190    3.190923E-14
  191    2.787680E-14
  192    2.758718E-14
  193    2.730204E-14
  194    2.702130E-14
  195    2.674488E-14
  196    2.991020E-14
  197    2.960732E-14
  198    2.930901E-14
  199    2.901519E-14
  200    2.872577E-14
  201    2.833995E-14
  202    2.806005E-14
  203    2.778428E-14
  204    2.751255E-14
  205    2.724480E-14
  206    1.246969E-14
  207    1.234950E-14
  208    1.223104E-14
  209    1.211428E-14
  210    1.199918E-14
  211    1.357389E-15
  212    1.344613E-15
  213    1.332018E-15
  214    1.319598E-15
  215    1.307351E-15
  216    0.000000E+00
  217    0.000000E+00
  218    0.000000E+00
  219    0.000000E+00
  220    0.000000E+00
  221    0.000000E+00
  222    0.000000E+00
  223    0.000000E+00
  224    0.000000E+00
  225    0.000000E+00
  226    6.165404E-16
  227    6.111203E-16
  228    6.057714E-16
  229    6.004924E-16
  230    5.952821E-16
  231    0.000000E+00
  232    0.000000E+00
  233    0.000000E+00
  234    0.000000E+00
  235    0.000000E+00
  236    0.000000E+00
  237    0.000000E+00
  238    0.000000E+00
  239    0.000000E+00
  240    0.000000E+00
  241    0.000000E+00
  242    0.000000E+00
  243    0.000000E+00
  244    0.000000E+00
  245    0.000000E+00
  246    2.407051E-14
  247    2.387600E-14
  248    2.368384E-14
  249    2.349400E-14
  250    2.330642E-14
  251    2.708781E-13
  252    2.687325E-13
  253    2.666124E-13
  254    2.645172E-13
  255    2.624466E-13
  256    4.154333E-13
  257    4.122067E-13
  258    4.090175E-13
  259    4.058652E-13
  260    4.027491E-13
  261    8.186185E-13
  262    8.123815E-13
  263    8.062154E-13
  264    8.001193E-13
  265    7.940921E-13
  266    7.130659E-13
  267    7.077346E-13
  268    7.024629E-13
  269    6.972498E-13
  270    6.920946E-13
  271    1.466626E-12
  272    1.455862E-12
  273    1.445216E-12
  274    1.434686E-12
  275    1.424271E-12
  276    2.971575E-12
  277    2.950158E-12
  278    2.928972E-12
  279    2.908014E-12
  280    2.887279E-12
  281    1.333238E-11
  282    1.323799E-11
  283    1.314460E-11
  284    1.305220E-11
  285    1.296076E-11
  286    2.422622E-11
  287    2.405769E-11
  288    2.389091E-11
  289    2.372586E-11
  290    2.356252E-11
  291    3.976039E-11
  292    3.948853E-11
  293    3.921944E-11
  294    3.895310E-11
  295    3.868945E-11
  296    5.727598E-11
  297    5.689093E-11
  298    5.650975E-11
  299    5.613240E-11
  300    5.575880E-11
  301    6.730249E-11
  302    6.685752E-11
  303    6.641695E-11
  304    6.598071E-11
  305    6.554876E-11
  306    1.033923E-10
  307    1.027199E-10
  308    1.020539E-10
  309    1.013945E-10
  310    1.007413E-10
  311    1.016018E-10
  312    1.009515E-10
  313    1.003075E-10
  314    9.966962E-11
  315    9.903780E-11
  316    1.330584E-10
  317    1.322202E-10
  318    1.313900E-10
  319    1.305675E-10
  320    1.297527E-10
  321    1.605665E-10
  322    1.595707E-10
  323    1.585842E-10
  324    1.576068E-10
  325    1.566384E-10
  326    1.532664E-10
  327    1.523304E-10
  328    1.514030E-10
  329    1.504840E-10
  330    1.495734E-10
  331    2.036256E-10
  332    2.024008E-10
  333    2.011870E-10
  334    1.999841E-10
  335    1.987919E-10
  336    1.886269E-10
  337    1.875091E-10
  338    1.864012E-10
  339    1.853031E-10
  340    1.842147E-10
  341    2.508456E-10
  342    2.493808E-10
  343    2.479288E-10
  344    2.464895E-10
  345    2.450626E-10
  346    2.613352E-10
  347    2.598311E-10
  348    2.583400E-10
  349    2.568616E-10
  350    2.553959E-10
  351    2.585306E-10
  352    2.570637E-10
  353    2.556093E-10
  354    2.541673E-10
  355    2.527374E-10
  356    3.240081E-10
  357    3.221954E-10
  358    3.203980E-10
  359    3.186155E-10
  360    3.168479E-10
  361    3.038611E-10
  362    3.021846E-10
  363    3.005220E-10
  364    2.988731E-10
  365    2.972376E-10
  366    3.588614E-10
  367    3.569084E-10
  368    3.549713E-10
  369    3.530500E-10
  370    3.511442E-10
  371    3.522195E-10
  372    3.503284E-10
  373    3.484525E-10
  374    3.465916E-10
  375    3.447456E-10
  376    3.890261E-10
  377    3.869651E-10
  378    3.849203E-10
  379    3.828918E-10
  380    3.808792E-10
  381    4.325416E-10
  382    4.302799E-10
  383    4.280360E-10
  384    4.258095E-10
  385    4.236004E-10
  386    4.012647E-10
  387    3.991937E-10
  388    3.971386E-10
  389    3.950994E-10
  390    3.930759E-10
  391    4.749691E-10
  392    4.725488E-10
  393    4.701471E-10
  394    4.677636E-10
  395    4.653981E-10
  396    4.483861E-10
  397    4.461301E-10
  398    4.438910E-10
  399    4.416688E-10
  400    4.394632E-10
  401    5.126890E-10
  402    5.101415E-10
  403    5.076129E-10
  404    5.051031E-10
  405    5.026118E-10
  406    5.248537E-10
  407    5.222777E-10
  408    5.197207E-10
  409    5.171824E-10
  410    5.146626E-10
  411    5.211117E-10
  412    5.185851E-10
  413    5.160768E-10
  414    5.135867E-10
  415    5.111146E-10
  416    5.547529E-10
  417    5.520954E-10
  418    5.494570E-10
  419    5.468374E-10
  420    5.442365E-10
  421    5.745557E-10
  422    5.718359E-10
  423    5.691354E-10
  424    5.664539E-10
  425    5.637914E-10
  426    6.130980E-10
  427    6.102297E-10
  428    6.073815E-10
  429    6.045532E-10
  430    6.017446E-10
  431    6.426875E-10
  432    6.397155E-10
  433    6.367641E-10
  434    6.338331E-10
  435    6.309223E-10
  436    6.798946E-10
  437    6.767865E-10
  438    6.736997E-10
  439    6.706340E-10
  440    6.675891E-10
  441    6.690487E-10
  442    6.660248E-10
  443    6.630213E-10
  444    6.600381E-10
  445    6.570749E-10
  446    7.183913E-10
  447    7.151806E-10
  448    7.119914E-10
  449    7.088235E-10
  450    7.056766E-10
  451    7.354640E-10
  452    7.322134E-10
  453    7.289842E-10
  454    7.257764E-10
  455    7.225897E-10
  456    7.895635E-10
  457    7.861119E-10
  458    7.826829E-10
  459    7.792762E-10
  460    7.758917E-10
  461    8.070379E-10
  462    8.035480E-10
  463    8.000807E-10
  464    7.966358E-10
  465    7.932131E-10
  466    7.583393E-10
  467    7.550951E-10
  468    7.518716E-10
  469    7.486688E-10
  470    7.454863E-10
  471    9.090036E-10
  472    9.051560E-10
  473    9.013327E-10
  474    8.975336E-10
  475    8.937585E-10
  476    8.775163E-10
  477    8.738409E-10
  478    8.701885E-10
  479    8.665589E-10
  480    8.629520E-10
  481    9.913790E-10
  482    9.872697E-10
  483    9.831859E-10
  484    9.791273E-10
  485    9.750939E-10
  486    9.434073E-10
  487    9.395369E-10
  488    9.356903E-10
  489    9.318673E-10
  490    9.280676E-10
  491    9.246891E-10
  492    9.209340E-10
  493    9.172018E-10
  494    9.134922E-10
  495    9.098050E-10
  496    1.068555E-09
  497    1.064259E-09
  498    1.059989E-09
  499    1.055745E-09
  500    1.051526E-09
  501    9.862546E-10
  502    9.823292E-10
  503    9.784272E-10
  504    9.745485E-10
  505    9.706927E-10
  506    1.120140E-09
  507    1.115726E-09
  508    1.111337E-09
  509    1.106975E-09
  510    1.102638E-09
  511    1.091260E-09
  512    1.087002E-09
  513    1.082768E-09
  514    1.078559E-09
  515    1.074374E-09
  516    1.107555E-09
  517    1.103275E-09
  518    1.099019E-09
  519    1.094788E-09
  520    1.090581E-09
  521    1.213400E-09
  522    1.208756E-09
  523    1.204138E-09
  524    1.199546E-09
  525    1.194981E-09
  526    1.044817E-09
  527    1.040855E-09
  528    1.036916E-09
  529    1.033000E-09
  530    1.029105E-09
  531    1.247212E-09
  532    1.242527E-09
  533    1.237869E-09
  534    1.233237E-09
  535    1.228631E-09
  536    1.168548E-09
  537    1.164200E-09
  538    1.159876E-09
  539    1.155576E-09
  540    1.151300E-09
  541    1.285895E-09
  542    1.281154E-09
  543    1.276440E-09
  544    1.271751E-09
  545    1.267089E-09
  546    1.269791E-09
  547    1.265153E-09
  548    1.260539E-09
  549    1.255952E-09
  550    1.251389E-09
  551    1.184278E-09
  552    1.179991E-09
  553    1.175728E-09
  554    1.171487E-09
  555    1.167269E-09
  556    1.374458E-09
  557    1.369527E-09
  558    1.364623E-09
  559    1.359745E-09
  560    1.354893E-09
  561    1.253880E-09
  562    1.249422E-09
  563    1.244988E-09
  564    1.240577E-09
  565    1.236189E-09
  566    1.397135E-09
  567    1.392211E-09
  568    1.387313E-09
  569    1.382441E-09
  570    1.377595E-09
  571    1.313070E-09
  572    1.308483E-09
  573    1.303920E-09
  574    1.299380E-09
  575    1.294865E-09
  576    1.417146E-09
  577    1.412238E-09
  578    1.407355E-09
  579    1.402498E-09
  580    1.397666E-09
  581    1.434902E-09
  582    1.429976E-09
  583    1.425074E-09
  584    1.420198E-09
  585    1.415347E-09
  586    1.402877E-09
  587    1.398101E-09
  588    1.393350E-09
  589    1.388623E-09
  590    1.383920E-09
  591    1.537367E-09
  592    1.532178E-09
  593    1.527014E-09
  594    1.521877E-09
  595    1.516766E-09
  596    1.513436E-09
  597    1.508370E-09
  598    1.503330E-09
  599    1.498314E-09
  600    1.493324E-09
  601    1.623955E-09
  602    1.618564E-09
  603    1.613200E-09
  604    1.607863E-09
  605    1.602552E-09
  606    1.594432E-09
  607    1.589182E-09
  608    1.583959E-09
  609    1.578762E-09
  610    1.573590E-09
  611    1.555467E-09
  612    1.550388E-09
  613    1.545333E-09
  614    1.540304E-09
  615    1.535299E-09
  616    1.778316E-09
  617    1.772556E-09
  618    1.766824E-09
  619    1.761120E-09
  620    1.755444E-09
  621    1.671276E-09
  622    1.665907E-09
  623    1.660563E-09
  624    1.655245E-09
  625    1.649952E-09
  626    1.830509E-09
  627    1.824675E-09
  628    1.818869E-09
  629    1.813090E-09
  630    1.807339E-09
  631    1.752539E-09
  632    1.746998E-09
  633    1.741482E-09
  634    1.735993E-09
  635    1.730530E-09
  636    1.824296E-09
  637    1.818573E-09
  638    1.812877E-09
  639    1.807207E-09
  640    1.801564E-09
  641    1.987450E-09
  642    1.981263E-09
  643    1.975106E-09
  644    1.968976E-09
  645    1.962876E-09
  646    1.866174E-09
  647    1.860410E-09
  648    1.854672E-09
  649    1.848961E-09
  650    1.843276E-09
  651    2.090732E-09
  652    2.084324E-09
  653    2.077945E-09
  654    2.071595E-09
  655    2.065275E-09
  656    2.035259E-09
  657    2.029068E-09
  658    2.022906E-09
  659    2.016771E-09
  660    2.010664E-09
  661    2.132028E-09
  662    2.125591E-09
  663    2.119184E-09
  664    2.112806E-09
  665    2.106456E-09
  666    2.210213E-09
  667    2.203590E-09
  668    2.196998E-09
  669    2.190435E-09
  670    2.183901E-09
  671    2.123338E-09
  672    2.117023E-09
  673    2.110737E-09
  674    2.104478E-09
  675    2.098247E-09
  676    2.431536E-09
  677    2.424358E-09
  678    2.417212E-09
  679    2.410097E-09
  680    2.403014E-09
  681    2.306075E-09
  682    2.299317E-09
  683    2.292589E-09
  684    2.285890E-09
  685    2.279221E-09
  686    2.577976E-09
  687    2.570477E-09
  688    2.563010E-09
  689    2.555575E-09
  690    2.548173E-09
  691    2.561275E-09
  692    2.553878E-09
  693    2.546513E-09
  694    2.539179E-09
  695    2.531878E-09
  696    2.601075E-09
  697    2.593617E-09
  698    2.586191E-09
  699    2.578796E-09
  700    2.571434E-09
  701    2.854571E-09
  702    2.846444E-09
  703    2.838352E-09
  704    2.830294E-09
  705    2.822271E-09
  706    2.671474E-09
  707    2.663922E-09
  708    2.656402E-09
  709    2.648914E-09
  710    2.641458E-09
  711    3.007575E-09
  712    2.999133E-09
  713    2.990726E-09
  714    2.982354E-09
  715    2.974018E-09
  716    2.983237E-09
  717    2.974922E-09
  718    2.966641E-09
  719    2.958395E-09
  720    2.950183E-09
  721    3.226593E-09
  722    3.217661E-09
  723    3.208767E-09
  724    3.199909E-09
  725    3.191088E-09
  726    3.287302E-09
  727    3.278265E-09
  728    3.269265E-09
  729    3.260302E-09
  730    3.251375E-09
  731    3.229434E-09
  732    3.220616E-09
  733    3.211835E-09
  734    3.203089E-09
  735    3.194379E-09
  736    3.510204E-09
  737    3.500685E-09
  738    3.491205E-09
  739    3.481762E-09
  740    3.472359E-09
  741    3.549937E-09
  742    3.540375E-09
  743    3.530851E-09
  744    3.521366E-09
  745    3.511919E-09
  746    3.798910E-09
  747    3.788746E-09
  748    3.778622E-09
  749    3.768539E-09
  750    3.758496E-09
  751    3.931695E-09
  752    3.921245E-09
  753    3.910837E-09
  754    3.900470E-09
  755    3.890145E-09
  756    3.779217E-09
  757    3.769238E-09
  758    3.759300E-09
  759    3.749400E-09
  760    3.739540E-09
  761    4.450308E-09
  762    4.438635E-09
  763    4.427008E-09
  764    4.415427E-09
  765    4.403891E-09
  766    4.259980E-09
  767    4.248879E-09
  768    4.237822E-09
  769    4.226807E-09
  770    4.215836E-09
  771    4.492237E-09
  772    4.480606E-09
  773    4.469021E-09
  774    4.457481E-09
  775    4.445985E-09
  776    4.625183E-09
  777    4.613286E-09
  778    4.601434E-09
  779    4.589628E-09
  780    4.577867E-09
  781    4.901778E-09
  782    4.889249E-09
  783    4.876769E-09
  784    4.864336E-09
  785    4.851950E-09
  786    5.109026E-09
  787    5.096051E-09
  788    5.083125E-09
  789    5.070248E-09
  790    5.057420E-09
  791    5.179369E-09
  792    5.166298E-09
  793    5.153276E-09
  794    5.140304E-09
  795    5.127381E-09
  796    5.537192E-09
  797    5.523306E-09
  798    5.509472E-09
  799    5.495689E-09
  800    5.481959E-09
  801    5.568430E-09
  802    5.554552E-09
  803    5.540726E-09
  804    5.526952E-09
  805    5.513229E-09
  806    5.927166E-09
  807    5.912485E-09
  808    5.897859E-09
  809    5.883288E-09
  810    5.868770E-09
  811    6.068892E-09
  812    6.053953E-09
  813    6.039070E-09
  814    6.024241E-09
  815    6.009466E-09
  816    6.243016E-09
  817    6.227743E-09
  818    6.212526E-09
  819    6.197364E-09
  820    6.182258E-09
  821    6.646710E-09
  822    6.630548E-09
  823    6.614445E-09
  824    6.598400E-09
  825    6.582414E-09
  826    6.925072E-09
  827    6.908334E-09
  828    6.891658E-09
  829    6.875041E-09
  830    6.858485E-09
  831    7.348195E-09
  832    7.330542E-09
  833    7.312952E-09
  834    7.295426E-09
  835    7.277962E-09
  836    7.324485E-09
  837    7.306993E-09
  838    7.289565E-09
  839    7.272198E-09
  840    7.254894E-09
  841    7.530992E-09
  842    7.513114E-09
  843    7.495300E-09
  844    7.477549E-09
  845    7.459861E-09
  846    8.302265E-09
  847    8.282673E-09
  848    8.263150E-09
  849    8.243695E-09
  850    8.224310E-09
  851    8.086688E-09
  852    8.067716E-09
  853    8.048811E-09
  854    8.029973E-09
  855    8.011200E-09
  856    8.754257E-09
  857    8.733839E-09
  858    8.713492E-09
  859    8.693217E-09
  860    8.673012E-09
  861    8.647833E-09
  862    8.627780E-09
  863    8.607797E-09
  864    8.587883E-09
  865    8.568038E-09
  866    9.627393E-09
  867    9.605197E-09
  868    9.583078E-09
  869    9.561036E-09
  870    9.539069E-09
  871    9.937733E-09
  872    9.914953E-09
  873    9.892252E-09
  874    9.869628E-09
  875    9.847081E-09
  876    9.953118E-09
  877    9.930433E-09
  878    9.907825E-09
  879    9.885295E-09
  880    9.862841E-09
  881    1.069399E-08
  882    1.066976E-08
  883    1.064561E-08
  884    1.062153E-08
  885    1.059754E-08
  886    1.076055E-08
  887    1.073630E-08
  888    1.071213E-08
  889    1.068804E-08
  890    1.066404E-08
  891    1.144738E-08
  892    1.142173E-08
  893    1.139616E-08
  894    1.137068E-08
  895    1.134529E-08
  896    1.167705E-08
  897    1.165103E-08
  898    1.162509E-08
  899    1.159925E-08
  900    1.157349E-08
  901    1.184658E-08
  902    1.182032E-08
  903    1.179416E-08
  904    1.176808E-08
  905    1.174209E-08
  906    1.297635E-08
  907    1.294775E-08
  908    1.291925E-08
  909    1.289084E-08
  910    1.286252E-08
  911    1.275246E-08
  912    1.272451E-08
  913    1.269665E-08
  914    1.266888E-08
  915    1.264120E-08
  916    1.413624E-08
  917    1.410543E-08
  918    1.407472E-08
  919    1.404410E-08
  920    1.401359E-08
  921    1.377126E-08
  922    1.374141E-08
  923    1.371165E-08
  924    1.368199E-08
  925    1.365242E-08
  926    1.449083E-08
  927    1.445958E-08
  928    1.442844E-08
  929    1.439739E-08
  930    1.436645E-08
  931    1.579963E-08
  932    1.576574E-08
  933    1.573196E-08
  934    1.569830E-08
  935    1.566473E-08
  936    1.489806E-08
  937    1.486628E-08
  938    1.483459E-08
  939    1.480301E-08
  940    1.477154E-08
  941    1.643321E-08
  942    1.639834E-08
  943    1.636358E-08
  944    1.632893E-08
  945    1.629439E-08
  946    1.639830E-08
  947    1.636369E-08
  948    1.632918E-08
  949    1.629479E-08
  950    1.626050E-08
  951    1.736931E-08
  952    1.733284E-08
  953    1.729648E-08
  954    1.726024E-08
  955    1.722411E-08
  956    1.775243E-08
  957    1.771535E-08
  958    1.767839E-08
  959    1.764154E-08
  960    1.760480E-08
  961    1.761038E-08
  962    1.757378E-08
  963    1.753730E-08
  964    1.750094E-08
  965    1.746469E-08
  966    1.968170E-08
  967    1.964101E-08
  968    1.960045E-08
  969    1.956002E-08
  970    1.951971E-08
  971    1.869430E-08
  972    1.865585E-08
  973    1.861752E-08
  974    1.857931E-08
  975    1.854122E-08
  976    2.080352E-08
  977    2.076095E-08
  978    2.071852E-08
  979    2.067621E-08
  980    2.063404E-08
  981    2.088387E-08
  982    2.084136E-08
  983    2.079898E-08
  984    2.075673E-08
  985    2.071460E-08
  986    2.087790E-08
  987    2.083561E-08
  988    2.079346E-08
  989    2.075143E-08
  990    2.070953E-08
  991    2.243871E-08
  992    2.239349E-08
  993    2.234841E-08
  994    2.230347E-08
  995    2.225866E-08
  996    2.233662E-08
  997    2.229183E-08
  998    2.224718E-08
  999    2.220266E-08
 1000    2.215828E-08
 1001    2.357998E-08
 1002    2.353293E-08
 1003    2.348603E-08
 1004    2.343927E-08
 1005    2.339265E-08
 1006    2.378726E-08
 1007    2.374004E-08
 1008    2.369296E-08
 1009    2.364602E-08
 1010    2.359922E-08
 1011    2.462638E-08
 1012    2.457773E-08
 1013    2.452923E-08
 1014    2.448087E-08
 1015    2.443266E-08
 1016    2.740060E-08
 1017    2.734674E-08
 1018    2.729304E-08
 1019    2.723950E-08
 1020    2.718612E-08
 1021    2.642102E-08
 1022    2.636934E-08
 1023    2.631781E-08
 1024    2.626643E-08
 1025    2.621521E-08
 1026    2.786950E-08
 1027    2.781525E-08
 1028    2.776116E-08
 1029    2.770723E-08
 1030    2.765346E-08
 1031    2.855266E-08
 1032    2.849735E-08
 1033    2.844221E-08
 1034    2.838722E-08
 1035    2.833239E-08
 1036    2.949555E-08
 1037    2.943869E-08
 1038    2.938199E-08
 1039    2.932546E-08
 1040    2.926909E-08
 1041    3.137489E-08
 1042    3.131470E-08
 1043    3.125468E-08
 1044    3.119483E-08
 1045    3.113516E-08
 1046    3.126096E-08
 1047    3.120127E-08
 1048    3.114176E-08
 1049    3.108241E-08
 1050    3.102324E-08
 1051    3.255830E-08
 1052    3.249644E-08
 1053    3.243474E-08
 1054    3.237323E-08
 1055    3.231189E-08
 1056    3.277445E-08
 1057    3.271247E-08
 1058    3.265066E-08
 1059    3.258903E-08
 1060    3.252757E-08
 1061    3.404187E-08
 1062    3.397779E-08
 1063    3.391389E-08
 1064    3.385017E-08
 1065    3.378663E-08
 1066    3.555362E-08
 1067    3.548701E-08
 1068    3.542059E-08
 1069    3.535435E-08
 1070    3.528830E-08
 1071    3.648684E-08
 1072    3.641880E-08
 1073    3.635095E-08
 1074    3.628329E-08
 1075    3.621582E-08
 1076    3.593246E-08
 1077    3.586576E-08
 1078    3.579925E-08
 1079    3.573292E-08
 1080    3.566678E-08
 1081    3.892881E-08
 1082    3.885689E-08
 1083    3.878517E-08
 1084    3.871364E-08
 1085    3.864231E-08
 1086    3.929067E-08
 1087    3.921841E-08
 1088    3.914635E-08
 1089    3.907449E-08
 1090    3.900283E-08
 1091    3.983728E-08
 1092    3.976435E-08
 1093    3.969163E-08
 1094    3.961910E-08
 1095    3.954677E-08
 1096    4.186389E-08
 1097    4.178760E-08
 1098    4.171152E-08
 1099    4.163565E-08
 1100    4.155998E-08
 1101    4.383870E-08
 1102    4.375918E-08
 1103    4.367987E-08
 1104    4.360077E-08
 1105    4.352189E-08
 1106    4.326385E-08
 1107    4.318572E-08
 1108    4.310780E-08
 1109    4.303009E-08
 1110    4.295260E-08
 1111    4.524678E-08
 1112    4.516543E-08
 1113    4.508431E-08
 1114    4.500340E-08
 1115    4.492272E-08
 1116    4.588095E-08
 1117    4.579884E-08
 1118    4.571694E-08
 1119    4.563527E-08
 1120    4.555381E-08
 1121    4.960776E-08
 1122    4.951938E-08
 1123    4.943122E-08
 1124    4.934331E-08
 1125    4.925562E-08
 1126    4.807841E-08
 1127    4.799312E-08
 1128    4.790807E-08
 1129    4.782324E-08
 1130    4.773863E-08
 1131    5.065783E-08
 1132    5.056836E-08
 1133    5.047914E-08
 1134    5.039015E-08
 1135    5.030139E-08
 1136    5.163261E-08
 1137    5.154183E-08
 1138    5.145129E-08
 1139    5.136098E-08
 1140    5.127092E-08
 1141    5.317058E-08
 1142    5.307751E-08
 1143    5.298467E-08
 1144    5.289208E-08
 1145    5.279974E-08
 1146    5.629458E-08
 1147    5.619646E-08
 1148    5.609860E-08
 1149    5.600100E-08
 1150    5.590364E-08
 1151    5.455524E-08
 1152    5.446057E-08
 1153    5.436614E-08
 1154    5.427196E-08
 1155    5.417802E-08
 1156    5.736740E-08
 1157    5.726827E-08
 1158    5.716941E-08
 1159    5.707080E-08
 1160    5.697244E-08
 1161    5.754694E-08
 1162    5.744793E-08
 1163    5.734918E-08
 1164    5.725068E-08
 1165    5.715244E-08
 1166    5.966462E-08
 1167    5.956241E-08
 1168    5.946046E-08
 1169    5.935878E-08
 1170    5.925735E-08
 1171    6.378847E-08
 1172    6.367966E-08
 1173    6.357113E-08
 1174    6.346288E-08
 1175    6.335490E-08
 1176    6.073235E-08
 1177    6.062919E-08
 1178    6.052630E-08
 1179    6.042367E-08
 1180    6.032130E-08
 1181    6.572041E-08
 1182    6.560925E-08
 1183    6.549838E-08
 1184    6.538779E-08
 1185    6.527748E-08
 1186    6.773935E-08
 1187    6.762526E-08
 1188    6.751146E-08
 1189    6.739795E-08
 1190    6.728472E-08
 1191    6.729963E-08
 1192    6.718676E-08
 1193    6.707417E-08
 1194    6.696187E-08
 1195    6.684985E-08
 1196    7.033181E-08
 1197    7.021434E-08
 1198    7.009717E-08
 1199    6.998030E-08
 1200    6.986371E-08
 1201    6.976215E-08
 1202    6.964612E-08
 1203    6.953038E-08
 1204    6.941493E-08
 1205    6.929977E-08
 1206    7.394386E-08
 1207    7.382138E-08
 1208    7.369921E-08
 1209    7.357735E-08
 1210    7.345578E-08
 1211    7.302003E-08
 1212    7.289958E-08
 1213    7.277943E-08
 1214    7.265958E-08
 1215    7.254003E-08
 1216    7.448870E-08
 1217    7.436633E-08
 1218    7.424427E-08
 1219    7.412251E-08
 1220    7.400105E-08
 1221    7.852144E-08
 1222    7.839298E-08
 1223    7.826483E-08
 1224    7.813700E-08
 1225    7.800948E-08
 1226    7.551407E-08
 1227    7.539104E-08
 1228    7.526830E-08
 1229    7.514586E-08
 1230    7.502372E-08
 1231    8.221414E-08
 1232    8.208073E-08
 1233    8.194764E-08
 1234    8.181488E-08
 1235    8.168244E-08
 1236    8.024540E-08
 1237    8.011571E-08
 1238    7.998633E-08
 1239    7.985727E-08
 1240    7.972852E-08
 1241    8.173220E-08
 1242    8.160064E-08
 1243    8.146940E-08
 1244    8.133847E-08
 1245    8.120786E-08
 1246    8.585166E-08
 1247    8.571402E-08
 1248    8.557671E-08
 1249    8.543973E-08
 1250    8.530309E-08
 1251    8.427084E-08
 1252    8.413628E-08
 1253    8.400204E-08
 1254    8.386812E-08
 1255    8.373452E-08
 1256    9.111367E-08
 1257    9.096876E-08
 1258    9.082419E-08
 1259    9.067997E-08
 1260    9.053609E-08
 1261    8.654741E-08
 1262    8.641031E-08
 1263    8.627353E-08
 1264    8.613707E-08
 1265    8.600094E-08
 1266    9.154451E-08
 1267    9.140006E-08
 1268    9.125595E-08
 1269    9.111218E-08
 1270    9.096876E-08
 1271    9.456615E-08
 1272    9.441752E-08
 1273    9.426924E-08
 1274    9.412131E-08
 1275    9.397372E-08
 1276    9.252374E-08
 1277    9.237889E-08
 1278    9.223438E-08
 1279    9.209021E-08
 1280    9.194637E-08
 1281    9.609008E-08
 1282    9.594023E-08
 1283    9.579073E-08
 1284    9.564158E-08
 1285    9.549278E-08
 1286    9.632197E-08
 1287    9.617235E-08
 1288    9.602307E-08
 1289    9.587414E-08
 1290    9.572555E-08
 1291    1.022052E-07
 1292    1.020470E-07
 1293    1.018892E-07
 1294    1.017318E-07
 1295    1.015748E-07
 1296    1.009380E-07
 1297    1.007824E-07
 1298    1.006272E-07
 1299    1.004723E-07
 1300    1.003178E-07
 1301    1.031179E-07
 1302    1.029596E-07
 1303    1.028016E-07
 1304    1.026440E-07
 1305    1.024867E-07
 1306    1.039541E-07
 1307    1.037951E-07
 1308    1.036365E-07
 1309    1.034782E-07
 1310    1.033202E-07
 1311    1.055112E-07
 1312    1.053504E-07
 1313    1.051900E-07
 1314    1.050300E-07
 1315    1.048703E-07
 1316    1.091742E-07
 1317    1.090085E-07
 1318    1.088431E-07
 1319    1.086781E-07
 1320    1.085135E-07
 1321    1.079376E-07
 1322    1.077744E-07
 1323    1.076116E-07
 1324    1.074491E-07
 1325    1.072869E-07
 1326    1.103285E-07
 1327    1.101623E-07
 1328    1.099965E-07
 1329    1.098310E-07
 1330    1.096659E-07
 1331    1.111918E-07
 1332    1.110249E-07
 1333    1.108584E-07
 1334    1.106922E-07
 1335    1.105265E-07
 1336    1.137832E-07
 1337    1.136131E-07
 1338    1.134433E-07
 1339    1.132739E-07
 1340    1.131049E-07
 1341    1.173706E-07
 1342    1.171958E-07
 1343    1.170213E-07
 1344    1.168472E-07
 1345    1.166735E-07
 1346    1.172062E-07
 1347    1.170322E-07
 1348    1.168586E-07
 1349    1.166855E-07
 1350    1.165126E-07
 1351    1.204845E-07
 1352    1.203063E-07
 1353    1.201285E-07
 1354    1.199512E-07
 1355    1.197742E-07
 1356    1.221628E-07
 1357    1.219828E-07
 1358    1.218032E-07
 1359    1.216241E-07
 1360    1.214453E-07
 1361    1.222881E-07
 1362    1.221086E-07
 1363    1.219294E-07
 1364    1.217507E-07
 1365    1.215724E-07
 1366    1.228652E-07
 1367    1.226855E-07
 1368    1.225062E-07
 1369    1.223273E-07
 1370    1.221488E-07
 1371    1.241917E-07
 1372    1.240108E-07
 1373    1.238302E-07
 1374    1.236500E-07
 1375    1.234702E-07
 1376    1.308963E-07
 1377    1.307062E-07
 1378    1.305166E-07
 1379    1.303274E-07
 1380    1.301386E-07
 1381    1.271554E-07
 1382    1.269715E-07
 1383    1.267879E-07
 1384    1.266048E-07
 1385    1.264220E-07
 1386    1.314843E-07
 1387    1.312948E-07
 1388    1.311057E-07
 1389    1.309170E-07
 1390    1.307287E-07
 1391    1.278011E-07
 1392    1.276175E-07
 1393    1.274344E-07
 1394    1.272516E-07
 1395    1.270692E-07
 1396    1.346995E-07
 1397    1.345067E-07
 1398    1.343144E-07
 1399    1.341224E-07
 1400    1.339309E-07
 1401    1.368031E-07
 1402    1.366080E-07
 1403    1.364133E-07
 1404    1.362191E-07
 1405    1.360252E-07
 1406    1.345086E-07
 1407    1.343174E-07
 1408    1.341267E-07
 1409    1.339364E-07
 1410    1.337465E-07
 1411    1.376759E-07
 1412    1.374809E-07
 1413    1.372864E-07
 1414    1.370923E-07
 1415    1.368986E-07
 1416    1.362092E-07
 1417    1.360170E-07
 1418    1.358252E-07
 1419    1.356338E-07
 1420    1.354429E-07
 1421    1.384579E-07
 1422    1.382632E-07
 1423    1.380690E-07
 1424    1.378751E-07
 1425    1.376817E-07
 1426    1.436792E-07
 1427    1.434779E-07
 1428    1.432770E-07
 1429    1.430766E-07
 1430    1.428765E-07
 1431    1.415634E-07
 1432    1.413658E-07
 1433    1.411685E-07
 1434    1.409717E-07
 1435    1.407753E-07
 1436    1.451139E-07
 1437    1.449120E-07
 1438    1.447105E-07
 1439    1.445095E-07
 1440    1.443088E-07
 1441    1.444734E-07
 1442    1.442731E-07
 1443    1.440732E-07
 1444    1.438737E-07
 1445    1.436746E-07
 1446    1.462851E-07
 1447    1.460830E-07
 1448    1.458813E-07
 1449    1.456800E-07
 1450    1.454792E-07
 1451    1.469564E-07
 1452    1.467540E-07
 1453    1.465521E-07
 1454    1.463506E-07
 1455    1.461495E-07
 1456    1.436009E-07
 1457    1.434038E-07
 1458    1.432072E-07
 1459    1.430109E-07
 1460    1.428151E-07
 1461    1.541117E-07
 1462    1.539009E-07
 1463    1.536906E-07
 1464    1.534807E-07
 1465    1.532712E-07
 1466    1.481186E-07
 1467    1.479167E-07
 1468    1.477153E-07
 1469    1.475142E-07
 1470    1.473136E-07
 1471    1.531286E-07
 1472    1.529206E-07
 1473    1.527131E-07
 1474    1.525059E-07
 1475    1.522992E-07
 1476    1.483891E-07
 1477    1.481882E-07
 1478    1.479878E-07
 1479    1.477877E-07
 1480    1.475881E-07
 1481    1.517681E-07
 1482    1.515634E-07
 1483    1.513591E-07
 1484    1.511551E-07
 1485    1.509516E-07
 1486    1.569862E-07
 1487    1.567751E-07
 1488    1.565645E-07
 1489    1.563542E-07
 1490    1.561444E-07
 1491    1.534145E-07
 1492    1.532089E-07
 1493    1.530038E-07
 1494    1.527990E-07
 1495    1.525947E-07
 1496    1.551480E-07
 1497    1.549408E-07
 1498    1.547340E-07
 1499    1.545277E-07
 1500    1.543217E-07
 1501    1.548819E-07
 1502    1.546757E-07
 1503    1.544700E-07
 1504    1.542646E-07
 1505    1.540597E-07
 1506    1.560356E-07
 1507    1.558286E-07
 1508    1.556220E-07
 1509    1.554158E-07
 1510    1.552100E-07
 1511    1.583369E-07
 1512    1.581275E-07
 1513    1.579185E-07
 1514    1.577100E-07
 1515    1.575019E-07
 1516    1.532829E-07
 1517    1.530808E-07
 1518    1.528792E-07
 1519    1.526780E-07
 1520    1.524772E-07
 1521    1.558078E-07
 1522    1.556032E-07
 1523    1.553989E-07
 1524    1.551950E-07
 1525    1.549915E-07
 1526    1.608780E-07
 1527    1.606673E-07
 1528    1.604571E-07
 1529    1.602473E-07
 1530    1.600379E-07
 1531    1.580897E-07
 1532    1.578834E-07
 1533    1.576775E-07
 1534    1.574719E-07
 1535    1.572668E-07
 1536    1.564183E-07
 1537    1.562149E-07
 1538    1.560118E-07
 1539    1.558091E-07
 1540    1.556068E-07
 1541    1.512495E-07
 1542    1.510534E-07
 1543    1.508577E-07
 1544    1.506623E-07
 1545    1.504674E-07
 1546    1.607594E-07
 1547    1.605516E-07
 1548    1.603442E-07
 1549    1.601373E-07
 1550    1.599307E-07
 1551    1.546257E-07
 1552    1.544265E-07
 1553    1.542277E-07
 1554    1.540293E-07
 1555    1.538312E-07
 1556    1.587953E-07
 1557    1.585914E-07
 1558    1.583879E-07
 1559    1.581848E-07
 1560    1.579821E-07
 1561    1.565654E-07
 1562    1.563650E-07
 1563    1.561649E-07
 1564    1.559653E-07
 1565    1.557660E-07
 1566    1.547668E-07
 1567    1.545694E-07
 1568    1.543723E-07
 1569    1.541756E-07
 1570    1.539792E-07
 1571    1.554323E-07
 1572    1.552346E-07
 1573    1.550373E-07
 1574    1.548404E-07
 1575    1.546438E-07
 1576    1.560773E-07
 1577    1.558794E-07
 1578    1.556819E-07
 1579    1.554848E-07
 1580    1.552880E-07
 1581    1.543709E-07
 1582    1.541758E-07
 1583    1.539811E-07
 1584    1.537867E-07
 1585    1.535927E-07
 1586    1.564307E-07
 1587    1.562336E-07
 1588    1.560369E-07
 1589    1.558405E-07
 1590    1.556446E-07
 1591    1.543291E-07
 1592    1.541353E-07
 1593    1.539418E-07
 1594    1.537487E-07
 1595    1.535560E-07
 1596    1.544325E-07
 1597    1.542392E-07
 1598    1.540462E-07
 1599    1.538536E-07
 1600    1.536614E-07
 1601    1.532568E-07
 1602    1.530656E-07
 1603    1.528747E-07
 1604    1.526841E-07
 1605    1.524939E-07
 1606    1.524340E-07
 1607    1.522443E-07
 1608    1.520550E-07
 1609    1.518661E-07
 1610    1.516775E-07
 1611    1.553720E-07
 1612    1.551793E-07
 1613    1.549869E-07
 1614    1.547949E-07
 1615    1.546033E-07
 1616    1.513670E-07
 1617    1.511798E-07
 1618    1.509930E-07
 1619    1.508065E-07
 1620    1.506204E-07
 1621    1.509852E-07
 1622    1.507991E-07
 1623    1.506133E-07
 1624    1.504279E-07
 1625    1.502428E-07
 1626    1.476108E-07
 1627    1.474294E-07
 1628    1.472483E-07
 1629    1.470676E-07
 1630    1.468872E-07
 1631    1.508942E-07
 1632    1.507093E-07
 1633    1.505248E-07
 1634    1.503406E-07
 1635    1.501568E-07
 1636    1.464947E-07
 1637    1.463158E-07
 1638    1.461372E-07
 1639    1.459589E-07
 1640    1.457810E-07
 1641    1.479260E-07
 1642    1.477459E-07
 1643    1.475661E-07
 1644    1.473866E-07
 1645    1.472075E-07
 1646    1.440958E-07
 1647    1.439209E-07
 1648    1.437463E-07
 1649    1.435720E-07
 1650    1.433980E-07
 1651    1.462137E-07
 1652    1.460368E-07
 1653    1.458601E-07
 1654    1.456838E-07
 1655    1.455078E-07
 1656    1.430842E-07
 1657    1.429115E-07
 1658    1.427392E-07
 1659    1.425672E-07
 1660    1.423955E-07
 1661    1.383895E-07
 1662    1.382230E-07
 1663    1.380568E-07
 1664    1.378909E-07
 1665    1.377253E-07
 1666    1.412391E-07
 1667    1.410697E-07
 1668    1.409006E-07
 1669    1.407318E-07
 1670    1.405634E-07
 1671    1.384407E-07
 1672    1.382751E-07
 1673    1.381099E-07
 1674    1.379449E-07
 1675    1.377803E-07
 1676    1.394715E-07
 1677    1.393052E-07
 1678    1.391392E-07
 1679    1.389735E-07
 1680    1.388081E-07
 1681    1.353126E-07
 1682    1.351518E-07
 1683    1.349912E-07
 1684    1.348309E-07
 1685    1.346709E-07
 1686    1.335218E-07
 1687    1.333636E-07
 1688    1.332056E-07
 1689    1.330479E-07
 1690    1.328905E-07
 1691    1.321962E-07
 1692    1.320399E-07
 1693    1.318840E-07
 1694    1.317283E-07
 1695    1.315730E-07
 1696    1.304573E-07
 1697    1.303036E-07
 1698    1.301501E-07
 1699    1.299970E-07
 1700    1.298441E-07
 1701    1.298192E-07
 1702    1.296667E-07
 1703    1.295145E-07
 1704    1.293625E-07
 1705    1.292108E-07
 1706    1.262055E-07
 1707    1.260577E-07
 1708    1.259102E-07
 1709    1.257628E-07
 1710    1.256158E-07
 1711    1.234812E-07
 1712    1.233370E-07
 1713    1.231930E-07
 1714    1.230493E-07
 1715    1.229058E-07
 1716    1.234560E-07
 1717    1.233122E-07
 1718    1.231687E-07
 1719    1.230255E-07
 1720    1.228824E-07
 1721    1.191000E-07
 1722    1.189617E-07
 1723    1.188236E-07
 1724    1.186858E-07
 1725    1.185483E-07
 1726    1.215215E-07
 1727    1.213808E-07
 1728    1.212404E-07
 1729    1.211002E-07
 1730    1.209602E-07
 1731    1.167368E-07
 1732    1.166020E-07
 1733    1.164675E-07
 1734    1.163332E-07
 1735    1.161992E-07
 1736    1.167920E-07
 1737    1.166576E-07
 1738    1.165234E-07
 1739    1.163894E-07
 1740    1.162557E-07
 1741    1.152702E-07
 1742    1.151379E-07
 1743    1.150059E-07
 1744    1.148740E-07
 1745    1.147424E-07
 1746    1.112223E-07
 1747    1.110950E-07
 1748    1.109679E-07
 1749    1.108411E-07
 1750    1.107144E-07
 1751    1.114929E-07
 1752    1.113656E-07
 1753    1.112386E-07
 1754    1.111118E-07
 1755    1.109852E-07
 1756    1.079933E-07
 1757    1.078704E-07
 1758    1.077477E-07
 1759    1.076252E-07
 1760    1.075029E-07
 1761    1.083263E-07
 1762    1.082033E-07
 1763    1.080806E-07
 1764    1.079581E-07
 1765    1.078358E-07
 1766    1.036538E-07
 1767    1.035365E-07
 1768    1.034194E-07
 1769    1.033025E-07
 1770    1.031858E-07
 1771    1.024435E-07
 1772    1.023279E-07
 1773    1.022125E-07
 1774    1.020973E-07
 1775    1.019823E-07
 1776    1.030962E-07
 1777    1.029802E-07
 1778    1.028644E-07
 1779    1.027488E-07
 1780    1.026333E-07
 1781    9.944266E-08
 1782    9.933108E-08
 1783    9.921969E-08
 1784    9.910849E-08
 1785    9.899748E-08
 1786    9.909377E-08
 1787    9.898289E-08
 1788    9.887220E-08
 1789    9.876170E-08
 1790    9.865138E-08
 1791    9.607790E-08
 1792    9.597071E-08
 1793    9.586368E-08
 1794    9.575684E-08
 1795    9.565018E-08
 1796    9.589774E-08
 1797    9.579104E-08
 1798    9.568452E-08
 1799    9.557817E-08
 1800    9.547201E-08
 1801    9.480755E-08
 1802    9.470235E-08
 1803    9.459733E-08
 1804    9.449249E-08
 1805    9.438781E-08
 1806    9.224064E-08
 1807    9.213857E-08
 1808    9.203668E-08
 1809    9.193495E-08
 1810    9.183340E-08
 1811    9.133637E-08
 1812    9.123559E-08
 1813    9.113497E-08
 1814    9.103452E-08
 1815    9.093423E-08
 1816    8.885844E-08
 1817    8.876065E-08
 1818    8.866303E-08
 1819    8.856558E-08
 1820    8.846828E-08
 1821    9.064482E-08
 1822    9.054534E-08
 1823    9.044603E-08
 1824    9.034689E-08
 1825    9.024791E-08
 1826    8.811562E-08
 1827    8.801919E-08
 1828    8.792291E-08
 1829    8.782680E-08
 1830    8.773084E-08
 1831    8.744026E-08
 1832    8.734483E-08
 1833    8.724956E-08
 1834    8.715443E-08
 1835    8.705947E-08
 1836    8.765499E-08
 1837    8.755959E-08
 1838    8.746434E-08
 1839    8.736924E-08
 1840    8.727430E-08
 1841    8.654215E-08
 1842    8.644821E-08
 1843    8.635442E-08
 1844    8.626079E-08
 1845    8.616730E-08
 1846    8.684995E-08
 1847    8.675593E-08
 1848    8.666206E-08
 1849    8.656835E-08
 1850    8.647479E-08
 1851    8.568704E-08
 1852    8.559454E-08
 1853    8.550218E-08
 1854    8.540996E-08
 1855    8.531790E-08
 1856    8.561434E-08
 1857    8.552216E-08
 1858    8.543012E-08
 1859    8.533824E-08
 1860    8.524650E-08
 1861    8.592342E-08
 1862    8.583115E-08
 1863    8.573903E-08
 1864    8.564706E-08
 1865    8.555524E-08
 1866    8.615634E-08
 1867    8.606407E-08
 1868    8.597195E-08
 1869    8.587997E-08
 1870    8.578815E-08
 1871    8.809019E-08
 1872    8.799610E-08
 1873    8.790217E-08
 1874    8.780838E-08
 1875    8.771474E-08
 1876    8.668766E-08
 1877    8.659531E-08
 1878    8.650312E-08
 1879    8.641107E-08
 1880    8.631916E-08
 1881    8.927205E-08
 1882    8.917720E-08
 1883    8.908251E-08
 1884    8.898797E-08
 1885    8.889358E-08
 1886    8.928360E-08
 1887    8.918899E-08
 1888    8.909454E-08
 1889    8.900023E-08
 1890    8.890608E-08
 1891    9.065471E-08
 1892    9.055891E-08
 1893    9.046325E-08
 1894    9.036775E-08
 1895    9.027240E-08
 1896    9.408920E-08
 1897    9.399003E-08
 1898    9.389101E-08
 1899    9.379215E-08
 1900    9.369345E-08
 1901    9.282580E-08
 1902    9.272822E-08
 1903    9.263079E-08
 1904    9.253351E-08
 1905    9.243639E-08
 1906    9.586047E-08
 1907    9.575996E-08
 1908    9.565961E-08
 1909    9.555942E-08
 1910    9.545938E-08
 1911    9.858213E-08
 1912    9.847904E-08
 1913    9.837611E-08
 1914    9.827334E-08
 1915    9.817073E-08
 1916    9.998277E-08
 1917    9.987848E-08
 1918    9.977436E-08
 1919    9.967040E-08
 1920    9.956660E-08
 1921    1.031084E-07
 1922    1.030011E-07
 1923    1.028940E-07
 1924    1.027871E-07
 1925    1.026803E-07
 1926    1.058044E-07
 1927    1.056946E-07
 1928    1.055850E-07
 1929    1.054756E-07
 1930    1.053663E-07
 1931    1.119774E-07
 1932    1.118615E-07
 1933    1.117458E-07
 1934    1.116303E-07
 1935    1.115149E-07
 1936    1.137499E-07
 1937    1.136325E-07
 1938    1.135152E-07
 1939    1.133982E-07
 1940    1.132813E-07
 1941    1.183653E-07
 1942    1.182434E-07
 1943    1.181217E-07
 1944    1.180002E-07
 1945    1.178789E-07
 1946    1.229614E-07
 1947    1.228351E-07
 1948    1.227090E-07
 1949    1.225831E-07
 1950    1.224574E-07
 1951    1.232934E-07
 1952    1.231671E-07
 1953    1.230410E-07
 1954    1.229151E-07
 1955    1.227894E-07
 1956    1.333656E-07
 1957    1.332294E-07
 1958    1.330933E-07
 1959    1.329575E-07
 1960    1.328218E-07
 1961    1.320882E-07
 1962    1.319536E-07
 1963    1.318192E-07
 1964    1.316850E-07
 1965    1.315510E-07
 1966    1.427191E-07
 1967    1.425741E-07
 1968    1.424292E-07
 1969    1.422846E-07
 1970    1.421402E-07
 1971    1.491873E-07
 1972    1.490360E-07
 1973    1.488850E-07
 1974    1.487342E-07
 1975    1.485836E-07
 1976    1.554685E-07
 1977    1.553113E-07
 1978    1.551543E-07
 1979    1.549975E-07
 1980    1.548410E-07
 1981    1.648328E-07
 1982    1.646665E-07
 1983    1.645005E-07
 1984    1.643347E-07
 1985    1.641692E-07
 1986    1.714786E-07
 1987    1.713061E-07
 1988    1.711338E-07
 1989    1.709617E-07
 1990    1.707900E-07
 1991    1.843648E-07
 1992    1.841798E-07
 1993    1.839950E-07
 1994    1.838105E-07
 1995    1.836263E-07
 1996    1.893542E-07
 1997    1.891646E-07
 1998    1.889753E-07
 1999    1.887863E-07
 2000    1.885975E-07
 2001    1.976872E-07
 2002    1.974897E-07
 2003    1.972926E-07
 2004    1.970957E-07
 2005    1.968992E-07
 2006    2.093935E-07
 2007    2.091849E-07
 2008    2.089766E-07
 2009    2.087686E-07
 2010    2.085610E-07
 2011    2.184737E-07
 2012    2.182566E-07
 2013    2.180398E-07
 2014    2.178234E-07
 2015    2.176072E-07
 2016    2.362719E-07
 2017    2.360377E-07
 2018    2.358039E-07
 2019    2.355703E-07
 2020    2.353371E-07
 2021    2.478058E-07
 2022    2.475608E-07
 2023    2.473161E-07
 2024    2.470718E-07
 2025    2.468278E-07
 2026    2.593428E-07
 2027    2.590870E-07
 2028    2.588316E-07
 2029    2.585765E-07
 2030    2.583218E-07
 2031    2.810281E-07
 2032    2.807516E-07
 2033    2.804755E-07
 2034    2.801997E-07
 2035    2.799244E-07
 2036    2.877245E-07
 2037    2.874421E-07
 2038    2.871601E-07
 2039    2.868785E-07
 2040    2.865973E-07
 2041    3.086701E-07
 2042    3.083678E-07
 2043    3.080660E-07
 2044    3.077647E-07
 2045    3.074637E-07
 2046    3.095295E-07
 2047    3.092271E-07
 2048    3.089252E-07
 2049    3.086237E-07
 2050    3.083227E-07
 2051    3.210385E-07
 2052    3.207256E-07
 2053    3.204133E-07
 2054    3.201014E-07
 2055    3.197899E-07
 2056    3.341068E-07
 2057    3.337821E-07
 2058    3.334578E-07
 2059    3.331340E-07
 2060    3.328106E-07
 2061    3.443630E-07
 2062    3.440290E-07
 2063    3.436956E-07
 2064    3.433626E-07
 2065    3.430302E-07
 2066    3.618402E-07
 2067    3.614902E-07
 2068    3.611406E-07
 2069    3.607916E-07
 2070    3.604431E-07
 2071    3.691813E-07
 2072    3.688251E-07
 2073    3.684693E-07
 2074    3.681141E-07
 2075    3.677594E-07
 2076    3.986210E-07
 2077    3.982373E-07
 2078    3.978541E-07
 2079    3.974714E-07
 2080    3.970893E-07
 2081    4.202616E-07
 2082    4.198580E-07
 2083    4.194550E-07
 2084    4.190525E-07
 2085    4.186506E-07
 2086    4.486019E-07
 2087    4.481721E-07
 2088    4.477429E-07
 2089    4.473143E-07
 2090    4.468864E-07
 2091    4.536400E-07
 2092    4.532064E-07
 2093    4.527734E-07
 2094    4.523411E-07
 2095    4.519094E-07
 2096    4.803625E-07
 2097    4.799044E-07
 2098    4.794471E-07
 2099    4.789903E-07
 2100    4.785343E-07
 2101    4.978599E-07
 2102    4.973863E-07
 2103    4.969134E-07
 2104    4.964411E-07
 2105    4.959696E-07
 2106    5.107736E-07
 2107    5.102889E-07
 2108    5.098049E-07
 2109    5.093215E-07
 2110    5.088389E-07
 2111    5.435844E-07
 2112    5.430698E-07
 2113    5.425559E-07
 2114    5.420427E-07
 2115    5.415303E-07
 2116    5.709877E-07
 2117    5.704484E-07
 2118    5.699098E-07
 2119    5.693721E-07
 2120    5.688350E-07
 2121    5.986005E-07
 2122    5.980365E-07
 2123    5.974732E-07
 2124    5.969108E-07
 2125    5.963491E-07
 2126    6.251027E-07
 2127    6.245151E-07
 2128    6.239283E-07
 2129    6.233423E-07
 2130    6.227571E-07
 2131    6.568425E-07
 2132    6.562265E-07
 2133    6.556113E-07
 2134    6.549970E-07
 2135    6.543836E-07
 2136    6.966540E-07
 2137    6.960022E-07
 2138    6.953512E-07
 2139    6.947012E-07
 2140    6.940521E-07
 2141    7.128407E-07
 2142    7.121752E-07
 2143    7.115108E-07
 2144    7.108472E-07
 2145    7.101845E-07
 2146    7.303978E-07
 2147    7.297175E-07
 2148    7.290383E-07
 2149    7.283599E-07
 2150    7.276825E-07
 2151    7.311746E-07
 2152    7.304952E-07
 2153    7.298168E-07
 2154    7.291393E-07
 2155    7.284627E-07
 2156    7.566751E-07
 2157    7.559737E-07
 2158    7.552732E-07
 2159    7.545737E-07
 2160    7.538752E-07
 2161    8.125598E-07
 2162    8.118083E-07
 2163    8.110578E-07
 2164    8.103084E-07
 2165    8.095600E-07
 2166    8.216664E-07
 2167    8.209082E-07
 2168    8.201511E-07
 2169    8.193950E-07
 2170    8.186400E-07
 2171    8.709138E-07
 2172    8.701121E-07
 2173    8.693114E-07
 2174    8.685119E-07
 2175    8.677134E-07
 2176    8.894825E-07
 2177    8.886655E-07
 2178    8.878497E-07
 2179    8.870349E-07
 2180    8.862213E-07
 2181    9.417572E-07
 2182    9.408942E-07
 2183    9.400324E-07
 2184    9.391718E-07
 2185    9.383123E-07
 2186    9.838268E-07
 2187    9.829273E-07
 2188    9.820290E-07
 2189    9.811320E-07
 2190    9.802362E-07
 2191    9.953583E-07
 2192    9.944503E-07
 2193    9.935436E-07
 2194    9.926381E-07
 2195    9.917339E-07
 2196    1.044697E-06
 2197    1.043746E-06
 2198    1.042797E-06
 2199    1.041848E-06
 2200    1.040902E-06
 2201    1.044549E-06
 2202    1.043601E-06
 2203    1.042654E-06
 2204    1.041708E-06
 2205    1.040763E-06
 2206    1.101484E-06
 2207    1.100486E-06
 2208    1.099489E-06
 2209    1.098494E-06
 2210    1.097500E-06
 2211    1.131824E-06
 2212    1.130800E-06
 2213    1.129779E-06
 2214    1.128758E-06
 2215    1.127739E-06
 2216    1.165005E-06
 2217    1.163954E-06
 2218    1.162905E-06
 2219    1.161857E-06
 2220    1.160811E-06
 2221    1.240394E-06
 2222    1.239278E-06
 2223    1.238163E-06
 2224    1.237050E-06
 2225    1.235939E-06
 2226    1.261988E-06
 2227    1.260855E-06
 2228    1.259723E-06
 2229    1.258593E-06
 2230    1.257465E-06
 2231    1.333141E-06
 2232    1.331947E-06
 2233    1.330754E-06
 2234    1.329563E-06
 2235    1.328374E-06
 2236    1.375520E-06
 2237    1.374290E-06
 2238    1.373063E-06
 2239    1.371836E-06
 2240    1.370612E-06
 2241    1.377735E-06
 2242    1.376507E-06
 2243    1.375280E-06
 2244    1.374054E-06
 2245    1.372830E-06
 2246    1.472053E-06
 2247    1.470743E-06
 2248    1.469435E-06
 2249    1.468129E-06
 2250    1.466824E-06
 2251    1.438393E-06
 2252    1.437116E-06
 2253    1.435840E-06
 2254    1.434567E-06
 2255    1.433295E-06
 2256    1.482914E-06
 2257    1.481600E-06
 2258    1.480288E-06
 2259    1.478977E-06
 2260    1.477669E-06
 2261    1.500413E-06
 2262    1.499087E-06
 2263    1.497762E-06
 2264    1.496439E-06
 2265    1.495118E-06
 2266    1.544864E-06
 2267    1.543502E-06
 2268    1.542141E-06
 2269    1.540782E-06
 2270    1.539425E-06
 2271    1.612285E-06
 2272    1.610866E-06
 2273    1.609449E-06
 2274    1.608034E-06
 2275    1.606621E-06
 2276    1.616974E-06
 2277    1.615554E-06
 2278    1.614136E-06
 2279    1.612720E-06
 2280    1.611306E-06
 2281    1.723890E-06
 2282    1.722379E-06
 2283    1.720871E-06
 2284    1.719364E-06
 2285    1.717859E-06
 2286    1.750173E-06
 2287    1.748643E-06
 2288    1.747115E-06
 2289    1.745589E-06
 2290    1.744065E-06
 2291    1.783115E-06
 2292    1.781560E-06
 2293    1.780006E-06
 2294    1.778455E-06
 2295    1.776905E-06
 2296    1.806054E-06
 2297    1.804482E-06
 2298    1.802912E-06
 2299    1.801344E-06
 2300    1.799778E-06
 2301    1.807712E-06
 2302    1.806142E-06
 2303    1.804573E-06
 2304    1.803007E-06
 2305    1.801443E-06
 2306    1.915330E-06
 2307    1.913670E-06
 2308    1.912012E-06
 2309    1.910356E-06
 2310    1.908702E-06
 2311    1.919523E-06
 2312    1.917863E-06
 2313    1.916205E-06
 2314    1.914549E-06
 2315    1.912895E-06
 2316    2.008788E-06
 2317    2.007054E-06
 2318    2.005323E-06
 2319    2.003594E-06
 2320    2.001867E-06
 2321    2.065372E-06
 2322    2.063594E-06
 2323    2.061817E-06
 2324    2.060043E-06
 2325    2.058272E-06
 2326    2.144210E-06
 2327    2.142367E-06
 2328    2.140527E-06
 2329    2.138689E-06
 2330    2.136854E-06
 2331    2.230513E-06
 2332    2.228600E-06
 2333    2.226690E-06
 2334    2.224782E-06
 2335    2.222877E-06
 2336    2.227123E-06
 2337    2.225217E-06
 2338    2.223314E-06
 2339    2.221414E-06
 2340    2.219515E-06
 2341    2.294540E-06
 2342    2.292581E-06
 2343    2.290625E-06
 2344    2.288670E-06
 2345    2.286719E-06
 2346    2.305609E-06
 2347    2.303645E-06
 2348    2.301683E-06
 2349    2.299724E-06
 2350    2.297767E-06
 2351    2.327343E-06
 2352    2.325364E-06
 2353    2.323388E-06
 2354    2.321415E-06
 2355    2.319444E-06
 2356    2.298699E-06
 2357    2.296749E-06
 2358    2.294802E-06
 2359    2.292857E-06
 2360    2.290914E-06
 2361    2.320861E-06
 2362    2.318897E-06
 2363    2.316934E-06
 2364    2.314975E-06
 2365    2.313017E-06
 2366    2.411902E-06
 2367    2.409865E-06
 2368    2.407830E-06
 2369    2.405798E-06
 2370    2.403768E-06
 2371    2.449843E-06
 2372    2.447778E-06
 2373    2.445715E-06
 2374    2.443655E-06
 2375    2.441598E-06
 2376    2.534242E-06
 2377    2.532110E-06
 2378    2.529981E-06
 2379    2.527854E-06
 2380    2.525730E-06
 2381    2.611671E-06
 2382    2.609479E-06
 2383    2.607289E-06
 2384    2.605102E-06
 2385    2.602918E-06
 2386    2.648440E-06
 2387    2.646221E-06
 2388    2.644006E-06
 2389    2.641793E-06
 2390    2.639582E-06
 2391    2.774770E-06
 2392    2.772451E-06
 2393    2.770134E-06
 2394    2.767820E-06
 2395    2.765509E-06
 2396    2.712010E-06
 2397    2.709748E-06
 2398    2.707488E-06
 2399    2.705232E-06
 2400    2.702978E-06
 2401    2.779694E-06
 2402    2.777380E-06
 2403    2.775069E-06
 2404    2.772760E-06
 2405    2.770455E-06
 2406    2.775437E-06
 2407    2.773131E-06
 2408    2.770829E-06
 2409    2.768529E-06
 2410    2.766232E-06
 2411    2.851734E-06
 2412    2.849370E-06
 2413    2.847009E-06
 2414    2.844650E-06
 2415    2.842295E-06
 2416    2.947077E-06
 2417    2.944639E-06
 2418    2.942204E-06
 2419    2.939772E-06
 2420    2.937343E-06
 2421    2.980263E-06
 2422    2.977802E-06
 2423    2.975345E-06
 2424    2.972891E-06
 2425    2.970439E-06
 2426    3.106036E-06
 2427    3.103477E-06
 2428    3.100921E-06
 2429    3.098368E-06
 2430    3.095818E-06
 2431    3.112009E-06
 2432    3.109450E-06
 2433    3.106894E-06
 2434    3.104342E-06
 2435    3.101793E-06
 2436    3.209908E-06
 2437    3.207275E-06
 2438    3.204644E-06
 2439    3.202017E-06
 2440    3.199393E-06
 2441    3.253854E-06
 2442    3.251190E-06
 2443    3.248529E-06
 2444    3.245871E-06
 2445    3.243216E-06
 2446    3.204855E-06
 2447    3.202237E-06
 2448    3.199621E-06
 2449    3.197008E-06
 2450    3.194399E-06
 2451    3.255019E-06
 2452    3.252365E-06
 2453    3.249713E-06
 2454    3.247066E-06
 2455    3.244421E-06
 2456    3.260931E-06
 2457    3.258278E-06
 2458    3.255627E-06
 2459    3.252980E-06
 2460    3.250335E-06
 2461    3.303427E-06
 2462    3.300744E-06
 2463    3.298064E-06
 2464    3.295388E-06
 2465    3.292714E-06
 2466    3.326162E-06
 2467    3.323466E-06
 2468    3.320773E-06
 2469    3.318084E-06
 2470    3.315398E-06
 2471    3.340373E-06
 2472    3.337671E-06
 2473    3.334972E-06
 2474    3.332277E-06
 2475    3.329585E-06
 2476    3.458825E-06
 2477    3.456033E-06
 2478    3.453244E-06
 2479    3.450459E-06
 2480    3.447677E-06
 2481    3.461029E-06
 2482    3.458241E-06
 2483    3.455456E-06
 2484    3.452675E-06
 2485    3.449896E-06
 2486    3.589549E-06
 2487    3.586663E-06
 2488    3.583780E-06
 2489    3.580901E-06
 2490    3.578025E-06
 2491    3.581091E-06
 2492    3.578217E-06
 2493    3.575347E-06
 2494    3.572481E-06
 2495    3.569618E-06
 2496    3.558118E-06
 2497    3.555269E-06
 2498    3.552423E-06
 2499    3.549580E-06
 2500    3.546741E-06
 2501    3.520549E-06
 2502    3.517736E-06
 2503    3.514926E-06
 2504    3.512119E-06
 2505    3.509315E-06
 2506    3.440274E-06
 2507    3.437530E-06
 2508    3.434790E-06
 2509    3.432052E-06
 2510    3.429318E-06
 2511    3.586888E-06
 2512    3.584032E-06
 2513    3.581181E-06
 2514    3.578332E-06
 2515    3.575487E-06
 2516    3.574216E-06
 2517    3.571377E-06
 2518    3.568540E-06
 2519    3.565708E-06
 2520    3.562878E-06
 2521    3.679625E-06
 2522    3.676707E-06
 2523    3.673793E-06
 2524    3.670883E-06
 2525    3.667976E-06
 2526    3.734051E-06
 2527    3.731097E-06
 2528    3.728145E-06
 2529    3.725198E-06
 2530    3.722253E-06
 2531    3.825052E-06
 2532    3.822031E-06
 2533    3.819014E-06
 2534    3.816000E-06
 2535    3.812990E-06
 2536    3.949715E-06
 2537    3.946602E-06
 2538    3.943493E-06
 2539    3.940387E-06
 2540    3.937285E-06
 2541    3.938401E-06
 2542    3.935303E-06
 2543    3.932209E-06
 2544    3.929118E-06
 2545    3.926031E-06
 2546    3.953413E-06
 2547    3.950309E-06
 2548    3.947209E-06
 2549    3.944113E-06
 2550    3.941020E-06
 2551    3.803644E-06
 2552    3.800663E-06
 2553    3.797686E-06
 2554    3.794713E-06
 2555    3.791743E-06
 2556    3.844311E-06
 2557    3.841305E-06
 2558    3.838302E-06
 2559    3.835303E-06
 2560    3.832307E-06
 2561    3.872760E-06
 2562    3.869737E-06
 2563    3.866718E-06
 2564    3.863702E-06
 2565    3.860690E-06
 2566    3.915938E-06
 2567    3.912888E-06
 2568    3.909841E-06
 2569    3.906798E-06
 2570    3.903758E-06
 2571    4.074939E-06
 2572    4.071771E-06
 2573    4.068607E-06
 2574    4.065446E-06
 2575    4.062289E-06
 2576    4.051833E-06
 2577    4.048689E-06
 2578    4.045548E-06
 2579    4.042412E-06
 2580    4.039279E-06
 2581    4.209613E-06
 2582    4.206353E-06
 2583    4.203096E-06
 2584    4.199844E-06
 2585    4.196595E-06
 2586    4.263165E-06
 2587    4.259869E-06
 2588    4.256578E-06
 2589    4.253290E-06
 2590    4.250007E-06
 2591    4.291962E-06
 2592    4.288650E-06
 2593    4.285343E-06
 2594    4.282040E-06
 2595    4.278740E-06
 2596    4.309302E-06
 2597    4.305984E-06
 2598    4.302670E-06
 2599    4.299359E-06
 2600    4.296053E-06
 2601    4.164111E-06
 2602    4.160911E-06
 2603    4.157715E-06
 2604    4.154522E-06
 2605    4.151333E-06
 2606    4.260993E-06
 2607    4.257725E-06
 2608    4.254461E-06
 2609    4.251200E-06
 2610    4.247943E-06
 2611    4.234475E-06
 2612    4.231233E-06
 2613    4.227995E-06
 2614    4.224761E-06
 2615    4.221530E-06
 2616    4.411131E-06
 2617    4.407761E-06
 2618    4.404394E-06
 2619    4.401031E-06
 2620    4.397672E-06
 2621    4.420185E-06
 2622    4.416814E-06
 2623    4.413447E-06
 2624    4.410084E-06
 2625    4.406724E-06
 2626    4.574914E-06
 2627    4.571431E-06
 2628    4.567953E-06
 2629    4.564479E-06
 2630    4.561008E-06
 2631    4.751229E-06
 2632    4.747619E-06
 2633    4.744013E-06
 2634    4.740412E-06
 2635    4.736815E-06
 2636    4.698920E-06
 2637    4.695357E-06
 2638    4.691798E-06
 2639    4.688242E-06
 2640    4.684691E-06
 2641    4.683763E-06
 2642    4.680218E-06
 2643    4.676677E-06
 2644    4.673140E-06
 2645    4.669607E-06
 2646    4.607873E-06
 2647    4.604392E-06
 2648    4.600916E-06
 2649    4.597442E-06
 2650    4.593973E-06
 2651    4.533023E-06
 2652    4.529605E-06
 2653    4.526191E-06
 2654    4.522781E-06
 2655    4.519375E-06
 2656    4.701801E-06
 2657    4.698263E-06
 2658    4.694728E-06
 2659    4.691198E-06
 2660    4.687671E-06
 2661    4.688801E-06
 2662    4.685279E-06
 2663    4.681761E-06
 2664    4.678247E-06
 2665    4.674737E-06
 2666    5.032568E-06
 2667    5.028795E-06
 2668    5.025026E-06
 2669    5.021261E-06
 2670    5.017500E-06
 2671    5.169618E-06
 2672    5.165749E-06
 2673    5.161885E-06
 2674    5.158025E-06
 2675    5.154169E-06
 2676    5.276882E-06
 2677    5.272940E-06
 2678    5.269003E-06
 2679    5.265070E-06
 2680    5.261142E-06
 2681    5.555372E-06
 2682    5.551230E-06
 2683    5.547092E-06
 2684    5.542960E-06
 2685    5.538832E-06
 2686    5.553681E-06
 2687    5.549548E-06
 2688    5.545419E-06
 2689    5.541295E-06
 2690    5.537176E-06
 2691    5.580428E-06
 2692    5.576283E-06
 2693    5.572143E-06
 2694    5.568007E-06
 2695    5.563875E-06
 2696    5.055404E-06
 2697    5.051656E-06
 2698    5.047912E-06
 2699    5.044172E-06
 2700    5.040436E-06
 2701    4.594957E-06
 2702    4.591556E-06
 2703    4.588159E-06
 2704    4.584766E-06
 2705    4.581377E-06
 2706    4.172568E-06
 2707    4.169486E-06
 2708    4.166407E-06
 2709    4.163332E-06
 2710    4.160260E-06
 2711    4.063906E-06
 2712    4.060910E-06
 2713    4.057916E-06
 2714    4.054927E-06
 2715    4.051940E-06
 2716    4.553545E-06
 2717    4.550194E-06
 2718    4.546847E-06
 2719    4.543503E-06
 2720    4.540163E-06
 2721    5.242992E-06
 2722    5.239140E-06
 2723    5.235293E-06
 2724    5.231450E-06
 2725    5.227611E-06
 2726    6.573100E-06
 2727    6.568280E-06
 2728    6.563466E-06
 2729    6.558656E-06
 2730    6.553852E-06
 2731    7.831919E-06
 2732    7.826186E-06
 2733    7.820460E-06
 2734    7.814740E-06
 2735    7.809027E-06
 2736    8.649463E-06
 2737    8.643144E-06
 2738    8.636832E-06
 2739    8.630526E-06
 2740    8.624228E-06
 2741    9.523228E-06
 2742    9.516283E-06
 2743    9.509345E-06
 2744    9.502416E-06
 2745    9.495493E-06
 2746    9.679214E-06
 2747    9.672168E-06
 2748    9.665130E-06
 2749    9.658099E-06
 2750    9.651076E-06
 2751    1.041649E-05
 2752    1.040892E-05
 2753    1.040136E-05
 2754    1.039381E-05
 2755    1.038627E-05
 2756    1.132583E-05
 2757    1.131761E-05
 2758    1.130940E-05
 2759    1.130121E-05
 2760    1.129302E-05
 2761    1.245821E-05
 2762    1.244919E-05
 2763    1.244018E-05
 2764    1.243118E-05
 2765    1.242219E-05
 2766    1.357261E-05
 2767    1.356280E-05
 2768    1.355300E-05
 2769    1.354321E-05
 2770    1.353344E-05
 2771    1.349408E-05
 2772    1.348435E-05
 2773    1.347462E-05
 2774    1.346491E-05
 2775    1.345521E-05
 2776    1.303735E-05
 2777    1.302796E-05
 2778    1.301858E-05
 2779    1.300922E-05
 2780    1.299986E-05
 2781    1.061537E-05
 2782    1.060774E-05
 2783    1.060011E-05
 2784    1.059250E-05
 2785    1.058490E-05
 2786    7.411896E-06
 2787    7.406578E-06
 2788    7.401265E-06
 2789    7.395959E-06
 2790    7.390658E-06
 2791    2.456316E-06
 2792    2.454556E-06
 2793    2.452799E-06
 2794    2.451044E-06
 2795    2.449290E-06
 2796   -4.647649E-06
 2797   -4.644327E-06
 2798   -4.641007E-06
 2799   -4.637692E-06
 2800   -4.634380E-06
 2801   -1.336296E-05
 2802   -1.335342E-05
 2803   -1.334390E-05
 2804   -1.333438E-05
 2805   -1.332488E-05
 2806   -2.096572E-05
 2807   -2.095079E-05
 2808   -2.093587E-05
 2809   -2.092097E-05
 2810   -2.090608E-05
 2811   -2.701591E-05
 2812   -2.699670E-05
 2813   -2.697751E-05
 2814   -2.695834E-05
 2815   -2.693919E-05
 2816   -2.960845E-05
 2817   -2.958743E-05
 2818   -2.956643E-05
 2819   -2.954546E-05
 2820   -2.952451E-05
 2821   -2.612665E-05
 2822   -2.610814E-05
 2823   -2.608964E-05
 2824   -2.607117E-05
 2825   -2.605272E-05
 2826   -1.470094E-05
 2827   -1.469054E-05
 2828   -1.468015E-05
 2829   -1.466977E-05
 2830   -1.465941E-05
 2831    7.072150E-06
 2832    7.067156E-06
 2833    7.062168E-06
 2834    7.057185E-06
 2835    7.052207E-06
 2836    4.083321E-05
 2837    4.080442E-05
 2838    4.077567E-05
 2839    4.074695E-05
 2840    4.071826E-05
 2841    8.638043E-05
 2842    8.631965E-05
 2843    8.625894E-05
 2844    8.619829E-05
 2845    8.613770E-05
 2846    1.445035E-04
 2847    1.444020E-04
 2848    1.443006E-04
 2849    1.441993E-04
 2850    1.440982E-04
 2851    2.091068E-04
 2852    2.089601E-04
 2853    2.088137E-04
 2854    2.086674E-04
 2855    2.085212E-04
 2856    2.688425E-04
 2857    2.686544E-04
 2858    2.684664E-04
 2859    2.682786E-04
 2860    2.680911E-04
 2861    3.169265E-04
 2862    3.167050E-04
 2863    3.164838E-04
 2864    3.162629E-04
 2865    3.160421E-04
 2866    3.426604E-04
 2867    3.424214E-04
 2868    3.421827E-04
 2869    3.419442E-04
 2870    3.417059E-04
 2871    3.392032E-04
 2872    3.389670E-04
 2873    3.387311E-04
 2874    3.384954E-04
 2875    3.382600E-04
 2876    2.790880E-04
 2877    2.788940E-04
 2878    2.787002E-04
 2879    2.785066E-04
 2880    2.783133E-04
 2881    1.439097E-04
 2882    1.438099E-04
 2883    1.437101E-04
 2884    1.436105E-04
 2885    1.435109E-04
 2886   -1.096412E-04
 2887   -1.095652E-04
 2888   -1.094894E-04
 2889   -1.094136E-04
 2890   -1.093379E-04
 2891   -5.128914E-04
 2892   -5.125368E-04
 2893   -5.121825E-04
 2894   -5.118286E-04
 2895   -5.114751E-04
 2896   -1.076570E-03
 2897   -1.075827E-03
 2898   -1.075084E-03
 2899   -1.074343E-03
 2900   -1.073602E-03
 2901   -1.662933E-03
 2902   -1.661787E-03
 2903   -1.660642E-03
 2904   -1.659499E-03
 2905   -1.658357E-03
 2906   -2.183118E-03
 2907   -2.181617E-03
 2908   -2.180116E-03
 2909   -2.178618E-03
 2910   -2.177121E-03
 2911   -2.425641E-03
 2912   -2.423975E-03
 2913   -2.422311E-03
 2914   -2.420649E-03
 2915   -2.418989E-03
 2916   -2.491417E-03
 2917   -2.489709E-03
 2918   -2.488003E-03
 2919   -2.486298E-03
 2920   -2.484595E-03
 2921   -2.361264E-03
 2922   -2.359648E-03
 2923   -2.358033E-03
 2924   -2.356421E-03
 2925   -2.354810E-03
 2926   -1.771818E-03
 2927   -1.770608E-03
 2928   -1.769399E-03
 2929   -1.768191E-03
 2930   -1.766984E-03
 2931   -7.163551E-04
 2932   -7.158665E-04
 2933   -7.153785E-04
 2934   -7.148909E-04
 2935   -7.144038E-04
 2936    1.245909E-03
 2937    1.245061E-03
 2938    1.244214E-03
 2939    1.243367E-03
 2940    1.242521E-03
 2941    4.406767E-03
 2942    4.403771E-03
 2943    4.400779E-03
 2944    4.397790E-03
 2945    4.394804E-03
 2946    9.027478E-03
 2947    9.021352E-03
 2948    9.015233E-03
 2949    9.009120E-03
 2950    9.003013E-03
 2951    1.366919E-02
 2952    1.365993E-02
 2953    1.365068E-02
 2954    1.364144E-02
 2955    1.363221E-02
 2956    1.834932E-02
 2957    1.833691E-02
 2958    1.832451E-02
 2959    1.831213E-02
 2960    1.829976E-02
 2961    2.130397E-02
 2962    2.128959E-02
 2963    2.127522E-02
 2964    2.126086E-02
 2965    2.124653E-02
 2966    2.317262E-02
 2967    2.315700E-02
 2968    2.314140E-02
 2969    2.312581E-02
 2970    2.311024E-02
 2971    2.412226E-02
 2972    2.410602E-02
 2973    2.408981E-02
 2974    2.407361E-02
 2975    2.405743E-02
 2976    2.331876E-02
 2977    2.330310E-02
 2978    2.328745E-02
 2979    2.327182E-02
 2980    2.325620E-02
 2981    2.324585E-02
 2982    2.323026E-02
 2983    2.321469E-02
 2984    2.319913E-02
 2985    2.318359E-02
 2986    2.108885E-02
 2987    2.107474E-02
 2988    2.106063E-02
 2989    2.104654E-02
 2990    2.103247E-02
 2991    1.828947E-02
 2992    1.827725E-02
 2993    1.826503E-02
 2994    1.825284E-02
 2995    1.824065E-02
 2996    1.372194E-02
 2997    1.371278E-02
 2998    1.370363E-02
 2999    1.369450E-02
 3000    1.368537E-02
 3001    8.563268E-03
 3002    8.557564E-03
 3003    8.551866E-03
 3004    8.546173E-03
 3005    8.540486E-03
 3006    4.241940E-03
 3007    4.239119E-03
 3008    4.236301E-03
 3009    4.233486E-03
 3010    4.230673E-03
 3011    9.909383E-04
 3012    9.902805E-04
 3013    9.896232E-04
 3014    9.889666E-04
 3015    9.883107E-04
 3016   -9.452897E-04
 3017   -9.446631E-04
 3018   -9.440372E-04
 3019   -9.434119E-04
 3020   -9.427872E-04
 3021   -1.998661E-03
 3022   -1.997338E-03
 3023   -1.996017E-03
 3024   -1.994697E-03
 3025   -1.993379E-03
 3026   -2.462847E-03
 3027   -2.461220E-03
 3028   -2.459595E-03
 3029   -2.457971E-03
 3030   -2.456349E-03
 3031   -2.711882E-03
 3032   -2.710093E-03
 3033   -2.708306E-03
 3034   -2.706521E-03
 3035   -2.704738E-03
 3036   -2.586298E-03
 3037   -2.584595E-03
 3038   -2.582894E-03
 3039   -2.581194E-03
 3040   -2.579496E-03
 3041   -2.301241E-03
 3042   -2.299728E-03
 3043   -2.298217E-03
 3044   -2.296707E-03
 3045   -2.295199E-03
 3046   -1.760410E-03
 3047   -1.759255E-03
 3048   -1.758100E-03
 3049   -1.756947E-03
 3050   -1.755795E-03
 3051   -1.147320E-03
 3052   -1.146569E-03
 3053   -1.145818E-03
 3054   -1.145067E-03
 3055   -1.144318E-03
 3056   -5.808393E-04
 3057   -5.804594E-04
 3058   -5.800798E-04
 3059   -5.797006E-04
 3060   -5.793218E-04
 3061   -1.600441E-04
 3062   -1.599396E-04
 3063   -1.598352E-04
 3064   -1.597309E-04
 3065   -1.596266E-04
 3066    9.738114E-05
 3067    9.731764E-05
 3068    9.725421E-05
 3069    9.719085E-05
 3070    9.712754E-05
 3071    2.360606E-04
 3072    2.359070E-04
 3073    2.357535E-04
 3074    2.356001E-04
 3075    2.354469E-04
 3076    2.992834E-04
 3077    2.990889E-04
 3078    2.988946E-04
 3079    2.987005E-04
 3080    2.985065E-04
 3081    3.032285E-04
 3082    3.030318E-04
 3083    3.028352E-04
 3084    3.026389E-04
 3085    3.024427E-04
 3086    2.877283E-04
 3087    2.875419E-04
 3088    2.873557E-04
 3089    2.871697E-04
 3090    2.869839E-04
 3091    2.597982E-04
 3092    2.596302E-04
 3093    2.594624E-04
 3094    2.592947E-04
 3095    2.591272E-04
 3096    2.167718E-04
 3097    2.166319E-04
 3098    2.164920E-04
 3099    2.163523E-04
 3100    2.162128E-04
 3101    1.758602E-04
 3102    1.757468E-04
 3103    1.756336E-04
 3104    1.755204E-04
 3105    1.754074E-04
 3106    1.318083E-04
 3107    1.317234E-04
 3108    1.316387E-04
 3109    1.315540E-04
 3110    1.314694E-04
 3111    1.035530E-04
 3112    1.034865E-04
 3113    1.034200E-04
 3114    1.033536E-04
 3115    1.032872E-04
 3116    7.803207E-05
 3117    7.798201E-05
 3118    7.793199E-05
 3119    7.788203E-05
 3120    7.783211E-05
 3121    6.089936E-05
 3122    6.086035E-05
 3123    6.082138E-05
 3124    6.078245E-05
 3125    6.074356E-05
 3126    5.184869E-05
 3127    5.181553E-05
 3128    5.178240E-05
 3129    5.174931E-05
 3130    5.171625E-05
 3131    4.634492E-05
 3132    4.631533E-05
 3133    4.628577E-05
 3134    4.625624E-05
 3135    4.622674E-05
 3136    4.519956E-05
 3137    4.517074E-05
 3138    4.514196E-05
 3139    4.511320E-05
 3140    4.508447E-05
 3141    4.225769E-05
 3142    4.223079E-05
 3143    4.220392E-05
 3144    4.217708E-05
 3145    4.215026E-05
 3146    3.926578E-05
 3147    3.924083E-05
 3148    3.921591E-05
 3149    3.919100E-05
 3150    3.916612E-05
 3151    3.617419E-05
 3152    3.615125E-05
 3153    3.612832E-05
 3154    3.610541E-05
 3155    3.608253E-05
 3156    3.133780E-05
 3157    3.131795E-05
 3158    3.129812E-05
 3159    3.127831E-05
 3160    3.125851E-05
 3161    2.817308E-05
 3162    2.815526E-05
 3163    2.813746E-05
 3164    2.811968E-05
 3165    2.810191E-05
 3166    2.591956E-05
 3167    2.590320E-05
 3168    2.588685E-05
 3169    2.587051E-05
 3170    2.585419E-05
 3171    2.504165E-05
 3172    2.502586E-05
 3173    2.501009E-05
 3174    2.499433E-05
 3175    2.497859E-05
 3176    2.430352E-05
 3177    2.428822E-05
 3178    2.427294E-05
 3179    2.425767E-05
 3180    2.424241E-05
 3181    2.253463E-05
 3182    2.252047E-05
 3183    2.250632E-05
 3184    2.249218E-05
 3185    2.247806E-05
 3186    2.162198E-05
 3187    2.160841E-05
 3188    2.159486E-05
 3189    2.158132E-05
 3190    2.156779E-05
 3191    1.956919E-05
 3192    1.955693E-05
 3193    1.954468E-05
 3194    1.953245E-05
 3195    1.952022E-05
 3196    1.888905E-05
 3197    1.887724E-05
 3198    1.886543E-05
 3199    1.885364E-05
 3200    1.884186E-05
 3201    1.775324E-05
 3202    1.774215E-05
 3203    1.773108E-05
 3204    1.772001E-05
 3205    1.770895E-05
 3206    1.670551E-05
 3207    1.669510E-05
 3208    1.668469E-05
 3209    1.667429E-05
 3210    1.666391E-05
 3211    1.624368E-05
 3212    1.623356E-05
 3213    1.622346E-05
 3214    1.621337E-05
 3215    1.620328E-05
 3216    1.504915E-05
 3217    1.503979E-05
 3218    1.503045E-05
 3219    1.502111E-05
 3220    1.501178E-05
 3221    1.419818E-05
 3222    1.418937E-05
 3223    1.418057E-05
 3224    1.417177E-05
 3225    1.416298E-05
 3226    1.313860E-05
 3227    1.313046E-05
 3228    1.312232E-05
 3229    1.311419E-05
 3230    1.310608E-05
 3231    1.185260E-05
 3232    1.184527E-05
 3233    1.183794E-05
 3234    1.183062E-05
 3235    1.182331E-05
 3236    1.156486E-05
 3237    1.155771E-05
 3238    1.155058E-05
 3239    1.154345E-05
 3240    1.153632E-05
 3241    1.068985E-05
 3242    1.068326E-05
 3243    1.067667E-05
 3244    1.067009E-05
 3245    1.066351E-05
 3246    1.063721E-05
 3247    1.063066E-05
 3248    1.062412E-05
 3249    1.061758E-05
 3250    1.061105E-05
 3251    1.020663E-05
 3252    1.020035E-05
 3253    1.019408E-05
 3254    1.018782E-05
 3255    1.018156E-05
 3256    9.760745E-06
 3257    9.754752E-06
 3258    9.748765E-06
 3259    9.742783E-06
 3260    9.736807E-06
 3261    9.629012E-06
 3262    9.623109E-06
 3263    9.617211E-06
 3264    9.611319E-06
 3265    9.605433E-06
 3266    8.895580E-06
 3267    8.890135E-06
 3268    8.884695E-06
 3269    8.879261E-06
 3270    8.873831E-06
 3271    8.844001E-06
 3272    8.838596E-06
 3273    8.833196E-06
 3274    8.827801E-06
 3275    8.822410E-06
 3276    8.376724E-06
 3277    8.371613E-06
 3278    8.366506E-06
 3279    8.361403E-06
 3280    8.356306E-06
 3281    8.129649E-06
 3282    8.124696E-06
 3283    8.119747E-06
 3284    8.114803E-06
 3285    8.109863E-06
 3286    7.866767E-06
 3287    7.861982E-06
 3288    7.857200E-06
 3289    7.852423E-06
 3290    7.847650E-06
 3291    7.333257E-06
 3292    7.328802E-06
 3293    7.324352E-06
 3294    7.319906E-06
 3295    7.315463E-06
 3296    7.305420E-06
 3297    7.300989E-06
 3298    7.296562E-06
 3299    7.292139E-06
 3300    7.287720E-06
