   50    1.121321E-13
   51    9.433614E-14
   52    9.074303E-14
   53    8.735137E-14
   54    8.414635E-14
   55    8.111455E-14
   56    4.336230E-14
   57    4.185428E-14
   58    4.042357E-14
   59    3.906499E-14
   60    3.777376E-14
   61    1.658763E-14
   62    1.605690E-14
   63    1.555123E-14
   64    1.506908E-14
   65    1.460901E-14
   66    4.011001E-14
   67    3.892170E-14
   68    3.778542E-14
   69    3.669818E-14
   70    3.565720E-14
   71    3.181368E-14
   72    3.093615E-14
   73    3.009443E-14
   74    2.928660E-14
   75    2.851086E-14
   76    5.241701E-14
   77    5.106442E-14
   78    4.976352E-14
   79    4.851171E-14
   80    4.730654E-14
   81    8.446480E-14
   82    8.241732E-14
   83    8.044339E-14
   84    7.853954E-14
   85    7.670248E-14
   86    6.172626E-14
   87    6.031547E-14
   88    5.895249E-14
   89    5.763520E-14
   90    5.636157E-14
   91    6.254327E-14
   92    6.119106E-14
   93    5.988224E-14
   94    5.861496E-14
   95    5.738749E-14
   96    3.891133E-14
   97    3.811319E-14
   98    3.733936E-14
   99    3.658886E-14
  100    3.586076E-14
  101    1.268714E-14
  102    1.243960E-14
  103    1.219923E-14
  104    1.196577E-14
  105    1.173894E-14
  106    1.027480E-14
  107    1.008365E-14
  108    9.897785E-15
  109    9.717011E-15
  110    9.541144E-15
  111    2.339942E-14
  112    2.298345E-14
  113    2.257847E-14
  114    2.218410E-14
  115    2.179997E-14
  116    3.133953E-14
  117    3.080611E-14
  118    3.028619E-14
  119    2.977933E-14
  120    2.928508E-14
  121    5.305597E-14
  122    5.218978E-14
  123    5.134463E-14
  124    5.051985E-14
  125    4.971477E-14
  126    7.125289E-14
  127    7.013523E-14
  128    6.904366E-14
  129    6.797738E-14
  130    6.693561E-14
  131    5.691955E-14
  132    5.606042E-14
  133    5.522058E-14
  134    5.439948E-14
  135    5.359656E-14
  136    3.621192E-14
  137    3.568522E-14
  138    3.516992E-14
  139    3.466571E-14
  140    3.417226E-14
  141    2.057981E-14
  142    2.029098E-14
  143    2.000819E-14
  144    1.973126E-14
  145    1.946005E-14
  146    1.816947E-14
  147    1.792311E-14
  148    1.768173E-14
  149    1.744519E-14
  150    1.721336E-14
  151    2.828790E-14
  152    2.791692E-14
  153    2.755319E-14
  154    2.719652E-14
  155    2.684674E-14
  156    2.952940E-14
  157    2.915443E-14
  158    2.878656E-14
  159    2.842561E-14
  160    2.807140E-14
  161    6.934254E-14
  162    6.848911E-14
  163    6.765134E-14
  164    6.682884E-14
  165    6.602126E-14
  166    5.703347E-14
  167    5.635248E-14
  168    5.568362E-14
  169    5.502660E-14
  170    5.438114E-14
  171    6.573972E-14
  172    6.497754E-14
  173    6.422853E-14
  174    6.349240E-14
  175    6.276885E-14
  176    8.779668E-14
  177    8.680744E-14
  178    8.583482E-14
  179    8.487846E-14
  180    8.393799E-14
  181    4.984656E-14
  182    4.930031E-14
  183    4.876298E-14
  184    4.823439E-14
  185    4.771435E-14
  186    5.522173E-14
  187    5.463270E-14
  188    5.405305E-14
  189    5.348258E-14
  190    5.292109E-14
  191    4.576667E-14
  192    4.529117E-14
  193    4.482305E-14
  194    4.436216E-14
  195    4.390833E-14
  196    4.864536E-14
  197    4.815276E-14
  198    4.766760E-14
  199    4.718973E-14
  200    4.671902E-14
  201    4.526778E-14
  202    4.482070E-14
  203    4.438021E-14
  204    4.394618E-14
  205    4.351848E-14
  206    1.994788E-14
  207    1.975562E-14
  208    1.956612E-14
  209    1.937933E-14
  210    1.919521E-14
  211    2.156084E-15
  212    2.135792E-15
  213    2.115785E-15
  214    2.096057E-15
  215    2.076604E-15
  216    0.000000E+00
  217    0.000000E+00
  218    0.000000E+00
  219    0.000000E+00
  220    0.000000E+00
  221    0.000000E+00
  222    0.000000E+00
  223    0.000000E+00
  224    0.000000E+00
  225    0.000000E+00
  226    3.837138E-16
  227    3.803406E-16
  228    3.770116E-16
  229    3.737261E-16
  230    3.704834E-16
  231    0.000000E+00
  232    0.000000E+00
  233    0.000000E+00
  234    0.000000E+00
  235    0.000000E+00
  236    0.000000E+00
  237    0.000000E+00
  238    0.000000E+00
  239    0.000000E+00
  240    0.000000E+00
  241    0.000000E+00
  242    0.000000E+00
  243    0.000000E+00
  244    0.000000E+00
  245    0.000000E+00
  246    3.735621E-14
  247    3.705435E-14
  248    3.675613E-14
  249    3.646149E-14
  250    3.617038E-14
  251    4.107929E-13
  252    4.075391E-13
  253    4.043239E-13
  254    4.011465E-13
  255    3.980064E-13
  256    6.198123E-13
  257    6.149983E-13
  258    6.102401E-13
  259    6.055369E-13
  260    6.008879E-13
  261    1.258342E-12
  262    1.248755E-12
  263    1.239277E-12
  264    1.229906E-12
  265    1.220642E-12
  266    1.137494E-12
  267    1.128989E-12
  268    1.120580E-12
  269    1.112264E-12
  270    1.104040E-12
  271    2.217829E-12
  272    2.201551E-12
  273    2.185452E-12
  274    2.169529E-12
  275    2.153780E-12
  276    3.768904E-12
  277    3.741741E-12
  278    3.714870E-12
  279    3.688288E-12
  280    3.661990E-12
  281    1.534085E-11
  282    1.523224E-11
  283    1.512478E-11
  284    1.501846E-11
  285    1.491325E-11
  286    2.865629E-11
  287    2.845694E-11
  288    2.825966E-11
  289    2.806443E-11
  290    2.787122E-11
  291    4.789882E-11
  292    4.757131E-11
  293    4.724715E-11
  294    4.692629E-11
  295    4.660868E-11
  296    7.094461E-11
  297    7.046767E-11
  298    6.999553E-11
  299    6.952811E-11
  300    6.906537E-11
  301    8.520411E-11
  302    8.464078E-11
  303    8.408302E-11
  304    8.353075E-11
  305    8.298391E-11
  306    1.344159E-10
  307    1.335417E-10
  308    1.326759E-10
  309    1.318186E-10
  310    1.309695E-10
  311    1.353283E-10
  312    1.344622E-10
  313    1.336044E-10
  314    1.327547E-10
  315    1.319132E-10
  316    1.824088E-10
  317    1.812598E-10
  318    1.801216E-10
  319    1.789941E-10
  320    1.778771E-10
  321    2.264509E-10
  322    2.250466E-10
  323    2.236553E-10
  324    2.222768E-10
  325    2.209111E-10
  326    2.237288E-10
  327    2.223625E-10
  328    2.210087E-10
  329    2.196672E-10
  330    2.183379E-10
  331    3.051207E-10
  332    3.032854E-10
  333    3.014666E-10
  334    2.996641E-10
  335    2.978777E-10
  336    2.899022E-10
  337    2.881842E-10
  338    2.864815E-10
  339    2.847939E-10
  340    2.831211E-10
  341    3.976418E-10
  342    3.953198E-10
  343    3.930181E-10
  344    3.907365E-10
  345    3.884746E-10
  346    4.252132E-10
  347    4.227660E-10
  348    4.203398E-10
  349    4.179344E-10
  350    4.155496E-10
  351    4.319085E-10
  352    4.294579E-10
  353    4.270282E-10
  354    4.246190E-10
  355    4.222302E-10
  356    5.547074E-10
  357    5.516042E-10
  358    5.485269E-10
  359    5.454753E-10
  360    5.424491E-10
  361    5.341776E-10
  362    5.312305E-10
  363    5.283076E-10
  364    5.254088E-10
  365    5.225338E-10
  366    6.520671E-10
  367    6.485185E-10
  368    6.449987E-10
  369    6.415075E-10
  370    6.380446E-10
  371    6.598019E-10
  372    6.562594E-10
  373    6.527453E-10
  374    6.492593E-10
  375    6.458012E-10
  376    7.498431E-10
  377    7.458705E-10
  378    7.419293E-10
  379    7.380193E-10
  380    7.341401E-10
  381    8.600181E-10
  382    8.555213E-10
  383    8.510597E-10
  384    8.466329E-10
  385    8.422405E-10
  386    8.181620E-10
  387    8.139392E-10
  388    8.097491E-10
  389    8.055912E-10
  390    8.014653E-10
  391    9.998703E-10
  392    9.947754E-10
  393    9.897194E-10
  394    9.847019E-10
  395    9.797223E-10
  396    9.754026E-10
  397    9.704949E-10
  398    9.656242E-10
  399    9.607900E-10
  400    9.559921E-10
  401    1.153821E-09
  402    1.148087E-09
  403    1.142397E-09
  404    1.136748E-09
  405    1.131142E-09
  406    1.225479E-09
  407    1.219465E-09
  408    1.213494E-09
  409    1.207567E-09
  410    1.201684E-09
  411    1.259685E-09
  412    1.253577E-09
  413    1.247514E-09
  414    1.241494E-09
  415    1.235519E-09
  416    1.387866E-09
  417    1.381218E-09
  418    1.374617E-09
  419    1.368064E-09
  420    1.361557E-09
  421    1.490994E-09
  422    1.483936E-09
  423    1.476928E-09
  424    1.469970E-09
  425    1.463061E-09
  426    1.651399E-09
  427    1.643673E-09
  428    1.636001E-09
  429    1.628383E-09
  430    1.620818E-09
  431    1.791908E-09
  432    1.783622E-09
  433    1.775393E-09
  434    1.767221E-09
  435    1.759105E-09
  436    1.962942E-09
  437    1.953968E-09
  438    1.945056E-09
  439    1.936205E-09
  440    1.927414E-09
  441    1.996129E-09
  442    1.987107E-09
  443    1.978146E-09
  444    1.969245E-09
  445    1.960404E-09
  446    2.208643E-09
  447    2.198772E-09
  448    2.188967E-09
  449    2.179227E-09
  450    2.169552E-09
  451    2.350583E-09
  452    2.340194E-09
  453    2.329873E-09
  454    2.319621E-09
  455    2.309436E-09
  456    2.595755E-09
  457    2.584408E-09
  458    2.573135E-09
  459    2.561935E-09
  460    2.550808E-09
  461    2.732124E-09
  462    2.720310E-09
  463    2.708571E-09
  464    2.696909E-09
  465    2.685322E-09
  466    2.638838E-09
  467    2.627549E-09
  468    2.616332E-09
  469    2.605187E-09
  470    2.594113E-09
  471    3.227726E-09
  472    3.214064E-09
  473    3.200488E-09
  474    3.186998E-09
  475    3.173593E-09
  476    3.213899E-09
  477    3.200438E-09
  478    3.187061E-09
  479    3.173767E-09
  480    3.160557E-09
  481    3.706341E-09
  482    3.690978E-09
  483    3.675710E-09
  484    3.660537E-09
  485    3.645457E-09
  486    3.651206E-09
  487    3.636227E-09
  488    3.621339E-09
  489    3.606543E-09
  490    3.591838E-09
  491    3.668028E-09
  492    3.653133E-09
  493    3.638328E-09
  494    3.623613E-09
  495    3.608986E-09
  496    4.337156E-09
  497    4.319720E-09
  498    4.302390E-09
  499    4.285163E-09
  500    4.268039E-09
  501    4.155647E-09
  502    4.139108E-09
  503    4.122666E-09
  504    4.106323E-09
  505    4.090076E-09
  506    4.867599E-09
  507    4.848416E-09
  508    4.829347E-09
  509    4.810390E-09
  510    4.791544E-09
  511    4.951446E-09
  512    4.932124E-09
  513    4.912914E-09
  514    4.893816E-09
  515    4.874829E-09
  516    5.194664E-09
  517    5.174588E-09
  518    5.154628E-09
  519    5.134784E-09
  520    5.115053E-09
  521    5.885552E-09
  522    5.863024E-09
  523    5.840624E-09
  524    5.818353E-09
  525    5.796209E-09
  526    5.311537E-09
  527    5.291399E-09
  528    5.271375E-09
  529    5.251464E-09
  530    5.231666E-09
  531    6.533886E-09
  532    6.509345E-09
  533    6.484943E-09
  534    6.460678E-09
  535    6.436548E-09
  536    6.361282E-09
  537    6.337612E-09
  538    6.314074E-09
  539    6.290667E-09
  540    6.267390E-09
  541    7.200543E-09
  542    7.173997E-09
  543    7.147598E-09
  544    7.121344E-09
  545    7.095235E-09
  546    7.374009E-09
  547    7.347072E-09
  548    7.320282E-09
  549    7.293639E-09
  550    7.267141E-09
  551    7.151926E-09
  552    7.126037E-09
  553    7.100288E-09
  554    7.074679E-09
  555    7.049207E-09
  556    8.520747E-09
  557    8.490179E-09
  558    8.459776E-09
  559    8.429535E-09
  560    8.399457E-09
  561    8.044217E-09
  562    8.015615E-09
  563    7.987166E-09
  564    7.958868E-09
  565    7.930720E-09
  566    9.208302E-09
  567    9.175850E-09
  568    9.143569E-09
  569    9.111458E-09
  570    9.079516E-09
  571    8.973709E-09
  572    8.942360E-09
  573    8.911175E-09
  574    8.880153E-09
  575    8.849292E-09
  576    9.945786E-09
  577    9.911342E-09
  578    9.877076E-09
  579    9.842988E-09
  580    9.809076E-09
  581    1.034784E-08
  582    1.031231E-08
  583    1.027697E-08
  584    1.024180E-08
  585    1.020682E-08
  586    1.041171E-08
  587    1.037626E-08
  588    1.034100E-08
  589    1.030591E-08
  590    1.027101E-08
  591    1.173894E-08
  592    1.169932E-08
  593    1.165989E-08
  594    1.162067E-08
  595    1.158164E-08
  596    1.180387E-08
  597    1.176436E-08
  598    1.172505E-08
  599    1.168593E-08
  600    1.164701E-08
  601    1.293738E-08
  602    1.289443E-08
  603    1.285170E-08
  604    1.280918E-08
  605    1.276687E-08
  606    1.300256E-08
  607    1.295976E-08
  608    1.291716E-08
  609    1.287477E-08
  610    1.283260E-08
  611    1.308142E-08
  612    1.303870E-08
  613    1.299620E-08
  614    1.295390E-08
  615    1.291181E-08
  616    1.540245E-08
  617    1.535256E-08
  618    1.530291E-08
  619    1.525351E-08
  620    1.520435E-08
  621    1.489077E-08
  622    1.484293E-08
  623    1.479531E-08
  624    1.474793E-08
  625    1.470078E-08
  626    1.664076E-08
  627    1.658772E-08
  628    1.653494E-08
  629    1.648240E-08
  630    1.643012E-08
  631    1.628200E-08
  632    1.623052E-08
  633    1.617928E-08
  634    1.612828E-08
  635    1.607752E-08
  636    1.728940E-08
  637    1.723516E-08
  638    1.718117E-08
  639    1.712744E-08
  640    1.707396E-08
  641    1.912578E-08
  642    1.906624E-08
  643    1.900698E-08
  644    1.894800E-08
  645    1.888929E-08
  646    1.824916E-08
  647    1.819279E-08
  648    1.813668E-08
  649    1.808083E-08
  650    1.802524E-08
  651    2.072591E-08
  652    2.066238E-08
  653    2.059914E-08
  654    2.053620E-08
  655    2.047354E-08
  656    2.046490E-08
  657    2.040265E-08
  658    2.034068E-08
  659    2.027899E-08
  660    2.021759E-08
  661    2.160645E-08
  662    2.154123E-08
  663    2.147629E-08
  664    2.141165E-08
  665    2.134731E-08
  666    2.255303E-08
  667    2.248545E-08
  668    2.241818E-08
  669    2.235121E-08
  670    2.228454E-08
  671    2.185433E-08
  672    2.178934E-08
  673    2.172463E-08
  674    2.166022E-08
  675    2.159609E-08
  676    2.521613E-08
  677    2.514169E-08
  678    2.506758E-08
  679    2.499380E-08
  680    2.492034E-08
  681    2.407772E-08
  682    2.400716E-08
  683    2.393691E-08
  684    2.386697E-08
  685    2.379734E-08
  686    2.712261E-08
  687    2.704371E-08
  688    2.696515E-08
  689    2.688693E-08
  690    2.680906E-08
  691    2.716747E-08
  692    2.708901E-08
  693    2.701089E-08
  694    2.693310E-08
  695    2.685565E-08
  696    2.783599E-08
  697    2.775618E-08
  698    2.767670E-08
  699    2.759757E-08
  700    2.751878E-08
  701    3.073618E-08
  702    3.064867E-08
  703    3.056154E-08
  704    3.047478E-08
  705    3.038839E-08
  706    2.900887E-08
  707    2.892686E-08
  708    2.884521E-08
  709    2.876390E-08
  710    2.868293E-08
  711    3.286508E-08
  712    3.277283E-08
  713    3.268097E-08
  714    3.258949E-08
  715    3.249839E-08
  716    3.278390E-08
  717    3.269252E-08
  718    3.260151E-08
  719    3.251089E-08
  720    3.242065E-08
  721    3.553011E-08
  722    3.543176E-08
  723    3.533381E-08
  724    3.523627E-08
  725    3.513914E-08
  726    3.631806E-08
  727    3.621822E-08
  728    3.611878E-08
  729    3.601976E-08
  730    3.592114E-08
  731    3.576639E-08
  732    3.566874E-08
  733    3.557148E-08
  734    3.547462E-08
  735    3.537816E-08
  736    3.889527E-08
  737    3.878979E-08
  738    3.868474E-08
  739    3.858012E-08
  740    3.847592E-08
  741    3.927679E-08
  742    3.917099E-08
  743    3.906562E-08
  744    3.896068E-08
  745    3.885615E-08
  746    4.199669E-08
  747    4.188432E-08
  748    4.177241E-08
  749    4.166094E-08
  750    4.154992E-08
  751    4.339186E-08
  752    4.327654E-08
  753    4.316167E-08
  754    4.304726E-08
  755    4.293330E-08
  756    4.160519E-08
  757    4.149534E-08
  758    4.138592E-08
  759    4.127694E-08
  760    4.116839E-08
  761    4.876456E-08
  762    4.863666E-08
  763    4.850925E-08
  764    4.838235E-08
  765    4.825594E-08
  766    4.639659E-08
  767    4.627569E-08
  768    4.615526E-08
  769    4.603530E-08
  770    4.591580E-08
  771    4.876625E-08
  772    4.863999E-08
  773    4.851423E-08
  774    4.838895E-08
  775    4.826415E-08
  776    4.998405E-08
  777    4.985548E-08
  778    4.972740E-08
  779    4.959981E-08
  780    4.947271E-08
  781    5.259296E-08
  782    5.245854E-08
  783    5.232463E-08
  784    5.219123E-08
  785    5.205835E-08
  786    5.438563E-08
  787    5.424750E-08
  788    5.410991E-08
  789    5.397283E-08
  790    5.383628E-08
  791    5.483590E-08
  792    5.469752E-08
  793    5.455965E-08
  794    5.442231E-08
  795    5.428548E-08
  796    5.826436E-08
  797    5.811824E-08
  798    5.797268E-08
  799    5.782765E-08
  800    5.768317E-08
  801    5.814468E-08
  802    5.799977E-08
  803    5.785540E-08
  804    5.771157E-08
  805    5.756828E-08
  806    6.132507E-08
  807    6.117318E-08
  808    6.102185E-08
  809    6.087109E-08
  810    6.072088E-08
  811    6.211369E-08
  812    6.196079E-08
  813    6.180846E-08
  814    6.165669E-08
  815    6.150548E-08
  816    6.320666E-08
  817    6.305203E-08
  818    6.289796E-08
  819    6.274446E-08
  820    6.259152E-08
  821    6.656588E-08
  822    6.640401E-08
  823    6.624274E-08
  824    6.608206E-08
  825    6.592195E-08
  826    6.826266E-08
  827    6.809768E-08
  828    6.793329E-08
  829    6.776950E-08
  830    6.760629E-08
  831    7.162012E-08
  832    7.144806E-08
  833    7.127662E-08
  834    7.110579E-08
  835    7.093558E-08
  836    7.046135E-08
  837    7.029309E-08
  838    7.012542E-08
  839    6.995836E-08
  840    6.979189E-08
  841    7.147816E-08
  842    7.130848E-08
  843    7.113940E-08
  844    7.097092E-08
  845    7.080304E-08
  846    7.760685E-08
  847    7.742371E-08
  848    7.724121E-08
  849    7.705936E-08
  850    7.687815E-08
  851    7.482829E-08
  852    7.465274E-08
  853    7.447781E-08
  854    7.430349E-08
  855    7.412978E-08
  856    8.020338E-08
  857    8.001631E-08
  858    7.982990E-08
  859    7.964415E-08
  860    7.945903E-08
  861    7.821597E-08
  862    7.803460E-08
  863    7.785386E-08
  864    7.767374E-08
  865    7.749426E-08
  866    8.590973E-08
  867    8.571167E-08
  868    8.551429E-08
  869    8.531760E-08
  870    8.512158E-08
  871    8.761603E-08
  872    8.741520E-08
  873    8.721505E-08
  874    8.701558E-08
  875    8.681681E-08
  876    8.680165E-08
  877    8.660381E-08
  878    8.640665E-08
  879    8.621016E-08
  880    8.601434E-08
  881    9.202509E-08
  882    9.181654E-08
  883    9.160869E-08
  884    9.140155E-08
  885    9.119511E-08
  886    9.141538E-08
  887    9.120937E-08
  888    9.100406E-08
  889    9.079944E-08
  890    9.059551E-08
  891    9.615147E-08
  892    9.593600E-08
  893    9.572126E-08
  894    9.550724E-08
  895    9.529393E-08
  896    9.673466E-08
  897    9.651910E-08
  898    9.630425E-08
  899    9.609013E-08
  900    9.587671E-08
  901    9.671789E-08
  902    9.650356E-08
  903    9.628994E-08
  904    9.607702E-08
  905    9.586482E-08
  906    1.044498E-07
  907    1.042196E-07
  908    1.039901E-07
  909    1.037615E-07
  910    1.035335E-07
  911    1.010476E-07
  912    1.008261E-07
  913    1.006054E-07
  914    1.003854E-07
  915    1.001661E-07
  916    1.105695E-07
  917    1.103285E-07
  918    1.100882E-07
  919    1.098488E-07
  920    1.096101E-07
  921    1.061593E-07
  922    1.059291E-07
  923    1.056997E-07
  924    1.054710E-07
  925    1.052431E-07
  926    1.101694E-07
  927    1.099319E-07
  928    1.096951E-07
  929    1.094590E-07
  930    1.092238E-07
  931    1.185308E-07
  932    1.182766E-07
  933    1.180232E-07
  934    1.177706E-07
  935    1.175188E-07
  936    1.103067E-07
  937    1.100714E-07
  938    1.098368E-07
  939    1.096030E-07
  940    1.093699E-07
  941    1.200404E-07
  942    1.197857E-07
  943    1.195318E-07
  944    1.192787E-07
  945    1.190264E-07
  946    1.181702E-07
  947    1.179207E-07
  948    1.176721E-07
  949    1.174242E-07
  950    1.171772E-07
  951    1.233790E-07
  952    1.231200E-07
  953    1.228617E-07
  954    1.226043E-07
  955    1.223477E-07
  956    1.241191E-07
  957    1.238598E-07
  958    1.236014E-07
  959    1.233437E-07
  960    1.230869E-07
  961    1.213572E-07
  962    1.211050E-07
  963    1.208536E-07
  964    1.206030E-07
  965    1.203532E-07
  966    1.337619E-07
  967    1.334854E-07
  968    1.332098E-07
  969    1.329350E-07
  970    1.326610E-07
  971    1.253182E-07
  972    1.250605E-07
  973    1.248036E-07
  974    1.245474E-07
  975    1.242921E-07
  976    1.374703E-07
  977    1.371890E-07
  978    1.369086E-07
  979    1.366290E-07
  980    1.363504E-07
  981    1.358720E-07
  982    1.355954E-07
  983    1.353196E-07
  984    1.350447E-07
  985    1.347707E-07
  986    1.335534E-07
  987    1.332829E-07
  988    1.330132E-07
  989    1.327444E-07
  990    1.324763E-07
  991    1.408739E-07
  992    1.405900E-07
  993    1.403070E-07
  994    1.400248E-07
  995    1.397435E-07
  996    1.375207E-07
  997    1.372449E-07
  998    1.369700E-07
  999    1.366960E-07
 1000    1.364227E-07
 1001    1.424583E-07
 1002    1.421741E-07
 1003    1.418907E-07
 1004    1.416082E-07
 1005    1.413266E-07
 1006    1.409221E-07
 1007    1.406423E-07
 1008    1.403634E-07
 1009    1.400853E-07
 1010    1.398081E-07
 1011    1.428895E-07
 1012    1.426072E-07
 1013    1.423258E-07
 1014    1.420452E-07
 1015    1.417655E-07
 1016    1.556078E-07
 1017    1.553019E-07
 1018    1.549969E-07
 1019    1.546929E-07
 1020    1.543897E-07
 1021    1.468213E-07
 1022    1.465341E-07
 1023    1.462477E-07
 1024    1.459622E-07
 1025    1.456776E-07
 1026    1.514162E-07
 1027    1.511215E-07
 1028    1.508276E-07
 1029    1.505346E-07
 1030    1.502424E-07
 1031    1.518753E-07
 1032    1.515812E-07
 1033    1.512878E-07
 1034    1.509953E-07
 1035    1.507037E-07
 1036    1.536567E-07
 1037    1.533604E-07
 1038    1.530651E-07
 1039    1.527706E-07
 1040    1.524770E-07
 1041    1.603161E-07
 1042    1.600085E-07
 1043    1.597019E-07
 1044    1.593961E-07
 1045    1.590911E-07
 1046    1.569218E-07
 1047    1.566222E-07
 1048    1.563234E-07
 1049    1.560255E-07
 1050    1.557284E-07
 1051    1.606147E-07
 1052    1.603095E-07
 1053    1.600052E-07
 1054    1.597017E-07
 1055    1.593991E-07
 1056    1.590085E-07
 1057    1.587078E-07
 1058    1.584079E-07
 1059    1.581089E-07
 1060    1.578107E-07
 1061    1.623163E-07
 1062    1.620108E-07
 1063    1.617061E-07
 1064    1.614023E-07
 1065    1.610993E-07
 1066    1.665517E-07
 1067    1.662397E-07
 1068    1.659285E-07
 1069    1.656182E-07
 1070    1.653088E-07
 1071    1.678727E-07
 1072    1.675596E-07
 1073    1.672474E-07
 1074    1.669361E-07
 1075    1.666257E-07
 1076    1.623845E-07
 1077    1.620831E-07
 1078    1.617826E-07
 1079    1.614828E-07
 1080    1.611839E-07
 1081    1.726775E-07
 1082    1.723585E-07
 1083    1.720404E-07
 1084    1.717231E-07
 1085    1.714067E-07
 1086    1.708596E-07
 1087    1.705454E-07
 1088    1.702320E-07
 1089    1.699196E-07
 1090    1.696079E-07
 1091    1.695421E-07
 1092    1.692317E-07
 1093    1.689222E-07
 1094    1.686135E-07
 1095    1.683057E-07
 1096    1.741337E-07
 1097    1.738164E-07
 1098    1.734999E-07
 1099    1.731843E-07
 1100    1.728696E-07
 1101    1.779160E-07
 1102    1.775932E-07
 1103    1.772713E-07
 1104    1.769503E-07
 1105    1.766302E-07
 1106    1.712734E-07
 1107    1.709641E-07
 1108    1.706556E-07
 1109    1.703480E-07
 1110    1.700412E-07
 1111    1.747378E-07
 1112    1.744237E-07
 1113    1.741104E-07
 1114    1.737979E-07
 1115    1.734863E-07
 1116    1.728415E-07
 1117    1.725322E-07
 1118    1.722237E-07
 1119    1.719160E-07
 1120    1.716091E-07
 1121    1.823756E-07
 1122    1.820507E-07
 1123    1.817266E-07
 1124    1.814034E-07
 1125    1.810810E-07
 1126    1.724754E-07
 1127    1.721695E-07
 1128    1.718644E-07
 1129    1.715601E-07
 1130    1.712565E-07
 1131    1.773173E-07
 1132    1.770042E-07
 1133    1.766919E-07
 1134    1.763804E-07
 1135    1.760697E-07
 1136    1.763975E-07
 1137    1.760873E-07
 1138    1.757780E-07
 1139    1.754695E-07
 1140    1.751618E-07
 1141    1.773504E-07
 1142    1.770399E-07
 1143    1.767303E-07
 1144    1.764214E-07
 1145    1.761134E-07
 1146    1.834904E-07
 1147    1.831706E-07
 1148    1.828516E-07
 1149    1.825335E-07
 1150    1.822161E-07
 1151    1.739159E-07
 1152    1.736141E-07
 1153    1.733131E-07
 1154    1.730128E-07
 1155    1.727134E-07
 1156    1.787899E-07
 1157    1.784810E-07
 1158    1.781729E-07
 1159    1.778656E-07
 1160    1.775590E-07
 1161    1.752689E-07
 1162    1.749674E-07
 1163    1.746666E-07
 1164    1.743666E-07
 1165    1.740674E-07
 1166    1.773815E-07
 1167    1.770776E-07
 1168    1.767746E-07
 1169    1.764722E-07
 1170    1.761707E-07
 1171    1.850214E-07
 1172    1.847058E-07
 1173    1.843910E-07
 1174    1.840770E-07
 1175    1.837638E-07
 1176    1.716861E-07
 1177    1.713945E-07
 1178    1.711036E-07
 1179    1.708135E-07
 1180    1.705241E-07
 1181    1.811521E-07
 1182    1.808457E-07
 1183    1.805401E-07
 1184    1.802352E-07
 1185    1.799312E-07
 1186    1.821244E-07
 1187    1.818177E-07
 1188    1.815117E-07
 1189    1.812065E-07
 1190    1.809021E-07
 1191    1.765633E-07
 1192    1.762672E-07
 1193    1.759718E-07
 1194    1.756772E-07
 1195    1.753833E-07
 1196    1.801408E-07
 1197    1.798399E-07
 1198    1.795398E-07
 1199    1.792405E-07
 1200    1.789418E-07
 1201    1.744465E-07
 1202    1.741564E-07
 1203    1.738670E-07
 1204    1.735783E-07
 1205    1.732903E-07
 1206    1.805309E-07
 1207    1.802319E-07
 1208    1.799337E-07
 1209    1.796361E-07
 1210    1.793393E-07
 1211    1.740409E-07
 1212    1.737539E-07
 1213    1.734675E-07
 1214    1.731818E-07
 1215    1.728969E-07
 1216    1.733841E-07
 1217    1.730992E-07
 1218    1.728151E-07
 1219    1.725317E-07
 1220    1.722490E-07
 1221    1.784848E-07
 1222    1.781928E-07
 1223    1.779015E-07
 1224    1.776110E-07
 1225    1.773211E-07
 1226    1.676273E-07
 1227    1.673542E-07
 1228    1.670817E-07
 1229    1.668100E-07
 1230    1.665388E-07
 1231    1.783320E-07
 1232    1.780426E-07
 1233    1.777540E-07
 1234    1.774660E-07
 1235    1.771787E-07
 1236    1.699593E-07
 1237    1.696846E-07
 1238    1.694106E-07
 1239    1.691372E-07
 1240    1.688645E-07
 1241    1.687332E-07
 1242    1.684616E-07
 1243    1.681906E-07
 1244    1.679203E-07
 1245    1.676507E-07
 1246    1.724425E-07
 1247    1.721661E-07
 1248    1.718903E-07
 1249    1.716151E-07
 1250    1.713407E-07
 1251    1.645584E-07
 1252    1.642956E-07
 1253    1.640335E-07
 1254    1.637720E-07
 1255    1.635111E-07
 1256    1.728637E-07
 1257    1.725888E-07
 1258    1.723145E-07
 1259    1.720409E-07
 1260    1.717679E-07
 1261    1.594579E-07
 1262    1.592053E-07
 1263    1.589533E-07
 1264    1.587019E-07
 1265    1.584510E-07
 1266    1.636468E-07
 1267    1.633886E-07
 1268    1.631310E-07
 1269    1.628740E-07
 1270    1.626176E-07
 1271    1.640935E-07
 1272    1.638356E-07
 1273    1.635783E-07
 1274    1.633216E-07
 1275    1.630655E-07
 1276    1.557458E-07
 1277    1.555020E-07
 1278    1.552587E-07
 1279    1.550160E-07
 1280    1.547739E-07
 1281    1.568936E-07
 1282    1.566490E-07
 1283    1.564049E-07
 1284    1.561614E-07
 1285    1.559184E-07
 1286    1.524929E-07
 1287    1.522560E-07
 1288    1.520197E-07
 1289    1.517839E-07
 1290    1.515487E-07
 1291    1.569539E-07
 1292    1.567111E-07
 1293    1.564688E-07
 1294    1.562270E-07
 1295    1.559858E-07
 1296    1.505381E-07
 1297    1.503060E-07
 1298    1.500745E-07
 1299    1.498436E-07
 1300    1.496131E-07
 1301    1.494646E-07
 1302    1.492351E-07
 1303    1.490061E-07
 1304    1.487776E-07
 1305    1.485497E-07
 1306    1.463490E-07
 1307    1.461251E-07
 1308    1.459018E-07
 1309    1.456789E-07
 1310    1.454566E-07
 1311    1.441828E-07
 1312    1.439631E-07
 1313    1.437439E-07
 1314    1.435252E-07
 1315    1.433070E-07
 1316    1.447156E-07
 1317    1.444960E-07
 1318    1.442768E-07
 1319    1.440581E-07
 1320    1.438399E-07
 1321    1.386449E-07
 1322    1.384352E-07
 1323    1.382260E-07
 1324    1.380173E-07
 1325    1.378090E-07
 1326    1.371365E-07
 1327    1.369299E-07
 1328    1.367238E-07
 1329    1.365181E-07
 1330    1.363129E-07
 1331    1.338312E-07
 1332    1.336304E-07
 1333    1.334299E-07
 1334    1.332300E-07
 1335    1.330305E-07
 1336    1.326283E-07
 1337    1.324300E-07
 1338    1.322321E-07
 1339    1.320347E-07
 1340    1.318377E-07
 1341    1.325681E-07
 1342    1.323706E-07
 1343    1.321736E-07
 1344    1.319770E-07
 1345    1.317808E-07
 1346    1.284456E-07
 1347    1.282550E-07
 1348    1.280648E-07
 1349    1.278750E-07
 1350    1.276856E-07
 1351    1.282094E-07
 1352    1.280198E-07
 1353    1.278307E-07
 1354    1.276419E-07
 1355    1.274536E-07
 1356    1.262775E-07
 1357    1.260915E-07
 1358    1.259058E-07
 1359    1.257206E-07
 1360    1.255358E-07
 1361    1.226748E-07
 1362    1.224947E-07
 1363    1.223150E-07
 1364    1.221357E-07
 1365    1.219569E-07
 1366    1.195168E-07
 1367    1.193420E-07
 1368    1.191676E-07
 1369    1.189935E-07
 1370    1.188199E-07
 1371    1.172465E-07
 1372    1.170757E-07
 1373    1.169052E-07
 1374    1.167351E-07
 1375    1.165654E-07
 1376    1.199131E-07
 1377    1.197390E-07
 1378    1.195653E-07
 1379    1.193920E-07
 1380    1.192190E-07
 1381    1.132130E-07
 1382    1.130492E-07
 1383    1.128858E-07
 1384    1.127227E-07
 1385    1.125600E-07
 1386    1.138895E-07
 1387    1.137253E-07
 1388    1.135615E-07
 1389    1.133980E-07
 1390    1.132349E-07
 1391    1.078103E-07
 1392    1.076555E-07
 1393    1.075010E-07
 1394    1.073468E-07
 1395    1.071929E-07
 1396    1.108474E-07
 1397    1.106888E-07
 1398    1.105305E-07
 1399    1.103725E-07
 1400    1.102149E-07
 1401    1.098541E-07
 1402    1.096974E-07
 1403    1.095411E-07
 1404    1.093851E-07
 1405    1.092295E-07
 1406    1.053957E-07
 1407    1.052460E-07
 1408    1.050965E-07
 1409    1.049474E-07
 1410    1.047986E-07
 1411    1.052307E-07
 1412    1.050817E-07
 1413    1.049330E-07
 1414    1.047846E-07
 1415    1.046366E-07
 1416    1.017205E-07
 1417    1.015769E-07
 1418    1.014337E-07
 1419    1.012908E-07
 1420    1.011482E-07
 1421    1.012280E-07
 1422    1.010857E-07
 1423    1.009436E-07
 1424    1.008019E-07
 1425    1.006605E-07
 1426    1.030660E-07
 1427    1.029216E-07
 1428    1.027775E-07
 1429    1.026337E-07
 1430    1.024902E-07
 1431    9.969753E-08
 1432    9.955834E-08
 1433    9.941944E-08
 1434    9.928082E-08
 1435    9.914250E-08
 1436    1.005623E-07
 1437    1.004224E-07
 1438    1.002827E-07
 1439    1.001434E-07
 1440    1.000044E-07
 1441    9.875796E-08
 1442    9.862103E-08
 1443    9.848439E-08
 1444    9.834803E-08
 1445    9.821196E-08
 1446    9.883649E-08
 1447    9.869993E-08
 1448    9.856365E-08
 1449    9.842766E-08
 1450    9.829194E-08
 1451    9.825151E-08
 1452    9.811622E-08
 1453    9.798122E-08
 1454    9.784649E-08
 1455    9.771204E-08
 1456    9.517549E-08
 1457    9.504489E-08
 1458    9.491456E-08
 1459    9.478449E-08
 1460    9.465470E-08
 1461    1.015505E-07
 1462    1.014116E-07
 1463    1.012730E-07
 1464    1.011347E-07
 1465    1.009967E-07
 1466    9.728193E-08
 1467    9.714935E-08
 1468    9.701704E-08
 1469    9.688500E-08
 1470    9.675323E-08
 1471    1.004214E-07
 1472    1.002850E-07
 1473    1.001489E-07
 1474    1.000131E-07
 1475    9.987752E-08
 1476    9.745722E-08
 1477    9.732530E-08
 1478    9.719365E-08
 1479    9.706226E-08
 1480    9.693114E-08
 1481    1.001248E-07
 1482    9.998974E-08
 1483    9.985494E-08
 1484    9.972041E-08
 1485    9.958615E-08
 1486    1.042308E-07
 1487    1.040907E-07
 1488    1.039508E-07
 1489    1.038113E-07
 1490    1.036720E-07
 1491    1.027762E-07
 1492    1.026385E-07
 1493    1.025010E-07
 1494    1.023638E-07
 1495    1.022269E-07
 1496    1.051848E-07
 1497    1.050443E-07
 1498    1.049041E-07
 1499    1.047642E-07
 1500    1.046245E-07
 1501    1.064707E-07
 1502    1.063290E-07
 1503    1.061875E-07
 1504    1.060464E-07
 1505    1.059055E-07
 1506    1.089710E-07
 1507    1.088264E-07
 1508    1.086821E-07
 1509    1.085381E-07
 1510    1.083944E-07
 1511    1.128815E-07
 1512    1.127323E-07
 1513    1.125833E-07
 1514    1.124346E-07
 1515    1.122862E-07
 1516    1.117180E-07
 1517    1.115708E-07
 1518    1.114239E-07
 1519    1.112772E-07
 1520    1.111308E-07
 1521    1.164145E-07
 1522    1.162616E-07
 1523    1.161090E-07
 1524    1.159567E-07
 1525    1.158046E-07
 1526    1.237735E-07
 1527    1.236114E-07
 1528    1.234497E-07
 1529    1.232883E-07
 1530    1.231272E-07
 1531    1.255553E-07
 1532    1.253915E-07
 1533    1.252279E-07
 1534    1.250647E-07
 1535    1.249018E-07
 1536    1.284469E-07
 1537    1.282798E-07
 1538    1.281131E-07
 1539    1.279466E-07
 1540    1.277805E-07
 1541    1.283517E-07
 1542    1.281853E-07
 1543    1.280192E-07
 1544    1.278534E-07
 1545    1.276880E-07
 1546    1.410409E-07
 1547    1.408586E-07
 1548    1.406767E-07
 1549    1.404951E-07
 1550    1.403139E-07
 1551    1.405163E-07
 1552    1.403353E-07
 1553    1.401546E-07
 1554    1.399743E-07
 1555    1.397943E-07
 1556    1.498466E-07
 1557    1.496542E-07
 1558    1.494621E-07
 1559    1.492704E-07
 1560    1.490791E-07
 1561    1.541994E-07
 1562    1.540021E-07
 1563    1.538051E-07
 1564    1.536084E-07
 1565    1.534122E-07
 1566    1.596720E-07
 1567    1.594683E-07
 1568    1.592649E-07
 1569    1.590620E-07
 1570    1.588594E-07
 1571    1.682299E-07
 1572    1.680159E-07
 1573    1.678023E-07
 1574    1.675892E-07
 1575    1.673765E-07
 1576    1.776326E-07
 1577    1.774074E-07
 1578    1.771826E-07
 1579    1.769582E-07
 1580    1.767343E-07
 1581    1.847953E-07
 1582    1.845617E-07
 1583    1.843286E-07
 1584    1.840959E-07
 1585    1.838637E-07
 1586    1.969931E-07
 1587    1.967450E-07
 1588    1.964972E-07
 1589    1.962500E-07
 1590    1.960032E-07
 1591    2.039801E-07
 1592    2.037240E-07
 1593    2.034683E-07
 1594    2.032131E-07
 1595    2.029583E-07
 1596    2.141105E-07
 1597    2.138424E-07
 1598    2.135749E-07
 1599    2.133078E-07
 1600    2.130413E-07
 1601    2.233628E-07
 1602    2.230840E-07
 1603    2.228057E-07
 1604    2.225280E-07
 1605    2.222508E-07
 1606    2.345360E-07
 1607    2.342442E-07
 1608    2.339529E-07
 1609    2.336622E-07
 1610    2.333720E-07
 1611    2.533869E-07
 1612    2.530726E-07
 1613    2.527589E-07
 1614    2.524458E-07
 1615    2.521333E-07
 1616    2.623977E-07
 1617    2.620732E-07
 1618    2.617494E-07
 1619    2.614261E-07
 1620    2.611035E-07
 1621    2.782565E-07
 1622    2.779135E-07
 1623    2.775711E-07
 1624    2.772294E-07
 1625    2.768883E-07
 1626    2.888842E-07
 1627    2.885292E-07
 1628    2.881748E-07
 1629    2.878211E-07
 1630    2.874681E-07
 1631    3.127510E-07
 1632    3.123678E-07
 1633    3.119854E-07
 1634    3.116036E-07
 1635    3.112226E-07
 1636    3.205224E-07
 1637    3.201310E-07
 1638    3.197402E-07
 1639    3.193502E-07
 1640    3.189608E-07
 1641    3.392710E-07
 1642    3.388579E-07
 1643    3.384456E-07
 1644    3.380339E-07
 1645    3.376231E-07
 1646    3.449524E-07
 1647    3.445336E-07
 1648    3.441156E-07
 1649    3.436984E-07
 1650    3.432819E-07
 1651    3.646207E-07
 1652    3.641794E-07
 1653    3.637389E-07
 1654    3.632992E-07
 1655    3.628603E-07
 1656    3.724149E-07
 1657    3.719655E-07
 1658    3.715170E-07
 1659    3.710692E-07
 1660    3.706223E-07
 1661    3.778176E-07
 1662    3.773631E-07
 1663    3.769094E-07
 1664    3.764565E-07
 1665    3.760045E-07
 1666    4.065243E-07
 1667    4.060367E-07
 1668    4.055500E-07
 1669    4.050642E-07
 1670    4.045792E-07
 1671    4.219525E-07
 1672    4.214479E-07
 1673    4.209443E-07
 1674    4.204415E-07
 1675    4.199396E-07
 1676    4.511068E-07
 1677    4.505689E-07
 1678    4.500321E-07
 1679    4.494961E-07
 1680    4.489612E-07
 1681    4.650529E-07
 1682    4.645001E-07
 1683    4.639483E-07
 1684    4.633974E-07
 1685    4.628475E-07
 1686    4.872839E-07
 1687    4.867063E-07
 1688    4.861298E-07
 1689    4.855544E-07
 1690    4.849799E-07
 1691    5.104915E-07
 1692    5.098882E-07
 1693    5.092861E-07
 1694    5.086850E-07
 1695    5.080849E-07
 1696    5.315143E-07
 1697    5.308881E-07
 1698    5.302630E-07
 1699    5.296389E-07
 1700    5.290160E-07
 1701    5.571576E-07
 1702    5.565031E-07
 1703    5.558497E-07
 1704    5.551975E-07
 1705    5.545464E-07
 1706    5.719816E-07
 1707    5.713116E-07
 1708    5.706428E-07
 1709    5.699752E-07
 1710    5.693088E-07
 1711    5.941823E-07
 1712    5.934884E-07
 1713    5.927957E-07
 1714    5.921042E-07
 1715    5.914139E-07
 1716    6.333741E-07
 1717    6.326366E-07
 1718    6.319003E-07
 1719    6.311653E-07
 1720    6.304316E-07
 1721    6.521739E-07
 1722    6.514167E-07
 1723    6.506608E-07
 1724    6.499062E-07
 1725    6.491529E-07
 1726    7.096497E-07
 1727    7.088281E-07
 1728    7.080079E-07
 1729    7.071892E-07
 1730    7.063718E-07
 1731    7.238561E-07
 1732    7.230205E-07
 1733    7.221863E-07
 1734    7.213535E-07
 1735    7.205223E-07
 1736    7.657410E-07
 1737    7.648596E-07
 1738    7.639797E-07
 1739    7.631013E-07
 1740    7.622244E-07
 1741    7.939034E-07
 1742    7.929922E-07
 1743    7.920825E-07
 1744    7.911744E-07
 1745    7.902679E-07
 1746    8.000725E-07
 1747    7.991568E-07
 1748    7.982427E-07
 1749    7.973302E-07
 1750    7.964192E-07
 1751    8.366549E-07
 1752    8.357001E-07
 1753    8.347469E-07
 1754    8.337953E-07
 1755    8.328454E-07
 1756    8.480747E-07
 1757    8.471096E-07
 1758    8.461461E-07
 1759    8.451843E-07
 1760    8.442242E-07
 1761    8.956379E-07
 1762    8.946215E-07
 1763    8.936069E-07
 1764    8.925941E-07
 1765    8.915829E-07
 1766    9.068822E-07
 1767    9.058560E-07
 1768    9.048315E-07
 1769    9.038089E-07
 1770    9.027879E-07
 1771    9.509515E-07
 1772    9.498785E-07
 1773    9.488073E-07
 1774    9.477379E-07
 1775    9.466704E-07
 1776    1.015090E-06
 1777    1.013948E-06
 1778    1.012807E-06
 1779    1.011669E-06
 1780    1.010533E-06
 1781    1.035714E-06
 1782    1.034552E-06
 1783    1.033391E-06
 1784    1.032233E-06
 1785    1.031077E-06
 1786    1.087948E-06
 1787    1.086730E-06
 1788    1.085515E-06
 1789    1.084302E-06
 1790    1.083091E-06
 1791    1.105874E-06
 1792    1.104640E-06
 1793    1.103408E-06
 1794    1.102178E-06
 1795    1.100950E-06
 1796    1.152536E-06
 1797    1.151254E-06
 1798    1.149974E-06
 1799    1.148696E-06
 1800    1.147420E-06
 1801    1.187218E-06
 1802    1.185900E-06
 1803    1.184585E-06
 1804    1.183272E-06
 1805    1.181962E-06
 1806    1.206247E-06
 1807    1.204913E-06
 1808    1.203580E-06
 1809    1.202250E-06
 1810    1.200922E-06
 1811    1.252974E-06
 1812    1.251591E-06
 1813    1.250211E-06
 1814    1.248833E-06
 1815    1.247457E-06
 1816    1.283323E-06
 1817    1.281911E-06
 1818    1.280501E-06
 1819    1.279093E-06
 1820    1.277688E-06
 1821    1.378134E-06
 1822    1.376621E-06
 1823    1.375111E-06
 1824    1.373604E-06
 1825    1.372099E-06
 1826    1.408046E-06
 1827    1.406505E-06
 1828    1.404967E-06
 1829    1.403431E-06
 1830    1.401898E-06
 1831    1.464044E-06
 1832    1.462446E-06
 1833    1.460851E-06
 1834    1.459258E-06
 1835    1.457668E-06
 1836    1.529864E-06
 1837    1.528199E-06
 1838    1.526536E-06
 1839    1.524876E-06
 1840    1.523219E-06
 1841    1.562683E-06
 1842    1.560987E-06
 1843    1.559293E-06
 1844    1.557602E-06
 1845    1.555914E-06
 1846    1.608076E-06
 1847    1.606335E-06
 1848    1.604597E-06
 1849    1.602862E-06
 1850    1.601130E-06
 1851    1.616526E-06
 1852    1.614781E-06
 1853    1.613039E-06
 1854    1.611299E-06
 1855    1.609562E-06
 1856    1.643017E-06
 1857    1.641248E-06
 1858    1.639482E-06
 1859    1.637719E-06
 1860    1.635958E-06
 1861    1.681184E-06
 1862    1.679379E-06
 1863    1.677577E-06
 1864    1.675777E-06
 1865    1.673980E-06
 1866    1.720676E-06
 1867    1.718833E-06
 1868    1.716994E-06
 1869    1.715157E-06
 1870    1.713323E-06
 1871    1.799409E-06
 1872    1.797487E-06
 1873    1.795568E-06
 1874    1.793652E-06
 1875    1.791739E-06
 1876    1.812685E-06
 1877    1.810754E-06
 1878    1.808826E-06
 1879    1.806902E-06
 1880    1.804980E-06
 1881    1.904053E-06
 1882    1.902030E-06
 1883    1.900010E-06
 1884    1.897994E-06
 1885    1.895980E-06
 1886    1.931352E-06
 1887    1.929306E-06
 1888    1.927263E-06
 1889    1.925223E-06
 1890    1.923186E-06
 1891    1.973905E-06
 1892    1.971818E-06
 1893    1.969736E-06
 1894    1.967656E-06
 1895    1.965580E-06
 1896    2.052952E-06
 1897    2.050788E-06
 1898    2.048628E-06
 1899    2.046471E-06
 1900    2.044317E-06
 1901    2.024604E-06
 1902    2.022475E-06
 1903    2.020350E-06
 1904    2.018229E-06
 1905    2.016110E-06
 1906    2.097783E-06
 1907    2.095583E-06
 1908    2.093387E-06
 1909    2.091195E-06
 1910    2.089006E-06
 1911    2.173723E-06
 1912    2.171450E-06
 1913    2.169180E-06
 1914    2.166914E-06
 1915    2.164652E-06
 1916    2.226579E-06
 1917    2.224257E-06
 1918    2.221938E-06
 1919    2.219623E-06
 1920    2.217312E-06
 1921    2.312788E-06
 1922    2.310382E-06
 1923    2.307980E-06
 1924    2.305581E-06
 1925    2.303186E-06
 1926    2.376803E-06
 1927    2.374337E-06
 1928    2.371875E-06
 1929    2.369416E-06
 1930    2.366961E-06
 1931    2.498043E-06
 1932    2.495458E-06
 1933    2.492877E-06
 1934    2.490300E-06
 1935    2.487726E-06
 1936    2.508396E-06
 1937    2.505806E-06
 1938    2.503221E-06
 1939    2.500640E-06
 1940    2.498062E-06
 1941    2.565145E-06
 1942    2.562504E-06
 1943    2.559867E-06
 1944    2.557234E-06
 1945    2.554606E-06
 1946    2.602818E-06
 1947    2.600146E-06
 1948    2.597477E-06
 1949    2.594812E-06
 1950    2.592151E-06
 1951    2.538675E-06
 1952    2.536074E-06
 1953    2.533478E-06
 1954    2.530885E-06
 1955    2.528297E-06
 1956    2.663832E-06
 1957    2.661110E-06
 1958    2.658393E-06
 1959    2.655680E-06
 1960    2.652970E-06
 1961    2.557308E-06
 1962    2.554702E-06
 1963    2.552100E-06
 1964    2.549501E-06
 1965    2.546907E-06
 1966    2.682941E-06
 1967    2.680214E-06
 1968    2.677491E-06
 1969    2.674772E-06
 1970    2.672057E-06
 1971    2.731558E-06
 1972    2.728789E-06
 1973    2.726023E-06
 1974    2.723262E-06
 1975    2.720505E-06
 1976    2.781701E-06
 1977    2.778887E-06
 1978    2.776078E-06
 1979    2.773273E-06
 1980    2.770473E-06
 1981    2.882208E-06
 1982    2.879301E-06
 1983    2.876398E-06
 1984    2.873499E-06
 1985    2.870604E-06
 1986    2.926888E-06
 1987    2.923943E-06
 1988    2.921002E-06
 1989    2.918066E-06
 1990    2.915134E-06
 1991    3.062478E-06
 1992    3.059404E-06
 1993    3.056335E-06
 1994    3.053270E-06
 1995    3.050210E-06
 1996    3.044567E-06
 1997    3.041519E-06
 1998    3.038475E-06
 1999    3.035436E-06
 2000    3.032401E-06
 2001    3.070859E-06
 2002    3.067792E-06
 2003    3.064730E-06
 2004    3.061672E-06
 2005    3.058619E-06
 2006    3.138228E-06
 2007    3.135101E-06
 2008    3.131979E-06
 2009    3.128862E-06
 2010    3.125750E-06
 2011    3.158309E-06
 2012    3.155171E-06
 2013    3.152037E-06
 2014    3.148907E-06
 2015    3.145783E-06
 2016    3.300176E-06
 2017    3.296905E-06
 2018    3.293638E-06
 2019    3.290376E-06
 2020    3.287119E-06
 2021    3.344252E-06
 2022    3.340945E-06
 2023    3.337643E-06
 2024    3.334345E-06
 2025    3.331053E-06
 2026    3.380712E-06
 2027    3.377377E-06
 2028    3.374047E-06
 2029    3.370722E-06
 2030    3.367402E-06
 2031    3.543002E-06
 2032    3.539516E-06
 2033    3.536035E-06
 2034    3.532559E-06
 2035    3.529088E-06
 2036    3.517025E-06
 2037    3.513573E-06
 2038    3.510126E-06
 2039    3.506684E-06
 2040    3.503246E-06
 2041    3.661716E-06
 2042    3.658130E-06
 2043    3.654550E-06
 2044    3.650975E-06
 2045    3.647405E-06
 2046    3.568356E-06
 2047    3.564870E-06
 2048    3.561390E-06
 2049    3.557914E-06
 2050    3.554444E-06
 2051    3.595390E-06
 2052    3.591886E-06
 2053    3.588388E-06
 2054    3.584895E-06
 2055    3.581407E-06
 2056    3.634056E-06
 2057    3.630523E-06
 2058    3.626996E-06
 2059    3.623474E-06
 2060    3.619957E-06
 2061    3.635756E-06
 2062    3.632231E-06
 2063    3.628710E-06
 2064    3.625195E-06
 2065    3.621684E-06
 2066    3.709409E-06
 2067    3.705821E-06
 2068    3.702238E-06
 2069    3.698660E-06
 2070    3.695087E-06
 2071    3.674847E-06
 2072    3.671300E-06
 2073    3.667759E-06
 2074    3.664223E-06
 2075    3.660692E-06
 2076    3.849556E-06
 2077    3.845850E-06
 2078    3.842150E-06
 2079    3.838455E-06
 2080    3.834765E-06
 2081    3.926119E-06
 2082    3.922348E-06
 2083    3.918583E-06
 2084    3.914824E-06
 2085    3.911069E-06
 2086    4.038545E-06
 2087    4.034676E-06
 2088    4.030812E-06
 2089    4.026954E-06
 2090    4.023101E-06
 2091    3.925800E-06
 2092    3.922048E-06
 2093    3.918301E-06
 2094    3.914560E-06
 2095    3.910823E-06
 2096    3.986607E-06
 2097    3.982805E-06
 2098    3.979009E-06
 2099    3.975219E-06
 2100    3.971434E-06
 2101    3.961913E-06
 2102    3.958145E-06
 2103    3.954381E-06
 2104    3.950623E-06
 2105    3.946870E-06
 2106    3.897241E-06
 2107    3.893542E-06
 2108    3.889849E-06
 2109    3.886161E-06
 2110    3.882478E-06
 2111    3.989020E-06
 2112    3.985243E-06
 2113    3.981472E-06
 2114    3.977706E-06
 2115    3.973946E-06
 2116    4.042043E-06
 2117    4.038226E-06
 2118    4.034413E-06
 2119    4.030606E-06
 2120    4.026805E-06
 2121    4.104641E-06
 2122    4.100773E-06
 2123    4.096911E-06
 2124    4.093054E-06
 2125    4.089203E-06
 2126    4.170552E-06
 2127    4.166632E-06
 2128    4.162717E-06
 2129    4.158807E-06
 2130    4.154903E-06
 2131    4.277922E-06
 2132    4.273910E-06
 2133    4.269904E-06
 2134    4.265903E-06
 2135    4.261908E-06
 2136    4.434580E-06
 2137    4.430431E-06
 2138    4.426287E-06
 2139    4.422150E-06
 2140    4.418018E-06
 2141    4.419606E-06
 2142    4.415481E-06
 2143    4.411361E-06
 2144    4.407247E-06
 2145    4.403138E-06
 2146    4.392611E-06
 2147    4.388520E-06
 2148    4.384434E-06
 2149    4.380355E-06
 2150    4.376281E-06
 2151    4.258206E-06
 2152    4.254250E-06
 2153    4.250299E-06
 2154    4.246353E-06
 2155    4.242413E-06
 2156    4.274282E-06
 2157    4.270319E-06
 2158    4.266363E-06
 2159    4.262411E-06
 2160    4.258466E-06
 2161    4.465996E-06
 2162    4.461866E-06
 2163    4.457741E-06
 2164    4.453622E-06
 2165    4.449509E-06
 2166    4.403882E-06
 2167    4.399819E-06
 2168    4.395761E-06
 2169    4.391709E-06
 2170    4.387662E-06
 2171    4.558094E-06
 2172    4.553897E-06
 2173    4.549707E-06
 2174    4.545522E-06
 2175    4.541344E-06
 2176    4.547133E-06
 2177    4.542957E-06
 2178    4.538786E-06
 2179    4.534621E-06
 2180    4.530462E-06
 2181    4.712182E-06
 2182    4.707864E-06
 2183    4.703552E-06
 2184    4.699245E-06
 2185    4.694945E-06
 2186    4.821815E-06
 2187    4.817407E-06
 2188    4.813004E-06
 2189    4.808608E-06
 2190    4.804217E-06
 2191    4.772913E-06
 2192    4.768559E-06
 2193    4.764211E-06
 2194    4.759869E-06
 2195    4.755533E-06
 2196    4.884367E-06
 2197    4.879922E-06
 2198    4.875482E-06
 2199    4.871049E-06
 2200    4.866622E-06
 2201    4.740665E-06
 2202    4.736360E-06
 2203    4.732061E-06
 2204    4.727768E-06
 2205    4.723481E-06
 2206    4.856091E-06
 2207    4.851691E-06
 2208    4.847297E-06
 2209    4.842910E-06
 2210    4.838528E-06
 2211    4.872036E-06
 2212    4.867632E-06
 2213    4.863234E-06
 2214    4.858842E-06
 2215    4.854456E-06
 2216    4.919752E-06
 2217    4.915315E-06
 2218    4.910884E-06
 2219    4.906458E-06
 2220    4.902039E-06
 2221    5.150097E-06
 2222    5.145463E-06
 2223    5.140835E-06
 2224    5.136213E-06
 2225    5.131597E-06
 2226    5.148729E-06
 2227    5.144107E-06
 2228    5.139490E-06
 2229    5.134879E-06
 2230    5.130275E-06
 2231    5.323134E-06
 2232    5.318365E-06
 2233    5.313603E-06
 2234    5.308847E-06
 2235    5.304097E-06
 2236    5.338872E-06
 2237    5.334100E-06
 2238    5.329334E-06
 2239    5.324575E-06
 2240    5.319822E-06
 2241    5.174083E-06
 2242    5.169469E-06
 2243    5.164860E-06
 2244    5.160258E-06
 2245    5.155662E-06
 2246    5.364338E-06
 2247    5.359565E-06
 2248    5.354798E-06
 2249    5.350037E-06
 2250    5.345282E-06
 2251    5.149393E-06
 2252    5.144821E-06
 2253    5.140254E-06
 2254    5.135695E-06
 2255    5.131141E-06
 2256    5.293025E-06
 2257    5.288336E-06
 2258    5.283653E-06
 2259    5.278976E-06
 2260    5.274305E-06
 2261    5.396583E-06
 2262    5.391813E-06
 2263    5.387049E-06
 2264    5.382291E-06
 2265    5.377539E-06
 2266    5.615219E-06
 2267    5.610266E-06
 2268    5.605320E-06
 2269    5.600380E-06
 2270    5.595447E-06
 2271    5.898801E-06
 2272    5.893610E-06
 2273    5.888425E-06
 2274    5.883248E-06
 2275    5.878077E-06
 2276    5.913663E-06
 2277    5.908470E-06
 2278    5.903284E-06
 2279    5.898104E-06
 2280    5.892932E-06
 2281    6.268994E-06
 2282    6.263501E-06
 2283    6.258015E-06
 2284    6.252537E-06
 2285    6.247065E-06
 2286    6.286147E-06
 2287    6.280651E-06
 2288    6.275162E-06
 2289    6.269681E-06
 2290    6.264206E-06
 2291    6.203571E-06
 2292    6.198159E-06
 2293    6.192754E-06
 2294    6.187356E-06
 2295    6.181966E-06
 2296    5.860061E-06
 2297    5.854959E-06
 2298    5.849865E-06
 2299    5.844777E-06
 2300    5.839696E-06
 2301    5.286691E-06
 2302    5.282099E-06
 2303    5.277512E-06
 2304    5.272932E-06
 2305    5.268358E-06
 2306    5.049381E-06
 2307    5.045005E-06
 2308    5.040634E-06
 2309    5.036269E-06
 2310    5.031909E-06
 2311    4.835827E-06
 2312    4.831645E-06
 2313    4.827468E-06
 2314    4.823297E-06
 2315    4.819130E-06
 2316    5.301799E-06
 2317    5.297223E-06
 2318    5.292654E-06
 2319    5.288090E-06
 2320    5.283532E-06
 2321    6.155432E-06
 2322    6.150131E-06
 2323    6.144837E-06
 2324    6.139550E-06
 2325    6.134270E-06
 2326    7.411628E-06
 2327    7.405259E-06
 2328    7.398899E-06
 2329    7.392546E-06
 2330    7.386202E-06
 2331    8.776239E-06
 2332    8.768714E-06
 2333    8.761199E-06
 2334    8.753693E-06
 2335    8.746197E-06
 2336    9.598526E-06
 2337    9.590313E-06
 2338    9.582111E-06
 2339    9.573920E-06
 2340    9.565739E-06
 2341    1.040361E-05
 2342    1.039473E-05
 2343    1.038586E-05
 2344    1.037700E-05
 2345    1.036815E-05
 2346    1.081493E-05
 2347    1.080571E-05
 2348    1.079651E-05
 2349    1.078732E-05
 2350    1.077814E-05
 2351    1.147250E-05
 2352    1.146275E-05
 2353    1.145301E-05
 2354    1.144328E-05
 2355    1.143356E-05
 2356    1.222106E-05
 2357    1.221070E-05
 2358    1.220034E-05
 2359    1.219000E-05
 2360    1.217967E-05
 2361    1.339488E-05
 2362    1.338354E-05
 2363    1.337222E-05
 2364    1.336091E-05
 2365    1.334961E-05
 2366    1.469035E-05
 2367    1.467794E-05
 2368    1.466554E-05
 2369    1.465316E-05
 2370    1.464080E-05
 2371    1.484081E-05
 2372    1.482830E-05
 2373    1.481580E-05
 2374    1.480332E-05
 2375    1.479086E-05
 2376    1.407138E-05
 2377    1.405955E-05
 2378    1.404772E-05
 2379    1.403592E-05
 2380    1.402412E-05
 2381    1.207046E-05
 2382    1.206033E-05
 2383    1.205021E-05
 2384    1.204010E-05
 2385    1.203001E-05
 2386    8.682643E-06
 2387    8.675370E-06
 2388    8.668106E-06
 2389    8.660851E-06
 2390    8.653605E-06
 2391    4.002505E-06
 2392    3.999159E-06
 2393    3.995818E-06
 2394    3.992480E-06
 2395    3.989147E-06
 2396   -2.941205E-06
 2397   -2.938751E-06
 2398   -2.936300E-06
 2399   -2.933853E-06
 2400   -2.931409E-06
 2401   -1.137346E-05
 2402   -1.136400E-05
 2403   -1.135454E-05
 2404   -1.134510E-05
 2405   -1.133566E-05
 2406   -1.904897E-05
 2407   -1.903314E-05
 2408   -1.901734E-05
 2409   -1.900155E-05
 2410   -1.898579E-05
 2411   -2.472086E-05
 2412   -2.470036E-05
 2413   -2.467989E-05
 2414   -2.465945E-05
 2415   -2.463903E-05
 2416   -2.704514E-05
 2417   -2.702276E-05
 2418   -2.700042E-05
 2419   -2.697810E-05
 2420   -2.695581E-05
 2421   -2.349754E-05
 2422   -2.347815E-05
 2423   -2.345877E-05
 2424   -2.343942E-05
 2425   -2.342009E-05
 2426   -1.253380E-05
 2427   -1.252347E-05
 2428   -1.251316E-05
 2429   -1.250285E-05
 2430   -1.249257E-05
 2431    9.198158E-06
 2432    9.190595E-06
 2433    9.183042E-06
 2434    9.175498E-06
 2435    9.167963E-06
 2436    4.270330E-05
 2437    4.266826E-05
 2438    4.263327E-05
 2439    4.259832E-05
 2440    4.256341E-05
 2441    8.857957E-05
 2442    8.850704E-05
 2443    8.843460E-05
 2444    8.836225E-05
 2445    8.828998E-05
 2446    1.437653E-04
 2447    1.436478E-04
 2448    1.435305E-04
 2449    1.434133E-04
 2450    1.432963E-04
 2451    2.110853E-04
 2452    2.109131E-04
 2453    2.107412E-04
 2454    2.105695E-04
 2455    2.103980E-04
 2456    2.710077E-04
 2457    2.707871E-04
 2458    2.705668E-04
 2459    2.703468E-04
 2460    2.701270E-04
 2461    3.187035E-04
 2462    3.184446E-04
 2463    3.181861E-04
 2464    3.179279E-04
 2465    3.176700E-04
 2466    3.426934E-04
 2467    3.424157E-04
 2468    3.421382E-04
 2469    3.418611E-04
 2470    3.415844E-04
 2471    3.351974E-04
 2472    3.349262E-04
 2473    3.346554E-04
 2474    3.343849E-04
 2475    3.341148E-04
 2476    2.853484E-04
 2477    2.851180E-04
 2478    2.848879E-04
 2479    2.846581E-04
 2480    2.844286E-04
 2481    1.450188E-04
 2482    1.449020E-04
 2483    1.447853E-04
 2484    1.446687E-04
 2485    1.445523E-04
 2486   -1.092612E-04
 2487   -1.091734E-04
 2488   -1.090856E-04
 2489   -1.089980E-04
 2490   -1.089104E-04
 2491   -5.127224E-04
 2492   -5.123110E-04
 2493   -5.119001E-04
 2494   -5.114896E-04
 2495   -5.110797E-04
 2496   -1.061111E-03
 2497   -1.060261E-03
 2498   -1.059412E-03
 2499   -1.058565E-03
 2500   -1.057718E-03
 2501   -1.656936E-03
 2502   -1.655612E-03
 2503   -1.654289E-03
 2504   -1.652968E-03
 2505   -1.651649E-03
 2506   -2.103768E-03
 2507   -2.102090E-03
 2508   -2.100414E-03
 2509   -2.098740E-03
 2510   -2.097068E-03
 2511   -2.468961E-03
 2512   -2.466995E-03
 2513   -2.465032E-03
 2514   -2.463072E-03
 2515   -2.461113E-03
 2516   -2.494920E-03
 2517   -2.492938E-03
 2518   -2.490959E-03
 2519   -2.488981E-03
 2520   -2.487006E-03
 2521   -2.331986E-03
 2522   -2.330137E-03
 2523   -2.328290E-03
 2524   -2.326445E-03
 2525   -2.324603E-03
 2526   -1.775026E-03
 2527   -1.773621E-03
 2528   -1.772218E-03
 2529   -1.770817E-03
 2530   -1.769417E-03
 2531   -6.861480E-04
 2532   -6.856061E-04
 2533   -6.850649E-04
 2534   -6.845243E-04
 2535   -6.839843E-04
 2536    1.289631E-03
 2537    1.288615E-03
 2538    1.287599E-03
 2539    1.286585E-03
 2540    1.285572E-03
 2541    4.477428E-03
 2542    4.473906E-03
 2543    4.470388E-03
 2544    4.466874E-03
 2545    4.463365E-03
 2546    9.036522E-03
 2547    9.029427E-03
 2548    9.022341E-03
 2549    9.015263E-03
 2550    9.008194E-03
 2551    1.370938E-02
 2552    1.369864E-02
 2553    1.368791E-02
 2554    1.367719E-02
 2555    1.366649E-02
 2556    1.831557E-02
 2557    1.830125E-02
 2558    1.828694E-02
 2559    1.827265E-02
 2560    1.825838E-02
 2561    2.139211E-02
 2562    2.137541E-02
 2563    2.135874E-02
 2564    2.134208E-02
 2565    2.132544E-02
 2566    2.299341E-02
 2567    2.297550E-02
 2568    2.295761E-02
 2569    2.293974E-02
 2570    2.292189E-02
 2571    2.419602E-02
 2572    2.417721E-02
 2573    2.415842E-02
 2574    2.413966E-02
 2575    2.412091E-02
 2576    2.349733E-02
 2577    2.347910E-02
 2578    2.346089E-02
 2579    2.344270E-02
 2580    2.342453E-02
 2581    2.309765E-02
 2582    2.307976E-02
 2583    2.306190E-02
 2584    2.304405E-02
 2585    2.302622E-02
 2586    2.123389E-02
 2587    2.121748E-02
 2588    2.120109E-02
 2589    2.118471E-02
 2590    2.116836E-02
 2591    1.810752E-02
 2592    1.809356E-02
 2593    1.807960E-02
 2594    1.806567E-02
 2595    1.805174E-02
 2596    1.376631E-02
 2597    1.375571E-02
 2598    1.374513E-02
 2599    1.373455E-02
 2600    1.372399E-02
 2601    8.441986E-03
 2602    8.435499E-03
 2603    8.429019E-03
 2604    8.422546E-03
 2605    8.416081E-03
 2606    4.163583E-03
 2607    4.160390E-03
 2608    4.157200E-03
 2609    4.154014E-03
 2610    4.150831E-03
 2611    9.626100E-04
 2612    9.618731E-04
 2613    9.611370E-04
 2614    9.604018E-04
 2615    9.596674E-04
 2616   -9.689297E-04
 2617   -9.681894E-04
 2618   -9.674499E-04
 2619   -9.667112E-04
 2620   -9.659734E-04
 2621   -1.988475E-03
 2622   -1.986959E-03
 2623   -1.985444E-03
 2624   -1.983931E-03
 2625   -1.982420E-03
 2626   -2.509816E-03
 2627   -2.507905E-03
 2628   -2.505997E-03
 2629   -2.504091E-03
 2630   -2.502187E-03
 2631   -2.718758E-03
 2632   -2.716693E-03
 2633   -2.714630E-03
 2634   -2.712569E-03
 2635   -2.710510E-03
 2636   -2.582912E-03
 2637   -2.580954E-03
 2638   -2.578997E-03
 2639   -2.577043E-03
 2640   -2.575091E-03
 2641   -2.285535E-03
 2642   -2.283805E-03
 2643   -2.282077E-03
 2644   -2.280351E-03
 2645   -2.278627E-03
 2646   -1.763583E-03
 2647   -1.762250E-03
 2648   -1.760920E-03
 2649   -1.759590E-03
 2650   -1.758263E-03
 2651   -1.125536E-03
 2652   -1.124687E-03
 2653   -1.123840E-03
 2654   -1.122993E-03
 2655   -1.122147E-03
 2656   -5.771418E-04
 2657   -5.767074E-04
 2658   -5.762736E-04
 2659   -5.758402E-04
 2660   -5.754073E-04
 2661   -1.524753E-04
 2662   -1.523608E-04
 2663   -1.522464E-04
 2664   -1.521321E-04
 2665   -1.520180E-04
 2666    1.056064E-04
 2667    1.055272E-04
 2668    1.054481E-04
 2669    1.053691E-04
 2670    1.052902E-04
 2671    2.424549E-04
 2672    2.422735E-04
 2673    2.420922E-04
 2674    2.419112E-04
 2675    2.417303E-04
 2676    2.947877E-04
 2677    2.945675E-04
 2678    2.943476E-04
 2679    2.941279E-04
 2680    2.939084E-04
 2681    3.069562E-04
 2682    3.067273E-04
 2683    3.064987E-04
 2684    3.062704E-04
 2685    3.060423E-04
 2686    2.772739E-04
 2687    2.770675E-04
 2688    2.768614E-04
 2689    2.766555E-04
 2690    2.764499E-04
 2691    2.383011E-04
 2692    2.381241E-04
 2693    2.379473E-04
 2694    2.377706E-04
 2695    2.375942E-04
 2696    1.730255E-04
 2697    1.728972E-04
 2698    1.727691E-04
 2699    1.726411E-04
 2700    1.725132E-04
 2701    1.103141E-04
 2702    1.102324E-04
 2703    1.101509E-04
 2704    1.100694E-04
 2705    1.099881E-04
 2706    5.213893E-05
 2707    5.210042E-05
 2708    5.206195E-05
 2709    5.202352E-05
 2710    5.198513E-05
 2711    6.782966E-06
 2712    6.777965E-06
 2713    6.772969E-06
 2714    6.767979E-06
 2715    6.762994E-06
 2716   -2.599411E-05
 2717   -2.597498E-05
 2718   -2.595587E-05
 2719   -2.593678E-05
 2720   -2.591772E-05
 2721   -4.508570E-05
 2722   -4.505258E-05
 2723   -4.501950E-05
 2724   -4.498645E-05
 2725   -4.495344E-05
 2726   -5.630640E-05
 2727   -5.626511E-05
 2728   -5.622387E-05
 2729   -5.618267E-05
 2730   -5.614152E-05
 2731   -5.864661E-05
 2732   -5.860368E-05
 2733   -5.856080E-05
 2734   -5.851797E-05
 2735   -5.847519E-05
 2736   -5.433138E-05
 2737   -5.429169E-05
 2738   -5.425204E-05
 2739   -5.421243E-05
 2740   -5.417287E-05
 2741   -4.877389E-05
 2742   -4.873832E-05
 2743   -4.870279E-05
 2744   -4.866730E-05
 2745   -4.863185E-05
 2746   -3.778273E-05
 2747   -3.775523E-05
 2748   -3.772776E-05
 2749   -3.770031E-05
 2750   -3.767290E-05
 2751   -2.774449E-05
 2752   -2.772433E-05
 2753   -2.770419E-05
 2754   -2.768407E-05
 2755   -2.766398E-05
 2756   -1.860477E-05
 2757   -1.859127E-05
 2758   -1.857779E-05
 2759   -1.856433E-05
 2760   -1.855088E-05
 2761   -1.210670E-05
 2762   -1.209794E-05
 2763   -1.208918E-05
 2764   -1.208044E-05
 2765   -1.207170E-05
 2766   -7.937051E-06
 2767   -7.931315E-06
 2768   -7.925585E-06
 2769   -7.919862E-06
 2770   -7.914145E-06
 2771   -5.235671E-06
 2772   -5.231894E-06
 2773   -5.228122E-06
 2774   -5.224353E-06
 2775   -5.220588E-06
 2776   -4.235826E-06
 2777   -4.232776E-06
 2778   -4.229729E-06
 2779   -4.226685E-06
 2780   -4.223645E-06
 2781   -4.053535E-06
 2782   -4.050621E-06
 2783   -4.047711E-06
 2784   -4.044804E-06
 2785   -4.041899E-06
 2786   -4.625925E-06
 2787   -4.622606E-06
 2788   -4.619291E-06
 2789   -4.615979E-06
 2790   -4.612670E-06
 2791   -5.173350E-06
 2792   -5.169645E-06
 2793   -5.165944E-06
 2794   -5.162246E-06
 2795   -5.158553E-06
 2796   -5.351678E-06
 2797   -5.347852E-06
 2798   -5.344030E-06
 2799   -5.340212E-06
 2800   -5.336398E-06
 2801   -5.296073E-06
 2802   -5.292294E-06
 2803   -5.288518E-06
 2804   -5.284747E-06
 2805   -5.280979E-06
 2806   -5.099587E-06
 2807   -5.095954E-06
 2808   -5.092325E-06
 2809   -5.088700E-06
 2810   -5.085079E-06
 2811   -5.340899E-06
 2812   -5.337101E-06
 2813   -5.333307E-06
 2814   -5.329517E-06
 2815   -5.325731E-06
 2816   -5.983749E-06
 2817   -5.979502E-06
 2818   -5.975259E-06
 2819   -5.971020E-06
 2820   -5.966786E-06
 2821   -6.743331E-06
 2822   -6.738552E-06
 2823   -6.733779E-06
 2824   -6.729011E-06
 2825   -6.724248E-06
 2826   -7.516184E-06
 2827   -7.510868E-06
 2828   -7.505557E-06
 2829   -7.500252E-06
 2830   -7.494952E-06
 2831   -7.955251E-06
 2832   -7.949634E-06
 2833   -7.944022E-06
 2834   -7.938417E-06
 2835   -7.932818E-06
 2836   -8.133925E-06
 2837   -8.128192E-06
 2838   -8.122465E-06
 2839   -8.116744E-06
 2840   -8.111029E-06
 2841   -7.702563E-06
 2842   -7.697144E-06
 2843   -7.691730E-06
 2844   -7.686322E-06
 2845   -7.680919E-06
 2846   -6.959513E-06
 2847   -6.954625E-06
 2848   -6.949742E-06
 2849   -6.944864E-06
 2850   -6.939991E-06
 2851   -6.110501E-06
 2852   -6.106217E-06
 2853   -6.101937E-06
 2854   -6.097662E-06
 2855   -6.093391E-06
 2856   -5.450299E-06
 2857   -5.446484E-06
 2858   -5.442674E-06
 2859   -5.438867E-06
 2860   -5.435064E-06
 2861   -5.131644E-06
 2862   -5.128059E-06
 2863   -5.124477E-06
 2864   -5.120899E-06
 2865   -5.117325E-06
 2866   -4.964244E-06
 2867   -4.960782E-06
 2868   -4.957323E-06
 2869   -4.953868E-06
 2870   -4.950416E-06
 2871   -4.930474E-06
 2872   -4.927041E-06
 2873   -4.923612E-06
 2874   -4.920186E-06
 2875   -4.916764E-06
 2876   -4.892586E-06
 2877   -4.889185E-06
 2878   -4.885788E-06
 2879   -4.882395E-06
 2880   -4.879005E-06
 2881   -4.989180E-06
 2882   -4.985718E-06
 2883   -4.982260E-06
 2884   -4.978806E-06
 2885   -4.975355E-06
 2886   -5.047637E-06
 2887   -5.044140E-06
 2888   -5.040648E-06
 2889   -5.037159E-06
 2890   -5.033674E-06
 2891   -5.046796E-06
 2892   -5.043307E-06
 2893   -5.039821E-06
 2894   -5.036338E-06
 2895   -5.032860E-06
 2896   -4.983729E-06
 2897   -4.980289E-06
 2898   -4.976853E-06
 2899   -4.973420E-06
 2900   -4.969991E-06
 2901   -4.714879E-06
 2902   -4.711630E-06
 2903   -4.708384E-06
 2904   -4.705142E-06
 2905   -4.701904E-06
 2906   -4.562640E-06
 2907   -4.559502E-06
 2908   -4.556366E-06
 2909   -4.553234E-06
 2910   -4.550105E-06
 2911   -4.340530E-06
 2912   -4.337549E-06
 2913   -4.334572E-06
 2914   -4.331597E-06
 2915   -4.328626E-06
 2916   -4.308303E-06
 2917   -4.305350E-06
 2918   -4.302400E-06
 2919   -4.299452E-06
 2920   -4.296508E-06
 2921   -4.416865E-06
 2922   -4.413842E-06
 2923   -4.410822E-06
 2924   -4.407806E-06
 2925   -4.404793E-06
 2926   -4.351039E-06
 2927   -4.348066E-06
 2928   -4.345097E-06
 2929   -4.342131E-06
 2930   -4.339167E-06
 2931   -4.485481E-06
 2932   -4.482422E-06
 2933   -4.479366E-06
 2934   -4.476313E-06
 2935   -4.473263E-06
 2936   -4.447106E-06
 2937   -4.444078E-06
 2938   -4.441053E-06
 2939   -4.438032E-06
 2940   -4.435013E-06
 2941   -4.363920E-06
 2942   -4.360954E-06
 2943   -4.357990E-06
 2944   -4.355030E-06
 2945   -4.352073E-06
 2946   -4.315562E-06
 2947   -4.312634E-06
 2948   -4.309709E-06
 2949   -4.306786E-06
 2950   -4.303867E-06
 2951   -4.008656E-06
 2952   -4.005941E-06
 2953   -4.003228E-06
 2954   -4.000518E-06
 2955   -3.997811E-06
 2956   -3.956682E-06
 2957   -3.954006E-06
 2958   -3.951333E-06
 2959   -3.948663E-06
 2960   -3.945995E-06
 2961   -3.873469E-06
 2962   -3.870854E-06
 2963   -3.868241E-06
 2964   -3.865632E-06
 2965   -3.863024E-06
 2966   -3.885207E-06
 2967   -3.882588E-06
 2968   -3.879972E-06
 2969   -3.877359E-06
 2970   -3.874749E-06
 2971   -3.941917E-06
 2972   -3.939265E-06
 2973   -3.936615E-06
 2974   -3.933968E-06
 2975   -3.931324E-06
 2976   -3.844858E-06
 2977   -3.842275E-06
 2978   -3.839695E-06
 2979   -3.837118E-06
 2980   -3.834543E-06
 2981   -3.989400E-06
 2982   -3.986725E-06
 2983   -3.984052E-06
 2984   -3.981382E-06
 2985   -3.978715E-06
 2986   -3.912991E-06
 2987   -3.910371E-06
 2988   -3.907754E-06
 2989   -3.905140E-06
 2990   -3.902528E-06
 2991   -3.913878E-06
 2992   -3.911262E-06
 2993   -3.908649E-06
 2994   -3.906039E-06
 2995   -3.903431E-06
 2996   -3.762613E-06
 2997   -3.760103E-06
 2998   -3.757595E-06
 2999   -3.755089E-06
 3000   -3.752586E-06
 3001   -3.567489E-06
 3002   -3.565113E-06
 3003   -3.562739E-06
 3004   -3.560367E-06
 3005   -3.557998E-06
 3006   -3.531431E-06
 3007   -3.529082E-06
 3008   -3.526736E-06
 3009   -3.524393E-06
 3010   -3.522051E-06
 3011   -3.397467E-06
 3012   -3.395211E-06
 3013   -3.392958E-06
 3014   -3.390707E-06
 3015   -3.388458E-06
 3016   -3.381026E-06
 3017   -3.378785E-06
 3018   -3.376546E-06
 3019   -3.374310E-06
 3020   -3.372076E-06
 3021   -3.401907E-06
 3022   -3.399656E-06
 3023   -3.397407E-06
 3024   -3.395160E-06
 3025   -3.392916E-06
 3026   -3.381621E-06
 3027   -3.379388E-06
 3028   -3.377156E-06
 3029   -3.374926E-06
 3030   -3.372699E-06
 3031   -3.552284E-06
 3032   -3.549941E-06
 3033   -3.547601E-06
 3034   -3.545263E-06
 3035   -3.542927E-06
 3036   -3.545937E-06
 3037   -3.543603E-06
 3038   -3.541270E-06
 3039   -3.538940E-06
 3040   -3.536612E-06
 3041   -3.611598E-06
 3042   -3.609223E-06
 3043   -3.606852E-06
 3044   -3.604482E-06
 3045   -3.602115E-06
 3046   -3.571769E-06
 3047   -3.569424E-06
 3048   -3.567083E-06
 3049   -3.564743E-06
 3050   -3.562406E-06
 3051   -3.574248E-06
 3052   -3.571906E-06
 3053   -3.569566E-06
 3054   -3.567229E-06
 3055   -3.564894E-06
 3056   -3.578759E-06
 3057   -3.576418E-06
 3058   -3.574080E-06
 3059   -3.571743E-06
 3060   -3.569409E-06
 3061   -3.499199E-06
 3062   -3.496914E-06
 3063   -3.494631E-06
 3064   -3.492350E-06
 3065   -3.490071E-06
 3066   -3.565175E-06
 3067   -3.562850E-06
 3068   -3.560528E-06
 3069   -3.558208E-06
 3070   -3.555891E-06
 3071   -3.518593E-06
 3072   -3.516303E-06
 3073   -3.514014E-06
 3074   -3.511728E-06
 3075   -3.509445E-06
 3076   -3.491108E-06
 3077   -3.488839E-06
 3078   -3.486572E-06
 3079   -3.484308E-06
 3080   -3.482046E-06
 3081   -3.253296E-06
 3082   -3.251185E-06
 3083   -3.249076E-06
 3084   -3.246969E-06
 3085   -3.244865E-06
 3086   -2.914728E-06
 3087   -2.912840E-06
 3088   -2.910954E-06
 3089   -2.909070E-06
 3090   -2.907187E-06
 3091   -2.345400E-06
 3092   -2.343883E-06
 3093   -2.342367E-06
 3094   -2.340854E-06
 3095   -2.339341E-06
 3096   -1.435651E-06
 3097   -1.434724E-06
 3098   -1.433798E-06
 3099   -1.432873E-06
 3100   -1.431949E-06
 3101   -4.487272E-07
 3102   -4.484379E-07
 3103   -4.481489E-07
 3104   -4.478602E-07
 3105   -4.475718E-07
 3106    4.199176E-07
 3107    4.196473E-07
 3108    4.193773E-07
 3109    4.191076E-07
 3110    4.188381E-07
 3111    1.044383E-06
 3112    1.043711E-06
 3113    1.043041E-06
 3114    1.042371E-06
 3115    1.041702E-06
 3116    1.377793E-06
 3117    1.376909E-06
 3118    1.376026E-06
 3119    1.375143E-06
 3120    1.374262E-06
 3121    1.537471E-06
 3122    1.536486E-06
 3123    1.535502E-06
 3124    1.534519E-06
 3125    1.533537E-06
 3126    1.621036E-06
 3127    1.619999E-06
 3128    1.618964E-06
 3129    1.617929E-06
 3130    1.616895E-06
 3131    1.605566E-06
 3132    1.604541E-06
 3133    1.603517E-06
 3134    1.602494E-06
 3135    1.601472E-06
 3136    1.630991E-06
 3137    1.629951E-06
 3138    1.628913E-06
 3139    1.627875E-06
 3140    1.626838E-06
 3141    1.576648E-06
 3142    1.575645E-06
 3143    1.574642E-06
 3144    1.573641E-06
 3145    1.572640E-06
 3146    1.551197E-06
 3147    1.550212E-06
 3148    1.549227E-06
 3149    1.548243E-06
 3150    1.547260E-06
 3151    1.556323E-06
 3152    1.555336E-06
 3153    1.554350E-06
 3154    1.553364E-06
 3155    1.552380E-06
 3156    1.481019E-06
 3157    1.480081E-06
 3158    1.479144E-06
 3159    1.478208E-06
 3160    1.477272E-06
 3161    1.442196E-06
 3162    1.441283E-06
 3163    1.440372E-06
 3164    1.439462E-06
 3165    1.438552E-06
 3166    1.385788E-06
 3167    1.384913E-06
 3168    1.384039E-06
 3169    1.383165E-06
 3170    1.382293E-06
 3171    1.361977E-06
 3172    1.361118E-06
 3173    1.360261E-06
 3174    1.359404E-06
 3175    1.358547E-06
 3176    1.340371E-06
 3177    1.339527E-06
 3178    1.338684E-06
 3179    1.337842E-06
 3180    1.337001E-06
 3181    1.277874E-06
 3182    1.277071E-06
 3183    1.276269E-06
 3184    1.275468E-06
 3185    1.274667E-06
 3186    1.283470E-06
 3187    1.282665E-06
 3188    1.281861E-06
 3189    1.281057E-06
 3190    1.280254E-06
 3191    1.221349E-06
 3192    1.220584E-06
 3193    1.219820E-06
 3194    1.219056E-06
 3195    1.218293E-06
 3196    1.226770E-06
 3197    1.226003E-06
 3198    1.225236E-06
 3199    1.224471E-06
 3200    1.223705E-06
 3201    1.184415E-06
 3202    1.183675E-06
 3203    1.182936E-06
 3204    1.182198E-06
 3205    1.181460E-06
 3206    1.133650E-06
 3207    1.132943E-06
 3208    1.132237E-06
 3209    1.131531E-06
 3210    1.130827E-06
 3211    1.123113E-06
 3212    1.122414E-06
 3213    1.121715E-06
 3214    1.121017E-06
 3215    1.120320E-06
 3216    1.072560E-06
 3217    1.071893E-06
 3218    1.071227E-06
 3219    1.070562E-06
 3220    1.069897E-06
 3221    1.056753E-06
 3222    1.056097E-06
 3223    1.055441E-06
 3224    1.054787E-06
 3225    1.054133E-06
 3226    1.024548E-06
 3227    1.023913E-06
 3228    1.023279E-06
 3229    1.022645E-06
 3230    1.022012E-06
 3231    9.584596E-07
 3232    9.578665E-07
 3233    9.572741E-07
 3234    9.566822E-07
 3235    9.560908E-07
 3236    9.508964E-07
 3237    9.503090E-07
 3238    9.497221E-07
 3239    9.491358E-07
 3240    9.485500E-07
 3241    8.802371E-07
 3242    8.796942E-07
 3243    8.791517E-07
 3244    8.786098E-07
 3245    8.780684E-07
 3246    8.699469E-07
 3247    8.694111E-07
 3248    8.688758E-07
 3249    8.683411E-07
 3250    8.678068E-07
 3251    8.306219E-07
 3252    8.301111E-07
 3253    8.296008E-07
 3254    8.290910E-07
 3255    8.285817E-07
 3256    7.952189E-07
 3257    7.947307E-07
 3258    7.942429E-07
 3259    7.937555E-07
 3260    7.932686E-07
 3261    7.882513E-07
 3262    7.877681E-07
 3263    7.872853E-07
 3264    7.868030E-07
 3265    7.863211E-07
 3266    7.317218E-07
 3267    7.312740E-07
 3268    7.308265E-07
 3269    7.303794E-07
 3270    7.299328E-07
 3271    7.272090E-07
 3272    7.267646E-07
 3273    7.263205E-07
 3274    7.258769E-07
 3275    7.254337E-07
 3276    6.876743E-07
 3277    6.872547E-07
 3278    6.868354E-07
 3279    6.864166E-07
 3280    6.859981E-07
 3281    6.674397E-07
 3282    6.670331E-07
 3283    6.666268E-07
 3284    6.662208E-07
 3285    6.658153E-07
 3286    6.479313E-07
 3287    6.475371E-07
 3288    6.471433E-07
 3289    6.467499E-07
 3290    6.463568E-07
 3291    6.072397E-07
 3292    6.068709E-07
 3293    6.065024E-07
 3294    6.061342E-07
 3295    6.057663E-07
 3296    6.072871E-07
 3297    6.069188E-07
 3298    6.065508E-07
 3299    6.061832E-07
 3300    6.058158E-07
