   50    1.163812E-13
   51    9.238330E-14
   52    8.886457E-14
   53    8.554312E-14
   54    8.240445E-14
   55    7.943541E-14
   56    4.067803E-14
   57    3.926336E-14
   58    3.792122E-14
   59    3.664673E-14
   60    3.543544E-14
   61    1.541734E-14
   62    1.492404E-14
   63    1.445405E-14
   64    1.400592E-14
   65    1.357831E-14
   66    3.673501E-14
   67    3.564668E-14
   68    3.460601E-14
   69    3.361026E-14
   70    3.265688E-14
   71    2.785196E-14
   72    2.708370E-14
   73    2.634680E-14
   74    2.563956E-14
   75    2.496043E-14
   76    4.533259E-14
   77    4.416282E-14
   78    4.303774E-14
   79    4.195512E-14
   80    4.091284E-14
   81    7.496693E-14
   82    7.314969E-14
   83    7.139772E-14
   84    6.970796E-14
   85    6.807747E-14
   86    5.352914E-14
   87    5.230570E-14
   88    5.112372E-14
   89    4.998137E-14
   90    4.887687E-14
   91    5.488535E-14
   92    5.369871E-14
   93    5.255014E-14
   94    5.143803E-14
   95    5.036086E-14
   96    3.509873E-14
   97    3.437880E-14
   98    3.368079E-14
   99    3.300382E-14
  100    3.234706E-14
  101    1.177316E-14
  102    1.154345E-14
  103    1.132040E-14
  104    1.110375E-14
  105    1.089326E-14
  106    9.502574E-15
  107    9.325789E-15
  108    9.153892E-15
  109    8.986705E-15
  110    8.824056E-15
  111    2.207230E-14
  112    2.167992E-14
  113    2.129791E-14
  114    2.092591E-14
  115    2.056357E-14
  116    3.014901E-14
  117    2.963586E-14
  118    2.913569E-14
  119    2.864808E-14
  120    2.817261E-14
  121    5.192441E-14
  122    5.107670E-14
  123    5.024957E-14
  124    4.944238E-14
  125    4.865447E-14
  126    6.993076E-14
  127    6.883384E-14
  128    6.776253E-14
  129    6.671604E-14
  130    6.569360E-14
  131    5.719246E-14
  132    5.632920E-14
  133    5.548534E-14
  134    5.466030E-14
  135    5.385353E-14
  136    3.716666E-14
  137    3.662607E-14
  138    3.609719E-14
  139    3.557968E-14
  140    3.507322E-14
  141    2.132702E-14
  142    2.102770E-14
  143    2.073464E-14
  144    2.044766E-14
  145    2.016660E-14
  146    1.894246E-14
  147    1.868561E-14
  148    1.843396E-14
  149    1.818736E-14
  150    1.794567E-14
  151    2.958956E-14
  152    2.920150E-14
  153    2.882104E-14
  154    2.844796E-14
  155    2.808207E-14
  156    3.093287E-14
  157    3.054008E-14
  158    3.015472E-14
  159    2.977661E-14
  160    2.940557E-14
  161    7.264891E-14
  162    7.175479E-14
  163    7.087707E-14
  164    7.001536E-14
  165    6.916927E-14
  166    5.970576E-14
  167    5.899286E-14
  168    5.829266E-14
  169    5.760486E-14
  170    5.692915E-14
  171    6.872197E-14
  172    6.792521E-14
  173    6.714222E-14
  174    6.637270E-14
  175    6.561632E-14
  176    9.162990E-14
  177    9.059747E-14
  178    8.958238E-14
  179    8.858427E-14
  180    8.760274E-14
  181    5.195910E-14
  182    5.138969E-14
  183    5.082959E-14
  184    5.027860E-14
  185    4.973652E-14
  186    5.755566E-14
  187    5.694174E-14
  188    5.633760E-14
  189    5.574301E-14
  190    5.515779E-14
  191    4.778151E-14
  192    4.728509E-14
  193    4.679636E-14
  194    4.631517E-14
  195    4.584136E-14
  196    5.099427E-14
  197    5.047788E-14
  198    4.996930E-14
  199    4.946836E-14
  200    4.897491E-14
  201    4.781758E-14
  202    4.734531E-14
  203    4.688001E-14
  204    4.642153E-14
  205    4.596974E-14
  206    2.127101E-14
  207    2.106600E-14
  208    2.086393E-14
  209    2.066475E-14
  210    2.046841E-14
  211    2.329985E-15
  212    2.308056E-15
  213    2.286435E-15
  214    2.265117E-15
  215    2.244095E-15
  216    0.000000E+00
  217    0.000000E+00
  218    0.000000E+00
  219    0.000000E+00
  220    0.000000E+00
  221    0.000000E+00
  222    0.000000E+00
  223    0.000000E+00
  224    0.000000E+00
  225    0.000000E+00
  226    4.546574E-16
  227    4.506605E-16
  228    4.467160E-16
  229    4.428231E-16
  230    4.389808E-16
  231    0.000000E+00
  232    0.000000E+00
  233    0.000000E+00
  234    0.000000E+00
  235    0.000000E+00
  236    0.000000E+00
  237    0.000000E+00
  238    0.000000E+00
  239    0.000000E+00
  240    0.000000E+00
  241    0.000000E+00
  242    0.000000E+00
  243    0.000000E+00
  244    0.000000E+00
  245    0.000000E+00
  246    4.619084E-14
  247    4.581759E-14
  248    4.544884E-14
  249    4.508452E-14
  250    4.472457E-14
  251    5.156247E-13
  252    5.115405E-13
  253    5.075047E-13
  254    5.035165E-13
  255    4.995751E-13
  256    7.917283E-13
  257    7.855790E-13
  258    7.795010E-13
  259    7.734933E-13
  260    7.675549E-13
  261    1.622597E-12
  262    1.610235E-12
  263    1.598013E-12
  264    1.585930E-12
  265    1.573983E-12
  266    1.460086E-12
  267    1.449170E-12
  268    1.438375E-12
  269    1.427701E-12
  270    1.417145E-12
  271    2.859350E-12
  272    2.838364E-12
  273    2.817608E-12
  274    2.797079E-12
  275    2.776774E-12
  276    4.891197E-12
  277    4.855945E-12
  278    4.821073E-12
  279    4.786575E-12
  280    4.752447E-12
  281    1.979922E-11
  282    1.965905E-11
  283    1.952036E-11
  284    1.938313E-11
  285    1.924735E-11
  286    3.680970E-11
  287    3.655363E-11
  288    3.630023E-11
  289    3.604945E-11
  290    3.580127E-11
  291    6.189687E-11
  292    6.147364E-11
  293    6.105475E-11
  294    6.064011E-11
  295    6.022969E-11
  296    9.235703E-11
  297    9.173615E-11
  298    9.112150E-11
  299    9.051302E-11
  300    8.991060E-11
  301    1.118353E-10
  302    1.110959E-10
  303    1.103638E-10
  304    1.096389E-10
  305    1.089212E-10
  306    1.774679E-10
  307    1.763137E-10
  308    1.751707E-10
  309    1.740387E-10
  310    1.729177E-10
  311    1.798282E-10
  312    1.786773E-10
  313    1.775375E-10
  314    1.764085E-10
  315    1.752902E-10
  316    2.438495E-10
  317    2.423134E-10
  318    2.407918E-10
  319    2.392845E-10
  320    2.377913E-10
  321    3.045958E-10
  322    3.027069E-10
  323    3.008354E-10
  324    2.989813E-10
  325    2.971442E-10
  326    3.018113E-10
  327    2.999682E-10
  328    2.981419E-10
  329    2.963323E-10
  330    2.945390E-10
  331    4.133109E-10
  332    4.108249E-10
  333    4.083612E-10
  334    4.059195E-10
  335    4.034998E-10
  336    3.947821E-10
  337    3.924426E-10
  338    3.901239E-10
  339    3.878257E-10
  340    3.855478E-10
  341    5.422804E-10
  342    5.391138E-10
  343    5.359749E-10
  344    5.328633E-10
  345    5.297787E-10
  346    5.814083E-10
  347    5.780621E-10
  348    5.747447E-10
  349    5.714557E-10
  350    5.681949E-10
  351    5.923498E-10
  352    5.889890E-10
  353    5.856566E-10
  354    5.823525E-10
  355    5.790763E-10
  356    7.653132E-10
  357    7.610318E-10
  358    7.567862E-10
  359    7.525760E-10
  360    7.484008E-10
  361    7.397431E-10
  362    7.356618E-10
  363    7.316141E-10
  364    7.275998E-10
  365    7.236184E-10
  366    9.033758E-10
  367    8.984595E-10
  368    8.935832E-10
  369    8.887465E-10
  370    8.839489E-10
  371    9.154550E-10
  372    9.105398E-10
  373    9.056641E-10
  374    9.008274E-10
  375    8.960294E-10
  376    1.042694E-09
  377    1.037170E-09
  378    1.031689E-09
  379    1.026252E-09
  380    1.020858E-09
  381    1.197696E-09
  382    1.191434E-09
  383    1.185220E-09
  384    1.179055E-09
  385    1.172938E-09
  386    1.143045E-09
  387    1.137145E-09
  388    1.131291E-09
  389    1.125482E-09
  390    1.119718E-09
  391    1.397379E-09
  392    1.390259E-09
  393    1.383193E-09
  394    1.376181E-09
  395    1.369221E-09
  396    1.365755E-09
  397    1.358883E-09
  398    1.352063E-09
  399    1.345294E-09
  400    1.338576E-09
  401    1.613705E-09
  402    1.605687E-09
  403    1.597728E-09
  404    1.589829E-09
  405    1.581987E-09
  406    1.712145E-09
  407    1.703741E-09
  408    1.695400E-09
  409    1.687120E-09
  410    1.678900E-09
  411    1.758851E-09
  412    1.750323E-09
  413    1.741857E-09
  414    1.733452E-09
  415    1.725109E-09
  416    1.933949E-09
  417    1.924685E-09
  418    1.915487E-09
  419    1.906355E-09
  420    1.897288E-09
  421    2.075166E-09
  422    2.065343E-09
  423    2.055589E-09
  424    2.045905E-09
  425    2.036288E-09
  426    2.298113E-09
  427    2.287362E-09
  428    2.276686E-09
  429    2.266084E-09
  430    2.255557E-09
  431    2.492772E-09
  432    2.481245E-09
  433    2.469798E-09
  434    2.458429E-09
  435    2.447139E-09
  436    2.728864E-09
  437    2.716389E-09
  438    2.704000E-09
  439    2.691695E-09
  440    2.679474E-09
  441    2.771456E-09
  442    2.758930E-09
  443    2.746488E-09
  444    2.734131E-09
  445    2.721856E-09
  446    3.058666E-09
  447    3.044996E-09
  448    3.031417E-09
  449    3.017929E-09
  450    3.004531E-09
  451    3.253721E-09
  452    3.239340E-09
  453    3.225055E-09
  454    3.210863E-09
  455    3.196765E-09
  456    3.587089E-09
  457    3.571408E-09
  458    3.555830E-09
  459    3.540353E-09
  460    3.524977E-09
  461    3.774338E-09
  462    3.758016E-09
  463    3.741800E-09
  464    3.725689E-09
  465    3.709682E-09
  466    3.644117E-09
  467    3.628527E-09
  468    3.613037E-09
  469    3.597646E-09
  470    3.582353E-09
  471    4.446716E-09
  472    4.427894E-09
  473    4.409192E-09
  474    4.390607E-09
  475    4.372140E-09
  476    4.429154E-09
  477    4.410603E-09
  478    4.392168E-09
  479    4.373848E-09
  480    4.355642E-09
  481    5.093019E-09
  482    5.071908E-09
  483    5.050928E-09
  484    5.030078E-09
  485    5.009357E-09
  486    5.019266E-09
  487    4.998674E-09
  488    4.978208E-09
  489    4.957869E-09
  490    4.937653E-09
  491    5.027570E-09
  492    5.007153E-09
  493    4.986861E-09
  494    4.966692E-09
  495    4.946644E-09
  496    5.927838E-09
  497    5.904008E-09
  498    5.880321E-09
  499    5.856776E-09
  500    5.833372E-09
  501    5.672611E-09
  502    5.650033E-09
  503    5.627590E-09
  504    5.605281E-09
  505    5.583103E-09
  506    6.621205E-09
  507    6.595111E-09
  508    6.569172E-09
  509    6.543385E-09
  510    6.517750E-09
  511    6.716079E-09
  512    6.689870E-09
  513    6.663814E-09
  514    6.637910E-09
  515    6.612157E-09
  516    7.009209E-09
  517    6.982120E-09
  518    6.955188E-09
  519    6.928412E-09
  520    6.901790E-09
  521    7.903742E-09
  522    7.873488E-09
  523    7.843408E-09
  524    7.813500E-09
  525    7.783763E-09
  526    7.109483E-09
  527    7.082527E-09
  528    7.055725E-09
  529    7.029075E-09
  530    7.002575E-09
  531    8.719925E-09
  532    8.687174E-09
  533    8.654608E-09
  534    8.622224E-09
  535    8.590021E-09
  536    8.484284E-09
  537    8.452715E-09
  538    8.421321E-09
  539    8.390102E-09
  540    8.359057E-09
  541    9.603536E-09
  542    9.568131E-09
  543    9.532922E-09
  544    9.497907E-09
  545    9.463084E-09
  546    9.849909E-09
  547    9.813928E-09
  548    9.778143E-09
  549    9.742554E-09
  550    9.707159E-09
  551    9.583679E-09
  552    9.548987E-09
  553    9.514483E-09
  554    9.480166E-09
  555    9.446034E-09
  556    1.145859E-08
  557    1.141749E-08
  558    1.137660E-08
  559    1.133593E-08
  560    1.129548E-08
  561    1.087625E-08
  562    1.083758E-08
  563    1.079912E-08
  564    1.076085E-08
  565    1.072280E-08
  566    1.250464E-08
  567    1.246057E-08
  568    1.241674E-08
  569    1.237313E-08
  570    1.232975E-08
  571    1.224065E-08
  572    1.219789E-08
  573    1.215535E-08
  574    1.211304E-08
  575    1.207094E-08
  576    1.360378E-08
  577    1.355666E-08
  578    1.350979E-08
  579    1.346317E-08
  580    1.341678E-08
  581    1.417097E-08
  582    1.412231E-08
  583    1.407391E-08
  584    1.402575E-08
  585    1.397784E-08
  586    1.426356E-08
  587    1.421500E-08
  588    1.416669E-08
  589    1.411863E-08
  590    1.407081E-08
  591    1.605687E-08
  592    1.600267E-08
  593    1.594875E-08
  594    1.589509E-08
  595    1.584171E-08
  596    1.608431E-08
  597    1.603047E-08
  598    1.597690E-08
  599    1.592360E-08
  600    1.587057E-08
  601    1.754160E-08
  602    1.748337E-08
  603    1.742543E-08
  604    1.736778E-08
  605    1.731041E-08
  606    1.752853E-08
  607    1.747082E-08
  608    1.741340E-08
  609    1.735626E-08
  610    1.729940E-08
  611    1.751300E-08
  612    1.745581E-08
  613    1.739891E-08
  614    1.734228E-08
  615    1.728593E-08
  616    2.047050E-08
  617    2.040420E-08
  618    2.033822E-08
  619    2.027256E-08
  620    2.020722E-08
  621    1.966703E-08
  622    1.960384E-08
  623    1.954096E-08
  624    1.947838E-08
  625    1.941610E-08
  626    2.186372E-08
  627    2.179403E-08
  628    2.172468E-08
  629    2.165566E-08
  630    2.158696E-08
  631    2.132493E-08
  632    2.125750E-08
  633    2.119039E-08
  634    2.112359E-08
  635    2.105711E-08
  636    2.259520E-08
  637    2.252431E-08
  638    2.245376E-08
  639    2.238354E-08
  640    2.231364E-08
  641    2.496505E-08
  642    2.488734E-08
  643    2.480999E-08
  644    2.473300E-08
  645    2.465637E-08
  646    2.382112E-08
  647    2.374754E-08
  648    2.367431E-08
  649    2.360141E-08
  650    2.352884E-08
  651    2.711048E-08
  652    2.702738E-08
  653    2.694467E-08
  654    2.686233E-08
  655    2.678037E-08
  656    2.683576E-08
  657    2.675414E-08
  658    2.667288E-08
  659    2.659199E-08
  660    2.651147E-08
  661    2.837570E-08
  662    2.829004E-08
  663    2.820476E-08
  664    2.811987E-08
  665    2.803536E-08
  666    2.966978E-08
  667    2.958088E-08
  668    2.949238E-08
  669    2.940428E-08
  670    2.931657E-08
  671    2.879561E-08
  672    2.870997E-08
  673    2.862471E-08
  674    2.853984E-08
  675    2.845534E-08
  676    3.327268E-08
  677    3.317446E-08
  678    3.307667E-08
  679    3.297931E-08
  680    3.288239E-08
  681    3.174081E-08
  682    3.164780E-08
  683    3.155520E-08
  684    3.146300E-08
  685    3.137120E-08
  686    3.567969E-08
  687    3.557590E-08
  688    3.547256E-08
  689    3.536966E-08
  690    3.526722E-08
  691    3.563482E-08
  692    3.553190E-08
  693    3.542943E-08
  694    3.532740E-08
  695    3.522581E-08
  696    3.636694E-08
  697    3.626266E-08
  698    3.615883E-08
  699    3.605545E-08
  700    3.595250E-08
  701    3.995878E-08
  702    3.984502E-08
  703    3.973174E-08
  704    3.961895E-08
  705    3.950664E-08
  706    3.753404E-08
  707    3.742794E-08
  708    3.732229E-08
  709    3.721708E-08
  710    3.711232E-08
  711    4.235848E-08
  712    4.223958E-08
  713    4.212118E-08
  714    4.200328E-08
  715    4.188587E-08
  716    4.212229E-08
  717    4.200488E-08
  718    4.188795E-08
  719    4.177152E-08
  720    4.165557E-08
  721    4.550635E-08
  722    4.538038E-08
  723    4.525493E-08
  724    4.513000E-08
  725    4.500559E-08
  726    4.639281E-08
  727    4.626527E-08
  728    4.613825E-08
  729    4.601176E-08
  730    4.588579E-08
  731    4.561330E-08
  732    4.548876E-08
  733    4.536473E-08
  734    4.524120E-08
  735    4.511818E-08
  736    4.950259E-08
  737    4.936835E-08
  738    4.923465E-08
  739    4.910149E-08
  740    4.896887E-08
  741    4.989720E-08
  742    4.976279E-08
  743    4.962893E-08
  744    4.949561E-08
  745    4.936283E-08
  746    5.331161E-08
  747    5.316897E-08
  748    5.302690E-08
  749    5.288540E-08
  750    5.274447E-08
  751    5.503883E-08
  752    5.489255E-08
  753    5.474685E-08
  754    5.460173E-08
  755    5.445719E-08
  756    5.273958E-08
  757    5.260033E-08
  758    5.246164E-08
  759    5.232349E-08
  760    5.218588E-08
  761    6.166202E-08
  762    6.150029E-08
  763    6.133918E-08
  764    6.117872E-08
  765    6.101888E-08
  766    5.847335E-08
  767    5.832098E-08
  768    5.816920E-08
  769    5.801802E-08
  770    5.786742E-08
  771    6.119243E-08
  772    6.103401E-08
  773    6.087620E-08
  774    6.071899E-08
  775    6.056240E-08
  776    6.235855E-08
  777    6.219814E-08
  778    6.203835E-08
  779    6.187917E-08
  780    6.172061E-08
  781    6.523313E-08
  782    6.506640E-08
  783    6.490031E-08
  784    6.473485E-08
  785    6.457003E-08
  786    6.707235E-08
  787    6.690200E-08
  788    6.673231E-08
  789    6.656326E-08
  790    6.639485E-08
  791    6.731526E-08
  792    6.714538E-08
  793    6.697614E-08
  794    6.680754E-08
  795    6.663958E-08
  796    7.126447E-08
  797    7.108575E-08
  798    7.090771E-08
  799    7.073033E-08
  800    7.055361E-08
  801    7.096858E-08
  802    7.079171E-08
  803    7.061550E-08
  804    7.043995E-08
  805    7.026505E-08
  806    7.473867E-08
  807    7.455356E-08
  808    7.436913E-08
  809    7.418539E-08
  810    7.400233E-08
  811    7.561254E-08
  812    7.542641E-08
  813    7.524098E-08
  814    7.505622E-08
  815    7.487215E-08
  816    7.690848E-08
  817    7.672032E-08
  818    7.653286E-08
  819    7.634608E-08
  820    7.615998E-08
  821    8.099770E-08
  822    8.080075E-08
  823    8.060451E-08
  824    8.040899E-08
  825    8.021418E-08
  826    8.310520E-08
  827    8.290434E-08
  828    8.270421E-08
  829    8.250480E-08
  830    8.230611E-08
  831    8.727636E-08
  832    8.706668E-08
  833    8.685777E-08
  834    8.664960E-08
  835    8.644218E-08
  836    8.595128E-08
  837    8.574602E-08
  838    8.554150E-08
  839    8.533771E-08
  840    8.513464E-08
  841    8.716441E-08
  842    8.695749E-08
  843    8.675131E-08
  844    8.654586E-08
  845    8.634114E-08
  846    9.447605E-08
  847    9.425310E-08
  848    9.403094E-08
  849    9.380956E-08
  850    9.358896E-08
  851    9.081955E-08
  852    9.060648E-08
  853    9.039417E-08
  854    9.018259E-08
  855    8.997176E-08
  856    9.700610E-08
  857    9.677985E-08
  858    9.655439E-08
  859    9.632971E-08
  860    9.610582E-08
  861    9.428817E-08
  862    9.406954E-08
  863    9.385166E-08
  864    9.363453E-08
  865    9.341816E-08
  866    1.032404E-07
  867    1.030024E-07
  868    1.027652E-07
  869    1.025288E-07
  870    1.022932E-07
  871    1.050599E-07
  872    1.048191E-07
  873    1.045791E-07
  874    1.043399E-07
  875    1.041016E-07
  876    1.038463E-07
  877    1.036096E-07
  878    1.033737E-07
  879    1.031387E-07
  880    1.029044E-07
  881    1.098080E-07
  882    1.095591E-07
  883    1.093111E-07
  884    1.090639E-07
  885    1.088176E-07
  886    1.087858E-07
  887    1.085406E-07
  888    1.082963E-07
  889    1.080528E-07
  890    1.078101E-07
  891    1.141629E-07
  892    1.139071E-07
  893    1.136521E-07
  894    1.133980E-07
  895    1.131448E-07
  896    1.146585E-07
  897    1.144030E-07
  898    1.141483E-07
  899    1.138945E-07
  900    1.136416E-07
  901    1.143620E-07
  902    1.141086E-07
  903    1.138560E-07
  904    1.136042E-07
  905    1.133533E-07
  906    1.231371E-07
  907    1.228657E-07
  908    1.225952E-07
  909    1.223256E-07
  910    1.220569E-07
  911    1.187484E-07
  912    1.184881E-07
  913    1.182287E-07
  914    1.179701E-07
  915    1.177124E-07
  916    1.294415E-07
  917    1.291594E-07
  918    1.288781E-07
  919    1.285978E-07
  920    1.283184E-07
  921    1.237406E-07
  922    1.234723E-07
  923    1.232049E-07
  924    1.229384E-07
  925    1.226727E-07
  926    1.277934E-07
  927    1.275179E-07
  928    1.272432E-07
  929    1.269694E-07
  930    1.266965E-07
  931    1.369500E-07
  932    1.366562E-07
  933    1.363634E-07
  934    1.360716E-07
  935    1.357807E-07
  936    1.269604E-07
  937    1.266895E-07
  938    1.264196E-07
  939    1.261504E-07
  940    1.258822E-07
  941    1.375781E-07
  942    1.372862E-07
  943    1.369951E-07
  944    1.367050E-07
  945    1.364159E-07
  946    1.348832E-07
  947    1.345984E-07
  948    1.343146E-07
  949    1.340317E-07
  950    1.337497E-07
  951    1.403966E-07
  952    1.401018E-07
  953    1.398079E-07
  954    1.395150E-07
  955    1.392229E-07
  956    1.409611E-07
  957    1.406667E-07
  958    1.403732E-07
  959    1.400806E-07
  960    1.397889E-07
  961    1.376332E-07
  962    1.373472E-07
  963    1.370621E-07
  964    1.367779E-07
  965    1.364945E-07
  966    1.514388E-07
  967    1.511258E-07
  968    1.508137E-07
  969    1.505026E-07
  970    1.501924E-07
  971    1.415433E-07
  972    1.412522E-07
  973    1.409620E-07
  974    1.406727E-07
  975    1.403843E-07
  976    1.546661E-07
  977    1.543496E-07
  978    1.540341E-07
  979    1.537196E-07
  980    1.534061E-07
  981    1.521969E-07
  982    1.518870E-07
  983    1.515782E-07
  984    1.512702E-07
  985    1.509632E-07
  986    1.490618E-07
  987    1.487599E-07
  988    1.484589E-07
  989    1.481589E-07
  990    1.478597E-07
  991    1.568333E-07
  992    1.565173E-07
  993    1.562022E-07
  994    1.558881E-07
  995    1.555749E-07
  996    1.528072E-07
  997    1.525008E-07
  998    1.521953E-07
  999    1.518908E-07
 1000    1.515872E-07
 1001    1.579003E-07
 1002    1.575853E-07
 1003    1.572712E-07
 1004    1.569580E-07
 1005    1.566458E-07
 1006    1.556707E-07
 1007    1.553617E-07
 1008    1.550536E-07
 1009    1.547464E-07
 1010    1.544401E-07
 1011    1.572901E-07
 1012    1.569794E-07
 1013    1.566696E-07
 1014    1.563608E-07
 1015    1.560528E-07
 1016    1.707157E-07
 1017    1.703802E-07
 1018    1.700456E-07
 1019    1.697120E-07
 1020    1.693794E-07
 1021    1.607125E-07
 1022    1.603982E-07
 1023    1.600848E-07
 1024    1.597723E-07
 1025    1.594607E-07
 1026    1.655016E-07
 1027    1.651794E-07
 1028    1.648582E-07
 1029    1.645380E-07
 1030    1.642186E-07
 1031    1.658440E-07
 1032    1.655227E-07
 1033    1.652024E-07
 1034    1.648830E-07
 1035    1.645646E-07
 1036    1.674926E-07
 1037    1.671697E-07
 1038    1.668478E-07
 1039    1.665267E-07
 1040    1.662067E-07
 1041    1.742577E-07
 1042    1.739234E-07
 1043    1.735900E-07
 1044    1.732576E-07
 1045    1.729262E-07
 1046    1.698362E-07
 1047    1.695120E-07
 1048    1.691886E-07
 1049    1.688662E-07
 1050    1.685447E-07
 1051    1.729178E-07
 1052    1.725892E-07
 1053    1.722616E-07
 1054    1.719349E-07
 1055    1.716091E-07
 1056    1.702277E-07
 1057    1.699057E-07
 1058    1.695847E-07
 1059    1.692646E-07
 1060    1.689454E-07
 1061    1.727628E-07
 1062    1.724376E-07
 1063    1.721133E-07
 1064    1.717900E-07
 1065    1.714675E-07
 1066    1.763202E-07
 1067    1.759898E-07
 1068    1.756604E-07
 1069    1.753319E-07
 1070    1.750044E-07
 1071    1.767360E-07
 1072    1.764065E-07
 1073    1.760778E-07
 1074    1.757501E-07
 1075    1.754232E-07
 1076    1.699596E-07
 1077    1.696441E-07
 1078    1.693295E-07
 1079    1.690158E-07
 1080    1.687030E-07
 1081    1.796575E-07
 1082    1.793256E-07
 1083    1.789946E-07
 1084    1.786645E-07
 1085    1.783353E-07
 1086    1.766706E-07
 1087    1.763457E-07
 1088    1.760217E-07
 1089    1.756985E-07
 1090    1.753763E-07
 1091    1.743732E-07
 1092    1.740539E-07
 1093    1.737356E-07
 1094    1.734181E-07
 1095    1.731015E-07
 1096    1.783953E-07
 1097    1.780702E-07
 1098    1.777460E-07
 1099    1.774227E-07
 1100    1.771003E-07
 1101    1.816999E-07
 1102    1.813703E-07
 1103    1.810416E-07
 1104    1.807137E-07
 1105    1.803868E-07
 1106    1.745252E-07
 1107    1.742101E-07
 1108    1.738958E-07
 1109    1.735823E-07
 1110    1.732697E-07
 1111    1.776584E-07
 1112    1.773390E-07
 1113    1.770205E-07
 1114    1.767028E-07
 1115    1.763860E-07
 1116    1.752517E-07
 1117    1.749381E-07
 1118    1.746253E-07
 1119    1.743133E-07
 1120    1.740022E-07
 1121    1.843235E-07
 1122    1.839951E-07
 1123    1.836676E-07
 1124    1.833409E-07
 1125    1.830151E-07
 1126    1.738236E-07
 1127    1.735152E-07
 1128    1.732077E-07
 1129    1.729010E-07
 1130    1.725951E-07
 1131    1.782761E-07
 1132    1.779613E-07
 1133    1.776473E-07
 1134    1.773341E-07
 1135    1.770218E-07
 1136    1.770246E-07
 1137    1.767134E-07
 1138    1.764030E-07
 1139    1.760934E-07
 1140    1.757846E-07
 1141    1.776336E-07
 1142    1.773227E-07
 1143    1.770125E-07
 1144    1.767032E-07
 1145    1.763947E-07
 1146    1.833924E-07
 1147    1.830728E-07
 1148    1.827540E-07
 1149    1.824360E-07
 1150    1.821189E-07
 1151    1.733640E-07
 1152    1.730631E-07
 1153    1.727631E-07
 1154    1.724638E-07
 1155    1.721653E-07
 1156    1.777371E-07
 1157    1.774300E-07
 1158    1.771236E-07
 1159    1.768181E-07
 1160    1.765134E-07
 1161    1.736827E-07
 1162    1.733839E-07
 1163    1.730858E-07
 1164    1.727886E-07
 1165    1.724921E-07
 1166    1.752096E-07
 1167    1.749095E-07
 1168    1.746101E-07
 1169    1.743115E-07
 1170    1.740136E-07
 1171    1.821595E-07
 1172    1.818488E-07
 1173    1.815389E-07
 1174    1.812298E-07
 1175    1.809214E-07
 1176    1.684221E-07
 1177    1.681361E-07
 1178    1.678507E-07
 1179    1.675661E-07
 1180    1.672822E-07
 1181    1.769458E-07
 1182    1.766465E-07
 1183    1.763480E-07
 1184    1.760503E-07
 1185    1.757533E-07
 1186    1.769985E-07
 1187    1.767004E-07
 1188    1.764031E-07
 1189    1.761065E-07
 1190    1.758106E-07
 1191    1.706469E-07
 1192    1.703607E-07
 1193    1.700752E-07
 1194    1.697905E-07
 1195    1.695064E-07
 1196    1.730094E-07
 1197    1.727204E-07
 1198    1.724322E-07
 1199    1.721447E-07
 1200    1.718579E-07
 1201    1.664576E-07
 1202    1.661808E-07
 1203    1.659046E-07
 1204    1.656291E-07
 1205    1.653543E-07
 1206    1.711521E-07
 1207    1.708686E-07
 1208    1.705858E-07
 1209    1.703037E-07
 1210    1.700223E-07
 1211    1.639032E-07
 1212    1.636328E-07
 1213    1.633632E-07
 1214    1.630941E-07
 1215    1.628258E-07
 1216    1.621932E-07
 1217    1.619267E-07
 1218    1.616609E-07
 1219    1.613958E-07
 1220    1.611313E-07
 1221    1.658673E-07
 1222    1.655959E-07
 1223    1.653252E-07
 1224    1.650552E-07
 1225    1.647858E-07
 1226    1.548325E-07
 1227    1.545803E-07
 1228    1.543286E-07
 1229    1.540776E-07
 1230    1.538271E-07
 1231    1.638133E-07
 1232    1.635475E-07
 1233    1.632823E-07
 1234    1.630178E-07
 1235    1.627539E-07
 1236    1.553027E-07
 1237    1.550517E-07
 1238    1.548014E-07
 1239    1.545516E-07
 1240    1.543024E-07
 1241    1.534429E-07
 1242    1.531959E-07
 1243    1.529495E-07
 1244    1.527037E-07
 1245    1.524585E-07
 1246    1.561827E-07
 1247    1.559323E-07
 1248    1.556825E-07
 1249    1.554333E-07
 1250    1.551847E-07
 1251    1.484915E-07
 1252    1.482544E-07
 1253    1.480178E-07
 1254    1.477819E-07
 1255    1.475464E-07
 1256    1.554204E-07
 1257    1.551732E-07
 1258    1.549266E-07
 1259    1.546806E-07
 1260    1.544352E-07
 1261    1.428374E-07
 1262    1.426111E-07
 1263    1.423854E-07
 1264    1.421602E-07
 1265    1.419355E-07
 1266    1.460486E-07
 1267    1.458181E-07
 1268    1.455882E-07
 1269    1.453588E-07
 1270    1.451300E-07
 1271    1.458908E-07
 1272    1.456615E-07
 1273    1.454327E-07
 1274    1.452045E-07
 1275    1.449768E-07
 1276    1.378788E-07
 1277    1.376630E-07
 1278    1.374476E-07
 1279    1.372328E-07
 1280    1.370184E-07
 1281    1.383241E-07
 1282    1.381084E-07
 1283    1.378932E-07
 1284    1.376785E-07
 1285    1.374643E-07
 1286    1.339029E-07
 1287    1.336949E-07
 1288    1.334873E-07
 1289    1.332803E-07
 1290    1.330737E-07
 1291    1.372894E-07
 1292    1.370769E-07
 1293    1.368650E-07
 1294    1.366535E-07
 1295    1.364426E-07
 1296    1.311944E-07
 1297    1.309922E-07
 1298    1.307904E-07
 1299    1.305891E-07
 1300    1.303883E-07
 1301    1.298226E-07
 1302    1.296233E-07
 1303    1.294244E-07
 1304    1.292260E-07
 1305    1.290280E-07
 1306    1.267388E-07
 1307    1.265450E-07
 1308    1.263515E-07
 1309    1.261586E-07
 1310    1.259660E-07
 1311    1.245143E-07
 1312    1.243246E-07
 1313    1.241353E-07
 1314    1.239464E-07
 1315    1.237580E-07
 1316    1.246405E-07
 1317    1.244513E-07
 1318    1.242626E-07
 1319    1.240742E-07
 1320    1.238863E-07
 1321    1.191586E-07
 1322    1.189784E-07
 1323    1.187986E-07
 1324    1.186192E-07
 1325    1.184402E-07
 1326    1.176874E-07
 1327    1.175101E-07
 1328    1.173332E-07
 1329    1.171567E-07
 1330    1.169806E-07
 1331    1.147514E-07
 1332    1.145792E-07
 1333    1.144074E-07
 1334    1.142359E-07
 1335    1.140648E-07
 1336    1.136936E-07
 1337    1.135236E-07
 1338    1.133540E-07
 1339    1.131847E-07
 1340    1.130159E-07
 1341    1.136629E-07
 1342    1.134935E-07
 1343    1.133246E-07
 1344    1.131560E-07
 1345    1.129878E-07
 1346    1.102336E-07
 1347    1.100700E-07
 1348    1.099067E-07
 1349    1.097438E-07
 1350    1.095813E-07
 1351    1.102463E-07
 1352    1.100833E-07
 1353    1.099206E-07
 1354    1.097583E-07
 1355    1.095964E-07
 1356    1.089048E-07
 1357    1.087444E-07
 1358    1.085843E-07
 1359    1.084245E-07
 1360    1.082651E-07
 1361    1.061956E-07
 1362    1.060397E-07
 1363    1.058842E-07
 1364    1.057290E-07
 1365    1.055741E-07
 1366    1.039550E-07
 1367    1.038029E-07
 1368    1.036512E-07
 1369    1.034999E-07
 1370    1.033488E-07
 1371    1.026032E-07
 1372    1.024537E-07
 1373    1.023045E-07
 1374    1.021556E-07
 1375    1.020071E-07
 1376    1.056419E-07
 1377    1.054886E-07
 1378    1.053355E-07
 1379    1.051828E-07
 1380    1.050304E-07
 1381    1.005514E-07
 1382    1.004059E-07
 1383    1.002608E-07
 1384    1.001160E-07
 1385    9.997144E-08
 1386    1.020293E-07
 1387    1.018822E-07
 1388    1.017355E-07
 1389    1.015890E-07
 1390    1.014429E-07
 1391    9.749833E-08
 1392    9.735829E-08
 1393    9.721856E-08
 1394    9.707913E-08
 1395    9.694000E-08
 1396    1.013254E-07
 1397    1.011804E-07
 1398    1.010357E-07
 1399    1.008913E-07
 1400    1.007473E-07
 1401    1.016096E-07
 1402    1.014647E-07
 1403    1.013201E-07
 1404    1.011758E-07
 1405    1.010318E-07
 1406    9.879464E-08
 1407    9.865426E-08
 1408    9.851417E-08
 1409    9.837439E-08
 1410    9.823490E-08
 1411    1.001044E-07
 1412    9.996268E-08
 1413    9.982124E-08
 1414    9.968010E-08
 1415    9.953926E-08
 1416    9.839061E-08
 1417    9.825179E-08
 1418    9.811326E-08
 1419    9.797502E-08
 1420    9.783708E-08
 1421    9.970164E-08
 1422    9.956146E-08
 1423    9.942158E-08
 1424    9.928199E-08
 1425    9.914270E-08
 1426    1.034483E-07
 1427    1.033034E-07
 1428    1.031588E-07
 1429    1.030144E-07
 1430    1.028704E-07
 1431    1.020591E-07
 1432    1.019166E-07
 1433    1.017744E-07
 1434    1.016325E-07
 1435    1.014909E-07
 1436    1.050683E-07
 1437    1.049221E-07
 1438    1.047763E-07
 1439    1.046307E-07
 1440    1.044854E-07
 1441    1.053543E-07
 1442    1.052082E-07
 1443    1.050624E-07
 1444    1.049170E-07
 1445    1.047718E-07
 1446    1.075889E-07
 1447    1.074402E-07
 1448    1.072919E-07
 1449    1.071439E-07
 1450    1.069961E-07
 1451    1.090489E-07
 1452    1.088987E-07
 1453    1.087489E-07
 1454    1.085994E-07
 1455    1.084501E-07
 1456    1.077014E-07
 1457    1.075536E-07
 1458    1.074061E-07
 1459    1.072590E-07
 1460    1.071121E-07
 1461    1.171976E-07
 1462    1.170373E-07
 1463    1.168774E-07
 1464    1.167178E-07
 1465    1.165585E-07
 1466    1.145975E-07
 1467    1.144414E-07
 1468    1.142855E-07
 1469    1.141300E-07
 1470    1.139747E-07
 1471    1.207390E-07
 1472    1.205750E-07
 1473    1.204113E-07
 1474    1.202480E-07
 1475    1.200850E-07
 1476    1.196626E-07
 1477    1.195006E-07
 1478    1.193389E-07
 1479    1.191776E-07
 1480    1.190166E-07
 1481    1.256179E-07
 1482    1.254484E-07
 1483    1.252793E-07
 1484    1.251105E-07
 1485    1.249421E-07
 1486    1.334919E-07
 1487    1.333125E-07
 1488    1.331333E-07
 1489    1.329546E-07
 1490    1.327762E-07
 1491    1.342789E-07
 1492    1.340990E-07
 1493    1.339194E-07
 1494    1.337402E-07
 1495    1.335613E-07
 1496    1.398168E-07
 1497    1.396300E-07
 1498    1.394437E-07
 1499    1.392577E-07
 1500    1.390721E-07
 1501    1.440718E-07
 1502    1.438800E-07
 1503    1.436886E-07
 1504    1.434976E-07
 1505    1.433069E-07
 1506    1.502608E-07
 1507    1.500614E-07
 1508    1.498625E-07
 1509    1.496639E-07
 1510    1.494658E-07
 1511    1.587590E-07
 1512    1.585491E-07
 1513    1.583396E-07
 1514    1.581305E-07
 1515    1.579218E-07
 1516    1.603626E-07
 1517    1.601512E-07
 1518    1.599403E-07
 1519    1.597298E-07
 1520    1.595197E-07
 1521    1.704456E-07
 1522    1.702217E-07
 1523    1.699982E-07
 1524    1.697752E-07
 1525    1.695526E-07
 1526    1.845801E-07
 1527    1.843384E-07
 1528    1.840972E-07
 1529    1.838565E-07
 1530    1.836162E-07
 1531    1.904137E-07
 1532    1.901652E-07
 1533    1.899172E-07
 1534    1.896696E-07
 1535    1.894226E-07
 1536    1.977203E-07
 1537    1.974631E-07
 1538    1.972064E-07
 1539    1.969502E-07
 1540    1.966945E-07
 1541    2.002825E-07
 1542    2.000228E-07
 1543    1.997636E-07
 1544    1.995049E-07
 1545    1.992468E-07
 1546    2.231499E-07
 1547    2.228615E-07
 1548    2.225736E-07
 1549    2.222863E-07
 1550    2.219996E-07
 1551    2.252403E-07
 1552    2.249501E-07
 1553    2.246605E-07
 1554    2.243715E-07
 1555    2.240830E-07
 1556    2.431843E-07
 1557    2.428720E-07
 1558    2.425603E-07
 1559    2.422493E-07
 1560    2.419388E-07
 1561    2.533628E-07
 1562    2.530385E-07
 1563    2.527148E-07
 1564    2.523917E-07
 1565    2.520693E-07
 1566    2.654029E-07
 1567    2.650643E-07
 1568    2.647263E-07
 1569    2.643890E-07
 1570    2.640523E-07
 1571    2.822757E-07
 1572    2.819167E-07
 1573    2.815583E-07
 1574    2.812007E-07
 1575    2.808437E-07
 1576    2.999304E-07
 1577    2.995501E-07
 1578    2.991706E-07
 1579    2.987918E-07
 1580    2.984137E-07
 1581    3.128361E-07
 1582    3.124407E-07
 1583    3.120461E-07
 1584    3.116522E-07
 1585    3.112591E-07
 1586    3.326318E-07
 1587    3.322127E-07
 1588    3.317945E-07
 1589    3.313770E-07
 1590    3.309603E-07
 1591    3.422102E-07
 1592    3.417804E-07
 1593    3.413515E-07
 1594    3.409233E-07
 1595    3.404960E-07
 1596    3.552498E-07
 1597    3.548050E-07
 1598    3.543611E-07
 1599    3.539180E-07
 1600    3.534758E-07
 1601    3.649195E-07
 1602    3.644640E-07
 1603    3.640095E-07
 1604    3.635557E-07
 1605    3.631028E-07
 1606    3.765319E-07
 1607    3.760634E-07
 1608    3.755958E-07
 1609    3.751291E-07
 1610    3.746633E-07
 1611    4.000946E-07
 1612    3.995983E-07
 1613    3.991030E-07
 1614    3.986086E-07
 1615    3.981151E-07
 1616    4.081660E-07
 1617    4.076613E-07
 1618    4.071576E-07
 1619    4.066547E-07
 1620    4.061529E-07
 1621    4.279024E-07
 1622    4.273750E-07
 1623    4.268485E-07
 1624    4.263230E-07
 1625    4.257984E-07
 1626    4.406186E-07
 1627    4.400771E-07
 1628    4.395366E-07
 1629    4.389972E-07
 1630    4.384587E-07
 1631    4.753372E-07
 1632    4.747548E-07
 1633    4.741736E-07
 1634    4.735934E-07
 1635    4.730142E-07
 1636    4.879658E-07
 1637    4.873699E-07
 1638    4.867750E-07
 1639    4.861811E-07
 1640    4.855884E-07
 1641    5.192015E-07
 1642    5.185693E-07
 1643    5.179383E-07
 1644    5.173084E-07
 1645    5.166796E-07
 1646    5.319096E-07
 1647    5.312638E-07
 1648    5.306193E-07
 1649    5.299759E-07
 1650    5.293337E-07
 1651    5.665773E-07
 1652    5.658916E-07
 1653    5.652071E-07
 1654    5.645239E-07
 1655    5.638419E-07
 1656    5.832249E-07
 1657    5.825212E-07
 1658    5.818187E-07
 1659    5.811175E-07
 1660    5.804176E-07
 1661    5.963218E-07
 1662    5.956044E-07
 1663    5.948883E-07
 1664    5.941735E-07
 1665    5.934600E-07
 1666    6.463945E-07
 1667    6.456192E-07
 1668    6.448453E-07
 1669    6.440728E-07
 1670    6.433017E-07
 1671    6.741188E-07
 1672    6.733126E-07
 1673    6.725080E-07
 1674    6.717047E-07
 1675    6.709029E-07
 1676    7.210498E-07
 1677    7.201902E-07
 1678    7.193320E-07
 1679    7.184754E-07
 1680    7.176204E-07
 1681    7.395827E-07
 1682    7.387035E-07
 1683    7.378259E-07
 1684    7.369499E-07
 1685    7.360755E-07
 1686    7.677219E-07
 1687    7.668120E-07
 1688    7.659037E-07
 1689    7.649970E-07
 1690    7.640920E-07
 1691    7.950326E-07
 1692    7.940931E-07
 1693    7.931553E-07
 1694    7.922192E-07
 1695    7.912847E-07
 1696    8.167147E-07
 1697    8.157524E-07
 1698    8.147919E-07
 1699    8.138330E-07
 1700    8.128758E-07
 1701    8.456134E-07
 1702    8.446200E-07
 1703    8.436284E-07
 1704    8.426385E-07
 1705    8.416504E-07
 1706    8.579277E-07
 1707    8.569228E-07
 1708    8.559196E-07
 1709    8.549183E-07
 1710    8.539187E-07
 1711    8.821940E-07
 1712    8.811637E-07
 1713    8.801352E-07
 1714    8.791085E-07
 1715    8.780836E-07
 1716    9.307971E-07
 1717    9.297132E-07
 1718    9.286312E-07
 1719    9.275511E-07
 1720    9.264729E-07
 1721    9.497995E-07
 1722    9.486967E-07
 1723    9.475958E-07
 1724    9.464969E-07
 1725    9.453998E-07
 1726    1.025520E-06
 1727    1.024333E-06
 1728    1.023147E-06
 1729    1.021964E-06
 1730    1.020783E-06
 1731    1.039869E-06
 1732    1.038669E-06
 1733    1.037470E-06
 1734    1.036274E-06
 1735    1.035080E-06
 1736    1.095260E-06
 1737    1.093999E-06
 1738    1.092740E-06
 1739    1.091484E-06
 1740    1.090230E-06
 1741    1.134202E-06
 1742    1.132900E-06
 1743    1.131600E-06
 1744    1.130303E-06
 1745    1.129008E-06
 1746    1.144111E-06
 1747    1.142802E-06
 1748    1.141495E-06
 1749    1.140190E-06
 1750    1.138887E-06
 1751    1.198162E-06
 1752    1.196795E-06
 1753    1.195430E-06
 1754    1.194067E-06
 1755    1.192707E-06
 1756    1.215570E-06
 1757    1.214187E-06
 1758    1.212806E-06
 1759    1.211428E-06
 1760    1.210051E-06
 1761    1.284210E-06
 1762    1.282753E-06
 1763    1.281298E-06
 1764    1.279846E-06
 1765    1.278396E-06
 1766    1.299317E-06
 1767    1.297847E-06
 1768    1.296379E-06
 1769    1.294914E-06
 1770    1.293451E-06
 1771    1.359767E-06
 1772    1.358233E-06
 1773    1.356701E-06
 1774    1.355172E-06
 1775    1.353646E-06
 1776    1.447263E-06
 1777    1.445634E-06
 1778    1.444008E-06
 1779    1.442386E-06
 1780    1.440765E-06
 1781    1.473603E-06
 1782    1.471950E-06
 1783    1.470299E-06
 1784    1.468651E-06
 1785    1.467006E-06
 1786    1.545685E-06
 1787    1.543956E-06
 1788    1.542229E-06
 1789    1.540506E-06
 1790    1.538785E-06
 1791    1.565623E-06
 1792    1.563876E-06
 1793    1.562132E-06
 1794    1.560391E-06
 1795    1.558653E-06
 1796    1.620140E-06
 1797    1.618338E-06
 1798    1.616538E-06
 1799    1.614741E-06
 1800    1.612948E-06
 1801    1.651391E-06
 1802    1.649558E-06
 1803    1.647729E-06
 1804    1.645903E-06
 1805    1.644080E-06
 1806    1.656467E-06
 1807    1.654635E-06
 1808    1.652805E-06
 1809    1.650978E-06
 1810    1.649154E-06
 1811    1.696539E-06
 1812    1.694667E-06
 1813    1.692798E-06
 1814    1.690932E-06
 1815    1.689069E-06
 1816    1.714322E-06
 1817    1.712436E-06
 1818    1.710552E-06
 1819    1.708672E-06
 1820    1.706795E-06
 1821    1.820300E-06
 1822    1.818302E-06
 1823    1.816308E-06
 1824    1.814317E-06
 1825    1.812329E-06
 1826    1.844421E-06
 1827    1.842402E-06
 1828    1.840387E-06
 1829    1.838375E-06
 1830    1.836367E-06
 1831    1.904056E-06
 1832    1.901978E-06
 1833    1.899903E-06
 1834    1.897832E-06
 1835    1.895764E-06
 1836    1.976233E-06
 1837    1.974082E-06
 1838    1.971935E-06
 1839    1.969791E-06
 1840    1.967650E-06
 1841    2.006053E-06
 1842    2.003875E-06
 1843    2.001701E-06
 1844    1.999531E-06
 1845    1.997364E-06
 1846    2.057750E-06
 1847    2.055522E-06
 1848    2.053298E-06
 1849    2.051078E-06
 1850    2.048861E-06
 1851    2.067646E-06
 1852    2.065414E-06
 1853    2.063185E-06
 1854    2.060960E-06
 1855    2.058738E-06
 1856    2.110171E-06
 1857    2.107899E-06
 1858    2.105631E-06
 1859    2.103366E-06
 1860    2.101105E-06
 1861    2.176237E-06
 1862    2.173900E-06
 1863    2.171567E-06
 1864    2.169238E-06
 1865    2.166912E-06
 1866    2.247965E-06
 1867    2.245558E-06
 1868    2.243154E-06
 1869    2.240754E-06
 1870    2.238359E-06
 1871    2.364843E-06
 1872    2.362317E-06
 1873    2.359795E-06
 1874    2.357277E-06
 1875    2.354763E-06
 1876    2.382808E-06
 1877    2.380270E-06
 1878    2.377736E-06
 1879    2.375205E-06
 1880    2.372679E-06
 1881    2.494122E-06
 1882    2.491472E-06
 1883    2.488827E-06
 1884    2.486185E-06
 1885    2.483548E-06
 1886    2.517603E-06
 1887    2.514935E-06
 1888    2.512272E-06
 1889    2.509612E-06
 1890    2.506957E-06
 1891    2.557542E-06
 1892    2.554839E-06
 1893    2.552140E-06
 1894    2.549446E-06
 1895    2.546756E-06
 1896    2.638643E-06
 1897    2.635862E-06
 1898    2.633085E-06
 1899    2.630312E-06
 1900    2.627544E-06
 1901    2.576349E-06
 1902    2.573641E-06
 1903    2.570937E-06
 1904    2.568237E-06
 1905    2.565541E-06
 1906    2.630907E-06
 1907    2.628149E-06
 1908    2.625395E-06
 1909    2.622645E-06
 1910    2.619899E-06
 1911    2.679324E-06
 1912    2.676523E-06
 1913    2.673725E-06
 1914    2.670932E-06
 1915    2.668143E-06
 1916    2.696933E-06
 1917    2.694120E-06
 1918    2.691311E-06
 1919    2.688507E-06
 1920    2.685708E-06
 1921    2.765686E-06
 1922    2.762809E-06
 1923    2.759936E-06
 1924    2.757068E-06
 1925    2.754204E-06
 1926    2.826558E-06
 1927    2.823625E-06
 1928    2.820696E-06
 1929    2.817773E-06
 1930    2.814853E-06
 1931    2.971428E-06
 1932    2.968352E-06
 1933    2.965282E-06
 1934    2.962216E-06
 1935    2.959155E-06
 1936    2.992979E-06
 1937    2.989889E-06
 1938    2.986804E-06
 1939    2.983724E-06
 1940    2.980649E-06
 1941    3.071974E-06
 1942    3.068811E-06
 1943    3.065653E-06
 1944    3.062500E-06
 1945    3.059351E-06
 1946    3.128860E-06
 1947    3.125647E-06
 1948    3.122439E-06
 1949    3.119235E-06
 1950    3.116037E-06
 1951    3.062248E-06
 1952    3.059111E-06
 1953    3.055979E-06
 1954    3.052852E-06
 1955    3.049730E-06
 1956    3.231261E-06
 1957    3.227960E-06
 1958    3.224663E-06
 1959    3.221372E-06
 1960    3.218086E-06
 1961    3.126245E-06
 1962    3.123059E-06
 1963    3.119878E-06
 1964    3.116702E-06
 1965    3.113530E-06
 1966    3.302774E-06
 1967    3.299417E-06
 1968    3.296064E-06
 1969    3.292717E-06
 1970    3.289375E-06
 1971    3.371590E-06
 1972    3.368172E-06
 1973    3.364758E-06
 1974    3.361350E-06
 1975    3.357947E-06
 1976    3.422990E-06
 1977    3.419528E-06
 1978    3.416071E-06
 1979    3.412620E-06
 1980    3.409173E-06
 1981    3.520251E-06
 1982    3.516700E-06
 1983    3.513154E-06
 1984    3.509614E-06
 1985    3.506078E-06
 1986    3.543185E-06
 1987    3.539619E-06
 1988    3.536059E-06
 1989    3.532504E-06
 1990    3.528955E-06
 1991    3.674748E-06
 1992    3.671060E-06
 1993    3.667377E-06
 1994    3.663699E-06
 1995    3.660027E-06
 1996    3.622803E-06
 1997    3.619176E-06
 1998    3.615554E-06
 1999    3.611938E-06
 2000    3.608327E-06
 2001    3.620891E-06
 2002    3.617275E-06
 2003    3.613664E-06
 2004    3.610058E-06
 2005    3.606458E-06
 2006    3.663112E-06
 2007    3.659463E-06
 2008    3.655819E-06
 2009    3.652180E-06
 2010    3.648547E-06
 2011    3.646872E-06
 2012    3.643248E-06
 2013    3.639629E-06
 2014    3.636015E-06
 2015    3.632407E-06
 2016    3.770348E-06
 2017    3.766610E-06
 2018    3.762878E-06
 2019    3.759151E-06
 2020    3.755430E-06
 2021    3.791563E-06
 2022    3.787814E-06
 2023    3.784070E-06
 2024    3.780332E-06
 2025    3.776599E-06
 2026    3.814331E-06
 2027    3.810568E-06
 2028    3.806811E-06
 2029    3.803060E-06
 2030    3.799314E-06
 2031    3.983210E-06
 2032    3.979291E-06
 2033    3.975377E-06
 2034    3.971469E-06
 2035    3.967567E-06
 2036    3.939069E-06
 2037    3.935202E-06
 2038    3.931341E-06
 2039    3.927486E-06
 2040    3.923636E-06
 2041    4.084171E-06
 2042    4.080171E-06
 2043    4.076178E-06
 2044    4.072191E-06
 2045    4.068209E-06
 2046    3.956976E-06
 2047    3.953111E-06
 2048    3.949252E-06
 2049    3.945398E-06
 2050    3.941550E-06
 2051    3.963694E-06
 2052    3.959832E-06
 2053    3.955975E-06
 2054    3.952124E-06
 2055    3.948279E-06
 2056    3.986524E-06
 2057    3.982649E-06
 2058    3.978780E-06
 2059    3.974916E-06
 2060    3.971058E-06
 2061    3.980567E-06
 2062    3.976707E-06
 2063    3.972853E-06
 2064    3.969004E-06
 2065    3.965161E-06
 2066    4.065215E-06
 2067    4.061282E-06
 2068    4.057356E-06
 2069    4.053435E-06
 2070    4.049519E-06
 2071    4.039227E-06
 2072    4.035329E-06
 2073    4.031436E-06
 2074    4.027550E-06
 2075    4.023669E-06
 2076    4.246704E-06
 2077    4.242616E-06
 2078    4.238533E-06
 2079    4.234457E-06
 2080    4.230386E-06
 2081    4.351474E-06
 2082    4.347295E-06
 2083    4.343122E-06
 2084    4.338955E-06
 2085    4.334794E-06
 2086    4.495432E-06
 2087    4.491125E-06
 2088    4.486824E-06
 2089    4.482529E-06
 2090    4.478241E-06
 2091    4.376027E-06
 2092    4.371845E-06
 2093    4.367668E-06
 2094    4.363497E-06
 2095    4.359333E-06
 2096    4.438452E-06
 2097    4.434220E-06
 2098    4.429994E-06
 2099    4.425774E-06
 2100    4.421560E-06
 2101    4.405345E-06
 2102    4.401155E-06
 2103    4.396970E-06
 2104    4.392791E-06
 2105    4.388619E-06
 2106    4.333295E-06
 2107    4.329183E-06
 2108    4.325077E-06
 2109    4.320976E-06
 2110    4.316881E-06
 2111    4.440621E-06
 2112    4.436417E-06
 2113    4.432219E-06
 2114    4.428027E-06
 2115    4.423841E-06
 2116    4.499000E-06
 2117    4.494751E-06
 2118    4.490508E-06
 2119    4.486270E-06
 2120    4.482039E-06
 2121    4.561162E-06
 2122    4.556865E-06
 2123    4.552573E-06
 2124    4.548287E-06
 2125    4.544007E-06
 2126    4.619378E-06
 2127    4.615036E-06
 2128    4.610699E-06
 2129    4.606369E-06
 2130    4.602045E-06
 2131    4.721154E-06
 2132    4.716726E-06
 2133    4.712304E-06
 2134    4.707889E-06
 2135    4.703480E-06
 2136    4.885071E-06
 2137    4.880500E-06
 2138    4.875935E-06
 2139    4.871377E-06
 2140    4.866826E-06
 2141    4.878271E-06
 2142    4.873717E-06
 2143    4.869170E-06
 2144    4.864629E-06
 2145    4.860094E-06
 2146    4.872418E-06
 2147    4.867880E-06
 2148    4.863349E-06
 2149    4.858824E-06
 2150    4.854305E-06
 2151    4.742283E-06
 2152    4.737876E-06
 2153    4.733476E-06
 2154    4.729082E-06
 2155    4.724694E-06
 2156    4.774475E-06
 2157    4.770049E-06
 2158    4.765629E-06
 2159    4.761216E-06
 2160    4.756808E-06
 2161    5.005118E-06
 2162    5.000489E-06
 2163    4.995866E-06
 2164    4.991250E-06
 2165    4.986641E-06
 2166    4.958500E-06
 2167    4.953925E-06
 2168    4.949356E-06
 2169    4.944793E-06
 2170    4.940237E-06
 2171    5.160141E-06
 2172    5.155390E-06
 2173    5.150646E-06
 2174    5.145909E-06
 2175    5.141178E-06
 2176    5.169022E-06
 2177    5.164275E-06
 2178    5.159534E-06
 2179    5.154799E-06
 2180    5.150071E-06
 2181    5.351280E-06
 2182    5.346376E-06
 2183    5.341479E-06
 2184    5.336588E-06
 2185    5.331705E-06
 2186    5.429575E-06
 2187    5.424610E-06
 2188    5.419653E-06
 2189    5.414703E-06
 2190    5.409759E-06
 2191    5.297782E-06
 2192    5.292949E-06
 2193    5.288123E-06
 2194    5.283304E-06
 2195    5.278491E-06
 2196    5.359302E-06
 2197    5.354425E-06
 2198    5.349554E-06
 2199    5.344689E-06
 2200    5.339832E-06
 2201    5.209432E-06
 2202    5.204701E-06
 2203    5.199977E-06
 2204    5.195260E-06
 2205    5.190548E-06
 2206    5.405071E-06
 2207    5.400174E-06
 2208    5.395284E-06
 2209    5.390400E-06
 2210    5.385523E-06
 2211    5.513472E-06
 2212    5.508488E-06
 2213    5.503511E-06
 2214    5.498541E-06
 2215    5.493577E-06
 2216    5.657754E-06
 2217    5.652651E-06
 2218    5.647555E-06
 2219    5.642466E-06
 2220    5.637384E-06
 2221    5.993751E-06
 2222    5.988357E-06
 2223    5.982971E-06
 2224    5.977592E-06
 2225    5.972220E-06
 2226    6.042511E-06
 2227    6.037086E-06
 2228    6.031668E-06
 2229    6.026257E-06
 2230    6.020854E-06
 2231    6.306612E-06
 2232    6.300963E-06
 2233    6.295320E-06
 2234    6.289686E-06
 2235    6.284059E-06
 2236    6.375384E-06
 2237    6.369685E-06
 2238    6.363994E-06
 2239    6.358310E-06
 2240    6.352635E-06
 2241    6.136738E-06
 2242    6.131265E-06
 2243    6.125800E-06
 2244    6.120341E-06
 2245    6.114890E-06
 2246    6.094640E-06
 2247    6.089217E-06
 2248    6.083800E-06
 2249    6.078391E-06
 2250    6.072990E-06
 2251    5.374093E-06
 2252    5.369321E-06
 2253    5.364556E-06
 2254    5.359797E-06
 2255    5.355044E-06
 2256    5.024928E-06
 2257    5.020476E-06
 2258    5.016031E-06
 2259    5.011591E-06
 2260    5.007157E-06
 2261    4.899477E-06
 2262    4.895146E-06
 2263    4.890820E-06
 2264    4.886501E-06
 2265    4.882187E-06
 2266    5.332557E-06
 2267    5.327854E-06
 2268    5.323157E-06
 2269    5.318466E-06
 2270    5.313781E-06
 2271    6.322140E-06
 2272    6.316576E-06
 2273    6.311019E-06
 2274    6.305470E-06
 2275    6.299928E-06
 2276    7.342516E-06
 2277    7.336068E-06
 2278    7.329628E-06
 2279    7.323198E-06
 2280    7.316775E-06
 2281    8.867392E-06
 2282    8.859622E-06
 2283    8.851863E-06
 2284    8.844113E-06
 2285    8.836374E-06
 2286    9.774298E-06
 2287    9.765752E-06
 2288    9.757217E-06
 2289    9.748694E-06
 2290    9.740182E-06
 2291    1.042217E-05
 2292    1.041308E-05
 2293    1.040400E-05
 2294    1.039493E-05
 2295    1.038587E-05
 2296    1.086636E-05
 2297    1.085690E-05
 2298    1.084745E-05
 2299    1.083802E-05
 2300    1.082859E-05
 2301    1.130226E-05
 2302    1.129244E-05
 2303    1.128264E-05
 2304    1.127285E-05
 2305    1.126307E-05
 2306    1.271112E-05
 2307    1.270010E-05
 2308    1.268910E-05
 2309    1.267811E-05
 2310    1.266714E-05
 2311    1.357422E-05
 2312    1.356248E-05
 2313    1.355076E-05
 2314    1.353905E-05
 2315    1.352735E-05
 2316    1.471875E-05
 2317    1.470605E-05
 2318    1.469336E-05
 2319    1.468069E-05
 2320    1.466804E-05
 2321    1.485827E-05
 2322    1.484548E-05
 2323    1.483270E-05
 2324    1.481994E-05
 2325    1.480719E-05
 2326    1.408347E-05
 2327    1.407137E-05
 2328    1.405928E-05
 2329    1.404721E-05
 2330    1.403516E-05
 2331    1.219687E-05
 2332    1.218641E-05
 2333    1.217597E-05
 2334    1.216554E-05
 2335    1.215512E-05
 2336    8.698078E-06
 2337    8.690636E-06
 2338    8.683203E-06
 2339    8.675780E-06
 2340    8.668366E-06
 2341    4.030575E-06
 2342    4.027134E-06
 2343    4.023697E-06
 2344    4.020264E-06
 2345    4.016836E-06
 2346   -2.858050E-06
 2347   -2.855615E-06
 2348   -2.853183E-06
 2349   -2.850755E-06
 2350   -2.848329E-06
 2351   -1.127877E-05
 2352   -1.126919E-05
 2353   -1.125961E-05
 2354   -1.125004E-05
 2355   -1.124049E-05
 2356   -1.888938E-05
 2357   -1.887335E-05
 2358   -1.885735E-05
 2359   -1.884136E-05
 2360   -1.882540E-05
 2361   -2.439637E-05
 2362   -2.437572E-05
 2363   -2.435509E-05
 2364   -2.433449E-05
 2365   -2.431391E-05
 2366   -2.697285E-05
 2367   -2.695006E-05
 2368   -2.692730E-05
 2369   -2.690457E-05
 2370   -2.688187E-05
 2371   -2.342725E-05
 2372   -2.340750E-05
 2373   -2.338777E-05
 2374   -2.336807E-05
 2375   -2.334840E-05
 2376   -1.212993E-05
 2377   -1.211972E-05
 2378   -1.210953E-05
 2379   -1.209936E-05
 2380   -1.208919E-05
 2381    9.603112E-06
 2382    9.595051E-06
 2383    9.586999E-06
 2384    9.578958E-06
 2385    9.570927E-06
 2386    4.249997E-05
 2387    4.246436E-05
 2388    4.242881E-05
 2389    4.239329E-05
 2390    4.235783E-05
 2391    9.008741E-05
 2392    9.001210E-05
 2393    8.993688E-05
 2394    8.986177E-05
 2395    8.978674E-05
 2396    1.443769E-04
 2397    1.442565E-04
 2398    1.441362E-04
 2399    1.440160E-04
 2400    1.438961E-04
 2401    2.114370E-04
 2402    2.112610E-04
 2403    2.110852E-04
 2404    2.109096E-04
 2405    2.107343E-04
 2406    2.674219E-04
 2407    2.671998E-04
 2408    2.669779E-04
 2409    2.667563E-04
 2410    2.665350E-04
 2411    3.142761E-04
 2412    3.140156E-04
 2413    3.137554E-04
 2414    3.134955E-04
 2415    3.132359E-04
 2416    3.437133E-04
 2417    3.434289E-04
 2418    3.431449E-04
 2419    3.428613E-04
 2420    3.425780E-04
 2421    3.363288E-04
 2422    3.360512E-04
 2423    3.357738E-04
 2424    3.354969E-04
 2425    3.352202E-04
 2426    2.877288E-04
 2427    2.874917E-04
 2428    2.872550E-04
 2429    2.870185E-04
 2430    2.867823E-04
 2431    1.468943E-04
 2432    1.467735E-04
 2433    1.466529E-04
 2434    1.465324E-04
 2435    1.464121E-04
 2436   -1.061174E-04
 2437   -1.060304E-04
 2438   -1.059434E-04
 2439   -1.058565E-04
 2440   -1.057698E-04
 2441   -5.107812E-04
 2442   -5.103629E-04
 2443   -5.099452E-04
 2444   -5.095280E-04
 2445   -5.091113E-04
 2446   -1.039201E-03
 2447   -1.038352E-03
 2448   -1.037504E-03
 2449   -1.036657E-03
 2450   -1.035810E-03
 2451   -1.658454E-03
 2452   -1.657102E-03
 2453   -1.655751E-03
 2454   -1.654402E-03
 2455   -1.653054E-03
 2456   -2.154634E-03
 2457   -2.152881E-03
 2458   -2.151130E-03
 2459   -2.149380E-03
 2460   -2.147633E-03
 2461   -2.453820E-03
 2462   -2.451827E-03
 2463   -2.449837E-03
 2464   -2.447849E-03
 2465   -2.445863E-03
 2466   -2.497535E-03
 2467   -2.495510E-03
 2468   -2.493489E-03
 2469   -2.491469E-03
 2470   -2.489452E-03
 2471   -2.282345E-03
 2472   -2.280498E-03
 2473   -2.278654E-03
 2474   -2.276813E-03
 2475   -2.274973E-03
 2476   -1.782623E-03
 2477   -1.781184E-03
 2478   -1.779747E-03
 2479   -1.778311E-03
 2480   -1.776877E-03
 2481   -6.770490E-04
 2482   -6.765035E-04
 2483   -6.759587E-04
 2484   -6.754146E-04
 2485   -6.748711E-04
 2486    1.289611E-03
 2487    1.288574E-03
 2488    1.287538E-03
 2489    1.286504E-03
 2490    1.285471E-03
 2491    4.477446E-03
 2492    4.473853E-03
 2493    4.470265E-03
 2494    4.466681E-03
 2495    4.463101E-03
 2496    8.929673E-03
 2497    8.922522E-03
 2498    8.915380E-03
 2499    8.908246E-03
 2500    8.901121E-03
 2501    1.391650E-02
 2502    1.390538E-02
 2503    1.389427E-02
 2504    1.388317E-02
 2505    1.387209E-02
 2506    1.793432E-02
 2507    1.792002E-02
 2508    1.790573E-02
 2509    1.789146E-02
 2510    1.787721E-02
 2511    2.168333E-02
 2512    2.166607E-02
 2513    2.164883E-02
 2514    2.163161E-02
 2515    2.161441E-02
 2516    2.305337E-02
 2517    2.303505E-02
 2518    2.301676E-02
 2519    2.299849E-02
 2520    2.298024E-02
 2521    2.397635E-02
 2522    2.395734E-02
 2523    2.393835E-02
 2524    2.391938E-02
 2525    2.390044E-02
 2526    2.370713E-02
 2527    2.368837E-02
 2528    2.366963E-02
 2529    2.365092E-02
 2530    2.363222E-02
 2531    2.285007E-02
 2532    2.283202E-02
 2533    2.281400E-02
 2534    2.279600E-02
 2535    2.277801E-02
 2536    2.135111E-02
 2537    2.133428E-02
 2538    2.131747E-02
 2539    2.130068E-02
 2540    2.128391E-02
 2541    1.805717E-02
 2542    1.804297E-02
 2543    1.802878E-02
 2544    1.801461E-02
 2545    1.800046E-02
 2546    1.376932E-02
 2547    1.375851E-02
 2548    1.374771E-02
 2549    1.373692E-02
 2550    1.372615E-02
 2551    8.439037E-03
 2552    8.432425E-03
 2553    8.425820E-03
 2554    8.419223E-03
 2555    8.412634E-03
 2556    4.134060E-03
 2557    4.130827E-03
 2558    4.127598E-03
 2559    4.124373E-03
 2560    4.121151E-03
 2561    9.765680E-04
 2562    9.758058E-04
 2563    9.750445E-04
 2564    9.742840E-04
 2565    9.735245E-04
 2566   -9.496657E-04
 2567   -9.489259E-04
 2568   -9.481870E-04
 2569   -9.474490E-04
 2570   -9.467118E-04
 2571   -2.039874E-03
 2572   -2.038288E-03
 2573   -2.036704E-03
 2574   -2.035122E-03
 2575   -2.033542E-03
 2576   -2.485613E-03
 2577   -2.483684E-03
 2578   -2.481758E-03
 2579   -2.479834E-03
 2580   -2.477912E-03
 2581   -2.690850E-03
 2582   -2.688766E-03
 2583   -2.686684E-03
 2584   -2.684605E-03
 2585   -2.682529E-03
 2586   -2.595811E-03
 2587   -2.593805E-03
 2588   -2.591801E-03
 2589   -2.589799E-03
 2590   -2.587799E-03
 2591   -2.281833E-03
 2592   -2.280073E-03
 2593   -2.278315E-03
 2594   -2.276558E-03
 2595   -2.274804E-03
 2596   -1.775865E-03
 2597   -1.774498E-03
 2598   -1.773132E-03
 2599   -1.771768E-03
 2600   -1.770405E-03
 2601   -1.112913E-03
 2602   -1.112058E-03
 2603   -1.111204E-03
 2604   -1.110351E-03
 2605   -1.109498E-03
 2606   -5.706322E-04
 2607   -5.701945E-04
 2608   -5.697573E-04
 2609   -5.693206E-04
 2610   -5.688844E-04
 2611   -1.532204E-04
 2612   -1.531031E-04
 2613   -1.529859E-04
 2614   -1.528689E-04
 2615   -1.527520E-04
 2616    1.047308E-04
 2617    1.046508E-04
 2618    1.045709E-04
 2619    1.044910E-04
 2620    1.044113E-04
 2621    2.386638E-04
 2622    2.384818E-04
 2623    2.383000E-04
 2624    2.381184E-04
 2625    2.379370E-04
 2626    2.964427E-04
 2627    2.962171E-04
 2628    2.959917E-04
 2629    2.957665E-04
 2630    2.955417E-04
 2631    3.070370E-04
 2632    3.068037E-04
 2633    3.065707E-04
 2634    3.063380E-04
 2635    3.061055E-04
 2636    2.768593E-04
 2637    2.766493E-04
 2638    2.764396E-04
 2639    2.762302E-04
 2640    2.760210E-04
 2641    2.340774E-04
 2642    2.339002E-04
 2643    2.337233E-04
 2644    2.335465E-04
 2645    2.333699E-04
 2646    1.747456E-04
 2647    1.746136E-04
 2648    1.744818E-04
 2649    1.743500E-04
 2650    1.742185E-04
 2651    1.086161E-04
 2652    1.085342E-04
 2653    1.084524E-04
 2654    1.083707E-04
 2655    1.082891E-04
 2656    5.217045E-05
 2657    5.213119E-05
 2658    5.209197E-05
 2659    5.205280E-05
 2660    5.201367E-05
 2661    6.302190E-06
 2662    6.297456E-06
 2663    6.292728E-06
 2664    6.288004E-06
 2665    6.283286E-06
 2666   -2.609682E-05
 2667   -2.607725E-05
 2668   -2.605771E-05
 2669   -2.603819E-05
 2670   -2.601869E-05
 2671   -4.605832E-05
 2672   -4.602385E-05
 2673   -4.598942E-05
 2674   -4.595503E-05
 2675   -4.592067E-05
 2676   -5.543981E-05
 2677   -5.539840E-05
 2678   -5.535703E-05
 2679   -5.531571E-05
 2680   -5.527444E-05
 2681   -5.910020E-05
 2682   -5.905613E-05
 2683   -5.901212E-05
 2684   -5.896816E-05
 2685   -5.892424E-05
 2686   -5.509379E-05
 2687   -5.505279E-05
 2688   -5.501184E-05
 2689   -5.497093E-05
 2690   -5.493007E-05
 2691   -4.921030E-05
 2692   -4.917375E-05
 2693   -4.913723E-05
 2694   -4.910076E-05
 2695   -4.906433E-05
 2696   -3.801030E-05
 2697   -3.798211E-05
 2698   -3.795396E-05
 2699   -3.792584E-05
 2700   -3.789776E-05
 2701   -2.777185E-05
 2702   -2.775130E-05
 2703   -2.773077E-05
 2704   -2.771026E-05
 2705   -2.768978E-05
 2706   -1.874434E-05
 2707   -1.873049E-05
 2708   -1.871666E-05
 2709   -1.870284E-05
 2710   -1.868904E-05
 2711   -1.225226E-05
 2712   -1.224322E-05
 2713   -1.223420E-05
 2714   -1.222519E-05
 2715   -1.221618E-05
 2716   -8.199702E-06
 2717   -8.193667E-06
 2718   -8.187639E-06
 2719   -8.181617E-06
 2720   -8.175603E-06
 2721   -5.418615E-06
 2722   -5.414634E-06
 2723   -5.410658E-06
 2724   -5.406686E-06
 2725   -5.402719E-06
 2726   -4.383759E-06
 2727   -4.380544E-06
 2728   -4.377333E-06
 2729   -4.374126E-06
 2730   -4.370922E-06
 2731   -4.305018E-06
 2732   -4.301867E-06
 2733   -4.298720E-06
 2734   -4.295576E-06
 2735   -4.292435E-06
 2736   -4.710106E-06
 2737   -4.706665E-06
 2738   -4.703228E-06
 2739   -4.699794E-06
 2740   -4.696364E-06
 2741   -5.378122E-06
 2742   -5.374200E-06
 2743   -5.370282E-06
 2744   -5.366369E-06
 2745   -5.362460E-06
 2746   -5.468262E-06
 2747   -5.464281E-06
 2748   -5.460305E-06
 2749   -5.456333E-06
 2750   -5.452366E-06
 2751   -5.470076E-06
 2752   -5.466101E-06
 2753   -5.462131E-06
 2754   -5.458165E-06
 2755   -5.454203E-06
 2756   -5.364201E-06
 2757   -5.360311E-06
 2758   -5.356424E-06
 2759   -5.352542E-06
 2760   -5.348664E-06
 2761   -5.528665E-06
 2762   -5.524663E-06
 2763   -5.520664E-06
 2764   -5.516670E-06
 2765   -5.512681E-06
 2766   -6.147708E-06
 2767   -6.143266E-06
 2768   -6.138828E-06
 2769   -6.134394E-06
 2770   -6.129966E-06
 2771   -6.769745E-06
 2772   -6.764861E-06
 2773   -6.759983E-06
 2774   -6.755110E-06
 2775   -6.750242E-06
 2776   -7.753404E-06
 2777   -7.747821E-06
 2778   -7.742244E-06
 2779   -7.736673E-06
 2780   -7.731108E-06
 2781   -8.012272E-06
 2782   -8.006513E-06
 2783   -8.000760E-06
 2784   -7.995013E-06
 2785   -7.989273E-06
 2786   -8.203002E-06
 2787   -8.197116E-06
 2788   -8.191237E-06
 2789   -8.185364E-06
 2790   -8.179497E-06
 2791   -7.846271E-06
 2792   -7.840651E-06
 2793   -7.835038E-06
 2794   -7.829430E-06
 2795   -7.823829E-06
 2796   -7.057300E-06
 2797   -7.052254E-06
 2798   -7.047214E-06
 2799   -7.042180E-06
 2800   -7.037150E-06
 2801   -6.260828E-06
 2802   -6.256360E-06
 2803   -6.251897E-06
 2804   -6.247438E-06
 2805   -6.242984E-06
 2806   -5.479417E-06
 2807   -5.475514E-06
 2808   -5.471615E-06
 2809   -5.467719E-06
 2810   -5.463829E-06
 2811   -5.174409E-06
 2812   -5.170730E-06
 2813   -5.167054E-06
 2814   -5.163382E-06
 2815   -5.159715E-06
 2816   -5.091020E-06
 2817   -5.087406E-06
 2818   -5.083796E-06
 2819   -5.080190E-06
 2820   -5.076588E-06
 2821   -5.028799E-06
 2822   -5.025235E-06
 2823   -5.021676E-06
 2824   -5.018120E-06
 2825   -5.014568E-06
 2826   -5.074024E-06
 2827   -5.070435E-06
 2828   -5.066849E-06
 2829   -5.063268E-06
 2830   -5.059690E-06
 2831   -5.107918E-06
 2832   -5.104312E-06
 2833   -5.100709E-06
 2834   -5.097110E-06
 2835   -5.093515E-06
 2836   -5.214649E-06
 2837   -5.210973E-06
 2838   -5.207302E-06
 2839   -5.203634E-06
 2840   -5.199970E-06
 2841   -5.152412E-06
 2842   -5.148786E-06
 2843   -5.145165E-06
 2844   -5.141547E-06
 2845   -5.137933E-06
 2846   -5.020637E-06
 2847   -5.017111E-06
 2848   -5.013588E-06
 2849   -5.010069E-06
 2850   -5.006554E-06
 2851   -4.807045E-06
 2852   -4.803675E-06
 2853   -4.800308E-06
 2854   -4.796945E-06
 2855   -4.793585E-06
 2856   -4.607040E-06
 2857   -4.603815E-06
 2858   -4.600594E-06
 2859   -4.597376E-06
 2860   -4.594162E-06
 2861   -4.522397E-06
 2862   -4.519237E-06
 2863   -4.516081E-06
 2864   -4.512927E-06
 2865   -4.509778E-06
 2866   -4.455606E-06
 2867   -4.452498E-06
 2868   -4.449394E-06
 2869   -4.446293E-06
 2870   -4.443195E-06
 2871   -4.463680E-06
 2872   -4.460572E-06
 2873   -4.457468E-06
 2874   -4.454366E-06
 2875   -4.451268E-06
 2876   -4.438404E-06
 2877   -4.435320E-06
 2878   -4.432238E-06
 2879   -4.429159E-06
 2880   -4.426084E-06
 2881   -4.502584E-06
 2882   -4.499460E-06
 2883   -4.496339E-06
 2884   -4.493221E-06
 2885   -4.490107E-06
 2886   -4.514948E-06
 2887   -4.511820E-06
 2888   -4.508696E-06
 2889   -4.505576E-06
 2890   -4.502458E-06
 2891   -4.476067E-06
 2892   -4.472972E-06
 2893   -4.469880E-06
 2894   -4.466792E-06
 2895   -4.463706E-06
 2896   -4.394384E-06
 2897   -4.391350E-06
 2898   -4.388320E-06
 2899   -4.385293E-06
 2900   -4.382270E-06
 2901   -4.161954E-06
 2902   -4.159086E-06
 2903   -4.156221E-06
 2904   -4.153359E-06
 2905   -4.150500E-06
 2906   -4.065930E-06
 2907   -4.063133E-06
 2908   -4.060339E-06
 2909   -4.057548E-06
 2910   -4.054760E-06
 2911   -3.915034E-06
 2912   -3.912345E-06
 2913   -3.909660E-06
 2914   -3.906977E-06
 2915   -3.904297E-06
 2916   -3.917114E-06
 2917   -3.914429E-06
 2918   -3.911746E-06
 2919   -3.909066E-06
 2920   -3.906389E-06
 2921   -4.018068E-06
 2922   -4.015318E-06
 2923   -4.012571E-06
 2924   -4.009827E-06
 2925   -4.007086E-06
 2926   -3.947802E-06
 2927   -3.945105E-06
 2928   -3.942411E-06
 2929   -3.939720E-06
 2930   -3.937031E-06
 2931   -4.055023E-06
 2932   -4.052257E-06
 2933   -4.049495E-06
 2934   -4.046735E-06
 2935   -4.043978E-06
 2936   -4.010453E-06
 2937   -4.007723E-06
 2938   -4.004995E-06
 2939   -4.002270E-06
 2940   -3.999548E-06
 2941   -3.934662E-06
 2942   -3.931988E-06
 2943   -3.929316E-06
 2944   -3.926647E-06
 2945   -3.923981E-06
 2946   -3.900446E-06
 2947   -3.897799E-06
 2948   -3.895155E-06
 2949   -3.892514E-06
 2950   -3.889875E-06
 2951   -3.638043E-06
 2952   -3.635578E-06
 2953   -3.633117E-06
 2954   -3.630657E-06
 2955   -3.628200E-06
 2956   -3.597559E-06
 2957   -3.595126E-06
 2958   -3.592695E-06
 2959   -3.590267E-06
 2960   -3.587842E-06
 2961   -3.522933E-06
 2962   -3.520555E-06
 2963   -3.518179E-06
 2964   -3.515805E-06
 2965   -3.513434E-06
 2966   -3.535480E-06
 2967   -3.533097E-06
 2968   -3.530717E-06
 2969   -3.528339E-06
 2970   -3.525963E-06
 2971   -3.591718E-06
 2972   -3.589301E-06
 2973   -3.586887E-06
 2974   -3.584475E-06
 2975   -3.582066E-06
 2976   -3.507270E-06
 2977   -3.504914E-06
 2978   -3.502560E-06
 2979   -3.500209E-06
 2980   -3.497860E-06
 2981   -3.642012E-06
 2982   -3.639570E-06
 2983   -3.637130E-06
 2984   -3.634692E-06
 2985   -3.632257E-06
 2986   -3.572976E-06
 2987   -3.570584E-06
 2988   -3.568194E-06
 2989   -3.565807E-06
 2990   -3.563422E-06
 2991   -3.580104E-06
 2992   -3.577711E-06
 2993   -3.575321E-06
 2994   -3.572933E-06
 2995   -3.570548E-06
 2996   -3.452345E-06
 2997   -3.450041E-06
 2998   -3.447740E-06
 2999   -3.445441E-06
 3000   -3.443145E-06
 3001   -3.286623E-06
 3002   -3.284434E-06
 3003   -3.282247E-06
 3004   -3.280062E-06
 3005   -3.277879E-06
 3006   -3.267008E-06
 3007   -3.264835E-06
 3008   -3.262665E-06
 3009   -3.260497E-06
 3010   -3.258331E-06
 3011   -3.148255E-06
 3012   -3.146164E-06
 3013   -3.144076E-06
 3014   -3.141990E-06
 3015   -3.139907E-06
 3016   -3.126040E-06
 3017   -3.123968E-06
 3018   -3.121898E-06
 3019   -3.119830E-06
 3020   -3.117764E-06
 3021   -3.132050E-06
 3022   -3.129977E-06
 3023   -3.127907E-06
 3024   -3.125838E-06
 3025   -3.123772E-06
 3026   -3.098018E-06
 3027   -3.095971E-06
 3028   -3.093927E-06
 3029   -3.091884E-06
 3030   -3.089844E-06
 3031   -3.238128E-06
 3032   -3.235993E-06
 3033   -3.233859E-06
 3034   -3.231728E-06
 3035   -3.229599E-06
 3036   -3.215151E-06
 3037   -3.213034E-06
 3038   -3.210919E-06
 3039   -3.208806E-06
 3040   -3.206695E-06
 3041   -3.256691E-06
 3042   -3.254550E-06
 3043   -3.252411E-06
 3044   -3.250275E-06
 3045   -3.248140E-06
 3046   -3.198080E-06
 3047   -3.195981E-06
 3048   -3.193884E-06
 3049   -3.191789E-06
 3050   -3.189697E-06
 3051   -3.176770E-06
 3052   -3.174689E-06
 3053   -3.172610E-06
 3054   -3.170532E-06
 3055   -3.168457E-06
 3056   -3.160851E-06
 3057   -3.158783E-06
 3058   -3.156717E-06
 3059   -3.154654E-06
 3060   -3.152592E-06
 3061   -3.077320E-06
 3062   -3.075310E-06
 3063   -3.073303E-06
 3064   -3.071297E-06
 3065   -3.069293E-06
 3066   -3.127612E-06
 3067   -3.125572E-06
 3068   -3.123535E-06
 3069   -3.121500E-06
 3070   -3.119467E-06
 3071   -3.085060E-06
 3072   -3.083052E-06
 3073   -3.081046E-06
 3074   -3.079041E-06
 3075   -3.077039E-06
 3076   -3.064724E-06
 3077   -3.062733E-06
 3078   -3.060743E-06
 3079   -3.058755E-06
 3080   -3.056769E-06
 3081   -2.871127E-06
 3082   -2.869264E-06
 3083   -2.867403E-06
 3084   -2.865544E-06
 3085   -2.863686E-06
 3086   -2.601189E-06
 3087   -2.599504E-06
 3088   -2.597821E-06
 3089   -2.596139E-06
 3090   -2.594459E-06
 3091   -2.146236E-06
 3092   -2.144848E-06
 3093   -2.143462E-06
 3094   -2.142076E-06
 3095   -2.140692E-06
 3096   -1.405086E-06
 3097   -1.404178E-06
 3098   -1.403272E-06
 3099   -1.402367E-06
 3100   -1.401462E-06
 3101   -6.037041E-07
 3102   -6.033150E-07
 3103   -6.029262E-07
 3104   -6.025377E-07
 3105   -6.021497E-07
 3106    1.123309E-07
 3107    1.122586E-07
 3108    1.121864E-07
 3109    1.121142E-07
 3110    1.120421E-07
 3111    6.140036E-07
 3112    6.136090E-07
 3113    6.132149E-07
 3114    6.128211E-07
 3115    6.124277E-07
 3116    8.868805E-07
 3117    8.863115E-07
 3118    8.857431E-07
 3119    8.851752E-07
 3120    8.846079E-07
 3121    1.017688E-06
 3122    1.017037E-06
 3123    1.016385E-06
 3124    1.015735E-06
 3125    1.015085E-06
 3126    1.087439E-06
 3127    1.086744E-06
 3128    1.086049E-06
 3129    1.085355E-06
 3130    1.084662E-06
 3131    1.088400E-06
 3132    1.087705E-06
 3133    1.087011E-06
 3134    1.086317E-06
 3135    1.085624E-06
 3136    1.119146E-06
 3137    1.118433E-06
 3138    1.117720E-06
 3139    1.117008E-06
 3140    1.116296E-06
 3141    1.094964E-06
 3142    1.094267E-06
 3143    1.093571E-06
 3144    1.092875E-06
 3145    1.092180E-06
 3146    1.089171E-06
 3147    1.088479E-06
 3148    1.087788E-06
 3149    1.087097E-06
 3150    1.086407E-06
 3151    1.102717E-06
 3152    1.102018E-06
 3153    1.101319E-06
 3154    1.100621E-06
 3155    1.099923E-06
 3156    1.058227E-06
 3157    1.057557E-06
 3158    1.056887E-06
 3159    1.056218E-06
 3160    1.055550E-06
 3161    1.037860E-06
 3162    1.037204E-06
 3163    1.036548E-06
 3164    1.035893E-06
 3165    1.035238E-06
 3166    1.002516E-06
 3167    1.001883E-06
 3168    1.001250E-06
 3169    1.000618E-06
 3170    9.999872E-07
 3171    9.871312E-07
 3172    9.865088E-07
 3173    9.858871E-07
 3174    9.852660E-07
 3175    9.846455E-07
 3176    9.680634E-07
 3177    9.674541E-07
 3178    9.668454E-07
 3179    9.662372E-07
 3180    9.656296E-07
 3181    9.142417E-07
 3182    9.136672E-07
 3183    9.130932E-07
 3184    9.125197E-07
 3185    9.119468E-07
 3186    9.058055E-07
 3187    9.052372E-07
 3188    9.046693E-07
 3189    9.041021E-07
 3190    9.035353E-07
 3191    8.493473E-07
 3192    8.488152E-07
 3193    8.482836E-07
 3194    8.477525E-07
 3195    8.472219E-07
 3196    8.424305E-07
 3197    8.419036E-07
 3198    8.413772E-07
 3199    8.408512E-07
 3200    8.403258E-07
 3201    8.044737E-07
 3202    8.039713E-07
 3203    8.034694E-07
 3204    8.029679E-07
 3205    8.024669E-07
 3206    7.625993E-07
 3207    7.621238E-07
 3208    7.616488E-07
 3209    7.611741E-07
 3210    7.607000E-07
 3211    7.494686E-07
 3212    7.490020E-07
 3213    7.485358E-07
 3214    7.480701E-07
 3215    7.476048E-07
 3216    7.112180E-07
 3217    7.107759E-07
 3218    7.103342E-07
 3219    7.098930E-07
 3220    7.094521E-07
 3221    6.975026E-07
 3222    6.970697E-07
 3223    6.966372E-07
 3224    6.962052E-07
 3225    6.957735E-07
 3226    6.759121E-07
 3227    6.754932E-07
 3228    6.750748E-07
 3229    6.746567E-07
 3230    6.742390E-07
 3231    6.346013E-07
 3232    6.342087E-07
 3233    6.338164E-07
 3234    6.334245E-07
 3235    6.330330E-07
 3236    6.339963E-07
 3237    6.336046E-07
 3238    6.332133E-07
 3239    6.328224E-07
 3240    6.324318E-07
 3241    5.911821E-07
 3242    5.908175E-07
 3243    5.904532E-07
 3244    5.900892E-07
 3245    5.897256E-07
 3246    5.869957E-07
 3247    5.866342E-07
 3248    5.862730E-07
 3249    5.859122E-07
 3250    5.855517E-07
 3251    5.619254E-07
 3252    5.615798E-07
 3253    5.612346E-07
 3254    5.608897E-07
 3255    5.605451E-07
 3256    5.375166E-07
 3257    5.371866E-07
 3258    5.368569E-07
 3259    5.365275E-07
 3260    5.361984E-07
 3261    5.310270E-07
 3262    5.307014E-07
 3263    5.303762E-07
 3264    5.300512E-07
 3265    5.297266E-07
 3266    4.905872E-07
 3267    4.902869E-07
 3268    4.899869E-07
 3269    4.896872E-07
 3270    4.893877E-07
 3271    4.847830E-07
 3272    4.844867E-07
 3273    4.841907E-07
 3274    4.838950E-07
 3275    4.835995E-07
 3276    4.553239E-07
 3277    4.550460E-07
 3278    4.547684E-07
 3279    4.544911E-07
 3280    4.542140E-07
 3281    4.377790E-07
 3282    4.375122E-07
 3283    4.372457E-07
 3284    4.369795E-07
 3285    4.367135E-07
 3286    4.197134E-07
 3287    4.194581E-07
 3288    4.192030E-07
 3289    4.189481E-07
 3290    4.186935E-07
 3291    3.880331E-07
 3292    3.877974E-07
 3293    3.875619E-07
 3294    3.873266E-07
 3295    3.870915E-07
 3296    3.829896E-07
 3297    3.827573E-07
 3298    3.825252E-07
 3299    3.822933E-07
 3300    3.820617E-07
