   50    3.502094E-12
   51    2.522805E-12
   52    2.426716E-12
   53    2.336014E-12
   54    2.250303E-12
   55    2.169224E-12
   56    1.128438E-12
   57    1.089194E-12
   58    1.051962E-12
   59    1.016607E-12
   60    9.830046E-13
   61    5.926233E-13
   62    5.736618E-13
   63    5.555959E-13
   64    5.383702E-13
   65    5.219334E-13
   66    1.547729E-12
   67    1.501875E-12
   68    1.458030E-12
   69    1.416076E-12
   70    1.375908E-12
   71    1.057180E-12
   72    1.028019E-12
   73    1.000049E-12
   74    9.732040E-13
   75    9.474261E-13
   76    1.526715E-12
   77    1.487320E-12
   78    1.449429E-12
   79    1.412968E-12
   80    1.377866E-12
   81    2.194095E-12
   82    2.140908E-12
   83    2.089633E-12
   84    2.040177E-12
   85    1.992457E-12
   86    1.668759E-12
   87    1.630619E-12
   88    1.593771E-12
   89    1.558158E-12
   90    1.523726E-12
   91    1.714646E-12
   92    1.677574E-12
   93    1.641692E-12
   94    1.606950E-12
   95    1.573298E-12
   96    1.230478E-12
   97    1.205239E-12
   98    1.180768E-12
   99    1.157036E-12
  100    1.134011E-12
  101    4.744786E-13
  102    4.652209E-13
  103    4.562316E-13
  104    4.475003E-13
  105    4.390172E-13
  106    3.244067E-13
  107    3.183715E-13
  108    3.125032E-13
  109    3.067956E-13
  110    3.012430E-13
  111    7.688105E-13
  112    7.551433E-13
  113    7.418373E-13
  114    7.288799E-13
  115    7.162591E-13
  116    1.069643E-12
  117    1.051437E-12
  118    1.033692E-12
  119    1.016392E-12
  120    9.995234E-13
  121    1.850096E-12
  122    1.819891E-12
  123    1.790420E-12
  124    1.761659E-12
  125    1.733586E-12
  126    2.383463E-12
  127    2.346076E-12
  128    2.309563E-12
  129    2.273895E-12
  130    2.239047E-12
  131    2.110987E-12
  132    2.079124E-12
  133    2.047977E-12
  134    2.017524E-12
  135    1.987746E-12
  136    1.509934E-12
  137    1.487971E-12
  138    1.466485E-12
  139    1.445461E-12
  140    1.424885E-12
  141    8.332461E-13
  142    8.215517E-13
  143    8.101018E-13
  144    7.988896E-13
  145    7.879086E-13
  146    7.310332E-13
  147    7.211211E-13
  148    7.114093E-13
  149    7.018923E-13
  150    6.925650E-13
  151    1.156567E-12
  152    1.141399E-12
  153    1.126528E-12
  154    1.111945E-12
  155    1.097644E-12
  156    1.223742E-12
  157    1.208203E-12
  158    1.192958E-12
  159    1.177999E-12
  160    1.163320E-12
  161    2.905656E-12
  162    2.869895E-12
  163    2.834790E-12
  164    2.800325E-12
  165    2.766485E-12
  166    2.410608E-12
  167    2.381825E-12
  168    2.353555E-12
  169    2.325785E-12
  170    2.298503E-12
  171    2.795858E-12
  172    2.763443E-12
  173    2.731588E-12
  174    2.700281E-12
  175    2.669509E-12
  176    3.748265E-12
  177    3.706031E-12
  178    3.664508E-12
  179    3.623678E-12
  180    3.583527E-12
  181    2.131663E-12
  182    2.108302E-12
  183    2.085324E-12
  184    2.062719E-12
  185    2.040480E-12
  186    2.361136E-12
  187    2.335951E-12
  188    2.311167E-12
  189    2.286775E-12
  190    2.262767E-12
  191    1.953541E-12
  192    1.933244E-12
  193    1.913263E-12
  194    1.893589E-12
  195    1.874218E-12
  196    2.070284E-12
  197    2.049320E-12
  198    2.028672E-12
  199    2.008334E-12
  200    1.988301E-12
  201    1.953014E-12
  202    1.933725E-12
  203    1.914721E-12
  204    1.895995E-12
  205    1.877543E-12
  206    8.413941E-13
  207    8.332844E-13
  208    8.252913E-13
  209    8.174127E-13
  210    8.096464E-13
  211    9.041824E-14
  212    8.956725E-14
  213    8.872822E-14
  214    8.790093E-14
  215    8.708515E-14
  216    0.000000E+00
  217    0.000000E+00
  218    0.000000E+00
  219    0.000000E+00
  220    0.000000E+00
  221    0.000000E+00
  222    0.000000E+00
  223    0.000000E+00
  224    0.000000E+00
  225    0.000000E+00
  226    4.129299E-14
  227    4.092997E-14
  228    4.057173E-14
  229    4.021816E-14
  230    3.986920E-14
  231    0.000000E+00
  232    0.000000E+00
  233    0.000000E+00
  234    0.000000E+00
  235    0.000000E+00
  236    0.000000E+00
  237    0.000000E+00
  238    0.000000E+00
  239    0.000000E+00
  240    0.000000E+00
  241    0.000000E+00
  242    0.000000E+00
  243    0.000000E+00
  244    0.000000E+00
  245    0.000000E+00
  246    1.456749E-12
  247    1.444978E-12
  248    1.433348E-12
  249    1.421859E-12
  250    1.410507E-12
  251    1.624564E-11
  252    1.611696E-11
  253    1.598981E-11
  254    1.586415E-11
  255    1.573997E-11
  256    2.463081E-11
  257    2.443950E-11
  258    2.425042E-11
  259    2.406352E-11
  260    2.387877E-11
  261    4.758583E-11
  262    4.722328E-11
  263    4.686485E-11
  264    4.651049E-11
  265    4.616013E-11
  266    4.021638E-11
  267    3.991570E-11
  268    3.961838E-11
  269    3.932437E-11
  270    3.903362E-11
  271    8.187231E-11
  272    8.127141E-11
  273    8.067711E-11
  274    8.008930E-11
  275    7.950790E-11
  276    1.723303E-10
  277    1.710883E-10
  278    1.698596E-10
  279    1.686442E-10
  280    1.674417E-10
  281    7.509107E-10
  282    7.455945E-10
  283    7.403346E-10
  284    7.351302E-10
  285    7.299804E-10
  286    1.328100E-09
  287    1.318861E-09
  288    1.309718E-09
  289    1.300670E-09
  290    1.291715E-09
  291    2.145722E-09
  292    2.131051E-09
  293    2.116529E-09
  294    2.102155E-09
  295    2.087928E-09
  296    3.057485E-09
  297    3.036930E-09
  298    3.016583E-09
  299    2.996439E-09
  300    2.976496E-09
  301    3.588340E-09
  302    3.564615E-09
  303    3.541125E-09
  304    3.517867E-09
  305    3.494837E-09
  306    5.490229E-09
  307    5.454520E-09
  308    5.419159E-09
  309    5.384140E-09
  310    5.349460E-09
  311    5.345526E-09
  312    5.311315E-09
  313    5.277431E-09
  314    5.243870E-09
  315    5.210629E-09
  316    6.970273E-09
  317    6.926366E-09
  318    6.882872E-09
  319    6.839787E-09
  320    6.797106E-09
  321    8.370607E-09
  322    8.318697E-09
  323    8.267268E-09
  324    8.216314E-09
  325    8.165830E-09
  326    7.956015E-09
  327    7.907429E-09
  328    7.859286E-09
  329    7.811582E-09
  330    7.764311E-09
  331    1.044132E-08
  332    1.037852E-08
  333    1.031628E-08
  334    1.025460E-08
  335    1.019347E-08
  336    9.603484E-09
  337    9.546574E-09
  338    9.490169E-09
  339    9.434263E-09
  340    9.378849E-09
  341    1.268856E-08
  342    1.261447E-08
  343    1.254102E-08
  344    1.246822E-08
  345    1.239604E-08
  346    1.312648E-08
  347    1.305093E-08
  348    1.297603E-08
  349    1.290178E-08
  350    1.282816E-08
  351    1.288062E-08
  352    1.280754E-08
  353    1.273508E-08
  354    1.266323E-08
  355    1.259199E-08
  356    1.608316E-08
  357    1.599318E-08
  358    1.590396E-08
  359    1.581548E-08
  360    1.572774E-08
  361    1.500747E-08
  362    1.492467E-08
  363    1.484255E-08
  364    1.476111E-08
  365    1.468034E-08
  366    1.769203E-08
  367    1.759575E-08
  368    1.750025E-08
  369    1.740553E-08
  370    1.731157E-08
  371    1.735362E-08
  372    1.726044E-08
  373    1.716802E-08
  374    1.707633E-08
  375    1.698538E-08
  376    1.919663E-08
  377    1.909492E-08
  378    1.899403E-08
  379    1.889393E-08
  380    1.879462E-08
  381    2.143846E-08
  382    2.132637E-08
  383    2.121515E-08
  384    2.110480E-08
  385    2.099530E-08
  386    1.995321E-08
  387    1.985023E-08
  388    1.974804E-08
  389    1.964664E-08
  390    1.954602E-08
  391    2.373558E-08
  392    2.361463E-08
  393    2.349461E-08
  394    2.337550E-08
  395    2.325729E-08
  396    2.267951E-08
  397    2.256540E-08
  398    2.245215E-08
  399    2.233975E-08
  400    2.222819E-08
  401    2.617577E-08
  402    2.604570E-08
  403    2.591660E-08
  404    2.578846E-08
  405    2.566127E-08
  406    2.722024E-08
  407    2.708664E-08
  408    2.695403E-08
  409    2.682238E-08
  410    2.669170E-08
  411    2.750616E-08
  412    2.737280E-08
  413    2.724040E-08
  414    2.710897E-08
  415    2.697848E-08
  416    2.971734E-08
  417    2.957498E-08
  418    2.943365E-08
  419    2.929332E-08
  420    2.915399E-08
  421    3.144050E-08
  422    3.129167E-08
  423    3.114389E-08
  424    3.099716E-08
  425    3.085146E-08
  426    3.438786E-08
  427    3.422698E-08
  428    3.406723E-08
  429    3.390859E-08
  430    3.375106E-08
  431    3.684575E-08
  432    3.667537E-08
  433    3.650616E-08
  434    3.633813E-08
  435    3.617125E-08
  436    3.993579E-08
  437    3.975322E-08
  438    3.957191E-08
  439    3.939183E-08
  440    3.921298E-08
  441    4.028729E-08
  442    4.010520E-08
  443    3.992435E-08
  444    3.974471E-08
  445    3.956628E-08
  446    4.429106E-08
  447    4.409311E-08
  448    4.389649E-08
  449    4.370118E-08
  450    4.350716E-08
  451    4.710991E-08
  452    4.690169E-08
  453    4.669485E-08
  454    4.648937E-08
  455    4.628525E-08
  456    5.188999E-08
  457    5.166315E-08
  458    5.143780E-08
  459    5.121391E-08
  460    5.099148E-08
  461    5.468674E-08
  462    5.445026E-08
  463    5.421531E-08
  464    5.398187E-08
  465    5.374994E-08
  466    5.300265E-08
  467    5.277590E-08
  468    5.255060E-08
  469    5.232674E-08
  470    5.210432E-08
  471    6.484301E-08
  472    6.456854E-08
  473    6.429581E-08
  474    6.402481E-08
  475    6.375551E-08
  476    6.508851E-08
  477    6.481589E-08
  478    6.454498E-08
  479    6.427576E-08
  480    6.400823E-08
  481    7.543324E-08
  482    7.512057E-08
  483    7.480983E-08
  484    7.450102E-08
  485    7.419412E-08
  486    7.521238E-08
  487    7.490381E-08
  488    7.459715E-08
  489    7.429236E-08
  490    7.398943E-08
  491    7.631443E-08
  492    7.600453E-08
  493    7.569651E-08
  494    7.539035E-08
  495    7.508605E-08
  496    9.125510E-08
  497    9.088825E-08
  498    9.052360E-08
  499    9.016115E-08
  500    8.980086E-08
  501    8.870760E-08
  502    8.835453E-08
  503    8.800357E-08
  504    8.765470E-08
  505    8.730790E-08
  506    1.055591E-07
  507    1.051431E-07
  508    1.047295E-07
  509    1.043184E-07
  510    1.039097E-07
  511    1.092097E-07
  512    1.087835E-07
  513    1.083599E-07
  514    1.079386E-07
  515    1.075199E-07
  516    1.163833E-07
  517    1.159335E-07
  518    1.154863E-07
  519    1.150417E-07
  520    1.145997E-07
  521    1.339283E-07
  522    1.334157E-07
  523    1.329060E-07
  524    1.323992E-07
  525    1.318953E-07
  526    1.227298E-07
  527    1.222645E-07
  528    1.218018E-07
  529    1.213417E-07
  530    1.208843E-07
  531    1.530066E-07
  532    1.524319E-07
  533    1.518605E-07
  534    1.512922E-07
  535    1.507272E-07
  536    1.507586E-07
  537    1.501977E-07
  538    1.496398E-07
  539    1.490851E-07
  540    1.485335E-07
  541    1.721631E-07
  542    1.715284E-07
  543    1.708972E-07
  544    1.702695E-07
  545    1.696452E-07
  546    1.776516E-07
  547    1.770027E-07
  548    1.763573E-07
  549    1.757154E-07
  550    1.750770E-07
  551    1.736474E-07
  552    1.730188E-07
  553    1.723936E-07
  554    1.717718E-07
  555    1.711534E-07
  556    2.079877E-07
  557    2.072416E-07
  558    2.064994E-07
  559    2.057613E-07
  560    2.050271E-07
  561    1.981559E-07
  562    1.974514E-07
  563    1.967506E-07
  564    1.960535E-07
  565    1.953601E-07
  566    2.288493E-07
  567    2.280428E-07
  568    2.272405E-07
  569    2.264425E-07
  570    2.256487E-07
  571    2.260802E-07
  572    2.252904E-07
  573    2.245047E-07
  574    2.237232E-07
  575    2.229457E-07
  576    2.539211E-07
  577    2.530417E-07
  578    2.521669E-07
  579    2.512966E-07
  580    2.504308E-07
  581    2.683396E-07
  582    2.674183E-07
  583    2.665017E-07
  584    2.655898E-07
  585    2.646826E-07
  586    2.744631E-07
  587    2.735287E-07
  588    2.725992E-07
  589    2.716743E-07
  590    2.707542E-07
  591    3.146690E-07
  592    3.136068E-07
  593    3.125500E-07
  594    3.114985E-07
  595    3.104524E-07
  596    3.209080E-07
  597    3.198338E-07
  598    3.187650E-07
  599    3.177016E-07
  600    3.166434E-07
  601    3.560862E-07
  602    3.549042E-07
  603    3.537280E-07
  604    3.525577E-07
  605    3.513932E-07
  606    3.623312E-07
  607    3.611384E-07
  608    3.599514E-07
  609    3.587703E-07
  610    3.575949E-07
  611    3.692271E-07
  612    3.680214E-07
  613    3.668217E-07
  614    3.656278E-07
  615    3.644397E-07
  616    4.405382E-07
  617    4.391113E-07
  618    4.376914E-07
  619    4.362784E-07
  620    4.348722E-07
  621    4.316071E-07
  622    4.302204E-07
  623    4.288404E-07
  624    4.274670E-07
  625    4.261002E-07
  626    4.878017E-07
  627    4.862470E-07
  628    4.846997E-07
  629    4.831597E-07
  630    4.816271E-07
  631    4.824395E-07
  632    4.809140E-07
  633    4.793958E-07
  634    4.778847E-07
  635    4.763807E-07
  636    5.168075E-07
  637    5.151862E-07
  638    5.135724E-07
  639    5.119663E-07
  640    5.103676E-07
  641    5.761537E-07
  642    5.743602E-07
  643    5.725751E-07
  644    5.707983E-07
  645    5.690298E-07
  646    5.533853E-07
  647    5.516761E-07
  648    5.499747E-07
  649    5.482811E-07
  650    5.465954E-07
  651    6.326414E-07
  652    6.307023E-07
  653    6.287721E-07
  654    6.268507E-07
  655    6.249381E-07
  656    6.298361E-07
  657    6.279202E-07
  658    6.260131E-07
  659    6.241146E-07
  660    6.222248E-07
  661    6.709111E-07
  662    6.688857E-07
  663    6.668695E-07
  664    6.648624E-07
  665    6.628643E-07
  666    7.080393E-07
  667    7.059178E-07
  668    7.038059E-07
  669    7.017034E-07
  670    6.996103E-07
  671    6.940807E-07
  672    6.920165E-07
  673    6.899616E-07
  674    6.879157E-07
  675    6.858790E-07
  676    8.103894E-07
  677    8.079971E-07
  678    8.056154E-07
  679    8.032442E-07
  680    8.008835E-07
  681    7.816946E-07
  682    7.794039E-07
  683    7.771233E-07
  684    7.748526E-07
  685    7.725920E-07
  686    8.885206E-07
  687    8.859358E-07
  688    8.833623E-07
  689    8.807999E-07
  690    8.782488E-07
  691    8.964835E-07
  692    8.938943E-07
  693    8.913164E-07
  694    8.887496E-07
  695    8.861939E-07
  696    9.248731E-07
  697    9.222211E-07
  698    9.195805E-07
  699    9.169513E-07
  700    9.143333E-07
  701    1.028271E-06
  702    1.025343E-06
  703    1.022428E-06
  704    1.019526E-06
  705    1.016635E-06
  706    9.780413E-07
  707    9.752765E-07
  708    9.725235E-07
  709    9.697820E-07
  710    9.670522E-07
  711    1.117224E-06
  712    1.114088E-06
  713    1.110965E-06
  714    1.107855E-06
  715    1.104759E-06
  716    1.124688E-06
  717    1.121553E-06
  718    1.118432E-06
  719    1.115323E-06
  720    1.112227E-06
  721    1.229238E-06
  722    1.225835E-06
  723    1.222446E-06
  724    1.219072E-06
  725    1.215711E-06
  726    1.267625E-06
  727    1.264140E-06
  728    1.260670E-06
  729    1.257213E-06
  730    1.253771E-06
  731    1.258317E-06
  732    1.254881E-06
  733    1.251460E-06
  734    1.248052E-06
  735    1.244658E-06
  736    1.378717E-06
  737    1.374978E-06
  738    1.371255E-06
  739    1.367546E-06
  740    1.363853E-06
  741    1.399248E-06
  742    1.395479E-06
  743    1.391726E-06
  744    1.387987E-06
  745    1.384263E-06
  746    1.501416E-06
  747    1.497399E-06
  748    1.493398E-06
  749    1.489413E-06
  750    1.485444E-06
  751    1.552782E-06
  752    1.548655E-06
  753    1.544544E-06
  754    1.540450E-06
  755    1.536372E-06
  756    1.489019E-06
  757    1.485088E-06
  758    1.481172E-06
  759    1.477271E-06
  760    1.473386E-06
  761    1.745242E-06
  762    1.740664E-06
  763    1.736104E-06
  764    1.731563E-06
  765    1.727039E-06
  766    1.662616E-06
  767    1.658283E-06
  768    1.653967E-06
  769    1.649669E-06
  770    1.645386E-06
  771    1.751854E-06
  772    1.747319E-06
  773    1.742801E-06
  774    1.738300E-06
  775    1.733817E-06
  776    1.802256E-06
  777    1.797620E-06
  778    1.793002E-06
  779    1.788401E-06
  780    1.783818E-06
  781    1.904784E-06
  782    1.899916E-06
  783    1.895066E-06
  784    1.890235E-06
  785    1.885422E-06
  786    1.977194E-06
  787    1.972173E-06
  788    1.967171E-06
  789    1.962187E-06
  790    1.957223E-06
  791    1.997959E-06
  792    1.992917E-06
  793    1.987893E-06
  794    1.982889E-06
  795    1.977904E-06
  796    2.125658E-06
  797    2.120328E-06
  798    2.115017E-06
  799    2.109726E-06
  800    2.104455E-06
  801    2.126134E-06
  802    2.120836E-06
  803    2.115557E-06
  804    2.110297E-06
  805    2.105058E-06
  806    2.254292E-06
  807    2.248709E-06
  808    2.243146E-06
  809    2.237604E-06
  810    2.232083E-06
  811    2.304317E-06
  812    2.298644E-06
  813    2.292993E-06
  814    2.287363E-06
  815    2.281753E-06
  816    2.372612E-06
  817    2.366808E-06
  818    2.361024E-06
  819    2.355262E-06
  820    2.349521E-06
  821    2.526060E-06
  822    2.519917E-06
  823    2.513797E-06
  824    2.507700E-06
  825    2.501624E-06
  826    2.613349E-06
  827    2.607033E-06
  828    2.600739E-06
  829    2.594469E-06
  830    2.588221E-06
  831    2.758566E-06
  832    2.751939E-06
  833    2.745335E-06
  834    2.738756E-06
  835    2.732200E-06
  836    2.722274E-06
  837    2.715773E-06
  838    2.709295E-06
  839    2.702841E-06
  840    2.696409E-06
  841    2.760555E-06
  842    2.754002E-06
  843    2.747472E-06
  844    2.740965E-06
  845    2.734481E-06
  846    2.985980E-06
  847    2.978934E-06
  848    2.971912E-06
  849    2.964915E-06
  850    2.957943E-06
  851    2.864728E-06
  852    2.858008E-06
  853    2.851310E-06
  854    2.844637E-06
  855    2.837987E-06
  856    3.052220E-06
  857    3.045101E-06
  858    3.038007E-06
  859    3.030938E-06
  860    3.023893E-06
  861    2.960388E-06
  862    2.953523E-06
  863    2.946682E-06
  864    2.939865E-06
  865    2.933072E-06
  866    3.240972E-06
  867    3.233500E-06
  868    3.226054E-06
  869    3.218634E-06
  870    3.211239E-06
  871    3.306059E-06
  872    3.298481E-06
  873    3.290929E-06
  874    3.283402E-06
  875    3.275902E-06
  876    3.287770E-06
  877    3.280277E-06
  878    3.272809E-06
  879    3.265367E-06
  880    3.257950E-06
  881    3.502353E-06
  882    3.494415E-06
  883    3.486505E-06
  884    3.478621E-06
  885    3.470764E-06
  886    3.495969E-06
  887    3.488091E-06
  888    3.480239E-06
  889    3.472414E-06
  890    3.464615E-06
  891    3.692867E-06
  892    3.684592E-06
  893    3.676344E-06
  894    3.668124E-06
  895    3.659932E-06
  896    3.724443E-06
  897    3.716143E-06
  898    3.707871E-06
  899    3.699627E-06
  900    3.691410E-06
  901    3.732475E-06
  902    3.724203E-06
  903    3.715960E-06
  904    3.707743E-06
  905    3.699554E-06
  906    4.045935E-06
  907    4.037019E-06
  908    4.028131E-06
  909    4.019274E-06
  910    4.010445E-06
  911    3.934422E-06
  912    3.925798E-06
  913    3.917203E-06
  914    3.908636E-06
  915    3.900098E-06
  916    4.329098E-06
  917    4.319661E-06
  918    4.310256E-06
  919    4.300880E-06
  920    4.291536E-06
  921    4.173778E-06
  922    4.164729E-06
  923    4.155709E-06
  924    4.146719E-06
  925    4.137758E-06
  926    4.343946E-06
  927    4.334579E-06
  928    4.325242E-06
  929    4.315936E-06
  930    4.306659E-06
  931    4.675936E-06
  932    4.665908E-06
  933    4.655911E-06
  934    4.645947E-06
  935    4.636014E-06
  936    4.346606E-06
  937    4.337333E-06
  938    4.328090E-06
  939    4.318877E-06
  940    4.309692E-06
  941    4.716362E-06
  942    4.706353E-06
  943    4.696377E-06
  944    4.686432E-06
  945    4.676519E-06
  946    4.622377E-06
  947    4.612620E-06
  948    4.602894E-06
  949    4.593198E-06
  950    4.583534E-06
  951    4.800323E-06
  952    4.790243E-06
  953    4.780195E-06
  954    4.770179E-06
  955    4.760195E-06
  956    4.804938E-06
  957    4.794902E-06
  958    4.784897E-06
  959    4.774923E-06
  960    4.764981E-06
  961    4.688088E-06
  962    4.678346E-06
  963    4.668635E-06
  964    4.658954E-06
  965    4.649303E-06
  966    5.170409E-06
  967    5.159721E-06
  968    5.149066E-06
  969    5.138444E-06
  970    5.127855E-06
  971    4.856823E-06
  972    4.846835E-06
  973    4.836878E-06
  974    4.826951E-06
  975    4.817054E-06
  976    5.337267E-06
  977    5.326347E-06
  978    5.315460E-06
  979    5.304607E-06
  980    5.293787E-06
  981    5.284890E-06
  982    5.274132E-06
  983    5.263407E-06
  984    5.252714E-06
  985    5.242054E-06
  986    5.192296E-06
  987    5.181780E-06
  988    5.171296E-06
  989    5.160844E-06
  990    5.150423E-06
  991    5.457304E-06
  992    5.446307E-06
  993    5.435343E-06
  994    5.424413E-06
  995    5.413515E-06
  996    5.293426E-06
  997    5.282813E-06
  998    5.272231E-06
  999    5.261681E-06
 1000    5.251163E-06
 1001    5.440194E-06
 1002    5.429341E-06
 1003    5.418520E-06
 1004    5.407732E-06
 1005    5.396975E-06
 1006    5.346353E-06
 1007    5.335739E-06
 1008    5.325158E-06
 1009    5.314608E-06
 1010    5.304089E-06
 1011    5.405760E-06
 1012    5.395082E-06
 1013    5.384436E-06
 1014    5.373821E-06
 1015    5.363237E-06
 1016    5.899892E-06
 1017    5.888295E-06
 1018    5.876732E-06
 1019    5.865204E-06
 1020    5.853709E-06
 1021    5.604281E-06
 1022    5.593319E-06
 1023    5.582389E-06
 1024    5.571491E-06
 1025    5.560625E-06
 1026    5.832676E-06
 1027    5.821323E-06
 1028    5.810003E-06
 1029    5.798716E-06
 1030    5.787462E-06
 1031    5.908566E-06
 1032    5.897121E-06
 1033    5.885709E-06
 1034    5.874330E-06
 1035    5.862984E-06
 1036    6.020444E-06
 1037    6.008838E-06
 1038    5.997266E-06
 1039    5.985727E-06
 1040    5.974222E-06
 1041    6.287203E-06
 1042    6.275141E-06
 1043    6.263114E-06
 1044    6.251122E-06
 1045    6.239164E-06
 1046    6.123470E-06
 1047    6.111778E-06
 1048    6.100120E-06
 1049    6.088495E-06
 1050    6.076904E-06
 1051    6.236933E-06
 1052    6.225081E-06
 1053    6.213263E-06
 1054    6.201479E-06
 1055    6.189728E-06
 1056    6.157063E-06
 1057    6.145418E-06
 1058    6.133807E-06
 1059    6.122228E-06
 1060    6.110682E-06
 1061    6.300835E-06
 1062    6.288975E-06
 1063    6.277148E-06
 1064    6.265354E-06
 1065    6.253594E-06
 1066    6.501235E-06
 1067    6.489055E-06
 1068    6.476909E-06
 1069    6.464797E-06
 1070    6.452719E-06
 1071    6.600028E-06
 1072    6.587720E-06
 1073    6.575447E-06
 1074    6.563208E-06
 1075    6.551003E-06
 1076    6.434384E-06
 1077    6.422441E-06
 1078    6.410531E-06
 1079    6.398654E-06
 1080    6.386810E-06
 1081    6.892914E-06
 1082    6.880178E-06
 1083    6.867478E-06
 1084    6.854814E-06
 1085    6.842184E-06
 1086    6.868700E-06
 1087    6.856068E-06
 1088    6.843471E-06
 1089    6.830908E-06
 1090    6.818380E-06
 1091    6.861403E-06
 1092    6.848843E-06
 1093    6.836316E-06
 1094    6.823824E-06
 1095    6.811366E-06
 1096    7.076435E-06
 1097    7.063540E-06
 1098    7.050680E-06
 1099    7.037854E-06
 1100    7.025064E-06
 1101    7.254247E-06
 1102    7.241087E-06
 1103    7.227963E-06
 1104    7.214875E-06
 1105    7.201822E-06
 1106    7.022720E-06
 1107    7.010038E-06
 1108    6.997391E-06
 1109    6.984777E-06
 1110    6.972197E-06
 1111    7.238720E-06
 1112    7.225707E-06
 1113    7.212728E-06
 1114    7.199785E-06
 1115    7.186876E-06
 1116    7.273168E-06
 1117    7.260151E-06
 1118    7.247169E-06
 1119    7.234222E-06
 1120    7.221310E-06
 1121    7.799371E-06
 1122    7.785475E-06
 1123    7.771616E-06
 1124    7.757793E-06
 1125    7.744008E-06
 1126    7.495165E-06
 1127    7.481869E-06
 1128    7.468610E-06
 1129    7.455385E-06
 1130    7.442195E-06
 1131    7.808704E-06
 1132    7.794914E-06
 1133    7.781160E-06
 1134    7.767443E-06
 1135    7.753761E-06
 1136    7.826863E-06
 1137    7.813101E-06
 1138    7.799376E-06
 1139    7.785687E-06
 1140    7.772034E-06
 1141    7.884225E-06
 1142    7.870423E-06
 1143    7.856658E-06
 1144    7.842928E-06
 1145    7.829235E-06
 1146    8.171174E-06
 1147    8.156933E-06
 1148    8.142728E-06
 1149    8.128561E-06
 1150    8.114430E-06
 1151    7.805334E-06
 1152    7.791789E-06
 1153    7.778279E-06
 1154    7.764804E-06
 1155    7.751364E-06
 1156    8.170374E-06
 1157    8.156257E-06
 1158    8.142176E-06
 1159    8.128132E-06
 1160    8.114124E-06
 1161    8.213243E-06
 1162    8.199112E-06
 1163    8.185018E-06
 1164    8.170961E-06
 1165    8.156940E-06
 1166    8.556361E-06
 1167    8.541703E-06
 1168    8.527083E-06
 1169    8.512501E-06
 1170    8.497956E-06
 1171    9.189391E-06
 1172    9.173716E-06
 1173    9.158081E-06
 1174    9.142486E-06
 1175    9.126931E-06
 1176    8.770874E-06
 1177    8.755976E-06
 1178    8.741117E-06
 1179    8.726295E-06
 1180    8.711511E-06
 1181    9.477293E-06
 1182    9.461264E-06
 1183    9.445276E-06
 1184    9.429327E-06
 1185    9.413420E-06
 1186    9.716158E-06
 1187    9.699794E-06
 1188    9.683471E-06
 1189    9.667189E-06
 1190    9.650949E-06
 1191    9.477286E-06
 1192    9.461391E-06
 1193    9.445536E-06
 1194    9.429721E-06
 1195    9.413946E-06
 1196    9.514832E-06
 1197    9.498941E-06
 1198    9.483089E-06
 1199    9.467278E-06
 1200    9.451505E-06
 1201    8.894475E-06
 1202    8.879681E-06
 1203    8.864925E-06
 1204    8.850205E-06
 1205    8.835522E-06
 1206    8.926139E-06
 1207    8.911355E-06
 1208    8.896607E-06
 1209    8.881896E-06
 1210    8.867221E-06
 1211    8.658076E-06
 1212    8.643794E-06
 1213    8.629548E-06
 1214    8.615337E-06
 1215    8.601162E-06
 1216    9.150998E-06
 1217    9.135966E-06
 1218    9.120970E-06
 1219    9.106012E-06
 1220    9.091090E-06
 1221    1.046022E-05
 1222    1.044311E-05
 1223    1.042604E-05
 1224    1.040901E-05
 1225    1.039202E-05
 1226    1.115400E-05
 1227    1.113583E-05
 1228    1.111770E-05
 1229    1.109961E-05
 1230    1.108157E-05
 1231    1.336090E-05
 1232    1.333922E-05
 1233    1.331759E-05
 1234    1.329602E-05
 1235    1.327449E-05
 1236    1.393630E-05
 1237    1.391378E-05
 1238    1.389131E-05
 1239    1.386890E-05
 1240    1.384654E-05
 1241    1.472674E-05
 1242    1.470304E-05
 1243    1.467939E-05
 1244    1.465580E-05
 1245    1.463226E-05
 1246    1.586994E-05
 1247    1.584450E-05
 1248    1.581912E-05
 1249    1.579380E-05
 1250    1.576854E-05
 1251    1.609327E-05
 1252    1.606757E-05
 1253    1.604193E-05
 1254    1.601636E-05
 1255    1.599084E-05
 1256    1.828316E-05
 1257    1.825408E-05
 1258    1.822507E-05
 1259    1.819613E-05
 1260    1.816726E-05
 1261    1.833740E-05
 1262    1.830835E-05
 1263    1.827937E-05
 1264    1.825046E-05
 1265    1.822161E-05
 1266    2.018951E-05
 1267    2.015766E-05
 1268    2.012588E-05
 1269    2.009417E-05
 1270    2.006254E-05
 1271    2.092358E-05
 1272    2.089070E-05
 1273    2.085789E-05
 1274    2.082516E-05
 1275    2.079250E-05
 1276    1.937130E-05
 1277    1.934098E-05
 1278    1.931072E-05
 1279    1.928054E-05
 1280    1.925042E-05
 1281    1.795369E-05
 1282    1.792569E-05
 1283    1.789775E-05
 1284    1.786989E-05
 1285    1.784209E-05
 1286    1.489551E-05
 1287    1.487237E-05
 1288    1.484929E-05
 1289    1.482626E-05
 1290    1.480328E-05
 1291    1.125367E-05
 1292    1.123625E-05
 1293    1.121888E-05
 1294    1.120155E-05
 1295    1.118425E-05
 1296    5.001766E-06
 1297    4.994056E-06
 1298    4.986364E-06
 1299    4.978690E-06
 1300    4.971033E-06
 1301   -2.315849E-06
 1302   -2.312293E-06
 1303   -2.308745E-06
 1304   -2.305206E-06
 1305   -2.301674E-06
 1306   -9.337029E-06
 1307   -9.322747E-06
 1308   -9.308497E-06
 1309   -9.294280E-06
 1310   -9.280096E-06
 1311   -1.443162E-05
 1312   -1.440963E-05
 1313   -1.438769E-05
 1314   -1.436580E-05
 1315   -1.434396E-05
 1316   -1.655215E-05
 1317   -1.652703E-05
 1318   -1.650196E-05
 1319   -1.647695E-05
 1320   -1.645199E-05
 1321   -1.283199E-05
 1322   -1.281258E-05
 1323   -1.279322E-05
 1324   -1.277390E-05
 1325   -1.275463E-05
 1326   -1.725103E-06
 1327   -1.722504E-06
 1328   -1.719911E-06
 1329   -1.717323E-06
 1330   -1.714742E-06
 1331    1.943100E-05
 1332    1.940183E-05
 1333    1.937273E-05
 1334    1.934370E-05
 1335    1.931473E-05
 1336    5.187100E-05
 1337    5.179344E-05
 1338    5.171605E-05
 1339    5.163883E-05
 1340    5.156179E-05
 1341    9.736720E-05
 1342    9.722215E-05
 1343    9.707742E-05
 1344    9.693301E-05
 1345    9.678892E-05
 1346    1.520698E-04
 1347    1.518441E-04
 1348    1.516189E-04
 1349    1.513942E-04
 1350    1.511700E-04
 1351    2.179253E-04
 1352    2.176030E-04
 1353    2.172815E-04
 1354    2.169607E-04
 1355    2.166405E-04
 1356    2.772034E-04
 1357    2.767950E-04
 1358    2.763875E-04
 1359    2.759809E-04
 1360    2.755752E-04
 1361    3.186631E-04
 1362    3.181953E-04
 1363    3.177286E-04
 1364    3.172629E-04
 1365    3.167982E-04
 1366    3.434458E-04
 1367    3.429435E-04
 1368    3.424424E-04
 1369    3.419423E-04
 1370    3.414432E-04
 1371    3.419607E-04
 1372    3.414624E-04
 1373    3.409652E-04
 1374    3.404691E-04
 1375    3.399740E-04
 1376    3.021871E-04
 1377    3.017484E-04
 1378    3.013106E-04
 1379    3.008737E-04
 1380    3.004379E-04
 1381    1.589831E-04
 1382    1.587531E-04
 1383    1.585236E-04
 1384    1.582946E-04
 1385    1.580661E-04
 1386   -8.907756E-05
 1387   -8.894916E-05
 1388   -8.882104E-05
 1389   -8.869320E-05
 1390   -8.856563E-05
 1391   -4.658001E-04
 1392   -4.651311E-04
 1393   -4.644635E-04
 1394   -4.637974E-04
 1395   -4.631327E-04
 1396   -1.025305E-03
 1397   -1.023837E-03
 1398   -1.022373E-03
 1399   -1.020912E-03
 1400   -1.019454E-03
 1401   -1.625326E-03
 1402   -1.623008E-03
 1403   -1.620695E-03
 1404   -1.618387E-03
 1405   -1.616085E-03
 1406   -2.054083E-03
 1407   -2.051164E-03
 1408   -2.048252E-03
 1409   -2.045345E-03
 1410   -2.042445E-03
 1411   -2.352830E-03
 1412   -2.349499E-03
 1413   -2.346175E-03
 1414   -2.342857E-03
 1415   -2.339547E-03
 1416   -2.371619E-03
 1417   -2.368273E-03
 1418   -2.364934E-03
 1419   -2.361602E-03
 1420   -2.358277E-03
 1421   -2.219733E-03
 1422   -2.216612E-03
 1423   -2.213497E-03
 1424   -2.210390E-03
 1425   -2.207288E-03
 1426   -1.740738E-03
 1427   -1.738299E-03
 1428   -1.735865E-03
 1429   -1.733437E-03
 1430   -1.731013E-03
 1431   -6.240112E-04
 1432   -6.231400E-04
 1433   -6.222706E-04
 1434   -6.214030E-04
 1435   -6.205372E-04
 1436    1.338602E-03
 1437    1.336740E-03
 1438    1.334881E-03
 1439    1.333027E-03
 1440    1.331176E-03
 1441    4.503075E-03
 1442    4.496831E-03
 1443    4.490601E-03
 1444    4.484384E-03
 1445    4.478179E-03
 1446    9.006948E-03
 1447    8.994503E-03
 1448    8.982084E-03
 1449    8.969691E-03
 1450    8.957323E-03
 1451    1.396502E-02
 1452    1.394579E-02
 1453    1.392660E-02
 1454    1.390745E-02
 1455    1.388834E-02
 1456    1.779897E-02
 1457    1.777455E-02
 1458    1.775017E-02
 1459    1.772585E-02
 1460    1.770157E-02
 1461    2.210538E-02
 1462    2.207515E-02
 1463    2.204499E-02
 1464    2.201488E-02
 1465    2.198484E-02
 1466    2.283317E-02
 1467    2.280206E-02
 1468    2.277100E-02
 1469    2.274001E-02
 1470    2.270908E-02
 1471    2.416078E-02
 1472    2.412796E-02
 1473    2.409521E-02
 1474    2.406253E-02
 1475    2.402992E-02
 1476    2.325997E-02
 1477    2.322849E-02
 1478    2.319706E-02
 1479    2.316571E-02
 1480    2.313441E-02
 1481    2.293007E-02
 1482    2.289914E-02
 1483    2.286827E-02
 1484    2.283746E-02
 1485    2.280671E-02
 1486    2.172850E-02
 1487    2.169928E-02
 1488    2.167013E-02
 1489    2.164103E-02
 1490    2.161199E-02
 1491    1.806119E-02
 1492    1.803699E-02
 1493    1.801284E-02
 1494    1.798873E-02
 1495    1.796467E-02
 1496    1.371767E-02
 1497    1.369935E-02
 1498    1.368106E-02
 1499    1.366282E-02
 1500    1.364460E-02
 1501    8.613430E-03
 1502    8.601965E-03
 1503    8.590522E-03
 1504    8.579102E-03
 1505    8.567705E-03
 1506    4.133712E-03
 1507    4.128228E-03
 1508    4.122755E-03
 1509    4.117293E-03
 1510    4.111841E-03
 1511    9.370614E-04
 1512    9.358223E-04
 1513    9.345857E-04
 1514    9.333515E-04
 1515    9.321197E-04
 1516   -1.012058E-03
 1517   -1.010724E-03
 1518   -1.009393E-03
 1519   -1.008064E-03
 1520   -1.006738E-03
 1521   -2.087988E-03
 1522   -2.085245E-03
 1523   -2.082508E-03
 1524   -2.079776E-03
 1525   -2.077049E-03
 1526   -2.681892E-03
 1527   -2.678380E-03
 1528   -2.674876E-03
 1529   -2.671378E-03
 1530   -2.667887E-03
 1531   -2.804748E-03
 1532   -2.801088E-03
 1533   -2.797435E-03
 1534   -2.793788E-03
 1535   -2.790150E-03
 1536   -2.681671E-03
 1537   -2.678183E-03
 1538   -2.674702E-03
 1539   -2.671227E-03
 1540   -2.667759E-03
 1541   -2.282220E-03
 1542   -2.279261E-03
 1543   -2.276308E-03
 1544   -2.273360E-03
 1545   -2.270418E-03
 1546   -1.877636E-03
 1547   -1.875210E-03
 1548   -1.872788E-03
 1549   -1.870370E-03
 1550   -1.867958E-03
 1551   -1.172297E-03
 1552   -1.170787E-03
 1553   -1.169280E-03
 1554   -1.167775E-03
 1555   -1.166274E-03
 1556   -6.102450E-04
 1557   -6.094614E-04
 1558   -6.086793E-04
 1559   -6.078987E-04
 1560   -6.071195E-04
 1561   -1.762894E-04
 1562   -1.760638E-04
 1563   -1.758386E-04
 1564   -1.756138E-04
 1565   -1.753894E-04
 1566    9.098859E-05
 1567    9.087249E-05
 1568    9.075662E-05
 1569    9.064097E-05
 1570    9.052554E-05
 1571    2.352879E-04
 1572    2.349886E-04
 1573    2.346900E-04
 1574    2.343919E-04
 1575    2.340943E-04
 1576    2.966762E-04
 1577    2.963001E-04
 1578    2.959247E-04
 1579    2.955500E-04
 1580    2.951760E-04
 1581    2.988804E-04
 1582    2.985027E-04
 1583    2.981257E-04
 1584    2.977494E-04
 1585    2.973738E-04
 1586    2.786905E-04
 1587    2.783394E-04
 1588    2.779890E-04
 1589    2.776392E-04
 1590    2.772901E-04
 1591    2.300977E-04
 1592    2.298087E-04
 1593    2.295203E-04
 1594    2.292324E-04
 1595    2.289451E-04
 1596    1.704482E-04
 1597    1.702348E-04
 1598    1.700218E-04
 1599    1.698092E-04
 1600    1.695970E-04
 1601    1.027697E-04
 1602    1.026414E-04
 1603    1.025134E-04
 1604    1.023856E-04
 1605    1.022580E-04
 1606    4.293788E-05
 1607    4.288446E-05
 1608    4.283113E-05
 1609    4.277791E-05
 1610    4.272479E-05
 1611   -3.563109E-06
 1612   -3.558689E-06
 1613   -3.554278E-06
 1614   -3.549875E-06
 1615   -3.545480E-06
 1616   -3.653481E-05
 1617   -3.648964E-05
 1618   -3.644455E-05
 1619   -3.639954E-05
 1620   -3.635462E-05
 1621   -5.742989E-05
 1622   -5.735910E-05
 1623   -5.728844E-05
 1624   -5.721791E-05
 1625   -5.714751E-05
 1626   -6.645223E-05
 1627   -6.637057E-05
 1628   -6.628906E-05
 1629   -6.620770E-05
 1630   -6.612649E-05
 1631   -7.086334E-05
 1632   -7.077652E-05
 1633   -7.068986E-05
 1634   -7.060337E-05
 1635   -7.051703E-05
 1636   -6.613292E-05
 1637   -6.605215E-05
 1638   -6.597152E-05
 1639   -6.589105E-05
 1640   -6.581072E-05
 1641   -5.944442E-05
 1642   -5.937203E-05
 1643   -5.929978E-05
 1644   -5.922766E-05
 1645   -5.915568E-05
 1646   -4.766760E-05
 1647   -4.760974E-05
 1648   -4.755198E-05
 1649   -4.749432E-05
 1650   -4.743677E-05
 1651   -3.674997E-05
 1652   -3.670549E-05
 1653   -3.666109E-05
 1654   -3.661678E-05
 1655   -3.657254E-05
 1656   -2.606656E-05
 1657   -2.603510E-05
 1658   -2.600371E-05
 1659   -2.597237E-05
 1660   -2.594109E-05
 1661   -1.847912E-05
 1662   -1.845689E-05
 1663   -1.843470E-05
 1664   -1.841255E-05
 1665   -1.839044E-05
 1666   -1.436926E-05
 1667   -1.435203E-05
 1668   -1.433483E-05
 1669   -1.431765E-05
 1670   -1.430051E-05
 1671   -1.147006E-05
 1672   -1.145635E-05
 1673   -1.144266E-05
 1674   -1.142899E-05
 1675   -1.141535E-05
 1676   -1.035183E-05
 1677   -1.033949E-05
 1678   -1.032717E-05
 1679   -1.031487E-05
 1680   -1.030260E-05
 1681   -9.989942E-06
 1682   -9.978067E-06
 1683   -9.966213E-06
 1684   -9.954380E-06
 1685   -9.942568E-06
 1686   -1.038039E-05
 1687   -1.036809E-05
 1688   -1.035580E-05
 1689   -1.034355E-05
 1690   -1.033131E-05
 1691   -1.077253E-05
 1692   -1.075980E-05
 1693   -1.074710E-05
 1694   -1.073441E-05
 1695   -1.072175E-05
 1696   -1.076446E-05
 1697   -1.075177E-05
 1698   -1.073911E-05
 1699   -1.072648E-05
 1700   -1.071386E-05
 1701   -1.053785E-05
 1702   -1.052547E-05
 1703   -1.051311E-05
 1704   -1.050078E-05
 1705   -1.048846E-05
 1706   -1.007367E-05
 1707   -1.006187E-05
 1708   -1.005009E-05
 1709   -1.003833E-05
 1710   -1.002659E-05
 1711   -1.004233E-05
 1712   -1.003060E-05
 1713   -1.001889E-05
 1714   -1.000721E-05
 1715   -9.995539E-06
 1716   -1.065974E-05
 1717   -1.064733E-05
 1718   -1.063494E-05
 1719   -1.062257E-05
 1720   -1.061022E-05
 1721   -1.117503E-05
 1722   -1.116205E-05
 1723   -1.114910E-05
 1724   -1.113617E-05
 1725   -1.112326E-05
 1726   -1.231522E-05
 1727   -1.230096E-05
 1728   -1.228673E-05
 1729   -1.227252E-05
 1730   -1.225833E-05
 1731   -1.244752E-05
 1732   -1.243315E-05
 1733   -1.241880E-05
 1734   -1.240448E-05
 1735   -1.239019E-05
 1736   -1.267416E-05
 1737   -1.265958E-05
 1738   -1.264501E-05
 1739   -1.263047E-05
 1740   -1.261596E-05
 1741   -1.220895E-05
 1742   -1.219494E-05
 1743   -1.218095E-05
 1744   -1.216699E-05
 1745   -1.215304E-05
 1746   -1.107789E-05
 1747   -1.106521E-05
 1748   -1.105256E-05
 1749   -1.103992E-05
 1750   -1.102731E-05
 1751   -1.023602E-05
 1752   -1.022434E-05
 1753   -1.021267E-05
 1754   -1.020103E-05
 1755   -1.018941E-05
 1756   -9.266199E-06
 1757   -9.255654E-06
 1758   -9.245128E-06
 1759   -9.234619E-06
 1760   -9.224128E-06
 1761   -8.956324E-06
 1762   -8.946161E-06
 1763   -8.936015E-06
 1764   -8.925886E-06
 1765   -8.915775E-06
 1766   -8.510395E-06
 1767   -8.500766E-06
 1768   -8.491152E-06
 1769   -8.481555E-06
 1770   -8.471974E-06
 1771   -8.499103E-06
 1772   -8.489513E-06
 1773   -8.479939E-06
 1774   -8.470382E-06
 1775   -8.460840E-06
 1776   -8.730095E-06
 1777   -8.720272E-06
 1778   -8.710466E-06
 1779   -8.700676E-06
 1780   -8.690903E-06
 1781   -8.619303E-06
 1782   -8.609631E-06
 1783   -8.599977E-06
 1784   -8.590338E-06
 1785   -8.580716E-06
 1786   -8.744735E-06
 1787   -8.734951E-06
 1788   -8.725183E-06
 1789   -8.715431E-06
 1790   -8.705696E-06
 1791   -8.534000E-06
 1792   -8.524479E-06
 1793   -8.514973E-06
 1794   -8.505482E-06
 1795   -8.496008E-06
 1796   -8.445021E-06
 1797   -8.435625E-06
 1798   -8.426244E-06
 1799   -8.416879E-06
 1800   -8.407530E-06
 1801   -8.182556E-06
 1802   -8.173477E-06
 1803   -8.164413E-06
 1804   -8.155364E-06
 1805   -8.146330E-06
 1806   -7.799360E-06
 1807   -7.790730E-06
 1808   -7.782114E-06
 1809   -7.773513E-06
 1810   -7.764926E-06
 1811   -7.647939E-06
 1812   -7.639500E-06
 1813   -7.631075E-06
 1814   -7.622664E-06
 1815   -7.614266E-06
 1816   -7.471001E-06
 1817   -7.462779E-06
 1818   -7.454572E-06
 1819   -7.446378E-06
 1820   -7.438197E-06
 1821   -7.724461E-06
 1822   -7.715985E-06
 1823   -7.707522E-06
 1824   -7.699073E-06
 1825   -7.690638E-06
 1826   -7.632693E-06
 1827   -7.624340E-06
 1828   -7.616001E-06
 1829   -7.607675E-06
 1830   -7.599363E-06
 1831   -7.680424E-06
 1832   -7.672041E-06
 1833   -7.663673E-06
 1834   -7.655317E-06
 1835   -7.646976E-06
 1836   -7.746679E-06
 1837   -7.738247E-06
 1838   -7.729829E-06
 1839   -7.721425E-06
 1840   -7.713034E-06
 1841   -7.589582E-06
 1842   -7.581343E-06
 1843   -7.573118E-06
 1844   -7.564907E-06
 1845   -7.556708E-06
 1846   -7.453339E-06
 1847   -7.445270E-06
 1848   -7.437215E-06
 1849   -7.429172E-06
 1850   -7.421143E-06
 1851   -7.131085E-06
 1852   -7.123387E-06
 1853   -7.115700E-06
 1854   -7.108026E-06
 1855   -7.100365E-06
 1856   -6.931780E-06
 1857   -6.924317E-06
 1858   -6.916865E-06
 1859   -6.909426E-06
 1860   -6.901998E-06
 1861   -6.840564E-06
 1862   -6.833218E-06
 1863   -6.825885E-06
 1864   -6.818563E-06
 1865   -6.811252E-06
 1866   -6.801140E-06
 1867   -6.793857E-06
 1868   -6.786585E-06
 1869   -6.779324E-06
 1870   -6.772076E-06
 1871   -6.929161E-06
 1872   -6.921760E-06
 1873   -6.914371E-06
 1874   -6.906994E-06
 1875   -6.899628E-06
 1876   -6.793662E-06
 1877   -6.786425E-06
 1878   -6.779199E-06
 1879   -6.771985E-06
 1880   -6.764783E-06
 1881   -6.940007E-06
 1882   -6.932634E-06
 1883   -6.925273E-06
 1884   -6.917923E-06
 1885   -6.910585E-06
 1886   -6.832888E-06
 1887   -6.825648E-06
 1888   -6.818420E-06
 1889   -6.811202E-06
 1890   -6.803997E-06
 1891   -6.746910E-06
 1892   -6.739779E-06
 1893   -6.732661E-06
 1894   -6.725553E-06
 1895   -6.718457E-06
 1896   -6.730764E-06
 1897   -6.723670E-06
 1898   -6.716587E-06
 1899   -6.709515E-06
 1900   -6.702454E-06
 1901   -6.339813E-06
 1902   -6.333149E-06
 1903   -6.326494E-06
 1904   -6.319851E-06
 1905   -6.313217E-06
 1906   -6.260765E-06
 1907   -6.254201E-06
 1908   -6.247647E-06
 1909   -6.241103E-06
 1910   -6.234570E-06
 1911   -6.207910E-06
 1912   -6.201418E-06
 1913   -6.194936E-06
 1914   -6.188465E-06
 1915   -6.182003E-06
 1916   -6.120381E-06
 1917   -6.113997E-06
 1918   -6.107623E-06
 1919   -6.101260E-06
 1920   -6.094906E-06
 1921   -6.159207E-06
 1922   -6.152800E-06
 1923   -6.146402E-06
 1924   -6.140015E-06
 1925   -6.133637E-06
 1926   -6.163318E-06
 1927   -6.156923E-06
 1928   -6.150538E-06
 1929   -6.144163E-06
 1930   -6.137797E-06
 1931   -6.328533E-06
 1932   -6.321983E-06
 1933   -6.315444E-06
 1934   -6.308915E-06
 1935   -6.302396E-06
 1936   -6.206649E-06
 1937   -6.200242E-06
 1938   -6.193845E-06
 1939   -6.187458E-06
 1940   -6.181081E-06
 1941   -6.179468E-06
 1942   -6.173106E-06
 1943   -6.166753E-06
 1944   -6.160410E-06
 1945   -6.154077E-06
 1946   -6.084254E-06
 1947   -6.078005E-06
 1948   -6.071767E-06
 1949   -6.065538E-06
 1950   -6.059318E-06
 1951   -5.744807E-06
 1952   -5.738922E-06
 1953   -5.733047E-06
 1954   -5.727180E-06
 1955   -5.721323E-06
 1956   -5.850883E-06
 1957   -5.844905E-06
 1958   -5.838936E-06
 1959   -5.832977E-06
 1960   -5.827026E-06
 1961   -5.479849E-06
 1962   -5.474265E-06
 1963   -5.468689E-06
 1964   -5.463121E-06
 1965   -5.457562E-06
 1966   -5.626626E-06
 1967   -5.620907E-06
 1968   -5.615196E-06
 1969   -5.609494E-06
 1970   -5.603800E-06
 1971   -5.607986E-06
 1972   -5.602300E-06
 1973   -5.596623E-06
 1974   -5.590954E-06
 1975   -5.585293E-06
 1976   -5.578620E-06
 1977   -5.572977E-06
 1978   -5.567344E-06
 1979   -5.561719E-06
 1980   -5.556102E-06
 1981   -5.626099E-06
 1982   -5.620423E-06
 1983   -5.614756E-06
 1984   -5.609097E-06
 1985   -5.603447E-06
 1986   -5.543055E-06
 1987   -5.537478E-06
 1988   -5.531908E-06
 1989   -5.526347E-06
 1990   -5.520794E-06
 1991   -5.606109E-06
 1992   -5.600482E-06
 1993   -5.594863E-06
 1994   -5.589253E-06
 1995   -5.583651E-06
 1996   -5.364947E-06
 1997   -5.359576E-06
 1998   -5.354212E-06
 1999   -5.348857E-06
 2000   -5.343509E-06
 2001   -5.192651E-06
 2002   -5.187465E-06
 2003   -5.182286E-06
 2004   -5.177115E-06
 2005   -5.171953E-06
 2006   -5.096859E-06
 2007   -5.091782E-06
 2008   -5.086711E-06
 2009   -5.081649E-06
 2010   -5.076594E-06
 2011   -4.947857E-06
 2012   -4.942940E-06
 2013   -4.938030E-06
 2014   -4.933127E-06
 2015   -4.928232E-06
 2016   -5.012497E-06
 2017   -5.007528E-06
 2018   -5.002567E-06
 2019   -4.997612E-06
 2020   -4.992666E-06
 2021   -4.947844E-06
 2022   -4.942951E-06
 2023   -4.938065E-06
 2024   -4.933187E-06
 2025   -4.928316E-06
 2026   -4.888700E-06
 2027   -4.883877E-06
 2028   -4.879062E-06
 2029   -4.874254E-06
 2030   -4.869453E-06
 2031   -5.008786E-06
 2032   -5.003858E-06
 2033   -4.998936E-06
 2034   -4.994022E-06
 2035   -4.989115E-06
 2036   -4.844100E-06
 2037   -4.839345E-06
 2038   -4.834597E-06
 2039   -4.829856E-06
 2040   -4.825122E-06
 2041   -4.879469E-06
 2042   -4.874691E-06
 2043   -4.869920E-06
 2044   -4.865156E-06
 2045   -4.860399E-06
 2046   -4.565816E-06
 2047   -4.561356E-06
 2048   -4.556903E-06
 2049   -4.552456E-06
 2050   -4.548016E-06
 2051   -4.396207E-06
 2052   -4.391924E-06
 2053   -4.387646E-06
 2054   -4.383375E-06
 2055   -4.379110E-06
 2056   -4.253856E-06
 2057   -4.249721E-06
 2058   -4.245592E-06
 2059   -4.241469E-06
 2060   -4.237352E-06
 2061   -4.105604E-06
 2062   -4.101623E-06
 2063   -4.097648E-06
 2064   -4.093678E-06
 2065   -4.089714E-06
 2066   -4.075737E-06
 2067   -4.071794E-06
 2068   -4.067857E-06
 2069   -4.063926E-06
 2070   -4.060001E-06
 2071   -3.947540E-06
 2072   -3.943730E-06
 2073   -3.939926E-06
 2074   -3.936128E-06
 2075   -3.932335E-06
 2076   -4.048915E-06
 2077   -4.045017E-06
 2078   -4.041125E-06
 2079   -4.037238E-06
 2080   -4.033357E-06
 2081   -4.042907E-06
 2082   -4.039024E-06
 2083   -4.035147E-06
 2084   -4.031275E-06
 2085   -4.027409E-06
 2086   -4.067300E-06
 2087   -4.063403E-06
 2088   -4.059512E-06
 2089   -4.055626E-06
 2090   -4.051746E-06
 2091   -3.851542E-06
 2092   -3.847861E-06
 2093   -3.844185E-06
 2094   -3.840514E-06
 2095   -3.836849E-06
 2096   -3.789353E-06
 2097   -3.785740E-06
 2098   -3.782132E-06
 2099   -3.778529E-06
 2100   -3.774931E-06
 2101   -3.637137E-06
 2102   -3.633677E-06
 2103   -3.630222E-06
 2104   -3.626772E-06
 2105   -3.623327E-06
 2106   -3.458830E-06
 2107   -3.455547E-06
 2108   -3.452270E-06
 2109   -3.448996E-06
 2110   -3.445728E-06
 2111   -3.432238E-06
 2112   -3.428988E-06
 2113   -3.425744E-06
 2114   -3.422503E-06
 2115   -3.419268E-06
 2116   -3.383946E-06
 2117   -3.380750E-06
 2118   -3.377558E-06
 2119   -3.374371E-06
 2120   -3.371188E-06
 2121   -3.349917E-06
 2122   -3.346760E-06
 2123   -3.343608E-06
 2124   -3.340460E-06
 2125   -3.337317E-06
 2126   -3.317588E-06
 2127   -3.314470E-06
 2128   -3.311355E-06
 2129   -3.308245E-06
 2130   -3.305140E-06
 2131   -3.310914E-06
 2132   -3.307809E-06
 2133   -3.304708E-06
 2134   -3.301612E-06
 2135   -3.298519E-06
 2136   -3.329808E-06
 2137   -3.326693E-06
 2138   -3.323581E-06
 2139   -3.320475E-06
 2140   -3.317372E-06
 2141   -3.205521E-06
 2142   -3.202529E-06
 2143   -3.199541E-06
 2144   -3.196557E-06
 2145   -3.193577E-06
 2146   -3.055970E-06
 2147   -3.053123E-06
 2148   -3.050281E-06
 2149   -3.047443E-06
 2150   -3.044609E-06
 2151   -2.823805E-06
 2152   -2.821181E-06
 2153   -2.818561E-06
 2154   -2.815945E-06
 2155   -2.813332E-06
 2156   -2.698546E-06
 2157   -2.696045E-06
 2158   -2.693547E-06
 2159   -2.691052E-06
 2160   -2.688561E-06
 2161   -2.698913E-06
 2162   -2.696417E-06
 2163   -2.693925E-06
 2164   -2.691435E-06
 2165   -2.688950E-06
 2166   -2.567490E-06
 2167   -2.565121E-06
 2168   -2.562755E-06
 2169   -2.560393E-06
 2170   -2.558034E-06
 2171   -2.582223E-06
 2172   -2.579845E-06
 2173   -2.577472E-06
 2174   -2.575101E-06
 2175   -2.572734E-06
 2176   -2.510189E-06
 2177   -2.507883E-06
 2178   -2.505581E-06
 2179   -2.503282E-06
 2180   -2.500986E-06
 2181   -2.531517E-06
 2182   -2.529197E-06
 2183   -2.526881E-06
 2184   -2.524567E-06
 2185   -2.522257E-06
 2186   -2.507375E-06
 2187   -2.505083E-06
 2188   -2.502794E-06
 2189   -2.500507E-06
 2190   -2.498224E-06
 2191   -2.387303E-06
 2192   -2.385125E-06
 2193   -2.382950E-06
 2194   -2.380779E-06
 2195   -2.378610E-06
 2196   -2.332993E-06
 2197   -2.330869E-06
 2198   -2.328749E-06
 2199   -2.326631E-06
 2200   -2.324517E-06
 2201   -2.153705E-06
 2202   -2.151750E-06
 2203   -2.149797E-06
 2204   -2.147846E-06
 2205   -2.145898E-06
 2206   -2.098977E-06
 2207   -2.097075E-06
 2208   -2.095176E-06
 2209   -2.093280E-06
 2210   -2.091386E-06
 2211   -2.010569E-06
 2212   -2.008751E-06
 2213   -2.006936E-06
 2214   -2.005124E-06
 2215   -2.003314E-06
 2216   -1.950123E-06
 2217   -1.948364E-06
 2218   -1.946607E-06
 2219   -1.944853E-06
 2220   -1.943102E-06
 2221   -1.970296E-06
 2222   -1.968523E-06
 2223   -1.966752E-06
 2224   -1.964984E-06
 2225   -1.963218E-06
 2226   -1.908956E-06
 2227   -1.907242E-06
 2228   -1.905530E-06
 2229   -1.903821E-06
 2230   -1.902113E-06
 2231   -1.918545E-06
 2232   -1.916827E-06
 2233   -1.915110E-06
 2234   -1.913396E-06
 2235   -1.911684E-06
 2236   -1.873031E-06
 2237   -1.871357E-06
 2238   -1.869685E-06
 2239   -1.868015E-06
 2240   -1.866348E-06
 2241   -1.758048E-06
 2242   -1.756480E-06
 2243   -1.754914E-06
 2244   -1.753350E-06
 2245   -1.751789E-06
 2246   -1.739519E-06
 2247   -1.737971E-06
 2248   -1.736425E-06
 2249   -1.734881E-06
 2250   -1.733339E-06
 2251   -1.561753E-06
 2252   -1.560367E-06
 2253   -1.558982E-06
 2254   -1.557599E-06
 2255   -1.556218E-06
 2256   -1.483458E-06
 2257   -1.482144E-06
 2258   -1.480832E-06
 2259   -1.479521E-06
 2260   -1.478212E-06
 2261   -1.400636E-06
 2262   -1.399398E-06
 2263   -1.398162E-06
 2264   -1.396927E-06
 2265   -1.395694E-06
 2266   -1.364245E-06
 2267   -1.363041E-06
 2268   -1.361840E-06
 2269   -1.360640E-06
 2270   -1.359441E-06
 2271   -1.359047E-06
 2272   -1.357850E-06
 2273   -1.356656E-06
 2274   -1.355463E-06
 2275   -1.354272E-06
 2276   -1.304498E-06
 2277   -1.303352E-06
 2278   -1.302208E-06
 2279   -1.301066E-06
 2280   -1.299925E-06
 2281   -1.330262E-06
 2282   -1.329096E-06
 2283   -1.327932E-06
 2284   -1.326769E-06
 2285   -1.325608E-06
 2286   -1.285358E-06
 2287   -1.284234E-06
 2288   -1.283111E-06
 2289   -1.281991E-06
 2290   -1.280871E-06
 2291   -1.233557E-06
 2292   -1.232481E-06
 2293   -1.231406E-06
 2294   -1.230333E-06
 2295   -1.229261E-06
 2296   -1.161178E-06
 2297   -1.160167E-06
 2298   -1.159157E-06
 2299   -1.158149E-06
 2300   -1.157142E-06
 2301   -1.067610E-06
 2302   -1.066683E-06
 2303   -1.065757E-06
 2304   -1.064832E-06
 2305   -1.063908E-06
 2306   -1.037285E-06
 2307   -1.036386E-06
 2308   -1.035488E-06
 2309   -1.034591E-06
 2310   -1.033696E-06
 2311   -9.619069E-07
 2312   -9.610749E-07
 2313   -9.602441E-07
 2314   -9.594143E-07
 2315   -9.585856E-07
 2316   -9.425803E-07
 2317   -9.417668E-07
 2318   -9.409544E-07
 2319   -9.401431E-07
 2320   -9.393328E-07
 2321   -9.178193E-07
 2322   -9.170290E-07
 2323   -9.162396E-07
 2324   -9.154513E-07
 2325   -9.146640E-07
 2326   -9.094587E-07
 2327   -9.086772E-07
 2328   -9.078967E-07
 2329   -9.071172E-07
 2330   -9.063387E-07
 2331   -9.048988E-07
 2332   -9.041229E-07
 2333   -9.033480E-07
 2334   -9.025741E-07
 2335   -9.018012E-07
 2336   -8.601112E-07
 2337   -8.593752E-07
 2338   -8.586402E-07
 2339   -8.579062E-07
 2340   -8.571731E-07
 2341   -8.328458E-07
 2342   -8.321348E-07
 2343   -8.314246E-07
 2344   -8.307153E-07
 2345   -8.300070E-07
 2346   -7.731780E-07
 2347   -7.725192E-07
 2348   -7.718614E-07
 2349   -7.712043E-07
 2350   -7.705481E-07
 2351   -7.127577E-07
 2352   -7.121517E-07
 2353   -7.115465E-07
 2354   -7.109421E-07
 2355   -7.103385E-07
 2356   -6.434680E-07
 2357   -6.429221E-07
 2358   -6.423769E-07
 2359   -6.418324E-07
 2360   -6.412886E-07
 2361   -6.029242E-07
 2362   -6.024138E-07
 2363   -6.019041E-07
 2364   -6.013949E-07
 2365   -6.008865E-07
 2366   -5.913478E-07
 2367   -5.908482E-07
 2368   -5.903493E-07
 2369   -5.898510E-07
 2370   -5.893534E-07
 2371   -5.732102E-07
 2372   -5.727270E-07
 2373   -5.722444E-07
 2374   -5.717624E-07
 2375   -5.712810E-07
 2376   -5.672967E-07
 2377   -5.668195E-07
 2378   -5.663429E-07
 2379   -5.658669E-07
 2380   -5.653915E-07
 2381   -5.584537E-07
 2382   -5.579849E-07
 2383   -5.575167E-07
 2384   -5.570491E-07
 2385   -5.565821E-07
 2386   -5.374725E-07
 2387   -5.370222E-07
 2388   -5.365725E-07
 2389   -5.361234E-07
 2390   -5.356749E-07
 2391   -5.286144E-07
 2392   -5.281725E-07
 2393   -5.277312E-07
 2394   -5.272904E-07
 2395   -5.268502E-07
 2396   -4.785585E-07
 2397   -4.781593E-07
 2398   -4.777606E-07
 2399   -4.773624E-07
 2400   -4.769647E-07
 2401   -4.494620E-07
 2402   -4.490878E-07
 2403   -4.487141E-07
 2404   -4.483409E-07
 2405   -4.479681E-07
 2406   -4.111368E-07
 2407   -4.107952E-07
 2408   -4.104541E-07
 2409   -4.101134E-07
 2410   -4.097731E-07
 2411   -3.916139E-07
 2412   -3.912893E-07
 2413   -3.909650E-07
 2414   -3.906412E-07
 2415   -3.903177E-07
 2416   -3.808391E-07
 2417   -3.805241E-07
 2418   -3.802094E-07
 2419   -3.798951E-07
 2420   -3.795812E-07
 2421   -3.671702E-07
 2422   -3.668670E-07
 2423   -3.665643E-07
 2424   -3.662619E-07
 2425   -3.659599E-07
 2426   -3.673538E-07
 2427   -3.670511E-07
 2428   -3.667488E-07
 2429   -3.664469E-07
 2430   -3.661454E-07
 2431   -3.532127E-07
 2432   -3.529222E-07
 2433   -3.526322E-07
 2434   -3.523425E-07
 2435   -3.520532E-07
 2436   -3.470645E-07
 2437   -3.467797E-07
 2438   -3.464953E-07
 2439   -3.462113E-07
 2440   -3.459275E-07
 2441   -3.304571E-07
 2442   -3.301865E-07
 2443   -3.299162E-07
 2444   -3.296463E-07
 2445   -3.293767E-07
 2446   -2.997841E-07
 2447   -2.995391E-07
 2448   -2.992945E-07
 2449   -2.990501E-07
 2450   -2.988060E-07
 2451   -2.764330E-07
 2452   -2.762076E-07
 2453   -2.759824E-07
 2454   -2.757575E-07
 2455   -2.755329E-07
 2456   -2.515098E-07
 2457   -2.513052E-07
 2458   -2.511007E-07
 2459   -2.508965E-07
 2460   -2.506926E-07
 2461   -2.348910E-07
 2462   -2.347002E-07
 2463   -2.345097E-07
 2464   -2.343194E-07
 2465   -2.341293E-07
 2466   -2.221674E-07
 2467   -2.219874E-07
 2468   -2.218075E-07
 2469   -2.216279E-07
 2470   -2.214484E-07
 2471   -2.128979E-07
 2472   -2.127257E-07
 2473   -2.125537E-07
 2474   -2.123819E-07
 2475   -2.122103E-07
 2476   -2.117144E-07
 2477   -2.115435E-07
 2478   -2.113728E-07
 2479   -2.112023E-07
 2480   -2.110320E-07
 2481   -2.040302E-07
 2482   -2.038658E-07
 2483   -2.037016E-07
 2484   -2.035377E-07
 2485   -2.033739E-07
 2486   -2.034262E-07
 2487   -2.032626E-07
 2488   -2.030993E-07
 2489   -2.029361E-07
 2490   -2.027731E-07
 2491   -1.939124E-07
 2492   -1.937568E-07
 2493   -1.936014E-07
 2494   -1.934462E-07
 2495   -1.932912E-07
 2496   -1.827281E-07
 2497   -1.825818E-07
 2498   -1.824356E-07
 2499   -1.822897E-07
 2500   -1.821439E-07
 2501   -1.702481E-07
 2502   -1.701120E-07
 2503   -1.699761E-07
 2504   -1.698404E-07
 2505   -1.697048E-07
 2506   -1.565297E-07
 2507   -1.564049E-07
 2508   -1.562802E-07
 2509   -1.561556E-07
 2510   -1.560312E-07
 2511   -1.545563E-07
 2512   -1.544333E-07
 2513   -1.543104E-07
 2514   -1.541877E-07
 2515   -1.540651E-07
 2516   -1.471499E-07
 2517   -1.470330E-07
 2518   -1.469162E-07
 2519   -1.467996E-07
 2520   -1.466831E-07
 2521   -1.454080E-07
 2522   -1.452927E-07
 2523   -1.451775E-07
 2524   -1.450625E-07
 2525   -1.449476E-07
 2526   -1.420707E-07
 2527   -1.419583E-07
 2528   -1.418460E-07
 2529   -1.417338E-07
 2530   -1.416218E-07
 2531   -1.402815E-07
 2532   -1.401707E-07
 2533   -1.400600E-07
 2534   -1.399495E-07
 2535   -1.398391E-07
 2536   -1.402676E-07
 2537   -1.401571E-07
 2538   -1.400466E-07
 2539   -1.399363E-07
 2540   -1.398262E-07
 2541   -1.362005E-07
 2542   -1.360934E-07
 2543   -1.359864E-07
 2544   -1.358795E-07
 2545   -1.357727E-07
 2546   -1.337016E-07
 2547   -1.335967E-07
 2548   -1.334918E-07
 2549   -1.333871E-07
 2550   -1.332825E-07
 2551   -1.257676E-07
 2552   -1.256690E-07
 2553   -1.255706E-07
 2554   -1.254723E-07
 2555   -1.253741E-07
 2556   -1.239997E-07
 2557   -1.239027E-07
 2558   -1.238059E-07
 2559   -1.237091E-07
 2560   -1.236125E-07
 2561   -1.214931E-07
 2562   -1.213983E-07
 2563   -1.213036E-07
 2564   -1.212090E-07
 2565   -1.211145E-07
 2566   -1.193296E-07
 2567   -1.192366E-07
 2568   -1.191438E-07
 2569   -1.190510E-07
 2570   -1.189584E-07
 2571   -1.206593E-07
 2572   -1.205655E-07
 2573   -1.204718E-07
 2574   -1.203782E-07
 2575   -1.202848E-07
 2576   -1.168977E-07
 2577   -1.168069E-07
 2578   -1.167163E-07
 2579   -1.166259E-07
 2580   -1.165355E-07
 2581   -1.187197E-07
 2582   -1.186278E-07
 2583   -1.185360E-07
 2584   -1.184442E-07
 2585   -1.183526E-07
 2586   -1.182614E-07
 2587   -1.181700E-07
 2588   -1.180787E-07
 2589   -1.179875E-07
 2590   -1.178964E-07
 2591   -1.183477E-07
 2592   -1.182564E-07
 2593   -1.181652E-07
 2594   -1.180742E-07
 2595   -1.179832E-07
 2596   -1.196230E-07
 2597   -1.195309E-07
 2598   -1.194389E-07
 2599   -1.193470E-07
 2600   -1.192552E-07
 2601   -1.172965E-07
 2602   -1.172064E-07
 2603   -1.171164E-07
 2604   -1.170264E-07
 2605   -1.169366E-07
 2606   -1.210421E-07
 2607   -1.209493E-07
 2608   -1.208565E-07
 2609   -1.207639E-07
 2610   -1.206714E-07
 2611   -1.194527E-07
 2612   -1.193612E-07
 2613   -1.192699E-07
 2614   -1.191787E-07
 2615   -1.190875E-07
 2616   -1.220142E-07
 2617   -1.219210E-07
 2618   -1.218278E-07
 2619   -1.217348E-07
 2620   -1.216419E-07
 2621   -1.191607E-07
 2622   -1.190698E-07
 2623   -1.189791E-07
 2624   -1.188884E-07
 2625   -1.187978E-07
 2626   -1.203695E-07
 2627   -1.202779E-07
 2628   -1.201864E-07
 2629   -1.200950E-07
 2630   -1.200037E-07
 2631   -1.231604E-07
 2632   -1.230669E-07
 2633   -1.229734E-07
 2634   -1.228801E-07
 2635   -1.227868E-07
 2636   -1.222619E-07
 2637   -1.221692E-07
 2638   -1.220766E-07
 2639   -1.219841E-07
 2640   -1.218917E-07
 2641   -1.250237E-07
 2642   -1.249291E-07
 2643   -1.248346E-07
 2644   -1.247402E-07
 2645   -1.246459E-07
 2646   -1.278586E-07
 2647   -1.277620E-07
 2648   -1.276655E-07
 2649   -1.275692E-07
 2650   -1.274729E-07
 2651   -1.302674E-07
 2652   -1.301692E-07
 2653   -1.300711E-07
 2654   -1.299731E-07
 2655   -1.298752E-07
 2656   -1.368149E-07
 2657   -1.367119E-07
 2658   -1.366091E-07
 2659   -1.365063E-07
 2660   -1.364037E-07
 2661   -1.346551E-07
 2662   -1.345540E-07
 2663   -1.344530E-07
 2664   -1.343520E-07
 2665   -1.342512E-07
 2666   -1.402522E-07
 2667   -1.401470E-07
 2668   -1.400420E-07
 2669   -1.399370E-07
 2670   -1.398322E-07
 2671   -1.390780E-07
 2672   -1.389739E-07
 2673   -1.388699E-07
 2674   -1.387661E-07
 2675   -1.386623E-07
 2676   -1.377973E-07
 2677   -1.376944E-07
 2678   -1.375915E-07
 2679   -1.374888E-07
 2680   -1.373863E-07
 2681   -1.420408E-07
 2682   -1.419349E-07
 2683   -1.418291E-07
 2684   -1.417234E-07
 2685   -1.416179E-07
 2686   -1.416768E-07
 2687   -1.415713E-07
 2688   -1.414660E-07
 2689   -1.413608E-07
 2690   -1.412557E-07
 2691   -1.476503E-07
 2692   -1.475406E-07
 2693   -1.474311E-07
 2694   -1.473217E-07
 2695   -1.472123E-07
 2696   -1.468232E-07
 2697   -1.467143E-07
 2698   -1.466056E-07
 2699   -1.464970E-07
 2700   -1.463885E-07
 2701   -1.533846E-07
 2702   -1.532711E-07
 2703   -1.531577E-07
 2704   -1.530445E-07
 2705   -1.529313E-07
 2706   -1.580707E-07
 2707   -1.579539E-07
 2708   -1.578373E-07
 2709   -1.577208E-07
 2710   -1.576044E-07
 2711   -1.604611E-07
 2712   -1.603428E-07
 2713   -1.602247E-07
 2714   -1.601066E-07
 2715   -1.599887E-07
 2716   -1.655245E-07
 2717   -1.654027E-07
 2718   -1.652810E-07
 2719   -1.651595E-07
 2720   -1.650381E-07
 2721   -1.601029E-07
 2722   -1.599853E-07
 2723   -1.598678E-07
 2724   -1.597504E-07
 2725   -1.596332E-07
 2726   -1.642858E-07
 2727   -1.641653E-07
 2728   -1.640450E-07
 2729   -1.639248E-07
 2730   -1.638047E-07
 2731   -1.653169E-07
 2732   -1.651959E-07
 2733   -1.650750E-07
 2734   -1.649543E-07
 2735   -1.648336E-07
 2736   -1.633185E-07
 2737   -1.631992E-07
 2738   -1.630800E-07
 2739   -1.629609E-07
 2740   -1.628420E-07
 2741   -1.705033E-07
 2742   -1.703789E-07
 2743   -1.702547E-07
 2744   -1.701307E-07
 2745   -1.700067E-07
 2746   -1.695227E-07
 2747   -1.693993E-07
 2748   -1.692760E-07
 2749   -1.691529E-07
 2750   -1.690299E-07
 2751   -1.764615E-07
 2752   -1.763333E-07
 2753   -1.762052E-07
 2754   -1.760773E-07
 2755   -1.759495E-07
 2756   -1.802003E-07
 2757   -1.800696E-07
 2758   -1.799390E-07
 2759   -1.798086E-07
 2760   -1.796784E-07
 2761   -1.823025E-07
 2762   -1.821705E-07
 2763   -1.820387E-07
 2764   -1.819070E-07
 2765   -1.817754E-07
 2766   -1.852257E-07
 2767   -1.850918E-07
 2768   -1.849581E-07
 2769   -1.848245E-07
 2770   -1.846911E-07
 2771   -1.807340E-07
 2772   -1.806036E-07
 2773   -1.804734E-07
 2774   -1.803433E-07
 2775   -1.802133E-07
 2776   -1.867479E-07
 2777   -1.866134E-07
 2778   -1.864791E-07
 2779   -1.863449E-07
 2780   -1.862109E-07
 2781   -1.823367E-07
 2782   -1.822057E-07
 2783   -1.820748E-07
 2784   -1.819440E-07
 2785   -1.818134E-07
 2786   -1.861423E-07
 2787   -1.860087E-07
 2788   -1.858753E-07
 2789   -1.857421E-07
 2790   -1.856089E-07
 2791   -1.884584E-07
 2792   -1.883235E-07
 2793   -1.881886E-07
 2794   -1.880540E-07
 2795   -1.879194E-07
 2796   -1.893033E-07
 2797   -1.891680E-07
 2798   -1.890328E-07
 2799   -1.888977E-07
 2800   -1.887628E-07
 2801   -1.931803E-07
 2802   -1.930425E-07
 2803   -1.929048E-07
 2804   -1.927672E-07
 2805   -1.926298E-07
 2806   -1.919136E-07
 2807   -1.917769E-07
 2808   -1.916403E-07
 2809   -1.915039E-07
 2810   -1.913676E-07
 2811   -1.956982E-07
 2812   -1.955590E-07
 2813   -1.954200E-07
 2814   -1.952812E-07
 2815   -1.951424E-07
 2816   -1.989832E-07
 2817   -1.988419E-07
 2818   -1.987008E-07
 2819   -1.985599E-07
 2820   -1.984191E-07
 2821   -1.978866E-07
 2822   -1.977464E-07
 2823   -1.976063E-07
 2824   -1.974664E-07
 2825   -1.973266E-07
 2826   -1.981974E-07
 2827   -1.980572E-07
 2828   -1.979172E-07
 2829   -1.977773E-07
 2830   -1.976375E-07
 2831   -1.970130E-07
 2832   -1.968739E-07
 2833   -1.967350E-07
 2834   -1.965961E-07
 2835   -1.964575E-07
 2836   -1.995333E-07
 2837   -1.993927E-07
 2838   -1.992522E-07
 2839   -1.991118E-07
 2840   -1.989717E-07
 2841   -1.986956E-07
 2842   -1.985558E-07
 2843   -1.984162E-07
 2844   -1.982767E-07
 2845   -1.981373E-07
 2846   -1.990915E-07
 2847   -1.989517E-07
 2848   -1.988120E-07
 2849   -1.986724E-07
 2850   -1.985330E-07
 2851   -1.990672E-07
 2852   -1.989276E-07
 2853   -1.987882E-07
 2854   -1.986489E-07
 2855   -1.985097E-07
 2856   -1.995816E-07
 2857   -1.994419E-07
 2858   -1.993024E-07
 2859   -1.991630E-07
 2860   -1.990237E-07
 2861   -2.020263E-07
 2862   -2.018851E-07
 2863   -2.017441E-07
 2864   -2.016033E-07
 2865   -2.014625E-07
 2866   -2.010214E-07
 2867   -2.008812E-07
 2868   -2.007412E-07
 2869   -2.006012E-07
 2870   -2.004615E-07
 2871   -2.002776E-07
 2872   -2.001381E-07
 2873   -1.999988E-07
 2874   -1.998597E-07
 2875   -1.997207E-07
 2876   -1.968688E-07
 2877   -1.967319E-07
 2878   -1.965952E-07
 2879   -1.964587E-07
 2880   -1.963223E-07
 2881   -1.977637E-07
 2882   -1.976265E-07
 2883   -1.974894E-07
 2884   -1.973525E-07
 2885   -1.972157E-07
 2886   -1.980326E-07
 2887   -1.978954E-07
 2888   -1.977584E-07
 2889   -1.976215E-07
 2890   -1.974847E-07
 2891   -1.988646E-07
 2892   -1.987271E-07
 2893   -1.985897E-07
 2894   -1.984525E-07
 2895   -1.983154E-07
 2896   -2.010760E-07
 2897   -2.009372E-07
 2898   -2.007985E-07
 2899   -2.006600E-07
 2900   -2.005216E-07
 2901   -1.978702E-07
 2902   -1.977339E-07
 2903   -1.975977E-07
 2904   -1.974616E-07
 2905   -1.973257E-07
 2906   -1.994664E-07
 2907   -1.993292E-07
 2908   -1.991921E-07
 2909   -1.990552E-07
 2910   -1.989184E-07
 2911   -1.950686E-07
 2912   -1.949347E-07
 2913   -1.948009E-07
 2914   -1.946672E-07
 2915   -1.945337E-07
 2916   -1.953442E-07
 2917   -1.952103E-07
 2918   -1.950765E-07
 2919   -1.949429E-07
 2920   -1.948094E-07
 2921   -1.988623E-07
 2922   -1.987262E-07
 2923   -1.985903E-07
 2924   -1.984544E-07
 2925   -1.983188E-07
 2926   -1.933735E-07
 2927   -1.932414E-07
 2928   -1.931095E-07
 2929   -1.929776E-07
 2930   -1.928459E-07
 2931   -1.968060E-07
 2932   -1.966718E-07
 2933   -1.965377E-07
 2934   -1.964038E-07
 2935   -1.962699E-07
 2936   -1.942104E-07
 2937   -1.940781E-07
 2938   -1.939460E-07
 2939   -1.938141E-07
 2940   -1.936823E-07
 2941   -1.922346E-07
 2942   -1.921039E-07
 2943   -1.919734E-07
 2944   -1.918430E-07
 2945   -1.917127E-07
 2946   -1.946827E-07
 2947   -1.945506E-07
 2948   -1.944186E-07
 2949   -1.942868E-07
 2950   -1.941551E-07
 2951   -1.867863E-07
 2952   -1.866598E-07
 2953   -1.865334E-07
 2954   -1.864071E-07
 2955   -1.862810E-07
 2956   -1.890679E-07
 2957   -1.889400E-07
 2958   -1.888123E-07
 2959   -1.886847E-07
 2960   -1.885573E-07
 2961   -1.871137E-07
 2962   -1.869874E-07
 2963   -1.868612E-07
 2964   -1.867351E-07
 2965   -1.866092E-07
 2966   -1.872332E-07
 2967   -1.871070E-07
 2968   -1.869809E-07
 2969   -1.868550E-07
 2970   -1.867292E-07
 2971   -1.880950E-07
 2972   -1.879684E-07
 2973   -1.878420E-07
 2974   -1.877157E-07
 2975   -1.875895E-07
 2976   -1.812540E-07
 2977   -1.811322E-07
 2978   -1.810106E-07
 2979   -1.808891E-07
 2980   -1.807677E-07
 2981   -1.860383E-07
 2982   -1.859135E-07
 2983   -1.857889E-07
 2984   -1.856644E-07
 2985   -1.855400E-07
 2986   -1.815728E-07
 2987   -1.814512E-07
 2988   -1.813298E-07
 2989   -1.812085E-07
 2990   -1.810873E-07
 2991   -1.824710E-07
 2992   -1.823490E-07
 2993   -1.822272E-07
 2994   -1.821055E-07
 2995   -1.819839E-07
 2996   -1.782110E-07
 2997   -1.780921E-07
 2998   -1.779733E-07
 2999   -1.778546E-07
 3000   -1.777361E-07
 3001   -1.727242E-07
 3002   -1.726092E-07
 3003   -1.724942E-07
 3004   -1.723794E-07
 3005   -1.722647E-07
 3006   -1.741210E-07
 3007   -1.740053E-07
 3008   -1.738896E-07
 3009   -1.737740E-07
 3010   -1.736586E-07
 3011   -1.685689E-07
 3012   -1.684570E-07
 3013   -1.683452E-07
 3014   -1.682335E-07
 3015   -1.681219E-07
 3016   -1.666727E-07
 3017   -1.665623E-07
 3018   -1.664519E-07
 3019   -1.663416E-07
 3020   -1.662315E-07
 3021   -1.653895E-07
 3022   -1.652801E-07
 3023   -1.651707E-07
 3024   -1.650615E-07
 3025   -1.649524E-07
 3026   -1.616971E-07
 3027   -1.615903E-07
 3028   -1.614836E-07
 3029   -1.613770E-07
 3030   -1.612705E-07
 3031   -1.670900E-07
 3032   -1.669798E-07
 3033   -1.668697E-07
 3034   -1.667597E-07
 3035   -1.666498E-07
 3036   -1.645209E-07
 3037   -1.644126E-07
 3038   -1.643044E-07
 3039   -1.641962E-07
 3040   -1.640882E-07
 3041   -1.661684E-07
 3042   -1.660592E-07
 3043   -1.659501E-07
 3044   -1.658411E-07
 3045   -1.657322E-07
 3046   -1.638087E-07
 3047   -1.637012E-07
 3048   -1.635938E-07
 3049   -1.634865E-07
 3050   -1.633793E-07
 3051   -1.638891E-07
 3052   -1.637817E-07
 3053   -1.636745E-07
 3054   -1.635673E-07
 3055   -1.634602E-07
 3056   -1.637701E-07
 3057   -1.636629E-07
 3058   -1.635559E-07
 3059   -1.634490E-07
 3060   -1.633422E-07
 3061   -1.592764E-07
 3062   -1.591724E-07
 3063   -1.590684E-07
 3064   -1.589646E-07
 3065   -1.588609E-07
 3066   -1.610464E-07
 3067   -1.609414E-07
 3068   -1.608365E-07
 3069   -1.607317E-07
 3070   -1.606270E-07
 3071   -1.579673E-07
 3072   -1.578645E-07
 3073   -1.577618E-07
 3074   -1.576592E-07
 3075   -1.575566E-07
 3076   -1.565542E-07
 3077   -1.564525E-07
 3078   -1.563508E-07
 3079   -1.562493E-07
 3080   -1.561478E-07
 3081   -1.475092E-07
 3082   -1.474135E-07
 3083   -1.473179E-07
 3084   -1.472224E-07
 3085   -1.471269E-07
 3086   -1.371514E-07
 3087   -1.370626E-07
 3088   -1.369738E-07
 3089   -1.368852E-07
 3090   -1.367966E-07
 3091   -1.213676E-07
 3092   -1.212891E-07
 3093   -1.212107E-07
 3094   -1.211323E-07
 3095   -1.210541E-07
 3096   -9.494028E-08
 3097   -9.487898E-08
 3098   -9.481773E-08
 3099   -9.475655E-08
 3100   -9.469543E-08
 3101   -6.805822E-08
 3102   -6.801435E-08
 3103   -6.797052E-08
 3104   -6.792673E-08
 3105   -6.788298E-08
 3106   -4.190681E-08
 3107   -4.187983E-08
 3108   -4.185289E-08
 3109   -4.182597E-08
 3110   -4.179908E-08
 3111   -2.558505E-08
 3112   -2.556861E-08
 3113   -2.555218E-08
 3114   -2.553578E-08
 3115   -2.551938E-08
 3116   -1.474620E-08
 3117   -1.473674E-08
 3118   -1.472729E-08
 3119   -1.471784E-08
 3120   -1.470841E-08
 3121   -8.755318E-09
 3122   -8.749710E-09
 3123   -8.744108E-09
 3124   -8.738511E-09
 3125   -8.732919E-09
 3126   -5.538692E-09
 3127   -5.535150E-09
 3128   -5.531611E-09
 3129   -5.528076E-09
 3130   -5.524544E-09
 3131   -3.578611E-09
 3132   -3.576327E-09
 3133   -3.574044E-09
 3134   -3.571763E-09
 3135   -3.569485E-09
 3136   -2.422874E-09
 3137   -2.421330E-09
 3138   -2.419787E-09
 3139   -2.418245E-09
 3140   -2.416705E-09
 3141   -1.412433E-09
 3142   -1.411534E-09
 3143   -1.410636E-09
 3144   -1.409738E-09
 3145   -1.408842E-09
 3146   -6.258489E-10
 3147   -6.254512E-10
 3148   -6.250539E-10
 3149   -6.246570E-10
 3150   -6.242605E-10
 3151   -5.051853E-12
 3152   -5.048648E-12
 3153   -5.045446E-12
 3154   -5.042247E-12
 3155   -5.039051E-12
 3156    4.519710E-10
 3157    4.516848E-10
 3158    4.513987E-10
 3159    4.511130E-10
 3160    4.508275E-10
 3161    7.459328E-10
 3162    7.454611E-10
 3163    7.449898E-10
 3164    7.445190E-10
 3165    7.440486E-10
 3166    9.193764E-10
 3167    9.187959E-10
 3168    9.182160E-10
 3169    9.176366E-10
 3170    9.170577E-10
 3171    1.078934E-09
 3172    1.078254E-09
 3173    1.077575E-09
 3174    1.076896E-09
 3175    1.076217E-09
 3176    1.243491E-09
 3177    1.242708E-09
 3178    1.241926E-09
 3179    1.241145E-09
 3180    1.240365E-09
 3181    1.369260E-09
 3182    1.368399E-09
 3183    1.367539E-09
 3184    1.366681E-09
 3185    1.365822E-09
 3186    1.544854E-09
 3187    1.543885E-09
 3188    1.542916E-09
 3189    1.541949E-09
 3190    1.540982E-09
 3191    1.606387E-09
 3192    1.605381E-09
 3193    1.604375E-09
 3194    1.603371E-09
 3195    1.602367E-09
 3196    1.718749E-09
 3197    1.717674E-09
 3198    1.716600E-09
 3199    1.715527E-09
 3200    1.714455E-09
 3201    1.740260E-09
 3202    1.739174E-09
 3203    1.738088E-09
 3204    1.737003E-09
 3205    1.735919E-09
 3206    1.732922E-09
 3207    1.731841E-09
 3208    1.730761E-09
 3209    1.729683E-09
 3210    1.728605E-09
 3211    1.783201E-09
 3212    1.782091E-09
 3213    1.780982E-09
 3214    1.779874E-09
 3215    1.778767E-09
 3216    1.770233E-09
 3217    1.769133E-09
 3218    1.768034E-09
 3219    1.766935E-09
 3220    1.765838E-09
 3221    1.809110E-09
 3222    1.807987E-09
 3223    1.806865E-09
 3224    1.805745E-09
 3225    1.804625E-09
 3226    1.811159E-09
 3227    1.810037E-09
 3228    1.808915E-09
 3229    1.807795E-09
 3230    1.806676E-09
 3231    1.743165E-09
 3232    1.742087E-09
 3233    1.741009E-09
 3234    1.739933E-09
 3235    1.738857E-09
 3236    1.775104E-09
 3237    1.774008E-09
 3238    1.772912E-09
 3239    1.771818E-09
 3240    1.770724E-09
 3241    1.684137E-09
 3242    1.683098E-09
 3243    1.682060E-09
 3244    1.681024E-09
 3245    1.679988E-09
 3246    1.705860E-09
 3247    1.704809E-09
 3248    1.703760E-09
 3249    1.702711E-09
 3250    1.701663E-09
 3251    1.666493E-09
 3252    1.665468E-09
 3253    1.664445E-09
 3254    1.663422E-09
 3255    1.662400E-09
 3256    1.630545E-09
 3257    1.629544E-09
 3258    1.628543E-09
 3259    1.627544E-09
 3260    1.626546E-09
 3261    1.645817E-09
 3262    1.644808E-09
 3263    1.643800E-09
 3264    1.642793E-09
 3265    1.641787E-09
 3266    1.548500E-09
 3267    1.547552E-09
 3268    1.546605E-09
 3269    1.545659E-09
 3270    1.544714E-09
 3271    1.556846E-09
 3272    1.555895E-09
 3273    1.554944E-09
 3274    1.553995E-09
 3275    1.553046E-09
 3276    1.484544E-09
 3277    1.483638E-09
 3278    1.482733E-09
 3279    1.481829E-09
 3280    1.480926E-09
 3281    1.450204E-09
 3282    1.449321E-09
 3283    1.448438E-09
 3284    1.447556E-09
 3285    1.446675E-09
 3286    1.415932E-09
 3287    1.415071E-09
 3288    1.414210E-09
 3289    1.413351E-09
 3290    1.412492E-09
 3291    1.335349E-09
 3292    1.334538E-09
 3293    1.333727E-09
 3294    1.332918E-09
 3295    1.332109E-09
 3296    1.346148E-09
 3297    1.345331E-09
 3298    1.344516E-09
 3299    1.343701E-09
 3300    1.342886E-09
