   50    1.620331E-10
   51    1.161735E-10
   52    1.117486E-10
   53    1.075718E-10
   54    1.036249E-10
   55    9.989128E-11
   56    5.187485E-11
   57    5.007078E-11
   58    4.835921E-11
   59    4.673392E-11
   60    4.518921E-11
   61    2.644097E-11
   62    2.559497E-11
   63    2.478893E-11
   64    2.402037E-11
   65    2.328701E-11
   66    6.780025E-11
   67    6.579158E-11
   68    6.387086E-11
   69    6.203304E-11
   70    6.027342E-11
   71    4.878026E-11
   72    4.743473E-11
   73    4.614411E-11
   74    4.490545E-11
   75    4.371601E-11
   76    6.865484E-11
   77    6.688326E-11
   78    6.517936E-11
   79    6.353976E-11
   80    6.196125E-11
   81    9.708602E-11
   82    9.473260E-11
   83    9.246372E-11
   84    9.027538E-11
   85    8.816382E-11
   86    7.346320E-11
   87    7.178415E-11
   88    7.016202E-11
   89    6.859425E-11
   90    6.707845E-11
   91    7.665720E-11
   92    7.499985E-11
   93    7.339566E-11
   94    7.184240E-11
   95    7.033793E-11
   96    5.570940E-11
   97    5.456670E-11
   98    5.345881E-11
   99    5.238431E-11
  100    5.134189E-11
  101    2.165120E-11
  102    2.122876E-11
  103    2.081856E-11
  104    2.042014E-11
  105    2.003304E-11
  106    1.543849E-11
  107    1.515128E-11
  108    1.487200E-11
  109    1.460038E-11
  110    1.433613E-11
  111    3.748952E-11
  112    3.682306E-11
  113    3.617422E-11
  114    3.554238E-11
  115    3.492696E-11
  116    5.338533E-11
  117    5.247668E-11
  118    5.159103E-11
  119    5.072761E-11
  120    4.988569E-11
  121    9.451702E-11
  122    9.297393E-11
  123    9.146833E-11
  124    8.999901E-11
  125    8.856481E-11
  126    1.250332E-10
  127    1.230720E-10
  128    1.211565E-10
  129    1.192854E-10
  130    1.174574E-10
  131    1.114769E-10
  132    1.097942E-10
  133    1.081494E-10
  134    1.065413E-10
  135    1.049688E-10
  136    8.125686E-11
  137    8.007498E-11
  138    7.891869E-11
  139    7.778727E-11
  140    7.668001E-11
  141    4.514007E-11
  142    4.450654E-11
  143    4.388625E-11
  144    4.327884E-11
  145    4.268396E-11
  146    3.961763E-11
  147    3.908046E-11
  148    3.855413E-11
  149    3.803837E-11
  150    3.753289E-11
  151    6.248613E-11
  152    6.166666E-11
  153    6.086320E-11
  154    6.007535E-11
  155    5.930269E-11
  156    6.582811E-11
  157    6.499222E-11
  158    6.417214E-11
  159    6.336749E-11
  160    6.257788E-11
  161    1.558689E-10
  162    1.539505E-10
  163    1.520674E-10
  164    1.502186E-10
  165    1.484033E-10
  166    1.293860E-10
  167    1.278411E-10
  168    1.263237E-10
  169    1.248332E-10
  170    1.233689E-10
  171    1.507181E-10
  172    1.489706E-10
  173    1.472534E-10
  174    1.455657E-10
  175    1.439069E-10
  176    2.036331E-10
  177    2.013387E-10
  178    1.990828E-10
  179    1.968646E-10
  180    1.946833E-10
  181    1.170466E-10
  182    1.157639E-10
  183    1.145022E-10
  184    1.132610E-10
  185    1.120398E-10
  186    1.313726E-10
  187    1.299713E-10
  188    1.285923E-10
  189    1.272351E-10
  190    1.258993E-10
  191    1.104027E-10
  192    1.092557E-10
  193    1.081264E-10
  194    1.070146E-10
  195    1.059198E-10
  196    1.190763E-10
  197    1.178705E-10
  198    1.166829E-10
  199    1.155131E-10
  200    1.143609E-10
  201    1.162875E-10
  202    1.151390E-10
  203    1.140074E-10
  204    1.128924E-10
  205    1.117937E-10
  206    5.029915E-11
  207    4.981435E-11
  208    4.933652E-11
  209    4.886553E-11
  210    4.840125E-11
  211    5.513429E-12
  212    5.461538E-12
  213    5.410377E-12
  214    5.359931E-12
  215    5.310187E-12
  216    0.000000E+00
  217    0.000000E+00
  218    0.000000E+00
  219    0.000000E+00
  220    0.000000E+00
  221    0.000000E+00
  222    0.000000E+00
  223    0.000000E+00
  224    0.000000E+00
  225    0.000000E+00
  226    3.195914E-12
  227    3.167818E-12
  228    3.140091E-12
  229    3.112727E-12
  230    3.085719E-12
  231    0.000000E+00
  232    0.000000E+00
  233    0.000000E+00
  234    0.000000E+00
  235    0.000000E+00
  236    0.000000E+00
  237    0.000000E+00
  238    0.000000E+00
  239    0.000000E+00
  240    0.000000E+00
  241    0.000000E+00
  242    0.000000E+00
  243    0.000000E+00
  244    0.000000E+00
  245    0.000000E+00
  246    9.494537E-11
  247    9.417814E-11
  248    9.342017E-11
  249    9.267132E-11
  250    9.193143E-11
  251    1.043113E-09
  252    1.034851E-09
  253    1.026686E-09
  254    1.018618E-09
  255    1.010645E-09
  256    1.369500E-09
  257    1.358864E-09
  258    1.348350E-09
  259    1.337958E-09
  260    1.327686E-09
  261    2.587519E-09
  262    2.567804E-09
  263    2.548314E-09
  264    2.529046E-09
  265    2.509995E-09
  266    2.537073E-09
  267    2.518104E-09
  268    2.499347E-09
  269    2.480799E-09
  270    2.462457E-09
  271    5.118898E-09
  272    5.081328E-09
  273    5.044171E-09
  274    5.007419E-09
  275    4.971068E-09
  276    1.034017E-08
  277    1.026565E-08
  278    1.019193E-08
  279    1.011900E-08
  280    1.004685E-08
  281    4.571392E-08
  282    4.539028E-08
  283    4.507007E-08
  284    4.475324E-08
  285    4.443973E-08
  286    8.175494E-08
  287    8.118622E-08
  288    8.062340E-08
  289    8.006642E-08
  290    7.951519E-08
  291    1.312360E-07
  292    1.303387E-07
  293    1.294505E-07
  294    1.285714E-07
  295    1.277012E-07
  296    1.937098E-07
  297    1.924076E-07
  298    1.911184E-07
  299    1.898422E-07
  300    1.885787E-07
  301    2.383173E-07
  302    2.367416E-07
  303    2.351816E-07
  304    2.336369E-07
  305    2.321073E-07
  306    3.952534E-07
  307    3.926827E-07
  308    3.901369E-07
  309    3.876159E-07
  310    3.851192E-07
  311    4.263661E-07
  312    4.236374E-07
  313    4.209347E-07
  314    4.182579E-07
  315    4.156065E-07
  316    5.946039E-07
  317    5.908584E-07
  318    5.871482E-07
  319    5.834728E-07
  320    5.798318E-07
  321    7.441623E-07
  322    7.395474E-07
  323    7.349752E-07
  324    7.304454E-07
  325    7.259572E-07
  326    7.203300E-07
  327    7.159310E-07
  328    7.115723E-07
  329    7.072532E-07
  330    7.029733E-07
  331    9.665902E-07
  332    9.607761E-07
  333    9.550144E-07
  334    9.493043E-07
  335    9.436453E-07
  336    9.063202E-07
  337    9.009494E-07
  338    8.956263E-07
  339    8.903501E-07
  340    8.851205E-07
  341    1.219019E-06
  342    1.211900E-06
  343    1.204844E-06
  344    1.197849E-06
  345    1.190915E-06
  346    1.293315E-06
  347    1.285871E-06
  348    1.278492E-06
  349    1.271176E-06
  350    1.263922E-06
  351    1.305257E-06
  352    1.297852E-06
  353    1.290509E-06
  354    1.283228E-06
  355    1.276009E-06
  356    1.687086E-06
  357    1.677648E-06
  358    1.668289E-06
  359    1.659008E-06
  360    1.649804E-06
  361    1.625374E-06
  362    1.616406E-06
  363    1.607513E-06
  364    1.598692E-06
  365    1.589944E-06
  366    1.957937E-06
  367    1.947282E-06
  368    1.936713E-06
  369    1.926230E-06
  370    1.915832E-06
  371    1.958461E-06
  372    1.947945E-06
  373    1.937515E-06
  374    1.927168E-06
  375    1.916903E-06
  376    2.195808E-06
  377    2.184174E-06
  378    2.172633E-06
  379    2.161183E-06
  380    2.149824E-06
  381    2.485844E-06
  382    2.472846E-06
  383    2.459950E-06
  384    2.447154E-06
  385    2.434458E-06
  386    2.350377E-06
  387    2.338246E-06
  388    2.326209E-06
  389    2.314264E-06
  390    2.302411E-06
  391    2.795940E-06
  392    2.781693E-06
  393    2.767555E-06
  394    2.753525E-06
  395    2.739600E-06
  396    2.641045E-06
  397    2.627757E-06
  398    2.614568E-06
  399    2.601479E-06
  400    2.588488E-06
  401    2.971799E-06
  402    2.957033E-06
  403    2.942376E-06
  404    2.927828E-06
  405    2.913387E-06
  406    3.018557E-06
  407    3.003742E-06
  408    2.989036E-06
  409    2.974438E-06
  410    2.959946E-06
  411    3.023202E-06
  412    3.008544E-06
  413    2.993992E-06
  414    2.979546E-06
  415    2.965204E-06
  416    3.355119E-06
  417    3.339047E-06
  418    3.323090E-06
  419    3.307247E-06
  420    3.291517E-06
  421    3.760557E-06
  422    3.742755E-06
  423    3.725080E-06
  424    3.707530E-06
  425    3.690103E-06
  426    4.410810E-06
  427    4.390175E-06
  428    4.369684E-06
  429    4.349336E-06
  430    4.329131E-06
  431    5.059621E-06
  432    5.036224E-06
  433    5.012989E-06
  434    4.989914E-06
  435    4.966998E-06
  436    5.800839E-06
  437    5.774321E-06
  438    5.747984E-06
  439    5.721827E-06
  440    5.695849E-06
  441    6.056986E-06
  442    6.029610E-06
  443    6.002419E-06
  444    5.975412E-06
  445    5.948586E-06
  446    6.877577E-06
  447    6.846839E-06
  448    6.816307E-06
  449    6.785979E-06
  450    6.755852E-06
  451    7.511210E-06
  452    7.478011E-06
  453    7.445032E-06
  454    7.412271E-06
  455    7.379725E-06
  456    8.712591E-06
  457    8.674504E-06
  458    8.636665E-06
  459    8.599074E-06
  460    8.561727E-06
  461    9.584337E-06
  462    9.542891E-06
  463    9.501714E-06
  464    9.460802E-06
  465    9.420154E-06
  466    9.434187E-06
  467    9.393827E-06
  468    9.353726E-06
  469    9.313880E-06
  470    9.274289E-06
  471    1.142966E-05
  472    1.138128E-05
  473    1.133321E-05
  474    1.128544E-05
  475    1.123797E-05
  476    1.071514E-05
  477    1.067026E-05
  478    1.062566E-05
  479    1.058134E-05
  480    1.053730E-05
  481    1.115728E-05
  482    1.111103E-05
  483    1.106507E-05
  484    1.101939E-05
  485    1.097400E-05
  486    9.406784E-06
  487    9.368192E-06
  488    9.329837E-06
  489    9.291717E-06
  490    9.253831E-06
  491    7.378706E-06
  492    7.348742E-06
  493    7.318960E-06
  494    7.289358E-06
  495    7.259936E-06
  496    5.473301E-06
  497    5.451298E-06
  498    5.429427E-06
  499    5.407688E-06
  500    5.386078E-06
  501    1.739919E-06
  502    1.732994E-06
  503    1.726111E-06
  504    1.719268E-06
  505    1.712465E-06
  506   -1.845357E-06
  507   -1.838084E-06
  508   -1.830855E-06
  509   -1.823668E-06
  510   -1.816523E-06
  511   -4.448236E-06
  512   -4.430877E-06
  513   -4.413620E-06
  514   -4.396463E-06
  515   -4.379406E-06
  516   -5.789793E-06
  517   -5.767417E-06
  518   -5.745170E-06
  519   -5.723052E-06
  520   -5.701062E-06
  521   -4.765464E-06
  522   -4.747223E-06
  523   -4.729087E-06
  524   -4.711054E-06
  525   -4.693124E-06
  526    1.402392E-06
  527    1.397075E-06
  528    1.391788E-06
  529    1.386531E-06
  530    1.381304E-06
  531    1.454450E-05
  532    1.448987E-05
  533    1.443555E-05
  534    1.438153E-05
  535    1.432782E-05
  536    3.281242E-05
  537    3.269033E-05
  538    3.256892E-05
  539    3.244818E-05
  540    3.232812E-05
  541    6.581565E-05
  542    6.557301E-05
  543    6.533172E-05
  544    6.509175E-05
  545    6.485310E-05
  546    1.034065E-04
  547    1.030287E-04
  548    1.026531E-04
  549    1.022795E-04
  550    1.019079E-04
  551    1.379310E-04
  552    1.374317E-04
  553    1.369351E-04
  554    1.364412E-04
  555    1.359500E-04
  556    2.041817E-04
  557    2.034492E-04
  558    2.027207E-04
  559    2.019960E-04
  560    2.012753E-04
  561    2.187954E-04
  562    2.180174E-04
  563    2.172437E-04
  564    2.164740E-04
  565    2.157084E-04
  566    2.662603E-04
  567    2.653219E-04
  568    2.643885E-04
  569    2.634600E-04
  570    2.625364E-04
  571    2.539718E-04
  572    2.530846E-04
  573    2.522020E-04
  574    2.513240E-04
  575    2.504506E-04
  576    2.403865E-04
  577    2.395540E-04
  578    2.387258E-04
  579    2.379019E-04
  580    2.370822E-04
  581    1.508181E-04
  582    1.503003E-04
  583    1.497851E-04
  584    1.492726E-04
  585    1.487627E-04
  586   -2.527566E-05
  587   -2.518962E-05
  588   -2.510401E-05
  589   -2.501884E-05
  590   -2.493411E-05
  591   -3.296909E-04
  592   -3.285781E-04
  593   -3.274708E-04
  594   -3.263691E-04
  595   -3.252730E-04
  596   -7.283811E-04
  597   -7.259430E-04
  598   -7.235172E-04
  599   -7.211034E-04
  600   -7.187018E-04
  601   -1.251156E-03
  602   -1.247003E-03
  603   -1.242871E-03
  604   -1.238758E-03
  605   -1.234667E-03
  606   -1.608339E-03
  607   -1.603044E-03
  608   -1.597775E-03
  609   -1.592532E-03
  610   -1.587315E-03
  611   -1.794863E-03
  612   -1.789002E-03
  613   -1.783170E-03
  614   -1.777367E-03
  615   -1.771591E-03
  616   -2.119537E-03
  617   -2.112672E-03
  618   -2.105841E-03
  619   -2.099042E-03
  620   -2.092277E-03
  621   -1.861485E-03
  622   -1.855505E-03
  623   -1.849553E-03
  624   -1.843630E-03
  625   -1.837735E-03
  626   -1.591969E-03
  627   -1.586895E-03
  628   -1.581845E-03
  629   -1.576819E-03
  630   -1.571817E-03
  631   -6.338615E-04
  632   -6.318572E-04
  633   -6.298624E-04
  634   -6.278770E-04
  635   -6.259010E-04
  636    1.007380E-03
  637    1.004219E-03
  638    1.001074E-03
  639    9.979428E-04
  640    9.948267E-04
  641    4.028721E-03
  642    4.016180E-03
  643    4.003698E-03
  644    3.991274E-03
  645    3.978908E-03
  646    7.591786E-03
  647    7.568337E-03
  648    7.544996E-03
  649    7.521763E-03
  650    7.498636E-03
  651    1.318510E-02
  652    1.314468E-02
  653    1.310446E-02
  654    1.306441E-02
  655    1.302455E-02
  656    1.677134E-02
  657    1.672033E-02
  658    1.666955E-02
  659    1.661899E-02
  660    1.656867E-02
  661    2.030882E-02
  662    2.024751E-02
  663    2.018648E-02
  664    2.012572E-02
  665    2.006524E-02
  666    2.254795E-02
  667    2.248039E-02
  668    2.241313E-02
  669    2.234618E-02
  670    2.227952E-02
  671    2.226924E-02
  672    2.220302E-02
  673    2.213708E-02
  674    2.207144E-02
  675    2.200609E-02
  676    2.523962E-02
  677    2.516511E-02
  678    2.509094E-02
  679    2.501708E-02
  680    2.494356E-02
  681    2.297443E-02
  682    2.290711E-02
  683    2.284008E-02
  684    2.277335E-02
  685    2.270690E-02
  686    2.342474E-02
  687    2.335660E-02
  688    2.328875E-02
  689    2.322120E-02
  690    2.315394E-02
  691    1.965764E-02
  692    1.960086E-02
  693    1.954434E-02
  694    1.948805E-02
  695    1.943201E-02
  696    1.488981E-02
  697    1.484711E-02
  698    1.480460E-02
  699    1.476227E-02
  700    1.472012E-02
  701    1.013665E-02
  702    1.010779E-02
  703    1.007905E-02
  704    1.005044E-02
  705    1.002195E-02
  706    4.517063E-03
  707    4.504294E-03
  708    4.491579E-03
  709    4.478918E-03
  710    4.466310E-03
  711    1.209154E-03
  712    1.205760E-03
  713    1.202380E-03
  714    1.199015E-03
  715    1.195663E-03
  716   -1.063855E-03
  717   -1.060890E-03
  718   -1.057937E-03
  719   -1.054996E-03
  720   -1.052068E-03
  721   -2.449592E-03
  722   -2.442811E-03
  723   -2.436059E-03
  724   -2.429334E-03
  725   -2.422637E-03
  726   -3.098562E-03
  727   -3.090043E-03
  728   -3.081560E-03
  729   -3.073112E-03
  730   -3.064698E-03
  731   -3.197066E-03
  732   -3.188337E-03
  733   -3.179644E-03
  734   -3.170986E-03
  735   -3.162363E-03
  736   -3.301331E-03
  737   -3.292379E-03
  738   -3.283462E-03
  739   -3.274582E-03
  740   -3.265738E-03
  741   -2.891227E-03
  742   -2.883440E-03
  743   -2.875683E-03
  744   -2.867958E-03
  745   -2.860264E-03
  746   -2.365199E-03
  747   -2.358871E-03
  748   -2.352568E-03
  749   -2.346290E-03
  750   -2.340038E-03
  751   -1.564833E-03
  752   -1.560674E-03
  753   -1.556531E-03
  754   -1.552405E-03
  755   -1.548296E-03
  756   -7.636646E-04
  757   -7.616483E-04
  758   -7.596400E-04
  759   -7.576397E-04
  760   -7.556472E-04
  761   -2.878166E-04
  762   -2.870617E-04
  763   -2.863097E-04
  764   -2.855607E-04
  765   -2.848146E-04
  766    7.339973E-05
  767    7.320846E-05
  768    7.301794E-05
  769    7.282816E-05
  770    7.263912E-05
  771    2.647100E-04
  772    2.640247E-04
  773    2.633420E-04
  774    2.626620E-04
  775    2.619846E-04
  776    3.445137E-04
  777    3.436275E-04
  778    3.427447E-04
  779    3.418653E-04
  780    3.409893E-04
  781    3.682343E-04
  782    3.672931E-04
  783    3.663556E-04
  784    3.654216E-04
  785    3.644912E-04
  786    3.463541E-04
  787    3.454744E-04
  788    3.445981E-04
  789    3.437252E-04
  790    3.428556E-04
  791    2.845554E-04
  792    2.838373E-04
  793    2.831218E-04
  794    2.824091E-04
  795    2.816991E-04
  796    2.132368E-04
  797    2.127020E-04
  798    2.121693E-04
  799    2.116385E-04
  800    2.111098E-04
  801    1.200734E-04
  802    1.197742E-04
  803    1.194761E-04
  804    1.191790E-04
  805    1.188831E-04
  806    4.198963E-05
  807    4.188563E-05
  808    4.178201E-05
  809    4.167879E-05
  810    4.157594E-05
  811   -2.169088E-05
  812   -2.163749E-05
  813   -2.158429E-05
  814   -2.153129E-05
  815   -2.147849E-05
  816   -6.735971E-05
  817   -6.719492E-05
  818   -6.703073E-05
  819   -6.686714E-05
  820   -6.670415E-05
  821   -9.940019E-05
  822   -9.915849E-05
  823   -9.891767E-05
  824   -9.867772E-05
  825   -9.843865E-05
  826   -1.162488E-04
  827   -1.159679E-04
  828   -1.156879E-04
  829   -1.154090E-04
  830   -1.151311E-04
  831   -1.230518E-04
  832   -1.227562E-04
  833   -1.224617E-04
  834   -1.221682E-04
  835   -1.218757E-04
  836   -1.142432E-04
  837   -1.139704E-04
  838   -1.136985E-04
  839   -1.134277E-04
  840   -1.131578E-04
  841   -1.024865E-04
  842   -1.022432E-04
  843   -1.020008E-04
  844   -1.017592E-04
  845   -1.015185E-04
  846   -9.208289E-05
  847   -9.186558E-05
  848   -9.164905E-05
  849   -9.143327E-05
  850   -9.121826E-05
  851   -6.859220E-05
  852   -6.843128E-05
  853   -6.827093E-05
  854   -6.811113E-05
  855   -6.795190E-05
  856   -5.517944E-05
  857   -5.505074E-05
  858   -5.492250E-05
  859   -5.479469E-05
  860   -5.466734E-05
  861   -4.167365E-05
  862   -4.157702E-05
  863   -4.148072E-05
  864   -4.138475E-05
  865   -4.128912E-05
  866   -3.729194E-05
  867   -3.720597E-05
  868   -3.712029E-05
  869   -3.703491E-05
  870   -3.694982E-05
  871   -3.286146E-05
  872   -3.278613E-05
  873   -3.271107E-05
  874   -3.263625E-05
  875   -3.256170E-05
  876   -2.994060E-05
  877   -2.987236E-05
  878   -2.980435E-05
  879   -2.973657E-05
  880   -2.966903E-05
  881   -3.089048E-05
  882   -3.082047E-05
  883   -3.075070E-05
  884   -3.068117E-05
  885   -3.061187E-05
  886   -3.054193E-05
  887   -3.047311E-05
  888   -3.040451E-05
  889   -3.033615E-05
  890   -3.026801E-05
  891   -3.170021E-05
  892   -3.162918E-05
  893   -3.155838E-05
  894   -3.148782E-05
  895   -3.141749E-05
  896   -3.069247E-05
  897   -3.062407E-05
  898   -3.055590E-05
  899   -3.048796E-05
  900   -3.042025E-05
  901   -2.891834E-05
  902   -2.885425E-05
  903   -2.879038E-05
  904   -2.872672E-05
  905   -2.866327E-05
  906   -2.949626E-05
  907   -2.943125E-05
  908   -2.936646E-05
  909   -2.930188E-05
  910   -2.923752E-05
  911   -2.776076E-05
  912   -2.769992E-05
  913   -2.763927E-05
  914   -2.757882E-05
  915   -2.751858E-05
  916   -3.046866E-05
  917   -3.040224E-05
  918   -3.033604E-05
  919   -3.027006E-05
  920   -3.020429E-05
  921   -2.998602E-05
  922   -2.992101E-05
  923   -2.985621E-05
  924   -2.979163E-05
  925   -2.972725E-05
  926   -3.177521E-05
  927   -3.170669E-05
  928   -3.163839E-05
  929   -3.157032E-05
  930   -3.150246E-05
  931   -3.440130E-05
  932   -3.432752E-05
  933   -3.425397E-05
  934   -3.418066E-05
  935   -3.410759E-05
  936   -3.146629E-05
  937   -3.139917E-05
  938   -3.133225E-05
  939   -3.126555E-05
  940   -3.119906E-05
  941   -3.268599E-05
  942   -3.261663E-05
  943   -3.254749E-05
  944   -3.247857E-05
  945   -3.240987E-05
  946   -2.991399E-05
  947   -2.985085E-05
  948   -2.978790E-05
  949   -2.972516E-05
  950   -2.966261E-05
  951   -2.865574E-05
  952   -2.859557E-05
  953   -2.853559E-05
  954   -2.847580E-05
  955   -2.841620E-05
  956   -2.681628E-05
  957   -2.676027E-05
  958   -2.670443E-05
  959   -2.664877E-05
  960   -2.659328E-05
  961   -2.490753E-05
  962   -2.485578E-05
  963   -2.480418E-05
  964   -2.475275E-05
  965   -2.470148E-05
  966   -2.663729E-05
  967   -2.658223E-05
  968   -2.652733E-05
  969   -2.647261E-05
  970   -2.641806E-05
  971   -2.456579E-05
  972   -2.451527E-05
  973   -2.446490E-05
  974   -2.441469E-05
  975   -2.436463E-05
  976   -2.670706E-05
  977   -2.665242E-05
  978   -2.659794E-05
  979   -2.654363E-05
  980   -2.648949E-05
  981   -2.622343E-05
  982   -2.617005E-05
  983   -2.611683E-05
  984   -2.606377E-05
  985   -2.601088E-05
  986   -2.553528E-05
  987   -2.548357E-05
  988   -2.543201E-05
  989   -2.538060E-05
  990   -2.532936E-05
  991   -2.643523E-05
  992   -2.638196E-05
  993   -2.632885E-05
  994   -2.627590E-05
  995   -2.622311E-05
  996   -2.504309E-05
  997   -2.499288E-05
  998   -2.494282E-05
  999   -2.489291E-05
 1000   -2.484315E-05
 1001   -2.497595E-05
 1002   -2.492612E-05
 1003   -2.487644E-05
 1004   -2.482691E-05
 1005   -2.477753E-05
 1006   -2.383460E-05
 1007   -2.378728E-05
 1008   -2.374011E-05
 1009   -2.369308E-05
 1010   -2.364618E-05
 1011   -2.354628E-05
 1012   -2.349976E-05
 1013   -2.345339E-05
 1014   -2.340715E-05
 1015   -2.336105E-05
 1016   -2.525759E-05
 1017   -2.520795E-05
 1018   -2.515845E-05
 1019   -2.510909E-05
 1020   -2.505988E-05
 1021   -2.369784E-05
 1022   -2.365149E-05
 1023   -2.360527E-05
 1024   -2.355919E-05
 1025   -2.351324E-05
 1026   -2.439605E-05
 1027   -2.434857E-05
 1028   -2.430122E-05
 1029   -2.425401E-05
 1030   -2.420694E-05
 1031   -2.441509E-05
 1032   -2.436780E-05
 1033   -2.432064E-05
 1034   -2.427362E-05
 1035   -2.422674E-05
 1036   -2.451109E-05
 1037   -2.446384E-05
 1038   -2.441672E-05
 1039   -2.436974E-05
 1040   -2.432290E-05
 1041   -2.511253E-05
 1042   -2.506435E-05
 1043   -2.501631E-05
 1044   -2.496841E-05
 1045   -2.492065E-05
 1046   -2.387037E-05
 1047   -2.382479E-05
 1048   -2.377935E-05
 1049   -2.373403E-05
 1050   -2.368884E-05
 1051   -2.364214E-05
 1052   -2.359721E-05
 1053   -2.355242E-05
 1054   -2.350775E-05
 1055   -2.346320E-05
 1056   -2.274127E-05
 1057   -2.269826E-05
 1058   -2.265537E-05
 1059   -2.261261E-05
 1060   -2.256996E-05
 1061   -2.280538E-05
 1062   -2.276246E-05
 1063   -2.271965E-05
 1064   -2.267696E-05
 1065   -2.263440E-05
 1066   -2.318194E-05
 1067   -2.313851E-05
 1068   -2.309520E-05
 1069   -2.305201E-05
 1070   -2.300894E-05
 1071   -2.327319E-05
 1072   -2.322979E-05
 1073   -2.318651E-05
 1074   -2.314336E-05
 1075   -2.310032E-05
 1076   -2.246495E-05
 1077   -2.242326E-05
 1078   -2.238167E-05
 1079   -2.234021E-05
 1080   -2.229885E-05
 1081   -2.380698E-05
 1082   -2.376299E-05
 1083   -2.371913E-05
 1084   -2.367539E-05
 1085   -2.363177E-05
 1086   -2.338963E-05
 1087   -2.334661E-05
 1088   -2.330371E-05
 1089   -2.326094E-05
 1090   -2.321827E-05
 1091   -2.289609E-05
 1092   -2.285417E-05
 1093   -2.281237E-05
 1094   -2.277069E-05
 1095   -2.272912E-05
 1096   -2.301654E-05
 1097   -2.297460E-05
 1098   -2.293277E-05
 1099   -2.289106E-05
 1100   -2.284945E-05
 1101   -2.294344E-05
 1102   -2.290182E-05
 1103   -2.286031E-05
 1104   -2.281892E-05
 1105   -2.277763E-05
 1106   -2.162938E-05
 1107   -2.159032E-05
 1108   -2.155136E-05
 1109   -2.151251E-05
 1110   -2.147377E-05
 1111   -2.180651E-05
 1112   -2.176730E-05
 1113   -2.172821E-05
 1114   -2.168922E-05
 1115   -2.165033E-05
 1116   -2.150649E-05
 1117   -2.146800E-05
 1118   -2.142962E-05
 1119   -2.139133E-05
 1120   -2.135315E-05
 1121   -2.272948E-05
 1122   -2.268899E-05
 1123   -2.264860E-05
 1124   -2.260831E-05
 1125   -2.256814E-05
 1126   -2.158432E-05
 1127   -2.154603E-05
 1128   -2.150784E-05
 1129   -2.146976E-05
 1130   -2.143178E-05
 1131   -2.226575E-05
 1132   -2.222643E-05
 1133   -2.218721E-05
 1134   -2.214809E-05
 1135   -2.210908E-05
 1136   -2.212979E-05
 1137   -2.209088E-05
 1138   -2.205208E-05
 1139   -2.201337E-05
 1140   -2.197477E-05
 1141   -2.207756E-05
 1142   -2.203891E-05
 1143   -2.200037E-05
 1144   -2.196192E-05
 1145   -2.192358E-05
 1146   -2.248677E-05
 1147   -2.244757E-05
 1148   -2.240848E-05
 1149   -2.236950E-05
 1150   -2.233061E-05
 1151   -2.088637E-05
 1152   -2.085012E-05
 1153   -2.081397E-05
 1154   -2.077791E-05
 1155   -2.074195E-05
 1156   -2.110213E-05
 1157   -2.106567E-05
 1158   -2.102930E-05
 1159   -2.099303E-05
 1160   -2.095685E-05
 1161   -2.048388E-05
 1162   -2.044864E-05
 1163   -2.041349E-05
 1164   -2.037843E-05
 1165   -2.034346E-05
 1166   -2.069158E-05
 1167   -2.065613E-05
 1168   -2.062078E-05
 1169   -2.058551E-05
 1170   -2.055034E-05
 1171   -2.164789E-05
 1172   -2.161097E-05
 1173   -2.157413E-05
 1174   -2.153740E-05
 1175   -2.150075E-05
 1176   -2.019132E-05
 1177   -2.015703E-05
 1178   -2.012282E-05
 1179   -2.008870E-05
 1180   -2.005466E-05
 1181   -2.138906E-05
 1182   -2.135288E-05
 1183   -2.131680E-05
 1184   -2.128081E-05
 1185   -2.124491E-05
 1186   -2.149060E-05
 1187   -2.145440E-05
 1188   -2.141830E-05
 1189   -2.138229E-05
 1190   -2.134637E-05
 1191   -2.066091E-05
 1192   -2.062626E-05
 1193   -2.059170E-05
 1194   -2.055722E-05
 1195   -2.052283E-05
 1196   -2.070465E-05
 1197   -2.067007E-05
 1198   -2.063558E-05
 1199   -2.060117E-05
 1200   -2.056685E-05
 1201   -1.962387E-05
 1202   -1.959123E-05
 1203   -1.955868E-05
 1204   -1.952620E-05
 1205   -1.949381E-05
 1206   -1.995931E-05
 1207   -1.992625E-05
 1208   -1.989328E-05
 1209   -1.986038E-05
 1210   -1.982757E-05
 1211   -1.907702E-05
 1212   -1.904555E-05
 1213   -1.901416E-05
 1214   -1.898285E-05
 1215   -1.895162E-05
 1216   -1.901353E-05
 1217   -1.898230E-05
 1218   -1.895114E-05
 1219   -1.892006E-05
 1220   -1.888906E-05
 1221   -1.965513E-05
 1222   -1.962297E-05
 1223   -1.959090E-05
 1224   -1.955890E-05
 1225   -1.952698E-05
 1226   -1.856479E-05
 1227   -1.853454E-05
 1228   -1.850436E-05
 1229   -1.847426E-05
 1230   -1.844424E-05
 1231   -1.983536E-05
 1232   -1.980317E-05
 1233   -1.977107E-05
 1234   -1.973904E-05
 1235   -1.970708E-05
 1236   -1.887134E-05
 1237   -1.884084E-05
 1238   -1.881042E-05
 1239   -1.878007E-05
 1240   -1.874979E-05
 1241   -1.852975E-05
 1242   -1.849993E-05
 1243   -1.847017E-05
 1244   -1.844049E-05
 1245   -1.841088E-05
 1246   -1.850923E-05
 1247   -1.847956E-05
 1248   -1.844995E-05
 1249   -1.842042E-05
 1250   -1.839096E-05
 1251   -1.717249E-05
 1252   -1.714507E-05
 1253   -1.711771E-05
 1254   -1.709042E-05
 1255   -1.706320E-05
 1256   -1.761261E-05
 1257   -1.758459E-05
 1258   -1.755665E-05
 1259   -1.752877E-05
 1260   -1.750096E-05
 1261   -1.604105E-05
 1262   -1.601564E-05
 1263   -1.599029E-05
 1264   -1.596500E-05
 1265   -1.593977E-05
 1266   -1.645518E-05
 1267   -1.642922E-05
 1268   -1.640332E-05
 1269   -1.637747E-05
 1270   -1.635169E-05
 1271   -1.660424E-05
 1272   -1.657814E-05
 1273   -1.655211E-05
 1274   -1.652613E-05
 1275   -1.650022E-05
 1276   -1.592479E-05
 1277   -1.589986E-05
 1278   -1.587499E-05
 1279   -1.585017E-05
 1280   -1.582541E-05
 1281   -1.618554E-05
 1282   -1.616030E-05
 1283   -1.613511E-05
 1284   -1.610999E-05
 1285   -1.608493E-05
 1286   -1.580400E-05
 1287   -1.577945E-05
 1288   -1.575496E-05
 1289   -1.573052E-05
 1290   -1.570614E-05
 1291   -1.619721E-05
 1292   -1.617214E-05
 1293   -1.614714E-05
 1294   -1.612219E-05
 1295   -1.609730E-05
 1296   -1.530703E-05
 1297   -1.528343E-05
 1298   -1.525989E-05
 1299   -1.523641E-05
 1300   -1.521297E-05
 1301   -1.490829E-05
 1302   -1.488540E-05
 1303   -1.486256E-05
 1304   -1.483977E-05
 1305   -1.481704E-05
 1306   -1.437470E-05
 1307   -1.435271E-05
 1308   -1.433078E-05
 1309   -1.430889E-05
 1310   -1.428705E-05
 1311   -1.409805E-05
 1312   -1.407657E-05
 1313   -1.405513E-05
 1314   -1.403375E-05
 1315   -1.401241E-05
 1316   -1.421364E-05
 1317   -1.419206E-05
 1318   -1.417054E-05
 1319   -1.414906E-05
 1320   -1.412763E-05
 1321   -1.376053E-05
 1322   -1.373972E-05
 1323   -1.371895E-05
 1324   -1.369824E-05
 1325   -1.367757E-05
 1326   -1.378999E-05
 1327   -1.376922E-05
 1328   -1.374849E-05
 1329   -1.372781E-05
 1330   -1.370717E-05
 1331   -1.359599E-05
 1332   -1.357558E-05
 1333   -1.355522E-05
 1334   -1.353490E-05
 1335   -1.351464E-05
 1336   -1.351577E-05
 1337   -1.349556E-05
 1338   -1.347539E-05
 1339   -1.345527E-05
 1340   -1.343520E-05
 1341   -1.339011E-05
 1342   -1.337016E-05
 1343   -1.335026E-05
 1344   -1.333040E-05
 1345   -1.331058E-05
 1346   -1.266702E-05
 1347   -1.264822E-05
 1348   -1.262946E-05
 1349   -1.261074E-05
 1350   -1.259206E-05
 1351   -1.224292E-05
 1352   -1.222481E-05
 1353   -1.220675E-05
 1354   -1.218872E-05
 1355   -1.217074E-05
 1356   -1.172426E-05
 1357   -1.170699E-05
 1358   -1.168975E-05
 1359   -1.167255E-05
 1360   -1.165539E-05
 1361   -1.123398E-05
 1362   -1.121749E-05
 1363   -1.120104E-05
 1364   -1.118462E-05
 1365   -1.116824E-05
 1366   -1.094611E-05
 1367   -1.093010E-05
 1368   -1.091412E-05
 1369   -1.089819E-05
 1370   -1.088228E-05
 1371   -1.082180E-05
 1372   -1.080604E-05
 1373   -1.079030E-05
 1374   -1.077460E-05
 1375   -1.075893E-05
 1376   -1.118901E-05
 1377   -1.117277E-05
 1378   -1.115656E-05
 1379   -1.114038E-05
 1380   -1.112424E-05
 1381   -1.065123E-05
 1382   -1.063583E-05
 1383   -1.062045E-05
 1384   -1.060511E-05
 1385   -1.058980E-05
 1386   -1.073281E-05
 1387   -1.071734E-05
 1388   -1.070191E-05
 1389   -1.068650E-05
 1390   -1.067113E-05
 1391   -1.005007E-05
 1392   -1.003563E-05
 1393   -1.002123E-05
 1394   -1.000686E-05
 1395   -9.992516E-06
 1396   -1.007932E-05
 1397   -1.006490E-05
 1398   -1.005050E-05
 1399   -1.003614E-05
 1400   -1.002181E-05
 1401   -9.661497E-06
 1402   -9.647720E-06
 1403   -9.633972E-06
 1404   -9.620253E-06
 1405   -9.606563E-06
 1406   -8.997546E-06
 1407   -8.984761E-06
 1408   -8.972003E-06
 1409   -8.959272E-06
 1410   -8.946569E-06
 1411   -8.827295E-06
 1412   -8.814796E-06
 1413   -8.802324E-06
 1414   -8.789878E-06
 1415   -8.777458E-06
 1416   -8.484860E-06
 1417   -8.472889E-06
 1418   -8.460942E-06
 1419   -8.449021E-06
 1420   -8.437126E-06
 1421   -8.458240E-06
 1422   -8.446348E-06
 1423   -8.434481E-06
 1424   -8.422639E-06
 1425   -8.410822E-06
 1426   -8.623854E-06
 1427   -8.611772E-06
 1428   -8.599715E-06
 1429   -8.587683E-06
 1430   -8.575676E-06
 1431   -8.333969E-06
 1432   -8.322334E-06
 1433   -8.310722E-06
 1434   -8.299135E-06
 1435   -8.287573E-06
 1436   -8.309597E-06
 1437   -8.298036E-06
 1438   -8.286499E-06
 1439   -8.274986E-06
 1440   -8.263497E-06
 1441   -7.920420E-06
 1442   -7.909439E-06
 1443   -7.898480E-06
 1444   -7.887544E-06
 1445   -7.876631E-06
 1446   -7.550863E-06
 1447   -7.540430E-06
 1448   -7.530018E-06
 1449   -7.519629E-06
 1450   -7.509260E-06
 1451   -7.066645E-06
 1452   -7.056915E-06
 1453   -7.047205E-06
 1454   -7.037514E-06
 1455   -7.027844E-06
 1456   -6.461520E-06
 1457   -6.452653E-06
 1458   -6.443805E-06
 1459   -6.434974E-06
 1460   -6.426162E-06
 1461   -6.590028E-06
 1462   -6.581016E-06
 1463   -6.572022E-06
 1464   -6.563047E-06
 1465   -6.554090E-06
 1466   -6.121467E-06
 1467   -6.113124E-06
 1468   -6.104799E-06
 1469   -6.096490E-06
 1470   -6.088198E-06
 1471   -6.182133E-06
 1472   -6.173736E-06
 1473   -6.165356E-06
 1474   -6.156994E-06
 1475   -6.148648E-06
 1476   -5.876092E-06
 1477   -5.868138E-06
 1478   -5.860200E-06
 1479   -5.852279E-06
 1480   -5.844373E-06
 1481   -5.889890E-06
 1482   -5.881944E-06
 1483   -5.874014E-06
 1484   -5.866100E-06
 1485   -5.858202E-06
 1486   -5.923905E-06
 1487   -5.915940E-06
 1488   -5.907991E-06
 1489   -5.900058E-06
 1490   -5.892142E-06
 1491   -5.560062E-06
 1492   -5.552611E-06
 1493   -5.545175E-06
 1494   -5.537755E-06
 1495   -5.530349E-06
 1496   -5.308470E-06
 1497   -5.301380E-06
 1498   -5.294305E-06
 1499   -5.287243E-06
 1500   -5.280196E-06
 1501   -4.959792E-06
 1502   -4.953190E-06
 1503   -4.946601E-06
 1504   -4.940025E-06
 1505   -4.933462E-06
 1506   -4.696032E-06
 1507   -4.689802E-06
 1508   -4.683584E-06
 1509   -4.677379E-06
 1510   -4.671186E-06
 1511   -4.554303E-06
 1512   -4.548281E-06
 1513   -4.542271E-06
 1514   -4.536273E-06
 1515   -4.530286E-06
 1516   -4.281795E-06
 1517   -4.276151E-06
 1518   -4.270519E-06
 1519   -4.264898E-06
 1520   -4.259288E-06
 1521   -4.270112E-06
 1522   -4.264502E-06
 1523   -4.258904E-06
 1524   -4.253317E-06
 1525   -4.247740E-06
 1526   -4.344208E-06
 1527   -4.338520E-06
 1528   -4.332843E-06
 1529   -4.327177E-06
 1530   -4.321523E-06
 1531   -4.195316E-06
 1532   -4.189841E-06
 1533   -4.184376E-06
 1534   -4.178923E-06
 1535   -4.173480E-06
 1536   -4.040260E-06
 1537   -4.035004E-06
 1538   -4.029759E-06
 1539   -4.024524E-06
 1540   -4.019299E-06
 1541   -3.736075E-06
 1542   -3.731231E-06
 1543   -3.726396E-06
 1544   -3.721571E-06
 1545   -3.716755E-06
 1546   -3.721241E-06
 1547   -3.716431E-06
 1548   -3.711631E-06
 1549   -3.706840E-06
 1550   -3.702059E-06
 1551   -3.306111E-06
 1552   -3.301852E-06
 1553   -3.297601E-06
 1554   -3.293358E-06
 1555   -3.289124E-06
 1556   -3.145329E-06
 1557   -3.141290E-06
 1558   -3.137258E-06
 1559   -3.133235E-06
 1560   -3.129219E-06
 1561   -2.928700E-06
 1562   -2.924951E-06
 1563   -2.921210E-06
 1564   -2.917475E-06
 1565   -2.913748E-06
 1566   -2.793111E-06
 1567   -2.789547E-06
 1568   -2.785991E-06
 1569   -2.782440E-06
 1570   -2.778897E-06
 1571   -2.744451E-06
 1572   -2.740960E-06
 1573   -2.737477E-06
 1574   -2.733999E-06
 1575   -2.730529E-06
 1576   -2.715830E-06
 1577   -2.712387E-06
 1578   -2.708950E-06
 1579   -2.705520E-06
 1580   -2.702097E-06
 1581   -2.644699E-06
 1582   -2.641357E-06
 1583   -2.638021E-06
 1584   -2.634691E-06
 1585   -2.631367E-06
 1586   -2.616973E-06
 1587   -2.613676E-06
 1588   -2.610385E-06
 1589   -2.607100E-06
 1590   -2.603822E-06
 1591   -2.481730E-06
 1592   -2.478613E-06
 1593   -2.475502E-06
 1594   -2.472397E-06
 1595   -2.469298E-06
 1596   -2.344106E-06
 1597   -2.341171E-06
 1598   -2.338242E-06
 1599   -2.335318E-06
 1600   -2.332400E-06
 1601   -2.170500E-06
 1602   -2.167791E-06
 1603   -2.165087E-06
 1604   -2.162388E-06
 1605   -2.159694E-06
 1606   -2.023394E-06
 1607   -2.020877E-06
 1608   -2.018364E-06
 1609   -2.015856E-06
 1610   -2.013353E-06
 1611   -1.967841E-06
 1612   -1.965401E-06
 1613   -1.962964E-06
 1614   -1.960533E-06
 1615   -1.958106E-06
 1616   -1.864372E-06
 1617   -1.862067E-06
 1618   -1.859766E-06
 1619   -1.857469E-06
 1620   -1.855177E-06
 1621   -1.829562E-06
 1622   -1.827306E-06
 1623   -1.825055E-06
 1624   -1.822808E-06
 1625   -1.820566E-06
 1626   -1.767282E-06
 1627   -1.765110E-06
 1628   -1.762943E-06
 1629   -1.760779E-06
 1630   -1.758619E-06
 1631   -1.781300E-06
 1632   -1.779117E-06
 1633   -1.776939E-06
 1634   -1.774765E-06
 1635   -1.772594E-06
 1636   -1.690989E-06
 1637   -1.688923E-06
 1638   -1.686862E-06
 1639   -1.684804E-06
 1640   -1.682750E-06
 1641   -1.636154E-06
 1642   -1.634162E-06
 1643   -1.632173E-06
 1644   -1.630188E-06
 1645   -1.628207E-06
 1646   -1.494634E-06
 1647   -1.492820E-06
 1648   -1.491009E-06
 1649   -1.489201E-06
 1650   -1.487397E-06
 1651   -1.398890E-06
 1652   -1.397197E-06
 1653   -1.395507E-06
 1654   -1.393820E-06
 1655   -1.392136E-06
 1656   -1.266567E-06
 1657   -1.265039E-06
 1658   -1.263514E-06
 1659   -1.261991E-06
 1660   -1.260471E-06
 1661   -1.158253E-06
 1662   -1.156860E-06
 1663   -1.155469E-06
 1664   -1.154080E-06
 1665   -1.152695E-06
 1666   -1.145913E-06
 1667   -1.144539E-06
 1668   -1.143167E-06
 1669   -1.141797E-06
 1670   -1.140430E-06
 1671   -1.107098E-06
 1672   -1.105774E-06
 1673   -1.104453E-06
 1674   -1.103134E-06
 1675   -1.101817E-06
 1676   -1.107151E-06
 1677   -1.105831E-06
 1678   -1.104513E-06
 1679   -1.103198E-06
 1680   -1.101885E-06
 1681   -1.068089E-06
 1682   -1.066820E-06
 1683   -1.065552E-06
 1684   -1.064287E-06
 1685   -1.063024E-06
 1686   -1.041636E-06
 1687   -1.040402E-06
 1688   -1.039169E-06
 1689   -1.037939E-06
 1690   -1.036711E-06
 1691   -1.005684E-06
 1692   -1.004496E-06
 1693   -1.003310E-06
 1694   -1.002125E-06
 1695   -1.000943E-06
 1696   -9.536910E-07
 1697   -9.525674E-07
 1698   -9.514457E-07
 1699   -9.503261E-07
 1700   -9.492084E-07
 1701   -9.022819E-07
 1702   -9.012220E-07
 1703   -9.001639E-07
 1704   -8.991077E-07
 1705   -8.980533E-07
 1706   -8.393731E-07
 1707   -8.383899E-07
 1708   -8.374085E-07
 1709   -8.364288E-07
 1710   -8.354508E-07
 1711   -7.978196E-07
 1712   -7.968878E-07
 1713   -7.959577E-07
 1714   -7.950292E-07
 1715   -7.941023E-07
 1716   -7.876902E-07
 1717   -7.867729E-07
 1718   -7.858573E-07
 1719   -7.849432E-07
 1720   -7.840308E-07
 1721   -7.599911E-07
 1722   -7.591087E-07
 1723   -7.582278E-07
 1724   -7.573484E-07
 1725   -7.564706E-07
 1726   -7.793661E-07
 1727   -7.784638E-07
 1728   -7.775630E-07
 1729   -7.766639E-07
 1730   -7.757662E-07
 1731   -7.534679E-07
 1732   -7.525981E-07
 1733   -7.517298E-07
 1734   -7.508630E-07
 1735   -7.499977E-07
 1736   -7.568480E-07
 1737   -7.559768E-07
 1738   -7.551072E-07
 1739   -7.542390E-07
 1740   -7.533723E-07
 1741   -7.450163E-07
 1742   -7.441612E-07
 1743   -7.433076E-07
 1744   -7.424554E-07
 1745   -7.416047E-07
 1746   -7.116503E-07
 1747   -7.108358E-07
 1748   -7.100227E-07
 1749   -7.092110E-07
 1750   -7.084007E-07
 1751   -7.035453E-07
 1752   -7.027423E-07
 1753   -7.019408E-07
 1754   -7.011407E-07
 1755   -7.003419E-07
 1756   -6.754654E-07
 1757   -6.746967E-07
 1758   -6.739294E-07
 1759   -6.731633E-07
 1760   -6.723986E-07
 1761   -6.769479E-07
 1762   -6.761797E-07
 1763   -6.754129E-07
 1764   -6.746473E-07
 1765   -6.738831E-07
 1766   -6.522881E-07
 1767   -6.515500E-07
 1768   -6.508131E-07
 1769   -6.500775E-07
 1770   -6.493432E-07
 1771   -6.523808E-07
 1772   -6.516447E-07
 1773   -6.509099E-07
 1774   -6.501762E-07
 1775   -6.494438E-07
 1776   -6.664905E-07
 1777   -6.657406E-07
 1778   -6.649919E-07
 1779   -6.642445E-07
 1780   -6.634984E-07
 1781   -6.539301E-07
 1782   -6.531964E-07
 1783   -6.524639E-07
 1784   -6.517327E-07
 1785   -6.510027E-07
 1786   -6.630691E-07
 1787   -6.623272E-07
 1788   -6.615865E-07
 1789   -6.608471E-07
 1790   -6.601089E-07
 1791   -6.551288E-07
 1792   -6.543978E-07
 1793   -6.536681E-07
 1794   -6.529395E-07
 1795   -6.522122E-07
 1796   -6.667190E-07
 1797   -6.659771E-07
 1798   -6.652365E-07
 1799   -6.644972E-07
 1800   -6.637591E-07
 1801   -6.723638E-07
 1802   -6.716177E-07
 1803   -6.708729E-07
 1804   -6.701294E-07
 1805   -6.693871E-07
 1806   -6.666887E-07
 1807   -6.659510E-07
 1808   -6.652145E-07
 1809   -6.644792E-07
 1810   -6.637452E-07
 1811   -6.718228E-07
 1812   -6.710815E-07
 1813   -6.703414E-07
 1814   -6.696025E-07
 1815   -6.688649E-07
 1816   -6.642189E-07
 1817   -6.634880E-07
 1818   -6.627583E-07
 1819   -6.620298E-07
 1820   -6.613025E-07
 1821   -6.881266E-07
 1822   -6.873715E-07
 1823   -6.866176E-07
 1824   -6.858649E-07
 1825   -6.851135E-07
 1826   -6.789002E-07
 1827   -6.781572E-07
 1828   -6.774155E-07
 1829   -6.766749E-07
 1830   -6.759356E-07
 1831   -6.847009E-07
 1832   -6.839536E-07
 1833   -6.832076E-07
 1834   -6.824627E-07
 1835   -6.817191E-07
 1836   -6.995265E-07
 1837   -6.987652E-07
 1838   -6.980050E-07
 1839   -6.972461E-07
 1840   -6.964884E-07
 1841   -7.069486E-07
 1842   -7.061812E-07
 1843   -7.054151E-07
 1844   -7.046502E-07
 1845   -7.038866E-07
 1846   -7.296577E-07
 1847   -7.288678E-07
 1848   -7.280792E-07
 1849   -7.272919E-07
 1850   -7.265058E-07
 1851   -7.403016E-07
 1852   -7.395023E-07
 1853   -7.387044E-07
 1854   -7.379077E-07
 1855   -7.371124E-07
 1856   -7.567242E-07
 1857   -7.559094E-07
 1858   -7.550959E-07
 1859   -7.542838E-07
 1860   -7.534729E-07
 1861   -7.704130E-07
 1862   -7.695857E-07
 1863   -7.687597E-07
 1864   -7.679351E-07
 1865   -7.671118E-07
 1866   -7.774587E-07
 1867   -7.766261E-07
 1868   -7.757948E-07
 1869   -7.749649E-07
 1870   -7.741362E-07
 1871   -7.958877E-07
 1872   -7.950376E-07
 1873   -7.941889E-07
 1874   -7.933415E-07
 1875   -7.924955E-07
 1876   -7.820461E-07
 1877   -7.812130E-07
 1878   -7.803813E-07
 1879   -7.795509E-07
 1880   -7.787218E-07
 1881   -8.034655E-07
 1882   -8.026119E-07
 1883   -8.017597E-07
 1884   -8.009088E-07
 1885   -8.000592E-07
 1886   -8.034385E-07
 1887   -8.025872E-07
 1888   -8.017372E-07
 1889   -8.008886E-07
 1890   -8.000413E-07
 1891   -8.199063E-07
 1892   -8.190398E-07
 1893   -8.181747E-07
 1894   -8.173109E-07
 1895   -8.164486E-07
 1896   -8.598152E-07
 1897   -8.589090E-07
 1898   -8.580042E-07
 1899   -8.571008E-07
 1900   -8.561988E-07
 1901   -8.581358E-07
 1902   -8.572336E-07
 1903   -8.563329E-07
 1904   -8.554337E-07
 1905   -8.545358E-07
 1906   -8.912095E-07
 1907   -8.902751E-07
 1908   -8.893421E-07
 1909   -8.884107E-07
 1910   -8.874806E-07
 1911   -9.123987E-07
 1912   -9.114445E-07
 1913   -9.104919E-07
 1914   -9.095407E-07
 1915   -9.085911E-07
 1916   -9.123754E-07
 1917   -9.114238E-07
 1918   -9.104737E-07
 1919   -9.095250E-07
 1920   -9.085778E-07
 1921   -9.221677E-07
 1922   -9.212083E-07
 1923   -9.202505E-07
 1924   -9.192941E-07
 1925   -9.183393E-07
 1926   -9.237942E-07
 1927   -9.228356E-07
 1928   -9.218786E-07
 1929   -9.209230E-07
 1930   -9.199689E-07
 1931   -9.523470E-07
 1932   -9.513614E-07
 1933   -9.503773E-07
 1934   -9.493948E-07
 1935   -9.484138E-07
 1936   -9.456928E-07
 1937   -9.447166E-07
 1938   -9.437419E-07
 1939   -9.427687E-07
 1940   -9.417971E-07
 1941   -9.673146E-07
 1942   -9.663187E-07
 1943   -9.653243E-07
 1944   -9.643314E-07
 1945   -9.633401E-07
 1946   -9.929558E-07
 1947   -9.919360E-07
 1948   -9.909179E-07
 1949   -9.899013E-07
 1950   -9.888863E-07
 1951   -9.850763E-07
 1952   -9.840672E-07
 1953   -9.830597E-07
 1954   -9.820538E-07
 1955   -9.810494E-07
 1956   -1.046722E-06
 1957   -1.045652E-06
 1958   -1.044584E-06
 1959   -1.043518E-06
 1960   -1.042454E-06
 1961   -1.007452E-06
 1962   -1.006425E-06
 1963   -1.005400E-06
 1964   -1.004377E-06
 1965   -1.003355E-06
 1966   -1.048165E-06
 1967   -1.047099E-06
 1968   -1.046035E-06
 1969   -1.044973E-06
 1970   -1.043912E-06
 1971   -1.049931E-06
 1972   -1.048866E-06
 1973   -1.047803E-06
 1974   -1.046742E-06
 1975   -1.045682E-06
 1976   -1.046297E-06
 1977   -1.045239E-06
 1978   -1.044182E-06
 1979   -1.043127E-06
 1980   -1.042074E-06
 1981   -1.059751E-06
 1982   -1.058682E-06
 1983   -1.057615E-06
 1984   -1.056549E-06
 1985   -1.055485E-06
 1986   -1.056286E-06
 1987   -1.055223E-06
 1988   -1.054162E-06
 1989   -1.053102E-06
 1990   -1.052044E-06
 1991   -1.094755E-06
 1992   -1.093657E-06
 1993   -1.092559E-06
 1994   -1.091464E-06
 1995   -1.090370E-06
 1996   -1.089126E-06
 1997   -1.088035E-06
 1998   -1.086946E-06
 1999   -1.085859E-06
 2000   -1.084774E-06
 2001   -1.102491E-06
 2002   -1.101389E-06
 2003   -1.100290E-06
 2004   -1.099192E-06
 2005   -1.098096E-06
 2006   -1.125007E-06
 2007   -1.123886E-06
 2008   -1.122767E-06
 2009   -1.121650E-06
 2010   -1.120534E-06
 2011   -1.119955E-06
 2012   -1.118842E-06
 2013   -1.117731E-06
 2014   -1.116621E-06
 2015   -1.115513E-06
 2016   -1.148135E-06
 2017   -1.146997E-06
 2018   -1.145861E-06
 2019   -1.144726E-06
 2020   -1.143593E-06
 2021   -1.138594E-06
 2022   -1.137468E-06
 2023   -1.136344E-06
 2024   -1.135221E-06
 2025   -1.134100E-06
 2026   -1.127833E-06
 2027   -1.126720E-06
 2028   -1.125609E-06
 2029   -1.124500E-06
 2030   -1.123392E-06
 2031   -1.160886E-06
 2032   -1.159743E-06
 2033   -1.158603E-06
 2034   -1.157464E-06
 2035   -1.156326E-06
 2036   -1.136423E-06
 2037   -1.135307E-06
 2038   -1.134193E-06
 2039   -1.133081E-06
 2040   -1.131971E-06
 2041   -1.174064E-06
 2042   -1.172914E-06
 2043   -1.171766E-06
 2044   -1.170620E-06
 2045   -1.169475E-06
 2046   -1.143601E-06
 2047   -1.142484E-06
 2048   -1.141369E-06
 2049   -1.140255E-06
 2050   -1.139143E-06
 2051   -1.155088E-06
 2052   -1.153963E-06
 2053   -1.152839E-06
 2054   -1.151717E-06
 2055   -1.150596E-06
 2056   -1.167189E-06
 2057   -1.166054E-06
 2058   -1.164921E-06
 2059   -1.163790E-06
 2060   -1.162660E-06
 2061   -1.160318E-06
 2062   -1.159193E-06
 2063   -1.158069E-06
 2064   -1.156947E-06
 2065   -1.155827E-06
 2066   -1.169242E-06
 2067   -1.168111E-06
 2068   -1.166982E-06
 2069   -1.165854E-06
 2070   -1.164728E-06
 2071   -1.139225E-06
 2072   -1.138126E-06
 2073   -1.137028E-06
 2074   -1.135932E-06
 2075   -1.134837E-06
 2076   -1.171872E-06
 2077   -1.170744E-06
 2078   -1.169617E-06
 2079   -1.168492E-06
 2080   -1.167369E-06
 2081   -1.175192E-06
 2082   -1.174064E-06
 2083   -1.172937E-06
 2084   -1.171811E-06
 2085   -1.170687E-06
 2086   -1.194875E-06
 2087   -1.193731E-06
 2088   -1.192588E-06
 2089   -1.191446E-06
 2090   -1.190306E-06
 2091   -1.155155E-06
 2092   -1.154051E-06
 2093   -1.152948E-06
 2094   -1.151848E-06
 2095   -1.150748E-06
 2096   -1.173841E-06
 2097   -1.172722E-06
 2098   -1.171604E-06
 2099   -1.170488E-06
 2100   -1.169374E-06
 2101   -1.170854E-06
 2102   -1.169740E-06
 2103   -1.168628E-06
 2104   -1.167517E-06
 2105   -1.166408E-06
 2106   -1.152644E-06
 2107   -1.151550E-06
 2108   -1.150458E-06
 2109   -1.149367E-06
 2110   -1.148278E-06
 2111   -1.170438E-06
 2112   -1.169330E-06
 2113   -1.168223E-06
 2114   -1.167118E-06
 2115   -1.166015E-06
 2116   -1.167546E-06
 2117   -1.166444E-06
 2118   -1.165343E-06
 2119   -1.164243E-06
 2120   -1.163145E-06
 2121   -1.160953E-06
 2122   -1.159859E-06
 2123   -1.158766E-06
 2124   -1.157676E-06
 2125   -1.156586E-06
 2126   -1.152163E-06
 2127   -1.151080E-06
 2128   -1.149998E-06
 2129   -1.148918E-06
 2130   -1.147840E-06
 2131   -1.154526E-06
 2132   -1.153443E-06
 2133   -1.152362E-06
 2134   -1.151282E-06
 2135   -1.150204E-06
 2136   -1.173493E-06
 2137   -1.172395E-06
 2138   -1.171298E-06
 2139   -1.170203E-06
 2140   -1.169110E-06
 2141   -1.156255E-06
 2142   -1.155175E-06
 2143   -1.154097E-06
 2144   -1.153021E-06
 2145   -1.151946E-06
 2146   -1.145098E-06
 2147   -1.144032E-06
 2148   -1.142967E-06
 2149   -1.141903E-06
 2150   -1.140841E-06
 2151   -1.109690E-06
 2152   -1.108658E-06
 2153   -1.107629E-06
 2154   -1.106601E-06
 2155   -1.105574E-06
 2156   -1.108308E-06
 2157   -1.107280E-06
 2158   -1.106254E-06
 2159   -1.105230E-06
 2160   -1.104206E-06
 2161   -1.142910E-06
 2162   -1.141853E-06
 2163   -1.140797E-06
 2164   -1.139743E-06
 2165   -1.138691E-06
 2166   -1.105534E-06
 2167   -1.104514E-06
 2168   -1.103495E-06
 2169   -1.102478E-06
 2170   -1.101462E-06
 2171   -1.119735E-06
 2172   -1.118704E-06
 2173   -1.117675E-06
 2174   -1.116647E-06
 2175   -1.115620E-06
 2176   -1.092706E-06
 2177   -1.091703E-06
 2178   -1.090700E-06
 2179   -1.089700E-06
 2180   -1.088700E-06
 2181   -1.107435E-06
 2182   -1.106420E-06
 2183   -1.105406E-06
 2184   -1.104394E-06
 2185   -1.103384E-06
 2186   -1.108748E-06
 2187   -1.107734E-06
 2188   -1.106722E-06
 2189   -1.105711E-06
 2190   -1.104701E-06
 2191   -1.077045E-06
 2192   -1.076063E-06
 2193   -1.075082E-06
 2194   -1.074102E-06
 2195   -1.073123E-06
 2196   -1.085934E-06
 2197   -1.084945E-06
 2198   -1.083958E-06
 2199   -1.082973E-06
 2200   -1.081989E-06
 2201   -1.041537E-06
 2202   -1.040591E-06
 2203   -1.039647E-06
 2204   -1.038704E-06
 2205   -1.037762E-06
 2206   -1.050979E-06
 2207   -1.050027E-06
 2208   -1.049076E-06
 2209   -1.048126E-06
 2210   -1.047178E-06
 2211   -1.031195E-06
 2212   -1.030262E-06
 2213   -1.029332E-06
 2214   -1.028402E-06
 2215   -1.027474E-06
 2216   -1.013007E-06
 2217   -1.012093E-06
 2218   -1.011181E-06
 2219   -1.010269E-06
 2220   -1.009359E-06
 2221   -1.029069E-06
 2222   -1.028143E-06
 2223   -1.027218E-06
 2224   -1.026295E-06
 2225   -1.025372E-06
 2226   -1.000435E-06
 2227   -9.995366E-07
 2228   -9.986395E-07
 2229   -9.977437E-07
 2230   -9.968490E-07
 2231   -1.011030E-06
 2232   -1.010124E-06
 2233   -1.009220E-06
 2234   -1.008317E-06
 2235   -1.007414E-06
 2236   -9.998379E-07
 2237   -9.989442E-07
 2238   -9.980517E-07
 2239   -9.971604E-07
 2240   -9.962703E-07
 2241   -9.625559E-07
 2242   -9.616974E-07
 2243   -9.608401E-07
 2244   -9.599839E-07
 2245   -9.591289E-07
 2246   -9.914446E-07
 2247   -9.905624E-07
 2248   -9.896813E-07
 2249   -9.888014E-07
 2250   -9.879226E-07
 2251   -9.358889E-07
 2252   -9.350579E-07
 2253   -9.342280E-07
 2254   -9.333993E-07
 2255   -9.325716E-07
 2256   -9.323591E-07
 2257   -9.315331E-07
 2258   -9.307082E-07
 2259   -9.298843E-07
 2260   -9.290616E-07
 2261   -9.119240E-07
 2262   -9.111179E-07
 2263   -9.103128E-07
 2264   -9.095088E-07
 2265   -9.087059E-07
 2266   -9.068733E-07
 2267   -9.060734E-07
 2268   -9.052746E-07
 2269   -9.044768E-07
 2270   -9.036801E-07
 2271   -9.129376E-07
 2272   -9.121342E-07
 2273   -9.113317E-07
 2274   -9.105304E-07
 2275   -9.097301E-07
 2276   -8.813794E-07
 2277   -8.806054E-07
 2278   -8.798324E-07
 2279   -8.790605E-07
 2280   -8.782895E-07
 2281   -9.040295E-07
 2282   -9.032374E-07
 2283   -9.024463E-07
 2284   -9.016562E-07
 2285   -9.008672E-07
 2286   -8.836922E-07
 2287   -8.829196E-07
 2288   -8.821480E-07
 2289   -8.813774E-07
 2290   -8.806078E-07
 2291   -8.672693E-07
 2292   -8.665127E-07
 2293   -8.657570E-07
 2294   -8.650024E-07
 2295   -8.642487E-07
 2296   -8.459026E-07
 2297   -8.451662E-07
 2298   -8.444308E-07
 2299   -8.436963E-07
 2300   -8.429629E-07
 2301   -8.132145E-07
 2302   -8.125081E-07
 2303   -8.118026E-07
 2304   -8.110981E-07
 2305   -8.103945E-07
 2306   -8.242830E-07
 2307   -8.235686E-07
 2308   -8.228551E-07
 2309   -8.221425E-07
 2310   -8.214308E-07
 2311   -7.876916E-07
 2312   -7.870104E-07
 2313   -7.863300E-07
 2314   -7.856505E-07
 2315   -7.849719E-07
 2316   -7.856091E-07
 2317   -7.849312E-07
 2318   -7.842540E-07
 2319   -7.835778E-07
 2320   -7.829025E-07
 2321   -7.718657E-07
 2322   -7.712010E-07
 2323   -7.705372E-07
 2324   -7.698742E-07
 2325   -7.692121E-07
 2326   -7.695023E-07
 2327   -7.688410E-07
 2328   -7.681807E-07
 2329   -7.675211E-07
 2330   -7.668625E-07
 2331   -7.712678E-07
 2332   -7.706065E-07
 2333   -7.699460E-07
 2334   -7.692864E-07
 2335   -7.686276E-07
 2336   -7.439092E-07
 2337   -7.432727E-07
 2338   -7.426370E-07
 2339   -7.420021E-07
 2340   -7.413681E-07
 2341   -7.405346E-07
 2342   -7.399023E-07
 2343   -7.392709E-07
 2344   -7.386402E-07
 2345   -7.380104E-07
 2346   -7.184409E-07
 2347   -7.178288E-07
 2348   -7.172175E-07
 2349   -7.166070E-07
 2350   -7.159972E-07
 2351   -7.001213E-07
 2352   -6.995261E-07
 2353   -6.989316E-07
 2354   -6.983379E-07
 2355   -6.977450E-07
 2356   -6.673102E-07
 2357   -6.667441E-07
 2358   -6.661787E-07
 2359   -6.656140E-07
 2360   -6.650501E-07
 2361   -6.515828E-07
 2362   -6.510311E-07
 2363   -6.504802E-07
 2364   -6.499300E-07
 2365   -6.493805E-07
 2366   -6.553573E-07
 2367   -6.548036E-07
 2368   -6.542507E-07
 2369   -6.536985E-07
 2370   -6.531469E-07
 2371   -6.439999E-07
 2372   -6.434570E-07
 2373   -6.429148E-07
 2374   -6.423733E-07
 2375   -6.418324E-07
 2376   -6.425041E-07
 2377   -6.419636E-07
 2378   -6.414238E-07
 2379   -6.408846E-07
 2380   -6.403462E-07
 2381   -6.373894E-07
 2382   -6.368543E-07
 2383   -6.363199E-07
 2384   -6.357862E-07
 2385   -6.352532E-07
 2386   -6.213648E-07
 2387   -6.208442E-07
 2388   -6.203244E-07
 2389   -6.198052E-07
 2390   -6.192866E-07
 2391   -6.253927E-07
 2392   -6.248699E-07
 2393   -6.243478E-07
 2394   -6.238263E-07
 2395   -6.233054E-07
 2396   -5.868582E-07
 2397   -5.863686E-07
 2398   -5.858797E-07
 2399   -5.853913E-07
 2400   -5.849036E-07
 2401   -5.766259E-07
 2402   -5.761459E-07
 2403   -5.756665E-07
 2404   -5.751877E-07
 2405   -5.747095E-07
 2406   -5.511828E-07
 2407   -5.507250E-07
 2408   -5.502676E-07
 2409   -5.498109E-07
 2410   -5.493547E-07
 2411   -5.423243E-07
 2412   -5.418747E-07
 2413   -5.414256E-07
 2414   -5.409772E-07
 2415   -5.405292E-07
 2416   -5.377146E-07
 2417   -5.372697E-07
 2418   -5.368254E-07
 2419   -5.363817E-07
 2420   -5.359385E-07
 2421   -5.236658E-07
 2422   -5.232334E-07
 2423   -5.228016E-07
 2424   -5.223704E-07
 2425   -5.219396E-07
 2426   -5.273719E-07
 2427   -5.269374E-07
 2428   -5.265034E-07
 2429   -5.260700E-07
 2430   -5.256371E-07
 2431   -5.115033E-07
 2432   -5.110828E-07
 2433   -5.106627E-07
 2434   -5.102432E-07
 2435   -5.098242E-07
 2436   -5.106580E-07
 2437   -5.102390E-07
 2438   -5.098205E-07
 2439   -5.094025E-07
 2440   -5.089850E-07
 2441   -5.004140E-07
 2442   -5.000042E-07
 2443   -4.995950E-07
 2444   -4.991862E-07
 2445   -4.987780E-07
 2446   -4.754544E-07
 2447   -4.750659E-07
 2448   -4.746779E-07
 2449   -4.742903E-07
 2450   -4.739032E-07
 2451   -4.653443E-07
 2452   -4.649648E-07
 2453   -4.645858E-07
 2454   -4.642072E-07
 2455   -4.638291E-07
 2456   -4.493007E-07
 2457   -4.489350E-07
 2458   -4.485698E-07
 2459   -4.482050E-07
 2460   -4.478407E-07
 2461   -4.393159E-07
 2462   -4.389591E-07
 2463   -4.386027E-07
 2464   -4.382468E-07
 2465   -4.378913E-07
 2466   -4.278366E-07
 2467   -4.274898E-07
 2468   -4.271435E-07
 2469   -4.267975E-07
 2470   -4.264520E-07
 2471   -4.164505E-07
 2472   -4.161137E-07
 2473   -4.157772E-07
 2474   -4.154412E-07
 2475   -4.151055E-07
 2476   -4.181126E-07
 2477   -4.177751E-07
 2478   -4.174379E-07
 2479   -4.171012E-07
 2480   -4.167649E-07
 2481   -4.058951E-07
 2482   -4.055681E-07
 2483   -4.052414E-07
 2484   -4.049152E-07
 2485   -4.045894E-07
 2486   -4.084381E-07
 2487   -4.081098E-07
 2488   -4.077818E-07
 2489   -4.074542E-07
 2490   -4.071269E-07
 2491   -3.949946E-07
 2492   -3.946777E-07
 2493   -3.943611E-07
 2494   -3.940449E-07
 2495   -3.937291E-07
 2496   -3.797675E-07
 2497   -3.794633E-07
 2498   -3.791596E-07
 2499   -3.788562E-07
 2500   -3.785532E-07
 2501   -3.626566E-07
 2502   -3.623667E-07
 2503   -3.620772E-07
 2504   -3.617881E-07
 2505   -3.614993E-07
 2506   -3.417272E-07
 2507   -3.414547E-07
 2508   -3.411824E-07
 2509   -3.409105E-07
 2510   -3.406389E-07
 2511   -3.434350E-07
 2512   -3.431616E-07
 2513   -3.428885E-07
 2514   -3.426158E-07
 2515   -3.423434E-07
 2516   -3.301929E-07
 2517   -3.299306E-07
 2518   -3.296686E-07
 2519   -3.294069E-07
 2520   -3.291455E-07
 2521   -3.277342E-07
 2522   -3.274744E-07
 2523   -3.272148E-07
 2524   -3.269556E-07
 2525   -3.266967E-07
 2526   -3.204796E-07
 2527   -3.202260E-07
 2528   -3.199727E-07
 2529   -3.197198E-07
 2530   -3.194671E-07
 2531   -3.161128E-07
 2532   -3.158632E-07
 2533   -3.156138E-07
 2534   -3.153648E-07
 2535   -3.151160E-07
 2536   -3.146898E-07
 2537   -3.144418E-07
 2538   -3.141941E-07
 2539   -3.139466E-07
 2540   -3.136995E-07
 2541   -3.031064E-07
 2542   -3.028680E-07
 2543   -3.026298E-07
 2544   -3.023920E-07
 2545   -3.021544E-07
 2546   -2.935281E-07
 2547   -2.932977E-07
 2548   -2.930675E-07
 2549   -2.928376E-07
 2550   -2.926080E-07
 2551   -2.717134E-07
 2552   -2.715005E-07
 2553   -2.712878E-07
 2554   -2.710754E-07
 2555   -2.708633E-07
 2556   -2.636994E-07
 2557   -2.634931E-07
 2558   -2.632872E-07
 2559   -2.630814E-07
 2560   -2.628759E-07
 2561   -2.551284E-07
 2562   -2.549293E-07
 2563   -2.547304E-07
 2564   -2.545317E-07
 2565   -2.543333E-07
 2566   -2.481036E-07
 2567   -2.479103E-07
 2568   -2.477173E-07
 2569   -2.475245E-07
 2570   -2.473319E-07
 2571   -2.489119E-07
 2572   -2.487184E-07
 2573   -2.485251E-07
 2574   -2.483320E-07
 2575   -2.481392E-07
 2576   -2.391066E-07
 2577   -2.389211E-07
 2578   -2.387357E-07
 2579   -2.385506E-07
 2580   -2.383658E-07
 2581   -2.400754E-07
 2582   -2.398895E-07
 2583   -2.397038E-07
 2584   -2.395183E-07
 2585   -2.393330E-07
 2586   -2.348067E-07
 2587   -2.346252E-07
 2588   -2.344439E-07
 2589   -2.342628E-07
 2590   -2.340820E-07
 2591   -2.276762E-07
 2592   -2.275005E-07
 2593   -2.273251E-07
 2594   -2.271498E-07
 2595   -2.269748E-07
 2596   -2.195703E-07
 2597   -2.194012E-07
 2598   -2.192323E-07
 2599   -2.190637E-07
 2600   -2.188952E-07
 2601   -2.037044E-07
 2602   -2.035479E-07
 2603   -2.033915E-07
 2604   -2.032353E-07
 2605   -2.030793E-07
 2606   -1.996142E-07
 2607   -1.994611E-07
 2608   -1.993082E-07
 2609   -1.991554E-07
 2610   -1.990028E-07
 2611   -1.897457E-07
 2612   -1.896005E-07
 2613   -1.894554E-07
 2614   -1.893105E-07
 2615   -1.891657E-07
 2616   -1.889895E-07
 2617   -1.888450E-07
 2618   -1.887008E-07
 2619   -1.885567E-07
 2620   -1.884128E-07
 2621   -1.814430E-07
 2622   -1.813047E-07
 2623   -1.811664E-07
 2624   -1.810284E-07
 2625   -1.808905E-07
 2626   -1.805203E-07
 2627   -1.803829E-07
 2628   -1.802456E-07
 2629   -1.801085E-07
 2630   -1.799716E-07
 2631   -1.811652E-07
 2632   -1.810276E-07
 2633   -1.808901E-07
 2634   -1.807528E-07
 2635   -1.806156E-07
 2636   -1.741830E-07
 2637   -1.740509E-07
 2638   -1.739190E-07
 2639   -1.737872E-07
 2640   -1.736556E-07
 2641   -1.692937E-07
 2642   -1.691655E-07
 2643   -1.690375E-07
 2644   -1.689097E-07
 2645   -1.687820E-07
 2646   -1.611281E-07
 2647   -1.610064E-07
 2648   -1.608848E-07
 2649   -1.607634E-07
 2650   -1.606421E-07
 2651   -1.509550E-07
 2652   -1.508412E-07
 2653   -1.507275E-07
 2654   -1.506140E-07
 2655   -1.505005E-07
 2656   -1.469360E-07
 2657   -1.468254E-07
 2658   -1.467149E-07
 2659   -1.466046E-07
 2660   -1.464944E-07
 2661   -1.367994E-07
 2662   -1.366966E-07
 2663   -1.365940E-07
 2664   -1.364914E-07
 2665   -1.363890E-07
 2666   -1.373997E-07
 2667   -1.372967E-07
 2668   -1.371938E-07
 2669   -1.370910E-07
 2670   -1.369884E-07
 2671   -1.330946E-07
 2672   -1.329950E-07
 2673   -1.328955E-07
 2674   -1.327961E-07
 2675   -1.326968E-07
 2676   -1.294089E-07
 2677   -1.293123E-07
 2678   -1.292157E-07
 2679   -1.291193E-07
 2680   -1.290229E-07
 2681   -1.305097E-07
 2682   -1.304123E-07
 2683   -1.303152E-07
 2684   -1.302181E-07
 2685   -1.301211E-07
 2686   -1.260433E-07
 2687   -1.259495E-07
 2688   -1.258558E-07
 2689   -1.257622E-07
 2690   -1.256687E-07
 2691   -1.248266E-07
 2692   -1.247338E-07
 2693   -1.246412E-07
 2694   -1.245487E-07
 2695   -1.244563E-07
 2696   -1.156370E-07
 2697   -1.155513E-07
 2698   -1.154656E-07
 2699   -1.153801E-07
 2700   -1.152946E-07
 2701   -1.114053E-07
 2702   -1.113228E-07
 2703   -1.112405E-07
 2704   -1.111582E-07
 2705   -1.110760E-07
 2706   -1.067170E-07
 2707   -1.066381E-07
 2708   -1.065594E-07
 2709   -1.064807E-07
 2710   -1.064022E-07
 2711   -1.026942E-07
 2712   -1.026184E-07
 2713   -1.025428E-07
 2714   -1.024673E-07
 2715   -1.023918E-07
 2716   -1.023646E-07
 2717   -1.022893E-07
 2718   -1.022140E-07
 2719   -1.021389E-07
 2720   -1.020638E-07
 2721   -9.679628E-08
 2722   -9.672517E-08
 2723   -9.665414E-08
 2724   -9.658318E-08
 2725   -9.651231E-08
 2726   -9.745456E-08
 2727   -9.738310E-08
 2728   -9.731172E-08
 2729   -9.724041E-08
 2730   -9.716919E-08
 2731   -9.592631E-08
 2732   -9.585610E-08
 2733   -9.578597E-08
 2734   -9.571591E-08
 2735   -9.564593E-08
 2736   -9.182413E-08
 2737   -9.175705E-08
 2738   -9.169003E-08
 2739   -9.162309E-08
 2740   -9.155623E-08
 2741   -9.125801E-08
 2742   -9.119146E-08
 2743   -9.112498E-08
 2744   -9.105858E-08
 2745   -9.099225E-08
 2746   -8.471035E-08
 2747   -8.464868E-08
 2748   -8.458709E-08
 2749   -8.452556E-08
 2750   -8.446410E-08
 2751   -8.144223E-08
 2752   -8.138305E-08
 2753   -8.132394E-08
 2754   -8.126489E-08
 2755   -8.120591E-08
 2756   -7.725505E-08
 2757   -7.719902E-08
 2758   -7.714305E-08
 2759   -7.708714E-08
 2760   -7.703129E-08
 2761   -7.405541E-08
 2762   -7.400179E-08
 2763   -7.394824E-08
 2764   -7.389474E-08
 2765   -7.384130E-08
 2766   -7.262746E-08
 2767   -7.257497E-08
 2768   -7.252254E-08
 2769   -7.247017E-08
 2770   -7.241786E-08
 2771   -6.934545E-08
 2772   -6.929543E-08
 2773   -6.924546E-08
 2774   -6.919555E-08
 2775   -6.914568E-08
 2776   -7.036178E-08
 2777   -7.031112E-08
 2778   -7.026051E-08
 2779   -7.020995E-08
 2780   -7.015945E-08
 2781   -6.727849E-08
 2782   -6.723014E-08
 2783   -6.718183E-08
 2784   -6.713358E-08
 2785   -6.708537E-08
 2786   -6.670773E-08
 2787   -6.665986E-08
 2788   -6.661205E-08
 2789   -6.656429E-08
 2790   -6.651659E-08
 2791   -6.461421E-08
 2792   -6.456794E-08
 2793   -6.452171E-08
 2794   -6.447553E-08
 2795   -6.442940E-08
 2796   -6.104718E-08
 2797   -6.100354E-08
 2798   -6.095994E-08
 2799   -6.091639E-08
 2800   -6.087288E-08
 2801   -5.801662E-08
 2802   -5.797521E-08
 2803   -5.793385E-08
 2804   -5.789254E-08
 2805   -5.785127E-08
 2806   -5.391975E-08
 2807   -5.388134E-08
 2808   -5.384297E-08
 2809   -5.380464E-08
 2810   -5.376635E-08
 2811   -5.237194E-08
 2812   -5.233470E-08
 2813   -5.229750E-08
 2814   -5.226033E-08
 2815   -5.222321E-08
 2816   -5.158496E-08
 2817   -5.154835E-08
 2818   -5.151177E-08
 2819   -5.147523E-08
 2820   -5.143873E-08
 2821   -5.021329E-08
 2822   -5.017771E-08
 2823   -5.014217E-08
 2824   -5.010666E-08
 2825   -5.007120E-08
 2826   -4.945892E-08
 2827   -4.942394E-08
 2828   -4.938899E-08
 2829   -4.935408E-08
 2830   -4.931921E-08
 2831   -4.827866E-08
 2832   -4.824457E-08
 2833   -4.821052E-08
 2834   -4.817650E-08
 2835   -4.814252E-08
 2836   -4.775560E-08
 2837   -4.772194E-08
 2838   -4.768831E-08
 2839   -4.765472E-08
 2840   -4.762117E-08
 2841   -4.588729E-08
 2842   -4.585501E-08
 2843   -4.582276E-08
 2844   -4.579054E-08
 2845   -4.575835E-08
 2846   -4.375648E-08
 2847   -4.372575E-08
 2848   -4.369505E-08
 2849   -4.366438E-08
 2850   -4.363374E-08
 2851   -4.131869E-08
 2852   -4.128972E-08
 2853   -4.126078E-08
 2854   -4.123187E-08
 2855   -4.120299E-08
 2856   -3.925483E-08
 2857   -3.922735E-08
 2858   -3.919990E-08
 2859   -3.917249E-08
 2860   -3.914510E-08
 2861   -3.809076E-08
 2862   -3.806415E-08
 2863   -3.803756E-08
 2864   -3.801100E-08
 2865   -3.798447E-08
 2866   -3.689843E-08
 2867   -3.687270E-08
 2868   -3.684699E-08
 2869   -3.682131E-08
 2870   -3.679565E-08
 2871   -3.614017E-08
 2872   -3.611500E-08
 2873   -3.608987E-08
 2874   -3.606476E-08
 2875   -3.603967E-08
 2876   -3.501559E-08
 2877   -3.499126E-08
 2878   -3.496694E-08
 2879   -3.494266E-08
 2880   -3.491840E-08
 2881   -3.464406E-08
 2882   -3.462003E-08
 2883   -3.459601E-08
 2884   -3.457203E-08
 2885   -3.454806E-08
 2886   -3.402621E-08
 2887   -3.400264E-08
 2888   -3.397910E-08
 2889   -3.395558E-08
 2890   -3.393209E-08
 2891   -3.313941E-08
 2892   -3.311650E-08
 2893   -3.309360E-08
 2894   -3.307074E-08
 2895   -3.304790E-08
 2896   -3.221776E-08
 2897   -3.219552E-08
 2898   -3.217331E-08
 2899   -3.215111E-08
 2900   -3.212894E-08
 2901   -3.029171E-08
 2902   -3.027084E-08
 2903   -3.024999E-08
 2904   -3.022916E-08
 2905   -3.020835E-08
 2906   -2.931294E-08
 2907   -2.929278E-08
 2908   -2.927264E-08
 2909   -2.925251E-08
 2910   -2.923241E-08
 2911   -2.778955E-08
 2912   -2.777046E-08
 2913   -2.775140E-08
 2914   -2.773236E-08
 2915   -2.771333E-08
 2916   -2.718863E-08
 2917   -2.716999E-08
 2918   -2.715137E-08
 2919   -2.713277E-08
 2920   -2.711419E-08
 2921   -2.734109E-08
 2922   -2.732238E-08
 2923   -2.730369E-08
 2924   -2.728502E-08
 2925   -2.726636E-08
 2926   -2.627050E-08
 2927   -2.625256E-08
 2928   -2.623463E-08
 2929   -2.621672E-08
 2930   -2.619883E-08
 2931   -2.648901E-08
 2932   -2.647095E-08
 2933   -2.645290E-08
 2934   -2.643487E-08
 2935   -2.641686E-08
 2936   -2.577999E-08
 2937   -2.576244E-08
 2938   -2.574490E-08
 2939   -2.572739E-08
 2940   -2.570989E-08
 2941   -2.506762E-08
 2942   -2.505059E-08
 2943   -2.503356E-08
 2944   -2.501656E-08
 2945   -2.499957E-08
 2946   -2.484262E-08
 2947   -2.482576E-08
 2948   -2.480892E-08
 2949   -2.479210E-08
 2950   -2.477529E-08
 2951   -2.320571E-08
 2952   -2.318999E-08
 2953   -2.317428E-08
 2954   -2.315860E-08
 2955   -2.314292E-08
 2956   -2.293694E-08
 2957   -2.292143E-08
 2958   -2.290593E-08
 2959   -2.289045E-08
 2960   -2.287499E-08
 2961   -2.225479E-08
 2962   -2.223977E-08
 2963   -2.222476E-08
 2964   -2.220977E-08
 2965   -2.219479E-08
 2966   -2.201175E-08
 2967   -2.199691E-08
 2968   -2.198209E-08
 2969   -2.196729E-08
 2970   -2.195250E-08
 2971   -2.194041E-08
 2972   -2.192565E-08
 2973   -2.191091E-08
 2974   -2.189617E-08
 2975   -2.188146E-08
 2976   -2.104138E-08
 2977   -2.102725E-08
 2978   -2.101313E-08
 2979   -2.099902E-08
 2980   -2.098493E-08
 2981   -2.150265E-08
 2982   -2.148823E-08
 2983   -2.147383E-08
 2984   -2.145944E-08
 2985   -2.144506E-08
 2986   -2.094189E-08
 2987   -2.092787E-08
 2988   -2.091387E-08
 2989   -2.089987E-08
 2990   -2.088590E-08
 2991   -2.091172E-08
 2992   -2.089775E-08
 2993   -2.088378E-08
 2994   -2.086984E-08
 2995   -2.085590E-08
 2996   -2.030278E-08
 2997   -2.028924E-08
 2998   -2.027570E-08
 2999   -2.026218E-08
 3000   -2.024868E-08
 3001   -1.957634E-08
 3002   -1.956330E-08
 3003   -1.955028E-08
 3004   -1.953726E-08
 3005   -1.952426E-08
 3006   -1.962992E-08
 3007   -1.961687E-08
 3008   -1.960383E-08
 3009   -1.959080E-08
 3010   -1.957779E-08
 3011   -1.895787E-08
 3012   -1.894528E-08
 3013   -1.893271E-08
 3014   -1.892015E-08
 3015   -1.890760E-08
 3016   -1.870767E-08
 3017   -1.869527E-08
 3018   -1.868288E-08
 3019   -1.867051E-08
 3020   -1.865814E-08
 3021   -1.853992E-08
 3022   -1.852765E-08
 3023   -1.851539E-08
 3024   -1.850315E-08
 3025   -1.849092E-08
 3026   -1.815099E-08
 3027   -1.813900E-08
 3028   -1.812702E-08
 3029   -1.811506E-08
 3030   -1.810310E-08
 3031   -1.880446E-08
 3032   -1.879206E-08
 3033   -1.877967E-08
 3034   -1.876729E-08
 3035   -1.875493E-08
 3036   -1.862087E-08
 3037   -1.860861E-08
 3038   -1.859636E-08
 3039   -1.858413E-08
 3040   -1.857190E-08
 3041   -1.899793E-08
 3042   -1.898544E-08
 3043   -1.897296E-08
 3044   -1.896050E-08
 3045   -1.894805E-08
 3046   -1.902920E-08
 3047   -1.901671E-08
 3048   -1.900423E-08
 3049   -1.899177E-08
 3050   -1.897932E-08
 3051   -1.940828E-08
 3052   -1.939556E-08
 3053   -1.938286E-08
 3054   -1.937017E-08
 3055   -1.935749E-08
 3056   -1.969759E-08
 3057   -1.968470E-08
 3058   -1.967183E-08
 3059   -1.965897E-08
 3060   -1.964612E-08
 3061   -1.935908E-08
 3062   -1.934644E-08
 3063   -1.933381E-08
 3064   -1.932119E-08
 3065   -1.930858E-08
 3066   -1.967426E-08
 3067   -1.966143E-08
 3068   -1.964861E-08
 3069   -1.963581E-08
 3070   -1.962302E-08
 3071   -1.936753E-08
 3072   -1.935493E-08
 3073   -1.934233E-08
 3074   -1.932975E-08
 3075   -1.931718E-08
 3076   -1.923190E-08
 3077   -1.921941E-08
 3078   -1.920692E-08
 3079   -1.919445E-08
 3080   -1.918198E-08
 3081   -1.809221E-08
 3082   -1.808047E-08
 3083   -1.806874E-08
 3084   -1.805703E-08
 3085   -1.804532E-08
 3086   -1.682368E-08
 3087   -1.681278E-08
 3088   -1.680189E-08
 3089   -1.679101E-08
 3090   -1.678015E-08
 3091   -1.495131E-08
 3092   -1.494164E-08
 3093   -1.493198E-08
 3094   -1.492233E-08
 3095   -1.491269E-08
 3096   -1.196639E-08
 3097   -1.195866E-08
 3098   -1.195094E-08
 3099   -1.194323E-08
 3100   -1.193553E-08
 3101   -8.971392E-09
 3102   -8.965608E-09
 3103   -8.959831E-09
 3104   -8.954058E-09
 3105   -8.948292E-09
 3106   -5.977454E-09
 3107   -5.973607E-09
 3108   -5.969764E-09
 3109   -5.965924E-09
 3110   -5.962088E-09
 3111   -4.088319E-09
 3112   -4.085692E-09
 3113   -4.083067E-09
 3114   -4.080445E-09
 3115   -4.077826E-09
 3116   -2.728310E-09
 3117   -2.726560E-09
 3118   -2.724811E-09
 3119   -2.723064E-09
 3120   -2.721319E-09
 3121   -1.934477E-09
 3122   -1.933238E-09
 3123   -1.932000E-09
 3124   -1.930763E-09
 3125   -1.929528E-09
 3126   -1.501597E-09
 3127   -1.500637E-09
 3128   -1.499678E-09
 3129   -1.498719E-09
 3130   -1.497762E-09
 3131   -1.213639E-09
 3132   -1.212864E-09
 3133   -1.212090E-09
 3134   -1.211316E-09
 3135   -1.210544E-09
 3136   -1.068964E-09
 3137   -1.068282E-09
 3138   -1.067602E-09
 3139   -1.066921E-09
 3140   -1.066242E-09
 3141   -9.135810E-10
 3142   -9.129996E-10
 3143   -9.124187E-10
 3144   -9.118384E-10
 3145   -9.112586E-10
 3146   -7.999872E-10
 3147   -7.994788E-10
 3148   -7.989710E-10
 3149   -7.984636E-10
 3150   -7.979567E-10
 3151   -7.202150E-10
 3152   -7.197581E-10
 3153   -7.193016E-10
 3154   -7.188456E-10
 3155   -7.183899E-10
 3156   -6.250678E-10
 3157   -6.246719E-10
 3158   -6.242763E-10
 3159   -6.238812E-10
 3160   -6.234864E-10
 3161   -5.677172E-10
 3162   -5.673582E-10
 3163   -5.669995E-10
 3164   -5.666412E-10
 3165   -5.662831E-10
 3166   -5.190275E-10
 3167   -5.186998E-10
 3168   -5.183724E-10
 3169   -5.180453E-10
 3170   -5.177185E-10
 3171   -4.881291E-10
 3172   -4.878214E-10
 3173   -4.875139E-10
 3174   -4.872068E-10
 3175   -4.868999E-10
 3176   -4.570502E-10
 3177   -4.567625E-10
 3178   -4.564751E-10
 3179   -4.561880E-10
 3180   -4.559011E-10
 3181   -4.099789E-10
 3182   -4.097212E-10
 3183   -4.094638E-10
 3184   -4.092067E-10
 3185   -4.089497E-10
 3186   -3.856553E-10
 3187   -3.854133E-10
 3188   -3.851715E-10
 3189   -3.849300E-10
 3190   -3.846887E-10
 3191   -3.448526E-10
 3192   -3.446366E-10
 3193   -3.444207E-10
 3194   -3.442051E-10
 3195   -3.439897E-10
 3196   -3.284155E-10
 3197   -3.282101E-10
 3198   -3.280049E-10
 3199   -3.277998E-10
 3200   -3.275950E-10
 3201   -3.032147E-10
 3202   -3.030253E-10
 3203   -3.028361E-10
 3204   -3.026471E-10
 3205   -3.024583E-10
 3206   -2.793530E-10
 3207   -2.791788E-10
 3208   -2.790047E-10
 3209   -2.788309E-10
 3210   -2.786572E-10
 3211   -2.673498E-10
 3212   -2.671834E-10
 3213   -2.670171E-10
 3214   -2.668510E-10
 3215   -2.666850E-10
 3216   -2.467916E-10
 3217   -2.466382E-10
 3218   -2.464850E-10
 3219   -2.463318E-10
 3220   -2.461789E-10
 3221   -2.354593E-10
 3222   -2.353131E-10
 3223   -2.351671E-10
 3224   -2.350213E-10
 3225   -2.348755E-10
 3226   -2.224505E-10
 3227   -2.223127E-10
 3228   -2.221749E-10
 3229   -2.220374E-10
 3230   -2.218999E-10
 3231   -2.043245E-10
 3232   -2.041980E-10
 3233   -2.040717E-10
 3234   -2.039456E-10
 3235   -2.038195E-10
 3236   -2.000482E-10
 3237   -1.999246E-10
 3238   -1.998011E-10
 3239   -1.996778E-10
 3240   -1.995545E-10
 3241   -1.827018E-10
 3242   -1.825891E-10
 3243   -1.824765E-10
 3244   -1.823640E-10
 3245   -1.822516E-10
 3246   -1.775638E-10
 3247   -1.774544E-10
 3248   -1.773452E-10
 3249   -1.772360E-10
 3250   -1.771270E-10
 3251   -1.662956E-10
 3252   -1.661933E-10
 3253   -1.660912E-10
 3254   -1.659891E-10
 3255   -1.658871E-10
 3256   -1.556851E-10
 3257   -1.555895E-10
 3258   -1.554940E-10
 3259   -1.553986E-10
 3260   -1.553032E-10
 3261   -1.511364E-10
 3262   -1.510438E-10
 3263   -1.509512E-10
 3264   -1.508587E-10
 3265   -1.507663E-10
 3266   -1.378982E-10
 3267   -1.378138E-10
 3268   -1.377295E-10
 3269   -1.376452E-10
 3270   -1.375611E-10
 3271   -1.350604E-10
 3272   -1.349779E-10
 3273   -1.348954E-10
 3274   -1.348130E-10
 3275   -1.347307E-10
 3276   -1.259940E-10
 3277   -1.259171E-10
 3278   -1.258403E-10
 3279   -1.257635E-10
 3280   -1.256868E-10
 3281   -1.205293E-10
 3282   -1.204559E-10
 3283   -1.203825E-10
 3284   -1.203092E-10
 3285   -1.202359E-10
 3286   -1.150659E-10
 3287   -1.149959E-10
 3288   -1.149259E-10
 3289   -1.148561E-10
 3290   -1.147863E-10
 3291   -1.060198E-10
 3292   -1.059554E-10
 3293   -1.058910E-10
 3294   -1.058267E-10
 3295   -1.057625E-10
 3296   -1.044894E-10
 3297   -1.044261E-10
 3298   -1.043627E-10
 3299   -1.042995E-10
 3300   -1.042363E-10
