   50    1.193867E-11
   51    8.879505E-12
   52    8.541300E-12
   53    8.222055E-12
   54    7.920379E-12
   55    7.635007E-12
   56    4.013358E-12
   57    3.873784E-12
   58    3.741366E-12
   59    3.615624E-12
   60    3.496115E-12
   61    2.135060E-12
   62    2.066747E-12
   63    2.001660E-12
   64    1.939601E-12
   65    1.880383E-12
   66    5.368466E-12
   67    5.209418E-12
   68    5.057334E-12
   69    4.911815E-12
   70    4.772486E-12
   71    3.715113E-12
   72    3.612637E-12
   73    3.514343E-12
   74    3.420007E-12
   75    3.329419E-12
   76    5.688005E-12
   77    5.541230E-12
   78    5.400063E-12
   79    5.264223E-12
   80    5.133445E-12
   81    8.686358E-12
   82    8.475795E-12
   83    8.272797E-12
   84    8.077005E-12
   85    7.888082E-12
   86    6.872643E-12
   87    6.715565E-12
   88    6.563810E-12
   89    6.417142E-12
   90    6.275336E-12
   91    7.324103E-12
   92    7.165754E-12
   93    7.012484E-12
   94    6.864080E-12
   95    6.720338E-12
   96    5.172326E-12
   97    5.066233E-12
   98    4.963371E-12
   99    4.863609E-12
  100    4.766826E-12
  101    2.008305E-12
  102    1.969121E-12
  103    1.931072E-12
  104    1.894115E-12
  105    1.858210E-12
  106    1.549295E-12
  107    1.520472E-12
  108    1.492446E-12
  109    1.465188E-12
  110    1.438670E-12
  111    3.808628E-12
  112    3.740922E-12
  113    3.675005E-12
  114    3.610815E-12
  115    3.548292E-12
  116    5.494273E-12
  117    5.400757E-12
  118    5.309608E-12
  119    5.220748E-12
  120    5.134099E-12
  121    9.832565E-12
  122    9.672039E-12
  123    9.515412E-12
  124    9.362559E-12
  125    9.213359E-12
  126    1.303624E-11
  127    1.283176E-11
  128    1.263205E-11
  129    1.243697E-11
  130    1.224637E-11
  131    1.168442E-11
  132    1.150806E-11
  133    1.133565E-11
  134    1.116710E-11
  135    1.100228E-11
  136    8.714064E-12
  137    8.587317E-12
  138    8.463316E-12
  139    8.341981E-12
  140    8.223237E-12
  141    4.886048E-12
  142    4.817474E-12
  143    4.750333E-12
  144    4.684586E-12
  145    4.620195E-12
  146    4.336016E-12
  147    4.277224E-12
  148    4.219619E-12
  149    4.163171E-12
  150    4.107847E-12
  151    6.942251E-12
  152    6.851207E-12
  153    6.761943E-12
  154    6.674411E-12
  155    6.588568E-12
  156    7.433430E-12
  157    7.339039E-12
  158    7.246434E-12
  159    7.155572E-12
  160    7.066408E-12
  161    1.788444E-11
  162    1.766432E-11
  163    1.744825E-11
  164    1.723612E-11
  165    1.702783E-11
  166    1.507403E-11
  167    1.489405E-11
  168    1.471727E-11
  169    1.454361E-11
  170    1.437302E-11
  171    1.783617E-11
  172    1.762937E-11
  173    1.742616E-11
  174    1.722643E-11
  175    1.703012E-11
  176    2.453400E-11
  177    2.425756E-11
  178    2.398577E-11
  179    2.371853E-11
  180    2.345572E-11
  181    1.440937E-11
  182    1.425146E-11
  183    1.409614E-11
  184    1.394333E-11
  185    1.379300E-11
  186    1.658618E-11
  187    1.640927E-11
  188    1.623516E-11
  189    1.606382E-11
  190    1.589517E-11
  191    1.433232E-11
  192    1.418342E-11
  193    1.403682E-11
  194    1.389249E-11
  195    1.375037E-11
  196    1.592021E-11
  197    1.575899E-11
  198    1.560021E-11
  199    1.544382E-11
  200    1.528977E-11
  201    1.582918E-11
  202    1.567285E-11
  203    1.551882E-11
  204    1.536704E-11
  205    1.521749E-11
  206    7.164511E-12
  207    7.095456E-12
  208    7.027395E-12
  209    6.960309E-12
  210    6.894178E-12
  211    8.127872E-13
  212    8.051375E-13
  213    7.975953E-13
  214    7.901586E-13
  215    7.828254E-13
  216    0.000000E+00
  217    0.000000E+00
  218    0.000000E+00
  219    0.000000E+00
  220    0.000000E+00
  221    0.000000E+00
  222    0.000000E+00
  223    0.000000E+00
  224    0.000000E+00
  225    0.000000E+00
  226    4.351393E-13
  227    4.313139E-13
  228    4.275388E-13
  229    4.238130E-13
  230    4.201357E-13
  231    0.000000E+00
  232    0.000000E+00
  233    0.000000E+00
  234    0.000000E+00
  235    0.000000E+00
  236    0.000000E+00
  237    0.000000E+00
  238    0.000000E+00
  239    0.000000E+00
  240    0.000000E+00
  241    0.000000E+00
  242    0.000000E+00
  243    0.000000E+00
  244    0.000000E+00
  245    0.000000E+00
  246    1.760725E-11
  247    1.746497E-11
  248    1.732441E-11
  249    1.718554E-11
  250    1.704833E-11
  251    2.013240E-10
  252    1.997294E-10
  253    1.981536E-10
  254    1.965964E-10
  255    1.950575E-10
  256    2.990030E-10
  257    2.966807E-10
  258    2.943853E-10
  259    2.921164E-10
  260    2.898737E-10
  261    5.927763E-10
  262    5.882599E-10
  263    5.837950E-10
  264    5.793807E-10
  265    5.750163E-10
  266    5.332673E-10
  267    5.292802E-10
  268    5.253378E-10
  269    5.214392E-10
  270    5.175838E-10
  271    1.111426E-09
  272    1.103269E-09
  273    1.095201E-09
  274    1.087221E-09
  275    1.079329E-09
  276    2.393726E-09
  277    2.376474E-09
  278    2.359408E-09
  279    2.342525E-09
  280    2.325823E-09
  281    1.129416E-08
  282    1.121421E-08
  283    1.113509E-08
  284    1.105682E-08
  285    1.097936E-08
  286    2.081820E-08
  287    2.067338E-08
  288    2.053007E-08
  289    2.038824E-08
  290    2.024787E-08
  291    3.465151E-08
  292    3.441458E-08
  293    3.418007E-08
  294    3.394795E-08
  295    3.371818E-08
  296    5.113035E-08
  297    5.078662E-08
  298    5.044635E-08
  299    5.010948E-08
  300    4.977597E-08
  301    6.228511E-08
  302    6.187331E-08
  303    6.146558E-08
  304    6.106186E-08
  305    6.066212E-08
  306    9.954541E-08
  307    9.889796E-08
  308    9.825681E-08
  309    9.762187E-08
  310    9.699307E-08
  311    1.020870E-07
  312    1.014336E-07
  313    1.007865E-07
  314    1.001456E-07
  315    9.951074E-08
  316    1.391605E-07
  317    1.382839E-07
  318    1.374155E-07
  319    1.365554E-07
  320    1.357032E-07
  321    1.738171E-07
  322    1.727392E-07
  323    1.716712E-07
  324    1.706132E-07
  325    1.695649E-07
  326    1.703082E-07
  327    1.692682E-07
  328    1.682377E-07
  329    1.672165E-07
  330    1.662046E-07
  331    2.312118E-07
  332    2.298210E-07
  333    2.284428E-07
  334    2.270769E-07
  335    2.257233E-07
  336    2.195758E-07
  337    2.182746E-07
  338    2.169850E-07
  339    2.157067E-07
  340    2.144397E-07
  341    2.972929E-07
  342    2.955569E-07
  343    2.938361E-07
  344    2.921302E-07
  345    2.904392E-07
  346    3.149913E-07
  347    3.131784E-07
  348    3.113811E-07
  349    3.095993E-07
  350    3.078326E-07
  351    3.153442E-07
  352    3.135550E-07
  353    3.117810E-07
  354    3.100220E-07
  355    3.082779E-07
  356    4.029155E-07
  357    4.006615E-07
  358    3.984263E-07
  359    3.962097E-07
  360    3.940116E-07
  361    3.832617E-07
  362    3.811472E-07
  363    3.790501E-07
  364    3.769703E-07
  365    3.749075E-07
  366    4.567126E-07
  367    4.542271E-07
  368    4.517618E-07
  369    4.493166E-07
  370    4.468911E-07
  371    4.551674E-07
  372    4.527236E-07
  373    4.502994E-07
  374    4.478946E-07
  375    4.455090E-07
  376    5.128610E-07
  377    5.101439E-07
  378    5.074483E-07
  379    5.047740E-07
  380    5.021208E-07
  381    5.827302E-07
  382    5.796833E-07
  383    5.766602E-07
  384    5.736607E-07
  385    5.706845E-07
  386    5.539384E-07
  387    5.510794E-07
  388    5.482424E-07
  389    5.454273E-07
  390    5.426339E-07
  391    6.656140E-07
  392    6.622223E-07
  393    6.588565E-07
  394    6.555163E-07
  395    6.522014E-07
  396    6.447854E-07
  397    6.415412E-07
  398    6.383214E-07
  399    6.351258E-07
  400    6.319542E-07
  401    7.507123E-07
  402    7.469821E-07
  403    7.432795E-07
  404    7.396045E-07
  405    7.359567E-07
  406    7.884674E-07
  407    7.845977E-07
  408    7.807563E-07
  409    7.769431E-07
  410    7.731578E-07
  411    8.016908E-07
  412    7.978038E-07
  413    7.939450E-07
  414    7.901142E-07
  415    7.863110E-07
  416    8.682056E-07
  417    8.640466E-07
  418    8.599173E-07
  419    8.558176E-07
  420    8.517471E-07
  421    9.187354E-07
  422    9.143863E-07
  423    9.100681E-07
  424    9.057804E-07
  425    9.015229E-07
  426    1.008069E-06
  427    1.003353E-06
  428    9.986695E-07
  429    9.940192E-07
  430    9.894012E-07
  431    1.077066E-06
  432    1.072086E-06
  433    1.067140E-06
  434    1.062228E-06
  435    1.057349E-06
  436    1.154286E-06
  437    1.149010E-06
  438    1.143769E-06
  439    1.138564E-06
  440    1.133395E-06
  441    1.147874E-06
  442    1.142686E-06
  443    1.137533E-06
  444    1.132415E-06
  445    1.127331E-06
  446    1.242789E-06
  447    1.237235E-06
  448    1.231718E-06
  449    1.226237E-06
  450    1.220793E-06
  451    1.302544E-06
  452    1.296787E-06
  453    1.291068E-06
  454    1.285387E-06
  455    1.279743E-06
  456    1.407308E-06
  457    1.401155E-06
  458    1.395043E-06
  459    1.388972E-06
  460    1.382939E-06
  461    1.452046E-06
  462    1.445767E-06
  463    1.439528E-06
  464    1.433330E-06
  465    1.427172E-06
  466    1.376230E-06
  467    1.370342E-06
  468    1.364492E-06
  469    1.358680E-06
  470    1.352904E-06
  471    1.636606E-06
  472    1.629679E-06
  473    1.622795E-06
  474    1.615955E-06
  475    1.609158E-06
  476    1.606664E-06
  477    1.599935E-06
  478    1.593248E-06
  479    1.586602E-06
  480    1.579998E-06
  481    1.807605E-06
  482    1.800112E-06
  483    1.792666E-06
  484    1.785266E-06
  485    1.777912E-06
  486    1.757923E-06
  487    1.750711E-06
  488    1.743544E-06
  489    1.736420E-06
  490    1.729340E-06
  491    1.724148E-06
  492    1.717147E-06
  493    1.710188E-06
  494    1.703271E-06
  495    1.696396E-06
  496    1.982897E-06
  497    1.974925E-06
  498    1.967002E-06
  499    1.959126E-06
  500    1.951297E-06
  501    1.859095E-06
  502    1.851696E-06
  503    1.844340E-06
  504    1.837029E-06
  505    1.829761E-06
  506    2.123780E-06
  507    2.115411E-06
  508    2.107090E-06
  509    2.098819E-06
  510    2.090597E-06
  511    2.120640E-06
  512    2.112364E-06
  513    2.104137E-06
  514    2.095958E-06
  515    2.087826E-06
  516    2.180307E-06
  517    2.171881E-06
  518    2.163503E-06
  519    2.155174E-06
  520    2.146893E-06
  521    2.422466E-06
  522    2.413193E-06
  523    2.403974E-06
  524    2.394807E-06
  525    2.385693E-06
  526    2.158705E-06
  527    2.150521E-06
  528    2.142383E-06
  529    2.134290E-06
  530    2.126244E-06
  531    2.612371E-06
  532    2.602559E-06
  533    2.592803E-06
  534    2.583101E-06
  535    2.573454E-06
  536    2.508599E-06
  537    2.499265E-06
  538    2.489982E-06
  539    2.480752E-06
  540    2.471572E-06
  541    2.781059E-06
  542    2.770806E-06
  543    2.760610E-06
  544    2.750470E-06
  545    2.740386E-06
  546    2.788054E-06
  547    2.777870E-06
  548    2.767741E-06
  549    2.757667E-06
  550    2.747648E-06
  551    2.651249E-06
  552    2.641652E-06
  553    2.632106E-06
  554    2.622613E-06
  555    2.613171E-06
  556    3.088449E-06
  557    3.077369E-06
  558    3.066349E-06
  559    3.055388E-06
  560    3.044486E-06
  561    2.875070E-06
  562    2.864847E-06
  563    2.854679E-06
  564    2.844565E-06
  565    2.834505E-06
  566    3.238274E-06
  567    3.226861E-06
  568    3.215509E-06
  569    3.204217E-06
  570    3.192984E-06
  571    3.114955E-06
  572    3.104074E-06
  573    3.093249E-06
  574    3.082480E-06
  575    3.071768E-06
  576    3.399183E-06
  577    3.387411E-06
  578    3.375700E-06
  579    3.364050E-06
  580    3.352459E-06
  581    3.485400E-06
  582    3.473433E-06
  583    3.461527E-06
  584    3.449683E-06
  585    3.437899E-06
  586    3.456873E-06
  587    3.445105E-06
  588    3.433397E-06
  589    3.421749E-06
  590    3.410159E-06
  591    3.835182E-06
  592    3.822236E-06
  593    3.809356E-06
  594    3.796540E-06
  595    3.783790E-06
  596    3.784997E-06
  597    3.772327E-06
  598    3.759721E-06
  599    3.747178E-06
  600    3.734698E-06
  601    4.061736E-06
  602    4.048253E-06
  603    4.034837E-06
  604    4.021488E-06
  605    4.008205E-06
  606    4.003072E-06
  607    3.989893E-06
  608    3.976779E-06
  609    3.963730E-06
  610    3.950745E-06
  611    3.956363E-06
  612    3.943444E-06
  613    3.930588E-06
  614    3.917795E-06
  615    3.905065E-06
  616    4.583026E-06
  617    4.568182E-06
  618    4.553411E-06
  619    4.538710E-06
  620    4.524081E-06
  621    4.363271E-06
  622    4.349253E-06
  623    4.335302E-06
  624    4.321418E-06
  625    4.307600E-06
  626    4.807614E-06
  627    4.792291E-06
  628    4.777041E-06
  629    4.761864E-06
  630    4.746759E-06
  631    4.631316E-06
  632    4.616671E-06
  633    4.602096E-06
  634    4.587590E-06
  635    4.573152E-06
  636    4.819622E-06
  637    4.804502E-06
  638    4.789453E-06
  639    4.774474E-06
  640    4.759565E-06
  641    5.206119E-06
  642    5.189914E-06
  643    5.173783E-06
  644    5.157728E-06
  645    5.141748E-06
  646    4.857642E-06
  647    4.842637E-06
  648    4.827703E-06
  649    4.812837E-06
  650    4.798039E-06
  651    5.442629E-06
  652    5.425946E-06
  653    5.409341E-06
  654    5.392811E-06
  655    5.376357E-06
  656    5.344539E-06
  657    5.328282E-06
  658    5.312099E-06
  659    5.295989E-06
  660    5.279953E-06
  661    5.641256E-06
  662    5.624226E-06
  663    5.607272E-06
  664    5.590396E-06
  665    5.573595E-06
  666    5.892728E-06
  667    5.875072E-06
  668    5.857495E-06
  669    5.839997E-06
  670    5.822577E-06
  671    5.715077E-06
  672    5.698080E-06
  673    5.681159E-06
  674    5.664314E-06
  675    5.647543E-06
  676    6.576486E-06
  677    6.557072E-06
  678    6.537744E-06
  679    6.518501E-06
  680    6.499343E-06
  681    6.257541E-06
  682    6.239203E-06
  683    6.220947E-06
  684    6.202770E-06
  685    6.184673E-06
  686    6.991360E-06
  687    6.971021E-06
  688    6.950771E-06
  689    6.930609E-06
  690    6.910535E-06
  691    6.880164E-06
  692    6.860293E-06
  693    6.840509E-06
  694    6.820810E-06
  695    6.801195E-06
  696    6.794428E-06
  697    6.774946E-06
  698    6.755547E-06
  699    6.736232E-06
  700    6.716999E-06
  701    7.133935E-06
  702    7.113625E-06
  703    7.093402E-06
  704    7.073264E-06
  705    7.053213E-06
  706    6.425984E-06
  707    6.407819E-06
  708    6.389731E-06
  709    6.371719E-06
  710    6.353783E-06
  711    7.139092E-06
  712    7.119053E-06
  713    7.099098E-06
  714    7.079226E-06
  715    7.059438E-06
  716    7.267705E-06
  717    7.247446E-06
  718    7.227272E-06
  719    7.207183E-06
  720    7.187177E-06
  721    8.358688E-06
  722    8.335550E-06
  723    8.312508E-06
  724    8.289561E-06
  725    8.266709E-06
  726    9.241064E-06
  727    9.215659E-06
  728    9.190359E-06
  729    9.165163E-06
  730    9.140070E-06
  731    9.803964E-06
  732    9.777195E-06
  733    9.750536E-06
  734    9.723986E-06
  735    9.697544E-06
  736    1.122839E-05
  737    1.119794E-05
  738    1.116761E-05
  739    1.113741E-05
  740    1.110733E-05
  741    1.171880E-05
  742    1.168723E-05
  743    1.165579E-05
  744    1.162448E-05
  745    1.159330E-05
  746    1.285890E-05
  747    1.282450E-05
  748    1.279023E-05
  749    1.275610E-05
  750    1.272211E-05
  751    1.371236E-05
  752    1.367591E-05
  753    1.363961E-05
  754    1.360346E-05
  755    1.356745E-05
  756    1.373734E-05
  757    1.370107E-05
  758    1.366494E-05
  759    1.362896E-05
  760    1.359312E-05
  761    1.688335E-05
  762    1.683907E-05
  763    1.679496E-05
  764    1.675102E-05
  765    1.670726E-05
  766    1.664981E-05
  767    1.660642E-05
  768    1.656320E-05
  769    1.652015E-05
  770    1.647727E-05
  771    1.740777E-05
  772    1.736270E-05
  773    1.731780E-05
  774    1.727308E-05
  775    1.722854E-05
  776    1.695900E-05
  777    1.691538E-05
  778    1.687192E-05
  779    1.682863E-05
  780    1.678551E-05
  781    1.619563E-05
  782    1.615424E-05
  783    1.611300E-05
  784    1.607192E-05
  785    1.603100E-05
  786    1.436425E-05
  787    1.432776E-05
  788    1.429142E-05
  789    1.425522E-05
  790    1.421915E-05
  791    1.123052E-05
  792    1.120218E-05
  793    1.117394E-05
  794    1.114581E-05
  795    1.111779E-05
  796    7.276421E-06
  797    7.258173E-06
  798    7.239993E-06
  799    7.221882E-06
  800    7.203839E-06
  801    1.798506E-06
  802    1.794024E-06
  803    1.789559E-06
  804    1.785110E-06
  805    1.780677E-06
  806   -3.477877E-06
  807   -3.469263E-06
  808   -3.460681E-06
  809   -3.452131E-06
  810   -3.443613E-06
  811   -7.365533E-06
  812   -7.347403E-06
  813   -7.329339E-06
  814   -7.311342E-06
  815   -7.293411E-06
  816   -8.826493E-06
  817   -8.804899E-06
  818   -8.783384E-06
  819   -8.761948E-06
  820   -8.740590E-06
  821   -6.523490E-06
  822   -6.507628E-06
  823   -6.491823E-06
  824   -6.476075E-06
  825   -6.460385E-06
  826    2.364164E-06
  827    2.358450E-06
  828    2.352756E-06
  829    2.347084E-06
  830    2.341431E-06
  831    2.042597E-05
  832    2.037690E-05
  833    2.032800E-05
  834    2.027929E-05
  835    2.023074E-05
  836    4.637652E-05
  837    4.626577E-05
  838    4.615542E-05
  839    4.604546E-05
  840    4.593589E-05
  841    8.247998E-05
  842    8.228418E-05
  843    8.208908E-05
  844    8.189467E-05
  845    8.170095E-05
  846    1.380808E-04
  847    1.377549E-04
  848    1.374302E-04
  849    1.371067E-04
  850    1.367843E-04
  851    1.834901E-04
  852    1.830596E-04
  853    1.826307E-04
  854    1.822032E-04
  855    1.817773E-04
  856    2.426319E-04
  857    2.420660E-04
  858    2.415021E-04
  859    2.409401E-04
  860    2.403801E-04
  861    2.713642E-04
  862    2.707350E-04
  863    2.701079E-04
  864    2.694830E-04
  865    2.688603E-04
  866    3.200404E-04
  867    3.193025E-04
  868    3.185672E-04
  869    3.178345E-04
  870    3.171043E-04
  871    3.216976E-04
  872    3.209602E-04
  873    3.202253E-04
  874    3.194930E-04
  875    3.187631E-04
  876    2.686005E-04
  877    2.679883E-04
  878    2.673782E-04
  879    2.667702E-04
  880    2.661642E-04
  881    1.621795E-04
  882    1.618120E-04
  883    1.614457E-04
  884    1.610806E-04
  885    1.607168E-04
  886   -5.896211E-05
  887   -5.882924E-05
  888   -5.869681E-05
  889   -5.856483E-05
  890   -5.843330E-05
  891   -4.147183E-04
  892   -4.137890E-04
  893   -4.128628E-04
  894   -4.119396E-04
  895   -4.110196E-04
  896   -8.885030E-04
  897   -8.865230E-04
  898   -8.845497E-04
  899   -8.825829E-04
  900   -8.806227E-04
  901   -1.392212E-03
  902   -1.389127E-03
  903   -1.386052E-03
  904   -1.382987E-03
  905   -1.379932E-03
  906   -1.933642E-03
  907   -1.929380E-03
  908   -1.925133E-03
  909   -1.920900E-03
  910   -1.916680E-03
  911   -2.103603E-03
  912   -2.098992E-03
  913   -2.094397E-03
  914   -2.089816E-03
  915   -2.085251E-03
  916   -2.332269E-03
  917   -2.327185E-03
  918   -2.322118E-03
  919   -2.317067E-03
  920   -2.312033E-03
  921   -2.051812E-03
  922   -2.047364E-03
  923   -2.042930E-03
  924   -2.038510E-03
  925   -2.034105E-03
  926   -1.605129E-03
  927   -1.601667E-03
  928   -1.598217E-03
  929   -1.594779E-03
  930   -1.591351E-03
  931   -6.362173E-04
  932   -6.348528E-04
  933   -6.334926E-04
  934   -6.321368E-04
  935   -6.307854E-04
  936    1.192621E-03
  937    1.190077E-03
  938    1.187541E-03
  939    1.185013E-03
  940    1.182493E-03
  941    4.372423E-03
  942    4.363145E-03
  943    4.353896E-03
  944    4.344676E-03
  945    4.335486E-03
  946    8.454775E-03
  947    8.436928E-03
  948    8.419138E-03
  949    8.401404E-03
  950    8.383726E-03
  951    1.359648E-02
  952    1.356793E-02
  953    1.353947E-02
  954    1.351110E-02
  955    1.348282E-02
  956    1.786872E-02
  957    1.783140E-02
  958    1.779419E-02
  959    1.775710E-02
  960    1.772013E-02
  961    2.019072E-02
  962    2.014877E-02
  963    2.010695E-02
  964    2.006525E-02
  965    2.002369E-02
  966    2.381562E-02
  967    2.376639E-02
  968    2.371731E-02
  969    2.366838E-02
  970    2.361961E-02
  971    2.280075E-02
  972    2.275386E-02
  973    2.270712E-02
  974    2.266051E-02
  975    2.261405E-02
  976    2.483675E-02
  977    2.478594E-02
  978    2.473527E-02
  979    2.468477E-02
  980    2.463442E-02
  981    2.360125E-02
  982    2.355321E-02
  983    2.350531E-02
  984    2.345756E-02
  985    2.340996E-02
  986    2.127324E-02
  987    2.123016E-02
  988    2.118720E-02
  989    2.114438E-02
  990    2.110168E-02
  991    1.899733E-02
  992    1.895905E-02
  993    1.892088E-02
  994    1.888283E-02
  995    1.884490E-02
  996    1.383369E-02
  997    1.380596E-02
  998    1.377830E-02
  999    1.375073E-02
 1000    1.372325E-02
 1001    8.901363E-03
 1002    8.883605E-03
 1003    8.865900E-03
 1004    8.848247E-03
 1005    8.830648E-03
 1006    4.160111E-03
 1007    4.151853E-03
 1008    4.143619E-03
 1009    4.135410E-03
 1010    4.127225E-03
 1011    9.467461E-04
 1012    9.448760E-04
 1013    9.430114E-04
 1014    9.411523E-04
 1015    9.392987E-04
 1016   -1.119250E-03
 1017   -1.117050E-03
 1018   -1.114856E-03
 1019   -1.112669E-03
 1020   -1.110489E-03
 1021   -2.153629E-03
 1022   -2.149416E-03
 1023   -2.145216E-03
 1024   -2.141028E-03
 1025   -2.136853E-03
 1026   -2.764919E-03
 1027   -2.759537E-03
 1028   -2.754171E-03
 1029   -2.748821E-03
 1030   -2.743486E-03
 1031   -2.924553E-03
 1032   -2.918888E-03
 1033   -2.913240E-03
 1034   -2.907608E-03
 1035   -2.901992E-03
 1036   -2.849929E-03
 1037   -2.844435E-03
 1038   -2.838957E-03
 1039   -2.833495E-03
 1040   -2.828048E-03
 1041   -2.610810E-03
 1042   -2.605801E-03
 1043   -2.600807E-03
 1044   -2.595827E-03
 1045   -2.590861E-03
 1046   -1.968365E-03
 1047   -1.964607E-03
 1048   -1.960859E-03
 1049   -1.957123E-03
 1050   -1.953397E-03
 1051   -1.301930E-03
 1052   -1.299456E-03
 1053   -1.296989E-03
 1054   -1.294529E-03
 1055   -1.292076E-03
 1056   -6.564195E-04
 1057   -6.551780E-04
 1058   -6.539401E-04
 1059   -6.527057E-04
 1060   -6.514747E-04
 1061   -2.056021E-04
 1062   -2.052151E-04
 1063   -2.048292E-04
 1064   -2.044443E-04
 1065   -2.040606E-04
 1066    8.404663E-05
 1067    8.388917E-05
 1068    8.373214E-05
 1069    8.357556E-05
 1070    8.341942E-05
 1071    2.417219E-04
 1072    2.412711E-04
 1073    2.408216E-04
 1074    2.403734E-04
 1075    2.399264E-04
 1076    2.942980E-04
 1077    2.937518E-04
 1078    2.932070E-04
 1079    2.926638E-04
 1080    2.921221E-04
 1081    3.188202E-04
 1082    3.182311E-04
 1083    3.176437E-04
 1084    3.170579E-04
 1085    3.164738E-04
 1086    2.889034E-04
 1087    2.883720E-04
 1088    2.878422E-04
 1089    2.873138E-04
 1090    2.867869E-04
 1091    2.392958E-04
 1092    2.388577E-04
 1093    2.384208E-04
 1094    2.379851E-04
 1095    2.375507E-04
 1096    1.793183E-04
 1097    1.789915E-04
 1098    1.786657E-04
 1099    1.783407E-04
 1100    1.780166E-04
 1101    1.079102E-04
 1102    1.077145E-04
 1103    1.075192E-04
 1104    1.073246E-04
 1105    1.071304E-04
 1106    3.810899E-05
 1107    3.804017E-05
 1108    3.797154E-05
 1109    3.790309E-05
 1110    3.783483E-05
 1111   -1.273621E-05
 1112   -1.271332E-05
 1113   -1.269048E-05
 1114   -1.266771E-05
 1115   -1.264500E-05
 1116   -4.874896E-05
 1117   -4.866171E-05
 1118   -4.857470E-05
 1119   -4.848792E-05
 1120   -4.840137E-05
 1121   -7.550336E-05
 1122   -7.536883E-05
 1123   -7.523466E-05
 1124   -7.510085E-05
 1125   -7.496740E-05
 1126   -8.276478E-05
 1127   -8.261796E-05
 1128   -8.247154E-05
 1129   -8.232551E-05
 1130   -8.217987E-05
 1131   -8.761524E-05
 1132   -8.746051E-05
 1133   -8.730619E-05
 1134   -8.715228E-05
 1135   -8.699878E-05
 1136   -8.319058E-05
 1137   -8.304431E-05
 1138   -8.289843E-05
 1139   -8.275293E-05
 1140   -8.260781E-05
 1141   -7.488608E-05
 1142   -7.475498E-05
 1143   -7.462424E-05
 1144   -7.449383E-05
 1145   -7.436377E-05
 1146   -6.438298E-05
 1147   -6.427077E-05
 1148   -6.415885E-05
 1149   -6.404722E-05
 1150   -6.393588E-05
 1151   -4.715223E-05
 1152   -4.707040E-05
 1153   -4.698879E-05
 1154   -4.690739E-05
 1155   -4.682620E-05
 1156   -3.648370E-05
 1157   -3.642066E-05
 1158   -3.635778E-05
 1159   -3.629507E-05
 1160   -3.623252E-05
 1161   -2.740373E-05
 1162   -2.735659E-05
 1163   -2.730956E-05
 1164   -2.726266E-05
 1165   -2.721587E-05
 1166   -2.218193E-05
 1167   -2.214393E-05
 1168   -2.210603E-05
 1169   -2.206823E-05
 1170   -2.203052E-05
 1171   -1.976349E-05
 1172   -1.972978E-05
 1173   -1.969615E-05
 1174   -1.966261E-05
 1175   -1.962916E-05
 1176   -1.695547E-05
 1177   -1.692667E-05
 1178   -1.689794E-05
 1179   -1.686929E-05
 1180   -1.684071E-05
 1181   -1.767096E-05
 1182   -1.764107E-05
 1183   -1.761126E-05
 1184   -1.758152E-05
 1185   -1.755186E-05
 1186   -1.816006E-05
 1187   -1.812947E-05
 1188   -1.809896E-05
 1189   -1.806853E-05
 1190   -1.803818E-05
 1191   -1.789725E-05
 1192   -1.786723E-05
 1193   -1.783729E-05
 1194   -1.780743E-05
 1195   -1.777764E-05
 1196   -1.809442E-05
 1197   -1.806420E-05
 1198   -1.803406E-05
 1199   -1.800399E-05
 1200   -1.797399E-05
 1201   -1.698800E-05
 1202   -1.695974E-05
 1203   -1.693156E-05
 1204   -1.690345E-05
 1205   -1.687540E-05
 1206   -1.705463E-05
 1207   -1.702638E-05
 1208   -1.699820E-05
 1209   -1.697010E-05
 1210   -1.694206E-05
 1211   -1.641706E-05
 1212   -1.638998E-05
 1213   -1.636296E-05
 1214   -1.633602E-05
 1215   -1.630914E-05
 1216   -1.686433E-05
 1217   -1.683663E-05
 1218   -1.680899E-05
 1219   -1.678142E-05
 1220   -1.675392E-05
 1221   -1.824737E-05
 1222   -1.821751E-05
 1223   -1.818774E-05
 1224   -1.815803E-05
 1225   -1.812840E-05
 1226   -1.804027E-05
 1227   -1.801087E-05
 1228   -1.798155E-05
 1229   -1.795230E-05
 1230   -1.792312E-05
 1231   -1.983655E-05
 1232   -1.980436E-05
 1233   -1.977225E-05
 1234   -1.974022E-05
 1235   -1.970826E-05
 1236   -1.898138E-05
 1237   -1.895070E-05
 1238   -1.892010E-05
 1239   -1.888957E-05
 1240   -1.885912E-05
 1241   -1.833817E-05
 1242   -1.830865E-05
 1243   -1.827921E-05
 1244   -1.824983E-05
 1245   -1.822053E-05
 1246   -1.774588E-05
 1247   -1.771743E-05
 1248   -1.768905E-05
 1249   -1.766073E-05
 1250   -1.763249E-05
 1251   -1.579482E-05
 1252   -1.576960E-05
 1253   -1.574444E-05
 1254   -1.571934E-05
 1255   -1.569430E-05
 1256   -1.562664E-05
 1257   -1.560179E-05
 1258   -1.557700E-05
 1259   -1.555226E-05
 1260   -1.552758E-05
 1261   -1.392196E-05
 1262   -1.389991E-05
 1263   -1.387790E-05
 1264   -1.385595E-05
 1265   -1.383406E-05
 1266   -1.415726E-05
 1267   -1.413492E-05
 1268   -1.411263E-05
 1269   -1.409040E-05
 1270   -1.406822E-05
 1271   -1.427009E-05
 1272   -1.424766E-05
 1273   -1.422529E-05
 1274   -1.420296E-05
 1275   -1.418069E-05
 1276   -1.372682E-05
 1277   -1.370533E-05
 1278   -1.368389E-05
 1279   -1.366250E-05
 1280   -1.364116E-05
 1281   -1.405551E-05
 1282   -1.403359E-05
 1283   -1.401172E-05
 1284   -1.398990E-05
 1285   -1.396814E-05
 1286   -1.384400E-05
 1287   -1.382250E-05
 1288   -1.380104E-05
 1289   -1.377964E-05
 1290   -1.375828E-05
 1291   -1.430418E-05
 1292   -1.428205E-05
 1293   -1.425996E-05
 1294   -1.423793E-05
 1295   -1.421595E-05
 1296   -1.360546E-05
 1297   -1.358449E-05
 1298   -1.356357E-05
 1299   -1.354269E-05
 1300   -1.352186E-05
 1301   -1.332307E-05
 1302   -1.330261E-05
 1303   -1.328220E-05
 1304   -1.326184E-05
 1305   -1.324152E-05
 1306   -1.288623E-05
 1307   -1.286651E-05
 1308   -1.284685E-05
 1309   -1.282723E-05
 1310   -1.280765E-05
 1311   -1.266510E-05
 1312   -1.264580E-05
 1313   -1.262654E-05
 1314   -1.260733E-05
 1315   -1.258817E-05
 1316   -1.282361E-05
 1317   -1.280415E-05
 1318   -1.278472E-05
 1319   -1.276535E-05
 1320   -1.274601E-05
 1321   -1.249356E-05
 1322   -1.247466E-05
 1323   -1.245581E-05
 1324   -1.243700E-05
 1325   -1.241824E-05
 1326   -1.262156E-05
 1327   -1.260254E-05
 1328   -1.258357E-05
 1329   -1.256464E-05
 1330   -1.254575E-05
 1331   -1.255513E-05
 1332   -1.253629E-05
 1333   -1.251749E-05
 1334   -1.249873E-05
 1335   -1.248001E-05
 1336   -1.262347E-05
 1337   -1.260459E-05
 1338   -1.258576E-05
 1339   -1.256697E-05
 1340   -1.254822E-05
 1341   -1.268391E-05
 1342   -1.266502E-05
 1343   -1.264616E-05
 1344   -1.262735E-05
 1345   -1.260858E-05
 1346   -1.221220E-05
 1347   -1.219407E-05
 1348   -1.217599E-05
 1349   -1.215794E-05
 1350   -1.213994E-05
 1351   -1.205221E-05
 1352   -1.203439E-05
 1353   -1.201660E-05
 1354   -1.199886E-05
 1355   -1.198116E-05
 1356   -1.179059E-05
 1357   -1.177322E-05
 1358   -1.175589E-05
 1359   -1.173859E-05
 1360   -1.172134E-05
 1361   -1.151592E-05
 1362   -1.149902E-05
 1363   -1.148215E-05
 1364   -1.146532E-05
 1365   -1.144853E-05
 1366   -1.139376E-05
 1367   -1.137710E-05
 1368   -1.136047E-05
 1369   -1.134388E-05
 1370   -1.132732E-05
 1371   -1.140446E-05
 1372   -1.138785E-05
 1373   -1.137126E-05
 1374   -1.135472E-05
 1375   -1.133821E-05
 1376   -1.191117E-05
 1377   -1.189388E-05
 1378   -1.187662E-05
 1379   -1.185941E-05
 1380   -1.184222E-05
 1381   -1.145250E-05
 1382   -1.143593E-05
 1383   -1.141940E-05
 1384   -1.140290E-05
 1385   -1.138644E-05
 1386   -1.167381E-05
 1387   -1.165699E-05
 1388   -1.164020E-05
 1389   -1.162344E-05
 1390   -1.160672E-05
 1391   -1.110530E-05
 1392   -1.108935E-05
 1393   -1.107343E-05
 1394   -1.105755E-05
 1395   -1.104171E-05
 1396   -1.136247E-05
 1397   -1.134621E-05
 1398   -1.132998E-05
 1399   -1.131379E-05
 1400   -1.129764E-05
 1401   -1.115569E-05
 1402   -1.113978E-05
 1403   -1.112390E-05
 1404   -1.110806E-05
 1405   -1.109226E-05
 1406   -1.063230E-05
 1407   -1.061719E-05
 1408   -1.060211E-05
 1409   -1.058707E-05
 1410   -1.057206E-05
 1411   -1.062921E-05
 1412   -1.061416E-05
 1413   -1.059914E-05
 1414   -1.058416E-05
 1415   -1.056920E-05
 1416   -1.037664E-05
 1417   -1.036200E-05
 1418   -1.034739E-05
 1419   -1.033281E-05
 1420   -1.031826E-05
 1421   -1.046716E-05
 1422   -1.045244E-05
 1423   -1.043775E-05
 1424   -1.042310E-05
 1425   -1.040847E-05
 1426   -1.081000E-05
 1427   -1.079486E-05
 1428   -1.077974E-05
 1429   -1.076466E-05
 1430   -1.074961E-05
 1431   -1.059577E-05
 1432   -1.058098E-05
 1433   -1.056621E-05
 1434   -1.055148E-05
 1435   -1.053678E-05
 1436   -1.075639E-05
 1437   -1.074142E-05
 1438   -1.072649E-05
 1439   -1.071159E-05
 1440   -1.069671E-05
 1441   -1.051686E-05
 1442   -1.050228E-05
 1443   -1.048773E-05
 1444   -1.047321E-05
 1445   -1.045872E-05
 1446   -1.037494E-05
 1447   -1.036061E-05
 1448   -1.034630E-05
 1449   -1.033202E-05
 1450   -1.031778E-05
 1451   -1.010913E-05
 1452   -1.009521E-05
 1453   -1.008132E-05
 1454   -1.006746E-05
 1455   -1.005363E-05
 1456   -9.622344E-06
 1457   -9.609141E-06
 1458   -9.595964E-06
 1459   -9.582814E-06
 1460   -9.569692E-06
 1461   -1.014230E-05
 1462   -1.012843E-05
 1463   -1.011459E-05
 1464   -1.010078E-05
 1465   -1.008699E-05
 1466   -9.641284E-06
 1467   -9.628145E-06
 1468   -9.615032E-06
 1469   -9.601946E-06
 1470   -9.588886E-06
 1471   -9.904863E-06
 1472   -9.891410E-06
 1473   -9.877984E-06
 1474   -9.864586E-06
 1475   -9.851214E-06
 1476   -9.544610E-06
 1477   -9.531691E-06
 1478   -9.518797E-06
 1479   -9.505929E-06
 1480   -9.493088E-06
 1481   -9.693174E-06
 1482   -9.680098E-06
 1483   -9.667047E-06
 1484   -9.654023E-06
 1485   -9.641026E-06
 1486   -9.913745E-06
 1487   -9.900415E-06
 1488   -9.887113E-06
 1489   -9.873837E-06
 1490   -9.860588E-06
 1491   -9.519391E-06
 1492   -9.506635E-06
 1493   -9.493904E-06
 1494   -9.481199E-06
 1495   -9.468519E-06
 1496   -9.378981E-06
 1497   -9.366455E-06
 1498   -9.353954E-06
 1499   -9.341478E-06
 1500   -9.329026E-06
 1501   -9.092107E-06
 1502   -9.080005E-06
 1503   -9.067926E-06
 1504   -9.055872E-06
 1505   -9.043841E-06
 1506   -8.930264E-06
 1507   -8.918416E-06
 1508   -8.906592E-06
 1509   -8.894791E-06
 1510   -8.883014E-06
 1511   -8.923601E-06
 1512   -8.911802E-06
 1513   -8.900025E-06
 1514   -8.888272E-06
 1515   -8.876542E-06
 1516   -8.572634E-06
 1517   -8.561335E-06
 1518   -8.550059E-06
 1519   -8.538806E-06
 1520   -8.527574E-06
 1521   -8.681866E-06
 1522   -8.670461E-06
 1523   -8.659079E-06
 1524   -8.647719E-06
 1525   -8.636381E-06
 1526   -8.941681E-06
 1527   -8.929973E-06
 1528   -8.918288E-06
 1529   -8.906627E-06
 1530   -8.894988E-06
 1531   -8.752710E-06
 1532   -8.741287E-06
 1533   -8.729886E-06
 1534   -8.718508E-06
 1535   -8.707152E-06
 1536   -8.574319E-06
 1537   -8.563166E-06
 1538   -8.552034E-06
 1539   -8.540924E-06
 1540   -8.529835E-06
 1541   -8.118316E-06
 1542   -8.107790E-06
 1543   -8.097284E-06
 1544   -8.086799E-06
 1545   -8.076334E-06
 1546   -8.348901E-06
 1547   -8.338111E-06
 1548   -8.327342E-06
 1549   -8.316593E-06
 1550   -8.305866E-06
 1551   -7.720445E-06
 1552   -7.710499E-06
 1553   -7.700573E-06
 1554   -7.690665E-06
 1555   -7.680777E-06
 1556   -7.648895E-06
 1557   -7.639073E-06
 1558   -7.629270E-06
 1559   -7.619485E-06
 1560   -7.609720E-06
 1561   -7.361865E-06
 1562   -7.352442E-06
 1563   -7.343037E-06
 1564   -7.333650E-06
 1565   -7.324281E-06
 1566   -7.187073E-06
 1567   -7.177903E-06
 1568   -7.168750E-06
 1569   -7.159615E-06
 1570   -7.150498E-06
 1571   -7.187050E-06
 1572   -7.177910E-06
 1573   -7.168786E-06
 1574   -7.159680E-06
 1575   -7.150591E-06
 1576   -7.206977E-06
 1577   -7.197840E-06
 1578   -7.188720E-06
 1579   -7.179617E-06
 1580   -7.170532E-06
 1581   -7.110384E-06
 1582   -7.101398E-06
 1583   -7.092428E-06
 1584   -7.083476E-06
 1585   -7.074541E-06
 1586   -7.147742E-06
 1587   -7.138737E-06
 1588   -7.129749E-06
 1589   -7.120778E-06
 1590   -7.111824E-06
 1591   -6.932796E-06
 1592   -6.924089E-06
 1593   -6.915399E-06
 1594   -6.906725E-06
 1595   -6.898067E-06
 1596   -6.751732E-06
 1597   -6.743279E-06
 1598   -6.734842E-06
 1599   -6.726421E-06
 1600   -6.718016E-06
 1601   -6.482352E-06
 1602   -6.474262E-06
 1603   -6.466187E-06
 1604   -6.458127E-06
 1605   -6.450082E-06
 1606   -6.263420E-06
 1607   -6.255627E-06
 1608   -6.247849E-06
 1609   -6.240085E-06
 1610   -6.232336E-06
 1611   -6.270838E-06
 1612   -6.263061E-06
 1613   -6.255297E-06
 1614   -6.247548E-06
 1615   -6.239814E-06
 1616   -6.066357E-06
 1617   -6.058856E-06
 1618   -6.051369E-06
 1619   -6.043896E-06
 1620   -6.036437E-06
 1621   -6.047395E-06
 1622   -6.039940E-06
 1623   -6.032500E-06
 1624   -6.025073E-06
 1625   -6.017660E-06
 1626   -5.918986E-06
 1627   -5.911712E-06
 1628   -5.904451E-06
 1629   -5.897205E-06
 1630   -5.889971E-06
 1631   -6.046318E-06
 1632   -6.038911E-06
 1633   -6.031517E-06
 1634   -6.024137E-06
 1635   -6.016770E-06
 1636   -5.829207E-06
 1637   -5.822088E-06
 1638   -5.814981E-06
 1639   -5.807888E-06
 1640   -5.800807E-06
 1641   -5.768778E-06
 1642   -5.761754E-06
 1643   -5.754742E-06
 1644   -5.747743E-06
 1645   -5.740757E-06
 1646   -5.432999E-06
 1647   -5.426403E-06
 1648   -5.419820E-06
 1649   -5.413248E-06
 1650   -5.406689E-06
 1651   -5.282506E-06
 1652   -5.276113E-06
 1653   -5.269731E-06
 1654   -5.263361E-06
 1655   -5.257003E-06
 1656   -4.975063E-06
 1657   -4.969060E-06
 1658   -4.963067E-06
 1659   -4.957086E-06
 1660   -4.951115E-06
 1661   -4.700239E-06
 1662   -4.694585E-06
 1663   -4.688941E-06
 1664   -4.683307E-06
 1665   -4.677683E-06
 1666   -4.755423E-06
 1667   -4.749720E-06
 1668   -4.744026E-06
 1669   -4.738343E-06
 1670   -4.732670E-06
 1671   -4.667822E-06
 1672   -4.662240E-06
 1673   -4.656668E-06
 1674   -4.651106E-06
 1675   -4.645555E-06
 1676   -4.724110E-06
 1677   -4.718477E-06
 1678   -4.712855E-06
 1679   -4.707243E-06
 1680   -4.701641E-06
 1681   -4.593807E-06
 1682   -4.588346E-06
 1683   -4.582895E-06
 1684   -4.577454E-06
 1685   -4.572022E-06
 1686   -4.515961E-06
 1687   -4.510609E-06
 1688   -4.505266E-06
 1689   -4.499933E-06
 1690   -4.494609E-06
 1691   -4.399581E-06
 1692   -4.394382E-06
 1693   -4.389192E-06
 1694   -4.384011E-06
 1695   -4.378840E-06
 1696   -4.214488E-06
 1697   -4.209523E-06
 1698   -4.204566E-06
 1699   -4.199618E-06
 1700   -4.194679E-06
 1701   -4.038857E-06
 1702   -4.034112E-06
 1703   -4.029376E-06
 1704   -4.024648E-06
 1705   -4.019928E-06
 1706   -3.799948E-06
 1707   -3.795497E-06
 1708   -3.791054E-06
 1709   -3.786619E-06
 1710   -3.782191E-06
 1711   -3.651046E-06
 1712   -3.646782E-06
 1713   -3.642525E-06
 1714   -3.638276E-06
 1715   -3.634034E-06
 1716   -3.631835E-06
 1717   -3.627606E-06
 1718   -3.623384E-06
 1719   -3.619170E-06
 1720   -3.614963E-06
 1721   -3.516439E-06
 1722   -3.512356E-06
 1723   -3.508280E-06
 1724   -3.504212E-06
 1725   -3.500150E-06
 1726   -3.612329E-06
 1727   -3.608147E-06
 1728   -3.603972E-06
 1729   -3.599804E-06
 1730   -3.595644E-06
 1731   -3.482783E-06
 1732   -3.478763E-06
 1733   -3.474749E-06
 1734   -3.470742E-06
 1735   -3.466743E-06
 1736   -3.468274E-06
 1737   -3.464282E-06
 1738   -3.460297E-06
 1739   -3.456318E-06
 1740   -3.452346E-06
 1741   -3.354382E-06
 1742   -3.350532E-06
 1743   -3.346688E-06
 1744   -3.342851E-06
 1745   -3.339021E-06
 1746   -3.111660E-06
 1747   -3.108098E-06
 1748   -3.104543E-06
 1749   -3.100994E-06
 1750   -3.097451E-06
 1751   -2.963693E-06
 1752   -2.960311E-06
 1753   -2.956934E-06
 1754   -2.953564E-06
 1755   -2.950199E-06
 1756   -2.737401E-06
 1757   -2.734286E-06
 1758   -2.731176E-06
 1759   -2.728072E-06
 1760   -2.724973E-06
 1761   -2.664015E-06
 1762   -2.660992E-06
 1763   -2.657974E-06
 1764   -2.654961E-06
 1765   -2.651954E-06
 1766   -2.520082E-06
 1767   -2.517231E-06
 1768   -2.514384E-06
 1769   -2.511542E-06
 1770   -2.508705E-06
 1771   -2.492347E-06
 1772   -2.489534E-06
 1773   -2.486727E-06
 1774   -2.483924E-06
 1775   -2.481126E-06
 1776   -2.521850E-06
 1777   -2.519012E-06
 1778   -2.516179E-06
 1779   -2.513351E-06
 1780   -2.510528E-06
 1781   -2.440973E-06
 1782   -2.438234E-06
 1783   -2.435500E-06
 1784   -2.432770E-06
 1785   -2.430045E-06
 1786   -2.420672E-06
 1787   -2.417964E-06
 1788   -2.415260E-06
 1789   -2.412560E-06
 1790   -2.409865E-06
 1791   -2.296283E-06
 1792   -2.293721E-06
 1793   -2.291164E-06
 1794   -2.288610E-06
 1795   -2.286061E-06
 1796   -2.200055E-06
 1797   -2.197608E-06
 1798   -2.195164E-06
 1799   -2.192724E-06
 1800   -2.190288E-06
 1801   -2.060670E-06
 1802   -2.058384E-06
 1803   -2.056101E-06
 1804   -2.053822E-06
 1805   -2.051547E-06
 1806   -1.906057E-06
 1807   -1.903948E-06
 1808   -1.901842E-06
 1809   -1.899740E-06
 1810   -1.897642E-06
 1811   -1.825181E-06
 1812   -1.823167E-06
 1813   -1.821156E-06
 1814   -1.819149E-06
 1815   -1.817145E-06
 1816   -1.747981E-06
 1817   -1.746057E-06
 1818   -1.744137E-06
 1819   -1.742220E-06
 1820   -1.740306E-06
 1821   -1.772849E-06
 1822   -1.770903E-06
 1823   -1.768961E-06
 1824   -1.767022E-06
 1825   -1.765086E-06
 1826   -1.718005E-06
 1827   -1.716125E-06
 1828   -1.714248E-06
 1829   -1.712374E-06
 1830   -1.710503E-06
 1831   -1.691688E-06
 1832   -1.689842E-06
 1833   -1.687999E-06
 1834   -1.686158E-06
 1835   -1.684321E-06
 1836   -1.662805E-06
 1837   -1.660995E-06
 1838   -1.659189E-06
 1839   -1.657385E-06
 1840   -1.655584E-06
 1841   -1.576255E-06
 1842   -1.574544E-06
 1843   -1.572836E-06
 1844   -1.571131E-06
 1845   -1.569428E-06
 1846   -1.483138E-06
 1847   -1.481532E-06
 1848   -1.479929E-06
 1849   -1.478329E-06
 1850   -1.476731E-06
 1851   -1.347817E-06
 1852   -1.346362E-06
 1853   -1.344909E-06
 1854   -1.343459E-06
 1855   -1.342011E-06
 1856   -1.242749E-06
 1857   -1.241411E-06
 1858   -1.240075E-06
 1859   -1.238742E-06
 1860   -1.237410E-06
 1861   -1.172027E-06
 1862   -1.170768E-06
 1863   -1.169512E-06
 1864   -1.168257E-06
 1865   -1.167005E-06
 1866   -1.126007E-06
 1867   -1.124801E-06
 1868   -1.123597E-06
 1869   -1.122395E-06
 1870   -1.121195E-06
 1871   -1.117924E-06
 1872   -1.116730E-06
 1873   -1.115538E-06
 1874   -1.114348E-06
 1875   -1.113160E-06
 1876   -1.073141E-06
 1877   -1.071997E-06
 1878   -1.070856E-06
 1879   -1.069717E-06
 1880   -1.068579E-06
 1881   -1.073600E-06
 1882   -1.072460E-06
 1883   -1.071321E-06
 1884   -1.070184E-06
 1885   -1.069049E-06
 1886   -1.032583E-06
 1887   -1.031489E-06
 1888   -1.030397E-06
 1889   -1.029306E-06
 1890   -1.028217E-06
 1891   -9.895752E-07
 1892   -9.885294E-07
 1893   -9.874853E-07
 1894   -9.864428E-07
 1895   -9.854020E-07
 1896   -9.489397E-07
 1897   -9.479395E-07
 1898   -9.469409E-07
 1899   -9.459438E-07
 1900   -9.449484E-07
 1901   -8.527976E-07
 1902   -8.519011E-07
 1903   -8.510060E-07
 1904   -8.501124E-07
 1905   -8.492201E-07
 1906   -8.036739E-07
 1907   -8.028313E-07
 1908   -8.019899E-07
 1909   -8.011499E-07
 1910   -8.003113E-07
 1911   -7.664884E-07
 1912   -7.656868E-07
 1913   -7.648865E-07
 1914   -7.640875E-07
 1915   -7.632897E-07
 1916   -7.330874E-07
 1917   -7.323228E-07
 1918   -7.315594E-07
 1919   -7.307971E-07
 1920   -7.300361E-07
 1921   -7.193309E-07
 1922   -7.185826E-07
 1923   -7.178354E-07
 1924   -7.170894E-07
 1925   -7.163446E-07
 1926   -7.036822E-07
 1927   -7.029521E-07
 1928   -7.022231E-07
 1929   -7.014952E-07
 1930   -7.007684E-07
 1931   -7.060777E-07
 1932   -7.053470E-07
 1933   -7.046174E-07
 1934   -7.038889E-07
 1935   -7.031616E-07
 1936   -6.723582E-07
 1937   -6.716641E-07
 1938   -6.709711E-07
 1939   -6.702792E-07
 1940   -6.695884E-07
 1941   -6.429384E-07
 1942   -6.422764E-07
 1943   -6.416155E-07
 1944   -6.409555E-07
 1945   -6.402966E-07
 1946   -5.991279E-07
 1947   -5.985126E-07
 1948   -5.978983E-07
 1949   -5.972849E-07
 1950   -5.966725E-07
 1951   -5.292937E-07
 1952   -5.287516E-07
 1953   -5.282102E-07
 1954   -5.276697E-07
 1955   -5.271300E-07
 1956   -5.038171E-07
 1957   -5.033024E-07
 1958   -5.027884E-07
 1959   -5.022752E-07
 1960   -5.017628E-07
 1961   -4.465563E-07
 1962   -4.461012E-07
 1963   -4.456468E-07
 1964   -4.451931E-07
 1965   -4.447401E-07
 1966   -4.404879E-07
 1967   -4.400401E-07
 1968   -4.395930E-07
 1969   -4.391466E-07
 1970   -4.387009E-07
 1971   -4.262416E-07
 1972   -4.258094E-07
 1973   -4.253779E-07
 1974   -4.249470E-07
 1975   -4.245168E-07
 1976   -4.141168E-07
 1977   -4.136980E-07
 1978   -4.132798E-07
 1979   -4.128623E-07
 1980   -4.124453E-07
 1981   -4.094538E-07
 1982   -4.090407E-07
 1983   -4.086283E-07
 1984   -4.082164E-07
 1985   -4.078052E-07
 1986   -3.952745E-07
 1987   -3.948768E-07
 1988   -3.944796E-07
 1989   -3.940831E-07
 1990   -3.936871E-07
 1991   -3.900526E-07
 1992   -3.896611E-07
 1993   -3.892702E-07
 1994   -3.888798E-07
 1995   -3.884901E-07
 1996   -3.626294E-07
 1997   -3.622664E-07
 1998   -3.619038E-07
 1999   -3.615418E-07
 2000   -3.611804E-07
 2001   -3.388424E-07
 2002   -3.385040E-07
 2003   -3.381660E-07
 2004   -3.378286E-07
 2005   -3.374917E-07
 2006   -3.211625E-07
 2007   -3.208426E-07
 2008   -3.205231E-07
 2009   -3.202041E-07
 2010   -3.198856E-07
 2011   -3.028623E-07
 2012   -3.025613E-07
 2013   -3.022608E-07
 2014   -3.019607E-07
 2015   -3.016610E-07
 2016   -3.001349E-07
 2017   -2.998374E-07
 2018   -2.995403E-07
 2019   -2.992437E-07
 2020   -2.989475E-07
 2021   -2.914651E-07
 2022   -2.911768E-07
 2023   -2.908890E-07
 2024   -2.906017E-07
 2025   -2.903147E-07
 2026   -2.846299E-07
 2027   -2.843491E-07
 2028   -2.840688E-07
 2029   -2.837888E-07
 2030   -2.835093E-07
 2031   -2.891243E-07
 2032   -2.888398E-07
 2033   -2.885557E-07
 2034   -2.882720E-07
 2035   -2.879888E-07
 2036   -2.782706E-07
 2037   -2.779974E-07
 2038   -2.777247E-07
 2039   -2.774524E-07
 2040   -2.771804E-07
 2041   -2.808527E-07
 2042   -2.805777E-07
 2043   -2.803031E-07
 2044   -2.800289E-07
 2045   -2.797551E-07
 2046   -2.655440E-07
 2047   -2.652846E-07
 2048   -2.650256E-07
 2049   -2.647670E-07
 2050   -2.645088E-07
 2051   -2.592556E-07
 2052   -2.590030E-07
 2053   -2.587507E-07
 2054   -2.584988E-07
 2055   -2.582473E-07
 2056   -2.543886E-07
 2057   -2.541413E-07
 2058   -2.538944E-07
 2059   -2.536478E-07
 2060   -2.534016E-07
 2061   -2.476478E-07
 2062   -2.474077E-07
 2063   -2.471679E-07
 2064   -2.469284E-07
 2065   -2.466893E-07
 2066   -2.464711E-07
 2067   -2.462327E-07
 2068   -2.459946E-07
 2069   -2.457569E-07
 2070   -2.455195E-07
 2071   -2.382498E-07
 2072   -2.380199E-07
 2073   -2.377903E-07
 2074   -2.375611E-07
 2075   -2.373321E-07
 2076   -2.439935E-07
 2077   -2.437587E-07
 2078   -2.435241E-07
 2079   -2.432899E-07
 2080   -2.430560E-07
 2081   -2.439403E-07
 2082   -2.437060E-07
 2083   -2.434721E-07
 2084   -2.432385E-07
 2085   -2.430052E-07
 2086   -2.483117E-07
 2087   -2.480738E-07
 2088   -2.478363E-07
 2089   -2.475990E-07
 2090   -2.473622E-07
 2091   -2.407900E-07
 2092   -2.405598E-07
 2093   -2.403300E-07
 2094   -2.401005E-07
 2095   -2.398714E-07
 2096   -2.462968E-07
 2097   -2.460619E-07
 2098   -2.458274E-07
 2099   -2.455932E-07
 2100   -2.453594E-07
 2101   -2.476215E-07
 2102   -2.473860E-07
 2103   -2.471508E-07
 2104   -2.469159E-07
 2105   -2.466813E-07
 2106   -2.455590E-07
 2107   -2.453259E-07
 2108   -2.450932E-07
 2109   -2.448609E-07
 2110   -2.446288E-07
 2111   -2.504976E-07
 2112   -2.502604E-07
 2113   -2.500236E-07
 2114   -2.497871E-07
 2115   -2.495510E-07
 2116   -2.508084E-07
 2117   -2.505715E-07
 2118   -2.503349E-07
 2119   -2.500987E-07
 2120   -2.498628E-07
 2121   -2.501353E-07
 2122   -2.498996E-07
 2123   -2.496642E-07
 2124   -2.494292E-07
 2125   -2.491945E-07
 2126   -2.495271E-07
 2127   -2.492925E-07
 2128   -2.490583E-07
 2129   -2.488244E-07
 2130   -2.485908E-07
 2131   -2.517496E-07
 2132   -2.515135E-07
 2133   -2.512777E-07
 2134   -2.510423E-07
 2135   -2.508071E-07
 2136   -2.593035E-07
 2137   -2.590609E-07
 2138   -2.588186E-07
 2139   -2.585767E-07
 2140   -2.583351E-07
 2141   -2.613465E-07
 2142   -2.611026E-07
 2143   -2.608589E-07
 2144   -2.606157E-07
 2145   -2.603727E-07
 2146   -2.673238E-07
 2147   -2.670749E-07
 2148   -2.668262E-07
 2149   -2.665780E-07
 2150   -2.663300E-07
 2151   -2.684076E-07
 2152   -2.681582E-07
 2153   -2.679091E-07
 2154   -2.676604E-07
 2155   -2.674121E-07
 2156   -2.764406E-07
 2157   -2.761844E-07
 2158   -2.759285E-07
 2159   -2.756729E-07
 2160   -2.754177E-07
 2161   -2.915012E-07
 2162   -2.912316E-07
 2163   -2.909624E-07
 2164   -2.906935E-07
 2165   -2.904251E-07
 2166   -2.858601E-07
 2167   -2.855963E-07
 2168   -2.853329E-07
 2169   -2.850699E-07
 2170   -2.848072E-07
 2171   -2.924969E-07
 2172   -2.922276E-07
 2173   -2.919587E-07
 2174   -2.916902E-07
 2175   -2.914220E-07
 2176   -2.880220E-07
 2177   -2.877574E-07
 2178   -2.874933E-07
 2179   -2.872294E-07
 2180   -2.869660E-07
 2181   -2.953839E-07
 2182   -2.951132E-07
 2183   -2.948429E-07
 2184   -2.945730E-07
 2185   -2.943034E-07
 2186   -3.011559E-07
 2187   -3.008805E-07
 2188   -3.006056E-07
 2189   -3.003310E-07
 2190   -3.000568E-07
 2191   -3.011014E-07
 2192   -3.008268E-07
 2193   -3.005525E-07
 2194   -3.002786E-07
 2195   -3.000050E-07
 2196   -3.161186E-07
 2197   -3.158309E-07
 2198   -3.155436E-07
 2199   -3.152567E-07
 2200   -3.149702E-07
 2201   -3.172639E-07
 2202   -3.169758E-07
 2203   -3.166881E-07
 2204   -3.164008E-07
 2205   -3.161138E-07
 2206   -3.331470E-07
 2207   -3.328452E-07
 2208   -3.325438E-07
 2209   -3.322428E-07
 2210   -3.319422E-07
 2211   -3.362868E-07
 2212   -3.359828E-07
 2213   -3.356793E-07
 2214   -3.353761E-07
 2215   -3.350734E-07
 2216   -3.365222E-07
 2217   -3.362186E-07
 2218   -3.359155E-07
 2219   -3.356128E-07
 2220   -3.353106E-07
 2221   -3.461729E-07
 2222   -3.458614E-07
 2223   -3.455503E-07
 2224   -3.452396E-07
 2225   -3.449294E-07
 2226   -3.400101E-07
 2227   -3.397049E-07
 2228   -3.394000E-07
 2229   -3.390955E-07
 2230   -3.387915E-07
 2231   -3.477353E-07
 2232   -3.474238E-07
 2233   -3.471127E-07
 2234   -3.468020E-07
 2235   -3.464918E-07
 2236   -3.497961E-07
 2237   -3.494834E-07
 2238   -3.491712E-07
 2239   -3.488593E-07
 2240   -3.485479E-07
 2241   -3.460125E-07
 2242   -3.457039E-07
 2243   -3.453958E-07
 2244   -3.450880E-07
 2245   -3.447806E-07
 2246   -3.703816E-07
 2247   -3.700520E-07
 2248   -3.697228E-07
 2249   -3.693941E-07
 2250   -3.690658E-07
 2251   -3.649046E-07
 2252   -3.645806E-07
 2253   -3.642571E-07
 2254   -3.639339E-07
 2255   -3.636112E-07
 2256   -3.776819E-07
 2257   -3.773473E-07
 2258   -3.770131E-07
 2259   -3.766794E-07
 2260   -3.763462E-07
 2261   -3.796796E-07
 2262   -3.793440E-07
 2263   -3.790088E-07
 2264   -3.786741E-07
 2265   -3.783398E-07
 2266   -3.840938E-07
 2267   -3.837550E-07
 2268   -3.834167E-07
 2269   -3.830788E-07
 2270   -3.827413E-07
 2271   -3.911027E-07
 2272   -3.907585E-07
 2273   -3.904148E-07
 2274   -3.900715E-07
 2275   -3.897286E-07
 2276   -3.811584E-07
 2277   -3.808237E-07
 2278   -3.804894E-07
 2279   -3.801556E-07
 2280   -3.798222E-07
 2281   -3.953472E-07
 2282   -3.950008E-07
 2283   -3.946549E-07
 2284   -3.943093E-07
 2285   -3.939643E-07
 2286   -3.929385E-07
 2287   -3.925949E-07
 2288   -3.922518E-07
 2289   -3.919092E-07
 2290   -3.915670E-07
 2291   -3.959118E-07
 2292   -3.955664E-07
 2293   -3.952214E-07
 2294   -3.948769E-07
 2295   -3.945329E-07
 2296   -3.999947E-07
 2297   -3.996465E-07
 2298   -3.992987E-07
 2299   -3.989514E-07
 2300   -3.986046E-07
 2301   -4.004234E-07
 2302   -4.000756E-07
 2303   -3.997282E-07
 2304   -3.993813E-07
 2305   -3.990349E-07
 2306   -4.207775E-07
 2307   -4.204127E-07
 2308   -4.200485E-07
 2309   -4.196848E-07
 2310   -4.193215E-07
 2311   -4.127178E-07
 2312   -4.123608E-07
 2313   -4.120043E-07
 2314   -4.116483E-07
 2315   -4.112928E-07
 2316   -4.186320E-07
 2317   -4.182708E-07
 2318   -4.179099E-07
 2319   -4.175496E-07
 2320   -4.171897E-07
 2321   -4.160122E-07
 2322   -4.156539E-07
 2323   -4.152961E-07
 2324   -4.149388E-07
 2325   -4.145820E-07
 2326   -4.185655E-07
 2327   -4.182058E-07
 2328   -4.178466E-07
 2329   -4.174878E-07
 2330   -4.171296E-07
 2331   -4.239054E-07
 2332   -4.235420E-07
 2333   -4.231789E-07
 2334   -4.228164E-07
 2335   -4.224543E-07
 2336   -4.146958E-07
 2337   -4.143409E-07
 2338   -4.139866E-07
 2339   -4.136327E-07
 2340   -4.132792E-07
 2341   -4.219118E-07
 2342   -4.215516E-07
 2343   -4.211918E-07
 2344   -4.208325E-07
 2345   -4.204737E-07
 2346   -4.219507E-07
 2347   -4.215912E-07
 2348   -4.212322E-07
 2349   -4.208736E-07
 2350   -4.205155E-07
 2351   -4.258779E-07
 2352   -4.255159E-07
 2353   -4.251543E-07
 2354   -4.247931E-07
 2355   -4.244324E-07
 2356   -4.191618E-07
 2357   -4.188062E-07
 2358   -4.184510E-07
 2359   -4.180963E-07
 2360   -4.177421E-07
 2361   -4.191047E-07
 2362   -4.187499E-07
 2363   -4.183956E-07
 2364   -4.180417E-07
 2365   -4.176882E-07
 2366   -4.281523E-07
 2367   -4.277906E-07
 2368   -4.274294E-07
 2369   -4.270686E-07
 2370   -4.267083E-07
 2371   -4.249419E-07
 2372   -4.245837E-07
 2373   -4.242260E-07
 2374   -4.238686E-07
 2375   -4.235118E-07
 2376   -4.273958E-07
 2377   -4.270362E-07
 2378   -4.266772E-07
 2379   -4.263185E-07
 2380   -4.259603E-07
 2381   -4.279699E-07
 2382   -4.276106E-07
 2383   -4.272518E-07
 2384   -4.268934E-07
 2385   -4.265355E-07
 2386   -4.228477E-07
 2387   -4.224935E-07
 2388   -4.221397E-07
 2389   -4.217864E-07
 2390   -4.214335E-07
 2391   -4.344273E-07
 2392   -4.340642E-07
 2393   -4.337015E-07
 2394   -4.333392E-07
 2395   -4.329774E-07
 2396   -4.194797E-07
 2397   -4.191297E-07
 2398   -4.187802E-07
 2399   -4.184312E-07
 2400   -4.180826E-07
 2401   -4.260637E-07
 2402   -4.257090E-07
 2403   -4.253548E-07
 2404   -4.250010E-07
 2405   -4.246476E-07
 2406   -4.199201E-07
 2407   -4.195712E-07
 2408   -4.192228E-07
 2409   -4.188748E-07
 2410   -4.185273E-07
 2411   -4.225760E-07
 2412   -4.222257E-07
 2413   -4.218758E-07
 2414   -4.215264E-07
 2415   -4.211774E-07
 2416   -4.251550E-07
 2417   -4.248033E-07
 2418   -4.244520E-07
 2419   -4.241011E-07
 2420   -4.237507E-07
 2421   -4.180845E-07
 2422   -4.177393E-07
 2423   -4.173946E-07
 2424   -4.170503E-07
 2425   -4.167064E-07
 2426   -4.243477E-07
 2427   -4.239981E-07
 2428   -4.236489E-07
 2429   -4.233002E-07
 2430   -4.229519E-07
 2431   -4.151106E-07
 2432   -4.147693E-07
 2433   -4.144284E-07
 2434   -4.140879E-07
 2435   -4.137479E-07
 2436   -4.194913E-07
 2437   -4.191471E-07
 2438   -4.188034E-07
 2439   -4.184600E-07
 2440   -4.181171E-07
 2441   -4.187423E-07
 2442   -4.183994E-07
 2443   -4.180570E-07
 2444   -4.177149E-07
 2445   -4.173733E-07
 2446   -4.082865E-07
 2447   -4.079529E-07
 2448   -4.076196E-07
 2449   -4.072868E-07
 2450   -4.069544E-07
 2451   -4.119803E-07
 2452   -4.116444E-07
 2453   -4.113088E-07
 2454   -4.109737E-07
 2455   -4.106389E-07
 2456   -4.091035E-07
 2457   -4.087705E-07
 2458   -4.084380E-07
 2459   -4.081059E-07
 2460   -4.077741E-07
 2461   -4.086110E-07
 2462   -4.082791E-07
 2463   -4.079476E-07
 2464   -4.076166E-07
 2465   -4.072859E-07
 2466   -4.034978E-07
 2467   -4.031708E-07
 2468   -4.028441E-07
 2469   -4.025179E-07
 2470   -4.021920E-07
 2471   -3.962830E-07
 2472   -3.959624E-07
 2473   -3.956423E-07
 2474   -3.953225E-07
 2475   -3.950031E-07
 2476   -4.006686E-07
 2477   -4.003451E-07
 2478   -4.000221E-07
 2479   -3.996994E-07
 2480   -3.993772E-07
 2481   -3.919340E-07
 2482   -3.916183E-07
 2483   -3.913029E-07
 2484   -3.909879E-07
 2485   -3.906733E-07
 2486   -3.985723E-07
 2487   -3.982518E-07
 2488   -3.979317E-07
 2489   -3.976120E-07
 2490   -3.972927E-07
 2491   -3.918246E-07
 2492   -3.915102E-07
 2493   -3.911962E-07
 2494   -3.908826E-07
 2495   -3.905693E-07
 2496   -3.857313E-07
 2497   -3.854224E-07
 2498   -3.851139E-07
 2499   -3.848057E-07
 2500   -3.844979E-07
 2501   -3.786929E-07
 2502   -3.783902E-07
 2503   -3.780879E-07
 2504   -3.777860E-07
 2505   -3.774844E-07
 2506   -3.661754E-07
 2507   -3.658833E-07
 2508   -3.655916E-07
 2509   -3.653002E-07
 2510   -3.650092E-07
 2511   -3.752005E-07
 2512   -3.749018E-07
 2513   -3.746035E-07
 2514   -3.743056E-07
 2515   -3.740080E-07
 2516   -3.651822E-07
 2517   -3.648921E-07
 2518   -3.646024E-07
 2519   -3.643129E-07
 2520   -3.640238E-07
 2521   -3.655016E-07
 2522   -3.652118E-07
 2523   -3.649223E-07
 2524   -3.646332E-07
 2525   -3.643445E-07
 2526   -3.598700E-07
 2527   -3.595852E-07
 2528   -3.593008E-07
 2529   -3.590167E-07
 2530   -3.587329E-07
 2531   -3.577967E-07
 2532   -3.575141E-07
 2533   -3.572319E-07
 2534   -3.569500E-07
 2535   -3.566684E-07
 2536   -3.600245E-07
 2537   -3.597407E-07
 2538   -3.594573E-07
 2539   -3.591742E-07
 2540   -3.588914E-07
 2541   -3.525085E-07
 2542   -3.522313E-07
 2543   -3.519543E-07
 2544   -3.516776E-07
 2545   -3.514013E-07
 2546   -3.494586E-07
 2547   -3.491842E-07
 2548   -3.489102E-07
 2549   -3.486365E-07
 2550   -3.483631E-07
 2551   -3.327144E-07
 2552   -3.324537E-07
 2553   -3.321933E-07
 2554   -3.319332E-07
 2555   -3.316734E-07
 2556   -3.314917E-07
 2557   -3.312324E-07
 2558   -3.309735E-07
 2559   -3.307149E-07
 2560   -3.304566E-07
 2561   -3.272297E-07
 2562   -3.269743E-07
 2563   -3.267192E-07
 2564   -3.264644E-07
 2565   -3.262099E-07
 2566   -3.224376E-07
 2567   -3.221864E-07
 2568   -3.219355E-07
 2569   -3.216850E-07
 2570   -3.214347E-07
 2571   -3.263150E-07
 2572   -3.260613E-07
 2573   -3.258079E-07
 2574   -3.255548E-07
 2575   -3.253020E-07
 2576   -3.154329E-07
 2577   -3.151882E-07
 2578   -3.149437E-07
 2579   -3.146995E-07
 2580   -3.144556E-07
 2581   -3.188097E-07
 2582   -3.185628E-07
 2583   -3.183162E-07
 2584   -3.180699E-07
 2585   -3.178239E-07
 2586   -3.146043E-07
 2587   -3.143612E-07
 2588   -3.141183E-07
 2589   -3.138757E-07
 2590   -3.136333E-07
 2591   -3.090931E-07
 2592   -3.088546E-07
 2593   -3.086164E-07
 2594   -3.083785E-07
 2595   -3.081409E-07
 2596   -3.035746E-07
 2597   -3.033408E-07
 2598   -3.031073E-07
 2599   -3.028741E-07
 2600   -3.026412E-07
 2601   -2.878660E-07
 2602   -2.876447E-07
 2603   -2.874238E-07
 2604   -2.872031E-07
 2605   -2.869826E-07
 2606   -2.881020E-07
 2607   -2.878810E-07
 2608   -2.876603E-07
 2609   -2.874398E-07
 2610   -2.872196E-07
 2611   -2.782161E-07
 2612   -2.780031E-07
 2613   -2.777904E-07
 2614   -2.775779E-07
 2615   -2.773656E-07
 2616   -2.801234E-07
 2617   -2.799094E-07
 2618   -2.796956E-07
 2619   -2.794821E-07
 2620   -2.792688E-07
 2621   -2.708659E-07
 2622   -2.706593E-07
 2623   -2.704530E-07
 2624   -2.702469E-07
 2625   -2.700411E-07
 2626   -2.710718E-07
 2627   -2.708655E-07
 2628   -2.706594E-07
 2629   -2.704535E-07
 2630   -2.702479E-07
 2631   -2.736759E-07
 2632   -2.734680E-07
 2633   -2.732603E-07
 2634   -2.730529E-07
 2635   -2.728457E-07
 2636   -2.654575E-07
 2637   -2.652562E-07
 2638   -2.650551E-07
 2639   -2.648543E-07
 2640   -2.646536E-07
 2641   -2.614193E-07
 2642   -2.612214E-07
 2643   -2.610238E-07
 2644   -2.608264E-07
 2645   -2.606292E-07
 2646   -2.535354E-07
 2647   -2.533438E-07
 2648   -2.531525E-07
 2649   -2.529614E-07
 2650   -2.527706E-07
 2651   -2.430312E-07
 2652   -2.428479E-07
 2653   -2.426649E-07
 2654   -2.424820E-07
 2655   -2.422994E-07
 2656   -2.417810E-07
 2657   -2.415990E-07
 2658   -2.414172E-07
 2659   -2.412357E-07
 2660   -2.410543E-07
 2661   -2.288606E-07
 2662   -2.286886E-07
 2663   -2.285169E-07
 2664   -2.283454E-07
 2665   -2.281741E-07
 2666   -2.324676E-07
 2667   -2.322933E-07
 2668   -2.321192E-07
 2669   -2.319453E-07
 2670   -2.317716E-07
 2671   -2.268301E-07
 2672   -2.266603E-07
 2673   -2.264907E-07
 2674   -2.263214E-07
 2675   -2.261522E-07
 2676   -2.217179E-07
 2677   -2.215523E-07
 2678   -2.213869E-07
 2679   -2.212216E-07
 2680   -2.210566E-07
 2681   -2.248835E-07
 2682   -2.247159E-07
 2683   -2.245484E-07
 2684   -2.243811E-07
 2685   -2.242140E-07
 2686   -2.187407E-07
 2687   -2.185779E-07
 2688   -2.184153E-07
 2689   -2.182528E-07
 2690   -2.180906E-07
 2691   -2.187290E-07
 2692   -2.185665E-07
 2693   -2.184042E-07
 2694   -2.182421E-07
 2695   -2.180802E-07
 2696   -2.052807E-07
 2697   -2.051285E-07
 2698   -2.049765E-07
 2699   -2.048246E-07
 2700   -2.046729E-07
 2701   -2.008842E-07
 2702   -2.007355E-07
 2703   -2.005870E-07
 2704   -2.004387E-07
 2705   -2.002905E-07
 2706   -1.953804E-07
 2707   -1.952361E-07
 2708   -1.950919E-07
 2709   -1.949479E-07
 2710   -1.948041E-07
 2711   -1.902200E-07
 2712   -1.900797E-07
 2713   -1.899396E-07
 2714   -1.897997E-07
 2715   -1.896599E-07
 2716   -1.910186E-07
 2717   -1.908780E-07
 2718   -1.907376E-07
 2719   -1.905973E-07
 2720   -1.904572E-07
 2721   -1.816093E-07
 2722   -1.814759E-07
 2723   -1.813426E-07
 2724   -1.812095E-07
 2725   -1.810765E-07
 2726   -1.836905E-07
 2727   -1.835558E-07
 2728   -1.834213E-07
 2729   -1.832869E-07
 2730   -1.831526E-07
 2731   -1.817414E-07
 2732   -1.816084E-07
 2733   -1.814755E-07
 2734   -1.813428E-07
 2735   -1.812102E-07
 2736   -1.751711E-07
 2737   -1.750431E-07
 2738   -1.749153E-07
 2739   -1.747876E-07
 2740   -1.746600E-07
 2741   -1.758059E-07
 2742   -1.756777E-07
 2743   -1.755496E-07
 2744   -1.754217E-07
 2745   -1.752939E-07
 2746   -1.655469E-07
 2747   -1.654264E-07
 2748   -1.653060E-07
 2749   -1.651857E-07
 2750   -1.650656E-07
 2751   -1.618701E-07
 2752   -1.617524E-07
 2753   -1.616349E-07
 2754   -1.615176E-07
 2755   -1.614004E-07
 2756   -1.562919E-07
 2757   -1.561785E-07
 2758   -1.560653E-07
 2759   -1.559522E-07
 2760   -1.558392E-07
 2761   -1.518291E-07
 2762   -1.517191E-07
 2763   -1.516093E-07
 2764   -1.514997E-07
 2765   -1.513901E-07
 2766   -1.503082E-07
 2767   -1.501996E-07
 2768   -1.500911E-07
 2769   -1.499827E-07
 2770   -1.498744E-07
 2771   -1.441802E-07
 2772   -1.440762E-07
 2773   -1.439723E-07
 2774   -1.438686E-07
 2775   -1.437649E-07
 2776   -1.469090E-07
 2777   -1.468032E-07
 2778   -1.466975E-07
 2779   -1.465919E-07
 2780   -1.464865E-07
 2781   -1.412149E-07
 2782   -1.411134E-07
 2783   -1.410120E-07
 2784   -1.409108E-07
 2785   -1.408096E-07
 2786   -1.409143E-07
 2787   -1.408132E-07
 2788   -1.407122E-07
 2789   -1.406113E-07
 2790   -1.405105E-07
 2791   -1.375695E-07
 2792   -1.374710E-07
 2793   -1.373726E-07
 2794   -1.372743E-07
 2795   -1.371761E-07
 2796   -1.313681E-07
 2797   -1.312742E-07
 2798   -1.311804E-07
 2799   -1.310866E-07
 2800   -1.309930E-07
 2801   -1.264170E-07
 2802   -1.263268E-07
 2803   -1.262366E-07
 2804   -1.261466E-07
 2805   -1.260567E-07
 2806   -1.190738E-07
 2807   -1.189890E-07
 2808   -1.189042E-07
 2809   -1.188196E-07
 2810   -1.187350E-07
 2811   -1.167705E-07
 2812   -1.166875E-07
 2813   -1.166046E-07
 2814   -1.165217E-07
 2815   -1.164389E-07
 2816   -1.157910E-07
 2817   -1.157088E-07
 2818   -1.156267E-07
 2819   -1.155447E-07
 2820   -1.154628E-07
 2821   -1.132273E-07
 2822   -1.131471E-07
 2823   -1.130669E-07
 2824   -1.129868E-07
 2825   -1.129069E-07
 2826   -1.118823E-07
 2827   -1.118032E-07
 2828   -1.117242E-07
 2829   -1.116452E-07
 2830   -1.115663E-07
 2831   -1.096034E-07
 2832   -1.095260E-07
 2833   -1.094487E-07
 2834   -1.093714E-07
 2835   -1.092943E-07
 2836   -1.087426E-07
 2837   -1.086659E-07
 2838   -1.085894E-07
 2839   -1.085129E-07
 2840   -1.084365E-07
 2841   -1.049223E-07
 2842   -1.048485E-07
 2843   -1.047747E-07
 2844   -1.047011E-07
 2845   -1.046275E-07
 2846   -1.005490E-07
 2847   -1.004784E-07
 2848   -1.004078E-07
 2849   -1.003373E-07
 2850   -1.002669E-07
 2851   -9.549800E-08
 2852   -9.543104E-08
 2853   -9.536416E-08
 2854   -9.529734E-08
 2855   -9.523059E-08
 2856   -9.126791E-08
 2857   -9.120403E-08
 2858   -9.114022E-08
 2859   -9.107648E-08
 2860   -9.101280E-08
 2861   -8.911222E-08
 2862   -8.904996E-08
 2863   -8.898777E-08
 2864   -8.892563E-08
 2865   -8.886357E-08
 2866   -8.661153E-08
 2867   -8.655112E-08
 2868   -8.649077E-08
 2869   -8.643049E-08
 2870   -8.637027E-08
 2871   -8.494608E-08
 2872   -8.488694E-08
 2873   -8.482786E-08
 2874   -8.476883E-08
 2875   -8.470987E-08
 2876   -8.245203E-08
 2877   -8.239473E-08
 2878   -8.233748E-08
 2879   -8.228029E-08
 2880   -8.222316E-08
 2881   -8.168673E-08
 2882   -8.163005E-08
 2883   -8.157343E-08
 2884   -8.151687E-08
 2885   -8.146037E-08
 2886   -8.024815E-08
 2887   -8.019257E-08
 2888   -8.013704E-08
 2889   -8.008158E-08
 2890   -8.002617E-08
 2891   -7.829810E-08
 2892   -7.824396E-08
 2893   -7.818988E-08
 2894   -7.813585E-08
 2895   -7.808188E-08
 2896   -7.603108E-08
 2897   -7.597860E-08
 2898   -7.592618E-08
 2899   -7.587380E-08
 2900   -7.582149E-08
 2901   -7.138229E-08
 2902   -7.133310E-08
 2903   -7.128397E-08
 2904   -7.123488E-08
 2905   -7.118585E-08
 2906   -6.888662E-08
 2907   -6.883923E-08
 2908   -6.879190E-08
 2909   -6.874461E-08
 2910   -6.869737E-08
 2911   -6.520246E-08
 2912   -6.515769E-08
 2913   -6.511296E-08
 2914   -6.506828E-08
 2915   -6.502364E-08
 2916   -6.385197E-08
 2917   -6.380820E-08
 2918   -6.376447E-08
 2919   -6.372079E-08
 2920   -6.367715E-08
 2921   -6.407998E-08
 2922   -6.403612E-08
 2923   -6.399232E-08
 2924   -6.394855E-08
 2925   -6.390484E-08
 2926   -6.156144E-08
 2927   -6.151938E-08
 2928   -6.147737E-08
 2929   -6.143540E-08
 2930   -6.139347E-08
 2931   -6.186727E-08
 2932   -6.182507E-08
 2933   -6.178292E-08
 2934   -6.174081E-08
 2935   -6.169875E-08
 2936   -5.995948E-08
 2937   -5.991865E-08
 2938   -5.987787E-08
 2939   -5.983713E-08
 2940   -5.979643E-08
 2941   -5.769968E-08
 2942   -5.766046E-08
 2943   -5.762128E-08
 2944   -5.758214E-08
 2945   -5.754304E-08
 2946   -5.619227E-08
 2947   -5.615414E-08
 2948   -5.611605E-08
 2949   -5.607800E-08
 2950   -5.603998E-08
 2951   -5.144464E-08
 2952   -5.140980E-08
 2953   -5.137498E-08
 2954   -5.134021E-08
 2955   -5.130546E-08
 2956   -4.983439E-08
 2957   -4.980069E-08
 2958   -4.976702E-08
 2959   -4.973339E-08
 2960   -4.969979E-08
 2961   -4.769022E-08
 2962   -4.765802E-08
 2963   -4.762586E-08
 2964   -4.759373E-08
 2965   -4.756163E-08
 2966   -4.668051E-08
 2967   -4.664905E-08
 2968   -4.661762E-08
 2969   -4.658623E-08
 2970   -4.655486E-08
 2971   -4.623118E-08
 2972   -4.620007E-08
 2973   -4.616900E-08
 2974   -4.613796E-08
 2975   -4.610694E-08
 2976   -4.408012E-08
 2977   -4.405051E-08
 2978   -4.402093E-08
 2979   -4.399138E-08
 2980   -4.396186E-08
 2981   -4.477416E-08
 2982   -4.474414E-08
 2983   -4.471414E-08
 2984   -4.468418E-08
 2985   -4.465424E-08
 2986   -4.312043E-08
 2987   -4.309156E-08
 2988   -4.306272E-08
 2989   -4.303391E-08
 2990   -4.300513E-08
 2991   -4.244501E-08
 2992   -4.241664E-08
 2993   -4.238830E-08
 2994   -4.235999E-08
 2995   -4.233171E-08
 2996   -4.027611E-08
 2997   -4.024923E-08
 2998   -4.022239E-08
 2999   -4.019557E-08
 3000   -4.016878E-08
 3001   -3.772251E-08
 3002   -3.769739E-08
 3003   -3.767228E-08
 3004   -3.764721E-08
 3005   -3.762215E-08
 3006   -3.681582E-08
 3007   -3.679134E-08
 3008   -3.676688E-08
 3009   -3.674245E-08
 3010   -3.671804E-08
 3011   -3.479753E-08
 3012   -3.477442E-08
 3013   -3.475134E-08
 3014   -3.472829E-08
 3015   -3.470525E-08
 3016   -3.386565E-08
 3017   -3.384321E-08
 3018   -3.382078E-08
 3019   -3.379838E-08
 3020   -3.377600E-08
 3021   -3.322583E-08
 3022   -3.320385E-08
 3023   -3.318188E-08
 3024   -3.315994E-08
 3025   -3.313802E-08
 3026   -3.216909E-08
 3027   -3.214784E-08
 3028   -3.212661E-08
 3029   -3.210540E-08
 3030   -3.208421E-08
 3031   -3.285045E-08
 3032   -3.282878E-08
 3033   -3.280714E-08
 3034   -3.278552E-08
 3035   -3.276391E-08
 3036   -3.181312E-08
 3037   -3.179218E-08
 3038   -3.177125E-08
 3039   -3.175034E-08
 3040   -3.172946E-08
 3041   -3.132742E-08
 3042   -3.130683E-08
 3043   -3.128626E-08
 3044   -3.126571E-08
 3045   -3.124517E-08
 3046   -2.982429E-08
 3047   -2.980471E-08
 3048   -2.978516E-08
 3049   -2.976563E-08
 3050   -2.974611E-08
 3051   -2.866588E-08
 3052   -2.864709E-08
 3053   -2.862833E-08
 3054   -2.860959E-08
 3055   -2.859086E-08
 3056   -2.758354E-08
 3057   -2.756550E-08
 3058   -2.754747E-08
 3059   -2.752946E-08
 3060   -2.751147E-08
 3061   -2.606897E-08
 3062   -2.605195E-08
 3063   -2.603494E-08
 3064   -2.601795E-08
 3065   -2.600098E-08
 3066   -2.588100E-08
 3067   -2.586412E-08
 3068   -2.584727E-08
 3069   -2.583043E-08
 3070   -2.581360E-08
 3071   -2.513562E-08
 3072   -2.511926E-08
 3073   -2.510292E-08
 3074   -2.508659E-08
 3075   -2.507027E-08
 3076   -2.478403E-08
 3077   -2.476793E-08
 3078   -2.475184E-08
 3079   -2.473576E-08
 3080   -2.471970E-08
 3081   -2.328467E-08
 3082   -2.326956E-08
 3083   -2.325446E-08
 3084   -2.323939E-08
 3085   -2.322432E-08
 3086   -2.165309E-08
 3087   -2.163907E-08
 3088   -2.162506E-08
 3089   -2.161106E-08
 3090   -2.159707E-08
 3091   -1.925913E-08
 3092   -1.924668E-08
 3093   -1.923423E-08
 3094   -1.922180E-08
 3095   -1.920938E-08
 3096   -1.532496E-08
 3097   -1.531507E-08
 3098   -1.530518E-08
 3099   -1.529531E-08
 3100   -1.528544E-08
 3101   -1.140588E-08
 3102   -1.139852E-08
 3103   -1.139118E-08
 3104   -1.138384E-08
 3105   -1.137651E-08
 3106   -7.518080E-09
 3107   -7.513241E-09
 3108   -7.508407E-09
 3109   -7.503578E-09
 3110   -7.498753E-09
 3111   -5.127222E-09
 3112   -5.123928E-09
 3113   -5.120636E-09
 3114   -5.117348E-09
 3115   -5.114063E-09
 3116   -3.457085E-09
 3117   -3.454867E-09
 3118   -3.452652E-09
 3119   -3.450438E-09
 3120   -3.448227E-09
 3121   -2.503598E-09
 3122   -2.501994E-09
 3123   -2.500392E-09
 3124   -2.498792E-09
 3125   -2.497193E-09
 3126   -1.988265E-09
 3127   -1.986994E-09
 3128   -1.985724E-09
 3129   -1.984455E-09
 3130   -1.983187E-09
 3131   -1.633323E-09
 3132   -1.632280E-09
 3133   -1.631239E-09
 3134   -1.630198E-09
 3135   -1.629158E-09
 3136   -1.449840E-09
 3137   -1.448916E-09
 3138   -1.447993E-09
 3139   -1.447070E-09
 3140   -1.446149E-09
 3141   -1.243115E-09
 3142   -1.242324E-09
 3143   -1.241534E-09
 3144   -1.240744E-09
 3145   -1.239955E-09
 3146   -1.094004E-09
 3147   -1.093309E-09
 3148   -1.092615E-09
 3149   -1.091921E-09
 3150   -1.091228E-09
 3151   -9.932840E-10
 3152   -9.926539E-10
 3153   -9.920243E-10
 3154   -9.913954E-10
 3155   -9.907670E-10
 3156   -8.709142E-10
 3157   -8.703625E-10
 3158   -8.698114E-10
 3159   -8.692608E-10
 3160   -8.687107E-10
 3161   -7.993378E-10
 3162   -7.988323E-10
 3163   -7.983272E-10
 3164   -7.978227E-10
 3165   -7.973186E-10
 3166   -7.363675E-10
 3167   -7.359025E-10
 3168   -7.354380E-10
 3169   -7.349740E-10
 3170   -7.345103E-10
 3171   -6.961560E-10
 3172   -6.957172E-10
 3173   -6.952787E-10
 3174   -6.948407E-10
 3175   -6.944030E-10
 3176   -6.546588E-10
 3177   -6.542467E-10
 3178   -6.538350E-10
 3179   -6.534238E-10
 3180   -6.530129E-10
 3181   -5.915516E-10
 3182   -5.911799E-10
 3183   -5.908085E-10
 3184   -5.904374E-10
 3185   -5.900667E-10
 3186   -5.621354E-10
 3187   -5.617827E-10
 3188   -5.614303E-10
 3189   -5.610783E-10
 3190   -5.607266E-10
 3191   -5.084918E-10
 3192   -5.081732E-10
 3193   -5.078550E-10
 3194   -5.075370E-10
 3195   -5.072193E-10
 3196   -4.894390E-10
 3197   -4.891329E-10
 3198   -4.888270E-10
 3199   -4.885214E-10
 3200   -4.882162E-10
 3201   -4.563737E-10
 3202   -4.560887E-10
 3203   -4.558039E-10
 3204   -4.555195E-10
 3205   -4.552352E-10
 3206   -4.241740E-10
 3207   -4.239095E-10
 3208   -4.236453E-10
 3209   -4.233813E-10
 3210   -4.231176E-10
 3211   -4.092643E-10
 3212   -4.090095E-10
 3213   -4.087549E-10
 3214   -4.085006E-10
 3215   -4.082465E-10
 3216   -3.812135E-10
 3217   -3.809765E-10
 3218   -3.807398E-10
 3219   -3.805033E-10
 3220   -3.802670E-10
 3221   -3.672630E-10
 3222   -3.670351E-10
 3223   -3.668074E-10
 3224   -3.665799E-10
 3225   -3.663526E-10
 3226   -3.508010E-10
 3227   -3.505836E-10
 3228   -3.503664E-10
 3229   -3.501494E-10
 3230   -3.499327E-10
 3231   -3.256692E-10
 3232   -3.254677E-10
 3233   -3.252664E-10
 3234   -3.250652E-10
 3235   -3.248643E-10
 3236   -3.218017E-10
 3237   -3.216029E-10
 3238   -3.214043E-10
 3239   -3.212059E-10
 3240   -3.210076E-10
 3241   -2.970302E-10
 3242   -2.968470E-10
 3243   -2.966640E-10
 3244   -2.964811E-10
 3245   -2.962984E-10
 3246   -2.914906E-10
 3247   -2.913111E-10
 3248   -2.911317E-10
 3249   -2.909525E-10
 3250   -2.907735E-10
 3251   -2.763428E-10
 3252   -2.761729E-10
 3253   -2.760031E-10
 3254   -2.758335E-10
 3255   -2.756641E-10
 3256   -2.619525E-10
 3257   -2.617916E-10
 3258   -2.616309E-10
 3259   -2.614704E-10
 3260   -2.613100E-10
 3261   -2.573099E-10
 3262   -2.571521E-10
 3263   -2.569945E-10
 3264   -2.568371E-10
 3265   -2.566798E-10
 3266   -2.376103E-10
 3267   -2.374649E-10
 3268   -2.373196E-10
 3269   -2.371744E-10
 3270   -2.370294E-10
 3271   -2.349895E-10
 3272   -2.348459E-10
 3273   -2.347024E-10
 3274   -2.345590E-10
 3275   -2.344158E-10
 3276   -2.216998E-10
 3277   -2.215645E-10
 3278   -2.214293E-10
 3279   -2.212943E-10
 3280   -2.211594E-10
 3281   -2.141388E-10
 3282   -2.140084E-10
 3283   -2.138780E-10
 3284   -2.137478E-10
 3285   -2.136177E-10
 3286   -2.063755E-10
 3287   -2.062500E-10
 3288   -2.061245E-10
 3289   -2.059992E-10
 3290   -2.058740E-10
 3291   -1.922647E-10
 3292   -1.921479E-10
 3293   -1.920312E-10
 3294   -1.919146E-10
 3295   -1.917981E-10
 3296   -1.915773E-10
 3297   -1.914611E-10
 3298   -1.913450E-10
 3299   -1.912290E-10
 3300   -1.911132E-10
