   50    7.189837E-13
   51    5.451931E-13
   52    5.244276E-13
   53    5.048263E-13
   54    4.863037E-13
   55    4.687821E-13
   56    2.501415E-13
   57    2.414423E-13
   58    2.331890E-13
   59    2.253519E-13
   60    2.179032E-13
   61    1.280616E-13
   62    1.239642E-13
   63    1.200603E-13
   64    1.163379E-13
   65    1.127861E-13
   66    3.343630E-13
   67    3.244570E-13
   68    3.149849E-13
   69    3.059215E-13
   70    2.972437E-13
   71    2.367613E-13
   72    2.302306E-13
   73    2.239664E-13
   74    2.179544E-13
   75    2.121813E-13
   76    3.469731E-13
   77    3.380197E-13
   78    3.294085E-13
   79    3.211221E-13
   80    3.131445E-13
   81    5.035986E-13
   82    4.913911E-13
   83    4.796221E-13
   84    4.682709E-13
   85    4.573179E-13
   86    3.823777E-13
   87    3.736382E-13
   88    3.651950E-13
   89    3.570347E-13
   90    3.491449E-13
   91    3.924131E-13
   92    3.839290E-13
   93    3.757171E-13
   94    3.677658E-13
   95    3.600644E-13
   96    2.784528E-13
   97    2.727412E-13
   98    2.672036E-13
   99    2.618330E-13
  100    2.566226E-13
  101    1.069981E-13
  102    1.049104E-13
  103    1.028832E-13
  104    1.009143E-13
  105    9.900128E-14
  106    7.527867E-14
  107    7.387820E-14
  108    7.251644E-14
  109    7.119200E-14
  110    6.990351E-14
  111    1.803263E-13
  112    1.771206E-13
  113    1.739997E-13
  114    1.709605E-13
  115    1.680002E-13
  116    2.543627E-13
  117    2.500333E-13
  118    2.458135E-13
  119    2.416996E-13
  120    2.376881E-13
  121    4.473476E-13
  122    4.400442E-13
  123    4.329182E-13
  124    4.259639E-13
  125    4.191759E-13
  126    5.868498E-13
  127    5.776446E-13
  128    5.686543E-13
  129    5.598722E-13
  130    5.512921E-13
  131    5.281362E-13
  132    5.201646E-13
  133    5.123721E-13
  134    5.047534E-13
  135    4.973034E-13
  136    3.924307E-13
  137    3.867228E-13
  138    3.811385E-13
  139    3.756743E-13
  140    3.703267E-13
  141    2.213465E-13
  142    2.182400E-13
  143    2.151984E-13
  144    2.122199E-13
  145    2.093029E-13
  146    1.989211E-13
  147    1.962239E-13
  148    1.935812E-13
  149    1.909916E-13
  150    1.884535E-13
  151    3.232310E-13
  152    3.189920E-13
  153    3.148358E-13
  154    3.107604E-13
  155    3.067635E-13
  156    3.514690E-13
  157    3.470060E-13
  158    3.426275E-13
  159    3.383313E-13
  160    3.341154E-13
  161    8.584420E-13
  162    8.478768E-13
  163    8.375054E-13
  164    8.273231E-13
  165    8.173254E-13
  166    7.335005E-13
  167    7.247425E-13
  168    7.161403E-13
  169    7.076904E-13
  170    6.993892E-13
  171    8.771789E-13
  172    8.670089E-13
  173    8.570147E-13
  174    8.471924E-13
  175    8.375379E-13
  176    1.213200E-12
  177    1.199530E-12
  178    1.186091E-12
  179    1.172875E-12
  180    1.159880E-12
  181    7.115015E-13
  182    7.037044E-13
  183    6.960347E-13
  184    6.884897E-13
  185    6.810667E-13
  186    8.116569E-13
  187    8.029994E-13
  188    7.944796E-13
  189    7.860947E-13
  190    7.778419E-13
  191    6.903749E-13
  192    6.832023E-13
  193    6.761408E-13
  194    6.691883E-13
  195    6.623425E-13
  196    7.507900E-13
  197    7.431872E-13
  198    7.356992E-13
  199    7.283239E-13
  200    7.210589E-13
  201    7.173364E-13
  202    7.102517E-13
  203    7.032714E-13
  204    6.963936E-13
  205    6.896161E-13
  206    3.200773E-13
  207    3.169922E-13
  208    3.139515E-13
  209    3.109544E-13
  210    3.080000E-13
  211    3.518767E-14
  212    3.485650E-14
  213    3.452997E-14
  214    3.420802E-14
  215    3.389055E-14
  216    0.000000E+00
  217    0.000000E+00
  218    0.000000E+00
  219    0.000000E+00
  220    0.000000E+00
  221    0.000000E+00
  222    0.000000E+00
  223    0.000000E+00
  224    0.000000E+00
  225    0.000000E+00
  226    1.684201E-14
  227    1.669395E-14
  228    1.654784E-14
  229    1.640363E-14
  230    1.626130E-14
  231    0.000000E+00
  232    0.000000E+00
  233    0.000000E+00
  234    0.000000E+00
  235    0.000000E+00
  236    0.000000E+00
  237    0.000000E+00
  238    0.000000E+00
  239    0.000000E+00
  240    0.000000E+00
  241    0.000000E+00
  242    0.000000E+00
  243    0.000000E+00
  244    0.000000E+00
  245    0.000000E+00
  246    6.674437E-13
  247    6.620502E-13
  248    6.567219E-13
  249    6.514576E-13
  250    6.462564E-13
  251    7.619567E-12
  252    7.559214E-12
  253    7.499576E-12
  254    7.440641E-12
  255    7.382397E-12
  256    1.193571E-11
  257    1.184301E-11
  258    1.175138E-11
  259    1.166081E-11
  260    1.157129E-11
  261    2.368493E-11
  262    2.350447E-11
  263    2.332607E-11
  264    2.314969E-11
  265    2.297531E-11
  266    2.067046E-11
  267    2.051591E-11
  268    2.036310E-11
  269    2.021198E-11
  270    2.006254E-11
  271    4.375196E-11
  272    4.343085E-11
  273    4.311326E-11
  274    4.279914E-11
  275    4.248844E-11
  276    9.391748E-11
  277    9.324060E-11
  278    9.257101E-11
  279    9.190861E-11
  280    9.125330E-11
  281    4.221020E-10
  282    4.191137E-10
  283    4.161570E-10
  284    4.132315E-10
  285    4.103367E-10
  286    7.633436E-10
  287    7.580334E-10
  288    7.527784E-10
  289    7.475779E-10
  290    7.424311E-10
  291    1.260858E-09
  292    1.252236E-09
  293    1.243703E-09
  294    1.235257E-09
  295    1.226897E-09
  296    1.843999E-09
  297    1.831603E-09
  298    1.819331E-09
  299    1.807182E-09
  300    1.795154E-09
  301    2.220092E-09
  302    2.205414E-09
  303    2.190881E-09
  304    2.176491E-09
  305    2.162242E-09
  306    3.480001E-09
  307    3.457367E-09
  308    3.434953E-09
  309    3.412756E-09
  310    3.390774E-09
  311    3.470997E-09
  312    3.448783E-09
  313    3.426781E-09
  314    3.404989E-09
  315    3.383404E-09
  316    4.629114E-09
  317    4.599954E-09
  318    4.571069E-09
  319    4.542456E-09
  320    4.514110E-09
  321    5.686816E-09
  322    5.651549E-09
  323    5.616609E-09
  324    5.581993E-09
  325    5.547695E-09
  326    5.517528E-09
  327    5.483834E-09
  328    5.450447E-09
  329    5.417364E-09
  330    5.384581E-09
  331    7.428956E-09
  332    7.384271E-09
  333    7.339988E-09
  334    7.296102E-09
  335    7.252608E-09
  336    7.008506E-09
  337    6.966974E-09
  338    6.925810E-09
  339    6.885010E-09
  340    6.844570E-09
  341    9.458497E-09
  342    9.403266E-09
  343    9.348516E-09
  344    9.294243E-09
  345    9.240442E-09
  346    9.983195E-09
  347    9.925738E-09
  348    9.868776E-09
  349    9.812303E-09
  350    9.756312E-09
  351    9.971629E-09
  352    9.915053E-09
  353    9.858957E-09
  354    9.803335E-09
  355    9.748183E-09
  356    1.269003E-08
  357    1.261904E-08
  358    1.254864E-08
  359    1.247883E-08
  360    1.240960E-08
  361    1.203287E-08
  362    1.196648E-08
  363    1.190064E-08
  364    1.183534E-08
  365    1.177058E-08
  366    1.434811E-08
  367    1.427003E-08
  368    1.419258E-08
  369    1.411576E-08
  370    1.403956E-08
  371    1.426640E-08
  372    1.418980E-08
  373    1.411382E-08
  374    1.403844E-08
  375    1.396367E-08
  376    1.598908E-08
  377    1.590437E-08
  378    1.582033E-08
  379    1.573696E-08
  380    1.565424E-08
  381    1.804335E-08
  382    1.794900E-08
  383    1.785540E-08
  384    1.776252E-08
  385    1.767037E-08
  386    1.696903E-08
  387    1.688145E-08
  388    1.679454E-08
  389    1.670830E-08
  390    1.662273E-08
  391    2.025304E-08
  392    2.014984E-08
  393    2.004742E-08
  394    1.994579E-08
  395    1.984492E-08
  396    1.943166E-08
  397    1.933389E-08
  398    1.923685E-08
  399    1.914055E-08
  400    1.904497E-08
  401    2.247009E-08
  402    2.235844E-08
  403    2.224761E-08
  404    2.213761E-08
  405    2.202843E-08
  406    2.338370E-08
  407    2.326893E-08
  408    2.315501E-08
  409    2.304192E-08
  410    2.292966E-08
  411    2.355504E-08
  412    2.344083E-08
  413    2.332746E-08
  414    2.321490E-08
  415    2.310316E-08
  416    2.526713E-08
  417    2.514609E-08
  418    2.502592E-08
  419    2.490661E-08
  420    2.478814E-08
  421    2.651897E-08
  422    2.639343E-08
  423    2.626879E-08
  424    2.614503E-08
  425    2.602214E-08
  426    2.890250E-08
  427    2.876728E-08
  428    2.863301E-08
  429    2.849968E-08
  430    2.836728E-08
  431    3.073847E-08
  432    3.059633E-08
  433    3.045517E-08
  434    3.031498E-08
  435    3.017576E-08
  436    3.283801E-08
  437    3.268789E-08
  438    3.253880E-08
  439    3.239073E-08
  440    3.224367E-08
  441    3.257340E-08
  442    3.242617E-08
  443    3.227995E-08
  444    3.213471E-08
  445    3.199044E-08
  446    3.517724E-08
  447    3.502003E-08
  448    3.486386E-08
  449    3.470874E-08
  450    3.455465E-08
  451    3.682191E-08
  452    3.665916E-08
  453    3.649749E-08
  454    3.633688E-08
  455    3.617733E-08
  456    3.978277E-08
  457    3.960885E-08
  458    3.943608E-08
  459    3.926443E-08
  460    3.909390E-08
  461    4.100542E-08
  462    4.082810E-08
  463    4.065192E-08
  464    4.047689E-08
  465    4.030298E-08
  466    3.877550E-08
  467    3.860962E-08
  468    3.844479E-08
  469    3.828103E-08
  470    3.811830E-08
  471    4.599253E-08
  472    4.579785E-08
  473    4.560441E-08
  474    4.541219E-08
  475    4.522118E-08
  476    4.488922E-08
  477    4.470120E-08
  478    4.451436E-08
  479    4.432869E-08
  480    4.414418E-08
  481    5.034659E-08
  482    5.013790E-08
  483    4.993051E-08
  484    4.972440E-08
  485    4.951956E-08
  486    4.869080E-08
  487    4.849104E-08
  488    4.829251E-08
  489    4.809520E-08
  490    4.789909E-08
  491    4.771661E-08
  492    4.752283E-08
  493    4.733024E-08
  494    4.713881E-08
  495    4.694855E-08
  496    5.498565E-08
  497    5.476461E-08
  498    5.454489E-08
  499    5.432649E-08
  500    5.410940E-08
  501    5.160950E-08
  502    5.140409E-08
  503    5.119991E-08
  504    5.099693E-08
  505    5.079517E-08
  506    5.901710E-08
  507    5.878452E-08
  508    5.855332E-08
  509    5.832347E-08
  510    5.809498E-08
  511    5.870379E-08
  512    5.847470E-08
  513    5.824695E-08
  514    5.802053E-08
  515    5.779543E-08
  516    6.002317E-08
  517    5.979120E-08
  518    5.956057E-08
  519    5.933127E-08
  520    5.910329E-08
  521    6.628385E-08
  522    6.603013E-08
  523    6.577787E-08
  524    6.552705E-08
  525    6.527766E-08
  526    5.846475E-08
  527    5.824309E-08
  528    5.802268E-08
  529    5.780352E-08
  530    5.758560E-08
  531    7.012093E-08
  532    6.985756E-08
  533    6.959568E-08
  534    6.933526E-08
  535    6.907631E-08
  536    6.675383E-08
  537    6.650544E-08
  538    6.625844E-08
  539    6.601281E-08
  540    6.576855E-08
  541    7.369806E-08
  542    7.342637E-08
  543    7.315617E-08
  544    7.288746E-08
  545    7.262023E-08
  546    7.367461E-08
  547    7.340548E-08
  548    7.313782E-08
  549    7.287162E-08
  550    7.260688E-08
  551    6.974967E-08
  552    6.949719E-08
  553    6.924607E-08
  554    6.899631E-08
  555    6.874790E-08
  556    8.087614E-08
  557    8.058600E-08
  558    8.029742E-08
  559    8.001039E-08
  560    7.972489E-08
  561    7.448122E-08
  562    7.421640E-08
  563    7.395298E-08
  564    7.369097E-08
  565    7.343035E-08
  566    8.307415E-08
  567    8.278137E-08
  568    8.249015E-08
  569    8.220046E-08
  570    8.191229E-08
  571    7.898582E-08
  572    7.870988E-08
  573    7.843540E-08
  574    7.816234E-08
  575    7.789071E-08
  576    8.533538E-08
  577    8.503985E-08
  578    8.474585E-08
  579    8.445337E-08
  580    8.416240E-08
  581    8.642627E-08
  582    8.612953E-08
  583    8.583431E-08
  584    8.554061E-08
  585    8.524841E-08
  586    8.453184E-08
  587    8.424407E-08
  588    8.395777E-08
  589    8.367293E-08
  590    8.338953E-08
  591    9.259690E-08
  592    9.228434E-08
  593    9.197335E-08
  594    9.166394E-08
  595    9.135608E-08
  596    9.025126E-08
  597    8.994917E-08
  598    8.964859E-08
  599    8.934951E-08
  600    8.905193E-08
  601    9.588940E-08
  602    9.557110E-08
  603    9.525438E-08
  604    9.493922E-08
  605    9.462564E-08
  606    9.340442E-08
  607    9.309692E-08
  608    9.279093E-08
  609    9.248645E-08
  610    9.218347E-08
  611    9.094474E-08
  612    9.064778E-08
  613    9.035227E-08
  614    9.005820E-08
  615    8.976557E-08
  616    1.037400E-07
  617    1.034040E-07
  618    1.030697E-07
  619    1.027369E-07
  620    1.024058E-07
  621    9.719320E-08
  622    9.688094E-08
  623    9.657017E-08
  624    9.626090E-08
  625    9.595311E-08
  626    1.051667E-07
  627    1.048316E-07
  628    1.044980E-07
  629    1.041660E-07
  630    1.038355E-07
  631    9.984761E-08
  632    9.953189E-08
  633    9.921766E-08
  634    9.890492E-08
  635    9.859365E-08
  636    1.029011E-07
  637    1.025783E-07
  638    1.022570E-07
  639    1.019371E-07
  640    1.016188E-07
  641    1.104183E-07
  642    1.100746E-07
  643    1.097325E-07
  644    1.093920E-07
  645    1.090530E-07
  646    1.023346E-07
  647    1.020185E-07
  648    1.017039E-07
  649    1.013907E-07
  650    1.010790E-07
  651    1.130025E-07
  652    1.126561E-07
  653    1.123113E-07
  654    1.119681E-07
  655    1.116265E-07
  656    1.085039E-07
  657    1.081739E-07
  658    1.078453E-07
  659    1.075183E-07
  660    1.071927E-07
  661    1.113470E-07
  662    1.110108E-07
  663    1.106762E-07
  664    1.103431E-07
  665    1.100115E-07
  666    1.129022E-07
  667    1.125639E-07
  668    1.122272E-07
  669    1.118919E-07
  670    1.115581E-07
  671    1.062624E-07
  672    1.059463E-07
  673    1.056317E-07
  674    1.053185E-07
  675    1.050067E-07
  676    1.190085E-07
  677    1.186572E-07
  678    1.183074E-07
  679    1.179592E-07
  680    1.176125E-07
  681    1.101592E-07
  682    1.098364E-07
  683    1.095150E-07
  684    1.091950E-07
  685    1.088764E-07
  686    1.201749E-07
  687    1.198253E-07
  688    1.194772E-07
  689    1.191306E-07
  690    1.187856E-07
  691    1.163265E-07
  692    1.159906E-07
  693    1.156561E-07
  694    1.153230E-07
  695    1.149914E-07
  696    1.150299E-07
  697    1.147001E-07
  698    1.143716E-07
  699    1.140446E-07
  700    1.137190E-07
  701    1.224935E-07
  702    1.221448E-07
  703    1.217975E-07
  704    1.214518E-07
  705    1.211075E-07
  706    1.114598E-07
  707    1.111447E-07
  708    1.108310E-07
  709    1.105186E-07
  710    1.102075E-07
  711    1.217190E-07
  712    1.213774E-07
  713    1.210372E-07
  714    1.206983E-07
  715    1.203610E-07
  716    1.170199E-07
  717    1.166937E-07
  718    1.163689E-07
  719    1.160454E-07
  720    1.157233E-07
  721    1.221889E-07
  722    1.218507E-07
  723    1.215139E-07
  724    1.211784E-07
  725    1.208444E-07
  726    1.205196E-07
  727    1.201883E-07
  728    1.198583E-07
  729    1.195297E-07
  730    1.192025E-07
  731    1.144460E-07
  732    1.141335E-07
  733    1.138223E-07
  734    1.135124E-07
  735    1.132037E-07
  736    1.201035E-07
  737    1.197778E-07
  738    1.194534E-07
  739    1.191303E-07
  740    1.188086E-07
  741    1.169074E-07
  742    1.165925E-07
  743    1.162789E-07
  744    1.159665E-07
  745    1.156554E-07
  746    1.207408E-07
  747    1.204178E-07
  748    1.200960E-07
  749    1.197755E-07
  750    1.194564E-07
  751    1.204392E-07
  752    1.201191E-07
  753    1.198002E-07
  754    1.194827E-07
  755    1.191664E-07
  756    1.115263E-07
  757    1.112319E-07
  758    1.109386E-07
  759    1.106464E-07
  760    1.103555E-07
  761    1.261310E-07
  762    1.258001E-07
  763    1.254706E-07
  764    1.251424E-07
  765    1.248154E-07
  766    1.156629E-07
  767    1.153615E-07
  768    1.150613E-07
  769    1.147622E-07
  770    1.144644E-07
  771    1.171505E-07
  772    1.168472E-07
  773    1.165450E-07
  774    1.162441E-07
  775    1.159443E-07
  776    1.155393E-07
  777    1.152421E-07
  778    1.149460E-07
  779    1.146511E-07
  780    1.143573E-07
  781    1.170760E-07
  782    1.167768E-07
  783    1.164787E-07
  784    1.161818E-07
  785    1.158860E-07
  786    1.165544E-07
  787    1.162584E-07
  788    1.159635E-07
  789    1.156697E-07
  790    1.153771E-07
  791    1.131325E-07
  792    1.128470E-07
  793    1.125626E-07
  794    1.122792E-07
  795    1.119970E-07
  796    1.157724E-07
  797    1.154821E-07
  798    1.151928E-07
  799    1.149047E-07
  800    1.146176E-07
  801    1.112563E-07
  802    1.109791E-07
  803    1.107028E-07
  804    1.104276E-07
  805    1.101534E-07
  806    1.130421E-07
  807    1.127621E-07
  808    1.124832E-07
  809    1.122053E-07
  810    1.119284E-07
  811    1.102644E-07
  812    1.099930E-07
  813    1.097225E-07
  814    1.094531E-07
  815    1.091847E-07
  816    1.082385E-07
  817    1.079737E-07
  818    1.077099E-07
  819    1.074470E-07
  820    1.071851E-07
  821    1.100129E-07
  822    1.097454E-07
  823    1.094789E-07
  824    1.092133E-07
  825    1.089487E-07
  826    1.092071E-07
  827    1.089432E-07
  828    1.086802E-07
  829    1.084182E-07
  830    1.081571E-07
  831    1.107564E-07
  832    1.104903E-07
  833    1.102252E-07
  834    1.099610E-07
  835    1.096978E-07
  836    1.054780E-07
  837    1.052262E-07
  838    1.049752E-07
  839    1.047251E-07
  840    1.044759E-07
  841    1.035578E-07
  842    1.033120E-07
  843    1.030670E-07
  844    1.028230E-07
  845    1.025797E-07
  846    1.088843E-07
  847    1.086273E-07
  848    1.083713E-07
  849    1.081161E-07
  850    1.078619E-07
  851    1.014466E-07
  852    1.012086E-07
  853    1.009714E-07
  854    1.007351E-07
  855    1.004996E-07
  856    1.051706E-07
  857    1.049254E-07
  858    1.046809E-07
  859    1.044373E-07
  860    1.041946E-07
  861    9.939037E-08
  862    9.915990E-08
  863    9.893023E-08
  864    9.870135E-08
  865    9.847327E-08
  866    1.059448E-07
  867    1.057005E-07
  868    1.054571E-07
  869    1.052145E-07
  870    1.049728E-07
  871    1.049931E-07
  872    1.047524E-07
  873    1.045125E-07
  874    1.042735E-07
  875    1.040353E-07
  876    1.011427E-07
  877    1.009121E-07
  878    1.006824E-07
  879    1.004534E-07
  880    1.002253E-07
  881    1.043479E-07
  882    1.041114E-07
  883    1.038758E-07
  884    1.036409E-07
  885    1.034068E-07
  886    1.010843E-07
  887    1.008565E-07
  888    1.006295E-07
  889    1.004032E-07
  890    1.001777E-07
  891    1.036366E-07
  892    1.034044E-07
  893    1.031729E-07
  894    1.029423E-07
  895    1.027123E-07
  896    1.020980E-07
  897    1.018705E-07
  898    1.016438E-07
  899    1.014178E-07
  900    1.011925E-07
  901    1.002912E-07
  902    1.000689E-07
  903    9.984743E-08
  904    9.962665E-08
  905    9.940660E-08
  906    1.066027E-07
  907    1.063678E-07
  908    1.061336E-07
  909    1.059002E-07
  910    1.056676E-07
  911    1.019496E-07
  912    1.017261E-07
  913    1.015034E-07
  914    1.012814E-07
  915    1.010602E-07
  916    1.100928E-07
  917    1.098528E-07
  918    1.096136E-07
  919    1.093752E-07
  920    1.091376E-07
  921    1.046874E-07
  922    1.044604E-07
  923    1.042342E-07
  924    1.040087E-07
  925    1.037839E-07
  926    1.077022E-07
  927    1.074699E-07
  928    1.072384E-07
  929    1.070077E-07
  930    1.067777E-07
  931    1.150659E-07
  932    1.148191E-07
  933    1.145731E-07
  934    1.143279E-07
  935    1.140834E-07
  936    1.066595E-07
  937    1.064319E-07
  938    1.062051E-07
  939    1.059790E-07
  940    1.057537E-07
  941    1.159083E-07
  942    1.156623E-07
  943    1.154171E-07
  944    1.151727E-07
  945    1.149291E-07
  946    1.143175E-07
  947    1.140762E-07
  948    1.138357E-07
  949    1.135959E-07
  950    1.133569E-07
  951    1.198541E-07
  952    1.196024E-07
  953    1.193516E-07
  954    1.191015E-07
  955    1.188522E-07
  956    1.216883E-07
  957    1.214342E-07
  958    1.211808E-07
  959    1.209282E-07
  960    1.206764E-07
  961    1.200334E-07
  962    1.197840E-07
  963    1.195353E-07
  964    1.192874E-07
  965    1.190403E-07
  966    1.336422E-07
  967    1.333660E-07
  968    1.330906E-07
  969    1.328160E-07
  970    1.325423E-07
  971    1.267816E-07
  972    1.265209E-07
  973    1.262609E-07
  974    1.260018E-07
  975    1.257435E-07
  976    1.410390E-07
  977    1.407504E-07
  978    1.404627E-07
  979    1.401759E-07
  980    1.398900E-07
  981    1.420037E-07
  982    1.417146E-07
  983    1.414265E-07
  984    1.411391E-07
  985    1.408527E-07
  986    1.424653E-07
  987    1.421768E-07
  988    1.418891E-07
  989    1.416023E-07
  990    1.413164E-07
  991    1.536979E-07
  992    1.533882E-07
  993    1.530794E-07
  994    1.527715E-07
  995    1.524646E-07
  996    1.537500E-07
  997    1.534417E-07
  998    1.531344E-07
  999    1.528280E-07
 1000    1.525224E-07
 1001    1.630967E-07
 1002    1.627714E-07
 1003    1.624470E-07
 1004    1.621235E-07
 1005    1.618010E-07
 1006    1.655640E-07
 1007    1.652353E-07
 1008    1.649076E-07
 1009    1.645809E-07
 1010    1.642552E-07
 1011    1.729470E-07
 1012    1.726053E-07
 1013    1.722647E-07
 1014    1.719251E-07
 1015    1.715865E-07
 1016    1.947005E-07
 1017    1.943178E-07
 1018    1.939362E-07
 1019    1.935557E-07
 1020    1.931764E-07
 1021    1.903903E-07
 1022    1.900179E-07
 1023    1.896466E-07
 1024    1.892764E-07
 1025    1.889073E-07
 1026    2.040366E-07
 1027    2.036394E-07
 1028    2.032434E-07
 1029    2.028486E-07
 1030    2.024549E-07
 1031    2.126997E-07
 1032    2.122877E-07
 1033    2.118769E-07
 1034    2.114673E-07
 1035    2.110589E-07
 1036    2.237441E-07
 1037    2.233127E-07
 1038    2.228827E-07
 1039    2.224539E-07
 1040    2.220263E-07
 1041    2.430134E-07
 1042    2.425472E-07
 1043    2.420823E-07
 1044    2.416188E-07
 1045    2.411566E-07
 1046    2.475135E-07
 1047    2.470409E-07
 1048    2.465697E-07
 1049    2.460998E-07
 1050    2.456312E-07
 1051    2.638963E-07
 1052    2.633948E-07
 1053    2.628948E-07
 1054    2.623962E-07
 1055    2.618990E-07
 1056    2.728618E-07
 1057    2.723458E-07
 1058    2.718312E-07
 1059    2.713180E-07
 1060    2.708064E-07
 1061    2.915282E-07
 1062    2.909794E-07
 1063    2.904322E-07
 1064    2.898865E-07
 1065    2.893424E-07
 1066    3.136277E-07
 1067    3.130401E-07
 1068    3.124542E-07
 1069    3.118699E-07
 1070    3.112872E-07
 1071    3.312746E-07
 1072    3.306569E-07
 1073    3.300408E-07
 1074    3.294265E-07
 1075    3.288139E-07
 1076    3.352466E-07
 1077    3.346243E-07
 1078    3.340038E-07
 1079    3.333850E-07
 1080    3.327679E-07
 1081    3.719548E-07
 1082    3.712676E-07
 1083    3.705823E-07
 1084    3.698988E-07
 1085    3.692173E-07
 1086    3.828452E-07
 1087    3.821411E-07
 1088    3.814389E-07
 1089    3.807387E-07
 1090    3.800404E-07
 1091    3.937602E-07
 1092    3.930394E-07
 1093    3.923205E-07
 1094    3.916036E-07
 1095    3.908887E-07
 1096    4.177744E-07
 1097    4.170131E-07
 1098    4.162538E-07
 1099    4.154967E-07
 1100    4.147416E-07
 1101    4.405802E-07
 1102    4.397809E-07
 1103    4.389839E-07
 1104    4.381890E-07
 1105    4.373962E-07
 1106    4.384141E-07
 1107    4.376224E-07
 1108    4.368328E-07
 1109    4.360454E-07
 1110    4.352601E-07
 1111    4.636232E-07
 1112    4.627897E-07
 1113    4.619585E-07
 1114    4.611295E-07
 1115    4.603027E-07
 1116    4.767993E-07
 1117    4.759459E-07
 1118    4.750949E-07
 1119    4.742461E-07
 1120    4.733997E-07
 1121    5.242036E-07
 1122    5.232696E-07
 1123    5.223381E-07
 1124    5.214091E-07
 1125    5.204825E-07
 1126    5.178261E-07
 1127    5.169076E-07
 1128    5.159915E-07
 1129    5.150778E-07
 1130    5.141666E-07
 1131    5.571589E-07
 1132    5.561750E-07
 1133    5.551936E-07
 1134    5.542149E-07
 1135    5.532387E-07
 1136    5.806281E-07
 1137    5.796073E-07
 1138    5.785891E-07
 1139    5.775736E-07
 1140    5.765607E-07
 1141    6.116243E-07
 1142    6.105537E-07
 1143    6.094858E-07
 1144    6.084207E-07
 1145    6.073584E-07
 1146    6.616555E-07
 1147    6.605023E-07
 1148    6.593521E-07
 1149    6.582049E-07
 1150    6.570607E-07
 1151    6.549572E-07
 1152    6.538206E-07
 1153    6.526869E-07
 1154    6.515563E-07
 1155    6.504285E-07
 1156    7.032745E-07
 1157    7.020593E-07
 1158    7.008473E-07
 1159    6.996384E-07
 1160    6.984327E-07
 1161    7.219147E-07
 1162    7.206727E-07
 1163    7.194339E-07
 1164    7.181982E-07
 1165    7.169658E-07
 1166    7.664234E-07
 1167    7.651105E-07
 1168    7.638009E-07
 1169    7.624947E-07
 1170    7.611918E-07
 1171    8.385859E-07
 1172    8.371555E-07
 1173    8.357287E-07
 1174    8.343056E-07
 1175    8.328861E-07
 1176    8.161920E-07
 1177    8.148057E-07
 1178    8.134229E-07
 1179    8.120437E-07
 1180    8.106679E-07
 1181    8.999427E-07
 1182    8.984206E-07
 1183    8.969024E-07
 1184    8.953880E-07
 1185    8.938774E-07
 1186    9.423191E-07
 1187    9.407320E-07
 1188    9.391490E-07
 1189    9.375699E-07
 1190    9.359948E-07
 1191    9.473264E-07
 1192    9.457376E-07
 1193    9.441528E-07
 1194    9.425720E-07
 1195    9.409951E-07
 1196    9.993244E-07
 1197    9.976554E-07
 1198    9.959906E-07
 1199    9.943299E-07
 1200    9.926734E-07
 1201    1.000095E-06
 1202    9.984312E-07
 1203    9.967720E-07
 1204    9.951169E-07
 1205    9.934659E-07
 1206    1.071821E-06
 1207    1.070045E-06
 1208    1.068275E-06
 1209    1.066508E-06
 1210    1.064746E-06
 1211    1.074243E-06
 1212    1.072471E-06
 1213    1.070703E-06
 1214    1.068940E-06
 1215    1.067181E-06
 1216    1.115161E-06
 1217    1.113329E-06
 1218    1.111502E-06
 1219    1.109679E-06
 1220    1.107860E-06
 1221    1.198673E-06
 1222    1.196712E-06
 1223    1.194756E-06
 1224    1.192805E-06
 1225    1.190858E-06
 1226    1.176146E-06
 1227    1.174229E-06
 1228    1.172318E-06
 1229    1.170411E-06
 1230    1.168508E-06
 1231    1.306350E-06
 1232    1.304230E-06
 1233    1.302116E-06
 1234    1.300006E-06
 1235    1.297902E-06
 1236    1.297793E-06
 1237    1.295695E-06
 1238    1.293603E-06
 1239    1.291516E-06
 1240    1.289433E-06
 1241    1.342333E-06
 1242    1.340173E-06
 1243    1.338017E-06
 1244    1.335867E-06
 1245    1.333722E-06
 1246    1.427786E-06
 1247    1.425497E-06
 1248    1.423214E-06
 1249    1.420935E-06
 1250    1.418663E-06
 1251    1.419558E-06
 1252    1.417291E-06
 1253    1.415030E-06
 1254    1.412774E-06
 1255    1.410523E-06
 1256    1.556177E-06
 1257    1.553702E-06
 1258    1.551233E-06
 1259    1.548770E-06
 1260    1.546312E-06
 1261    1.503125E-06
 1262    1.500743E-06
 1263    1.498368E-06
 1264    1.495998E-06
 1265    1.493634E-06
 1266    1.617523E-06
 1267    1.614971E-06
 1268    1.612425E-06
 1269    1.609884E-06
 1270    1.607350E-06
 1271    1.701251E-06
 1272    1.698577E-06
 1273    1.695910E-06
 1274    1.693248E-06
 1275    1.690593E-06
 1276    1.692719E-06
 1277    1.690069E-06
 1278    1.687425E-06
 1279    1.684787E-06
 1280    1.682156E-06
 1281    1.786647E-06
 1282    1.783860E-06
 1283    1.781081E-06
 1284    1.778308E-06
 1285    1.775541E-06
 1286    1.815659E-06
 1287    1.812838E-06
 1288    1.810025E-06
 1289    1.807217E-06
 1290    1.804416E-06
 1291    1.946785E-06
 1292    1.943772E-06
 1293    1.940767E-06
 1294    1.937768E-06
 1295    1.934777E-06
 1296    1.935737E-06
 1297    1.932753E-06
 1298    1.929776E-06
 1299    1.926806E-06
 1300    1.923843E-06
 1301    1.985979E-06
 1302    1.982929E-06
 1303    1.979887E-06
 1304    1.976851E-06
 1305    1.973823E-06
 1306    2.011030E-06
 1307    2.007954E-06
 1308    2.004885E-06
 1309    2.001823E-06
 1310    1.998768E-06
 1311    2.054619E-06
 1312    2.051489E-06
 1313    2.048365E-06
 1314    2.045248E-06
 1315    2.042139E-06
 1316    2.142716E-06
 1317    2.139463E-06
 1318    2.136218E-06
 1319    2.132980E-06
 1320    2.129749E-06
 1321    2.139962E-06
 1322    2.136726E-06
 1323    2.133497E-06
 1324    2.130276E-06
 1325    2.127061E-06
 1326    2.212838E-06
 1327    2.209504E-06
 1328    2.206178E-06
 1329    2.202859E-06
 1330    2.199548E-06
 1331    2.258181E-06
 1332    2.254791E-06
 1333    2.251409E-06
 1334    2.248035E-06
 1335    2.244669E-06
 1336    2.334900E-06
 1337    2.331408E-06
 1338    2.327925E-06
 1339    2.324449E-06
 1340    2.320981E-06
 1341    2.427399E-06
 1342    2.423783E-06
 1343    2.420175E-06
 1344    2.416575E-06
 1345    2.412983E-06
 1346    2.438658E-06
 1347    2.435039E-06
 1348    2.431427E-06
 1349    2.427824E-06
 1350    2.424228E-06
 1351    2.523147E-06
 1352    2.519416E-06
 1353    2.515694E-06
 1354    2.511979E-06
 1355    2.508273E-06
 1356    2.586852E-06
 1357    2.583041E-06
 1358    2.579238E-06
 1359    2.575444E-06
 1360    2.571658E-06
 1361    2.632897E-06
 1362    2.629032E-06
 1363    2.625176E-06
 1364    2.621328E-06
 1365    2.617488E-06
 1366    2.698456E-06
 1367    2.694510E-06
 1368    2.690572E-06
 1369    2.686643E-06
 1370    2.682722E-06
 1371    2.780658E-06
 1372    2.776606E-06
 1373    2.772563E-06
 1374    2.768529E-06
 1375    2.764504E-06
 1376    2.978469E-06
 1377    2.974145E-06
 1378    2.969830E-06
 1379    2.965524E-06
 1380    2.961228E-06
 1381    2.929363E-06
 1382    2.925125E-06
 1383    2.920897E-06
 1384    2.916677E-06
 1385    2.912467E-06
 1386    3.057798E-06
 1387    3.053390E-06
 1388    3.048992E-06
 1389    3.044603E-06
 1390    3.040224E-06
 1391    2.988827E-06
 1392    2.984534E-06
 1393    2.980250E-06
 1394    2.975976E-06
 1395    2.971711E-06
 1396    3.154073E-06
 1397    3.149559E-06
 1398    3.145055E-06
 1399    3.140560E-06
 1400    3.136076E-06
 1401    3.199437E-06
 1402    3.194874E-06
 1403    3.190322E-06
 1404    3.185779E-06
 1405    3.181245E-06
 1406    3.142928E-06
 1407    3.138462E-06
 1408    3.134005E-06
 1409    3.129558E-06
 1410    3.125121E-06
 1411    3.221300E-06
 1412    3.216739E-06
 1413    3.212188E-06
 1414    3.207646E-06
 1415    3.203114E-06
 1416    3.206132E-06
 1417    3.201608E-06
 1418    3.197094E-06
 1419    3.192589E-06
 1420    3.188094E-06
 1421    3.294103E-06
 1422    3.289471E-06
 1423    3.284849E-06
 1424    3.280238E-06
 1425    3.275635E-06
 1426    3.468933E-06
 1427    3.464073E-06
 1428    3.459223E-06
 1429    3.454383E-06
 1430    3.449554E-06
 1431    3.476809E-06
 1432    3.471954E-06
 1433    3.467110E-06
 1434    3.462277E-06
 1435    3.457453E-06
 1436    3.620420E-06
 1437    3.615383E-06
 1438    3.610356E-06
 1439    3.605340E-06
 1440    3.600334E-06
 1441    3.645543E-06
 1442    3.640488E-06
 1443    3.635444E-06
 1444    3.630411E-06
 1445    3.625388E-06
 1446    3.718137E-06
 1447    3.713000E-06
 1448    3.707873E-06
 1449    3.702757E-06
 1450    3.697651E-06
 1451    3.751429E-06
 1452    3.746263E-06
 1453    3.741108E-06
 1454    3.735964E-06
 1455    3.730831E-06
 1456    3.694797E-06
 1457    3.689727E-06
 1458    3.684667E-06
 1459    3.679618E-06
 1460    3.674579E-06
 1461    4.017165E-06
 1462    4.011671E-06
 1463    4.006189E-06
 1464    4.000718E-06
 1465    3.995258E-06
 1466    3.918811E-06
 1467    3.913470E-06
 1468    3.908140E-06
 1469    3.902821E-06
 1470    3.897513E-06
 1471    4.114270E-06
 1472    4.108682E-06
 1473    4.103105E-06
 1474    4.097539E-06
 1475    4.091985E-06
 1476    4.037869E-06
 1477    4.032403E-06
 1478    4.026949E-06
 1479    4.021505E-06
 1480    4.016072E-06
 1481    4.175785E-06
 1482    4.170152E-06
 1483    4.164530E-06
 1484    4.158919E-06
 1485    4.153320E-06
 1486    4.357457E-06
 1487    4.351599E-06
 1488    4.345752E-06
 1489    4.339916E-06
 1490    4.334093E-06
 1491    4.282275E-06
 1492    4.276537E-06
 1493    4.270810E-06
 1494    4.265095E-06
 1495    4.259391E-06
 1496    4.340573E-06
 1497    4.334776E-06
 1498    4.328991E-06
 1499    4.323217E-06
 1500    4.317454E-06
 1501    4.337209E-06
 1502    4.331435E-06
 1503    4.325674E-06
 1504    4.319923E-06
 1505    4.314185E-06
 1506    4.383487E-06
 1507    4.377671E-06
 1508    4.371867E-06
 1509    4.366074E-06
 1510    4.360294E-06
 1511    4.482108E-06
 1512    4.476181E-06
 1513    4.470266E-06
 1514    4.464363E-06
 1515    4.458471E-06
 1516    4.386585E-06
 1517    4.380804E-06
 1518    4.375034E-06
 1519    4.369275E-06
 1520    4.363528E-06
 1521    4.518741E-06
 1522    4.512805E-06
 1523    4.506881E-06
 1524    4.500969E-06
 1525    4.495068E-06
 1526    4.735365E-06
 1527    4.729165E-06
 1528    4.722977E-06
 1529    4.716801E-06
 1530    4.710637E-06
 1531    4.718902E-06
 1532    4.712743E-06
 1533    4.706597E-06
 1534    4.700463E-06
 1535    4.694340E-06
 1536    4.719174E-06
 1537    4.713036E-06
 1538    4.706909E-06
 1539    4.700794E-06
 1540    4.694691E-06
 1541    4.591282E-06
 1542    4.585329E-06
 1543    4.579387E-06
 1544    4.573458E-06
 1545    4.567539E-06
 1546    4.884523E-06
 1547    4.878210E-06
 1548    4.871910E-06
 1549    4.865621E-06
 1550    4.859345E-06
 1551    4.692856E-06
 1552    4.686811E-06
 1553    4.680777E-06
 1554    4.674755E-06
 1555    4.668744E-06
 1556    4.821145E-06
 1557    4.814954E-06
 1558    4.808775E-06
 1559    4.802608E-06
 1560    4.796453E-06
 1561    4.788319E-06
 1562    4.782190E-06
 1563    4.776072E-06
 1564    4.769967E-06
 1565    4.763873E-06
 1566    4.798592E-06
 1567    4.792470E-06
 1568    4.786359E-06
 1569    4.780260E-06
 1570    4.774172E-06
 1571    4.911429E-06
 1572    4.905182E-06
 1573    4.898948E-06
 1574    4.892725E-06
 1575    4.886514E-06
 1576    5.038505E-06
 1577    5.032117E-06
 1578    5.025741E-06
 1579    5.019378E-06
 1580    5.013026E-06
 1581    5.089289E-06
 1582    5.082857E-06
 1583    5.076437E-06
 1584    5.070030E-06
 1585    5.063634E-06
 1586    5.242168E-06
 1587    5.235564E-06
 1588    5.228972E-06
 1589    5.222393E-06
 1590    5.215826E-06
 1591    5.220691E-06
 1592    5.214134E-06
 1593    5.207590E-06
 1594    5.201058E-06
 1595    5.194538E-06
 1596    5.233808E-06
 1597    5.227256E-06
 1598    5.220716E-06
 1599    5.214188E-06
 1600    5.207672E-06
 1601    5.187445E-06
 1602    5.180971E-06
 1603    5.174509E-06
 1604    5.168059E-06
 1605    5.161621E-06
 1606    5.174918E-06
 1607    5.168479E-06
 1608    5.162053E-06
 1609    5.155638E-06
 1610    5.149236E-06
 1611    5.333259E-06
 1612    5.326644E-06
 1613    5.320041E-06
 1614    5.313451E-06
 1615    5.306873E-06
 1616    5.294090E-06
 1617    5.287544E-06
 1618    5.281010E-06
 1619    5.274488E-06
 1620    5.267978E-06
 1621    5.392757E-06
 1622    5.386110E-06
 1623    5.379474E-06
 1624    5.372852E-06
 1625    5.366241E-06
 1626    5.395009E-06
 1627    5.388379E-06
 1628    5.381761E-06
 1629    5.375156E-06
 1630    5.368563E-06
 1631    5.635174E-06
 1632    5.628270E-06
 1633    5.621379E-06
 1634    5.614501E-06
 1635    5.607635E-06
 1636    5.583220E-06
 1637    5.576401E-06
 1638    5.569594E-06
 1639    5.562800E-06
 1640    5.556018E-06
 1641    5.732600E-06
 1642    5.725619E-06
 1643    5.718652E-06
 1644    5.711697E-06
 1645    5.704755E-06
 1646    5.652678E-06
 1647    5.645816E-06
 1648    5.638967E-06
 1649    5.632129E-06
 1650    5.625305E-06
 1651    5.787303E-06
 1652    5.780299E-06
 1653    5.773307E-06
 1654    5.766328E-06
 1655    5.759362E-06
 1656    5.734161E-06
 1657    5.727242E-06
 1658    5.720335E-06
 1659    5.713441E-06
 1660    5.706560E-06
 1661    5.667124E-06
 1662    5.660307E-06
 1663    5.653501E-06
 1664    5.646708E-06
 1665    5.639927E-06
 1666    5.955544E-06
 1667    5.948401E-06
 1668    5.941271E-06
 1669    5.934153E-06
 1670    5.927049E-06
 1671    6.032138E-06
 1672    6.024925E-06
 1673    6.017724E-06
 1674    6.010537E-06
 1675    6.003362E-06
 1676    6.273928E-06
 1677    6.266448E-06
 1678    6.258981E-06
 1679    6.251528E-06
 1680    6.244088E-06
 1681    6.257037E-06
 1682    6.249599E-06
 1683    6.242174E-06
 1684    6.234763E-06
 1685    6.227365E-06
 1686    6.290320E-06
 1687    6.282865E-06
 1688    6.275423E-06
 1689    6.267994E-06
 1690    6.260579E-06
 1691    6.282819E-06
 1692    6.275394E-06
 1693    6.267983E-06
 1694    6.260585E-06
 1695    6.253200E-06
 1696    6.238432E-06
 1697    6.231082E-06
 1698    6.223745E-06
 1699    6.216421E-06
 1700    6.209109E-06
 1701    6.292237E-06
 1702    6.284845E-06
 1703    6.277466E-06
 1704    6.270100E-06
 1705    6.262748E-06
 1706    6.286812E-06
 1707    6.279448E-06
 1708    6.272097E-06
 1709    6.264759E-06
 1710    6.257434E-06
 1711    6.401714E-06
 1712    6.394238E-06
 1713    6.386774E-06
 1714    6.379324E-06
 1715    6.371887E-06
 1716    6.702941E-06
 1717    6.695136E-06
 1718    6.687344E-06
 1719    6.679566E-06
 1720    6.671801E-06
 1721    6.784300E-06
 1722    6.776423E-06
 1723    6.768559E-06
 1724    6.760709E-06
 1725    6.752873E-06
 1726    7.233263E-06
 1727    7.224888E-06
 1728    7.216529E-06
 1729    7.208183E-06
 1730    7.199853E-06
 1731    7.227523E-06
 1732    7.219180E-06
 1733    7.210851E-06
 1734    7.202536E-06
 1735    7.194236E-06
 1736    7.476869E-06
 1737    7.468262E-06
 1738    7.459671E-06
 1739    7.451094E-06
 1740    7.442532E-06
 1741    7.462968E-06
 1742    7.454402E-06
 1743    7.445851E-06
 1744    7.437315E-06
 1745    7.428793E-06
 1746    7.031231E-06
 1747    7.023184E-06
 1748    7.015151E-06
 1749    7.007131E-06
 1750    6.999125E-06
 1751    6.705453E-06
 1752    6.697801E-06
 1753    6.690161E-06
 1754    6.682535E-06
 1755    6.674922E-06
 1756    6.229135E-06
 1757    6.222046E-06
 1758    6.214970E-06
 1759    6.207905E-06
 1760    6.200853E-06
 1761    6.307911E-06
 1762    6.300753E-06
 1763    6.293607E-06
 1764    6.286474E-06
 1765    6.279352E-06
 1766    6.574121E-06
 1767    6.566682E-06
 1768    6.559256E-06
 1769    6.551842E-06
 1770    6.544441E-06
 1771    7.526868E-06
 1772    7.518375E-06
 1773    7.509897E-06
 1774    7.501432E-06
 1775    7.492982E-06
 1776    8.988418E-06
 1777    8.978304E-06
 1778    8.968208E-06
 1779    8.958128E-06
 1780    8.948066E-06
 1781    1.013222E-05
 1782    1.012085E-05
 1783    1.010950E-05
 1784    1.009817E-05
 1785    1.008686E-05
 1786    1.133350E-05
 1787    1.132082E-05
 1788    1.130816E-05
 1789    1.129552E-05
 1790    1.128290E-05
 1791    1.185844E-05
 1792    1.184521E-05
 1793    1.183200E-05
 1794    1.181881E-05
 1795    1.180565E-05
 1796    1.251548E-05
 1797    1.250155E-05
 1798    1.248765E-05
 1799    1.247377E-05
 1800    1.245992E-05
 1801    1.322495E-05
 1802    1.321027E-05
 1803    1.319562E-05
 1804    1.318100E-05
 1805    1.316640E-05
 1806    1.407985E-05
 1807    1.406427E-05
 1808    1.404872E-05
 1809    1.403319E-05
 1810    1.401769E-05
 1811    1.537021E-05
 1812    1.535325E-05
 1813    1.533632E-05
 1814    1.531942E-05
 1815    1.530254E-05
 1816    1.615960E-05
 1817    1.614182E-05
 1818    1.612406E-05
 1819    1.610634E-05
 1820    1.608864E-05
 1821    1.702148E-05
 1822    1.700280E-05
 1823    1.698415E-05
 1824    1.696554E-05
 1825    1.694695E-05
 1826    1.595050E-05
 1827    1.593305E-05
 1828    1.591562E-05
 1829    1.589822E-05
 1830    1.588085E-05
 1831    1.404223E-05
 1832    1.402691E-05
 1833    1.401161E-05
 1834    1.399633E-05
 1835    1.398108E-05
 1836    1.102964E-05
 1837    1.101764E-05
 1838    1.100565E-05
 1839    1.099369E-05
 1840    1.098174E-05
 1841    6.335954E-06
 1842    6.329076E-06
 1843    6.322210E-06
 1844    6.315355E-06
 1845    6.308510E-06
 1846   -2.959435E-07
 1847   -2.956231E-07
 1848   -2.953032E-07
 1849   -2.949839E-07
 1850   -2.946651E-07
 1851   -8.344475E-06
 1852   -8.335466E-06
 1853   -8.326472E-06
 1854   -8.317492E-06
 1855   -8.308527E-06
 1856   -1.587661E-05
 1857   -1.585952E-05
 1858   -1.584245E-05
 1859   -1.582541E-05
 1860   -1.580840E-05
 1861   -2.119550E-05
 1862   -2.117274E-05
 1863   -2.115002E-05
 1864   -2.112733E-05
 1865   -2.110468E-05
 1866   -2.316628E-05
 1867   -2.314147E-05
 1868   -2.311670E-05
 1869   -2.309197E-05
 1870   -2.306727E-05
 1871   -2.033948E-05
 1872   -2.031776E-05
 1873   -2.029607E-05
 1874   -2.027441E-05
 1875   -2.025279E-05
 1876   -8.589767E-06
 1877   -8.580617E-06
 1878   -8.571481E-06
 1879   -8.562360E-06
 1880   -8.553253E-06
 1881    1.307298E-05
 1882    1.305909E-05
 1883    1.304522E-05
 1884    1.303138E-05
 1885    1.301755E-05
 1886    4.574133E-05
 1887    4.569286E-05
 1888    4.564447E-05
 1889    4.559616E-05
 1890    4.554792E-05
 1891    9.091668E-05
 1892    9.082060E-05
 1893    9.072467E-05
 1894    9.062889E-05
 1895    9.053327E-05
 1896    1.518302E-04
 1897    1.516701E-04
 1898    1.515104E-04
 1899    1.513508E-04
 1900    1.511916E-04
 1901    2.101896E-04
 1902    2.099687E-04
 1903    2.097481E-04
 1904    2.095278E-04
 1905    2.093079E-04
 1906    2.704026E-04
 1907    2.701190E-04
 1908    2.698360E-04
 1909    2.695534E-04
 1910    2.692712E-04
 1911    3.168856E-04
 1912    3.165542E-04
 1913    3.162233E-04
 1914    3.158930E-04
 1915    3.155631E-04
 1916    3.406836E-04
 1917    3.403282E-04
 1918    3.399735E-04
 1919    3.396192E-04
 1920    3.392655E-04
 1921    3.403472E-04
 1922    3.399932E-04
 1923    3.396396E-04
 1924    3.392867E-04
 1925    3.389343E-04
 1926    2.857667E-04
 1927    2.854702E-04
 1928    2.851741E-04
 1929    2.848785E-04
 1930    2.845834E-04
 1931    1.546990E-04
 1932    1.545389E-04
 1933    1.543790E-04
 1934    1.542194E-04
 1935    1.540600E-04
 1936   -1.011020E-04
 1937   -1.009977E-04
 1938   -1.008935E-04
 1939   -1.007894E-04
 1940   -1.006856E-04
 1941   -5.030294E-04
 1942   -5.025115E-04
 1943   -5.019944E-04
 1944   -5.014781E-04
 1945   -5.009626E-04
 1946   -1.056643E-03
 1947   -1.055558E-03
 1948   -1.054474E-03
 1949   -1.053393E-03
 1950   -1.052312E-03
 1951   -1.610203E-03
 1952   -1.608553E-03
 1953   -1.606906E-03
 1954   -1.605262E-03
 1955   -1.603620E-03
 1956   -2.177597E-03
 1957   -2.175372E-03
 1958   -2.173151E-03
 1959   -2.170933E-03
 1960   -2.168718E-03
 1961   -2.345643E-03
 1962   -2.343253E-03
 1963   -2.340866E-03
 1964   -2.338483E-03
 1965   -2.336104E-03
 1966   -2.487459E-03
 1967   -2.484931E-03
 1968   -2.482406E-03
 1969   -2.479885E-03
 1970   -2.477368E-03
 1971   -2.296572E-03
 1972   -2.294243E-03
 1973   -2.291918E-03
 1974   -2.289597E-03
 1975   -2.287279E-03
 1976   -1.747977E-03
 1977   -1.746209E-03
 1978   -1.744444E-03
 1979   -1.742681E-03
 1980   -1.740921E-03
 1981   -6.826351E-04
 1982   -6.819465E-04
 1983   -6.812589E-04
 1984   -6.805723E-04
 1985   -6.798867E-04
 1986    1.258932E-03
 1987    1.257665E-03
 1988    1.256400E-03
 1989    1.255137E-03
 1990    1.253876E-03
 1991    4.525685E-03
 1992    4.521142E-03
 1993    4.516606E-03
 1994    4.512077E-03
 1995    4.507555E-03
 1996    8.897398E-03
 1997    8.888490E-03
 1998    8.879595E-03
 1999    8.870713E-03
 2000    8.861844E-03
 2001    1.386647E-02
 2002    1.385263E-02
 2003    1.383880E-02
 2004    1.382499E-02
 2005    1.381120E-02
 2006    1.834694E-02
 2007    1.832867E-02
 2008    1.831041E-02
 2009    1.829219E-02
 2010    1.827399E-02
 2011    2.109911E-02
 2012    2.107814E-02
 2013    2.105721E-02
 2014    2.103630E-02
 2015    2.101543E-02
 2016    2.329202E-02
 2017    2.326893E-02
 2018    2.324587E-02
 2019    2.322285E-02
 2020    2.319986E-02
 2021    2.380951E-02
 2022    2.378597E-02
 2023    2.376246E-02
 2024    2.373899E-02
 2025    2.371555E-02
 2026    2.354411E-02
 2027    2.352088E-02
 2028    2.349769E-02
 2029    2.347453E-02
 2030    2.345141E-02
 2031    2.338142E-02
 2032    2.335841E-02
 2033    2.333544E-02
 2034    2.331250E-02
 2035    2.328959E-02
 2036    2.101573E-02
 2037    2.099510E-02
 2038    2.097450E-02
 2039    2.095394E-02
 2040    2.093340E-02
 2041    1.847861E-02
 2042    1.846051E-02
 2043    1.844245E-02
 2044    1.842440E-02
 2045    1.840639E-02
 2046    1.355114E-02
 2047    1.353790E-02
 2048    1.352469E-02
 2049    1.351149E-02
 2050    1.349831E-02
 2051    8.586923E-03
 2052    8.578556E-03
 2053    8.570201E-03
 2054    8.561858E-03
 2055    8.553527E-03
 2056    4.159001E-03
 2057    4.154958E-03
 2058    4.150921E-03
 2059    4.146890E-03
 2060    4.142865E-03
 2061    9.569403E-04
 2062    9.560123E-04
 2063    9.550857E-04
 2064    9.541605E-04
 2065    9.532366E-04
 2066   -9.836270E-04
 2067   -9.826755E-04
 2068   -9.817254E-04
 2069   -9.807766E-04
 2070   -9.798292E-04
 2071   -1.999034E-03
 2072   -1.997105E-03
 2073   -1.995179E-03
 2074   -1.993255E-03
 2075   -1.991335E-03
 2076   -2.564501E-03
 2077   -2.562032E-03
 2078   -2.559567E-03
 2079   -2.557105E-03
 2080   -2.554647E-03
 2081   -2.723493E-03
 2082   -2.720877E-03
 2083   -2.718265E-03
 2084   -2.715657E-03
 2085   -2.713053E-03
 2086   -2.686230E-03
 2087   -2.683656E-03
 2088   -2.681086E-03
 2089   -2.678520E-03
 2090   -2.675957E-03
 2091   -2.289338E-03
 2092   -2.287150E-03
 2093   -2.284965E-03
 2094   -2.282783E-03
 2095   -2.280604E-03
 2096   -1.804416E-03
 2097   -1.802696E-03
 2098   -1.800978E-03
 2099   -1.799262E-03
 2100   -1.797549E-03
 2101   -1.166555E-03
 2102   -1.165446E-03
 2103   -1.164338E-03
 2104   -1.163231E-03
 2105   -1.162126E-03
 2106   -5.785884E-04
 2107   -5.780394E-04
 2108   -5.774911E-04
 2109   -5.769435E-04
 2110   -5.763968E-04
 2111   -1.631152E-04
 2112   -1.629608E-04
 2113   -1.628066E-04
 2114   -1.626526E-04
 2115   -1.624988E-04
 2116    1.012281E-04
 2117    1.011325E-04
 2118    1.010371E-04
 2119    1.009417E-04
 2120    1.008465E-04
 2121    2.411911E-04
 2122    2.409639E-04
 2123    2.407369E-04
 2124    2.405103E-04
 2125    2.402840E-04
 2126    2.976993E-04
 2127    2.974195E-04
 2128    2.971400E-04
 2129    2.968609E-04
 2130    2.965823E-04
 2131    3.036960E-04
 2132    3.034112E-04
 2133    3.031268E-04
 2134    3.028427E-04
 2135    3.025591E-04
 2136    2.827191E-04
 2137    2.824546E-04
 2138    2.821904E-04
 2139    2.819266E-04
 2140    2.816632E-04
 2141    2.354835E-04
 2142    2.352637E-04
 2143    2.350442E-04
 2144    2.348250E-04
 2145    2.346061E-04
 2146    1.754433E-04
 2147    1.752799E-04
 2148    1.751168E-04
 2149    1.749538E-04
 2150    1.747911E-04
 2151    1.069835E-04
 2152    1.068840E-04
 2153    1.067848E-04
 2154    1.066857E-04
 2155    1.065867E-04
 2156    4.886429E-05
 2157    4.881900E-05
 2158    4.877376E-05
 2159    4.872859E-05
 2160    4.868348E-05
 2161    3.711091E-06
 2162    3.707658E-06
 2163    3.704231E-06
 2164    3.700808E-06
 2165    3.697390E-06
 2166   -2.892767E-05
 2167   -2.890097E-05
 2168   -2.887432E-05
 2169   -2.884770E-05
 2170   -2.882112E-05
 2171   -5.029915E-05
 2172   -5.025285E-05
 2173   -5.020661E-05
 2174   -5.016043E-05
 2175   -5.011432E-05
 2176   -5.945843E-05
 2177   -5.940382E-05
 2178   -5.934928E-05
 2179   -5.929482E-05
 2180   -5.924043E-05
 2181   -6.284491E-05
 2182   -6.278732E-05
 2183   -6.272981E-05
 2184   -6.267238E-05
 2185   -6.261502E-05
 2186   -5.998412E-05
 2187   -5.992928E-05
 2188   -5.987451E-05
 2189   -5.981982E-05
 2190   -5.976520E-05
 2191   -5.169372E-05
 2192   -5.164657E-05
 2193   -5.159948E-05
 2194   -5.155245E-05
 2195   -5.150549E-05
 2196   -4.245237E-05
 2197   -4.241373E-05
 2198   -4.237515E-05
 2199   -4.233662E-05
 2200   -4.229814E-05
 2201   -3.025372E-05
 2202   -3.022625E-05
 2203   -3.019882E-05
 2204   -3.017142E-05
 2205   -3.014406E-05
 2206   -2.137434E-05
 2207   -2.135497E-05
 2208   -2.133563E-05
 2209   -2.131632E-05
 2210   -2.129703E-05
 2211   -1.446799E-05
 2212   -1.445491E-05
 2213   -1.444185E-05
 2214   -1.442881E-05
 2215   -1.441578E-05
 2216   -9.940912E-06
 2217   -9.931947E-06
 2218   -9.922993E-06
 2219   -9.914051E-06
 2220   -9.905122E-06
 2221   -7.494963E-06
 2222   -7.488219E-06
 2223   -7.481483E-06
 2224   -7.474757E-06
 2225   -7.468039E-06
 2226   -6.133111E-06
 2227   -6.127604E-06
 2228   -6.122105E-06
 2229   -6.116613E-06
 2230   -6.111129E-06
 2231   -6.132285E-06
 2232   -6.126792E-06
 2233   -6.121305E-06
 2234   -6.115826E-06
 2235   -6.110355E-06
 2236   -6.589771E-06
 2237   -6.583880E-06
 2238   -6.577998E-06
 2239   -6.572123E-06
 2240   -6.566257E-06
 2241   -6.916550E-06
 2242   -6.910381E-06
 2243   -6.904221E-06
 2244   -6.898069E-06
 2245   -6.891925E-06
 2246   -7.412562E-06
 2247   -7.405966E-06
 2248   -7.399378E-06
 2249   -7.392800E-06
 2250   -7.386230E-06
 2251   -7.000756E-06
 2252   -6.994540E-06
 2253   -6.988332E-06
 2254   -6.982133E-06
 2255   -6.975942E-06
 2256   -6.929032E-06
 2257   -6.922893E-06
 2258   -6.916763E-06
 2259   -6.910640E-06
 2260   -6.904526E-06
 2261   -7.015816E-06
 2262   -7.009614E-06
 2263   -7.003420E-06
 2264   -6.997235E-06
 2265   -6.991057E-06
 2266   -7.583066E-06
 2267   -7.576377E-06
 2268   -7.569698E-06
 2269   -7.563027E-06
 2270   -7.556365E-06
 2271   -8.469072E-06
 2272   -8.461618E-06
 2273   -8.454175E-06
 2274   -8.446741E-06
 2275   -8.439317E-06
 2276   -8.953677E-06
 2277   -8.945815E-06
 2278   -8.937962E-06
 2279   -8.930120E-06
 2280   -8.922289E-06
 2281   -9.726946E-06
 2282   -9.718423E-06
 2283   -9.709911E-06
 2284   -9.701410E-06
 2285   -9.692920E-06
 2286   -9.653740E-06
 2287   -9.645300E-06
 2288   -9.636870E-06
 2289   -9.628452E-06
 2290   -9.620045E-06
 2291   -9.231488E-06
 2292   -9.223434E-06
 2293   -9.215391E-06
 2294   -9.207358E-06
 2295   -9.199336E-06
 2296   -8.431239E-06
 2297   -8.423899E-06
 2298   -8.416569E-06
 2299   -8.409249E-06
 2300   -8.401938E-06
 2301   -7.430173E-06
 2302   -7.423719E-06
 2303   -7.417274E-06
 2304   -7.410836E-06
 2305   -7.404408E-06
 2306   -6.979919E-06
 2307   -6.973869E-06
 2308   -6.967827E-06
 2309   -6.961793E-06
 2310   -6.955767E-06
 2311   -6.380865E-06
 2312   -6.375346E-06
 2313   -6.369835E-06
 2314   -6.364330E-06
 2315   -6.358833E-06
 2316   -6.267789E-06
 2317   -6.262380E-06
 2318   -6.256978E-06
 2319   -6.251583E-06
 2320   -6.246195E-06
 2321   -6.176899E-06
 2322   -6.171580E-06
 2323   -6.166267E-06
 2324   -6.160962E-06
 2325   -6.155663E-06
 2326   -6.238370E-06
 2327   -6.233009E-06
 2328   -6.227656E-06
 2329   -6.222309E-06
 2330   -6.216969E-06
 2331   -6.368988E-06
 2332   -6.363527E-06
 2333   -6.358073E-06
 2334   -6.352626E-06
 2335   -6.347186E-06
 2336   -6.255612E-06
 2337   -6.250259E-06
 2338   -6.244914E-06
 2339   -6.239575E-06
 2340   -6.234243E-06
 2341   -6.306446E-06
 2342   -6.301061E-06
 2343   -6.295684E-06
 2344   -6.290313E-06
 2345   -6.284949E-06
 2346   -6.134604E-06
 2347   -6.129378E-06
 2348   -6.124158E-06
 2349   -6.118945E-06
 2350   -6.113738E-06
 2351   -5.941904E-06
 2352   -5.936853E-06
 2353   -5.931807E-06
 2354   -5.926769E-06
 2355   -5.921736E-06
 2356   -5.613546E-06
 2357   -5.608784E-06
 2358   -5.604028E-06
 2359   -5.599278E-06
 2360   -5.594534E-06
 2361   -5.460420E-06
 2362   -5.455797E-06
 2363   -5.451181E-06
 2364   -5.446570E-06
 2365   -5.441965E-06
 2366   -5.520286E-06
 2367   -5.515622E-06
 2368   -5.510965E-06
 2369   -5.506313E-06
 2370   -5.501668E-06
 2371   -5.494066E-06
 2372   -5.489434E-06
 2373   -5.484809E-06
 2374   -5.480189E-06
 2375   -5.475575E-06
 2376   -5.574026E-06
 2377   -5.569337E-06
 2378   -5.564654E-06
 2379   -5.559976E-06
 2380   -5.555305E-06
 2381   -5.622380E-06
 2382   -5.617660E-06
 2383   -5.612946E-06
 2384   -5.608238E-06
 2385   -5.603536E-06
 2386   -5.552908E-06
 2387   -5.548256E-06
 2388   -5.543610E-06
 2389   -5.538970E-06
 2390   -5.534336E-06
 2391   -5.630613E-06
 2392   -5.625907E-06
 2393   -5.621206E-06
 2394   -5.616510E-06
 2395   -5.611821E-06
 2396   -5.287970E-06
 2397   -5.283559E-06
 2398   -5.279153E-06
 2399   -5.274753E-06
 2400   -5.270358E-06
 2401   -5.185498E-06
 2402   -5.181182E-06
 2403   -5.176870E-06
 2404   -5.172564E-06
 2405   -5.168264E-06
 2406   -4.962169E-06
 2407   -4.958047E-06
 2408   -4.953930E-06
 2409   -4.949818E-06
 2410   -4.945711E-06
 2411   -4.919092E-06
 2412   -4.915014E-06
 2413   -4.910941E-06
 2414   -4.906873E-06
 2415   -4.902810E-06
 2416   -4.936889E-06
 2417   -4.932805E-06
 2418   -4.928725E-06
 2419   -4.924651E-06
 2420   -4.920582E-06
 2421   -4.880936E-06
 2422   -4.876906E-06
 2423   -4.872882E-06
 2424   -4.868862E-06
 2425   -4.864847E-06
 2426   -4.994627E-06
 2427   -4.990512E-06
 2428   -4.986402E-06
 2429   -4.982297E-06
 2430   -4.978197E-06
 2431   -4.917115E-06
 2432   -4.913072E-06
 2433   -4.909034E-06
 2434   -4.905001E-06
 2435   -4.900974E-06
 2436   -4.974331E-06
 2437   -4.970250E-06
 2438   -4.966173E-06
 2439   -4.962102E-06
 2440   -4.958035E-06
 2441   -4.921663E-06
 2442   -4.917633E-06
 2443   -4.913608E-06
 2444   -4.909588E-06
 2445   -4.905573E-06
 2446   -4.708244E-06
 2447   -4.704397E-06
 2448   -4.700554E-06
 2449   -4.696716E-06
 2450   -4.692883E-06
 2451   -4.632569E-06
 2452   -4.628791E-06
 2453   -4.625017E-06
 2454   -4.621249E-06
 2455   -4.617485E-06
 2456   -4.503705E-06
 2457   -4.500040E-06
 2458   -4.496379E-06
 2459   -4.492723E-06
 2460   -4.489071E-06
 2461   -4.452129E-06
 2462   -4.448513E-06
 2463   -4.444901E-06
 2464   -4.441294E-06
 2465   -4.437691E-06
 2466   -4.403908E-06
 2467   -4.400339E-06
 2468   -4.396774E-06
 2469   -4.393213E-06
 2470   -4.389656E-06
 2471   -4.363666E-06
 2472   -4.360136E-06
 2473   -4.356611E-06
 2474   -4.353090E-06
 2475   -4.349573E-06
 2476   -4.461210E-06
 2477   -4.457609E-06
 2478   -4.454012E-06
 2479   -4.450419E-06
 2480   -4.446831E-06
 2481   -4.406543E-06
 2482   -4.402993E-06
 2483   -4.399447E-06
 2484   -4.395905E-06
 2485   -4.392368E-06
 2486   -4.505040E-06
 2487   -4.501418E-06
 2488   -4.497800E-06
 2489   -4.494187E-06
 2490   -4.490578E-06
 2491   -4.418457E-06
 2492   -4.414912E-06
 2493   -4.411371E-06
 2494   -4.407834E-06
 2495   -4.404301E-06
 2496   -4.302459E-06
 2497   -4.299014E-06
 2498   -4.295572E-06
 2499   -4.292135E-06
 2500   -4.288702E-06
 2501   -4.161618E-06
 2502   -4.158292E-06
 2503   -4.154970E-06
 2504   -4.151652E-06
 2505   -4.148338E-06
 2506   -3.978530E-06
 2507   -3.975357E-06
 2508   -3.972188E-06
 2509   -3.969022E-06
 2510   -3.965860E-06
 2511   -4.062934E-06
 2512   -4.059700E-06
 2513   -4.056469E-06
 2514   -4.053243E-06
 2515   -4.050020E-06
 2516   -3.968082E-06
 2517   -3.964930E-06
 2518   -3.961781E-06
 2519   -3.958636E-06
 2520   -3.955495E-06
 2521   -4.002530E-06
 2522   -3.999357E-06
 2523   -3.996187E-06
 2524   -3.993021E-06
 2525   -3.989859E-06
 2526   -3.976292E-06
 2527   -3.973146E-06
 2528   -3.970003E-06
 2529   -3.966864E-06
 2530   -3.963729E-06
 2531   -3.986043E-06
 2532   -3.982895E-06
 2533   -3.979751E-06
 2534   -3.976610E-06
 2535   -3.973473E-06
 2536   -4.027579E-06
 2537   -4.024404E-06
 2538   -4.021234E-06
 2539   -4.018067E-06
 2540   -4.014903E-06
 2541   -3.933664E-06
 2542   -3.930569E-06
 2543   -3.927479E-06
 2544   -3.924392E-06
 2545   -3.921308E-06
 2546   -3.860965E-06
 2547   -3.857934E-06
 2548   -3.854906E-06
 2549   -3.851882E-06
 2550   -3.848862E-06
 2551   -3.625243E-06
 2552   -3.622402E-06
 2553   -3.619565E-06
 2554   -3.616731E-06
 2555   -3.613901E-06
 2556   -3.572230E-06
 2557   -3.569437E-06
 2558   -3.566646E-06
 2559   -3.563859E-06
 2560   -3.561076E-06
 2561   -3.513595E-06
 2562   -3.510853E-06
 2563   -3.508114E-06
 2564   -3.505378E-06
 2565   -3.502645E-06
 2566   -3.475460E-06
 2567   -3.472753E-06
 2568   -3.470049E-06
 2569   -3.467348E-06
 2570   -3.464650E-06
 2571   -3.544657E-06
 2572   -3.541901E-06
 2573   -3.539149E-06
 2574   -3.536399E-06
 2575   -3.533653E-06
 2576   -3.454346E-06
 2577   -3.451665E-06
 2578   -3.448988E-06
 2579   -3.446314E-06
 2580   -3.443643E-06
 2581   -3.515849E-06
 2582   -3.513126E-06
 2583   -3.510407E-06
 2584   -3.507690E-06
 2585   -3.504977E-06
 2586   -3.474480E-06
 2587   -3.471795E-06
 2588   -3.469112E-06
 2589   -3.466433E-06
 2590   -3.463757E-06
 2591   -3.390435E-06
 2592   -3.387819E-06
 2593   -3.385207E-06
 2594   -3.382597E-06
 2595   -3.379991E-06
 2596   -3.277738E-06
 2597   -3.275215E-06
 2598   -3.272694E-06
 2599   -3.270176E-06
 2600   -3.267661E-06
 2601   -3.042080E-06
 2602   -3.039742E-06
 2603   -3.037407E-06
 2604   -3.035075E-06
 2605   -3.032745E-06
 2606   -2.987782E-06
 2607   -2.985490E-06
 2608   -2.983201E-06
 2609   -2.980914E-06
 2610   -2.978631E-06
 2611   -2.856735E-06
 2612   -2.854548E-06
 2613   -2.852363E-06
 2614   -2.850181E-06
 2615   -2.848002E-06
 2616   -2.874509E-06
 2617   -2.872312E-06
 2618   -2.870118E-06
 2619   -2.867927E-06
 2620   -2.865738E-06
 2621   -2.794971E-06
 2622   -2.792839E-06
 2623   -2.790710E-06
 2624   -2.788583E-06
 2625   -2.786459E-06
 2626   -2.817940E-06
 2627   -2.815795E-06
 2628   -2.813652E-06
 2629   -2.811512E-06
 2630   -2.809375E-06
 2631   -2.863273E-06
 2632   -2.861098E-06
 2633   -2.858925E-06
 2634   -2.856754E-06
 2635   -2.854586E-06
 2636   -2.786450E-06
 2637   -2.784337E-06
 2638   -2.782226E-06
 2639   -2.780118E-06
 2640   -2.778013E-06
 2641   -2.737914E-06
 2642   -2.735842E-06
 2643   -2.733772E-06
 2644   -2.731705E-06
 2645   -2.729640E-06
 2646   -2.633988E-06
 2647   -2.631998E-06
 2648   -2.630011E-06
 2649   -2.628025E-06
 2650   -2.626042E-06
 2651   -2.496921E-06
 2652   -2.495039E-06
 2653   -2.493158E-06
 2654   -2.491280E-06
 2655   -2.489403E-06
 2656   -2.462016E-06
 2657   -2.460164E-06
 2658   -2.458313E-06
 2659   -2.456464E-06
 2660   -2.454617E-06
 2661   -2.323609E-06
 2662   -2.321864E-06
 2663   -2.320121E-06
 2664   -2.318379E-06
 2665   -2.316640E-06
 2666   -2.368670E-06
 2667   -2.366894E-06
 2668   -2.365120E-06
 2669   -2.363348E-06
 2670   -2.361578E-06
 2671   -2.326927E-06
 2672   -2.325185E-06
 2673   -2.323446E-06
 2674   -2.321708E-06
 2675   -2.319973E-06
 2676   -2.291837E-06
 2677   -2.290126E-06
 2678   -2.288416E-06
 2679   -2.286707E-06
 2680   -2.285001E-06
 2681   -2.340346E-06
 2682   -2.338601E-06
 2683   -2.336858E-06
 2684   -2.335117E-06
 2685   -2.333378E-06
 2686   -2.280425E-06
 2687   -2.278728E-06
 2688   -2.277033E-06
 2689   -2.275340E-06
 2690   -2.273649E-06
 2691   -2.265732E-06
 2692   -2.264049E-06
 2693   -2.262368E-06
 2694   -2.260689E-06
 2695   -2.259011E-06
 2696   -2.090736E-06
 2697   -2.089185E-06
 2698   -2.087637E-06
 2699   -2.086090E-06
 2700   -2.084545E-06
 2701   -1.997343E-06
 2702   -1.995865E-06
 2703   -1.994388E-06
 2704   -1.992913E-06
 2705   -1.991440E-06
 2706   -1.899750E-06
 2707   -1.898347E-06
 2708   -1.896945E-06
 2709   -1.895545E-06
 2710   -1.894146E-06
 2711   -1.824271E-06
 2712   -1.822926E-06
 2713   -1.821582E-06
 2714   -1.820240E-06
 2715   -1.818900E-06
 2716   -1.824433E-06
 2717   -1.823090E-06
 2718   -1.821749E-06
 2719   -1.820409E-06
 2720   -1.819071E-06
 2721   -1.738554E-06
 2722   -1.737277E-06
 2723   -1.736001E-06
 2724   -1.734727E-06
 2725   -1.733454E-06
 2726   -1.766582E-06
 2727   -1.765287E-06
 2728   -1.763993E-06
 2729   -1.762700E-06
 2730   -1.761409E-06
 2731   -1.754374E-06
 2732   -1.753090E-06
 2733   -1.751808E-06
 2734   -1.750526E-06
 2735   -1.749246E-06
 2736   -1.690650E-06
 2737   -1.689415E-06
 2738   -1.688181E-06
 2739   -1.686949E-06
 2740   -1.685718E-06
 2741   -1.685756E-06
 2742   -1.684527E-06
 2743   -1.683299E-06
 2744   -1.682072E-06
 2745   -1.680847E-06
 2746   -1.565251E-06
 2747   -1.564112E-06
 2748   -1.562973E-06
 2749   -1.561836E-06
 2750   -1.560701E-06
 2751   -1.503185E-06
 2752   -1.502093E-06
 2753   -1.501002E-06
 2754   -1.499912E-06
 2755   -1.498823E-06
 2756   -1.428894E-06
 2757   -1.427858E-06
 2758   -1.426823E-06
 2759   -1.425789E-06
 2760   -1.424756E-06
 2761   -1.376735E-06
 2762   -1.375738E-06
 2763   -1.374743E-06
 2764   -1.373748E-06
 2765   -1.372755E-06
 2766   -1.362688E-06
 2767   -1.361703E-06
 2768   -1.360720E-06
 2769   -1.359737E-06
 2770   -1.358755E-06
 2771   -1.311893E-06
 2772   -1.310947E-06
 2773   -1.310002E-06
 2774   -1.309057E-06
 2775   -1.308114E-06
 2776   -1.343473E-06
 2777   -1.342505E-06
 2778   -1.341539E-06
 2779   -1.340574E-06
 2780   -1.339609E-06
 2781   -1.295105E-06
 2782   -1.294174E-06
 2783   -1.293244E-06
 2784   -1.292315E-06
 2785   -1.291387E-06
 2786   -1.289452E-06
 2787   -1.288527E-06
 2788   -1.287603E-06
 2789   -1.286679E-06
 2790   -1.285757E-06
 2791   -1.245196E-06
 2792   -1.244305E-06
 2793   -1.243414E-06
 2794   -1.242524E-06
 2795   -1.241635E-06
 2796   -1.163067E-06
 2797   -1.162235E-06
 2798   -1.161404E-06
 2799   -1.160575E-06
 2800   -1.159746E-06
 2801   -1.086997E-06
 2802   -1.086221E-06
 2803   -1.085446E-06
 2804   -1.084672E-06
 2805   -1.083899E-06
 2806   -9.947092E-07
 2807   -9.940006E-07
 2808   -9.932928E-07
 2809   -9.925857E-07
 2810   -9.918793E-07
 2811   -9.564421E-07
 2812   -9.557620E-07
 2813   -9.550826E-07
 2814   -9.544039E-07
 2815   -9.537259E-07
 2816   -9.398776E-07
 2817   -9.392104E-07
 2818   -9.385439E-07
 2819   -9.378782E-07
 2820   -9.372131E-07
 2821   -9.181673E-07
 2822   -9.175167E-07
 2823   -9.168668E-07
 2824   -9.162176E-07
 2825   -9.155690E-07
 2826   -9.096892E-07
 2827   -9.090457E-07
 2828   -9.084030E-07
 2829   -9.077609E-07
 2830   -9.071195E-07
 2831   -8.934282E-07
 2832   -8.927974E-07
 2833   -8.921672E-07
 2834   -8.915377E-07
 2835   -8.909089E-07
 2836   -8.852345E-07
 2837   -8.846106E-07
 2838   -8.839873E-07
 2839   -8.833646E-07
 2840   -8.827427E-07
 2841   -8.464373E-07
 2842   -8.458418E-07
 2843   -8.452468E-07
 2844   -8.446525E-07
 2845   -8.440588E-07
 2846   -7.959361E-07
 2847   -7.953770E-07
 2848   -7.948186E-07
 2849   -7.942607E-07
 2850   -7.937034E-07
 2851   -7.366063E-07
 2852   -7.360898E-07
 2853   -7.355739E-07
 2854   -7.350585E-07
 2855   -7.345437E-07
 2856   -6.869727E-07
 2857   -6.864918E-07
 2858   -6.860115E-07
 2859   -6.855317E-07
 2860   -6.850524E-07
 2861   -6.603237E-07
 2862   -6.598623E-07
 2863   -6.594014E-07
 2864   -6.589410E-07
 2865   -6.584811E-07
 2866   -6.382303E-07
 2867   -6.377852E-07
 2868   -6.373405E-07
 2869   -6.368963E-07
 2870   -6.364525E-07
 2871   -6.264616E-07
 2872   -6.260254E-07
 2873   -6.255897E-07
 2874   -6.251544E-07
 2875   -6.247196E-07
 2876   -6.096665E-07
 2877   -6.092428E-07
 2878   -6.088195E-07
 2879   -6.083966E-07
 2880   -6.079742E-07
 2881   -6.042879E-07
 2882   -6.038686E-07
 2883   -6.034498E-07
 2884   -6.030313E-07
 2885   -6.026134E-07
 2886   -5.900838E-07
 2887   -5.896750E-07
 2888   -5.892667E-07
 2889   -5.888589E-07
 2890   -5.884514E-07
 2891   -5.657614E-07
 2892   -5.653702E-07
 2893   -5.649794E-07
 2894   -5.645891E-07
 2895   -5.641991E-07
 2896   -5.322097E-07
 2897   -5.318423E-07
 2898   -5.314753E-07
 2899   -5.311087E-07
 2900   -5.307425E-07
 2901   -4.789804E-07
 2902   -4.786504E-07
 2903   -4.783206E-07
 2904   -4.779913E-07
 2905   -4.776623E-07
 2906   -4.433619E-07
 2907   -4.430569E-07
 2908   -4.427522E-07
 2909   -4.424479E-07
 2910   -4.421438E-07
 2911   -4.070401E-07
 2912   -4.067606E-07
 2913   -4.064813E-07
 2914   -4.062024E-07
 2915   -4.059238E-07
 2916   -3.924059E-07
 2917   -3.921369E-07
 2918   -3.918681E-07
 2919   -3.915997E-07
 2920   -3.913315E-07
 2921   -3.914709E-07
 2922   -3.912030E-07
 2923   -3.909354E-07
 2924   -3.906680E-07
 2925   -3.904009E-07
 2926   -3.759231E-07
 2927   -3.756662E-07
 2928   -3.754097E-07
 2929   -3.751534E-07
 2930   -3.748973E-07
 2931   -3.776594E-07
 2932   -3.774019E-07
 2933   -3.771446E-07
 2934   -3.768875E-07
 2935   -3.766307E-07
 2936   -3.647000E-07
 2937   -3.644517E-07
 2938   -3.642037E-07
 2939   -3.639559E-07
 2940   -3.637083E-07
 2941   -3.469503E-07
 2942   -3.467145E-07
 2943   -3.464789E-07
 2944   -3.462436E-07
 2945   -3.460085E-07
 2946   -3.307793E-07
 2947   -3.305549E-07
 2948   -3.303307E-07
 2949   -3.301067E-07
 2950   -3.298829E-07
 2951   -2.944346E-07
 2952   -2.942351E-07
 2953   -2.940359E-07
 2954   -2.938369E-07
 2955   -2.936380E-07
 2956   -2.775345E-07
 2957   -2.773469E-07
 2958   -2.771594E-07
 2959   -2.769721E-07
 2960   -2.767850E-07
 2961   -2.607426E-07
 2962   -2.605666E-07
 2963   -2.603908E-07
 2964   -2.602151E-07
 2965   -2.600396E-07
 2966   -2.531753E-07
 2967   -2.530047E-07
 2968   -2.528342E-07
 2969   -2.526639E-07
 2970   -2.524938E-07
 2971   -2.503713E-07
 2972   -2.502028E-07
 2973   -2.500345E-07
 2974   -2.498664E-07
 2975   -2.496984E-07
 2976   -2.388960E-07
 2977   -2.387355E-07
 2978   -2.385752E-07
 2979   -2.384151E-07
 2980   -2.382551E-07
 2981   -2.422229E-07
 2982   -2.420605E-07
 2983   -2.418982E-07
 2984   -2.417361E-07
 2985   -2.415742E-07
 2986   -2.312465E-07
 2987   -2.310917E-07
 2988   -2.309371E-07
 2989   -2.307826E-07
 2990   -2.306282E-07
 2991   -2.229629E-07
 2992   -2.228139E-07
 2993   -2.226650E-07
 2994   -2.225163E-07
 2995   -2.223677E-07
 2996   -2.036958E-07
 2997   -2.035599E-07
 2998   -2.034241E-07
 2999   -2.032885E-07
 3000   -2.031530E-07
 3001   -1.812809E-07
 3002   -1.811602E-07
 3003   -1.810395E-07
 3004   -1.809190E-07
 3005   -1.807986E-07
 3006   -1.679650E-07
 3007   -1.678533E-07
 3008   -1.677417E-07
 3009   -1.676302E-07
 3010   -1.675189E-07
 3011   -1.526568E-07
 3012   -1.525555E-07
 3013   -1.524542E-07
 3014   -1.523531E-07
 3015   -1.522520E-07
 3016   -1.452262E-07
 3017   -1.451299E-07
 3018   -1.450337E-07
 3019   -1.449377E-07
 3020   -1.448417E-07
 3021   -1.409827E-07
 3022   -1.408894E-07
 3023   -1.407962E-07
 3024   -1.407031E-07
 3025   -1.406101E-07
 3026   -1.359183E-07
 3027   -1.358285E-07
 3028   -1.357388E-07
 3029   -1.356492E-07
 3030   -1.355597E-07
 3031   -1.386408E-07
 3032   -1.385494E-07
 3033   -1.384580E-07
 3034   -1.383668E-07
 3035   -1.382756E-07
 3036   -1.341303E-07
 3037   -1.340420E-07
 3038   -1.339538E-07
 3039   -1.338656E-07
 3040   -1.337776E-07
 3041   -1.315766E-07
 3042   -1.314901E-07
 3043   -1.314037E-07
 3044   -1.313174E-07
 3045   -1.312311E-07
 3046   -1.243439E-07
 3047   -1.242623E-07
 3048   -1.241808E-07
 3049   -1.240993E-07
 3050   -1.240180E-07
 3051   -1.182598E-07
 3052   -1.181823E-07
 3053   -1.181049E-07
 3054   -1.180276E-07
 3055   -1.179503E-07
 3056   -1.127223E-07
 3057   -1.126486E-07
 3058   -1.125750E-07
 3059   -1.125014E-07
 3060   -1.124278E-07
 3061   -1.059224E-07
 3062   -1.058532E-07
 3063   -1.057841E-07
 3064   -1.057150E-07
 3065   -1.056461E-07
 3066   -1.049215E-07
 3067   -1.048531E-07
 3068   -1.047848E-07
 3069   -1.047165E-07
 3070   -1.046483E-07
 3071   -1.018500E-07
 3072   -1.017837E-07
 3073   -1.017175E-07
 3074   -1.016513E-07
 3075   -1.015852E-07
 3076   -1.004219E-07
 3077   -1.003566E-07
 3078   -1.002914E-07
 3079   -1.002263E-07
 3080   -1.001612E-07
 3081   -9.411896E-08
 3082   -9.405790E-08
 3083   -9.399689E-08
 3084   -9.393594E-08
 3085   -9.387505E-08
 3086   -8.697488E-08
 3087   -8.691854E-08
 3088   -8.686226E-08
 3089   -8.680603E-08
 3090   -8.674985E-08
 3091   -7.619313E-08
 3092   -7.614385E-08
 3093   -7.609462E-08
 3094   -7.604544E-08
 3095   -7.599631E-08
 3096   -5.868299E-08
 3097   -5.864510E-08
 3098   -5.860725E-08
 3099   -5.856943E-08
 3100   -5.853165E-08
 3101   -4.089066E-08
 3102   -4.086430E-08
 3103   -4.083797E-08
 3104   -4.081166E-08
 3105   -4.078538E-08
 3106   -2.371476E-08
 3107   -2.369950E-08
 3108   -2.368425E-08
 3109   -2.366901E-08
 3110   -2.365380E-08
 3111   -1.266892E-08
 3112   -1.266078E-08
 3113   -1.265265E-08
 3114   -1.264452E-08
 3115   -1.263641E-08
 3116   -5.339009E-09
 3117   -5.335584E-09
 3118   -5.332162E-09
 3119   -5.328743E-09
 3120   -5.325328E-09
 3121   -1.201611E-09
 3122   -1.200841E-09
 3123   -1.200072E-09
 3124   -1.199304E-09
 3125   -1.198536E-09
 3126    1.151646E-09
 3127    1.150909E-09
 3128    1.150174E-09
 3129    1.149439E-09
 3130    1.148704E-09
 3131    2.523201E-09
 3132    2.521590E-09
 3133    2.519981E-09
 3134    2.518373E-09
 3135    2.516767E-09
 3136    3.578841E-09
 3137    3.576560E-09
 3138    3.574281E-09
 3139    3.572004E-09
 3140    3.569729E-09
 3141    4.331659E-09
 3142    4.328902E-09
 3143    4.326148E-09
 3144    4.323397E-09
 3145    4.320648E-09
 3146    5.044388E-09
 3147    5.041183E-09
 3148    5.037980E-09
 3149    5.034781E-09
 3150    5.031585E-09
 3151    5.795187E-09
 3152    5.791511E-09
 3153    5.787837E-09
 3154    5.784168E-09
 3155    5.780502E-09
 3156    6.167856E-09
 3157    6.163950E-09
 3158    6.160047E-09
 3159    6.156147E-09
 3160    6.152252E-09
 3161    6.597064E-09
 3162    6.592892E-09
 3163    6.588724E-09
 3164    6.584560E-09
 3165    6.580400E-09
 3166    6.882475E-09
 3167    6.878130E-09
 3168    6.873788E-09
 3169    6.869451E-09
 3170    6.865117E-09
 3171    7.316115E-09
 3172    7.311503E-09
 3173    7.306895E-09
 3174    7.302292E-09
 3175    7.297693E-09
 3176    7.750286E-09
 3177    7.745408E-09
 3178    7.740534E-09
 3179    7.735665E-09
 3180    7.730800E-09
 3181    7.921831E-09
 3182    7.916852E-09
 3183    7.911879E-09
 3184    7.906910E-09
 3185    7.901945E-09
 3186    8.485807E-09
 3187    8.480483E-09
 3188    8.475163E-09
 3189    8.469849E-09
 3190    8.464539E-09
 3191    8.583033E-09
 3192    8.577656E-09
 3193    8.572284E-09
 3194    8.566917E-09
 3195    8.561555E-09
 3196    9.157724E-09
 3197    9.151996E-09
 3198    9.146273E-09
 3199    9.140556E-09
 3200    9.134844E-09
 3201    9.368114E-09
 3202    9.362264E-09
 3203    9.356419E-09
 3204    9.350579E-09
 3205    9.344745E-09
 3206    9.489405E-09
 3207    9.483488E-09
 3208    9.477576E-09
 3209    9.471670E-09
 3210    9.465770E-09
 3211    9.949903E-09
 3212    9.943708E-09
 3213    9.937520E-09
 3214    9.931337E-09
 3215    9.925159E-09
 3216    1.005392E-08
 3217    1.004767E-08
 3218    1.004143E-08
 3219    1.003519E-08
 3220    1.002896E-08
 3221    1.049899E-08
 3222    1.049248E-08
 3223    1.048597E-08
 3224    1.047946E-08
 3225    1.047297E-08
 3226    1.079374E-08
 3227    1.078705E-08
 3228    1.078036E-08
 3229    1.077369E-08
 3230    1.076702E-08
 3231    1.073476E-08
 3232    1.072812E-08
 3233    1.072148E-08
 3234    1.071485E-08
 3235    1.070823E-08
 3236    1.134289E-08
 3237    1.133588E-08
 3238    1.132888E-08
 3239    1.132189E-08
 3240    1.131490E-08
 3241    1.116710E-08
 3242    1.116021E-08
 3243    1.115333E-08
 3244    1.114645E-08
 3245    1.113958E-08
 3246    1.171770E-08
 3247    1.171049E-08
 3248    1.170328E-08
 3249    1.169607E-08
 3250    1.168888E-08
 3251    1.184599E-08
 3252    1.183871E-08
 3253    1.183143E-08
 3254    1.182416E-08
 3255    1.181689E-08
 3256    1.199787E-08
 3257    1.199051E-08
 3258    1.198315E-08
 3259    1.197580E-08
 3260    1.196845E-08
 3261    1.256338E-08
 3262    1.255567E-08
 3263    1.254798E-08
 3264    1.254029E-08
 3265    1.253261E-08
 3266    1.229557E-08
 3267    1.228805E-08
 3268    1.228053E-08
 3269    1.227302E-08
 3270    1.226551E-08
 3271    1.287895E-08
 3272    1.287108E-08
 3273    1.286321E-08
 3274    1.285536E-08
 3275    1.284751E-08
 3276    1.280477E-08
 3277    1.279695E-08
 3278    1.278915E-08
 3279    1.278135E-08
 3280    1.277356E-08
 3281    1.304248E-08
 3282    1.303453E-08
 3283    1.302659E-08
 3284    1.301866E-08
 3285    1.301073E-08
 3286    1.325979E-08
 3287    1.325172E-08
 3288    1.324366E-08
 3289    1.323561E-08
 3290    1.322757E-08
 3291    1.300601E-08
 3292    1.299811E-08
 3293    1.299022E-08
 3294    1.298233E-08
 3295    1.297445E-08
 3296    1.362305E-08
 3297    1.361479E-08
 3298    1.360654E-08
 3299    1.359829E-08
 3300    1.359005E-08
