   50    5.862670E-14
   51    4.876337E-14
   52    4.690606E-14
   53    4.515287E-14
   54    4.349616E-14
   55    4.192899E-14
   56    2.288323E-14
   57    2.208741E-14
   58    2.133239E-14
   59    2.061544E-14
   60    1.993403E-14
   61    9.717030E-15
   62    9.406125E-15
   63    9.109906E-15
   64    8.827462E-15
   65    8.557953E-15
   66    2.442574E-14
   67    2.370210E-14
   68    2.301014E-14
   69    2.234804E-14
   70    2.171412E-14
   71    1.873368E-14
   72    1.821694E-14
   73    1.772129E-14
   74    1.724559E-14
   75    1.678879E-14
   76    3.105601E-14
   77    3.025463E-14
   78    2.948387E-14
   79    2.874220E-14
   80    2.802816E-14
   81    4.983341E-14
   82    4.862542E-14
   83    4.746082E-14
   84    4.633756E-14
   85    4.525372E-14
   86    3.802492E-14
   87    3.715583E-14
   88    3.631621E-14
   89    3.550472E-14
   90    3.472014E-14
   91    3.944775E-14
   92    3.859488E-14
   93    3.776937E-14
   94    3.697006E-14
   95    3.619586E-14
   96    2.556954E-14
   97    2.504506E-14
   98    2.453656E-14
   99    2.404338E-14
  100    2.356493E-14
  101    8.752901E-15
  102    8.582120E-15
  103    8.416290E-15
  104    8.255220E-15
  105    8.098730E-15
  106    7.090117E-15
  107    6.958214E-15
  108    6.829957E-15
  109    6.705214E-15
  110    6.583858E-15
  111    1.669034E-14
  112    1.639364E-14
  113    1.610477E-14
  114    1.582348E-14
  115    1.554949E-14
  116    2.321637E-14
  117    2.282122E-14
  118    2.243606E-14
  119    2.206058E-14
  120    2.169444E-14
  121    4.074761E-14
  122    4.008236E-14
  123    3.943328E-14
  124    3.879983E-14
  125    3.818153E-14
  126    5.543732E-14
  127    5.456775E-14
  128    5.371847E-14
  129    5.288886E-14
  130    5.207833E-14
  131    4.787398E-14
  132    4.715138E-14
  133    4.644501E-14
  134    4.575440E-14
  135    4.507907E-14
  136    3.339753E-14
  137    3.291176E-14
  138    3.243652E-14
  139    3.197149E-14
  140    3.151639E-14
  141    2.012077E-14
  142    1.983838E-14
  143    1.956190E-14
  144    1.929115E-14
  145    1.902599E-14
  146    1.885779E-14
  147    1.860210E-14
  148    1.835157E-14
  149    1.810607E-14
  150    1.786546E-14
  151    3.110512E-14
  152    3.069719E-14
  153    3.029724E-14
  154    2.990505E-14
  155    2.952043E-14
  156    3.422001E-14
  157    3.378548E-14
  158    3.335917E-14
  159    3.294089E-14
  160    3.253042E-14
  161    8.413925E-14
  162    8.310371E-14
  163    8.208717E-14
  164    8.108917E-14
  165    8.010926E-14
  166    7.192382E-14
  167    7.106505E-14
  168    7.022156E-14
  169    6.939300E-14
  170    6.857902E-14
  171    8.546181E-14
  172    8.447096E-14
  173    8.349725E-14
  174    8.254028E-14
  175    8.159966E-14
  176    1.166517E-13
  177    1.153373E-13
  178    1.140450E-13
  179    1.127744E-13
  180    1.115248E-13
  181    6.710750E-14
  182    6.637208E-14
  183    6.564869E-14
  184    6.493706E-14
  185    6.423694E-14
  186    7.471718E-14
  187    7.392020E-14
  188    7.313592E-14
  189    7.236404E-14
  190    7.160433E-14
  191    6.178556E-14
  192    6.114364E-14
  193    6.051168E-14
  194    5.988946E-14
  195    5.927679E-14
  196    6.513509E-14
  197    6.447551E-14
  198    6.382589E-14
  199    6.318604E-14
  200    6.255576E-14
  201    5.958861E-14
  202    5.900009E-14
  203    5.842024E-14
  204    5.784890E-14
  205    5.728590E-14
  206    2.595888E-14
  207    2.570867E-14
  208    2.546207E-14
  209    2.521900E-14
  210    2.497939E-14
  211    2.756660E-15
  212    2.730715E-15
  213    2.705135E-15
  214    2.679912E-15
  215    2.655041E-15
  216    0.000000E+00
  217    0.000000E+00
  218    0.000000E+00
  219    0.000000E+00
  220    0.000000E+00
  221    0.000000E+00
  222    0.000000E+00
  223    0.000000E+00
  224    0.000000E+00
  225    0.000000E+00
  226    3.467500E-16
  227    3.437017E-16
  228    3.406934E-16
  229    3.377244E-16
  230    3.347940E-16
  231    0.000000E+00
  232    0.000000E+00
  233    0.000000E+00
  234    0.000000E+00
  235    0.000000E+00
  236    0.000000E+00
  237    0.000000E+00
  238    0.000000E+00
  239    0.000000E+00
  240    0.000000E+00
  241    0.000000E+00
  242    0.000000E+00
  243    0.000000E+00
  244    0.000000E+00
  245    0.000000E+00
  246    4.224861E-14
  247    4.190721E-14
  248    4.156993E-14
  249    4.123671E-14
  250    4.090747E-14
  251    4.511420E-13
  252    4.475687E-13
  253    4.440376E-13
  254    4.405481E-13
  255    4.370996E-13
  256    6.603479E-13
  257    6.552190E-13
  258    6.501496E-13
  259    6.451389E-13
  260    6.401858E-13
  261    1.321466E-12
  262    1.311397E-12
  263    1.301444E-12
  264    1.291603E-12
  265    1.281873E-12
  266    1.190462E-12
  267    1.181562E-12
  268    1.172761E-12
  269    1.164058E-12
  270    1.155451E-12
  271    2.229575E-12
  272    2.213211E-12
  273    2.197027E-12
  274    2.181020E-12
  275    2.165186E-12
  276    3.373083E-12
  277    3.348773E-12
  278    3.324725E-12
  279    3.300934E-12
  280    3.277398E-12
  281    1.269043E-11
  282    1.260058E-11
  283    1.251169E-11
  284    1.242374E-11
  285    1.233671E-11
  286    2.293985E-11
  287    2.278027E-11
  288    2.262234E-11
  289    2.246606E-11
  290    2.231139E-11
  291    3.706419E-11
  292    3.681077E-11
  293    3.655993E-11
  294    3.631164E-11
  295    3.606588E-11
  296    5.352358E-11
  297    5.316376E-11
  298    5.280756E-11
  299    5.245492E-11
  300    5.210580E-11
  301    6.280564E-11
  302    6.239040E-11
  303    6.197926E-11
  304    6.157218E-11
  305    6.116909E-11
  306    9.742481E-11
  307    9.679116E-11
  308    9.616367E-11
  309    9.554226E-11
  310    9.492685E-11
  311    9.661901E-11
  312    9.600065E-11
  313    9.538821E-11
  314    9.478161E-11
  315    9.418078E-11
  316    1.284504E-10
  317    1.276413E-10
  318    1.268398E-10
  319    1.260458E-10
  320    1.252592E-10
  321    1.572345E-10
  322    1.562594E-10
  323    1.552934E-10
  324    1.543363E-10
  325    1.533880E-10
  326    1.525286E-10
  327    1.515972E-10
  328    1.506742E-10
  329    1.497597E-10
  330    1.488534E-10
  331    2.052925E-10
  332    2.040577E-10
  333    2.028339E-10
  334    2.016212E-10
  335    2.004193E-10
  336    1.923556E-10
  337    1.912157E-10
  338    1.900860E-10
  339    1.889662E-10
  340    1.878562E-10
  341    2.595868E-10
  342    2.580709E-10
  343    2.565684E-10
  344    2.550788E-10
  345    2.536023E-10
  346    2.738804E-10
  347    2.723041E-10
  348    2.707414E-10
  349    2.691921E-10
  350    2.676561E-10
  351    2.742766E-10
  352    2.727205E-10
  353    2.711775E-10
  354    2.696476E-10
  355    2.681306E-10
  356    3.477149E-10
  357    3.457696E-10
  358    3.438407E-10
  359    3.419278E-10
  360    3.400308E-10
  361    3.305766E-10
  362    3.287528E-10
  363    3.269439E-10
  364    3.251500E-10
  365    3.233708E-10
  366    3.982535E-10
  367    3.960862E-10
  368    3.939365E-10
  369    3.918042E-10
  370    3.896892E-10
  371    3.982269E-10
  372    3.960888E-10
  373    3.939679E-10
  374    3.918639E-10
  375    3.897767E-10
  376    4.475364E-10
  377    4.451654E-10
  378    4.428131E-10
  379    4.404795E-10
  380    4.381642E-10
  381    5.074381E-10
  382    5.047848E-10
  383    5.021523E-10
  384    4.995404E-10
  385    4.969487E-10
  386    4.789180E-10
  387    4.764462E-10
  388    4.739934E-10
  389    4.715596E-10
  390    4.691444E-10
  391    5.801470E-10
  392    5.771909E-10
  393    5.742573E-10
  394    5.713460E-10
  395    5.684567E-10
  396    5.610001E-10
  397    5.581775E-10
  398    5.553761E-10
  399    5.525957E-10
  400    5.498362E-10
  401    6.564988E-10
  402    6.532367E-10
  403    6.499989E-10
  404    6.467850E-10
  405    6.435950E-10
  406    6.898048E-10
  407    6.864193E-10
  408    6.830586E-10
  409    6.797226E-10
  410    6.764109E-10
  411    7.038772E-10
  412    7.004645E-10
  413    6.970765E-10
  414    6.937131E-10
  415    6.903739E-10
  416    7.695758E-10
  417    7.658892E-10
  418    7.622291E-10
  419    7.585951E-10
  420    7.549870E-10
  421    8.201183E-10
  422    8.162361E-10
  423    8.123814E-10
  424    8.085540E-10
  425    8.047535E-10
  426    8.989861E-10
  427    8.947803E-10
  428    8.906040E-10
  429    8.864568E-10
  430    8.823386E-10
  431    9.681917E-10
  432    9.637145E-10
  433    9.592683E-10
  434    9.548529E-10
  435    9.504678E-10
  436    1.055805E-09
  437    1.050978E-09
  438    1.046185E-09
  439    1.041424E-09
  440    1.036696E-09
  441    1.068295E-09
  442    1.063467E-09
  443    1.058671E-09
  444    1.053907E-09
  445    1.049176E-09
  446    1.176252E-09
  447    1.170995E-09
  448    1.165774E-09
  449    1.160587E-09
  450    1.155434E-09
  451    1.241654E-09
  452    1.236166E-09
  453    1.230714E-09
  454    1.225298E-09
  455    1.219918E-09
  456    1.367820E-09
  457    1.361841E-09
  458    1.355901E-09
  459    1.349999E-09
  460    1.344136E-09
  461    1.436494E-09
  462    1.430282E-09
  463    1.424111E-09
  464    1.417979E-09
  465    1.411887E-09
  466    1.383541E-09
  467    1.377622E-09
  468    1.371741E-09
  469    1.365898E-09
  470    1.360092E-09
  471    1.695167E-09
  472    1.687992E-09
  473    1.680862E-09
  474    1.673777E-09
  475    1.666737E-09
  476    1.681947E-09
  477    1.674902E-09
  478    1.667901E-09
  479    1.660945E-09
  480    1.654031E-09
  481    1.940899E-09
  482    1.932854E-09
  483    1.924858E-09
  484    1.916913E-09
  485    1.909016E-09
  486    1.903318E-09
  487    1.895510E-09
  488    1.887749E-09
  489    1.880036E-09
  490    1.872371E-09
  491    1.911917E-09
  492    1.904153E-09
  493    1.896436E-09
  494    1.888766E-09
  495    1.881143E-09
  496    2.265885E-09
  497    2.256776E-09
  498    2.247722E-09
  499    2.238722E-09
  500    2.229776E-09
  501    2.168234E-09
  502    2.159604E-09
  503    2.151026E-09
  504    2.142498E-09
  505    2.134022E-09
  506    2.543765E-09
  507    2.533741E-09
  508    2.523775E-09
  509    2.513868E-09
  510    2.504020E-09
  511    2.583888E-09
  512    2.573805E-09
  513    2.563780E-09
  514    2.553814E-09
  515    2.543906E-09
  516    2.714516E-09
  517    2.704025E-09
  518    2.693595E-09
  519    2.683225E-09
  520    2.672915E-09
  521    3.079782E-09
  522    3.067994E-09
  523    3.056273E-09
  524    3.044619E-09
  525    3.033031E-09
  526    2.774063E-09
  527    2.763545E-09
  528    2.753087E-09
  529    2.742688E-09
  530    2.732348E-09
  531    3.425894E-09
  532    3.413027E-09
  533    3.400232E-09
  534    3.387509E-09
  535    3.374857E-09
  536    3.342725E-09
  537    3.330287E-09
  538    3.317918E-09
  539    3.305618E-09
  540    3.293387E-09
  541    3.804484E-09
  542    3.790458E-09
  543    3.776510E-09
  544    3.762638E-09
  545    3.748843E-09
  546    3.910385E-09
  547    3.896100E-09
  548    3.881894E-09
  549    3.867765E-09
  550    3.853713E-09
  551    3.800444E-09
  552    3.786687E-09
  553    3.773004E-09
  554    3.759396E-09
  555    3.745861E-09
  556    4.554093E-09
  557    4.537756E-09
  558    4.521506E-09
  559    4.505343E-09
  560    4.489267E-09
  561    4.311656E-09
  562    4.296326E-09
  563    4.281077E-09
  564    4.265909E-09
  565    4.250822E-09
  566    4.966418E-09
  567    4.948915E-09
  568    4.931505E-09
  569    4.914186E-09
  570    4.896959E-09
  571    4.854768E-09
  572    4.837809E-09
  573    4.820937E-09
  574    4.804154E-09
  575    4.787459E-09
  576    5.405119E-09
  577    5.386400E-09
  578    5.367778E-09
  579    5.349252E-09
  580    5.330822E-09
  581    5.643859E-09
  582    5.624481E-09
  583    5.605203E-09
  584    5.586023E-09
  585    5.566942E-09
  586    5.696090E-09
  587    5.676699E-09
  588    5.657407E-09
  589    5.638214E-09
  590    5.619117E-09
  591    6.426387E-09
  592    6.404694E-09
  593    6.383112E-09
  594    6.361638E-09
  595    6.340272E-09
  596    6.465028E-09
  597    6.443388E-09
  598    6.421856E-09
  599    6.400432E-09
  600    6.379115E-09
  601    7.087255E-09
  602    7.063728E-09
  603    7.040319E-09
  604    7.017026E-09
  605    6.993849E-09
  606    7.112608E-09
  607    7.089192E-09
  608    7.065891E-09
  609    7.042706E-09
  610    7.019634E-09
  611    7.147202E-09
  612    7.123864E-09
  613    7.100640E-09
  614    7.077530E-09
  615    7.054532E-09
  616    8.406716E-09
  617    8.379488E-09
  618    8.352392E-09
  619    8.325427E-09
  620    8.298593E-09
  621    8.123501E-09
  622    8.097401E-09
  623    8.071427E-09
  624    8.045578E-09
  625    8.019853E-09
  626    9.094032E-09
  627    9.065047E-09
  628    9.036200E-09
  629    9.007491E-09
  630    8.978919E-09
  631    8.896543E-09
  632    8.868412E-09
  633    8.840414E-09
  634    8.812548E-09
  635    8.784814E-09
  636    9.453840E-09
  637    9.424181E-09
  638    9.394661E-09
  639    9.365280E-09
  640    9.336036E-09
  641    1.046688E-08
  642    1.043429E-08
  643    1.040186E-08
  644    1.036959E-08
  645    1.033746E-08
  646    9.997811E-09
  647    9.966930E-09
  648    9.936192E-09
  649    9.905595E-09
  650    9.875140E-09
  651    1.137810E-08
  652    1.134322E-08
  653    1.130851E-08
  654    1.127395E-08
  655    1.123955E-08
  656    1.126171E-08
  657    1.122746E-08
  658    1.119336E-08
  659    1.115941E-08
  660    1.112562E-08
  661    1.192309E-08
  662    1.188710E-08
  663    1.185127E-08
  664    1.181560E-08
  665    1.178009E-08
  666    1.247319E-08
  667    1.243582E-08
  668    1.239861E-08
  669    1.236157E-08
  670    1.232470E-08
  671    1.210826E-08
  672    1.207225E-08
  673    1.203640E-08
  674    1.200071E-08
  675    1.196518E-08
  676    1.399681E-08
  677    1.395549E-08
  678    1.391435E-08
  679    1.387340E-08
  680    1.383262E-08
  681    1.339707E-08
  682    1.335781E-08
  683    1.331873E-08
  684    1.327981E-08
  685    1.324107E-08
  686    1.511941E-08
  687    1.507542E-08
  688    1.503163E-08
  689    1.498803E-08
  690    1.494462E-08
  691    1.517851E-08
  692    1.513467E-08
  693    1.509102E-08
  694    1.504757E-08
  695    1.500429E-08
  696    1.559048E-08
  697    1.554577E-08
  698    1.550126E-08
  699    1.545694E-08
  700    1.541281E-08
  701    1.727457E-08
  702    1.722539E-08
  703    1.717642E-08
  704    1.712766E-08
  705    1.707910E-08
  706    1.636608E-08
  707    1.631981E-08
  708    1.627374E-08
  709    1.622787E-08
  710    1.618219E-08
  711    1.863315E-08
  712    1.858085E-08
  713    1.852876E-08
  714    1.847690E-08
  715    1.842525E-08
  716    1.868720E-08
  717    1.863511E-08
  718    1.858324E-08
  719    1.853159E-08
  720    1.848015E-08
  721    2.035195E-08
  722    2.029562E-08
  723    2.023951E-08
  724    2.018364E-08
  725    2.012800E-08
  726    2.089177E-08
  727    2.083434E-08
  728    2.077714E-08
  729    2.072018E-08
  730    2.066345E-08
  731    2.066132E-08
  732    2.060491E-08
  733    2.054873E-08
  734    2.049278E-08
  735    2.043705E-08
  736    2.256123E-08
  737    2.250005E-08
  738    2.243911E-08
  739    2.237843E-08
  740    2.231799E-08
  741    2.286363E-08
  742    2.280205E-08
  743    2.274071E-08
  744    2.267962E-08
  745    2.261878E-08
  746    2.453096E-08
  747    2.446533E-08
  748    2.439996E-08
  749    2.433485E-08
  750    2.427000E-08
  751    2.542714E-08
  752    2.535956E-08
  753    2.529225E-08
  754    2.522521E-08
  755    2.515843E-08
  756    2.444854E-08
  757    2.438399E-08
  758    2.431970E-08
  759    2.425566E-08
  760    2.419187E-08
  761    2.870996E-08
  762    2.863466E-08
  763    2.855965E-08
  764    2.848494E-08
  765    2.841051E-08
  766    2.736335E-08
  767    2.729204E-08
  768    2.722102E-08
  769    2.715027E-08
  770    2.707979E-08
  771    2.880474E-08
  772    2.873016E-08
  773    2.865588E-08
  774    2.858188E-08
  775    2.850817E-08
  776    2.957399E-08
  777    2.949792E-08
  778    2.942213E-08
  779    2.934664E-08
  780    2.927145E-08
  781    3.120659E-08
  782    3.112683E-08
  783    3.104737E-08
  784    3.096822E-08
  785    3.088937E-08
  786    3.239059E-08
  787    3.230833E-08
  788    3.222638E-08
  789    3.214475E-08
  790    3.206342E-08
  791    3.279072E-08
  792    3.270796E-08
  793    3.262553E-08
  794    3.254340E-08
  795    3.246158E-08
  796    3.500900E-08
  797    3.492120E-08
  798    3.483373E-08
  799    3.474659E-08
  800    3.465978E-08
  801    3.513003E-08
  802    3.504248E-08
  803    3.495525E-08
  804    3.486835E-08
  805    3.478178E-08
  806    3.728429E-08
  807    3.719195E-08
  808    3.709995E-08
  809    3.700829E-08
  810    3.691696E-08
  811    3.799977E-08
  812    3.790624E-08
  813    3.781304E-08
  814    3.772019E-08
  815    3.762769E-08
  816    3.893377E-08
  817    3.883852E-08
  818    3.874362E-08
  819    3.864906E-08
  820    3.855486E-08
  821    4.130599E-08
  822    4.120555E-08
  823    4.110547E-08
  824    4.100576E-08
  825    4.090641E-08
  826    4.271793E-08
  827    4.261469E-08
  828    4.251182E-08
  829    4.240932E-08
  830    4.230719E-08
  831    4.514375E-08
  832    4.503529E-08
  833    4.492723E-08
  834    4.481956E-08
  835    4.471227E-08
  836    4.472230E-08
  837    4.461550E-08
  838    4.450909E-08
  839    4.440305E-08
  840    4.429739E-08
  841    4.562479E-08
  842    4.551648E-08
  843    4.540855E-08
  844    4.530102E-08
  845    4.519386E-08
  846    4.976487E-08
  847    4.964743E-08
  848    4.953040E-08
  849    4.941379E-08
  850    4.929759E-08
  851    4.812876E-08
  852    4.801584E-08
  853    4.790333E-08
  854    4.779121E-08
  855    4.767948E-08
  856    5.174878E-08
  857    5.162808E-08
  858    5.150780E-08
  859    5.138795E-08
  860    5.126851E-08
  861    5.066225E-08
  862    5.054477E-08
  863    5.042770E-08
  864    5.031104E-08
  865    5.019478E-08
  866    5.587070E-08
  867    5.574189E-08
  868    5.561353E-08
  869    5.548561E-08
  870    5.535813E-08
  871    5.725298E-08
  872    5.712174E-08
  873    5.699095E-08
  874    5.686061E-08
  875    5.673072E-08
  876    5.697659E-08
  877    5.684673E-08
  878    5.671732E-08
  879    5.658834E-08
  880    5.645980E-08
  881    6.067275E-08
  882    6.053525E-08
  883    6.039821E-08
  884    6.026164E-08
  885    6.012553E-08
  886    6.052773E-08
  887    6.039133E-08
  888    6.025539E-08
  889    6.011991E-08
  890    5.998488E-08
  891    6.398271E-08
  892    6.383933E-08
  893    6.369643E-08
  894    6.355401E-08
  895    6.341207E-08
  896    6.471034E-08
  897    6.456614E-08
  898    6.442242E-08
  899    6.427918E-08
  900    6.413642E-08
  901    6.503523E-08
  902    6.489111E-08
  903    6.474747E-08
  904    6.460430E-08
  905    6.446161E-08
  906    7.060164E-08
  907    7.044604E-08
  908    7.029096E-08
  909    7.013639E-08
  910    6.998233E-08
  911    6.862489E-08
  912    6.847448E-08
  913    6.832456E-08
  914    6.817514E-08
  915    6.802620E-08
  916    7.535197E-08
  917    7.518771E-08
  918    7.502400E-08
  919    7.486081E-08
  920    7.469816E-08
  921    7.252988E-08
  922    7.237264E-08
  923    7.221590E-08
  924    7.205968E-08
  925    7.190396E-08
  926    7.539838E-08
  927    7.523579E-08
  928    7.507374E-08
  929    7.491220E-08
  930    7.475119E-08
  931    8.123041E-08
  932    8.105619E-08
  933    8.088253E-08
  934    8.070943E-08
  935    8.053688E-08
  936    7.570002E-08
  937    7.553852E-08
  938    7.537755E-08
  939    7.521708E-08
  940    7.505713E-08
  941    8.256690E-08
  942    8.239170E-08
  943    8.221704E-08
  944    8.204295E-08
  945    8.186940E-08
  946    8.160757E-08
  947    8.143531E-08
  948    8.126360E-08
  949    8.109242E-08
  950    8.092179E-08
  951    8.565668E-08
  952    8.547682E-08
  953    8.529753E-08
  954    8.511881E-08
  955    8.494064E-08
  956    8.675811E-08
  957    8.657689E-08
  958    8.639624E-08
  959    8.621616E-08
  960    8.603663E-08
  961    8.541542E-08
  962    8.523793E-08
  963    8.506100E-08
  964    8.488461E-08
  965    8.470878E-08
  966    9.478811E-08
  967    9.459216E-08
  968    9.439682E-08
  969    9.420209E-08
  970    9.400796E-08
  971    8.940212E-08
  972    8.921826E-08
  973    8.903497E-08
  974    8.885224E-08
  975    8.867007E-08
  976    9.869735E-08
  977    9.849541E-08
  978    9.829409E-08
  979    9.809339E-08
  980    9.789330E-08
  981    9.817167E-08
  982    9.797183E-08
  983    9.777260E-08
  984    9.757398E-08
  985    9.737596E-08
  986    9.712608E-08
  987    9.692937E-08
  988    9.673325E-08
  989    9.653773E-08
  990    9.634281E-08
  991    1.031732E-07
  992    1.029653E-07
  993    1.027580E-07
  994    1.025513E-07
  995    1.023453E-07
  996    1.013715E-07
  997    1.011683E-07
  998    1.009656E-07
  999    1.007636E-07
 1000    1.005622E-07
 1001    1.055528E-07
 1002    1.053422E-07
 1003    1.051323E-07
 1004    1.049230E-07
 1005    1.047143E-07
 1006    1.049041E-07
 1007    1.046959E-07
 1008    1.044882E-07
 1009    1.042812E-07
 1010    1.040748E-07
 1011    1.068718E-07
 1012    1.066607E-07
 1013    1.064503E-07
 1014    1.062404E-07
 1015    1.060312E-07
 1016    1.170434E-07
 1017    1.168134E-07
 1018    1.165840E-07
 1019    1.163553E-07
 1020    1.161272E-07
 1021    1.111978E-07
 1022    1.109803E-07
 1023    1.107635E-07
 1024    1.105472E-07
 1025    1.103316E-07
 1026    1.156065E-07
 1027    1.153815E-07
 1028    1.151572E-07
 1029    1.149334E-07
 1030    1.147104E-07
 1031    1.168969E-07
 1032    1.166705E-07
 1033    1.164447E-07
 1034    1.162196E-07
 1035    1.159951E-07
 1036    1.191925E-07
 1037    1.189627E-07
 1038    1.187336E-07
 1039    1.185052E-07
 1040    1.182774E-07
 1041    1.252276E-07
 1042    1.249874E-07
 1043    1.247478E-07
 1044    1.245090E-07
 1045    1.242708E-07
 1046    1.233368E-07
 1047    1.231013E-07
 1048    1.228665E-07
 1049    1.226324E-07
 1050    1.223989E-07
 1051    1.269351E-07
 1052    1.266939E-07
 1053    1.264534E-07
 1054    1.262135E-07
 1055    1.259744E-07
 1056    1.263300E-07
 1057    1.260911E-07
 1058    1.258529E-07
 1059    1.256153E-07
 1060    1.253784E-07
 1061    1.295753E-07
 1062    1.293314E-07
 1063    1.290882E-07
 1064    1.288456E-07
 1065    1.286038E-07
 1066    1.336065E-07
 1067    1.333562E-07
 1068    1.331066E-07
 1069    1.328577E-07
 1070    1.326094E-07
 1071    1.353239E-07
 1072    1.350716E-07
 1073    1.348199E-07
 1074    1.345690E-07
 1075    1.343188E-07
 1076    1.315725E-07
 1077    1.313283E-07
 1078    1.310847E-07
 1079    1.308419E-07
 1080    1.305997E-07
 1081    1.407045E-07
 1082    1.404446E-07
 1083    1.401853E-07
 1084    1.399268E-07
 1085    1.396690E-07
 1086    1.399897E-07
 1087    1.397323E-07
 1088    1.394756E-07
 1089    1.392195E-07
 1090    1.389642E-07
 1091    1.396478E-07
 1092    1.393922E-07
 1093    1.391372E-07
 1094    1.388830E-07
 1095    1.386294E-07
 1096    1.443280E-07
 1097    1.440650E-07
 1098    1.438027E-07
 1099    1.435412E-07
 1100    1.432803E-07
 1101    1.486103E-07
 1102    1.483407E-07
 1103    1.480718E-07
 1104    1.478037E-07
 1105    1.475363E-07
 1106    1.443396E-07
 1107    1.440790E-07
 1108    1.438190E-07
 1109    1.435598E-07
 1110    1.433012E-07
 1111    1.486548E-07
 1112    1.483876E-07
 1113    1.481211E-07
 1114    1.478553E-07
 1115    1.475902E-07
 1116    1.483212E-07
 1117    1.480557E-07
 1118    1.477910E-07
 1119    1.475270E-07
 1120    1.472636E-07
 1121    1.577060E-07
 1122    1.574250E-07
 1123    1.571447E-07
 1124    1.568652E-07
 1125    1.565865E-07
 1126    1.501704E-07
 1127    1.499040E-07
 1128    1.496384E-07
 1129    1.493734E-07
 1130    1.491091E-07
 1131    1.555274E-07
 1132    1.552527E-07
 1133    1.549788E-07
 1134    1.547056E-07
 1135    1.544331E-07
 1136    1.559266E-07
 1137    1.556525E-07
 1138    1.553790E-07
 1139    1.551063E-07
 1140    1.548343E-07
 1141    1.580994E-07
 1142    1.578226E-07
 1143    1.575466E-07
 1144    1.572713E-07
 1145    1.569967E-07
 1146    1.649302E-07
 1147    1.646427E-07
 1148    1.643560E-07
 1149    1.640700E-07
 1150    1.637848E-07
 1151    1.576261E-07
 1152    1.573526E-07
 1153    1.570798E-07
 1154    1.568077E-07
 1155    1.565362E-07
 1156    1.633219E-07
 1157    1.630397E-07
 1158    1.627582E-07
 1159    1.624775E-07
 1160    1.621974E-07
 1161    1.613265E-07
 1162    1.610489E-07
 1163    1.607721E-07
 1164    1.604960E-07
 1165    1.602205E-07
 1166    1.645705E-07
 1167    1.642886E-07
 1168    1.640074E-07
 1169    1.637269E-07
 1170    1.634472E-07
 1171    1.731388E-07
 1172    1.728435E-07
 1173    1.725489E-07
 1174    1.722551E-07
 1175    1.719620E-07
 1176    1.621426E-07
 1177    1.618672E-07
 1178    1.615925E-07
 1179    1.613185E-07
 1180    1.610452E-07
 1181    1.725794E-07
 1182    1.722875E-07
 1183    1.719963E-07
 1184    1.717059E-07
 1185    1.714162E-07
 1186    1.749317E-07
 1187    1.746371E-07
 1188    1.743432E-07
 1189    1.740501E-07
 1190    1.737577E-07
 1191    1.708420E-07
 1192    1.705554E-07
 1193    1.702696E-07
 1194    1.699845E-07
 1195    1.697002E-07
 1196    1.753990E-07
 1197    1.751061E-07
 1198    1.748138E-07
 1199    1.745224E-07
 1200    1.742316E-07
 1201    1.707523E-07
 1202    1.704683E-07
 1203    1.701850E-07
 1204    1.699024E-07
 1205    1.696206E-07
 1206    1.776369E-07
 1207    1.773426E-07
 1208    1.770492E-07
 1209    1.767564E-07
 1210    1.764643E-07
 1211    1.721855E-07
 1212    1.719015E-07
 1213    1.716182E-07
 1214    1.713356E-07
 1215    1.710537E-07
 1216    1.725249E-07
 1217    1.722415E-07
 1218    1.719587E-07
 1219    1.716767E-07
 1220    1.713954E-07
 1221    1.787697E-07
 1222    1.784772E-07
 1223    1.781855E-07
 1224    1.778944E-07
 1225    1.776041E-07
 1226    1.690281E-07
 1227    1.687527E-07
 1228    1.684780E-07
 1229    1.682039E-07
 1230    1.679305E-07
 1231    1.810205E-07
 1232    1.807268E-07
 1233    1.804337E-07
 1234    1.801414E-07
 1235    1.798498E-07
 1236    1.737168E-07
 1237    1.734361E-07
 1238    1.731560E-07
 1239    1.728766E-07
 1240    1.725979E-07
 1241    1.737113E-07
 1242    1.734317E-07
 1243    1.731527E-07
 1244    1.728745E-07
 1245    1.725969E-07
 1246    1.790637E-07
 1247    1.787766E-07
 1248    1.784902E-07
 1249    1.782045E-07
 1250    1.779195E-07
 1251    1.724757E-07
 1252    1.722003E-07
 1253    1.719255E-07
 1254    1.716514E-07
 1255    1.713780E-07
 1256    1.828612E-07
 1257    1.825703E-07
 1258    1.822802E-07
 1259    1.819908E-07
 1260    1.817020E-07
 1261    1.702980E-07
 1262    1.700282E-07
 1263    1.697591E-07
 1264    1.694906E-07
 1265    1.692227E-07
 1266    1.765081E-07
 1267    1.762296E-07
 1268    1.759517E-07
 1269    1.756745E-07
 1270    1.753980E-07
 1271    1.787010E-07
 1272    1.784201E-07
 1273    1.781399E-07
 1274    1.778604E-07
 1275    1.775815E-07
 1276    1.712901E-07
 1277    1.710219E-07
 1278    1.707544E-07
 1279    1.704874E-07
 1280    1.702212E-07
 1281    1.743185E-07
 1282    1.740467E-07
 1283    1.737755E-07
 1284    1.735049E-07
 1285    1.732350E-07
 1286    1.711993E-07
 1287    1.709334E-07
 1288    1.706681E-07
 1289    1.704034E-07
 1290    1.701393E-07
 1291    1.780647E-07
 1292    1.777892E-07
 1293    1.775143E-07
 1294    1.772400E-07
 1295    1.769664E-07
 1296    1.725255E-07
 1297    1.722596E-07
 1298    1.719943E-07
 1299    1.717296E-07
 1300    1.714655E-07
 1301    1.730121E-07
 1302    1.727464E-07
 1303    1.724814E-07
 1304    1.722169E-07
 1305    1.719531E-07
 1306    1.711488E-07
 1307    1.708870E-07
 1308    1.706258E-07
 1309    1.703652E-07
 1310    1.701052E-07
 1311    1.703747E-07
 1312    1.701151E-07
 1313    1.698560E-07
 1314    1.695976E-07
 1315    1.693398E-07
 1316    1.728139E-07
 1317    1.725516E-07
 1318    1.722899E-07
 1319    1.720287E-07
 1320    1.717682E-07
 1321    1.672821E-07
 1322    1.670291E-07
 1323    1.667767E-07
 1324    1.665249E-07
 1325    1.662736E-07
 1326    1.672346E-07
 1327    1.669826E-07
 1328    1.667312E-07
 1329    1.664804E-07
 1330    1.662301E-07
 1331    1.648054E-07
 1332    1.645581E-07
 1333    1.643113E-07
 1334    1.640650E-07
 1335    1.638193E-07
 1336    1.648325E-07
 1337    1.645860E-07
 1338    1.643401E-07
 1339    1.640947E-07
 1340    1.638499E-07
 1341    1.661788E-07
 1342    1.659313E-07
 1343    1.656843E-07
 1344    1.654378E-07
 1345    1.651919E-07
 1346    1.622003E-07
 1347    1.619595E-07
 1348    1.617193E-07
 1349    1.614796E-07
 1350    1.612405E-07
 1351    1.630297E-07
 1352    1.627887E-07
 1353    1.625481E-07
 1354    1.623081E-07
 1355    1.620686E-07
 1356    1.616504E-07
 1357    1.614122E-07
 1358    1.611746E-07
 1359    1.609375E-07
 1360    1.607009E-07
 1361    1.581294E-07
 1362    1.578972E-07
 1363    1.576656E-07
 1364    1.574345E-07
 1365    1.572039E-07
 1366    1.551267E-07
 1367    1.548999E-07
 1368    1.546735E-07
 1369    1.544476E-07
 1370    1.542222E-07
 1371    1.531010E-07
 1372    1.528779E-07
 1373    1.526553E-07
 1374    1.524331E-07
 1375    1.522115E-07
 1376    1.574729E-07
 1377    1.572442E-07
 1378    1.570161E-07
 1379    1.567885E-07
 1380    1.565613E-07
 1381    1.493622E-07
 1382    1.491462E-07
 1383    1.489306E-07
 1384    1.487154E-07
 1385    1.485007E-07
 1386    1.508658E-07
 1387    1.506484E-07
 1388    1.504314E-07
 1389    1.502148E-07
 1390    1.499988E-07
 1391    1.433298E-07
 1392    1.431239E-07
 1393    1.429185E-07
 1394    1.427135E-07
 1395    1.425090E-07
 1396    1.477154E-07
 1397    1.475040E-07
 1398    1.472931E-07
 1399    1.470826E-07
 1400    1.468725E-07
 1401    1.465841E-07
 1402    1.463751E-07
 1403    1.461665E-07
 1404    1.459584E-07
 1405    1.457507E-07
 1406    1.406556E-07
 1407    1.404557E-07
 1408    1.402563E-07
 1409    1.400573E-07
 1410    1.398587E-07
 1411    1.403563E-07
 1412    1.401576E-07
 1413    1.399592E-07
 1414    1.397613E-07
 1415    1.395639E-07
 1416    1.353766E-07
 1417    1.351856E-07
 1418    1.349950E-07
 1419    1.348048E-07
 1420    1.346150E-07
 1421    1.341957E-07
 1422    1.340070E-07
 1423    1.338188E-07
 1424    1.336309E-07
 1425    1.334434E-07
 1426    1.358876E-07
 1427    1.356972E-07
 1428    1.355073E-07
 1429    1.353177E-07
 1430    1.351285E-07
 1431    1.305995E-07
 1432    1.304172E-07
 1433    1.302352E-07
 1434    1.300537E-07
 1435    1.298725E-07
 1436    1.306660E-07
 1437    1.304842E-07
 1438    1.303027E-07
 1439    1.301217E-07
 1440    1.299410E-07
 1441    1.270241E-07
 1442    1.268480E-07
 1443    1.266722E-07
 1444    1.264969E-07
 1445    1.263218E-07
 1446    1.256117E-07
 1447    1.254381E-07
 1448    1.252649E-07
 1449    1.250921E-07
 1450    1.249196E-07
 1451    1.231771E-07
 1452    1.230075E-07
 1453    1.228382E-07
 1454    1.226693E-07
 1455    1.225008E-07
 1456    1.174410E-07
 1457    1.172798E-07
 1458    1.171190E-07
 1459    1.169585E-07
 1460    1.167984E-07
 1461    1.229894E-07
 1462    1.228213E-07
 1463    1.226534E-07
 1464    1.224859E-07
 1465    1.223187E-07
 1466    1.152852E-07
 1467    1.151281E-07
 1468    1.149713E-07
 1469    1.148148E-07
 1470    1.146587E-07
 1471    1.162427E-07
 1472    1.160848E-07
 1473    1.159273E-07
 1474    1.157700E-07
 1475    1.156131E-07
 1476    1.099045E-07
 1477    1.097557E-07
 1478    1.096072E-07
 1479    1.094591E-07
 1480    1.093112E-07
 1481    1.097678E-07
 1482    1.096197E-07
 1483    1.094719E-07
 1484    1.093245E-07
 1485    1.091773E-07
 1486    1.109627E-07
 1487    1.108135E-07
 1488    1.106646E-07
 1489    1.105160E-07
 1490    1.103677E-07
 1491    1.061498E-07
 1492    1.060076E-07
 1493    1.058656E-07
 1494    1.057240E-07
 1495    1.055826E-07
 1496    1.053691E-07
 1497    1.052284E-07
 1498    1.050879E-07
 1499    1.049478E-07
 1500    1.048079E-07
 1501    1.033839E-07
 1502    1.032463E-07
 1503    1.031090E-07
 1504    1.029719E-07
 1505    1.028351E-07
 1506    1.024522E-07
 1507    1.023163E-07
 1508    1.021807E-07
 1509    1.020453E-07
 1510    1.019102E-07
 1511    1.024832E-07
 1512    1.023476E-07
 1513    1.022124E-07
 1514    1.020774E-07
 1515    1.019427E-07
 1516    9.776396E-08
 1517    9.763511E-08
 1518    9.750651E-08
 1519    9.737817E-08
 1520    9.725009E-08
 1521    9.801534E-08
 1522    9.788658E-08
 1523    9.775808E-08
 1524    9.762983E-08
 1525    9.750183E-08
 1526    1.000343E-07
 1527    9.990329E-08
 1528    9.977257E-08
 1529    9.964211E-08
 1530    9.951190E-08
 1531    9.732127E-08
 1532    9.719426E-08
 1533    9.706750E-08
 1534    9.694098E-08
 1535    9.681472E-08
 1536    9.556034E-08
 1537    9.543603E-08
 1538    9.531197E-08
 1539    9.518815E-08
 1540    9.506457E-08
 1541    9.179866E-08
 1542    9.167963E-08
 1543    9.156084E-08
 1544    9.144228E-08
 1545    9.132394E-08
 1546    9.705501E-08
 1547    9.692958E-08
 1548    9.680438E-08
 1549    9.667943E-08
 1550    9.655473E-08
 1551    9.320693E-08
 1552    9.308686E-08
 1553    9.296702E-08
 1554    9.284740E-08
 1555    9.272803E-08
 1556    9.570143E-08
 1557    9.557853E-08
 1558    9.545588E-08
 1559    9.533346E-08
 1560    9.521128E-08
 1561    9.462630E-08
 1562    9.450518E-08
 1563    9.438429E-08
 1564    9.426364E-08
 1565    9.414321E-08
 1566    9.406416E-08
 1567    9.394415E-08
 1568    9.382436E-08
 1569    9.370480E-08
 1570    9.358547E-08
 1571    9.517539E-08
 1572    9.505434E-08
 1573    9.493353E-08
 1574    9.481294E-08
 1575    9.469258E-08
 1576    9.659403E-08
 1577    9.647156E-08
 1578    9.634933E-08
 1579    9.622733E-08
 1580    9.610556E-08
 1581    9.661245E-08
 1582    9.649035E-08
 1583    9.636848E-08
 1584    9.624684E-08
 1585    9.612543E-08
 1586    9.939254E-08
 1587    9.926732E-08
 1588    9.914234E-08
 1589    9.901759E-08
 1590    9.889308E-08
 1591    9.960238E-08
 1592    9.947729E-08
 1593    9.935243E-08
 1594    9.922782E-08
 1595    9.910343E-08
 1596    1.014166E-07
 1597    1.012897E-07
 1598    1.011629E-07
 1599    1.010365E-07
 1600    1.009102E-07
 1601    1.026579E-07
 1602    1.025298E-07
 1603    1.024019E-07
 1604    1.022743E-07
 1605    1.021469E-07
 1606    1.045264E-07
 1607    1.043964E-07
 1608    1.042666E-07
 1609    1.041370E-07
 1610    1.040077E-07
 1611    1.093175E-07
 1612    1.091819E-07
 1613    1.090466E-07
 1614    1.089115E-07
 1615    1.087766E-07
 1616    1.095020E-07
 1617    1.093666E-07
 1618    1.092314E-07
 1619    1.090965E-07
 1620    1.089619E-07
 1621    1.127314E-07
 1622    1.125924E-07
 1623    1.124537E-07
 1624    1.123153E-07
 1625    1.121771E-07
 1626    1.140971E-07
 1627    1.139569E-07
 1628    1.138169E-07
 1629    1.136772E-07
 1630    1.135378E-07
 1631    1.212125E-07
 1632    1.210640E-07
 1633    1.209157E-07
 1634    1.207678E-07
 1635    1.206201E-07
 1636    1.225896E-07
 1637    1.224398E-07
 1638    1.222904E-07
 1639    1.221412E-07
 1640    1.219923E-07
 1641    1.289579E-07
 1642    1.288008E-07
 1643    1.286441E-07
 1644    1.284876E-07
 1645    1.283315E-07
 1646    1.310301E-07
 1647    1.308711E-07
 1648    1.307123E-07
 1649    1.305538E-07
 1650    1.303956E-07
 1651    1.388354E-07
 1652    1.386673E-07
 1653    1.384996E-07
 1654    1.383322E-07
 1655    1.381651E-07
 1656    1.423605E-07
 1657    1.421887E-07
 1658    1.420172E-07
 1659    1.418461E-07
 1660    1.416752E-07
 1661    1.449845E-07
 1662    1.448101E-07
 1663    1.446360E-07
 1664    1.444622E-07
 1665    1.442887E-07
 1666    1.566219E-07
 1667    1.564340E-07
 1668    1.562465E-07
 1669    1.560593E-07
 1670    1.558725E-07
 1671    1.629860E-07
 1672    1.627911E-07
 1673    1.625965E-07
 1674    1.624023E-07
 1675    1.622085E-07
 1676    1.744578E-07
 1677    1.742498E-07
 1678    1.740422E-07
 1679    1.738349E-07
 1680    1.736281E-07
 1681    1.800369E-07
 1682    1.798229E-07
 1683    1.796092E-07
 1684    1.793960E-07
 1685    1.791831E-07
 1686    1.887866E-07
 1687    1.885629E-07
 1688    1.883395E-07
 1689    1.881166E-07
 1690    1.878940E-07
 1691    1.981233E-07
 1692    1.978892E-07
 1693    1.976554E-07
 1694    1.974222E-07
 1695    1.971893E-07
 1696    2.071346E-07
 1697    2.068906E-07
 1698    2.066470E-07
 1699    2.064038E-07
 1700    2.061610E-07
 1701    2.186362E-07
 1702    2.183794E-07
 1703    2.181230E-07
 1704    2.178670E-07
 1705    2.176116E-07
 1706    2.265370E-07
 1707    2.262717E-07
 1708    2.260068E-07
 1709    2.257424E-07
 1710    2.254785E-07
 1711    2.374306E-07
 1712    2.371534E-07
 1713    2.368765E-07
 1714    2.366002E-07
 1715    2.363244E-07
 1716    2.549925E-07
 1717    2.546956E-07
 1718    2.543992E-07
 1719    2.541033E-07
 1720    2.538079E-07
 1721    2.645917E-07
 1722    2.642845E-07
 1723    2.639778E-07
 1724    2.636717E-07
 1725    2.633661E-07
 1726    2.901515E-07
 1727    2.898156E-07
 1728    2.894802E-07
 1729    2.891455E-07
 1730    2.888113E-07
 1731    2.984004E-07
 1732    2.980559E-07
 1733    2.977120E-07
 1734    2.973688E-07
 1735    2.970261E-07
 1736    3.181095E-07
 1737    3.177434E-07
 1738    3.173778E-07
 1739    3.170129E-07
 1740    3.166486E-07
 1741    3.323509E-07
 1742    3.319694E-07
 1743    3.315886E-07
 1744    3.312084E-07
 1745    3.308289E-07
 1746    3.369559E-07
 1747    3.365702E-07
 1748    3.361853E-07
 1749    3.358009E-07
 1750    3.354173E-07
 1751    3.538178E-07
 1752    3.534140E-07
 1753    3.530109E-07
 1754    3.526085E-07
 1755    3.522068E-07
 1756    3.598334E-07
 1757    3.594239E-07
 1758    3.590152E-07
 1759    3.586071E-07
 1760    3.581997E-07
 1761    3.811915E-07
 1762    3.807590E-07
 1763    3.803271E-07
 1764    3.798961E-07
 1765    3.794657E-07
 1766    3.870802E-07
 1767    3.866422E-07
 1768    3.862049E-07
 1769    3.857684E-07
 1770    3.853327E-07
 1771    4.077841E-07
 1772    4.073240E-07
 1773    4.068646E-07
 1774    4.064061E-07
 1775    4.059483E-07
 1776    4.379407E-07
 1777    4.374480E-07
 1778    4.369560E-07
 1779    4.364649E-07
 1780    4.359747E-07
 1781    4.515696E-07
 1782    4.510629E-07
 1783    4.505571E-07
 1784    4.500521E-07
 1785    4.495480E-07
 1786    4.807210E-07
 1787    4.801831E-07
 1788    4.796461E-07
 1789    4.791100E-07
 1790    4.785749E-07
 1791    4.952954E-07
 1792    4.947428E-07
 1793    4.941911E-07
 1794    4.936403E-07
 1795    4.930905E-07
 1796    5.227568E-07
 1797    5.221751E-07
 1798    5.215944E-07
 1799    5.210147E-07
 1800    5.204360E-07
 1801    5.446313E-07
 1802    5.440270E-07
 1803    5.434237E-07
 1804    5.428214E-07
 1805    5.422201E-07
 1806    5.590005E-07
 1807    5.583820E-07
 1808    5.577645E-07
 1809    5.571480E-07
 1810    5.565326E-07
 1811    5.868121E-07
 1812    5.861646E-07
 1813    5.855181E-07
 1814    5.848727E-07
 1815    5.842284E-07
 1816    6.079119E-07
 1817    6.072429E-07
 1818    6.065751E-07
 1819    6.059083E-07
 1820    6.052427E-07
 1821    6.599709E-07
 1822    6.592467E-07
 1823    6.585236E-07
 1824    6.578017E-07
 1825    6.570811E-07
 1826    6.809445E-07
 1827    6.801993E-07
 1828    6.794553E-07
 1829    6.787125E-07
 1830    6.779709E-07
 1831    7.130419E-07
 1832    7.122637E-07
 1833    7.114868E-07
 1834    7.107111E-07
 1835    7.099367E-07
 1836    7.494835E-07
 1837    7.486678E-07
 1838    7.478533E-07
 1839    7.470402E-07
 1840    7.462285E-07
 1841    7.695829E-07
 1842    7.687476E-07
 1843    7.679136E-07
 1844    7.670809E-07
 1845    7.662496E-07
 1846    7.975914E-07
 1847    7.967279E-07
 1848    7.958659E-07
 1849    7.950053E-07
 1850    7.941460E-07
 1851    8.089892E-07
 1852    8.081158E-07
 1853    8.072438E-07
 1854    8.063732E-07
 1855    8.055040E-07
 1856    8.319036E-07
 1857    8.310079E-07
 1858    8.301136E-07
 1859    8.292207E-07
 1860    8.283294E-07
 1861    8.629921E-07
 1862    8.620654E-07
 1863    8.611402E-07
 1864    8.602164E-07
 1865    8.592942E-07
 1866    8.960243E-07
 1867    8.950647E-07
 1868    8.941066E-07
 1869    8.931501E-07
 1870    8.921951E-07
 1871    9.492759E-07
 1872    9.482620E-07
 1873    9.472497E-07
 1874    9.462390E-07
 1875    9.452300E-07
 1876    9.662804E-07
 1877    9.652510E-07
 1878    9.642233E-07
 1879    9.631973E-07
 1880    9.621729E-07
 1881    1.024172E-06
 1882    1.023084E-06
 1883    1.021998E-06
 1884    1.020913E-06
 1885    1.019830E-06
 1886    1.048507E-06
 1887    1.047396E-06
 1888    1.046287E-06
 1889    1.045180E-06
 1890    1.044074E-06
 1891    1.081920E-06
 1892    1.080776E-06
 1893    1.079635E-06
 1894    1.078495E-06
 1895    1.077357E-06
 1896    1.137121E-06
 1897    1.135922E-06
 1898    1.134725E-06
 1899    1.133531E-06
 1900    1.132338E-06
 1901    1.133525E-06
 1902    1.132334E-06
 1903    1.131144E-06
 1904    1.129956E-06
 1905    1.128770E-06
 1906    1.184956E-06
 1907    1.183714E-06
 1908    1.182473E-06
 1909    1.181235E-06
 1910    1.179998E-06
 1911    1.235998E-06
 1912    1.234706E-06
 1913    1.233415E-06
 1914    1.232127E-06
 1915    1.230840E-06
 1916    1.271395E-06
 1917    1.270069E-06
 1918    1.268745E-06
 1919    1.267423E-06
 1920    1.266103E-06
 1921    1.327071E-06
 1922    1.325690E-06
 1923    1.324312E-06
 1924    1.322936E-06
 1925    1.321562E-06
 1926    1.373830E-06
 1927    1.372404E-06
 1928    1.370981E-06
 1929    1.369560E-06
 1930    1.368141E-06
 1931    1.459212E-06
 1932    1.457702E-06
 1933    1.456194E-06
 1934    1.454689E-06
 1935    1.453186E-06
 1936    1.483762E-06
 1937    1.482231E-06
 1938    1.480701E-06
 1939    1.479175E-06
 1940    1.477650E-06
 1941    1.536796E-06
 1942    1.535213E-06
 1943    1.533634E-06
 1944    1.532056E-06
 1945    1.530481E-06
 1946    1.578168E-06
 1947    1.576547E-06
 1948    1.574929E-06
 1949    1.573313E-06
 1950    1.571700E-06
 1951    1.555381E-06
 1952    1.553788E-06
 1953    1.552197E-06
 1954    1.550609E-06
 1955    1.549023E-06
 1956    1.648189E-06
 1957    1.646505E-06
 1958    1.644823E-06
 1959    1.643144E-06
 1960    1.641468E-06
 1961    1.596784E-06
 1962    1.595157E-06
 1963    1.593532E-06
 1964    1.591910E-06
 1965    1.590290E-06
 1966    1.689749E-06
 1967    1.688032E-06
 1968    1.686317E-06
 1969    1.684604E-06
 1970    1.682894E-06
 1971    1.732032E-06
 1972    1.730276E-06
 1973    1.728522E-06
 1974    1.726772E-06
 1975    1.725023E-06
 1976    1.772114E-06
 1977    1.770321E-06
 1978    1.768532E-06
 1979    1.766745E-06
 1980    1.764961E-06
 1981    1.841865E-06
 1982    1.840007E-06
 1983    1.838152E-06
 1984    1.836299E-06
 1985    1.834450E-06
 1986    1.874217E-06
 1987    1.872331E-06
 1988    1.870447E-06
 1989    1.868567E-06
 1990    1.866690E-06
 1991    1.965831E-06
 1992    1.963857E-06
 1993    1.961887E-06
 1994    1.959920E-06
 1995    1.957956E-06
 1996    1.963388E-06
 1997    1.961422E-06
 1998    1.959459E-06
 1999    1.957499E-06
 2000    1.955542E-06
 2001    1.992079E-06
 2002    1.990090E-06
 2003    1.988103E-06
 2004    1.986120E-06
 2005    1.984139E-06
 2006    2.052709E-06
 2007    2.050664E-06
 2008    2.048622E-06
 2009    2.046583E-06
 2010    2.044548E-06
 2011    2.087174E-06
 2012    2.085099E-06
 2013    2.083028E-06
 2014    2.080960E-06
 2015    2.078895E-06
 2016    2.204021E-06
 2017    2.201837E-06
 2018    2.199655E-06
 2019    2.197477E-06
 2020    2.195301E-06
 2021    2.256656E-06
 2022    2.254425E-06
 2023    2.252196E-06
 2024    2.249971E-06
 2025    2.247750E-06
 2026    2.301966E-06
 2027    2.299695E-06
 2028    2.297428E-06
 2029    2.295164E-06
 2030    2.292903E-06
 2031    2.429541E-06
 2032    2.427150E-06
 2033    2.424763E-06
 2034    2.422379E-06
 2035    2.419999E-06
 2036    2.425141E-06
 2037    2.422760E-06
 2038    2.420383E-06
 2039    2.418010E-06
 2040    2.415639E-06
 2041    2.538591E-06
 2042    2.536105E-06
 2043    2.533623E-06
 2044    2.531145E-06
 2045    2.528670E-06
 2046    2.486559E-06
 2047    2.484130E-06
 2048    2.481704E-06
 2049    2.479283E-06
 2050    2.476864E-06
 2051    2.518323E-06
 2052    2.515869E-06
 2053    2.513419E-06
 2054    2.510972E-06
 2055    2.508529E-06
 2056    2.555597E-06
 2057    2.553113E-06
 2058    2.550633E-06
 2059    2.548156E-06
 2060    2.545682E-06
 2061    2.565314E-06
 2062    2.562826E-06
 2063    2.560342E-06
 2064    2.557862E-06
 2065    2.555385E-06
 2066    2.626573E-06
 2067    2.624032E-06
 2068    2.621495E-06
 2069    2.618961E-06
 2070    2.616431E-06
 2071    2.615048E-06
 2072    2.612525E-06
 2073    2.610005E-06
 2074    2.607489E-06
 2075    2.604976E-06
 2076    2.760248E-06
 2077    2.757591E-06
 2078    2.754937E-06
 2079    2.752288E-06
 2080    2.749642E-06
 2081    2.844777E-06
 2082    2.842045E-06
 2083    2.839316E-06
 2084    2.836592E-06
 2085    2.833872E-06
 2086    2.964365E-06
 2087    2.961525E-06
 2088    2.958689E-06
 2089    2.955857E-06
 2090    2.953029E-06
 2091    2.921455E-06
 2092    2.918662E-06
 2093    2.915874E-06
 2094    2.913090E-06
 2095    2.910309E-06
 2096    3.008688E-06
 2097    3.005819E-06
 2098    3.002954E-06
 2099    3.000094E-06
 2100    2.997237E-06
 2101    3.034902E-06
 2102    3.032015E-06
 2103    3.029132E-06
 2104    3.026254E-06
 2105    3.023379E-06
 2106    3.029742E-06
 2107    3.026866E-06
 2108    3.023995E-06
 2109    3.021128E-06
 2110    3.018265E-06
 2111    3.140810E-06
 2112    3.137836E-06
 2113    3.134867E-06
 2114    3.131902E-06
 2115    3.128941E-06
 2116    3.212386E-06
 2117    3.209352E-06
 2118    3.206322E-06
 2119    3.203297E-06
 2120    3.200275E-06
 2121    3.278902E-06
 2122    3.275813E-06
 2123    3.272727E-06
 2124    3.269647E-06
 2125    3.266570E-06
 2126    3.333613E-06
 2127    3.330480E-06
 2128    3.327350E-06
 2129    3.324225E-06
 2130    3.321104E-06
 2131    3.414459E-06
 2132    3.411257E-06
 2133    3.408059E-06
 2134    3.404866E-06
 2135    3.401677E-06
 2136    3.538426E-06
 2137    3.535115E-06
 2138    3.531809E-06
 2139    3.528507E-06
 2140    3.525210E-06
 2141    3.540083E-06
 2142    3.536779E-06
 2143    3.533479E-06
 2144    3.530183E-06
 2145    3.526892E-06
 2146    3.543253E-06
 2147    3.539953E-06
 2148    3.536658E-06
 2149    3.533367E-06
 2150    3.530081E-06
 2151    3.459336E-06
 2152    3.456121E-06
 2153    3.452912E-06
 2154    3.449706E-06
 2155    3.446506E-06
 2156    3.488012E-06
 2157    3.484779E-06
 2158    3.481550E-06
 2159    3.478326E-06
 2160    3.475106E-06
 2161    3.647579E-06
 2162    3.644205E-06
 2163    3.640836E-06
 2164    3.637472E-06
 2165    3.634113E-06
 2166    3.593273E-06
 2167    3.589958E-06
 2168    3.586647E-06
 2169    3.583340E-06
 2170    3.580038E-06
 2171    3.714810E-06
 2172    3.711390E-06
 2173    3.707975E-06
 2174    3.704565E-06
 2175    3.701159E-06
 2176    3.705237E-06
 2177    3.701833E-06
 2178    3.698435E-06
 2179    3.695041E-06
 2180    3.691652E-06
 2181    3.833931E-06
 2182    3.830418E-06
 2183    3.826909E-06
 2184    3.823405E-06
 2185    3.819907E-06
 2186    3.911731E-06
 2187    3.908155E-06
 2188    3.904583E-06
 2189    3.901017E-06
 2190    3.897455E-06
 2191    3.857314E-06
 2192    3.853795E-06
 2193    3.850281E-06
 2194    3.846772E-06
 2195    3.843268E-06
 2196    3.932924E-06
 2197    3.929345E-06
 2198    3.925770E-06
 2199    3.922200E-06
 2200    3.918636E-06
 2201    3.809843E-06
 2202    3.806384E-06
 2203    3.802929E-06
 2204    3.799479E-06
 2205    3.796033E-06
 2206    3.891355E-06
 2207    3.887830E-06
 2208    3.884309E-06
 2209    3.880793E-06
 2210    3.877282E-06
 2211    3.885034E-06
 2212    3.881522E-06
 2213    3.878015E-06
 2214    3.874512E-06
 2215    3.871015E-06
 2216    3.901835E-06
 2217    3.898316E-06
 2218    3.894801E-06
 2219    3.891292E-06
 2220    3.887787E-06
 2221    4.067156E-06
 2222    4.063496E-06
 2223    4.059841E-06
 2224    4.056191E-06
 2225    4.052545E-06
 2226    4.066356E-06
 2227    4.062705E-06
 2228    4.059059E-06
 2229    4.055418E-06
 2230    4.051781E-06
 2231    4.224221E-06
 2232    4.220437E-06
 2233    4.216657E-06
 2234    4.212883E-06
 2235    4.209114E-06
 2236    4.282648E-06
 2237    4.278820E-06
 2238    4.274997E-06
 2239    4.271180E-06
 2240    4.267367E-06
 2241    4.201772E-06
 2242    4.198025E-06
 2243    4.194282E-06
 2244    4.190545E-06
 2245    4.186813E-06
 2246    4.386624E-06
 2247    4.382721E-06
 2248    4.378822E-06
 2249    4.374929E-06
 2250    4.371041E-06
 2251    4.190865E-06
 2252    4.187144E-06
 2253    4.183428E-06
 2254    4.179716E-06
 2255    4.176010E-06
 2256    4.239134E-06
 2257    4.235379E-06
 2258    4.231628E-06
 2259    4.227882E-06
 2260    4.224142E-06
 2261    4.227738E-06
 2262    4.224001E-06
 2263    4.220269E-06
 2264    4.216541E-06
 2265    4.212819E-06
 2266    4.306828E-06
 2267    4.303029E-06
 2268    4.299235E-06
 2269    4.295446E-06
 2270    4.291663E-06
 2271    4.449946E-06
 2272    4.446030E-06
 2273    4.442118E-06
 2274    4.438212E-06
 2275    4.434312E-06
 2276    4.410903E-06
 2277    4.407029E-06
 2278    4.403161E-06
 2279    4.399298E-06
 2280    4.395439E-06
 2281    4.644276E-06
 2282    4.640206E-06
 2283    4.636142E-06
 2284    4.632083E-06
 2285    4.628030E-06
 2286    4.654826E-06
 2287    4.650757E-06
 2288    4.646692E-06
 2289    4.642633E-06
 2290    4.638579E-06
 2291    4.683019E-06
 2292    4.678934E-06
 2293    4.674854E-06
 2294    4.670779E-06
 2295    4.666709E-06
 2296    4.672221E-06
 2297    4.668154E-06
 2298    4.664092E-06
 2299    4.660036E-06
 2300    4.655984E-06
 2301    4.592252E-06
 2302    4.588263E-06
 2303    4.584279E-06
 2304    4.580301E-06
 2305    4.576327E-06
 2306    4.769383E-06
 2307    4.765249E-06
 2308    4.761121E-06
 2309    4.756997E-06
 2310    4.752880E-06
 2311    4.691262E-06
 2312    4.687205E-06
 2313    4.683153E-06
 2314    4.679106E-06
 2315    4.675065E-06
 2316    4.833433E-06
 2317    4.829262E-06
 2318    4.825096E-06
 2319    4.820936E-06
 2320    4.816781E-06
 2321    4.909324E-06
 2322    4.905097E-06
 2323    4.900874E-06
 2324    4.896658E-06
 2325    4.892446E-06
 2326    5.048554E-06
 2327    5.044216E-06
 2328    5.039884E-06
 2329    5.035557E-06
 2330    5.031235E-06
 2331    5.199397E-06
 2332    5.194938E-06
 2333    5.190486E-06
 2334    5.186039E-06
 2335    5.181598E-06
 2336    5.111294E-06
 2337    5.106920E-06
 2338    5.102553E-06
 2339    5.098191E-06
 2340    5.093834E-06
 2341    5.156864E-06
 2342    5.152461E-06
 2343    5.148064E-06
 2344    5.143672E-06
 2345    5.139286E-06
 2346    5.082463E-06
 2347    5.078133E-06
 2348    5.073808E-06
 2349    5.069489E-06
 2350    5.065176E-06
 2351    5.094873E-06
 2352    5.090541E-06
 2353    5.086215E-06
 2354    5.081895E-06
 2355    5.077580E-06
 2356    5.067890E-06
 2357    5.063590E-06
 2358    5.059296E-06
 2359    5.055008E-06
 2360    5.050725E-06
 2361    5.206270E-06
 2362    5.201862E-06
 2363    5.197460E-06
 2364    5.193064E-06
 2365    5.188673E-06
 2366    5.516191E-06
 2367    5.511531E-06
 2368    5.506877E-06
 2369    5.502229E-06
 2370    5.497587E-06
 2371    5.678291E-06
 2372    5.673505E-06
 2373    5.668724E-06
 2374    5.663949E-06
 2375    5.659181E-06
 2376    5.900082E-06
 2377    5.895119E-06
 2378    5.890162E-06
 2379    5.885211E-06
 2380    5.880267E-06
 2381    6.070337E-06
 2382    6.065241E-06
 2383    6.060152E-06
 2384    6.055069E-06
 2385    6.049992E-06
 2386    6.093804E-06
 2387    6.088699E-06
 2388    6.083601E-06
 2389    6.078509E-06
 2390    6.073423E-06
 2391    6.182919E-06
 2392    6.177751E-06
 2393    6.172588E-06
 2394    6.167433E-06
 2395    6.162284E-06
 2396    5.642662E-06
 2397    5.637955E-06
 2398    5.633254E-06
 2399    5.628558E-06
 2400    5.623869E-06
 2401    5.232656E-06
 2402    5.228300E-06
 2403    5.223950E-06
 2404    5.219605E-06
 2405    5.215265E-06
 2406    4.738081E-06
 2407    4.734145E-06
 2408    4.730214E-06
 2409    4.726288E-06
 2410    4.722366E-06
 2411    4.696697E-06
 2412    4.692803E-06
 2413    4.688914E-06
 2414    4.685030E-06
 2415    4.681151E-06
 2416    5.149944E-06
 2417    5.145684E-06
 2418    5.141428E-06
 2419    5.137178E-06
 2420    5.132934E-06
 2421    5.964784E-06
 2422    5.959860E-06
 2423    5.954942E-06
 2424    5.950029E-06
 2425    5.945123E-06
 2426    7.313514E-06
 2427    7.307489E-06
 2428    7.301470E-06
 2429    7.295460E-06
 2430    7.289457E-06
 2431    8.437037E-06
 2432    8.430100E-06
 2433    8.423172E-06
 2434    8.416252E-06
 2435    8.409341E-06
 2436    9.575111E-06
 2437    9.567254E-06
 2438    9.559408E-06
 2439    9.551570E-06
 2440    9.543743E-06
 2441    1.027117E-05
 2442    1.026276E-05
 2443    1.025436E-05
 2444    1.024597E-05
 2445    1.023759E-05
 2446    1.051011E-05
 2447    1.050152E-05
 2448    1.049295E-05
 2449    1.048438E-05
 2450    1.047582E-05
 2451    1.129978E-05
 2452    1.129057E-05
 2453    1.128136E-05
 2454    1.127217E-05
 2455    1.126299E-05
 2456    1.226113E-05
 2457    1.225115E-05
 2458    1.224119E-05
 2459    1.223123E-05
 2460    1.222129E-05
 2461    1.353958E-05
 2462    1.352858E-05
 2463    1.351760E-05
 2464    1.350663E-05
 2465    1.349567E-05
 2466    1.443486E-05
 2467    1.442316E-05
 2468    1.441148E-05
 2469    1.439981E-05
 2470    1.438815E-05
 2471    1.451871E-05
 2472    1.450697E-05
 2473    1.449524E-05
 2474    1.448352E-05
 2475    1.447182E-05
 2476    1.388751E-05
 2477    1.387630E-05
 2478    1.386510E-05
 2479    1.385392E-05
 2480    1.384275E-05
 2481    1.163039E-05
 2482    1.162102E-05
 2483    1.161167E-05
 2484    1.160232E-05
 2485    1.159298E-05
 2486    8.574130E-06
 2487    8.567236E-06
 2488    8.560351E-06
 2489    8.553473E-06
 2490    8.546605E-06
 2491    3.636274E-06
 2492    3.633356E-06
 2493    3.630442E-06
 2494    3.627531E-06
 2495    3.624624E-06
 2496   -3.356529E-06
 2497   -3.353841E-06
 2498   -3.351156E-06
 2499   -3.348474E-06
 2500   -3.345796E-06
 2501   -1.181313E-05
 2502   -1.180369E-05
 2503   -1.179426E-05
 2504   -1.178484E-05
 2505   -1.177544E-05
 2506   -1.933487E-05
 2507   -1.931945E-05
 2508   -1.930404E-05
 2509   -1.928866E-05
 2510   -1.927329E-05
 2511   -2.570087E-05
 2512   -2.568041E-05
 2513   -2.565997E-05
 2514   -2.563956E-05
 2515   -2.561918E-05
 2516   -2.745247E-05
 2517   -2.743066E-05
 2518   -2.740887E-05
 2519   -2.738712E-05
 2520   -2.736539E-05
 2521   -2.445235E-05
 2522   -2.443297E-05
 2523   -2.441360E-05
 2524   -2.439426E-05
 2525   -2.437494E-05
 2526   -1.285272E-05
 2527   -1.284255E-05
 2528   -1.283239E-05
 2529   -1.282224E-05
 2530   -1.281211E-05
 2531    8.935134E-06
 2532    8.928077E-06
 2533    8.921029E-06
 2534    8.913990E-06
 2535    8.906958E-06
 2536    4.282140E-05
 2537    4.278765E-05
 2538    4.275394E-05
 2539    4.272027E-05
 2540    4.268664E-05
 2541    8.815365E-05
 2542    8.808430E-05
 2543    8.801504E-05
 2544    8.794586E-05
 2545    8.787676E-05
 2546    1.478848E-04
 2547    1.477687E-04
 2548    1.476528E-04
 2549    1.475369E-04
 2550    1.474212E-04
 2551    2.066276E-04
 2552    2.064657E-04
 2553    2.063040E-04
 2554    2.061425E-04
 2555    2.059811E-04
 2556    2.692082E-04
 2557    2.689977E-04
 2558    2.687874E-04
 2559    2.685774E-04
 2560    2.683676E-04
 2561    3.156210E-04
 2562    3.153746E-04
 2563    3.151286E-04
 2564    3.148828E-04
 2565    3.146373E-04
 2566    3.408030E-04
 2567    3.405376E-04
 2568    3.402724E-04
 2569    3.400075E-04
 2570    3.397430E-04
 2571    3.442464E-04
 2572    3.439788E-04
 2573    3.437115E-04
 2574    3.434444E-04
 2575    3.431777E-04
 2576    2.798904E-04
 2577    2.796732E-04
 2578    2.794563E-04
 2579    2.792396E-04
 2580    2.790232E-04
 2581    1.461748E-04
 2582    1.460616E-04
 2583    1.459485E-04
 2584    1.458356E-04
 2585    1.457227E-04
 2586   -1.113130E-04
 2587   -1.112270E-04
 2588   -1.111410E-04
 2589   -1.110552E-04
 2590   -1.109694E-04
 2591   -5.166471E-04
 2592   -5.162485E-04
 2593   -5.158504E-04
 2594   -5.154528E-04
 2595   -5.150556E-04
 2596   -1.076303E-03
 2597   -1.075474E-03
 2598   -1.074647E-03
 2599   -1.073820E-03
 2600   -1.072994E-03
 2601   -1.635099E-03
 2602   -1.633843E-03
 2603   -1.632587E-03
 2604   -1.631334E-03
 2605   -1.630082E-03
 2606   -2.168053E-03
 2607   -2.166390E-03
 2608   -2.164729E-03
 2609   -2.163070E-03
 2610   -2.161413E-03
 2611   -2.418626E-03
 2612   -2.416774E-03
 2613   -2.414925E-03
 2614   -2.413077E-03
 2615   -2.411232E-03
 2616   -2.535970E-03
 2617   -2.534033E-03
 2618   -2.532097E-03
 2619   -2.530164E-03
 2620   -2.528233E-03
 2621   -2.298126E-03
 2622   -2.296373E-03
 2623   -2.294622E-03
 2624   -2.292874E-03
 2625   -2.291127E-03
 2626   -1.784470E-03
 2627   -1.783111E-03
 2628   -1.781755E-03
 2629   -1.780399E-03
 2630   -1.779046E-03
 2631   -7.114414E-04
 2632   -7.109009E-04
 2633   -7.103610E-04
 2634   -7.098217E-04
 2635   -7.092831E-04
 2636    1.261462E-03
 2637    1.260505E-03
 2638    1.259550E-03
 2639    1.258595E-03
 2640    1.257642E-03
 2641    4.466717E-03
 2642    4.463336E-03
 2643    4.459960E-03
 2644    4.456587E-03
 2645    4.453217E-03
 2646    8.922222E-03
 2647    8.915481E-03
 2648    8.908749E-03
 2649    8.902024E-03
 2650    8.895307E-03
 2651    1.379833E-02
 2652    1.378793E-02
 2653    1.377753E-02
 2654    1.376715E-02
 2655    1.375678E-02
 2656    1.860756E-02
 2657    1.859356E-02
 2658    1.857957E-02
 2659    1.856560E-02
 2660    1.855164E-02
 2661    2.099734E-02
 2662    2.098157E-02
 2663    2.096581E-02
 2664    2.095007E-02
 2665    2.093436E-02
 2666    2.342627E-02
 2667    2.340870E-02
 2668    2.339116E-02
 2669    2.337364E-02
 2670    2.335613E-02
 2671    2.384140E-02
 2672    2.382355E-02
 2673    2.380573E-02
 2674    2.378793E-02
 2675    2.377015E-02
 2676    2.350490E-02
 2677    2.348734E-02
 2678    2.346980E-02
 2679    2.345229E-02
 2680    2.343479E-02
 2681    2.323728E-02
 2682    2.321996E-02
 2683    2.320265E-02
 2684    2.318537E-02
 2685    2.316810E-02
 2686    2.109154E-02
 2687    2.107584E-02
 2688    2.106017E-02
 2689    2.104450E-02
 2690    2.102886E-02
 2691    1.837456E-02
 2692    1.836091E-02
 2693    1.834728E-02
 2694    1.833366E-02
 2695    1.832006E-02
 2696    1.343956E-02
 2697    1.342959E-02
 2698    1.341964E-02
 2699    1.340970E-02
 2700    1.339976E-02
 2701    8.599520E-03
 2702    8.593156E-03
 2703    8.586799E-03
 2704    8.580449E-03
 2705    8.574106E-03
 2706    4.172626E-03
 2707    4.169543E-03
 2708    4.166465E-03
 2709    4.163389E-03
 2710    4.160317E-03
 2711    9.877053E-04
 2712    9.869771E-04
 2713    9.862496E-04
 2714    9.855230E-04
 2715    9.847971E-04
 2716   -9.699498E-04
 2717   -9.692359E-04
 2718   -9.685228E-04
 2719   -9.678106E-04
 2720   -9.670991E-04
 2721   -1.973713E-03
 2722   -1.972263E-03
 2723   -1.970815E-03
 2724   -1.969368E-03
 2725   -1.967923E-03
 2726   -2.528839E-03
 2727   -2.526985E-03
 2728   -2.525132E-03
 2729   -2.523282E-03
 2730   -2.521434E-03
 2731   -2.690462E-03
 2732   -2.688493E-03
 2733   -2.686526E-03
 2734   -2.684561E-03
 2735   -2.682598E-03
 2736   -2.547010E-03
 2737   -2.545149E-03
 2738   -2.543290E-03
 2739   -2.541434E-03
 2740   -2.539579E-03
 2741   -2.303497E-03
 2742   -2.301818E-03
 2743   -2.300140E-03
 2744   -2.298463E-03
 2745   -2.296789E-03
 2746   -1.734753E-03
 2747   -1.733490E-03
 2748   -1.732229E-03
 2749   -1.730968E-03
 2750   -1.729710E-03
 2751   -1.140998E-03
 2752   -1.140169E-03
 2753   -1.139341E-03
 2754   -1.138513E-03
 2755   -1.137687E-03
 2756   -5.710150E-04
 2757   -5.706008E-04
 2758   -5.701871E-04
 2759   -5.697739E-04
 2760   -5.693611E-04
 2761   -1.549499E-04
 2762   -1.548377E-04
 2763   -1.547256E-04
 2764   -1.546137E-04
 2765   -1.545019E-04
 2766    1.056222E-04
 2767    1.055459E-04
 2768    1.054696E-04
 2769    1.053935E-04
 2770    1.053174E-04
 2771    2.398508E-04
 2772    2.396778E-04
 2773    2.395049E-04
 2774    2.393323E-04
 2775    2.391598E-04
 2776    3.051458E-04
 2777    3.049261E-04
 2778    3.047066E-04
 2779    3.044873E-04
 2780    3.042683E-04
 2781    3.003233E-04
 2782    3.001074E-04
 2783    2.998918E-04
 2784    2.996764E-04
 2785    2.994612E-04
 2786    2.791558E-04
 2787    2.789555E-04
 2788    2.787554E-04
 2789    2.785556E-04
 2790    2.783559E-04
 2791    2.354862E-04
 2792    2.353175E-04
 2793    2.351491E-04
 2794    2.349808E-04
 2795    2.348127E-04
 2796    1.753591E-04
 2797    1.752338E-04
 2798    1.751085E-04
 2799    1.749834E-04
 2800    1.748585E-04
 2801    1.118197E-04
 2802    1.117399E-04
 2803    1.116602E-04
 2804    1.115805E-04
 2805    1.115010E-04
 2806    5.211619E-05
 2807    5.207906E-05
 2808    5.204198E-05
 2809    5.200493E-05
 2810    5.196792E-05
 2811    7.803693E-06
 2812    7.798143E-06
 2813    7.792600E-06
 2814    7.787062E-06
 2815    7.781531E-06
 2816   -2.479323E-05
 2817   -2.477563E-05
 2818   -2.475805E-05
 2819   -2.474048E-05
 2820   -2.472294E-05
 2821   -4.513322E-05
 2822   -4.510124E-05
 2823   -4.506929E-05
 2824   -4.503738E-05
 2825   -4.500550E-05
 2826   -5.538021E-05
 2827   -5.534104E-05
 2828   -5.530190E-05
 2829   -5.526282E-05
 2830   -5.522377E-05
 2831   -5.722214E-05
 2832   -5.718173E-05
 2833   -5.714137E-05
 2834   -5.710105E-05
 2835   -5.706078E-05
 2836   -5.489633E-05
 2837   -5.485764E-05
 2838   -5.481899E-05
 2839   -5.478038E-05
 2840   -5.474180E-05
 2841   -4.758653E-05
 2842   -4.755305E-05
 2843   -4.751960E-05
 2844   -4.748619E-05
 2845   -4.745282E-05
 2846   -3.771381E-05
 2847   -3.768732E-05
 2848   -3.766086E-05
 2849   -3.763442E-05
 2850   -3.760802E-05
 2851   -2.703879E-05
 2852   -2.701983E-05
 2853   -2.700089E-05
 2854   -2.698198E-05
 2855   -2.696308E-05
 2856   -1.804017E-05
 2857   -1.802754E-05
 2858   -1.801493E-05
 2859   -1.800233E-05
 2860   -1.798974E-05
 2861   -1.175151E-05
 2862   -1.174330E-05
 2863   -1.173510E-05
 2864   -1.172691E-05
 2865   -1.171872E-05
 2866   -7.476404E-06
 2867   -7.471189E-06
 2868   -7.465980E-06
 2869   -7.460776E-06
 2870   -7.455578E-06
 2871   -4.941104E-06
 2872   -4.937664E-06
 2873   -4.934227E-06
 2874   -4.930794E-06
 2875   -4.927364E-06
 2876   -3.738616E-06
 2877   -3.736017E-06
 2878   -3.733421E-06
 2879   -3.730828E-06
 2880   -3.728238E-06
 2881   -3.700057E-06
 2882   -3.697490E-06
 2883   -3.694926E-06
 2884   -3.692364E-06
 2885   -3.689804E-06
 2886   -4.217868E-06
 2887   -4.214947E-06
 2888   -4.212028E-06
 2889   -4.209113E-06
 2890   -4.206201E-06
 2891   -4.802437E-06
 2892   -4.799116E-06
 2893   -4.795799E-06
 2894   -4.792485E-06
 2895   -4.789175E-06
 2896   -5.115433E-06
 2897   -5.111902E-06
 2898   -5.108375E-06
 2899   -5.104851E-06
 2900   -5.101331E-06
 2901   -4.983936E-06
 2902   -4.980502E-06
 2903   -4.977071E-06
 2904   -4.973644E-06
 2905   -4.970220E-06
 2906   -4.944265E-06
 2907   -4.940864E-06
 2908   -4.937467E-06
 2909   -4.934073E-06
 2910   -4.930682E-06
 2911   -5.040226E-06
 2912   -5.036765E-06
 2913   -5.033307E-06
 2914   -5.029853E-06
 2915   -5.026403E-06
 2916   -5.622976E-06
 2917   -5.619121E-06
 2918   -5.615271E-06
 2919   -5.611424E-06
 2920   -5.607581E-06
 2921   -6.557196E-06
 2922   -6.552708E-06
 2923   -6.548225E-06
 2924   -6.543747E-06
 2925   -6.539274E-06
 2926   -7.144368E-06
 2927   -7.139487E-06
 2928   -7.134611E-06
 2929   -7.129741E-06
 2930   -7.124875E-06
 2931   -7.804725E-06
 2932   -7.799402E-06
 2933   -7.794085E-06
 2934   -7.788773E-06
 2935   -7.783466E-06
 2936   -7.812723E-06
 2937   -7.807403E-06
 2938   -7.802089E-06
 2939   -7.796781E-06
 2940   -7.791478E-06
 2941   -7.415997E-06
 2942   -7.410957E-06
 2943   -7.405921E-06
 2944   -7.400891E-06
 2945   -7.395866E-06
 2946   -6.843052E-06
 2947   -6.838409E-06
 2948   -6.833770E-06
 2949   -6.829136E-06
 2950   -6.824507E-06
 2951   -5.807558E-06
 2952   -5.803624E-06
 2953   -5.799694E-06
 2954   -5.795768E-06
 2955   -5.791846E-06
 2956   -5.262606E-06
 2957   -5.259047E-06
 2958   -5.255492E-06
 2959   -5.251940E-06
 2960   -5.248392E-06
 2961   -4.869972E-06
 2962   -4.866684E-06
 2963   -4.863400E-06
 2964   -4.860119E-06
 2965   -4.856841E-06
 2966   -4.758150E-06
 2967   -4.754943E-06
 2968   -4.751740E-06
 2969   -4.748539E-06
 2970   -4.745342E-06
 2971   -4.781308E-06
 2972   -4.778091E-06
 2973   -4.774877E-06
 2974   -4.771666E-06
 2975   -4.768459E-06
 2976   -4.670024E-06
 2977   -4.666887E-06
 2978   -4.663754E-06
 2979   -4.660623E-06
 2980   -4.657496E-06
 2981   -4.889296E-06
 2982   -4.886018E-06
 2983   -4.882742E-06
 2984   -4.879470E-06
 2985   -4.876202E-06
 2986   -4.850504E-06
 2987   -4.847257E-06
 2988   -4.844013E-06
 2989   -4.840772E-06
 2990   -4.837535E-06
 2991   -4.892843E-06
 2992   -4.889573E-06
 2993   -4.886306E-06
 2994   -4.883042E-06
 2995   -4.879782E-06
 2996   -4.720168E-06
 2997   -4.717018E-06
 2998   -4.713872E-06
 2999   -4.710729E-06
 3000   -4.707589E-06
 3001   -4.453216E-06
 3002   -4.450250E-06
 3003   -4.447287E-06
 3004   -4.444326E-06
 3005   -4.441369E-06
 3006   -4.353131E-06
 3007   -4.350236E-06
 3008   -4.347344E-06
 3009   -4.344455E-06
 3010   -4.341569E-06
 3011   -4.131048E-06
 3012   -4.128305E-06
 3013   -4.125565E-06
 3014   -4.122828E-06
 3015   -4.120094E-06
 3016   -4.074610E-06
 3017   -4.071909E-06
 3018   -4.069211E-06
 3019   -4.066516E-06
 3020   -4.063823E-06
 3021   -4.091517E-06
 3022   -4.088809E-06
 3023   -4.086105E-06
 3024   -4.083403E-06
 3025   -4.080703E-06
 3026   -4.077036E-06
 3027   -4.074342E-06
 3028   -4.071652E-06
 3029   -4.068964E-06
 3030   -4.066278E-06
 3031   -4.300414E-06
 3032   -4.297577E-06
 3033   -4.294744E-06
 3034   -4.291913E-06
 3035   -4.289086E-06
 3036   -4.309319E-06
 3037   -4.306481E-06
 3038   -4.303647E-06
 3039   -4.300815E-06
 3040   -4.297986E-06
 3041   -4.397194E-06
 3042   -4.394303E-06
 3043   -4.391416E-06
 3044   -4.388531E-06
 3045   -4.385649E-06
 3046   -4.347830E-06
 3047   -4.344977E-06
 3048   -4.342126E-06
 3049   -4.339278E-06
 3050   -4.336433E-06
 3051   -4.346642E-06
 3052   -4.343794E-06
 3053   -4.340949E-06
 3054   -4.338106E-06
 3055   -4.335267E-06
 3056   -4.352935E-06
 3057   -4.350087E-06
 3058   -4.347243E-06
 3059   -4.344401E-06
 3060   -4.341562E-06
 3061   -4.259685E-06
 3062   -4.256903E-06
 3063   -4.254124E-06
 3064   -4.251347E-06
 3065   -4.248574E-06
 3066   -4.343959E-06
 3067   -4.341126E-06
 3068   -4.338297E-06
 3069   -4.335470E-06
 3070   -4.332646E-06
 3071   -4.291001E-06
 3072   -4.288208E-06
 3073   -4.285418E-06
 3074   -4.282630E-06
 3075   -4.279845E-06
 3076   -4.253185E-06
 3077   -4.250421E-06
 3078   -4.247659E-06
 3079   -4.244901E-06
 3080   -4.242145E-06
 3081   -3.943030E-06
 3082   -3.940472E-06
 3083   -3.937916E-06
 3084   -3.935362E-06
 3085   -3.932812E-06
 3086   -3.478521E-06
 3087   -3.476267E-06
 3088   -3.474016E-06
 3089   -3.471767E-06
 3090   -3.469521E-06
 3091   -2.680922E-06
 3092   -2.679188E-06
 3093   -2.677456E-06
 3094   -2.675725E-06
 3095   -2.673997E-06
 3096   -1.420722E-06
 3097   -1.419805E-06
 3098   -1.418888E-06
 3099   -1.417973E-06
 3100   -1.417058E-06
 3101   -2.833422E-08
 3102   -2.831596E-08
 3103   -2.829771E-08
 3104   -2.827948E-08
 3105   -2.826126E-08
 3106    1.173584E-06
 3107    1.172828E-06
 3108    1.172074E-06
 3109    1.171320E-06
 3110    1.170567E-06
 3111    2.065552E-06
 3112    2.064225E-06
 3113    2.062899E-06
 3114    2.061574E-06
 3115    2.060251E-06
 3116    2.515118E-06
 3117    2.513504E-06
 3118    2.511892E-06
 3119    2.510282E-06
 3120    2.508673E-06
 3121    2.720892E-06
 3122    2.719149E-06
 3123    2.717408E-06
 3124    2.715668E-06
 3125    2.713931E-06
 3126    2.834054E-06
 3127    2.832241E-06
 3128    2.830431E-06
 3129    2.828622E-06
 3130    2.826815E-06
 3131    2.799989E-06
 3132    2.798201E-06
 3133    2.796416E-06
 3134    2.794631E-06
 3135    2.792849E-06
 3136    2.857140E-06
 3137    2.855318E-06
 3138    2.853499E-06
 3139    2.851681E-06
 3140    2.849865E-06
 3141    2.783301E-06
 3142    2.781530E-06
 3143    2.779760E-06
 3144    2.777992E-06
 3145    2.776226E-06
 3146    2.764580E-06
 3147    2.762823E-06
 3148    2.761068E-06
 3149    2.759315E-06
 3150    2.757563E-06
 3151    2.801571E-06
 3152    2.799794E-06
 3153    2.798018E-06
 3154    2.796244E-06
 3155    2.794472E-06
 3156    2.694578E-06
 3157    2.692871E-06
 3158    2.691166E-06
 3159    2.689463E-06
 3160    2.687761E-06
 3161    2.654421E-06
 3162    2.652742E-06
 3163    2.651065E-06
 3164    2.649389E-06
 3165    2.647715E-06
 3166    2.579912E-06
 3167    2.578283E-06
 3168    2.576656E-06
 3169    2.575030E-06
 3170    2.573405E-06
 3171    2.560376E-06
 3172    2.558762E-06
 3173    2.557150E-06
 3174    2.555539E-06
 3175    2.553929E-06
 3176    2.535574E-06
 3177    2.533978E-06
 3178    2.532384E-06
 3179    2.530791E-06
 3180    2.529199E-06
 3181    2.426205E-06
 3182    2.424681E-06
 3183    2.423157E-06
 3184    2.421636E-06
 3185    2.420115E-06
 3186    2.443082E-06
 3187    2.441549E-06
 3188    2.440017E-06
 3189    2.438487E-06
 3190    2.436959E-06
 3191    2.328421E-06
 3192    2.326963E-06
 3193    2.325505E-06
 3194    2.324049E-06
 3195    2.322595E-06
 3196    2.342204E-06
 3197    2.340739E-06
 3198    2.339275E-06
 3199    2.337813E-06
 3200    2.336352E-06
 3201    2.265883E-06
 3202    2.264468E-06
 3203    2.263054E-06
 3204    2.261642E-06
 3205    2.260230E-06
 3206    2.172942E-06
 3207    2.171587E-06
 3208    2.170233E-06
 3209    2.168881E-06
 3210    2.167530E-06
 3211    2.159378E-06
 3212    2.158034E-06
 3213    2.156691E-06
 3214    2.155349E-06
 3215    2.154008E-06
 3216    2.070516E-06
 3217    2.069229E-06
 3218    2.067943E-06
 3219    2.066659E-06
 3220    2.065375E-06
 3221    2.051516E-06
 3222    2.050243E-06
 3223    2.048971E-06
 3224    2.047700E-06
 3225    2.046430E-06
 3226    2.003817E-06
 3227    2.002576E-06
 3228    2.001335E-06
 3229    2.000096E-06
 3230    1.998857E-06
 3231    1.890477E-06
 3232    1.889308E-06
 3233    1.888139E-06
 3234    1.886972E-06
 3235    1.885805E-06
 3236    1.892274E-06
 3237    1.891105E-06
 3238    1.889937E-06
 3239    1.888771E-06
 3240    1.887605E-06
 3241    1.765698E-06
 3242    1.764609E-06
 3243    1.763521E-06
 3244    1.762434E-06
 3245    1.761348E-06
 3246    1.755395E-06
 3247    1.754314E-06
 3248    1.753234E-06
 3249    1.752155E-06
 3250    1.751077E-06
 3251    1.684031E-06
 3252    1.682996E-06
 3253    1.681961E-06
 3254    1.680928E-06
 3255    1.679895E-06
 3256    1.617991E-06
 3257    1.616997E-06
 3258    1.616005E-06
 3259    1.615013E-06
 3260    1.614023E-06
 3261    1.608238E-06
 3262    1.607252E-06
 3263    1.606267E-06
 3264    1.605283E-06
 3265    1.604300E-06
 3266    1.497081E-06
 3267    1.496165E-06
 3268    1.495249E-06
 3269    1.494335E-06
 3270    1.493421E-06
 3271    1.492914E-06
 3272    1.492002E-06
 3273    1.491090E-06
 3274    1.490180E-06
 3275    1.489270E-06
 3276    1.418990E-06
 3277    1.418124E-06
 3278    1.417259E-06
 3279    1.416395E-06
 3280    1.415532E-06
 3281    1.385760E-06
 3282    1.384916E-06
 3283    1.384072E-06
 3284    1.383230E-06
 3285    1.382388E-06
 3286    1.354567E-06
 3287    1.353743E-06
 3288    1.352919E-06
 3289    1.352097E-06
 3290    1.351275E-06
 3291    1.279074E-06
 3292    1.278297E-06
 3293    1.277520E-06
 3294    1.276745E-06
 3295    1.275970E-06
 3296    1.289877E-06
 3297    1.289095E-06
 3298    1.288313E-06
 3299    1.287532E-06
 3300    1.286752E-06
