   50    3.897586E-13
   51    2.958332E-13
   52    2.845654E-13
   53    2.739293E-13
   54    2.638786E-13
   55    2.543710E-13
   56    1.340621E-13
   57    1.293998E-13
   58    1.249765E-13
   59    1.207762E-13
   60    1.167842E-13
   61    6.720009E-14
   62    6.504997E-14
   63    6.300141E-14
   64    6.104811E-14
   65    5.918426E-14
   66    1.816098E-13
   67    1.762294E-13
   68    1.710845E-13
   69    1.661617E-13
   70    1.614484E-13
   71    1.326519E-13
   72    1.289929E-13
   73    1.254832E-13
   74    1.221149E-13
   75    1.188803E-13
   76    1.885779E-13
   77    1.837118E-13
   78    1.790316E-13
   79    1.745281E-13
   80    1.701923E-13
   81    2.658585E-13
   82    2.594140E-13
   83    2.532009E-13
   84    2.472084E-13
   85    2.414261E-13
   86    2.025756E-13
   87    1.979456E-13
   88    1.934725E-13
   89    1.891494E-13
   90    1.849695E-13
   91    2.078573E-13
   92    2.033634E-13
   93    1.990136E-13
   94    1.948019E-13
   95    1.907225E-13
   96    1.516557E-13
   97    1.485450E-13
   98    1.455290E-13
   99    1.426040E-13
  100    1.397662E-13
  101    5.959802E-14
  102    5.843518E-14
  103    5.730605E-14
  104    5.620934E-14
  105    5.514381E-14
  106    4.037731E-14
  107    3.962614E-14
  108    3.889573E-14
  109    3.818534E-14
  110    3.749423E-14
  111    9.754336E-14
  112    9.580933E-14
  113    9.412112E-14
  114    9.247715E-14
  115    9.087587E-14
  116    1.391976E-13
  117    1.368284E-13
  118    1.345191E-13
  119    1.322678E-13
  120    1.300726E-13
  121    2.479111E-13
  122    2.438637E-13
  123    2.399146E-13
  124    2.360607E-13
  125    2.322989E-13
  126    3.276610E-13
  127    3.225214E-13
  128    3.175017E-13
  129    3.125984E-13
  130    3.078077E-13
  131    3.024209E-13
  132    2.978562E-13
  133    2.933940E-13
  134    2.890314E-13
  135    2.847654E-13
  136    2.265043E-13
  137    2.232098E-13
  138    2.199866E-13
  139    2.168328E-13
  140    2.137463E-13
  141    1.297048E-13
  142    1.278844E-13
  143    1.261021E-13
  144    1.243568E-13
  145    1.226475E-13
  146    1.178905E-13
  147    1.162920E-13
  148    1.147258E-13
  149    1.131911E-13
  150    1.116869E-13
  151    1.926148E-13
  152    1.900887E-13
  153    1.876121E-13
  154    1.851835E-13
  155    1.828017E-13
  156    2.099320E-13
  157    2.072662E-13
  158    2.046509E-13
  159    2.020848E-13
  160    1.995667E-13
  161    5.121813E-13
  162    5.058777E-13
  163    4.996897E-13
  164    4.936145E-13
  165    4.876495E-13
  166    4.355672E-13
  167    4.303665E-13
  168    4.252584E-13
  169    4.202407E-13
  170    4.153112E-13
  171    5.167466E-13
  172    5.107554E-13
  173    5.048678E-13
  174    4.990815E-13
  175    4.933940E-13
  176    7.076296E-13
  177    6.996564E-13
  178    6.918172E-13
  179    6.841091E-13
  180    6.765290E-13
  181    4.109006E-13
  182    4.063976E-13
  183    4.019683E-13
  184    3.976110E-13
  185    3.933241E-13
  186    4.650507E-13
  187    4.600902E-13
  188    4.552087E-13
  189    4.504044E-13
  190    4.456759E-13
  191    3.937881E-13
  192    3.896969E-13
  193    3.856691E-13
  194    3.817034E-13
  195    3.777985E-13
  196    4.279779E-13
  197    4.236440E-13
  198    4.193756E-13
  199    4.151714E-13
  200    4.110301E-13
  201    4.108683E-13
  202    4.068104E-13
  203    4.028123E-13
  204    3.988729E-13
  205    3.949910E-13
  206    1.840487E-13
  207    1.822748E-13
  208    1.805264E-13
  209    1.788030E-13
  210    1.771042E-13
  211    2.039849E-14
  212    2.020650E-14
  213    2.001722E-14
  214    1.983058E-14
  215    1.964654E-14
  216    0.000000E+00
  217    0.000000E+00
  218    0.000000E+00
  219    0.000000E+00
  220    0.000000E+00
  221    0.000000E+00
  222    0.000000E+00
  223    0.000000E+00
  224    0.000000E+00
  225    0.000000E+00
  226    9.744763E-15
  227    9.659095E-15
  228    9.574553E-15
  229    9.491115E-15
  230    9.408763E-15
  231    0.000000E+00
  232    0.000000E+00
  233    0.000000E+00
  234    0.000000E+00
  235    0.000000E+00
  236    0.000000E+00
  237    0.000000E+00
  238    0.000000E+00
  239    0.000000E+00
  240    0.000000E+00
  241    0.000000E+00
  242    0.000000E+00
  243    0.000000E+00
  244    0.000000E+00
  245    0.000000E+00
  246    4.238637E-13
  247    4.204385E-13
  248    4.170547E-13
  249    4.137117E-13
  250    4.104086E-13
  251    4.873063E-12
  252    4.834465E-12
  253    4.796323E-12
  254    4.758632E-12
  255    4.721382E-12
  256    7.677809E-12
  257    7.618176E-12
  258    7.559235E-12
  259    7.500976E-12
  260    7.443387E-12
  261    1.559459E-11
  262    1.547578E-11
  263    1.535831E-11
  264    1.524218E-11
  265    1.512737E-11
  266    1.390951E-11
  267    1.380552E-11
  268    1.370268E-11
  269    1.360100E-11
  270    1.350043E-11
  271    2.913384E-11
  272    2.892001E-11
  273    2.870853E-11
  274    2.849937E-11
  275    2.829247E-11
  276    5.991150E-11
  277    5.947970E-11
  278    5.905256E-11
  279    5.863001E-11
  280    5.821197E-11
  281    2.651145E-10
  282    2.632376E-10
  283    2.613805E-10
  284    2.595431E-10
  285    2.577249E-10
  286    4.802949E-10
  287    4.769537E-10
  288    4.736473E-10
  289    4.703752E-10
  290    4.671368E-10
  291    7.952804E-10
  292    7.898426E-10
  293    7.844604E-10
  294    7.791330E-10
  295    7.738597E-10
  296    1.167803E-09
  297    1.159953E-09
  298    1.152181E-09
  299    1.144487E-09
  300    1.136870E-09
  301    1.408403E-09
  302    1.399091E-09
  303    1.389871E-09
  304    1.380743E-09
  305    1.371703E-09
  306    2.213877E-09
  307    2.199478E-09
  308    2.185219E-09
  309    2.171098E-09
  310    2.157113E-09
  311    2.217641E-09
  312    2.203448E-09
  313    2.189391E-09
  314    2.175468E-09
  315    2.161677E-09
  316    2.967344E-09
  317    2.948652E-09
  318    2.930137E-09
  319    2.911795E-09
  320    2.893624E-09
  321    3.656855E-09
  322    3.634177E-09
  323    3.611709E-09
  324    3.589449E-09
  325    3.567394E-09
  326    3.557826E-09
  327    3.536099E-09
  328    3.514570E-09
  329    3.493237E-09
  330    3.472098E-09
  331    4.815897E-09
  332    4.786929E-09
  333    4.758222E-09
  334    4.729772E-09
  335    4.701577E-09
  336    4.565671E-09
  337    4.538615E-09
  338    4.511800E-09
  339    4.485221E-09
  340    4.458876E-09
  341    6.190281E-09
  342    6.154133E-09
  343    6.118301E-09
  344    6.082782E-09
  345    6.047570E-09
  346    6.574855E-09
  347    6.537014E-09
  348    6.499499E-09
  349    6.462306E-09
  350    6.425432E-09
  351    6.614207E-09
  352    6.576680E-09
  353    6.539471E-09
  354    6.502577E-09
  355    6.465994E-09
  356    8.463748E-09
  357    8.416398E-09
  358    8.369445E-09
  359    8.322883E-09
  360    8.276710E-09
  361    8.064185E-09
  362    8.019693E-09
  363    7.975568E-09
  364    7.931807E-09
  365    7.888404E-09
  366    9.651748E-09
  367    9.599222E-09
  368    9.547123E-09
  369    9.495447E-09
  370    9.444190E-09
  371    9.624183E-09
  372    9.572510E-09
  373    9.521252E-09
  374    9.470404E-09
  375    9.419963E-09
  376    1.081043E-08
  377    1.075316E-08
  378    1.069634E-08
  379    1.063997E-08
  380    1.058404E-08
  381    1.221095E-08
  382    1.214710E-08
  383    1.208375E-08
  384    1.202090E-08
  385    1.195853E-08
  386    1.150835E-08
  387    1.144895E-08
  388    1.139001E-08
  389    1.133153E-08
  390    1.127349E-08
  391    1.377254E-08
  392    1.370236E-08
  393    1.363272E-08
  394    1.356361E-08
  395    1.349502E-08
  396    1.328136E-08
  397    1.321453E-08
  398    1.314821E-08
  399    1.308239E-08
  400    1.301706E-08
  401    1.542967E-08
  402    1.535300E-08
  403    1.527691E-08
  404    1.520137E-08
  405    1.512639E-08
  406    1.614348E-08
  407    1.606425E-08
  408    1.598560E-08
  409    1.590753E-08
  410    1.583002E-08
  411    1.638305E-08
  412    1.630362E-08
  413    1.622476E-08
  414    1.614648E-08
  415    1.606875E-08
  416    1.770349E-08
  417    1.761869E-08
  418    1.753449E-08
  419    1.745089E-08
  420    1.736789E-08
  421    1.872638E-08
  422    1.863773E-08
  423    1.854972E-08
  424    1.846232E-08
  425    1.837554E-08
  426    2.053207E-08
  427    2.043602E-08
  428    2.034063E-08
  429    2.024592E-08
  430    2.015186E-08
  431    2.196315E-08
  432    2.186158E-08
  433    2.176072E-08
  434    2.166056E-08
  435    2.156109E-08
  436    2.361756E-08
  437    2.350959E-08
  438    2.340237E-08
  439    2.329587E-08
  440    2.319010E-08
  441    2.358611E-08
  442    2.347951E-08
  443    2.337362E-08
  444    2.326846E-08
  445    2.316400E-08
  446    2.563924E-08
  447    2.552466E-08
  448    2.541083E-08
  449    2.529777E-08
  450    2.518546E-08
  451    2.696731E-08
  452    2.684812E-08
  453    2.672971E-08
  454    2.661209E-08
  455    2.649524E-08
  456    2.926812E-08
  457    2.914017E-08
  458    2.901306E-08
  459    2.888678E-08
  460    2.876132E-08
  461    3.032135E-08
  462    3.019024E-08
  463    3.005997E-08
  464    2.993054E-08
  465    2.980194E-08
  466    2.884406E-08
  467    2.872067E-08
  468    2.859806E-08
  469    2.847624E-08
  470    2.835519E-08
  471    3.445525E-08
  472    3.430941E-08
  473    3.416449E-08
  474    3.402049E-08
  475    3.387739E-08
  476    3.389946E-08
  477    3.375747E-08
  478    3.361638E-08
  479    3.347616E-08
  480    3.333682E-08
  481    3.833755E-08
  482    3.817863E-08
  483    3.802071E-08
  484    3.786376E-08
  485    3.770778E-08
  486    3.736008E-08
  487    3.720681E-08
  488    3.705448E-08
  489    3.690308E-08
  490    3.675261E-08
  491    3.684608E-08
  492    3.669645E-08
  493    3.654773E-08
  494    3.639991E-08
  495    3.625299E-08
  496    4.272602E-08
  497    4.255426E-08
  498    4.238353E-08
  499    4.221382E-08
  500    4.204514E-08
  501    4.031672E-08
  502    4.015626E-08
  503    3.999675E-08
  504    3.983819E-08
  505    3.968057E-08
  506    4.634587E-08
  507    4.616323E-08
  508    4.598166E-08
  509    4.580117E-08
  510    4.562173E-08
  511    4.634287E-08
  512    4.616202E-08
  513    4.598223E-08
  514    4.580348E-08
  515    4.562578E-08
  516    4.763614E-08
  517    4.745204E-08
  518    4.726900E-08
  519    4.708702E-08
  520    4.690609E-08
  521    5.287029E-08
  522    5.266791E-08
  523    5.246670E-08
  524    5.226663E-08
  525    5.206771E-08
  526    4.686991E-08
  527    4.669221E-08
  528    4.651551E-08
  529    4.633982E-08
  530    4.616511E-08
  531    5.651527E-08
  532    5.630301E-08
  533    5.609194E-08
  534    5.588205E-08
  535    5.567335E-08
  536    5.407354E-08
  537    5.387234E-08
  538    5.367225E-08
  539    5.347328E-08
  540    5.327542E-08
  541    6.001936E-08
  542    5.979809E-08
  543    5.957805E-08
  544    5.935921E-08
  545    5.914158E-08
  546    6.037894E-08
  547    6.015838E-08
  548    5.993902E-08
  549    5.972086E-08
  550    5.950389E-08
  551    5.762794E-08
  552    5.741933E-08
  553    5.721185E-08
  554    5.700550E-08
  555    5.680026E-08
  556    6.741589E-08
  557    6.717404E-08
  558    6.693349E-08
  559    6.669423E-08
  560    6.645624E-08
  561    6.267615E-08
  562    6.245331E-08
  563    6.223164E-08
  564    6.201116E-08
  565    6.179185E-08
  566    7.049462E-08
  567    7.024618E-08
  568    6.999906E-08
  569    6.975323E-08
  570    6.950870E-08
  571    6.755047E-08
  572    6.731449E-08
  573    6.707974E-08
  574    6.684621E-08
  575    6.661391E-08
  576    7.346474E-08
  577    7.321032E-08
  578    7.295721E-08
  579    7.270542E-08
  580    7.245493E-08
  581    7.493656E-08
  582    7.467926E-08
  583    7.442329E-08
  584    7.416864E-08
  585    7.391529E-08
  586    7.385183E-08
  587    7.360042E-08
  588    7.335030E-08
  589    7.310144E-08
  590    7.285385E-08
  591    8.160735E-08
  592    8.133188E-08
  593    8.105780E-08
  594    8.078511E-08
  595    8.051379E-08
  596    8.022915E-08
  597    7.996060E-08
  598    7.969339E-08
  599    7.942753E-08
  600    7.916299E-08
  601    8.597365E-08
  602    8.568826E-08
  603    8.540429E-08
  604    8.512173E-08
  605    8.484057E-08
  606    8.443047E-08
  607    8.415251E-08
  608    8.387592E-08
  609    8.360069E-08
  610    8.332682E-08
  611    8.283255E-08
  612    8.256208E-08
  613    8.229293E-08
  614    8.202509E-08
  615    8.175856E-08
  616    9.514653E-08
  617    9.483836E-08
  618    9.453169E-08
  619    9.422651E-08
  620    9.392279E-08
  621    8.982821E-08
  622    8.953960E-08
  623    8.925239E-08
  624    8.896655E-08
  625    8.868208E-08
  626    9.804983E-08
  627    9.773732E-08
  628    9.742630E-08
  629    9.711677E-08
  630    9.680870E-08
  631    9.390020E-08
  632    9.360328E-08
  633    9.330777E-08
  634    9.301365E-08
  635    9.272093E-08
  636    9.753744E-08
  637    9.723144E-08
  638    9.692688E-08
  639    9.662374E-08
  640    9.632203E-08
  641    1.054530E-07
  642    1.051247E-07
  643    1.047980E-07
  644    1.044728E-07
  645    1.041491E-07
  646    9.834392E-08
  647    9.804016E-08
  648    9.773780E-08
  649    9.743684E-08
  650    9.713726E-08
  651    1.092053E-07
  652    1.088706E-07
  653    1.085374E-07
  654    1.082057E-07
  655    1.078756E-07
  656    1.054230E-07
  657    1.051023E-07
  658    1.047831E-07
  659    1.044653E-07
  660    1.041490E-07
  661    1.087302E-07
  662    1.084020E-07
  663    1.080752E-07
  664    1.077500E-07
  665    1.074261E-07
  666    1.109065E-07
  667    1.105741E-07
  668    1.102433E-07
  669    1.099140E-07
  670    1.095861E-07
  671    1.050311E-07
  672    1.047188E-07
  673    1.044078E-07
  674    1.040982E-07
  675    1.037900E-07
  676    1.184000E-07
  677    1.180505E-07
  678    1.177025E-07
  679    1.173560E-07
  680    1.170111E-07
  681    1.102558E-07
  682    1.099327E-07
  683    1.096110E-07
  684    1.092907E-07
  685    1.089719E-07
  686    1.210338E-07
  687    1.206817E-07
  688    1.203311E-07
  689    1.199821E-07
  690    1.196346E-07
  691    1.180382E-07
  692    1.176973E-07
  693    1.173579E-07
  694    1.170199E-07
  695    1.166834E-07
  696    1.177258E-07
  697    1.173882E-07
  698    1.170521E-07
  699    1.167174E-07
  700    1.163842E-07
  701    1.264934E-07
  702    1.261333E-07
  703    1.257747E-07
  704    1.254176E-07
  705    1.250621E-07
  706    1.161835E-07
  707    1.158551E-07
  708    1.155281E-07
  709    1.152024E-07
  710    1.148781E-07
  711    1.280822E-07
  712    1.277227E-07
  713    1.273647E-07
  714    1.270082E-07
  715    1.266531E-07
  716    1.243400E-07
  717    1.239934E-07
  718    1.236483E-07
  719    1.233046E-07
  720    1.229623E-07
  721    1.310675E-07
  722    1.307047E-07
  723    1.303434E-07
  724    1.299835E-07
  725    1.296252E-07
  726    1.304670E-07
  727    1.301083E-07
  728    1.297511E-07
  729    1.293954E-07
  730    1.290411E-07
  731    1.251160E-07
  732    1.247744E-07
  733    1.244342E-07
  734    1.240953E-07
  735    1.237579E-07
  736    1.325580E-07
  737    1.321986E-07
  738    1.318405E-07
  739    1.314840E-07
  740    1.311288E-07
  741    1.303708E-07
  742    1.300196E-07
  743    1.296699E-07
  744    1.293216E-07
  745    1.289746E-07
  746    1.359905E-07
  747    1.356266E-07
  748    1.352642E-07
  749    1.349033E-07
  750    1.345438E-07
  751    1.370243E-07
  752    1.366601E-07
  753    1.362974E-07
  754    1.359361E-07
  755    1.355762E-07
  756    1.281517E-07
  757    1.278133E-07
  758    1.274763E-07
  759    1.271406E-07
  760    1.268062E-07
  761    1.463584E-07
  762    1.459745E-07
  763    1.455921E-07
  764    1.452112E-07
  765    1.448318E-07
  766    1.355636E-07
  767    1.352104E-07
  768    1.348585E-07
  769    1.345080E-07
  770    1.341588E-07
  771    1.386790E-07
  772    1.383200E-07
  773    1.379623E-07
  774    1.376061E-07
  775    1.372512E-07
  776    1.381213E-07
  777    1.377660E-07
  778    1.374121E-07
  779    1.370595E-07
  780    1.367083E-07
  781    1.412500E-07
  782    1.408890E-07
  783    1.405294E-07
  784    1.401711E-07
  785    1.398142E-07
  786    1.418303E-07
  787    1.414701E-07
  788    1.411112E-07
  789    1.407538E-07
  790    1.403977E-07
  791    1.387954E-07
  792    1.384451E-07
  793    1.380962E-07
  794    1.377485E-07
  795    1.374022E-07
  796    1.430663E-07
  797    1.427075E-07
  798    1.423501E-07
  799    1.419940E-07
  800    1.416392E-07
  801    1.384625E-07
  802    1.381174E-07
  803    1.377736E-07
  804    1.374311E-07
  805    1.370899E-07
  806    1.416557E-07
  807    1.413049E-07
  808    1.409553E-07
  809    1.406071E-07
  810    1.402601E-07
  811    1.391028E-07
  812    1.387604E-07
  813    1.384192E-07
  814    1.380794E-07
  815    1.377407E-07
  816    1.373961E-07
  817    1.370600E-07
  818    1.367251E-07
  819    1.363914E-07
  820    1.360590E-07
  821    1.404921E-07
  822    1.401505E-07
  823    1.398101E-07
  824    1.394709E-07
  825    1.391330E-07
  826    1.400375E-07
  827    1.396990E-07
  828    1.393618E-07
  829    1.390258E-07
  830    1.386910E-07
  831    1.426872E-07
  832    1.423444E-07
  833    1.420029E-07
  834    1.416625E-07
  835    1.413234E-07
  836    1.363612E-07
  837    1.360356E-07
  838    1.357111E-07
  839    1.353878E-07
  840    1.350656E-07
  841    1.342934E-07
  842    1.339746E-07
  843    1.336569E-07
  844    1.333404E-07
  845    1.330249E-07
  846    1.414579E-07
  847    1.411241E-07
  848    1.407915E-07
  849    1.404600E-07
  850    1.401297E-07
  851    1.320962E-07
  852    1.317863E-07
  853    1.314775E-07
  854    1.311697E-07
  855    1.308631E-07
  856    1.370533E-07
  857    1.367337E-07
  858    1.364151E-07
  859    1.360977E-07
  860    1.357814E-07
  861    1.293530E-07
  862    1.290530E-07
  863    1.287541E-07
  864    1.284562E-07
  865    1.281594E-07
  866    1.374637E-07
  867    1.371467E-07
  868    1.368309E-07
  869    1.365162E-07
  870    1.362025E-07
  871    1.356727E-07
  872    1.353617E-07
  873    1.350518E-07
  874    1.347429E-07
  875    1.344351E-07
  876    1.300234E-07
  877    1.297271E-07
  878    1.294317E-07
  879    1.291374E-07
  880    1.288441E-07
  881    1.332271E-07
  882    1.329252E-07
  883    1.326243E-07
  884    1.323244E-07
  885    1.320255E-07
  886    1.279349E-07
  887    1.276466E-07
  888    1.273593E-07
  889    1.270729E-07
  890    1.267875E-07
  891    1.300448E-07
  892    1.297534E-07
  893    1.294629E-07
  894    1.291735E-07
  895    1.288850E-07
  896    1.266393E-07
  897    1.263571E-07
  898    1.260758E-07
  899    1.257955E-07
  900    1.255161E-07
  901    1.226738E-07
  902    1.224019E-07
  903    1.221310E-07
  904    1.218609E-07
  905    1.215918E-07
  906    1.283552E-07
  907    1.280723E-07
  908    1.277904E-07
  909    1.275094E-07
  910    1.272293E-07
  911    1.204054E-07
  912    1.201415E-07
  913    1.198784E-07
  914    1.196162E-07
  915    1.193549E-07
  916    1.274551E-07
  917    1.271772E-07
  918    1.269003E-07
  919    1.266243E-07
  920    1.263492E-07
  921    1.184442E-07
  922    1.181874E-07
  923    1.179314E-07
  924    1.176763E-07
  925    1.174220E-07
  926    1.189493E-07
  927    1.186928E-07
  928    1.184372E-07
  929    1.181823E-07
  930    1.179283E-07
  931    1.238150E-07
  932    1.235494E-07
  933    1.232847E-07
  934    1.230209E-07
  935    1.227579E-07
  936    1.116131E-07
  937    1.113750E-07
  938    1.111376E-07
  939    1.109011E-07
  940    1.106652E-07
  941    1.177557E-07
  942    1.175058E-07
  943    1.172567E-07
  944    1.170084E-07
  945    1.167609E-07
  946    1.126490E-07
  947    1.124112E-07
  948    1.121742E-07
  949    1.119379E-07
  950    1.117024E-07
  951    1.144607E-07
  952    1.142204E-07
  953    1.139808E-07
  954    1.137419E-07
  955    1.135039E-07
  956    1.124111E-07
  957    1.121763E-07
  958    1.119422E-07
  959    1.117089E-07
  960    1.114763E-07
  961    1.072204E-07
  962    1.069976E-07
  963    1.067755E-07
  964    1.065541E-07
  965    1.063334E-07
  966    1.153389E-07
  967    1.151004E-07
  968    1.148628E-07
  969    1.146258E-07
  970    1.143896E-07
  971    1.055674E-07
  972    1.053503E-07
  973    1.051339E-07
  974    1.049181E-07
  975    1.047030E-07
  976    1.130467E-07
  977    1.128154E-07
  978    1.125848E-07
  979    1.123549E-07
  980    1.121257E-07
  981    1.094130E-07
  982    1.091903E-07
  983    1.089683E-07
  984    1.087469E-07
  985    1.085262E-07
  986    1.054853E-07
  987    1.052717E-07
  988    1.050587E-07
  989    1.048464E-07
  990    1.046347E-07
  991    1.094226E-07
  992    1.092021E-07
  993    1.089822E-07
  994    1.087631E-07
  995    1.085446E-07
  996    1.053544E-07
  997    1.051431E-07
  998    1.049325E-07
  999    1.047226E-07
 1000    1.045132E-07
 1001    1.076905E-07
 1002    1.074757E-07
 1003    1.072615E-07
 1004    1.070479E-07
 1005    1.068350E-07
 1006    1.051845E-07
 1007    1.049757E-07
 1008    1.047675E-07
 1009    1.045599E-07
 1010    1.043530E-07
 1011    1.057619E-07
 1012    1.055530E-07
 1013    1.053447E-07
 1014    1.051371E-07
 1015    1.049300E-07
 1016    1.145474E-07
 1017    1.143222E-07
 1018    1.140977E-07
 1019    1.138739E-07
 1020    1.136507E-07
 1021    1.077806E-07
 1022    1.075697E-07
 1023    1.073595E-07
 1024    1.071500E-07
 1025    1.069410E-07
 1026    1.112298E-07
 1027    1.110133E-07
 1028    1.107975E-07
 1029    1.105822E-07
 1030    1.103676E-07
 1031    1.118302E-07
 1032    1.116135E-07
 1033    1.113976E-07
 1034    1.111822E-07
 1035    1.109674E-07
 1036    1.135611E-07
 1037    1.133422E-07
 1038    1.131239E-07
 1039    1.129062E-07
 1040    1.126892E-07
 1041    1.193206E-07
 1042    1.190916E-07
 1043    1.188634E-07
 1044    1.186358E-07
 1045    1.184089E-07
 1046    1.176630E-07
 1047    1.174383E-07
 1048    1.172143E-07
 1049    1.169910E-07
 1050    1.167682E-07
 1051    1.214854E-07
 1052    1.212546E-07
 1053    1.210244E-07
 1054    1.207949E-07
 1055    1.205660E-07
 1056    1.215356E-07
 1057    1.213058E-07
 1058    1.210766E-07
 1059    1.208480E-07
 1060    1.206201E-07
 1061    1.257258E-07
 1062    1.254891E-07
 1063    1.252531E-07
 1064    1.250178E-07
 1065    1.247831E-07
 1066    1.311514E-07
 1067    1.309056E-07
 1068    1.306606E-07
 1069    1.304163E-07
 1070    1.301726E-07
 1071    1.346141E-07
 1072    1.343631E-07
 1073    1.341128E-07
 1074    1.338631E-07
 1075    1.336142E-07
 1076    1.331200E-07
 1077    1.328729E-07
 1078    1.326265E-07
 1079    1.323808E-07
 1080    1.321358E-07
 1081    1.449895E-07
 1082    1.447217E-07
 1083    1.444545E-07
 1084    1.441881E-07
 1085    1.439225E-07
 1086    1.473410E-07
 1087    1.470701E-07
 1088    1.467998E-07
 1089    1.465303E-07
 1090    1.462616E-07
 1091    1.504122E-07
 1092    1.501368E-07
 1093    1.498622E-07
 1094    1.495884E-07
 1095    1.493153E-07
 1096    1.590527E-07
 1097    1.587628E-07
 1098    1.584738E-07
 1099    1.581855E-07
 1100    1.578980E-07
 1101    1.680332E-07
 1102    1.677284E-07
 1103    1.674244E-07
 1104    1.671212E-07
 1105    1.668189E-07
 1106    1.675112E-07
 1107    1.672087E-07
 1108    1.669070E-07
 1109    1.666061E-07
 1110    1.663061E-07
 1111    1.776441E-07
 1112    1.773247E-07
 1113    1.770062E-07
 1114    1.766886E-07
 1115    1.763718E-07
 1116    1.832732E-07
 1117    1.829452E-07
 1118    1.826180E-07
 1119    1.822918E-07
 1120    1.819664E-07
 1121    2.020866E-07
 1122    2.017266E-07
 1123    2.013675E-07
 1124    2.010093E-07
 1125    2.006521E-07
 1126    2.000086E-07
 1127    1.996538E-07
 1128    1.993000E-07
 1129    1.989471E-07
 1130    1.985951E-07
 1131    2.153212E-07
 1132    2.149409E-07
 1133    2.145617E-07
 1134    2.141834E-07
 1135    2.138062E-07
 1136    2.244457E-07
 1137    2.240510E-07
 1138    2.236574E-07
 1139    2.232649E-07
 1140    2.228734E-07
 1141    2.367293E-07
 1142    2.363149E-07
 1143    2.359016E-07
 1144    2.354893E-07
 1145    2.350782E-07
 1146    2.570484E-07
 1147    2.566004E-07
 1148    2.561536E-07
 1149    2.557079E-07
 1150    2.552634E-07
 1151    2.560360E-07
 1152    2.555916E-07
 1153    2.551485E-07
 1154    2.547065E-07
 1155    2.542656E-07
 1156    2.771521E-07
 1157    2.766732E-07
 1158    2.761956E-07
 1159    2.757192E-07
 1160    2.752440E-07
 1161    2.869973E-07
 1162    2.865036E-07
 1163    2.860111E-07
 1164    2.855199E-07
 1165    2.850299E-07
 1166    3.068860E-07
 1167    3.063602E-07
 1168    3.058359E-07
 1169    3.053129E-07
 1170    3.047912E-07
 1171    3.381026E-07
 1172    3.375259E-07
 1173    3.369506E-07
 1174    3.363768E-07
 1175    3.358045E-07
 1176    3.318118E-07
 1177    3.312482E-07
 1178    3.306860E-07
 1179    3.301253E-07
 1180    3.295660E-07
 1181    3.687263E-07
 1182    3.681027E-07
 1183    3.674807E-07
 1184    3.668602E-07
 1185    3.662413E-07
 1186    3.886617E-07
 1187    3.880071E-07
 1188    3.873542E-07
 1189    3.867029E-07
 1190    3.860533E-07
 1191    3.931861E-07
 1192    3.925267E-07
 1193    3.918689E-07
 1194    3.912128E-07
 1195    3.905583E-07
 1196    4.168729E-07
 1197    4.161767E-07
 1198    4.154822E-07
 1199    4.147894E-07
 1200    4.140984E-07
 1201    4.186491E-07
 1202    4.179528E-07
 1203    4.172583E-07
 1204    4.165654E-07
 1205    4.158743E-07
 1206    4.500574E-07
 1207    4.493120E-07
 1208    4.485684E-07
 1209    4.478267E-07
 1210    4.470868E-07
 1211    4.522138E-07
 1212    4.514679E-07
 1213    4.507238E-07
 1214    4.499816E-07
 1215    4.492412E-07
 1216    4.709687E-07
 1217    4.701951E-07
 1218    4.694233E-07
 1219    4.686534E-07
 1220    4.678855E-07
 1221    5.082574E-07
 1222    5.074259E-07
 1223    5.065964E-07
 1224    5.057690E-07
 1225    5.049436E-07
 1226    5.027006E-07
 1227    5.018815E-07
 1228    5.010644E-07
 1229    5.002494E-07
 1230    4.994363E-07
 1231    5.639901E-07
 1232    5.630749E-07
 1233    5.621619E-07
 1234    5.612511E-07
 1235    5.603426E-07
 1236    5.674664E-07
 1237    5.665493E-07
 1238    5.656344E-07
 1239    5.647217E-07
 1240    5.638112E-07
 1241    5.941415E-07
 1242    5.931851E-07
 1243    5.922310E-07
 1244    5.912793E-07
 1245    5.903298E-07
 1246    6.398651E-07
 1247    6.388393E-07
 1248    6.378159E-07
 1249    6.367950E-07
 1250    6.357765E-07
 1251    6.432877E-07
 1252    6.422605E-07
 1253    6.412358E-07
 1254    6.402135E-07
 1255    6.391936E-07
 1256    7.121259E-07
 1257    7.109933E-07
 1258    7.098634E-07
 1259    7.087362E-07
 1260    7.076116E-07
 1261    6.943856E-07
 1262    6.932855E-07
 1263    6.921881E-07
 1264    6.910933E-07
 1265    6.900011E-07
 1266    7.556313E-07
 1267    7.544390E-07
 1268    7.532495E-07
 1269    7.520628E-07
 1270    7.508789E-07
 1271    8.033451E-07
 1272    8.020825E-07
 1273    8.008228E-07
 1274    7.995662E-07
 1275    7.983124E-07
 1276    8.068077E-07
 1277    8.055446E-07
 1278    8.042845E-07
 1279    8.030273E-07
 1280    8.017730E-07
 1281    8.578688E-07
 1282    8.565310E-07
 1283    8.551963E-07
 1284    8.538647E-07
 1285    8.525363E-07
 1286    8.777729E-07
 1287    8.764094E-07
 1288    8.750490E-07
 1289    8.736918E-07
 1290    8.723378E-07
 1291    9.466683E-07
 1292    9.452035E-07
 1293    9.437420E-07
 1294    9.422839E-07
 1295    9.408292E-07
 1296    9.478483E-07
 1297    9.463873E-07
 1298    9.449296E-07
 1299    9.434753E-07
 1300    9.420244E-07
 1301    9.820412E-07
 1302    9.805332E-07
 1303    9.790288E-07
 1304    9.775278E-07
 1305    9.760302E-07
 1306    1.006156E-06
 1307    1.004617E-06
 1308    1.003081E-06
 1309    1.001549E-06
 1310    1.000021E-06
 1311    1.040867E-06
 1312    1.039281E-06
 1313    1.037699E-06
 1314    1.036120E-06
 1315    1.034545E-06
 1316    1.100579E-06
 1317    1.098908E-06
 1318    1.097241E-06
 1319    1.095578E-06
 1320    1.093919E-06
 1321    1.112831E-06
 1322    1.111148E-06
 1323    1.109469E-06
 1324    1.107794E-06
 1325    1.106122E-06
 1326    1.162962E-06
 1327    1.161210E-06
 1328    1.159462E-06
 1329    1.157717E-06
 1330    1.155977E-06
 1331    1.196623E-06
 1332    1.194827E-06
 1333    1.193035E-06
 1334    1.191247E-06
 1335    1.189463E-06
 1336    1.248205E-06
 1337    1.246338E-06
 1338    1.244476E-06
 1339    1.242618E-06
 1340    1.240764E-06
 1341    1.310431E-06
 1342    1.308479E-06
 1343    1.306531E-06
 1344    1.304588E-06
 1345    1.302649E-06
 1346    1.330394E-06
 1347    1.328419E-06
 1348    1.326449E-06
 1349    1.324483E-06
 1350    1.322522E-06
 1351    1.391118E-06
 1352    1.389061E-06
 1353    1.387009E-06
 1354    1.384961E-06
 1355    1.382917E-06
 1356    1.438529E-06
 1357    1.436409E-06
 1358    1.434295E-06
 1359    1.432185E-06
 1360    1.430079E-06
 1361    1.473328E-06
 1362    1.471165E-06
 1363    1.469007E-06
 1364    1.466854E-06
 1365    1.464706E-06
 1366    1.516682E-06
 1367    1.514464E-06
 1368    1.512250E-06
 1369    1.510042E-06
 1370    1.507838E-06
 1371    1.570718E-06
 1372    1.568429E-06
 1373    1.566145E-06
 1374    1.563866E-06
 1375    1.561592E-06
 1376    1.695172E-06
 1377    1.692710E-06
 1378    1.690254E-06
 1379    1.687804E-06
 1380    1.685359E-06
 1381    1.685054E-06
 1382    1.682617E-06
 1383    1.680184E-06
 1384    1.677757E-06
 1385    1.675335E-06
 1386    1.780792E-06
 1387    1.778225E-06
 1388    1.775664E-06
 1389    1.773108E-06
 1390    1.770558E-06
 1391    1.761799E-06
 1392    1.759269E-06
 1393    1.756744E-06
 1394    1.754224E-06
 1395    1.751710E-06
 1396    1.881497E-06
 1397    1.878805E-06
 1398    1.876118E-06
 1399    1.873437E-06
 1400    1.870761E-06
 1401    1.927695E-06
 1402    1.924946E-06
 1403    1.922203E-06
 1404    1.919466E-06
 1405    1.916734E-06
 1406    1.910672E-06
 1407    1.907957E-06
 1408    1.905248E-06
 1409    1.902545E-06
 1410    1.899847E-06
 1411    1.975431E-06
 1412    1.972634E-06
 1413    1.969843E-06
 1414    1.967057E-06
 1415    1.964278E-06
 1416    1.983033E-06
 1417    1.980235E-06
 1418    1.977443E-06
 1419    1.974657E-06
 1420    1.971877E-06
 1421    2.052492E-06
 1422    2.049606E-06
 1423    2.046726E-06
 1424    2.043853E-06
 1425    2.040985E-06
 1426    2.172483E-06
 1427    2.169439E-06
 1428    2.166402E-06
 1429    2.163371E-06
 1430    2.160346E-06
 1431    2.184695E-06
 1432    2.181645E-06
 1433    2.178602E-06
 1434    2.175564E-06
 1435    2.172533E-06
 1436    2.279948E-06
 1437    2.276776E-06
 1438    2.273610E-06
 1439    2.270451E-06
 1440    2.267299E-06
 1441    2.302806E-06
 1442    2.299613E-06
 1443    2.296427E-06
 1444    2.293247E-06
 1445    2.290074E-06
 1446    2.359523E-06
 1447    2.356263E-06
 1448    2.353009E-06
 1449    2.349763E-06
 1450    2.346523E-06
 1451    2.395513E-06
 1452    2.392215E-06
 1453    2.388923E-06
 1454    2.385638E-06
 1455    2.382360E-06
 1456    2.377936E-06
 1457    2.374673E-06
 1458    2.371417E-06
 1459    2.368167E-06
 1460    2.364924E-06
 1461    2.608984E-06
 1462    2.605416E-06
 1463    2.601855E-06
 1464    2.598302E-06
 1465    2.594756E-06
 1466    2.572102E-06
 1467    2.568596E-06
 1468    2.565098E-06
 1469    2.561607E-06
 1470    2.558123E-06
 1471    2.726586E-06
 1472    2.722883E-06
 1473    2.719187E-06
 1474    2.715499E-06
 1475    2.711818E-06
 1476    2.699543E-06
 1477    2.695889E-06
 1478    2.692242E-06
 1479    2.688603E-06
 1480    2.684971E-06
 1481    2.810974E-06
 1482    2.807181E-06
 1483    2.803397E-06
 1484    2.799620E-06
 1485    2.795851E-06
 1486    2.949805E-06
 1487    2.945839E-06
 1488    2.941881E-06
 1489    2.937931E-06
 1490    2.933988E-06
 1491    2.913405E-06
 1492    2.909501E-06
 1493    2.905605E-06
 1494    2.901716E-06
 1495    2.897836E-06
 1496    2.966971E-06
 1497    2.963008E-06
 1498    2.959054E-06
 1499    2.955107E-06
 1500    2.951168E-06
 1501    2.979637E-06
 1502    2.975671E-06
 1503    2.971712E-06
 1504    2.967762E-06
 1505    2.963819E-06
 1506    3.025225E-06
 1507    3.021211E-06
 1508    3.017206E-06
 1509    3.013208E-06
 1510    3.009219E-06
 1511    3.103239E-06
 1512    3.099135E-06
 1513    3.095040E-06
 1514    3.090953E-06
 1515    3.086873E-06
 1516    3.047472E-06
 1517    3.043456E-06
 1518    3.039447E-06
 1519    3.035447E-06
 1520    3.031454E-06
 1521    3.155046E-06
 1522    3.150902E-06
 1523    3.146765E-06
 1524    3.142637E-06
 1525    3.138517E-06
 1526    3.331350E-06
 1527    3.326989E-06
 1528    3.322635E-06
 1529    3.318291E-06
 1530    3.313954E-06
 1531    3.355425E-06
 1532    3.351046E-06
 1533    3.346676E-06
 1534    3.342314E-06
 1535    3.337960E-06
 1536    3.398967E-06
 1537    3.394545E-06
 1538    3.390132E-06
 1539    3.385728E-06
 1540    3.381333E-06
 1541    3.350930E-06
 1542    3.346585E-06
 1543    3.342249E-06
 1544    3.337921E-06
 1545    3.333601E-06
 1546    3.614282E-06
 1547    3.609611E-06
 1548    3.604949E-06
 1549    3.600296E-06
 1550    3.595652E-06
 1551    3.521503E-06
 1552    3.516967E-06
 1553    3.512439E-06
 1554    3.507920E-06
 1555    3.503409E-06
 1556    3.671906E-06
 1557    3.667190E-06
 1558    3.662484E-06
 1559    3.657787E-06
 1560    3.653099E-06
 1561    3.694454E-06
 1562    3.689725E-06
 1563    3.685005E-06
 1564    3.680294E-06
 1565    3.675592E-06
 1566    3.739022E-06
 1567    3.734251E-06
 1568    3.729490E-06
 1569    3.724737E-06
 1570    3.719994E-06
 1571    3.846814E-06
 1572    3.841921E-06
 1573    3.837038E-06
 1574    3.832164E-06
 1575    3.827299E-06
 1576    3.948296E-06
 1577    3.943290E-06
 1578    3.938294E-06
 1579    3.933307E-06
 1580    3.928330E-06
 1581    3.985081E-06
 1582    3.980044E-06
 1583    3.975017E-06
 1584    3.970000E-06
 1585    3.964992E-06
 1586    4.106681E-06
 1587    4.101508E-06
 1588    4.096344E-06
 1589    4.091189E-06
 1590    4.086045E-06
 1591    4.104160E-06
 1592    4.099005E-06
 1593    4.093861E-06
 1594    4.088726E-06
 1595    4.083600E-06
 1596    4.139362E-06
 1597    4.134180E-06
 1598    4.129007E-06
 1599    4.123845E-06
 1600    4.118691E-06
 1601    4.130068E-06
 1602    4.124914E-06
 1603    4.119769E-06
 1604    4.114634E-06
 1605    4.109508E-06
 1606    4.137527E-06
 1607    4.132379E-06
 1608    4.127241E-06
 1609    4.122113E-06
 1610    4.116994E-06
 1611    4.268097E-06
 1612    4.262803E-06
 1613    4.257519E-06
 1614    4.252245E-06
 1615    4.246981E-06
 1616    4.229588E-06
 1617    4.224358E-06
 1618    4.219138E-06
 1619    4.213928E-06
 1620    4.208727E-06
 1621    4.306585E-06
 1622    4.301276E-06
 1623    4.295977E-06
 1624    4.290688E-06
 1625    4.285409E-06
 1626    4.305939E-06
 1627    4.300647E-06
 1628    4.295365E-06
 1629    4.290093E-06
 1630    4.284831E-06
 1631    4.494154E-06
 1632    4.488648E-06
 1633    4.483152E-06
 1634    4.477667E-06
 1635    4.472191E-06
 1636    4.443537E-06
 1637    4.438110E-06
 1638    4.432693E-06
 1639    4.427285E-06
 1640    4.421888E-06
 1641    4.545824E-06
 1642    4.540289E-06
 1643    4.534764E-06
 1644    4.529249E-06
 1645    4.523744E-06
 1646    4.466269E-06
 1647    4.460847E-06
 1648    4.455435E-06
 1649    4.450033E-06
 1650    4.444641E-06
 1651    4.558784E-06
 1652    4.553266E-06
 1653    4.547759E-06
 1654    4.542261E-06
 1655    4.536774E-06
 1656    4.503347E-06
 1657    4.497913E-06
 1658    4.492489E-06
 1659    4.487075E-06
 1660    4.481670E-06
 1661    4.428767E-06
 1662    4.423439E-06
 1663    4.418121E-06
 1664    4.412812E-06
 1665    4.407513E-06
 1666    4.631454E-06
 1667    4.625899E-06
 1668    4.620354E-06
 1669    4.614819E-06
 1670    4.609294E-06
 1671    4.680267E-06
 1672    4.674670E-06
 1673    4.669084E-06
 1674    4.663507E-06
 1675    4.657940E-06
 1676    4.871843E-06
 1677    4.866035E-06
 1678    4.860237E-06
 1679    4.854449E-06
 1680    4.848671E-06
 1681    4.877357E-06
 1682    4.871559E-06
 1683    4.865771E-06
 1684    4.859994E-06
 1685    4.854227E-06
 1686    4.944316E-06
 1687    4.938456E-06
 1688    4.932607E-06
 1689    4.926768E-06
 1690    4.920939E-06
 1691    4.986833E-06
 1692    4.980940E-06
 1693    4.975058E-06
 1694    4.969186E-06
 1695    4.963324E-06
 1696    4.973501E-06
 1697    4.967641E-06
 1698    4.961791E-06
 1699    4.955952E-06
 1700    4.950123E-06
 1701    4.990344E-06
 1702    4.984482E-06
 1703    4.978630E-06
 1704    4.972788E-06
 1705    4.966957E-06
 1706    4.914449E-06
 1707    4.908692E-06
 1708    4.902946E-06
 1709    4.897210E-06
 1710    4.891484E-06
 1711    4.915605E-06
 1712    4.909864E-06
 1713    4.904133E-06
 1714    4.898412E-06
 1715    4.892702E-06
 1716    5.057722E-06
 1717    5.051832E-06
 1718    5.045953E-06
 1719    5.040084E-06
 1720    5.034225E-06
 1721    5.037801E-06
 1722    5.031952E-06
 1723    5.026112E-06
 1724    5.020283E-06
 1725    5.014464E-06
 1726    5.315158E-06
 1727    5.309005E-06
 1728    5.302862E-06
 1729    5.296730E-06
 1730    5.290608E-06
 1731    5.277280E-06
 1732    5.271188E-06
 1733    5.265107E-06
 1734    5.259036E-06
 1735    5.252975E-06
 1736    5.440562E-06
 1737    5.434300E-06
 1738    5.428048E-06
 1739    5.421807E-06
 1740    5.415577E-06
 1741    5.507429E-06
 1742    5.501107E-06
 1743    5.494797E-06
 1744    5.488497E-06
 1745    5.482209E-06
 1746    5.412390E-06
 1747    5.406195E-06
 1748    5.400012E-06
 1749    5.393838E-06
 1750    5.387676E-06
 1751    5.506416E-06
 1752    5.500132E-06
 1753    5.493859E-06
 1754    5.487596E-06
 1755    5.481344E-06
 1756    5.436688E-06
 1757    5.430501E-06
 1758    5.424325E-06
 1759    5.418159E-06
 1760    5.412004E-06
 1761    5.610124E-06
 1762    5.603758E-06
 1763    5.597403E-06
 1764    5.591058E-06
 1765    5.584725E-06
 1766    5.565364E-06
 1767    5.559066E-06
 1768    5.552780E-06
 1769    5.546503E-06
 1770    5.540238E-06
 1771    5.723835E-06
 1772    5.717376E-06
 1773    5.710929E-06
 1774    5.704492E-06
 1775    5.698066E-06
 1776    5.988483E-06
 1777    5.981745E-06
 1778    5.975019E-06
 1779    5.968303E-06
 1780    5.961599E-06
 1781    5.972644E-06
 1782    5.965942E-06
 1783    5.959252E-06
 1784    5.952573E-06
 1785    5.945906E-06
 1786    6.091406E-06
 1787    6.084590E-06
 1788    6.077786E-06
 1789    6.070993E-06
 1790    6.064212E-06
 1791    5.980001E-06
 1792    5.973328E-06
 1793    5.966667E-06
 1794    5.960017E-06
 1795    5.953378E-06
 1796    6.017354E-06
 1797    6.010658E-06
 1798    6.003974E-06
 1799    5.997301E-06
 1800    5.990640E-06
 1801    6.032128E-06
 1802    6.025435E-06
 1803    6.018753E-06
 1804    6.012082E-06
 1805    6.005422E-06
 1806    6.029261E-06
 1807    6.022590E-06
 1808    6.015930E-06
 1809    6.009280E-06
 1810    6.002642E-06
 1811    6.208314E-06
 1812    6.201463E-06
 1813    6.194624E-06
 1814    6.187796E-06
 1815    6.180979E-06
 1816    6.320421E-06
 1817    6.313466E-06
 1818    6.306523E-06
 1819    6.299591E-06
 1820    6.292670E-06
 1821    6.744395E-06
 1822    6.736993E-06
 1823    6.729604E-06
 1824    6.722227E-06
 1825    6.714863E-06
 1826    6.824806E-06
 1827    6.817337E-06
 1828    6.809880E-06
 1829    6.802436E-06
 1830    6.795003E-06
 1831    7.008986E-06
 1832    7.001336E-06
 1833    6.993699E-06
 1834    6.986075E-06
 1835    6.978462E-06
 1836    7.189628E-06
 1837    7.181803E-06
 1838    7.173990E-06
 1839    7.166190E-06
 1840    7.158403E-06
 1841    7.091437E-06
 1842    7.083740E-06
 1843    7.076055E-06
 1844    7.068382E-06
 1845    7.060722E-06
 1846    6.847256E-06
 1847    6.839844E-06
 1848    6.832443E-06
 1849    6.825055E-06
 1850    6.817678E-06
 1851    6.302053E-06
 1852    6.295249E-06
 1853    6.288456E-06
 1854    6.281674E-06
 1855    6.274904E-06
 1856    5.908568E-06
 1857    5.902206E-06
 1858    5.895854E-06
 1859    5.889513E-06
 1860    5.883182E-06
 1861    5.867550E-06
 1862    5.861249E-06
 1863    5.854958E-06
 1864    5.848678E-06
 1865    5.842408E-06
 1866    6.283167E-06
 1867    6.276438E-06
 1868    6.269720E-06
 1869    6.263012E-06
 1870    6.256316E-06
 1871    7.314340E-06
 1872    7.306528E-06
 1873    7.298728E-06
 1874    7.290940E-06
 1875    7.283165E-06
 1876    8.381437E-06
 1877    8.372508E-06
 1878    8.363594E-06
 1879    8.354694E-06
 1880    8.345809E-06
 1881    9.842075E-06
 1882    9.831618E-06
 1883    9.821179E-06
 1884    9.810756E-06
 1885    9.800349E-06
 1886    1.074232E-05
 1887    1.073094E-05
 1888    1.071957E-05
 1889    1.070823E-05
 1890    1.069690E-05
 1891    1.145646E-05
 1892    1.144435E-05
 1893    1.143227E-05
 1894    1.142020E-05
 1895    1.140815E-05
 1896    1.225320E-05
 1897    1.224028E-05
 1898    1.222739E-05
 1899    1.221451E-05
 1900    1.220166E-05
 1901    1.252193E-05
 1902    1.250877E-05
 1903    1.249562E-05
 1904    1.248250E-05
 1905    1.246940E-05
 1906    1.364483E-05
 1907    1.363052E-05
 1908    1.361624E-05
 1909    1.360198E-05
 1910    1.358774E-05
 1911    1.495282E-05
 1912    1.493718E-05
 1913    1.492157E-05
 1914    1.490598E-05
 1915    1.489042E-05
 1916    1.583100E-05
 1917    1.581449E-05
 1918    1.579800E-05
 1919    1.578154E-05
 1920    1.576511E-05
 1921    1.621727E-05
 1922    1.620040E-05
 1923    1.618355E-05
 1924    1.616673E-05
 1925    1.614994E-05
 1926    1.535446E-05
 1927    1.533853E-05
 1928    1.532262E-05
 1929    1.530674E-05
 1930    1.529088E-05
 1931    1.371752E-05
 1932    1.370332E-05
 1933    1.368914E-05
 1934    1.367499E-05
 1935    1.366086E-05
 1936    1.029451E-05
 1937    1.028388E-05
 1938    1.027327E-05
 1939    1.026268E-05
 1940    1.025210E-05
 1941    5.663478E-06
 1942    5.657646E-06
 1943    5.651824E-06
 1944    5.646011E-06
 1945    5.640207E-06
 1946   -1.071916E-06
 1947   -1.070815E-06
 1948   -1.069716E-06
 1949   -1.068618E-06
 1950   -1.067523E-06
 1951   -9.042966E-06
 1952   -9.033703E-06
 1953   -9.024455E-06
 1954   -9.015220E-06
 1955   -9.006000E-06
 1956   -1.732146E-05
 1957   -1.730377E-05
 1958   -1.728610E-05
 1959   -1.726845E-05
 1960   -1.725084E-05
 1961   -2.176054E-05
 1962   -2.173836E-05
 1963   -2.171622E-05
 1964   -2.169411E-05
 1965   -2.167204E-05
 1966   -2.455923E-05
 1967   -2.453427E-05
 1968   -2.450934E-05
 1969   -2.448445E-05
 1970   -2.445960E-05
 1971   -2.123904E-05
 1972   -2.121751E-05
 1973   -2.119601E-05
 1974   -2.117454E-05
 1975   -2.115310E-05
 1976   -9.796763E-06
 1977   -9.786854E-06
 1978   -9.776961E-06
 1979   -9.767083E-06
 1980   -9.757220E-06
 1981    1.156761E-05
 1982    1.155594E-05
 1983    1.154429E-05
 1984    1.153265E-05
 1985    1.152104E-05
 1986    4.400750E-05
 1987    4.396322E-05
 1988    4.391900E-05
 1989    4.387485E-05
 1990    4.383077E-05
 1991    9.087868E-05
 1992    9.078746E-05
 1993    9.069638E-05
 1994    9.060543E-05
 1995    9.051462E-05
 1996    1.469974E-04
 1997    1.468502E-04
 1998    1.467032E-04
 1999    1.465565E-04
 2000    1.464100E-04
 2001    2.105853E-04
 2002    2.103750E-04
 2003    2.101650E-04
 2004    2.099553E-04
 2005    2.097459E-04
 2006    2.706190E-04
 2007    2.703493E-04
 2008    2.700801E-04
 2009    2.698113E-04
 2010    2.695429E-04
 2011    3.114264E-04
 2012    3.111170E-04
 2013    3.108079E-04
 2014    3.104994E-04
 2015    3.101912E-04
 2016    3.446291E-04
 2017    3.442874E-04
 2018    3.439463E-04
 2019    3.436057E-04
 2020    3.432655E-04
 2021    3.385237E-04
 2022    3.381889E-04
 2023    3.378547E-04
 2024    3.375209E-04
 2025    3.371876E-04
 2026    2.816091E-04
 2027    2.813313E-04
 2028    2.810540E-04
 2029    2.807770E-04
 2030    2.805004E-04
 2031    1.507883E-04
 2032    1.506399E-04
 2033    1.504918E-04
 2034    1.503438E-04
 2035    1.501961E-04
 2036   -1.038538E-04
 2037   -1.037519E-04
 2038   -1.036501E-04
 2039   -1.035484E-04
 2040   -1.034469E-04
 2041   -5.140116E-04
 2042   -5.135083E-04
 2043   -5.130057E-04
 2044   -5.125039E-04
 2045   -5.120028E-04
 2046   -1.039233E-03
 2047   -1.038218E-03
 2048   -1.037204E-03
 2049   -1.036192E-03
 2050   -1.035182E-03
 2051   -1.635968E-03
 2052   -1.634374E-03
 2053   -1.632782E-03
 2054   -1.631193E-03
 2055   -1.629606E-03
 2056   -2.134517E-03
 2057   -2.132443E-03
 2058   -2.130371E-03
 2059   -2.128302E-03
 2060   -2.126236E-03
 2061   -2.401099E-03
 2062   -2.398771E-03
 2063   -2.396446E-03
 2064   -2.394124E-03
 2065   -2.391806E-03
 2066   -2.488917E-03
 2067   -2.486509E-03
 2068   -2.484105E-03
 2069   -2.481704E-03
 2070   -2.479307E-03
 2071   -2.250537E-03
 2072   -2.248365E-03
 2073   -2.246197E-03
 2074   -2.244031E-03
 2075   -2.241869E-03
 2076   -1.779090E-03
 2077   -1.777378E-03
 2078   -1.775667E-03
 2079   -1.773960E-03
 2080   -1.772254E-03
 2081   -6.969124E-04
 2082   -6.962431E-04
 2083   -6.955747E-04
 2084   -6.949073E-04
 2085   -6.942409E-04
 2086    1.293358E-03
 2087    1.292119E-03
 2088    1.290881E-03
 2089    1.289646E-03
 2090    1.288412E-03
 2091    4.395319E-03
 2092    4.391118E-03
 2093    4.386923E-03
 2094    4.382734E-03
 2095    4.378551E-03
 2096    8.953440E-03
 2097    8.944903E-03
 2098    8.936378E-03
 2099    8.927865E-03
 2100    8.919364E-03
 2101    1.398676E-02
 2102    1.397346E-02
 2103    1.396017E-02
 2104    1.394690E-02
 2105    1.393366E-02
 2106    1.812679E-02
 2107    1.810959E-02
 2108    1.809241E-02
 2109    1.807526E-02
 2110    1.805813E-02
 2111    2.145411E-02
 2112    2.143380E-02
 2113    2.141352E-02
 2114    2.139326E-02
 2115    2.137304E-02
 2116    2.313475E-02
 2117    2.311290E-02
 2118    2.309108E-02
 2119    2.306929E-02
 2120    2.304753E-02
 2121    2.377722E-02
 2122    2.375481E-02
 2123    2.373244E-02
 2124    2.371010E-02
 2125    2.368779E-02
 2126    2.364479E-02
 2127    2.362256E-02
 2128    2.360037E-02
 2129    2.357820E-02
 2130    2.355607E-02
 2131    2.288792E-02
 2132    2.286646E-02
 2133    2.284502E-02
 2134    2.282362E-02
 2135    2.280224E-02
 2136    2.146650E-02
 2137    2.144641E-02
 2138    2.142635E-02
 2139    2.140632E-02
 2140    2.138632E-02
 2141    1.816439E-02
 2142    1.814743E-02
 2143    1.813050E-02
 2144    1.811359E-02
 2145    1.809670E-02
 2146    1.370078E-02
 2147    1.368802E-02
 2148    1.367528E-02
 2149    1.366256E-02
 2150    1.364985E-02
 2151    8.449102E-03
 2152    8.441251E-03
 2153    8.433412E-03
 2154    8.425583E-03
 2155    8.417765E-03
 2156    4.089821E-03
 2157    4.086029E-03
 2158    4.082243E-03
 2159    4.078463E-03
 2160    4.074687E-03
 2161    9.941492E-04
 2162    9.932297E-04
 2163    9.923116E-04
 2164    9.913947E-04
 2165    9.904790E-04
 2166   -9.607509E-04
 2167   -9.598644E-04
 2168   -9.589792E-04
 2169   -9.580951E-04
 2170   -9.572123E-04
 2171   -2.044677E-03
 2172   -2.042795E-03
 2173   -2.040915E-03
 2174   -2.039038E-03
 2175   -2.037164E-03
 2176   -2.504294E-03
 2177   -2.501994E-03
 2178   -2.499697E-03
 2179   -2.497403E-03
 2180   -2.495112E-03
 2181   -2.710961E-03
 2182   -2.708476E-03
 2183   -2.705995E-03
 2184   -2.703518E-03
 2185   -2.701044E-03
 2186   -2.640941E-03
 2187   -2.638526E-03
 2188   -2.636115E-03
 2189   -2.633707E-03
 2190   -2.631302E-03
 2191   -2.282881E-03
 2192   -2.280798E-03
 2193   -2.278719E-03
 2194   -2.276642E-03
 2195   -2.274568E-03
 2196   -1.804336E-03
 2197   -1.802693E-03
 2198   -1.801053E-03
 2199   -1.799416E-03
 2200   -1.797780E-03
 2201   -1.133747E-03
 2202   -1.132718E-03
 2203   -1.131690E-03
 2204   -1.130663E-03
 2205   -1.129637E-03
 2206   -5.830343E-04
 2207   -5.825060E-04
 2208   -5.819785E-04
 2209   -5.814517E-04
 2210   -5.809256E-04
 2211   -1.606406E-04
 2212   -1.604954E-04
 2213   -1.603504E-04
 2214   -1.602056E-04
 2215   -1.600609E-04
 2216    1.003471E-04
 2217    1.002566E-04
 2218    1.001662E-04
 2219    1.000760E-04
 2220    9.998585E-05
 2221    2.446822E-04
 2222    2.444621E-04
 2223    2.442422E-04
 2224    2.440226E-04
 2225    2.438033E-04
 2226    2.951613E-04
 2227    2.948963E-04
 2228    2.946317E-04
 2229    2.943674E-04
 2230    2.941034E-04
 2231    3.062187E-04
 2232    3.059444E-04
 2233    3.056705E-04
 2234    3.053969E-04
 2235    3.051236E-04
 2236    2.790776E-04
 2237    2.788281E-04
 2238    2.785790E-04
 2239    2.783302E-04
 2240    2.780817E-04
 2241    2.275432E-04
 2242    2.273402E-04
 2243    2.271376E-04
 2244    2.269352E-04
 2245    2.267330E-04
 2246    1.782179E-04
 2247    1.780593E-04
 2248    1.779010E-04
 2249    1.777428E-04
 2250    1.775848E-04
 2251    1.068448E-04
 2252    1.067500E-04
 2253    1.066552E-04
 2254    1.065606E-04
 2255    1.064661E-04
 2256    4.969624E-05
 2257    4.965221E-05
 2258    4.960824E-05
 2259    4.956433E-05
 2260    4.952048E-05
 2261    3.911470E-06
 2262    3.908012E-06
 2263    3.904559E-06
 2264    3.901110E-06
 2265    3.897666E-06
 2266   -2.856649E-05
 2267   -2.854129E-05
 2268   -2.851613E-05
 2269   -2.849100E-05
 2270   -2.846590E-05
 2271   -4.965957E-05
 2272   -4.961587E-05
 2273   -4.957222E-05
 2274   -4.952863E-05
 2275   -4.948510E-05
 2276   -5.811548E-05
 2277   -5.806445E-05
 2278   -5.801348E-05
 2279   -5.796258E-05
 2280   -5.791175E-05
 2281   -6.225384E-05
 2282   -6.219929E-05
 2283   -6.214482E-05
 2284   -6.209041E-05
 2285   -6.203608E-05
 2286   -5.829492E-05
 2287   -5.824395E-05
 2288   -5.819305E-05
 2289   -5.814222E-05
 2290   -5.809145E-05
 2291   -5.115799E-05
 2292   -5.111336E-05
 2293   -5.106879E-05
 2294   -5.102428E-05
 2295   -5.097982E-05
 2296   -4.099960E-05
 2297   -4.096391E-05
 2298   -4.092827E-05
 2299   -4.089267E-05
 2300   -4.085712E-05
 2301   -2.954677E-05
 2302   -2.952110E-05
 2303   -2.949547E-05
 2304   -2.946987E-05
 2305   -2.944431E-05
 2306   -2.110241E-05
 2307   -2.108412E-05
 2308   -2.106586E-05
 2309   -2.104761E-05
 2310   -2.102939E-05
 2311   -1.394580E-05
 2312   -1.393374E-05
 2313   -1.392169E-05
 2314   -1.390966E-05
 2315   -1.389765E-05
 2316   -9.693654E-06
 2317   -9.685288E-06
 2318   -9.676933E-06
 2319   -9.668589E-06
 2320   -9.660256E-06
 2321   -7.012537E-06
 2322   -7.006498E-06
 2323   -7.000467E-06
 2324   -6.994444E-06
 2325   -6.988428E-06
 2326   -5.850863E-06
 2327   -5.845836E-06
 2328   -5.840815E-06
 2329   -5.835800E-06
 2330   -5.830792E-06
 2331   -5.798566E-06
 2332   -5.793594E-06
 2333   -5.788628E-06
 2334   -5.783669E-06
 2335   -5.778716E-06
 2336   -6.121221E-06
 2337   -6.115984E-06
 2338   -6.110753E-06
 2339   -6.105529E-06
 2340   -6.100312E-06
 2341   -6.716067E-06
 2342   -6.710333E-06
 2343   -6.704606E-06
 2344   -6.698887E-06
 2345   -6.693175E-06
 2346   -6.865949E-06
 2347   -6.860099E-06
 2348   -6.854257E-06
 2349   -6.848422E-06
 2350   -6.842595E-06
 2351   -6.763762E-06
 2352   -6.758012E-06
 2353   -6.752269E-06
 2354   -6.746533E-06
 2355   -6.740805E-06
 2356   -6.475524E-06
 2357   -6.470031E-06
 2358   -6.464544E-06
 2359   -6.459064E-06
 2360   -6.453592E-06
 2361   -6.609391E-06
 2362   -6.603796E-06
 2363   -6.598207E-06
 2364   -6.592626E-06
 2365   -6.587052E-06
 2366   -7.294031E-06
 2367   -7.287869E-06
 2368   -7.281715E-06
 2369   -7.275569E-06
 2370   -7.269431E-06
 2371   -8.008738E-06
 2372   -8.001987E-06
 2373   -7.995244E-06
 2374   -7.988510E-06
 2375   -7.981784E-06
 2376   -8.802395E-06
 2377   -8.794990E-06
 2378   -8.787595E-06
 2379   -8.780209E-06
 2380   -8.772832E-06
 2381   -9.302571E-06
 2382   -9.294762E-06
 2383   -9.286963E-06
 2384   -9.279173E-06
 2385   -9.271393E-06
 2386   -9.254298E-06
 2387   -9.246545E-06
 2388   -9.238803E-06
 2389   -9.231070E-06
 2390   -9.223347E-06
 2391   -9.096998E-06
 2392   -9.089393E-06
 2393   -9.081798E-06
 2394   -9.074213E-06
 2395   -9.066637E-06
 2396   -8.032764E-06
 2397   -8.026063E-06
 2398   -8.019370E-06
 2399   -8.012686E-06
 2400   -8.006010E-06
 2401   -7.276006E-06
 2402   -7.269949E-06
 2403   -7.263900E-06
 2404   -7.257858E-06
 2405   -7.251824E-06
 2406   -6.478288E-06
 2407   -6.472907E-06
 2408   -6.467532E-06
 2409   -6.462163E-06
 2410   -6.456801E-06
 2411   -6.121301E-06
 2412   -6.116226E-06
 2413   -6.111158E-06
 2414   -6.106096E-06
 2415   -6.101040E-06
 2416   -6.004849E-06
 2417   -5.999881E-06
 2418   -5.994920E-06
 2419   -5.989964E-06
 2420   -5.985015E-06
 2421   -5.883342E-06
 2422   -5.878485E-06
 2423   -5.873634E-06
 2424   -5.868789E-06
 2425   -5.863949E-06
 2426   -6.020883E-06
 2427   -6.015922E-06
 2428   -6.010968E-06
 2429   -6.006019E-06
 2430   -6.001077E-06
 2431   -5.964882E-06
 2432   -5.959977E-06
 2433   -5.955079E-06
 2434   -5.950187E-06
 2435   -5.945301E-06
 2436   -6.079859E-06
 2437   -6.074871E-06
 2438   -6.069888E-06
 2439   -6.064912E-06
 2440   -6.059942E-06
 2441   -6.056864E-06
 2442   -6.051904E-06
 2443   -6.046951E-06
 2444   -6.042003E-06
 2445   -6.037062E-06
 2446   -5.802499E-06
 2447   -5.797758E-06
 2448   -5.793022E-06
 2449   -5.788292E-06
 2450   -5.783568E-06
 2451   -5.681555E-06
 2452   -5.676922E-06
 2453   -5.672294E-06
 2454   -5.667672E-06
 2455   -5.663056E-06
 2456   -5.467258E-06
 2457   -5.462809E-06
 2458   -5.458365E-06
 2459   -5.453926E-06
 2460   -5.449493E-06
 2461   -5.348608E-06
 2462   -5.344264E-06
 2463   -5.339925E-06
 2464   -5.335591E-06
 2465   -5.331263E-06
 2466   -5.253507E-06
 2467   -5.249249E-06
 2468   -5.244996E-06
 2469   -5.240748E-06
 2470   -5.236506E-06
 2471   -5.195626E-06
 2472   -5.191423E-06
 2473   -5.187226E-06
 2474   -5.183033E-06
 2475   -5.178846E-06
 2476   -5.316828E-06
 2477   -5.312536E-06
 2478   -5.308249E-06
 2479   -5.303967E-06
 2480   -5.299690E-06
 2481   -5.263617E-06
 2482   -5.259377E-06
 2483   -5.255141E-06
 2484   -5.250911E-06
 2485   -5.246686E-06
 2486   -5.385642E-06
 2487   -5.381311E-06
 2488   -5.376986E-06
 2489   -5.372667E-06
 2490   -5.368352E-06
 2491   -5.274266E-06
 2492   -5.270034E-06
 2493   -5.265807E-06
 2494   -5.261585E-06
 2495   -5.257368E-06
 2496   -5.111126E-06
 2497   -5.107033E-06
 2498   -5.102945E-06
 2499   -5.098861E-06
 2500   -5.094783E-06
 2501   -4.914161E-06
 2502   -4.910234E-06
 2503   -4.906311E-06
 2504   -4.902393E-06
 2505   -4.898480E-06
 2506   -4.676266E-06
 2507   -4.672537E-06
 2508   -4.668811E-06
 2509   -4.665090E-06
 2510   -4.661374E-06
 2511   -4.770081E-06
 2512   -4.766284E-06
 2513   -4.762492E-06
 2514   -4.758704E-06
 2515   -4.754920E-06
 2516   -4.663818E-06
 2517   -4.660113E-06
 2518   -4.656413E-06
 2519   -4.652716E-06
 2520   -4.649024E-06
 2521   -4.713179E-06
 2522   -4.709442E-06
 2523   -4.705710E-06
 2524   -4.701982E-06
 2525   -4.698258E-06
 2526   -4.695280E-06
 2527   -4.691565E-06
 2528   -4.687854E-06
 2529   -4.684148E-06
 2530   -4.680445E-06
 2531   -4.716773E-06
 2532   -4.713048E-06
 2533   -4.709327E-06
 2534   -4.705611E-06
 2535   -4.701899E-06
 2536   -4.778354E-06
 2537   -4.774588E-06
 2538   -4.770826E-06
 2539   -4.767069E-06
 2540   -4.763316E-06
 2541   -4.674429E-06
 2542   -4.670751E-06
 2543   -4.667079E-06
 2544   -4.663410E-06
 2545   -4.659746E-06
 2546   -4.595186E-06
 2547   -4.591578E-06
 2548   -4.587975E-06
 2549   -4.584376E-06
 2550   -4.580781E-06
 2551   -4.316528E-06
 2552   -4.313146E-06
 2553   -4.309768E-06
 2554   -4.306394E-06
 2555   -4.303023E-06
 2556   -4.255515E-06
 2557   -4.252187E-06
 2558   -4.248863E-06
 2559   -4.245543E-06
 2560   -4.242227E-06
 2561   -4.191031E-06
 2562   -4.187760E-06
 2563   -4.184493E-06
 2564   -4.181229E-06
 2565   -4.177970E-06
 2566   -4.159184E-06
 2567   -4.155944E-06
 2568   -4.152708E-06
 2569   -4.149476E-06
 2570   -4.146247E-06
 2571   -4.262748E-06
 2572   -4.259434E-06
 2573   -4.256124E-06
 2574   -4.252818E-06
 2575   -4.249515E-06
 2576   -4.180153E-06
 2577   -4.176909E-06
 2578   -4.173670E-06
 2579   -4.170434E-06
 2580   -4.167201E-06
 2581   -4.279279E-06
 2582   -4.275965E-06
 2583   -4.272655E-06
 2584   -4.269348E-06
 2585   -4.266046E-06
 2586   -4.262075E-06
 2587   -4.258781E-06
 2588   -4.255490E-06
 2589   -4.252204E-06
 2590   -4.248921E-06
 2591   -4.206088E-06
 2592   -4.202843E-06
 2593   -4.199602E-06
 2594   -4.196365E-06
 2595   -4.193131E-06
 2596   -4.125389E-06
 2597   -4.122212E-06
 2598   -4.119039E-06
 2599   -4.115870E-06
 2600   -4.112705E-06
 2601   -3.893621E-06
 2602   -3.890628E-06
 2603   -3.887640E-06
 2604   -3.884654E-06
 2605   -3.881672E-06
 2606   -3.889025E-06
 2607   -3.886042E-06
 2608   -3.883063E-06
 2609   -3.880087E-06
 2610   -3.877114E-06
 2611   -3.767865E-06
 2612   -3.764981E-06
 2613   -3.762100E-06
 2614   -3.759222E-06
 2615   -3.756347E-06
 2616   -3.824138E-06
 2617   -3.821216E-06
 2618   -3.818298E-06
 2619   -3.815383E-06
 2620   -3.812471E-06
 2621   -3.738639E-06
 2622   -3.735788E-06
 2623   -3.732940E-06
 2624   -3.730095E-06
 2625   -3.727254E-06
 2626   -3.786563E-06
 2627   -3.783681E-06
 2628   -3.780802E-06
 2629   -3.777926E-06
 2630   -3.775054E-06
 2631   -3.865691E-06
 2632   -3.862754E-06
 2633   -3.859820E-06
 2634   -3.856890E-06
 2635   -3.853963E-06
 2636   -3.782209E-06
 2637   -3.779341E-06
 2638   -3.776476E-06
 2639   -3.773615E-06
 2640   -3.770757E-06
 2641   -3.741110E-06
 2642   -3.738278E-06
 2643   -3.735450E-06
 2644   -3.732625E-06
 2645   -3.729803E-06
 2646   -3.625904E-06
 2647   -3.623165E-06
 2648   -3.620429E-06
 2649   -3.617696E-06
 2650   -3.614966E-06
 2651   -3.466758E-06
 2652   -3.464144E-06
 2653   -3.461533E-06
 2654   -3.458925E-06
 2655   -3.456319E-06
 2656   -3.447836E-06
 2657   -3.445242E-06
 2658   -3.442650E-06
 2659   -3.440061E-06
 2660   -3.437475E-06
 2661   -3.277427E-06
 2662   -3.274965E-06
 2663   -3.272506E-06
 2664   -3.270050E-06
 2665   -3.267596E-06
 2666   -3.361466E-06
 2667   -3.358946E-06
 2668   -3.356428E-06
 2669   -3.353914E-06
 2670   -3.351402E-06
 2671   -3.316267E-06
 2672   -3.313785E-06
 2673   -3.311306E-06
 2674   -3.308830E-06
 2675   -3.306357E-06
 2676   -3.277510E-06
 2677   -3.275061E-06
 2678   -3.272616E-06
 2679   -3.270173E-06
 2680   -3.267733E-06
 2681   -3.356414E-06
 2682   -3.353912E-06
 2683   -3.351412E-06
 2684   -3.348915E-06
 2685   -3.346421E-06
 2686   -3.281416E-06
 2687   -3.278974E-06
 2688   -3.276535E-06
 2689   -3.274098E-06
 2690   -3.271664E-06
 2691   -3.276444E-06
 2692   -3.274010E-06
 2693   -3.271579E-06
 2694   -3.269151E-06
 2695   -3.266725E-06
 2696   -3.046379E-06
 2697   -3.044121E-06
 2698   -3.041865E-06
 2699   -3.039611E-06
 2700   -3.037360E-06
 2701   -2.939111E-06
 2702   -2.936936E-06
 2703   -2.934763E-06
 2704   -2.932593E-06
 2705   -2.930425E-06
 2706   -2.825222E-06
 2707   -2.823135E-06
 2708   -2.821051E-06
 2709   -2.818968E-06
 2710   -2.816888E-06
 2711   -2.738038E-06
 2712   -2.736019E-06
 2713   -2.734003E-06
 2714   -2.731988E-06
 2715   -2.729976E-06
 2716   -2.758573E-06
 2717   -2.756542E-06
 2718   -2.754514E-06
 2719   -2.752489E-06
 2720   -2.750465E-06
 2721   -2.644060E-06
 2722   -2.642117E-06
 2723   -2.640177E-06
 2724   -2.638239E-06
 2725   -2.636303E-06
 2726   -2.700540E-06
 2727   -2.698560E-06
 2728   -2.696582E-06
 2729   -2.694606E-06
 2730   -2.692632E-06
 2731   -2.695651E-06
 2732   -2.693678E-06
 2733   -2.691708E-06
 2734   -2.689739E-06
 2735   -2.687772E-06
 2736   -2.613311E-06
 2737   -2.611402E-06
 2738   -2.609494E-06
 2739   -2.607589E-06
 2740   -2.605686E-06
 2741   -2.628029E-06
 2742   -2.626113E-06
 2743   -2.624198E-06
 2744   -2.622286E-06
 2745   -2.620376E-06
 2746   -2.468172E-06
 2747   -2.466376E-06
 2748   -2.464581E-06
 2749   -2.462788E-06
 2750   -2.460997E-06
 2751   -2.402620E-06
 2752   -2.400875E-06
 2753   -2.399131E-06
 2754   -2.397389E-06
 2755   -2.395649E-06
 2756   -2.314010E-06
 2757   -2.312331E-06
 2758   -2.310655E-06
 2759   -2.308980E-06
 2760   -2.307307E-06
 2761   -2.252383E-06
 2762   -2.250752E-06
 2763   -2.249123E-06
 2764   -2.247496E-06
 2765   -2.245870E-06
 2766   -2.245717E-06
 2767   -2.244094E-06
 2768   -2.242472E-06
 2769   -2.240853E-06
 2770   -2.239235E-06
 2771   -2.174182E-06
 2772   -2.172614E-06
 2773   -2.171047E-06
 2774   -2.169482E-06
 2775   -2.167919E-06
 2776   -2.239354E-06
 2777   -2.237741E-06
 2778   -2.236131E-06
 2779   -2.234522E-06
 2780   -2.232914E-06
 2781   -2.171989E-06
 2782   -2.170428E-06
 2783   -2.168868E-06
 2784   -2.167310E-06
 2785   -2.165754E-06
 2786   -2.178938E-06
 2787   -2.177374E-06
 2788   -2.175813E-06
 2789   -2.174253E-06
 2790   -2.172694E-06
 2791   -2.124596E-06
 2792   -2.123074E-06
 2793   -2.121554E-06
 2794   -2.120036E-06
 2795   -2.118519E-06
 2796   -2.008900E-06
 2797   -2.007464E-06
 2798   -2.006029E-06
 2799   -2.004596E-06
 2800   -2.003165E-06
 2801   -1.904347E-06
 2802   -1.902988E-06
 2803   -1.901630E-06
 2804   -1.900274E-06
 2805   -1.898919E-06
 2806   -1.768375E-06
 2807   -1.767115E-06
 2808   -1.765856E-06
 2809   -1.764599E-06
 2810   -1.763344E-06
 2811   -1.722070E-06
 2812   -1.720845E-06
 2813   -1.719622E-06
 2814   -1.718400E-06
 2815   -1.717179E-06
 2816   -1.708562E-06
 2817   -1.707349E-06
 2818   -1.706137E-06
 2819   -1.704927E-06
 2820   -1.703718E-06
 2821   -1.680085E-06
 2822   -1.678894E-06
 2823   -1.677705E-06
 2824   -1.676517E-06
 2825   -1.675331E-06
 2826   -1.672171E-06
 2827   -1.670989E-06
 2828   -1.669807E-06
 2829   -1.668627E-06
 2830   -1.667448E-06
 2831   -1.649185E-06
 2832   -1.648021E-06
 2833   -1.646858E-06
 2834   -1.645696E-06
 2835   -1.644535E-06
 2836   -1.642452E-06
 2837   -1.641295E-06
 2838   -1.640138E-06
 2839   -1.638983E-06
 2840   -1.637829E-06
 2841   -1.582902E-06
 2842   -1.581789E-06
 2843   -1.580676E-06
 2844   -1.579565E-06
 2845   -1.578454E-06
 2846   -1.507399E-06
 2847   -1.506341E-06
 2848   -1.505283E-06
 2849   -1.504226E-06
 2850   -1.503171E-06
 2851   -1.418591E-06
 2852   -1.417596E-06
 2853   -1.416602E-06
 2854   -1.415610E-06
 2855   -1.414618E-06
 2856   -1.346690E-06
 2857   -1.345747E-06
 2858   -1.344806E-06
 2859   -1.343865E-06
 2860   -1.342925E-06
 2861   -1.313987E-06
 2862   -1.313069E-06
 2863   -1.312152E-06
 2864   -1.311236E-06
 2865   -1.310321E-06
 2866   -1.282501E-06
 2867   -1.281607E-06
 2868   -1.280713E-06
 2869   -1.279820E-06
 2870   -1.278929E-06
 2871   -1.266865E-06
 2872   -1.265983E-06
 2873   -1.265102E-06
 2874   -1.264221E-06
 2875   -1.263342E-06
 2876   -1.238827E-06
 2877   -1.237966E-06
 2878   -1.237105E-06
 2879   -1.236246E-06
 2880   -1.235388E-06
 2881   -1.234462E-06
 2882   -1.233606E-06
 2883   -1.232750E-06
 2884   -1.231895E-06
 2885   -1.231041E-06
 2886   -1.213289E-06
 2887   -1.212448E-06
 2888   -1.211609E-06
 2889   -1.210770E-06
 2890   -1.209932E-06
 2891   -1.174601E-06
 2892   -1.173789E-06
 2893   -1.172977E-06
 2894   -1.172167E-06
 2895   -1.171357E-06
 2896   -1.120214E-06
 2897   -1.119441E-06
 2898   -1.118669E-06
 2899   -1.117897E-06
 2900   -1.117126E-06
 2901   -1.025056E-06
 2902   -1.024350E-06
 2903   -1.023644E-06
 2904   -1.022939E-06
 2905   -1.022235E-06
 2906   -9.648698E-07
 2907   -9.642061E-07
 2908   -9.635431E-07
 2909   -9.628807E-07
 2910   -9.622191E-07
 2911   -8.981652E-07
 2912   -8.975484E-07
 2913   -8.969323E-07
 2914   -8.963168E-07
 2915   -8.957019E-07
 2916   -8.746606E-07
 2917   -8.740610E-07
 2918   -8.734620E-07
 2919   -8.728636E-07
 2920   -8.722659E-07
 2921   -8.786261E-07
 2922   -8.780248E-07
 2923   -8.774242E-07
 2924   -8.768241E-07
 2925   -8.762247E-07
 2926   -8.483587E-07
 2927   -8.477791E-07
 2928   -8.472002E-07
 2929   -8.466218E-07
 2930   -8.460440E-07
 2931   -8.563103E-07
 2932   -8.557263E-07
 2933   -8.551429E-07
 2934   -8.545601E-07
 2935   -8.539779E-07
 2936   -8.308293E-07
 2937   -8.302637E-07
 2938   -8.296986E-07
 2939   -8.291341E-07
 2940   -8.285701E-07
 2941   -7.954252E-07
 2942   -7.948845E-07
 2943   -7.943444E-07
 2944   -7.938049E-07
 2945   -7.932659E-07
 2946   -7.638427E-07
 2947   -7.633244E-07
 2948   -7.628066E-07
 2949   -7.622894E-07
 2950   -7.617727E-07
 2951   -6.854797E-07
 2952   -6.850154E-07
 2953   -6.845515E-07
 2954   -6.840881E-07
 2955   -6.836252E-07
 2956   -6.517470E-07
 2957   -6.513063E-07
 2958   -6.508660E-07
 2959   -6.504261E-07
 2960   -6.499867E-07
 2961   -6.167441E-07
 2962   -6.163278E-07
 2963   -6.159118E-07
 2964   -6.154963E-07
 2965   -6.150812E-07
 2966   -6.024327E-07
 2967   -6.020267E-07
 2968   -6.016211E-07
 2969   -6.012159E-07
 2970   -6.008111E-07
 2971   -5.984905E-07
 2972   -5.980878E-07
 2973   -5.976855E-07
 2974   -5.972837E-07
 2975   -5.968822E-07
 2976   -5.733215E-07
 2977   -5.729364E-07
 2978   -5.725517E-07
 2979   -5.721674E-07
 2980   -5.717834E-07
 2981   -5.836991E-07
 2982   -5.833077E-07
 2983   -5.829167E-07
 2984   -5.825261E-07
 2985   -5.821358E-07
 2986   -5.593909E-07
 2987   -5.590165E-07
 2988   -5.586423E-07
 2989   -5.582686E-07
 2990   -5.578952E-07
 2991   -5.422210E-07
 2992   -5.418586E-07
 2993   -5.414966E-07
 2994   -5.411349E-07
 2995   -5.407736E-07
 2996   -4.993893E-07
 2997   -4.990561E-07
 2998   -4.987233E-07
 2999   -4.983907E-07
 3000   -4.980585E-07
 3001   -4.494836E-07
 3002   -4.491842E-07
 3003   -4.488851E-07
 3004   -4.485863E-07
 3005   -4.482878E-07
 3006   -4.216039E-07
 3007   -4.213235E-07
 3008   -4.210434E-07
 3009   -4.207636E-07
 3010   -4.204841E-07
 3011   -3.871134E-07
 3012   -3.868564E-07
 3013   -3.865996E-07
 3014   -3.863431E-07
 3015   -3.860869E-07
 3016   -3.711732E-07
 3017   -3.709272E-07
 3018   -3.706814E-07
 3019   -3.704359E-07
 3020   -3.701906E-07
 3021   -3.626455E-07
 3022   -3.624055E-07
 3023   -3.621658E-07
 3024   -3.619263E-07
 3025   -3.616871E-07
 3026   -3.511042E-07
 3027   -3.508723E-07
 3028   -3.506406E-07
 3029   -3.504091E-07
 3030   -3.501779E-07
 3031   -3.588510E-07
 3032   -3.586144E-07
 3033   -3.583779E-07
 3034   -3.581417E-07
 3035   -3.579057E-07
 3036   -3.463551E-07
 3037   -3.461271E-07
 3038   -3.458992E-07
 3039   -3.456716E-07
 3040   -3.454443E-07
 3041   -3.372127E-07
 3042   -3.369910E-07
 3043   -3.367696E-07
 3044   -3.365483E-07
 3045   -3.363273E-07
 3046   -3.142060E-07
 3047   -3.139998E-07
 3048   -3.137938E-07
 3049   -3.135880E-07
 3050   -3.133824E-07
 3051   -2.935008E-07
 3052   -2.933085E-07
 3053   -2.931164E-07
 3054   -2.929244E-07
 3055   -2.927327E-07
 3056   -2.752034E-07
 3057   -2.750234E-07
 3058   -2.748435E-07
 3059   -2.746639E-07
 3060   -2.744844E-07
 3061   -2.559686E-07
 3062   -2.558014E-07
 3063   -2.556344E-07
 3064   -2.554676E-07
 3065   -2.553009E-07
 3066   -2.527664E-07
 3067   -2.526016E-07
 3068   -2.524369E-07
 3069   -2.522724E-07
 3070   -2.521081E-07
 3071   -2.456155E-07
 3072   -2.454556E-07
 3073   -2.452959E-07
 3074   -2.451363E-07
 3075   -2.449769E-07
 3076   -2.429278E-07
 3077   -2.427700E-07
 3078   -2.426123E-07
 3079   -2.424547E-07
 3080   -2.422973E-07
 3081   -2.288050E-07
 3082   -2.286565E-07
 3083   -2.285082E-07
 3084   -2.283601E-07
 3085   -2.282120E-07
 3086   -2.123341E-07
 3087   -2.121965E-07
 3088   -2.120591E-07
 3089   -2.119219E-07
 3090   -2.117847E-07
 3091   -1.864817E-07
 3092   -1.863611E-07
 3093   -1.862406E-07
 3094   -1.861203E-07
 3095   -1.860000E-07
 3096   -1.431580E-07
 3097   -1.430656E-07
 3098   -1.429732E-07
 3099   -1.428810E-07
 3100   -1.427888E-07
 3101   -9.866992E-08
 3102   -9.860631E-08
 3103   -9.854276E-08
 3104   -9.847928E-08
 3105   -9.841586E-08
 3106   -5.599832E-08
 3107   -5.596228E-08
 3108   -5.592627E-08
 3109   -5.589030E-08
 3110   -5.585437E-08
 3111   -2.904665E-08
 3112   -2.902798E-08
 3113   -2.900934E-08
 3114   -2.899071E-08
 3115   -2.897210E-08
 3116   -1.188501E-08
 3117   -1.187738E-08
 3118   -1.186976E-08
 3119   -1.186215E-08
 3120   -1.185455E-08
 3121   -2.781885E-09
 3122   -2.780103E-09
 3123   -2.778323E-09
 3124   -2.776544E-09
 3125   -2.774768E-09
 3126    1.906606E-09
 3127    1.905386E-09
 3128    1.904168E-09
 3129    1.902951E-09
 3130    1.901736E-09
 3131    4.217738E-09
 3132    4.215045E-09
 3133    4.212355E-09
 3134    4.209667E-09
 3135    4.206982E-09
 3136    5.666401E-09
 3137    5.662789E-09
 3138    5.659180E-09
 3139    5.655575E-09
 3140    5.651973E-09
 3141    6.513295E-09
 3142    6.509150E-09
 3143    6.505008E-09
 3144    6.500871E-09
 3145    6.496738E-09
 3146    7.211563E-09
 3147    7.206980E-09
 3148    7.202402E-09
 3149    7.197829E-09
 3150    7.193259E-09
 3151    7.870459E-09
 3152    7.865466E-09
 3153    7.860478E-09
 3154    7.855494E-09
 3155    7.850515E-09
 3156    7.943758E-09
 3157    7.938726E-09
 3158    7.933700E-09
 3159    7.928677E-09
 3160    7.923660E-09
 3161    7.991610E-09
 3162    7.986556E-09
 3163    7.981507E-09
 3164    7.976462E-09
 3165    7.971423E-09
 3166    7.828406E-09
 3167    7.823463E-09
 3168    7.818525E-09
 3169    7.813592E-09
 3170    7.808663E-09
 3171    7.861361E-09
 3172    7.856405E-09
 3173    7.851454E-09
 3174    7.846507E-09
 3175    7.841565E-09
 3176    7.939485E-09
 3177    7.934487E-09
 3178    7.929495E-09
 3179    7.924507E-09
 3180    7.919524E-09
 3181    7.816000E-09
 3182    7.811088E-09
 3183    7.806181E-09
 3184    7.801278E-09
 3185    7.796380E-09
 3186    8.080725E-09
 3187    8.075655E-09
 3188    8.070589E-09
 3189    8.065528E-09
 3190    8.060472E-09
 3191    7.902817E-09
 3192    7.897866E-09
 3193    7.892920E-09
 3194    7.887978E-09
 3195    7.883041E-09
 3196    8.157306E-09
 3197    8.152204E-09
 3198    8.147106E-09
 3199    8.142014E-09
 3200    8.136926E-09
 3201    8.062527E-09
 3202    8.057492E-09
 3203    8.052461E-09
 3204    8.047436E-09
 3205    8.042414E-09
 3206    7.902437E-09
 3207    7.897510E-09
 3208    7.892587E-09
 3209    7.887669E-09
 3210    7.882755E-09
 3211    8.045786E-09
 3212    8.040777E-09
 3213    8.035773E-09
 3214    8.030773E-09
 3215    8.025778E-09
 3216    7.930230E-09
 3217    7.925301E-09
 3218    7.920376E-09
 3219    7.915456E-09
 3220    7.910540E-09
 3221    8.119380E-09
 3222    8.114341E-09
 3223    8.109306E-09
 3224    8.104276E-09
 3225    8.099251E-09
 3226    8.190701E-09
 3227    8.185625E-09
 3228    8.180554E-09
 3229    8.175488E-09
 3230    8.170427E-09
 3231    8.012547E-09
 3232    8.007590E-09
 3233    8.002637E-09
 3234    7.997689E-09
 3235    7.992745E-09
 3236    8.354667E-09
 3237    8.349506E-09
 3238    8.344349E-09
 3239    8.339198E-09
 3240    8.334051E-09
 3241    8.137216E-09
 3242    8.132197E-09
 3243    8.127182E-09
 3244    8.122172E-09
 3245    8.117167E-09
 3246    8.484037E-09
 3247    8.478812E-09
 3248    8.473592E-09
 3249    8.468377E-09
 3250    8.463166E-09
 3251    8.543532E-09
 3252    8.538278E-09
 3253    8.533029E-09
 3254    8.527786E-09
 3255    8.522547E-09
 3256    8.651440E-09
 3257    8.646128E-09
 3258    8.640821E-09
 3259    8.635519E-09
 3260    8.630222E-09
 3261    9.079454E-09
 3262    9.073888E-09
 3263    9.068327E-09
 3264    9.062771E-09
 3265    9.057221E-09
 3266    8.909115E-09
 3267    8.903661E-09
 3268    8.898213E-09
 3269    8.892770E-09
 3270    8.887332E-09
 3271    9.373499E-09
 3272    9.367770E-09
 3273    9.362047E-09
 3274    9.356329E-09
 3275    9.350616E-09
 3276    9.361188E-09
 3277    9.355475E-09
 3278    9.349768E-09
 3279    9.344066E-09
 3280    9.338369E-09
 3281    9.600616E-09
 3282    9.594766E-09
 3283    9.588922E-09
 3284    9.583083E-09
 3285    9.577250E-09
 3286    9.845904E-09
 3287    9.839914E-09
 3288    9.833929E-09
 3289    9.827950E-09
 3290    9.821977E-09
 3291    9.751412E-09
 3292    9.745488E-09
 3293    9.739570E-09
 3294    9.733658E-09
 3295    9.727751E-09
 3296    1.031994E-08
 3297    1.031369E-08
 3298    1.030743E-08
 3299    1.030118E-08
 3300    1.029494E-08
