   50    9.422817E-14
   51    7.442098E-14
   52    7.158641E-14
   53    6.891075E-14
   54    6.638235E-14
   55    6.399058E-14
   56    3.265785E-14
   57    3.152210E-14
   58    3.044458E-14
   59    2.942138E-14
   60    2.844890E-14
   61    1.246645E-14
   62    1.206757E-14
   63    1.168754E-14
   64    1.132518E-14
   65    1.097941E-14
   66    2.969552E-14
   67    2.881575E-14
   68    2.797450E-14
   69    2.716956E-14
   70    2.639887E-14
   71    2.257026E-14
   72    2.194770E-14
   73    2.135053E-14
   74    2.077742E-14
   75    2.022707E-14
   76    3.703756E-14
   77    3.608183E-14
   78    3.516263E-14
   79    3.427810E-14
   80    3.342654E-14
   81    6.064451E-14
   82    5.917445E-14
   83    5.775720E-14
   84    5.639026E-14
   85    5.507128E-14
   86    4.585184E-14
   87    4.480387E-14
   88    4.379142E-14
   89    4.281290E-14
   90    4.186682E-14
   91    4.845495E-14
   92    4.740733E-14
   93    4.639333E-14
   94    4.541152E-14
   95    4.446054E-14
   96    3.196846E-14
   97    3.131273E-14
   98    3.067698E-14
   99    3.006038E-14
  100    2.946220E-14
  101    1.125916E-14
  102    1.103948E-14
  103    1.082617E-14
  104    1.061898E-14
  105    1.041768E-14
  106    9.631075E-15
  107    9.451900E-15
  108    9.277679E-15
  109    9.108230E-15
  110    8.943382E-15
  111    2.330209E-14
  112    2.288785E-14
  113    2.248455E-14
  114    2.209182E-14
  115    2.170930E-14
  116    3.299796E-14
  117    3.243631E-14
  118    3.188888E-14
  119    3.135519E-14
  120    3.083479E-14
  121    5.805970E-14
  122    5.711181E-14
  123    5.618696E-14
  124    5.528438E-14
  125    5.440339E-14
  126    7.768461E-14
  127    7.646606E-14
  128    7.527596E-14
  129    7.411344E-14
  130    7.297763E-14
  131    6.550943E-14
  132    6.452064E-14
  133    6.355406E-14
  134    6.260905E-14
  135    6.168495E-14
  136    4.403077E-14
  137    4.339034E-14
  138    4.276378E-14
  139    4.215070E-14
  140    4.155070E-14
  141    2.537654E-14
  142    2.502039E-14
  143    2.467168E-14
  144    2.433021E-14
  145    2.399578E-14
  146    2.251159E-14
  147    2.220635E-14
  148    2.190728E-14
  149    2.161422E-14
  150    2.132699E-14
  151    3.495103E-14
  152    3.449267E-14
  153    3.404326E-14
  154    3.360258E-14
  155    3.317040E-14
  156    3.620141E-14
  157    3.574172E-14
  158    3.529073E-14
  159    3.484822E-14
  160    3.441398E-14
  161    8.407686E-14
  162    8.304209E-14
  163    8.202630E-14
  164    8.102904E-14
  165    8.004985E-14
  166    6.826533E-14
  167    6.745024E-14
  168    6.664966E-14
  169    6.586324E-14
  170    6.509067E-14
  171    7.760834E-14
  172    7.670855E-14
  173    7.582432E-14
  174    7.495528E-14
  175    7.410111E-14
  176    1.022200E-13
  177    1.010683E-13
  178    9.993588E-14
  179    9.882241E-14
  180    9.772744E-14
  181    5.727628E-14
  182    5.664860E-14
  183    5.603119E-14
  184    5.542381E-14
  185    5.482626E-14
  186    6.271117E-14
  187    6.204226E-14
  188    6.138399E-14
  189    6.073615E-14
  190    6.009851E-14
  191    5.146394E-14
  192    5.092925E-14
  193    5.040286E-14
  194    4.988459E-14
  195    4.937426E-14
  196    5.427310E-14
  197    5.372351E-14
  198    5.318222E-14
  199    5.264907E-14
  200    5.212390E-14
  201    5.062099E-14
  202    5.012104E-14
  203    4.962846E-14
  204    4.914310E-14
  205    4.866483E-14
  206    2.201284E-14
  207    2.180067E-14
  208    2.159155E-14
  209    2.138543E-14
  210    2.118224E-14
  211    2.369488E-15
  212    2.347188E-15
  213    2.325200E-15
  214    2.303520E-15
  215    2.282142E-15
  216    0.000000E+00
  217    0.000000E+00
  218    0.000000E+00
  219    0.000000E+00
  220    0.000000E+00
  221    0.000000E+00
  222    0.000000E+00
  223    0.000000E+00
  224    0.000000E+00
  225    0.000000E+00
  226    3.290428E-16
  227    3.261502E-16
  228    3.232955E-16
  229    3.204781E-16
  230    3.176974E-16
  231    0.000000E+00
  232    0.000000E+00
  233    0.000000E+00
  234    0.000000E+00
  235    0.000000E+00
  236    0.000000E+00
  237    0.000000E+00
  238    0.000000E+00
  239    0.000000E+00
  240    0.000000E+00
  241    0.000000E+00
  242    0.000000E+00
  243    0.000000E+00
  244    0.000000E+00
  245    0.000000E+00
  246    3.954116E-14
  247    3.922164E-14
  248    3.890598E-14
  249    3.859411E-14
  250    3.828597E-14
  251    4.266004E-13
  252    4.232215E-13
  253    4.198825E-13
  254    4.165828E-13
  255    4.133219E-13
  256    6.306953E-13
  257    6.257968E-13
  258    6.209550E-13
  259    6.161693E-13
  260    6.114387E-13
  261    1.265053E-12
  262    1.255414E-12
  263    1.245886E-12
  264    1.236465E-12
  265    1.227151E-12
  266    1.136794E-12
  267    1.128295E-12
  268    1.119891E-12
  269    1.111580E-12
  270    1.103361E-12
  271    2.148933E-12
  272    2.133161E-12
  273    2.117562E-12
  274    2.102134E-12
  275    2.086873E-12
  276    3.427769E-12
  277    3.403064E-12
  278    3.378626E-12
  279    3.354450E-12
  280    3.330533E-12
  281    1.325096E-11
  282    1.315715E-11
  283    1.306433E-11
  284    1.297249E-11
  285    1.288161E-11
  286    2.440314E-11
  287    2.423338E-11
  288    2.406538E-11
  289    2.389913E-11
  290    2.373459E-11
  291    4.023725E-11
  292    3.996212E-11
  293    3.968981E-11
  294    3.942027E-11
  295    3.915347E-11
  296    5.884259E-11
  297    5.844701E-11
  298    5.805541E-11
  299    5.766773E-11
  300    5.728392E-11
  301    6.974410E-11
  302    6.928299E-11
  303    6.882643E-11
  304    6.837437E-11
  305    6.792675E-11
  306    1.089233E-10
  307    1.082149E-10
  308    1.075134E-10
  309    1.068186E-10
  310    1.061306E-10
  311    1.090287E-10
  312    1.083309E-10
  313    1.076398E-10
  314    1.069553E-10
  315    1.062773E-10
  316    1.463554E-10
  317    1.454335E-10
  318    1.445202E-10
  319    1.436156E-10
  320    1.427194E-10
  321    1.811023E-10
  322    1.799792E-10
  323    1.788665E-10
  324    1.777641E-10
  325    1.766718E-10
  326    1.776516E-10
  327    1.765667E-10
  328    1.754917E-10
  329    1.744265E-10
  330    1.733710E-10
  331    2.409833E-10
  332    2.395338E-10
  333    2.380973E-10
  334    2.366737E-10
  335    2.352628E-10
  336    2.273307E-10
  337    2.259836E-10
  338    2.246484E-10
  339    2.233250E-10
  340    2.220133E-10
  341    3.098102E-10
  342    3.080011E-10
  343    3.062078E-10
  344    3.044301E-10
  345    3.026679E-10
  346    3.297993E-10
  347    3.279012E-10
  348    3.260194E-10
  349    3.241538E-10
  350    3.223041E-10
  351    3.334322E-10
  352    3.315404E-10
  353    3.296646E-10
  354    3.278047E-10
  355    3.259605E-10
  356    4.259598E-10
  357    4.235768E-10
  358    4.212138E-10
  359    4.188704E-10
  360    4.165466E-10
  361    4.080555E-10
  362    4.058042E-10
  363    4.035714E-10
  364    4.013571E-10
  365    3.991609E-10
  366    4.953842E-10
  367    4.926882E-10
  368    4.900142E-10
  369    4.873619E-10
  370    4.847311E-10
  371    4.982634E-10
  372    4.955882E-10
  373    4.929344E-10
  374    4.903019E-10
  375    4.876905E-10
  376    5.631787E-10
  377    5.601949E-10
  378    5.572349E-10
  379    5.542982E-10
  380    5.513847E-10
  381    6.429844E-10
  382    6.396224E-10
  383    6.362867E-10
  384    6.329771E-10
  385    6.296931E-10
  386    6.097785E-10
  387    6.066313E-10
  388    6.035084E-10
  389    6.004095E-10
  390    5.973344E-10
  391    7.438473E-10
  392    7.400570E-10
  393    7.362956E-10
  394    7.325629E-10
  395    7.288584E-10
  396    7.227468E-10
  397    7.191103E-10
  398    7.155013E-10
  399    7.119193E-10
  400    7.083642E-10
  401    8.511307E-10
  402    8.469015E-10
  403    8.427037E-10
  404    8.385371E-10
  405    8.344013E-10
  406    8.998562E-10
  407    8.954397E-10
  408    8.910557E-10
  409    8.867038E-10
  410    8.823837E-10
  411    9.225290E-10
  412    9.180561E-10
  413    9.136157E-10
  414    9.092074E-10
  415    9.048310E-10
  416    1.013834E-09
  417    1.008978E-09
  418    1.004156E-09
  419    9.993683E-10
  420    9.946151E-10
  421    1.086844E-09
  422    1.081699E-09
  423    1.076590E-09
  424    1.071518E-09
  425    1.066482E-09
  426    1.198517E-09
  427    1.192910E-09
  428    1.187342E-09
  429    1.181813E-09
  430    1.176322E-09
  431    1.297034E-09
  432    1.291036E-09
  433    1.285080E-09
  434    1.279165E-09
  435    1.273290E-09
  436    1.419031E-09
  437    1.412544E-09
  438    1.406101E-09
  439    1.399703E-09
  440    1.393348E-09
  441    1.439289E-09
  442    1.432784E-09
  443    1.426323E-09
  444    1.419905E-09
  445    1.413531E-09
  446    1.591071E-09
  447    1.583960E-09
  448    1.576897E-09
  449    1.569881E-09
  450    1.562911E-09
  451    1.689280E-09
  452    1.681814E-09
  453    1.674397E-09
  454    1.667029E-09
  455    1.659709E-09
  456    1.867832E-09
  457    1.859666E-09
  458    1.851554E-09
  459    1.843495E-09
  460    1.835489E-09
  461    1.968273E-09
  462    1.959762E-09
  463    1.951306E-09
  464    1.942904E-09
  465    1.934556E-09
  466    1.900860E-09
  467    1.892728E-09
  468    1.884648E-09
  469    1.876620E-09
  470    1.868643E-09
  471    2.330121E-09
  472    2.320258E-09
  473    2.310457E-09
  474    2.300719E-09
  475    2.291042E-09
  476    2.319532E-09
  477    2.309817E-09
  478    2.300162E-09
  479    2.290568E-09
  480    2.281034E-09
  481    2.679582E-09
  482    2.668474E-09
  483    2.657436E-09
  484    2.646467E-09
  485    2.635565E-09
  486    2.638175E-09
  487    2.627351E-09
  488    2.616595E-09
  489    2.605904E-09
  490    2.595278E-09
  491    2.655373E-09
  492    2.644590E-09
  493    2.633872E-09
  494    2.623219E-09
  495    2.612631E-09
  496    3.150100E-09
  497    3.137437E-09
  498    3.124849E-09
  499    3.112337E-09
  500    3.099901E-09
  501    3.018699E-09
  502    3.006684E-09
  503    2.994741E-09
  504    2.982869E-09
  505    2.971068E-09
  506    3.539722E-09
  507    3.525773E-09
  508    3.511905E-09
  509    3.498120E-09
  510    3.484415E-09
  511    3.597237E-09
  512    3.583199E-09
  513    3.569243E-09
  514    3.555368E-09
  515    3.541574E-09
  516    3.776283E-09
  517    3.761689E-09
  518    3.747179E-09
  519    3.732753E-09
  520    3.718410E-09
  521    4.282053E-09
  522    4.265662E-09
  523    4.249365E-09
  524    4.233162E-09
  525    4.217051E-09
  526    3.860065E-09
  527    3.845430E-09
  528    3.830878E-09
  529    3.816408E-09
  530    3.802020E-09
  531    4.762512E-09
  532    4.744625E-09
  533    4.726838E-09
  534    4.709151E-09
  535    4.691564E-09
  536    4.645011E-09
  537    4.627727E-09
  538    4.610540E-09
  539    4.593448E-09
  540    4.576451E-09
  541    5.275668E-09
  542    5.256219E-09
  543    5.236877E-09
  544    5.217641E-09
  545    5.198512E-09
  546    5.413113E-09
  547    5.393339E-09
  548    5.373673E-09
  549    5.354115E-09
  550    5.334663E-09
  551    5.256294E-09
  552    5.237266E-09
  553    5.218342E-09
  554    5.199520E-09
  555    5.180800E-09
  556    6.288416E-09
  557    6.265857E-09
  558    6.243419E-09
  559    6.221101E-09
  560    6.198903E-09
  561    5.955527E-09
  562    5.934352E-09
  563    5.913290E-09
  564    5.892339E-09
  565    5.871500E-09
  566    6.852685E-09
  567    6.828534E-09
  568    6.804512E-09
  569    6.780615E-09
  570    6.756844E-09
  571    6.699608E-09
  572    6.676204E-09
  573    6.652921E-09
  574    6.629761E-09
  575    6.606721E-09
  576    7.453944E-09
  577    7.428130E-09
  578    7.402449E-09
  579    7.376901E-09
  580    7.351486E-09
  581    7.773627E-09
  582    7.746936E-09
  583    7.720383E-09
  584    7.693966E-09
  585    7.667684E-09
  586    7.827439E-09
  587    7.800793E-09
  588    7.774282E-09
  589    7.747906E-09
  590    7.721664E-09
  591    8.816694E-09
  592    8.786933E-09
  593    8.757323E-09
  594    8.727862E-09
  595    8.698549E-09
  596    8.845634E-09
  597    8.816026E-09
  598    8.786565E-09
  599    8.757252E-09
  600    8.728086E-09
  601    9.675744E-09
  602    9.643625E-09
  603    9.611666E-09
  604    9.579866E-09
  605    9.548223E-09
  606    9.691630E-09
  607    9.659724E-09
  608    9.627974E-09
  609    9.596381E-09
  610    9.564944E-09
  611    9.700592E-09
  612    9.668916E-09
  613    9.637396E-09
  614    9.606029E-09
  615    9.574816E-09
  616    1.136263E-08
  617    1.132583E-08
  618    1.128921E-08
  619    1.125276E-08
  620    1.121649E-08
  621    1.093171E-08
  622    1.089659E-08
  623    1.086163E-08
  624    1.082685E-08
  625    1.079223E-08
  626    1.219429E-08
  627    1.215542E-08
  628    1.211674E-08
  629    1.207825E-08
  630    1.203993E-08
  631    1.191031E-08
  632    1.187265E-08
  633    1.183517E-08
  634    1.179786E-08
  635    1.176073E-08
  636    1.264317E-08
  637    1.260351E-08
  638    1.256403E-08
  639    1.252473E-08
  640    1.248562E-08
  641    1.400760E-08
  642    1.396400E-08
  643    1.392060E-08
  644    1.387740E-08
  645    1.383440E-08
  646    1.340250E-08
  647    1.336110E-08
  648    1.331990E-08
  649    1.327888E-08
  650    1.323805E-08
  651    1.530249E-08
  652    1.525559E-08
  653    1.520890E-08
  654    1.516243E-08
  655    1.511616E-08
  656    1.520577E-08
  657    1.515952E-08
  658    1.511348E-08
  659    1.506764E-08
  660    1.502202E-08
  661    1.616685E-08
  662    1.611805E-08
  663    1.606946E-08
  664    1.602110E-08
  665    1.597295E-08
  666    1.699419E-08
  667    1.694327E-08
  668    1.689258E-08
  669    1.684211E-08
  670    1.679188E-08
  671    1.656527E-08
  672    1.651601E-08
  673    1.646696E-08
  674    1.641813E-08
  675    1.636952E-08
  676    1.921752E-08
  677    1.916079E-08
  678    1.910431E-08
  679    1.904808E-08
  680    1.899210E-08
  681    1.841538E-08
  682    1.836142E-08
  683    1.830769E-08
  684    1.825420E-08
  685    1.820094E-08
  686    2.078898E-08
  687    2.072851E-08
  688    2.066829E-08
  689    2.060834E-08
  690    2.054865E-08
  691    2.083897E-08
  692    2.077878E-08
  693    2.071886E-08
  694    2.065919E-08
  695    2.059978E-08
  696    2.132869E-08
  697    2.126754E-08
  698    2.120664E-08
  699    2.114601E-08
  700    2.108563E-08
  701    2.351250E-08
  702    2.344556E-08
  703    2.337891E-08
  704    2.331254E-08
  705    2.324645E-08
  706    2.215290E-08
  707    2.209027E-08
  708    2.202792E-08
  709    2.196582E-08
  710    2.190399E-08
  711    2.504632E-08
  712    2.497601E-08
  713    2.490600E-08
  714    2.483629E-08
  715    2.476686E-08
  716    2.494001E-08
  717    2.487049E-08
  718    2.480126E-08
  719    2.473232E-08
  720    2.466367E-08
  721    2.698657E-08
  722    2.691187E-08
  723    2.683747E-08
  724    2.676339E-08
  725    2.668961E-08
  726    2.756987E-08
  727    2.749408E-08
  728    2.741860E-08
  729    2.734343E-08
  730    2.726857E-08
  731    2.717224E-08
  732    2.709804E-08
  733    2.702416E-08
  734    2.695057E-08
  735    2.687729E-08
  736    2.959846E-08
  737    2.951819E-08
  738    2.943825E-08
  739    2.935863E-08
  740    2.927934E-08
  741    2.997543E-08
  742    2.989469E-08
  743    2.981428E-08
  744    2.973418E-08
  745    2.965442E-08
  746    3.217815E-08
  747    3.209206E-08
  748    3.200631E-08
  749    3.192090E-08
  750    3.183583E-08
  751    3.340184E-08
  752    3.331306E-08
  753    3.322464E-08
  754    3.313657E-08
  755    3.304885E-08
  756    3.217425E-08
  757    3.208930E-08
  758    3.200469E-08
  759    3.192041E-08
  760    3.183647E-08
  761    3.787016E-08
  762    3.777083E-08
  763    3.767189E-08
  764    3.757334E-08
  765    3.747517E-08
  766    3.615309E-08
  767    3.605888E-08
  768    3.596504E-08
  769    3.587157E-08
  770    3.577845E-08
  771    3.809904E-08
  772    3.800040E-08
  773    3.790215E-08
  774    3.780427E-08
  775    3.770678E-08
  776    3.914692E-08
  777    3.904622E-08
  778    3.894590E-08
  779    3.884598E-08
  780    3.874644E-08
  781    4.129101E-08
  782    4.118547E-08
  783    4.108034E-08
  784    4.097561E-08
  785    4.087128E-08
  786    4.277978E-08
  787    4.267114E-08
  788    4.256290E-08
  789    4.245508E-08
  790    4.234767E-08
  791    4.318786E-08
  792    4.307887E-08
  793    4.297029E-08
  794    4.286212E-08
  795    4.275436E-08
  796    4.593650E-08
  797    4.582130E-08
  798    4.570653E-08
  799    4.559219E-08
  800    4.547829E-08
  801    4.587590E-08
  802    4.576156E-08
  803    4.564766E-08
  804    4.553418E-08
  805    4.542112E-08
  806    4.846660E-08
  807    4.834656E-08
  808    4.822697E-08
  809    4.810782E-08
  810    4.798910E-08
  811    4.919041E-08
  812    4.906932E-08
  813    4.894869E-08
  814    4.882849E-08
  815    4.870874E-08
  816    5.022483E-08
  817    5.010195E-08
  818    4.997953E-08
  819    4.985755E-08
  820    4.973602E-08
  821    5.313719E-08
  822    5.300798E-08
  823    5.287924E-08
  824    5.275097E-08
  825    5.262317E-08
  826    5.478884E-08
  827    5.465642E-08
  828    5.452447E-08
  829    5.439301E-08
  830    5.426202E-08
  831    5.779053E-08
  832    5.765170E-08
  833    5.751336E-08
  834    5.737552E-08
  835    5.723818E-08
  836    5.716512E-08
  837    5.702860E-08
  838    5.689258E-08
  839    5.675704E-08
  840    5.662198E-08
  841    5.825233E-08
  842    5.811405E-08
  843    5.797625E-08
  844    5.783895E-08
  845    5.770213E-08
  846    6.346900E-08
  847    6.331922E-08
  848    6.316997E-08
  849    6.302125E-08
  850    6.287305E-08
  851    6.134672E-08
  852    6.120280E-08
  853    6.105939E-08
  854    6.091647E-08
  855    6.077406E-08
  856    6.586625E-08
  857    6.571262E-08
  858    6.555953E-08
  859    6.540698E-08
  860    6.525496E-08
  861    6.431907E-08
  862    6.416993E-08
  863    6.402130E-08
  864    6.387319E-08
  865    6.372559E-08
  866    7.067649E-08
  867    7.051355E-08
  868    7.035117E-08
  869    7.018935E-08
  870    7.002809E-08
  871    7.209051E-08
  872    7.192526E-08
  873    7.176058E-08
  874    7.159646E-08
  875    7.143290E-08
  876    7.136684E-08
  877    7.120418E-08
  878    7.104207E-08
  879    7.088052E-08
  880    7.071952E-08
  881    7.559252E-08
  882    7.542121E-08
  883    7.525048E-08
  884    7.508032E-08
  885    7.491075E-08
  886    7.499740E-08
  887    7.482839E-08
  888    7.465995E-08
  889    7.449208E-08
  890    7.432478E-08
  891    7.888788E-08
  892    7.871110E-08
  893    7.853492E-08
  894    7.835932E-08
  895    7.818431E-08
  896    7.951504E-08
  897    7.933785E-08
  898    7.916125E-08
  899    7.898524E-08
  900    7.880981E-08
  901    7.975019E-08
  902    7.957346E-08
  903    7.939731E-08
  904    7.922175E-08
  905    7.904677E-08
  906    8.642855E-08
  907    8.623808E-08
  908    8.604823E-08
  909    8.585901E-08
  910    8.567041E-08
  911    8.389545E-08
  912    8.371157E-08
  913    8.352829E-08
  914    8.334562E-08
  915    8.316354E-08
  916    9.204512E-08
  917    9.184448E-08
  918    9.164449E-08
  919    9.144515E-08
  920    9.124647E-08
  921    8.858241E-08
  922    8.839036E-08
  923    8.819894E-08
  924    8.800813E-08
  925    8.781795E-08
  926    9.213877E-08
  927    9.194008E-08
  928    9.174204E-08
  929    9.154464E-08
  930    9.134788E-08
  931    9.937408E-08
  932    9.916095E-08
  933    9.894850E-08
  934    9.873673E-08
  935    9.852564E-08
  936    9.271454E-08
  937    9.251674E-08
  938    9.231959E-08
  939    9.212306E-08
  940    9.192715E-08
  941    1.011587E-07
  942    1.009440E-07
  943    1.007301E-07
  944    1.005168E-07
  945    1.003041E-07
  946    9.981970E-08
  947    9.960900E-08
  948    9.939897E-08
  949    9.918960E-08
  950    9.898089E-08
  951    1.044553E-07
  952    1.042359E-07
  953    1.040173E-07
  954    1.037993E-07
  955    1.035821E-07
  956    1.053830E-07
  957    1.051629E-07
  958    1.049435E-07
  959    1.047247E-07
  960    1.045067E-07
  961    1.033826E-07
  962    1.031678E-07
  963    1.029537E-07
  964    1.027402E-07
  965    1.025273E-07
  966    1.144080E-07
  967    1.141715E-07
  968    1.139357E-07
  969    1.137007E-07
  970    1.134664E-07
  971    1.076290E-07
  972    1.074077E-07
  973    1.071870E-07
  974    1.069670E-07
  975    1.067477E-07
  976    1.185324E-07
  977    1.182899E-07
  978    1.180481E-07
  979    1.178071E-07
  980    1.175668E-07
  981    1.176050E-07
  982    1.173656E-07
  983    1.171269E-07
  984    1.168890E-07
  985    1.166518E-07
  986    1.161144E-07
  987    1.158792E-07
  988    1.156448E-07
  989    1.154110E-07
  990    1.151780E-07
  991    1.230413E-07
  992    1.227933E-07
  993    1.225461E-07
  994    1.222997E-07
  995    1.220540E-07
  996    1.206293E-07
  997    1.203874E-07
  998    1.201463E-07
  999    1.199059E-07
 1000    1.196662E-07
 1001    1.252849E-07
 1002    1.250350E-07
 1003    1.247858E-07
 1004    1.245373E-07
 1005    1.242896E-07
 1006    1.241138E-07
 1007    1.238675E-07
 1008    1.236218E-07
 1009    1.233769E-07
 1010    1.231327E-07
 1011    1.260117E-07
 1012    1.257628E-07
 1013    1.255147E-07
 1014    1.252672E-07
 1015    1.250205E-07
 1016    1.375050E-07
 1017    1.372347E-07
 1018    1.369652E-07
 1019    1.366965E-07
 1020    1.364286E-07
 1021    1.301395E-07
 1022    1.298850E-07
 1023    1.296312E-07
 1024    1.293781E-07
 1025    1.291258E-07
 1026    1.347359E-07
 1027    1.344737E-07
 1028    1.342122E-07
 1029    1.339514E-07
 1030    1.336915E-07
 1031    1.356957E-07
 1032    1.354328E-07
 1033    1.351707E-07
 1034    1.349094E-07
 1035    1.346489E-07
 1036    1.377561E-07
 1037    1.374905E-07
 1038    1.372257E-07
 1039    1.369617E-07
 1040    1.366985E-07
 1041    1.441128E-07
 1042    1.438363E-07
 1043    1.435606E-07
 1044    1.432857E-07
 1045    1.430116E-07
 1046    1.413564E-07
 1047    1.410865E-07
 1048    1.408174E-07
 1049    1.405491E-07
 1050    1.402815E-07
 1051    1.450502E-07
 1052    1.447746E-07
 1053    1.444997E-07
 1054    1.442257E-07
 1055    1.439524E-07
 1056    1.440683E-07
 1057    1.437958E-07
 1058    1.435241E-07
 1059    1.432532E-07
 1060    1.429830E-07
 1061    1.475643E-07
 1062    1.472865E-07
 1063    1.470095E-07
 1064    1.467333E-07
 1065    1.464579E-07
 1066    1.519145E-07
 1067    1.516298E-07
 1068    1.513460E-07
 1069    1.510630E-07
 1070    1.507808E-07
 1071    1.534744E-07
 1072    1.531882E-07
 1073    1.529028E-07
 1074    1.526182E-07
 1075    1.523344E-07
 1076    1.486710E-07
 1077    1.483950E-07
 1078    1.481199E-07
 1079    1.478454E-07
 1080    1.475718E-07
 1081    1.582668E-07
 1082    1.579744E-07
 1083    1.576828E-07
 1084    1.573920E-07
 1085    1.571020E-07
 1086    1.568570E-07
 1087    1.565686E-07
 1088    1.562809E-07
 1089    1.559940E-07
 1090    1.557079E-07
 1091    1.560931E-07
 1092    1.558073E-07
 1093    1.555224E-07
 1094    1.552382E-07
 1095    1.549548E-07
 1096    1.609842E-07
 1097    1.606908E-07
 1098    1.603983E-07
 1099    1.601065E-07
 1100    1.598155E-07
 1101    1.653485E-07
 1102    1.650486E-07
 1103    1.647494E-07
 1104    1.644511E-07
 1105    1.641536E-07
 1106    1.600795E-07
 1107    1.597904E-07
 1108    1.595021E-07
 1109    1.592146E-07
 1110    1.589278E-07
 1111    1.642597E-07
 1112    1.639644E-07
 1113    1.636699E-07
 1114    1.633762E-07
 1115    1.630833E-07
 1116    1.633573E-07
 1117    1.630649E-07
 1118    1.627734E-07
 1119    1.624826E-07
 1120    1.621926E-07
 1121    1.732278E-07
 1122    1.729191E-07
 1123    1.726113E-07
 1124    1.723043E-07
 1125    1.719981E-07
 1126    1.647705E-07
 1127    1.644782E-07
 1128    1.641867E-07
 1129    1.638960E-07
 1130    1.636061E-07
 1131    1.704580E-07
 1132    1.701570E-07
 1133    1.698567E-07
 1134    1.695573E-07
 1135    1.692586E-07
 1136    1.706255E-07
 1137    1.703255E-07
 1138    1.700263E-07
 1139    1.697278E-07
 1140    1.694302E-07
 1141    1.724844E-07
 1142    1.721824E-07
 1143    1.718813E-07
 1144    1.715809E-07
 1145    1.712813E-07
 1146    1.792148E-07
 1147    1.789024E-07
 1148    1.785909E-07
 1149    1.782802E-07
 1150    1.779703E-07
 1151    1.703552E-07
 1152    1.700595E-07
 1153    1.697647E-07
 1154    1.694706E-07
 1155    1.691773E-07
 1156    1.755192E-07
 1157    1.752159E-07
 1158    1.749134E-07
 1159    1.746117E-07
 1160    1.743108E-07
 1161    1.723907E-07
 1162    1.720942E-07
 1163    1.717983E-07
 1164    1.715033E-07
 1165    1.712090E-07
 1166    1.749415E-07
 1167    1.746418E-07
 1168    1.743429E-07
 1169    1.740447E-07
 1170    1.737473E-07
 1171    1.831037E-07
 1172    1.827913E-07
 1173    1.824798E-07
 1174    1.821691E-07
 1175    1.818591E-07
 1176    1.704392E-07
 1177    1.701497E-07
 1178    1.698609E-07
 1179    1.695729E-07
 1180    1.692856E-07
 1181    1.802774E-07
 1182    1.799725E-07
 1183    1.796683E-07
 1184    1.793650E-07
 1185    1.790624E-07
 1186    1.816087E-07
 1187    1.813028E-07
 1188    1.809977E-07
 1189    1.806934E-07
 1190    1.803898E-07
 1191    1.764167E-07
 1192    1.761208E-07
 1193    1.758257E-07
 1194    1.755313E-07
 1195    1.752376E-07
 1196    1.803620E-07
 1197    1.800608E-07
 1198    1.797603E-07
 1199    1.794606E-07
 1200    1.791616E-07
 1201    1.750661E-07
 1202    1.747749E-07
 1203    1.744844E-07
 1204    1.741947E-07
 1205    1.739057E-07
 1206    1.816979E-07
 1207    1.813970E-07
 1208    1.810968E-07
 1209    1.807973E-07
 1210    1.804986E-07
 1211    1.756991E-07
 1212    1.754093E-07
 1213    1.751202E-07
 1214    1.748319E-07
 1215    1.745442E-07
 1216    1.756093E-07
 1217    1.753209E-07
 1218    1.750331E-07
 1219    1.747460E-07
 1220    1.744597E-07
 1221    1.813339E-07
 1222    1.810372E-07
 1223    1.807413E-07
 1224    1.804461E-07
 1225    1.801516E-07
 1226    1.709646E-07
 1227    1.706861E-07
 1228    1.704082E-07
 1229    1.701310E-07
 1230    1.698545E-07
 1231    1.826993E-07
 1232    1.824029E-07
 1233    1.821071E-07
 1234    1.818121E-07
 1235    1.815178E-07
 1236    1.750054E-07
 1237    1.747226E-07
 1238    1.744404E-07
 1239    1.741589E-07
 1240    1.738781E-07
 1241    1.747020E-07
 1242    1.744208E-07
 1243    1.741402E-07
 1244    1.738604E-07
 1245    1.735812E-07
 1246    1.796452E-07
 1247    1.793572E-07
 1248    1.790699E-07
 1249    1.787832E-07
 1250    1.784973E-07
 1251    1.725437E-07
 1252    1.722682E-07
 1253    1.719933E-07
 1254    1.717191E-07
 1255    1.714456E-07
 1256    1.824324E-07
 1257    1.821422E-07
 1258    1.818528E-07
 1259    1.815640E-07
 1260    1.812759E-07
 1261    1.693891E-07
 1262    1.691208E-07
 1263    1.688531E-07
 1264    1.685860E-07
 1265    1.683196E-07
 1266    1.750232E-07
 1267    1.747470E-07
 1268    1.744715E-07
 1269    1.741966E-07
 1270    1.739224E-07
 1271    1.766489E-07
 1272    1.763712E-07
 1273    1.760943E-07
 1274    1.758179E-07
 1275    1.755422E-07
 1276    1.686779E-07
 1277    1.684139E-07
 1278    1.681504E-07
 1279    1.678876E-07
 1280    1.676253E-07
 1281    1.708956E-07
 1282    1.706291E-07
 1283    1.703632E-07
 1284    1.700980E-07
 1285    1.698333E-07
 1286    1.670016E-07
 1287    1.667422E-07
 1288    1.664834E-07
 1289    1.662252E-07
 1290    1.659676E-07
 1291    1.727178E-07
 1292    1.724506E-07
 1293    1.721839E-07
 1294    1.719179E-07
 1295    1.716525E-07
 1296    1.663507E-07
 1297    1.660943E-07
 1298    1.658385E-07
 1299    1.655833E-07
 1300    1.653286E-07
 1301    1.657654E-07
 1302    1.655109E-07
 1303    1.652569E-07
 1304    1.650035E-07
 1305    1.647508E-07
 1306    1.628994E-07
 1307    1.626502E-07
 1308    1.624016E-07
 1309    1.621536E-07
 1310    1.619061E-07
 1311    1.610742E-07
 1312    1.608287E-07
 1313    1.605838E-07
 1314    1.603395E-07
 1315    1.600957E-07
 1316    1.622467E-07
 1317    1.620004E-07
 1318    1.617547E-07
 1319    1.615095E-07
 1320    1.612649E-07
 1321    1.560491E-07
 1322    1.558131E-07
 1323    1.555776E-07
 1324    1.553427E-07
 1325    1.551083E-07
 1326    1.550121E-07
 1327    1.547785E-07
 1328    1.545455E-07
 1329    1.543130E-07
 1330    1.540811E-07
 1331    1.519066E-07
 1332    1.516786E-07
 1333    1.514511E-07
 1334    1.512242E-07
 1335    1.509977E-07
 1336    1.511395E-07
 1337    1.509135E-07
 1338    1.506880E-07
 1339    1.504630E-07
 1340    1.502386E-07
 1341    1.516573E-07
 1342    1.514314E-07
 1343    1.512060E-07
 1344    1.509810E-07
 1345    1.507566E-07
 1346    1.474773E-07
 1347    1.472584E-07
 1348    1.470400E-07
 1349    1.468221E-07
 1350    1.466047E-07
 1351    1.476901E-07
 1352    1.474717E-07
 1353    1.472538E-07
 1354    1.470364E-07
 1355    1.468194E-07
 1356    1.459028E-07
 1357    1.456878E-07
 1358    1.454733E-07
 1359    1.452593E-07
 1360    1.450458E-07
 1361    1.421638E-07
 1362    1.419551E-07
 1363    1.417469E-07
 1364    1.415391E-07
 1365    1.413318E-07
 1366    1.388991E-07
 1367    1.386960E-07
 1368    1.384933E-07
 1369    1.382910E-07
 1370    1.380892E-07
 1371    1.365501E-07
 1372    1.363511E-07
 1373    1.361526E-07
 1374    1.359545E-07
 1375    1.357568E-07
 1376    1.398675E-07
 1377    1.396645E-07
 1378    1.394618E-07
 1379    1.392596E-07
 1380    1.390579E-07
 1381    1.321170E-07
 1382    1.319259E-07
 1383    1.317351E-07
 1384    1.315448E-07
 1385    1.313549E-07
 1386    1.329414E-07
 1387    1.327498E-07
 1388    1.325586E-07
 1389    1.323678E-07
 1390    1.321774E-07
 1391    1.258301E-07
 1392    1.256494E-07
 1393    1.254691E-07
 1394    1.252891E-07
 1395    1.251096E-07
 1396    1.292367E-07
 1397    1.290518E-07
 1398    1.288672E-07
 1399    1.286831E-07
 1400    1.284993E-07
 1401    1.278260E-07
 1402    1.276437E-07
 1403    1.274618E-07
 1404    1.272803E-07
 1405    1.270992E-07
 1406    1.222805E-07
 1407    1.221067E-07
 1408    1.219333E-07
 1409    1.217603E-07
 1410    1.215877E-07
 1411    1.216448E-07
 1412    1.214725E-07
 1413    1.213006E-07
 1414    1.211291E-07
 1415    1.209580E-07
 1416    1.170242E-07
 1417    1.168591E-07
 1418    1.166943E-07
 1419    1.165299E-07
 1420    1.163659E-07
 1421    1.157461E-07
 1422    1.155834E-07
 1423    1.154210E-07
 1424    1.152590E-07
 1425    1.150973E-07
 1426    1.170449E-07
 1427    1.168809E-07
 1428    1.167173E-07
 1429    1.165540E-07
 1430    1.163910E-07
 1431    1.123712E-07
 1432    1.122143E-07
 1433    1.120578E-07
 1434    1.119015E-07
 1435    1.117456E-07
 1436    1.123882E-07
 1437    1.122318E-07
 1438    1.120758E-07
 1439    1.119201E-07
 1440    1.117647E-07
 1441    1.092903E-07
 1442    1.091388E-07
 1443    1.089876E-07
 1444    1.088367E-07
 1445    1.086861E-07
 1446    1.082006E-07
 1447    1.080511E-07
 1448    1.079019E-07
 1449    1.077530E-07
 1450    1.076044E-07
 1451    1.062998E-07
 1452    1.061535E-07
 1453    1.060074E-07
 1454    1.058616E-07
 1455    1.057162E-07
 1456    1.016302E-07
 1457    1.014907E-07
 1458    1.013515E-07
 1459    1.012127E-07
 1460    1.010741E-07
 1461    1.068415E-07
 1462    1.066953E-07
 1463    1.065495E-07
 1464    1.064040E-07
 1465    1.062588E-07
 1466    1.006395E-07
 1467    1.005024E-07
 1468    1.003655E-07
 1469    1.002289E-07
 1470    1.000926E-07
 1471    1.020526E-07
 1472    1.019140E-07
 1473    1.017757E-07
 1474    1.016376E-07
 1475    1.014999E-07
 1476    9.716381E-08
 1477    9.703229E-08
 1478    9.690103E-08
 1479    9.677004E-08
 1480    9.663931E-08
 1481    9.783858E-08
 1482    9.770659E-08
 1483    9.757487E-08
 1484    9.744341E-08
 1485    9.731221E-08
 1486    9.977583E-08
 1487    9.964168E-08
 1488    9.950780E-08
 1489    9.937418E-08
 1490    9.924084E-08
 1491    9.637574E-08
 1492    9.624659E-08
 1493    9.611771E-08
 1494    9.598908E-08
 1495    9.586071E-08
 1496    9.669980E-08
 1497    9.657065E-08
 1498    9.644176E-08
 1499    9.631313E-08
 1500    9.618476E-08
 1501    9.599048E-08
 1502    9.586271E-08
 1503    9.573519E-08
 1504    9.560792E-08
 1505    9.548091E-08
 1506    9.636148E-08
 1507    9.623364E-08
 1508    9.610605E-08
 1509    9.597872E-08
 1510    9.585164E-08
 1511    9.787272E-08
 1512    9.774330E-08
 1513    9.761414E-08
 1514    9.748523E-08
 1515    9.735658E-08
 1516    9.493902E-08
 1517    9.481389E-08
 1518    9.468901E-08
 1519    9.456438E-08
 1520    9.443999E-08
 1521    9.692698E-08
 1522    9.679966E-08
 1523    9.667258E-08
 1524    9.654576E-08
 1525    9.641918E-08
 1526    1.008544E-07
 1527    1.007223E-07
 1528    1.005905E-07
 1529    1.004590E-07
 1530    1.003277E-07
 1531    1.000971E-07
 1532    9.996642E-08
 1533    9.983604E-08
 1534    9.970592E-08
 1535    9.957605E-08
 1536    1.003369E-07
 1537    1.002064E-07
 1538    1.000761E-07
 1539    9.994613E-08
 1540    9.981637E-08
 1541    9.837829E-08
 1542    9.825074E-08
 1543    9.812343E-08
 1544    9.799637E-08
 1545    9.786955E-08
 1546    1.061285E-07
 1547    1.059914E-07
 1548    1.058545E-07
 1549    1.057178E-07
 1550    1.055815E-07
 1551    1.039265E-07
 1552    1.037926E-07
 1553    1.036590E-07
 1554    1.035256E-07
 1555    1.033925E-07
 1556    1.087984E-07
 1557    1.086587E-07
 1558    1.085193E-07
 1559    1.083801E-07
 1560    1.082412E-07
 1561    1.097554E-07
 1562    1.096150E-07
 1563    1.094747E-07
 1564    1.093348E-07
 1565    1.091951E-07
 1566    1.113696E-07
 1567    1.112275E-07
 1568    1.110857E-07
 1569    1.109441E-07
 1570    1.108028E-07
 1571    1.150215E-07
 1572    1.148752E-07
 1573    1.147292E-07
 1574    1.145834E-07
 1575    1.144380E-07
 1576    1.192287E-07
 1577    1.190775E-07
 1578    1.189267E-07
 1579    1.187761E-07
 1580    1.186258E-07
 1581    1.218804E-07
 1582    1.217264E-07
 1583    1.215726E-07
 1584    1.214192E-07
 1585    1.212660E-07
 1586    1.280201E-07
 1587    1.278588E-07
 1588    1.276978E-07
 1589    1.275372E-07
 1590    1.273768E-07
 1591    1.307994E-07
 1592    1.306351E-07
 1593    1.304712E-07
 1594    1.303075E-07
 1595    1.301442E-07
 1596    1.355695E-07
 1597    1.353998E-07
 1598    1.352304E-07
 1599    1.350613E-07
 1600    1.348925E-07
 1601    1.396269E-07
 1602    1.394526E-07
 1603    1.392787E-07
 1604    1.391050E-07
 1605    1.389318E-07
 1606    1.447538E-07
 1607    1.445737E-07
 1608    1.443940E-07
 1609    1.442146E-07
 1610    1.440355E-07
 1611    1.544818E-07
 1612    1.542902E-07
 1613    1.540989E-07
 1614    1.539080E-07
 1615    1.537175E-07
 1616    1.580128E-07
 1617    1.578175E-07
 1618    1.576224E-07
 1619    1.574278E-07
 1620    1.572335E-07
 1621    1.660338E-07
 1622    1.658291E-07
 1623    1.656249E-07
 1624    1.654209E-07
 1625    1.652174E-07
 1626    1.712305E-07
 1627    1.710201E-07
 1628    1.708101E-07
 1629    1.706004E-07
 1630    1.703912E-07
 1631    1.849377E-07
 1632    1.847111E-07
 1633    1.844850E-07
 1634    1.842592E-07
 1635    1.840339E-07
 1636    1.899124E-07
 1637    1.896804E-07
 1638    1.894489E-07
 1639    1.892178E-07
 1640    1.889871E-07
 1641    2.024313E-07
 1642    2.021848E-07
 1643    2.019387E-07
 1644    2.016931E-07
 1645    2.014480E-07
 1646    2.082609E-07
 1647    2.080081E-07
 1648    2.077557E-07
 1649    2.075038E-07
 1650    2.072524E-07
 1651    2.235270E-07
 1652    2.232565E-07
 1653    2.229865E-07
 1654    2.227169E-07
 1655    2.224478E-07
 1656    2.320748E-07
 1657    2.317948E-07
 1658    2.315153E-07
 1659    2.312363E-07
 1660    2.309577E-07
 1661    2.392970E-07
 1662    2.390092E-07
 1663    2.387218E-07
 1664    2.384350E-07
 1665    2.381486E-07
 1666    2.615715E-07
 1667    2.612578E-07
 1668    2.609446E-07
 1669    2.606320E-07
 1670    2.603200E-07
 1671    2.748746E-07
 1672    2.745459E-07
 1673    2.742178E-07
 1674    2.738903E-07
 1675    2.735633E-07
 1676    2.961446E-07
 1677    2.957916E-07
 1678    2.954391E-07
 1679    2.950873E-07
 1680    2.947361E-07
 1681    3.063398E-07
 1682    3.059757E-07
 1683    3.056122E-07
 1684    3.052493E-07
 1685    3.048871E-07
 1686    3.205974E-07
 1687    3.202174E-07
 1688    3.198381E-07
 1689    3.194595E-07
 1690    3.190816E-07
 1691    3.342084E-07
 1692    3.338135E-07
 1693    3.334193E-07
 1694    3.330257E-07
 1695    3.326329E-07
 1696    3.454186E-07
 1697    3.450116E-07
 1698    3.446054E-07
 1699    3.441998E-07
 1700    3.437950E-07
 1701    3.590817E-07
 1702    3.586599E-07
 1703    3.582388E-07
 1704    3.578185E-07
 1705    3.573989E-07
 1706    3.657732E-07
 1707    3.653448E-07
 1708    3.649171E-07
 1709    3.644902E-07
 1710    3.640640E-07
 1711    3.771205E-07
 1712    3.766801E-07
 1713    3.762405E-07
 1714    3.758016E-07
 1715    3.753634E-07
 1716    3.987290E-07
 1717    3.982647E-07
 1718    3.978012E-07
 1719    3.973385E-07
 1720    3.968766E-07
 1721    4.085889E-07
 1722    4.081144E-07
 1723    4.076409E-07
 1724    4.071681E-07
 1725    4.066961E-07
 1726    4.443749E-07
 1727    4.438604E-07
 1728    4.433468E-07
 1729    4.428341E-07
 1730    4.423223E-07
 1731    4.554665E-07
 1732    4.549407E-07
 1733    4.544158E-07
 1734    4.538918E-07
 1735    4.533688E-07
 1736    4.861455E-07
 1737    4.855859E-07
 1738    4.850273E-07
 1739    4.844696E-07
 1740    4.839129E-07
 1741    5.102256E-07
 1742    5.096400E-07
 1743    5.090554E-07
 1744    5.084717E-07
 1745    5.078891E-07
 1746    5.211550E-07
 1747    5.205585E-07
 1748    5.199631E-07
 1749    5.193687E-07
 1750    5.187753E-07
 1751    5.517369E-07
 1752    5.511072E-07
 1753    5.504786E-07
 1754    5.498511E-07
 1755    5.492247E-07
 1756    5.655882E-07
 1757    5.649446E-07
 1758    5.643020E-07
 1759    5.636606E-07
 1760    5.630203E-07
 1761    6.037678E-07
 1762    6.030826E-07
 1763    6.023987E-07
 1764    6.017159E-07
 1765    6.010343E-07
 1766    6.177098E-07
 1767    6.170108E-07
 1768    6.163130E-07
 1769    6.156164E-07
 1770    6.149210E-07
 1771    6.534878E-07
 1772    6.527505E-07
 1773    6.520144E-07
 1774    6.512795E-07
 1775    6.505459E-07
 1776    7.024007E-07
 1777    7.016103E-07
 1778    7.008214E-07
 1779    7.000337E-07
 1780    6.992474E-07
 1781    7.212166E-07
 1782    7.204073E-07
 1783    7.195995E-07
 1784    7.187930E-07
 1785    7.179878E-07
 1786    7.609669E-07
 1787    7.601154E-07
 1788    7.592654E-07
 1789    7.584168E-07
 1790    7.575697E-07
 1791    7.745412E-07
 1792    7.736769E-07
 1793    7.728142E-07
 1794    7.719529E-07
 1795    7.710930E-07
 1796    8.069224E-07
 1797    8.060245E-07
 1798    8.051282E-07
 1799    8.042334E-07
 1800    8.033400E-07
 1801    8.301434E-07
 1802    8.292223E-07
 1803    8.283027E-07
 1804    8.273847E-07
 1805    8.264681E-07
 1806    8.424003E-07
 1807    8.414682E-07
 1808    8.405376E-07
 1809    8.396086E-07
 1810    8.386811E-07
 1811    8.749311E-07
 1812    8.739656E-07
 1813    8.730018E-07
 1814    8.720396E-07
 1815    8.710789E-07
 1816    8.968866E-07
 1817    8.958997E-07
 1818    8.949143E-07
 1819    8.939307E-07
 1820    8.929486E-07
 1821    9.646733E-07
 1822    9.636146E-07
 1823    9.625577E-07
 1824    9.615026E-07
 1825    9.604492E-07
 1826    9.879290E-07
 1827    9.868479E-07
 1828    9.857684E-07
 1829    9.846908E-07
 1830    9.836149E-07
 1831    1.029022E-06
 1832    1.027899E-06
 1833    1.026778E-06
 1834    1.025659E-06
 1835    1.024541E-06
 1836    1.077440E-06
 1837    1.076267E-06
 1838    1.075097E-06
 1839    1.073928E-06
 1840    1.072761E-06
 1841    1.104478E-06
 1842    1.103279E-06
 1843    1.102082E-06
 1844    1.100887E-06
 1845    1.099694E-06
 1846    1.144600E-06
 1847    1.143360E-06
 1848    1.142123E-06
 1849    1.140888E-06
 1850    1.139655E-06
 1851    1.162667E-06
 1852    1.161412E-06
 1853    1.160159E-06
 1854    1.158907E-06
 1855    1.157658E-06
 1856    1.197304E-06
 1857    1.196014E-06
 1858    1.194727E-06
 1859    1.193442E-06
 1860    1.192159E-06
 1861    1.243114E-06
 1862    1.241779E-06
 1863    1.240446E-06
 1864    1.239116E-06
 1865    1.237787E-06
 1866    1.289522E-06
 1867    1.288141E-06
 1868    1.286762E-06
 1869    1.285386E-06
 1870    1.284011E-06
 1871    1.363130E-06
 1872    1.361675E-06
 1873    1.360221E-06
 1874    1.358770E-06
 1875    1.357321E-06
 1876    1.383791E-06
 1877    1.382317E-06
 1878    1.380845E-06
 1879    1.379375E-06
 1880    1.377908E-06
 1881    1.463905E-06
 1882    1.462350E-06
 1883    1.460797E-06
 1884    1.459247E-06
 1885    1.457699E-06
 1886    1.496356E-06
 1887    1.494770E-06
 1888    1.493187E-06
 1889    1.491607E-06
 1890    1.490029E-06
 1891    1.538843E-06
 1892    1.537216E-06
 1893    1.535593E-06
 1894    1.533972E-06
 1895    1.532353E-06
 1896    1.606070E-06
 1897    1.604377E-06
 1898    1.602687E-06
 1899    1.601000E-06
 1900    1.599315E-06
 1901    1.584617E-06
 1902    1.582951E-06
 1903    1.581288E-06
 1904    1.579627E-06
 1905    1.577969E-06
 1906    1.634486E-06
 1907    1.632772E-06
 1908    1.631061E-06
 1909    1.629353E-06
 1910    1.627647E-06
 1911    1.680061E-06
 1912    1.678304E-06
 1913    1.676549E-06
 1914    1.674798E-06
 1915    1.673049E-06
 1916    1.704957E-06
 1917    1.703179E-06
 1918    1.701404E-06
 1919    1.699631E-06
 1920    1.697861E-06
 1921    1.760466E-06
 1922    1.758634E-06
 1923    1.756806E-06
 1924    1.754980E-06
 1925    1.753157E-06
 1926    1.808381E-06
 1927    1.806504E-06
 1928    1.804631E-06
 1929    1.802760E-06
 1930    1.800893E-06
 1931    1.907483E-06
 1932    1.905509E-06
 1933    1.903538E-06
 1934    1.901570E-06
 1935    1.899605E-06
 1936    1.924903E-06
 1937    1.922916E-06
 1938    1.920932E-06
 1939    1.918951E-06
 1940    1.916973E-06
 1941    1.980849E-06
 1942    1.978810E-06
 1943    1.976773E-06
 1944    1.974740E-06
 1945    1.972710E-06
 1946    2.025760E-06
 1947    2.023680E-06
 1948    2.021602E-06
 1949    2.019529E-06
 1950    2.017458E-06
 1951    1.997196E-06
 1952    1.995150E-06
 1953    1.993107E-06
 1954    1.991068E-06
 1955    1.989031E-06
 1956    2.125567E-06
 1957    2.123395E-06
 1958    2.121227E-06
 1959    2.119062E-06
 1960    2.116900E-06
 1961    2.077014E-06
 1962    2.074898E-06
 1963    2.072784E-06
 1964    2.070674E-06
 1965    2.068567E-06
 1966    2.217810E-06
 1967    2.215555E-06
 1968    2.213304E-06
 1969    2.211057E-06
 1970    2.208813E-06
 1971    2.286633E-06
 1972    2.284315E-06
 1973    2.282000E-06
 1974    2.279688E-06
 1975    2.277381E-06
 1976    2.341249E-06
 1977    2.338881E-06
 1978    2.336517E-06
 1979    2.334156E-06
 1980    2.331799E-06
 1981    2.425320E-06
 1982    2.422874E-06
 1983    2.420431E-06
 1984    2.417991E-06
 1985    2.415556E-06
 1986    2.455069E-06
 1987    2.452598E-06
 1988    2.450132E-06
 1989    2.447669E-06
 1990    2.445209E-06
 1991    2.558752E-06
 1992    2.556184E-06
 1993    2.553619E-06
 1994    2.551059E-06
 1995    2.548502E-06
 1996    2.536057E-06
 1997    2.533517E-06
 1998    2.530982E-06
 1999    2.528450E-06
 2000    2.525922E-06
 2001    2.547005E-06
 2002    2.544461E-06
 2003    2.541921E-06
 2004    2.539385E-06
 2005    2.536852E-06
 2006    2.588046E-06
 2007    2.585468E-06
 2008    2.582893E-06
 2009    2.580323E-06
 2010    2.577756E-06
 2011    2.585983E-06
 2012    2.583413E-06
 2013    2.580847E-06
 2014    2.578285E-06
 2015    2.575726E-06
 2016    2.681943E-06
 2017    2.679284E-06
 2018    2.676629E-06
 2019    2.673978E-06
 2020    2.671332E-06
 2021    2.710566E-06
 2022    2.707885E-06
 2023    2.705209E-06
 2024    2.702536E-06
 2025    2.699868E-06
 2026    2.748843E-06
 2027    2.746132E-06
 2028    2.743424E-06
 2029    2.740721E-06
 2030    2.738021E-06
 2031    2.901875E-06
 2032    2.899019E-06
 2033    2.896168E-06
 2034    2.893321E-06
 2035    2.890478E-06
 2036    2.906016E-06
 2037    2.903163E-06
 2038    2.900315E-06
 2039    2.897471E-06
 2040    2.894631E-06
 2041    3.053702E-06
 2042    3.050712E-06
 2043    3.047726E-06
 2044    3.044745E-06
 2045    3.041768E-06
 2046    3.001326E-06
 2047    2.998394E-06
 2048    2.995467E-06
 2049    2.992544E-06
 2050    2.989625E-06
 2051    3.051060E-06
 2052    3.048087E-06
 2053    3.045118E-06
 2054    3.042154E-06
 2055    3.039194E-06
 2056    3.115155E-06
 2057    3.112127E-06
 2058    3.109103E-06
 2059    3.106084E-06
 2060    3.103069E-06
 2061    3.150849E-06
 2062    3.147794E-06
 2063    3.144743E-06
 2064    3.141696E-06
 2065    3.138654E-06
 2066    3.249467E-06
 2067    3.246324E-06
 2068    3.243185E-06
 2069    3.240051E-06
 2070    3.236921E-06
 2071    3.244353E-06
 2072    3.241222E-06
 2073    3.238096E-06
 2074    3.234974E-06
 2075    3.231857E-06
 2076    3.414887E-06
 2077    3.411600E-06
 2078    3.408317E-06
 2079    3.405039E-06
 2080    3.401766E-06
 2081    3.493032E-06
 2082    3.489677E-06
 2083    3.486327E-06
 2084    3.482982E-06
 2085    3.479642E-06
 2086    3.606788E-06
 2087    3.603332E-06
 2088    3.599881E-06
 2089    3.596436E-06
 2090    3.592995E-06
 2091    3.524071E-06
 2092    3.520703E-06
 2093    3.517339E-06
 2094    3.513981E-06
 2095    3.510627E-06
 2096    3.598229E-06
 2097    3.594798E-06
 2098    3.591372E-06
 2099    3.587950E-06
 2100    3.584534E-06
 2101    3.597970E-06
 2102    3.594548E-06
 2103    3.591130E-06
 2104    3.587717E-06
 2105    3.584309E-06
 2106    3.555521E-06
 2107    3.552147E-06
 2108    3.548778E-06
 2109    3.545413E-06
 2110    3.542053E-06
 2111    3.645886E-06
 2112    3.642434E-06
 2113    3.638988E-06
 2114    3.635546E-06
 2115    3.632109E-06
 2116    3.690405E-06
 2117    3.686920E-06
 2118    3.683439E-06
 2119    3.679963E-06
 2120    3.676493E-06
 2121    3.738451E-06
 2122    3.734928E-06
 2123    3.731410E-06
 2124    3.727898E-06
 2125    3.724390E-06
 2126    3.782317E-06
 2127    3.778761E-06
 2128    3.775211E-06
 2129    3.771665E-06
 2130    3.768124E-06
 2131    3.860612E-06
 2132    3.856992E-06
 2133    3.853376E-06
 2134    3.849765E-06
 2135    3.846160E-06
 2136    3.985528E-06
 2137    3.981799E-06
 2138    3.978075E-06
 2139    3.974356E-06
 2140    3.970643E-06
 2141    3.966124E-06
 2142    3.962422E-06
 2143    3.958725E-06
 2144    3.955033E-06
 2145    3.951346E-06
 2146    3.946920E-06
 2147    3.943244E-06
 2148    3.939573E-06
 2149    3.935907E-06
 2150    3.932247E-06
 2151    3.833041E-06
 2152    3.829479E-06
 2153    3.825923E-06
 2154    3.822371E-06
 2155    3.818825E-06
 2156    3.849158E-06
 2157    3.845590E-06
 2158    3.842027E-06
 2159    3.838469E-06
 2160    3.834915E-06
 2161    4.015379E-06
 2162    4.011665E-06
 2163    4.007957E-06
 2164    4.004254E-06
 2165    4.000555E-06
 2166    3.956620E-06
 2167    3.952969E-06
 2168    3.949323E-06
 2169    3.945682E-06
 2170    3.942047E-06
 2171    4.103110E-06
 2172    4.099333E-06
 2173    4.095561E-06
 2174    4.091794E-06
 2175    4.088032E-06
 2176    4.110655E-06
 2177    4.106879E-06
 2178    4.103109E-06
 2179    4.099344E-06
 2180    4.095584E-06
 2181    4.274830E-06
 2182    4.270913E-06
 2183    4.267001E-06
 2184    4.263094E-06
 2185    4.259193E-06
 2186    4.380172E-06
 2187    4.376167E-06
 2188    4.372168E-06
 2189    4.368174E-06
 2190    4.364186E-06
 2191    4.324546E-06
 2192    4.320601E-06
 2193    4.316662E-06
 2194    4.312728E-06
 2195    4.308799E-06
 2196    4.404065E-06
 2197    4.400057E-06
 2198    4.396054E-06
 2199    4.392057E-06
 2200    4.388065E-06
 2201    4.261169E-06
 2202    4.257299E-06
 2203    4.253435E-06
 2204    4.249576E-06
 2205    4.245723E-06
 2206    4.353312E-06
 2207    4.349368E-06
 2208    4.345429E-06
 2209    4.341496E-06
 2210    4.337568E-06
 2211    4.349731E-06
 2212    4.345799E-06
 2213    4.341873E-06
 2214    4.337951E-06
 2215    4.334035E-06
 2216    4.370710E-06
 2217    4.366768E-06
 2218    4.362831E-06
 2219    4.358900E-06
 2220    4.354974E-06
 2221    4.550610E-06
 2222    4.546515E-06
 2223    4.542425E-06
 2224    4.538341E-06
 2225    4.534263E-06
 2226    4.533956E-06
 2227    4.529885E-06
 2228    4.525820E-06
 2229    4.521760E-06
 2230    4.517705E-06
 2231    4.691380E-06
 2232    4.687177E-06
 2233    4.682980E-06
 2234    4.678788E-06
 2235    4.674602E-06
 2236    4.745824E-06
 2237    4.741582E-06
 2238    4.737346E-06
 2239    4.733115E-06
 2240    4.728890E-06
 2241    4.666154E-06
 2242    4.661993E-06
 2243    4.657837E-06
 2244    4.653686E-06
 2245    4.649541E-06
 2246    4.895871E-06
 2247    4.891515E-06
 2248    4.887164E-06
 2249    4.882819E-06
 2250    4.878479E-06
 2251    4.692069E-06
 2252    4.687903E-06
 2253    4.683743E-06
 2254    4.679587E-06
 2255    4.675438E-06
 2256    4.762879E-06
 2257    4.758659E-06
 2258    4.754445E-06
 2259    4.750237E-06
 2260    4.746034E-06
 2261    4.772441E-06
 2262    4.768222E-06
 2263    4.764009E-06
 2264    4.759801E-06
 2265    4.755599E-06
 2266    4.885631E-06
 2267    4.881322E-06
 2268    4.877019E-06
 2269    4.872721E-06
 2270    4.868428E-06
 2271    5.072458E-06
 2272    5.067994E-06
 2273    5.063536E-06
 2274    5.059083E-06
 2275    5.054637E-06
 2276    5.044350E-06
 2277    5.039920E-06
 2278    5.035496E-06
 2279    5.031078E-06
 2280    5.026666E-06
 2281    5.307572E-06
 2282    5.302922E-06
 2283    5.298277E-06
 2284    5.293639E-06
 2285    5.289006E-06
 2286    5.275715E-06
 2287    5.271102E-06
 2288    5.266496E-06
 2289    5.261895E-06
 2290    5.257301E-06
 2291    5.232000E-06
 2292    5.227435E-06
 2293    5.222877E-06
 2294    5.218324E-06
 2295    5.213778E-06
 2296    5.162359E-06
 2297    5.157865E-06
 2298    5.153377E-06
 2299    5.148895E-06
 2300    5.144419E-06
 2301    5.080428E-06
 2302    5.076015E-06
 2303    5.071608E-06
 2304    5.067206E-06
 2305    5.062811E-06
 2306    5.345460E-06
 2307    5.340826E-06
 2308    5.336199E-06
 2309    5.331578E-06
 2310    5.326963E-06
 2311    5.351517E-06
 2312    5.346889E-06
 2313    5.342266E-06
 2314    5.337650E-06
 2315    5.333040E-06
 2316    5.599834E-06
 2317    5.595001E-06
 2318    5.590175E-06
 2319    5.585355E-06
 2320    5.580541E-06
 2321    5.759815E-06
 2322    5.754855E-06
 2323    5.749902E-06
 2324    5.744954E-06
 2325    5.740014E-06
 2326    5.974658E-06
 2327    5.969524E-06
 2328    5.964396E-06
 2329    5.959275E-06
 2330    5.954161E-06
 2331    6.201187E-06
 2332    6.195869E-06
 2333    6.190559E-06
 2334    6.185256E-06
 2335    6.179959E-06
 2336    6.152393E-06
 2337    6.147129E-06
 2338    6.141872E-06
 2339    6.136621E-06
 2340    6.131377E-06
 2341    6.173055E-06
 2342    6.167784E-06
 2343    6.162521E-06
 2344    6.157264E-06
 2345    6.152013E-06
 2346    5.822753E-06
 2347    5.817792E-06
 2348    5.812838E-06
 2349    5.807890E-06
 2350    5.802948E-06
 2351    5.341943E-06
 2352    5.337401E-06
 2353    5.332866E-06
 2354    5.328336E-06
 2355    5.323812E-06
 2356    4.815943E-06
 2357    4.811858E-06
 2358    4.807777E-06
 2359    4.803702E-06
 2360    4.799632E-06
 2361    4.729263E-06
 2362    4.725259E-06
 2363    4.721261E-06
 2364    4.717267E-06
 2365    4.713279E-06
 2366    5.252180E-06
 2367    5.247743E-06
 2368    5.243312E-06
 2369    5.238886E-06
 2370    5.234466E-06
 2371    6.123910E-06
 2372    6.118747E-06
 2373    6.113591E-06
 2374    6.108442E-06
 2375    6.103299E-06
 2376    7.393296E-06
 2377    7.387077E-06
 2378    7.380865E-06
 2379    7.374661E-06
 2380    7.368465E-06
 2381    8.690164E-06
 2382    8.682869E-06
 2383    8.675583E-06
 2384    8.668306E-06
 2385    8.661039E-06
 2386    9.612639E-06
 2387    9.604586E-06
 2388    9.596544E-06
 2389    9.588512E-06
 2390    9.580490E-06
 2391    1.055524E-05
 2392    1.054642E-05
 2393    1.053761E-05
 2394    1.052880E-05
 2395    1.052001E-05
 2396    1.066613E-05
 2397    1.065724E-05
 2398    1.064835E-05
 2399    1.063948E-05
 2400    1.063061E-05
 2401    1.143944E-05
 2402    1.142992E-05
 2403    1.142041E-05
 2404    1.141091E-05
 2405    1.140142E-05
 2406    1.224097E-05
 2407    1.223080E-05
 2408    1.222065E-05
 2409    1.221050E-05
 2410    1.220037E-05
 2411    1.351726E-05
 2412    1.350605E-05
 2413    1.349486E-05
 2414    1.348368E-05
 2415    1.347251E-05
 2416    1.466639E-05
 2417    1.465425E-05
 2418    1.464213E-05
 2419    1.463003E-05
 2420    1.461794E-05
 2421    1.475641E-05
 2422    1.474422E-05
 2423    1.473206E-05
 2424    1.471990E-05
 2425    1.470777E-05
 2426    1.418324E-05
 2427    1.417156E-05
 2428    1.415989E-05
 2429    1.414823E-05
 2430    1.413659E-05
 2431    1.189427E-05
 2432    1.188449E-05
 2433    1.187472E-05
 2434    1.186497E-05
 2435    1.185522E-05
 2436    8.766980E-06
 2437    8.759786E-06
 2438    8.752602E-06
 2439    8.745426E-06
 2440    8.738259E-06
 2441    3.947497E-06
 2442    3.944265E-06
 2443    3.941037E-06
 2444    3.937812E-06
 2445    3.934592E-06
 2446   -2.900082E-06
 2447   -2.897712E-06
 2448   -2.895345E-06
 2449   -2.892981E-06
 2450   -2.890620E-06
 2451   -1.140178E-05
 2452   -1.139249E-05
 2453   -1.138320E-05
 2454   -1.137392E-05
 2455   -1.136466E-05
 2456   -1.937182E-05
 2457   -1.935606E-05
 2458   -1.934031E-05
 2459   -1.932458E-05
 2460   -1.930887E-05
 2461   -2.519597E-05
 2462   -2.517550E-05
 2463   -2.515507E-05
 2464   -2.513465E-05
 2465   -2.511426E-05
 2466   -2.706775E-05
 2467   -2.704581E-05
 2468   -2.702390E-05
 2469   -2.700201E-05
 2470   -2.698015E-05
 2471   -2.347760E-05
 2472   -2.345861E-05
 2473   -2.343964E-05
 2474   -2.342070E-05
 2475   -2.340177E-05
 2476   -1.236419E-05
 2477   -1.235421E-05
 2478   -1.234424E-05
 2479   -1.233429E-05
 2480   -1.232434E-05
 2481    9.369543E-06
 2482    9.361994E-06
 2483    9.354455E-06
 2484    9.346925E-06
 2485    9.339404E-06
 2486    4.331086E-05
 2487    4.327604E-05
 2488    4.324125E-05
 2489    4.320652E-05
 2490    4.317182E-05
 2491    8.864292E-05
 2492    8.857179E-05
 2493    8.850075E-05
 2494    8.842979E-05
 2495    8.835892E-05
 2496    1.466965E-04
 2497    1.465790E-04
 2498    1.464617E-04
 2499    1.463445E-04
 2500    1.462274E-04
 2501    2.108987E-04
 2502    2.107301E-04
 2503    2.105618E-04
 2504    2.103936E-04
 2505    2.102257E-04
 2506    2.644666E-04
 2507    2.642557E-04
 2508    2.640450E-04
 2509    2.638346E-04
 2510    2.636244E-04
 2511    3.199034E-04
 2512    3.196487E-04
 2513    3.193944E-04
 2514    3.191404E-04
 2515    3.188866E-04
 2516    3.420314E-04
 2517    3.417597E-04
 2518    3.414883E-04
 2519    3.412172E-04
 2520    3.409465E-04
 2521    3.424298E-04
 2522    3.421583E-04
 2523    3.418872E-04
 2524    3.416163E-04
 2525    3.413458E-04
 2526    2.841518E-04
 2527    2.839269E-04
 2528    2.837023E-04
 2529    2.834780E-04
 2530    2.832540E-04
 2531    1.461648E-04
 2532    1.460493E-04
 2533    1.459340E-04
 2534    1.458189E-04
 2535    1.457039E-04
 2536   -1.101218E-04
 2537   -1.100350E-04
 2538   -1.099483E-04
 2539   -1.098617E-04
 2540   -1.097752E-04
 2541   -5.143246E-04
 2542   -5.139200E-04
 2543   -5.135159E-04
 2544   -5.131123E-04
 2545   -5.127092E-04
 2546   -1.075856E-03
 2547   -1.075012E-03
 2548   -1.074168E-03
 2549   -1.073325E-03
 2550   -1.072484E-03
 2551   -1.632920E-03
 2552   -1.631641E-03
 2553   -1.630363E-03
 2554   -1.629086E-03
 2555   -1.627811E-03
 2556   -2.151751E-03
 2557   -2.150068E-03
 2558   -2.148387E-03
 2559   -2.146709E-03
 2560   -2.145032E-03
 2561   -2.443542E-03
 2562   -2.441635E-03
 2563   -2.439730E-03
 2564   -2.437828E-03
 2565   -2.435927E-03
 2566   -2.495058E-03
 2567   -2.493115E-03
 2568   -2.491173E-03
 2569   -2.489234E-03
 2570   -2.487298E-03
 2571   -2.357559E-03
 2572   -2.355726E-03
 2573   -2.353896E-03
 2574   -2.352067E-03
 2575   -2.350240E-03
 2576   -1.762225E-03
 2577   -1.760858E-03
 2578   -1.759492E-03
 2579   -1.758128E-03
 2580   -1.756765E-03
 2581   -6.968460E-04
 2582   -6.963063E-04
 2583   -6.957673E-04
 2584   -6.952289E-04
 2585   -6.946911E-04
 2586    1.282615E-03
 2587    1.281623E-03
 2588    1.280633E-03
 2589    1.279644E-03
 2590    1.278656E-03
 2591    4.488792E-03
 2592    4.485329E-03
 2593    4.481871E-03
 2594    4.478416E-03
 2595    4.474965E-03
 2596    9.034731E-03
 2597    9.027775E-03
 2598    9.020826E-03
 2599    9.013886E-03
 2600    9.006953E-03
 2601    1.372660E-02
 2602    1.371605E-02
 2603    1.370551E-02
 2604    1.369499E-02
 2605    1.368448E-02
 2606    1.846606E-02
 2607    1.845189E-02
 2608    1.843774E-02
 2609    1.842361E-02
 2610    1.840950E-02
 2611    2.118717E-02
 2612    2.117095E-02
 2613    2.115475E-02
 2614    2.113857E-02
 2615    2.112240E-02
 2616    2.338541E-02
 2617    2.336754E-02
 2618    2.334969E-02
 2619    2.333187E-02
 2620    2.331406E-02
 2621    2.357647E-02
 2622    2.355849E-02
 2623    2.354053E-02
 2624    2.352259E-02
 2625    2.350467E-02
 2626    2.373433E-02
 2627    2.371626E-02
 2628    2.369822E-02
 2629    2.368019E-02
 2630    2.366219E-02
 2631    2.334410E-02
 2632    2.332637E-02
 2633    2.330865E-02
 2634    2.329096E-02
 2635    2.327328E-02
 2636    2.111803E-02
 2637    2.110201E-02
 2638    2.108602E-02
 2639    2.107004E-02
 2640    2.105408E-02
 2641    1.812093E-02
 2642    1.810722E-02
 2643    1.809352E-02
 2644    1.807984E-02
 2645    1.806617E-02
 2646    1.367003E-02
 2647    1.365970E-02
 2648    1.364939E-02
 2649    1.363908E-02
 2650    1.362879E-02
 2651    8.534848E-03
 2652    8.528413E-03
 2653    8.521985E-03
 2654    8.515564E-03
 2655    8.509150E-03
 2656    4.221158E-03
 2657    4.217981E-03
 2658    4.214808E-03
 2659    4.211638E-03
 2660    4.208472E-03
 2661    9.682874E-04
 2662    9.675600E-04
 2663    9.668335E-04
 2664    9.661078E-04
 2665    9.653829E-04
 2666   -9.664925E-04
 2667   -9.657678E-04
 2668   -9.650440E-04
 2669   -9.643210E-04
 2670   -9.635988E-04
 2671   -2.010969E-03
 2672   -2.009464E-03
 2673   -2.007960E-03
 2674   -2.006459E-03
 2675   -2.004959E-03
 2676   -2.488467E-03
 2677   -2.486608E-03
 2678   -2.484751E-03
 2679   -2.482897E-03
 2680   -2.481044E-03
 2681   -2.710455E-03
 2682   -2.708434E-03
 2683   -2.706416E-03
 2684   -2.704399E-03
 2685   -2.702385E-03
 2686   -2.581651E-03
 2687   -2.579730E-03
 2688   -2.577811E-03
 2689   -2.575894E-03
 2690   -2.573979E-03
 2691   -2.319983E-03
 2692   -2.318260E-03
 2693   -2.316539E-03
 2694   -2.314819E-03
 2695   -2.313102E-03
 2696   -1.737340E-03
 2697   -1.736052E-03
 2698   -1.734765E-03
 2699   -1.733480E-03
 2700   -1.732196E-03
 2701   -1.136076E-03
 2702   -1.135235E-03
 2703   -1.134395E-03
 2704   -1.133556E-03
 2705   -1.132718E-03
 2706   -5.709979E-04
 2707   -5.705761E-04
 2708   -5.701548E-04
 2709   -5.697339E-04
 2710   -5.693135E-04
 2711   -1.546651E-04
 2712   -1.545511E-04
 2713   -1.544372E-04
 2714   -1.543234E-04
 2715   -1.542097E-04
 2716    1.072631E-04
 2717    1.071841E-04
 2718    1.071053E-04
 2719    1.070265E-04
 2720    1.069478E-04
 2721    2.396480E-04
 2722    2.394719E-04
 2723    2.392961E-04
 2724    2.391204E-04
 2725    2.389450E-04
 2726    3.017350E-04
 2727    3.015137E-04
 2728    3.012927E-04
 2729    3.010719E-04
 2730    3.008514E-04
 2731    3.067551E-04
 2732    3.065305E-04
 2733    3.063063E-04
 2734    3.060822E-04
 2735    3.058584E-04
 2736    2.754157E-04
 2737    2.752145E-04
 2738    2.750135E-04
 2739    2.748127E-04
 2740    2.746122E-04
 2741    2.380293E-04
 2742    2.378557E-04
 2743    2.376823E-04
 2744    2.375091E-04
 2745    2.373361E-04
 2746    1.736498E-04
 2747    1.735234E-04
 2748    1.733971E-04
 2749    1.732710E-04
 2750    1.731450E-04
 2751    1.117691E-04
 2752    1.116879E-04
 2753    1.116068E-04
 2754    1.115258E-04
 2755    1.114448E-04
 2756    5.299004E-05
 2757    5.295161E-05
 2758    5.291322E-05
 2759    5.287487E-05
 2760    5.283656E-05
 2761    7.427566E-06
 2762    7.422189E-06
 2763    7.416817E-06
 2764    7.411452E-06
 2765    7.406092E-06
 2766   -2.519714E-05
 2767   -2.517893E-05
 2768   -2.516074E-05
 2769   -2.514257E-05
 2770   -2.512442E-05
 2771   -4.478285E-05
 2772   -4.475054E-05
 2773   -4.471827E-05
 2774   -4.468604E-05
 2775   -4.465384E-05
 2776   -5.661072E-05
 2777   -5.656996E-05
 2778   -5.652924E-05
 2779   -5.648856E-05
 2780   -5.644793E-05
 2781   -5.715670E-05
 2782   -5.711562E-05
 2783   -5.707458E-05
 2784   -5.703359E-05
 2785   -5.699263E-05
 2786   -5.483665E-05
 2787   -5.479731E-05
 2788   -5.475800E-05
 2789   -5.471874E-05
 2790   -5.467953E-05
 2791   -4.799571E-05
 2792   -4.796133E-05
 2793   -4.792699E-05
 2794   -4.789269E-05
 2795   -4.785843E-05
 2796   -3.789206E-05
 2797   -3.786497E-05
 2798   -3.783790E-05
 2799   -3.781087E-05
 2800   -3.778387E-05
 2801   -2.746883E-05
 2802   -2.744923E-05
 2803   -2.742965E-05
 2804   -2.741009E-05
 2805   -2.739055E-05
 2806   -1.797717E-05
 2807   -1.796436E-05
 2808   -1.795157E-05
 2809   -1.793879E-05
 2810   -1.792602E-05
 2811   -1.182298E-05
 2812   -1.181457E-05
 2813   -1.180617E-05
 2814   -1.179778E-05
 2815   -1.178940E-05
 2816   -7.704358E-06
 2817   -7.698889E-06
 2818   -7.693426E-06
 2819   -7.687968E-06
 2820   -7.682517E-06
 2821   -5.106637E-06
 2822   -5.103019E-06
 2823   -5.099404E-06
 2824   -5.095793E-06
 2825   -5.092186E-06
 2826   -3.961504E-06
 2827   -3.958702E-06
 2828   -3.955903E-06
 2829   -3.953106E-06
 2830   -3.950313E-06
 2831   -3.870390E-06
 2832   -3.867657E-06
 2833   -3.864927E-06
 2834   -3.862200E-06
 2835   -3.859476E-06
 2836   -4.430836E-06
 2837   -4.427713E-06
 2838   -4.424594E-06
 2839   -4.421477E-06
 2840   -4.418364E-06
 2841   -4.953864E-06
 2842   -4.950378E-06
 2843   -4.946896E-06
 2844   -4.943418E-06
 2845   -4.939943E-06
 2846   -5.205986E-06
 2847   -5.202329E-06
 2848   -5.198676E-06
 2849   -5.195028E-06
 2850   -5.191383E-06
 2851   -5.128306E-06
 2852   -5.124710E-06
 2853   -5.121118E-06
 2854   -5.117530E-06
 2855   -5.113946E-06
 2856   -5.030301E-06
 2857   -5.026780E-06
 2858   -5.023263E-06
 2859   -5.019750E-06
 2860   -5.016240E-06
 2861   -5.270065E-06
 2862   -5.266383E-06
 2863   -5.262705E-06
 2864   -5.259031E-06
 2865   -5.255360E-06
 2866   -5.815655E-06
 2867   -5.811599E-06
 2868   -5.807547E-06
 2869   -5.803499E-06
 2870   -5.799456E-06
 2871   -6.612386E-06
 2872   -6.607783E-06
 2873   -6.603183E-06
 2874   -6.598589E-06
 2875   -6.594000E-06
 2876   -7.272667E-06
 2877   -7.267612E-06
 2878   -7.262563E-06
 2879   -7.257519E-06
 2880   -7.252479E-06
 2881   -7.798338E-06
 2882   -7.792927E-06
 2883   -7.787522E-06
 2884   -7.782122E-06
 2885   -7.776728E-06
 2886   -7.897662E-06
 2887   -7.892192E-06
 2888   -7.886728E-06
 2889   -7.881269E-06
 2890   -7.875816E-06
 2891   -7.561380E-06
 2892   -7.556152E-06
 2893   -7.550929E-06
 2894   -7.545712E-06
 2895   -7.540500E-06
 2896   -6.925897E-06
 2897   -6.921116E-06
 2898   -6.916341E-06
 2899   -6.911570E-06
 2900   -6.906804E-06
 2901   -5.998846E-06
 2902   -5.994713E-06
 2903   -5.990583E-06
 2904   -5.986458E-06
 2905   -5.982338E-06
 2906   -5.397079E-06
 2907   -5.393367E-06
 2908   -5.389658E-06
 2909   -5.385953E-06
 2910   -5.382252E-06
 2911   -4.922592E-06
 2912   -4.919212E-06
 2913   -4.915835E-06
 2914   -4.912461E-06
 2915   -4.909091E-06
 2916   -4.794117E-06
 2917   -4.790830E-06
 2918   -4.787547E-06
 2919   -4.784267E-06
 2920   -4.780991E-06
 2921   -4.874876E-06
 2922   -4.871540E-06
 2923   -4.868207E-06
 2924   -4.864878E-06
 2925   -4.861552E-06
 2926   -4.795015E-06
 2927   -4.791739E-06
 2928   -4.788467E-06
 2929   -4.785197E-06
 2930   -4.781932E-06
 2931   -4.966431E-06
 2932   -4.963043E-06
 2933   -4.959660E-06
 2934   -4.956279E-06
 2935   -4.952903E-06
 2936   -4.964118E-06
 2937   -4.960738E-06
 2938   -4.957362E-06
 2939   -4.953989E-06
 2940   -4.950619E-06
 2941   -4.917056E-06
 2942   -4.913714E-06
 2943   -4.910376E-06
 2944   -4.907040E-06
 2945   -4.903708E-06
 2946   -4.891768E-06
 2947   -4.888448E-06
 2948   -4.885133E-06
 2949   -4.881820E-06
 2950   -4.878511E-06
 2951   -4.541077E-06
 2952   -4.538000E-06
 2953   -4.534927E-06
 2954   -4.531858E-06
 2955   -4.528791E-06
 2956   -4.436460E-06
 2957   -4.433460E-06
 2958   -4.430463E-06
 2959   -4.427469E-06
 2960   -4.424478E-06
 2961   -4.288141E-06
 2962   -4.285246E-06
 2963   -4.282354E-06
 2964   -4.279465E-06
 2965   -4.276579E-06
 2966   -4.269796E-06
 2967   -4.266919E-06
 2968   -4.264044E-06
 2969   -4.261172E-06
 2970   -4.258303E-06
 2971   -4.328951E-06
 2972   -4.326038E-06
 2973   -4.323129E-06
 2974   -4.320222E-06
 2975   -4.317318E-06
 2976   -4.235615E-06
 2977   -4.232770E-06
 2978   -4.229928E-06
 2979   -4.227089E-06
 2980   -4.224252E-06
 2981   -4.410210E-06
 2982   -4.407253E-06
 2983   -4.404298E-06
 2984   -4.401347E-06
 2985   -4.398398E-06
 2986   -4.335759E-06
 2987   -4.332856E-06
 2988   -4.329956E-06
 2989   -4.327060E-06
 2990   -4.324166E-06
 2991   -4.336465E-06
 2992   -4.333566E-06
 2993   -4.330671E-06
 2994   -4.327779E-06
 2995   -4.324889E-06
 2996   -4.156848E-06
 2997   -4.154075E-06
 2998   -4.151304E-06
 2999   -4.148536E-06
 3000   -4.145771E-06
 3001   -3.925658E-06
 3002   -3.923043E-06
 3003   -3.920431E-06
 3004   -3.917821E-06
 3005   -3.915214E-06
 3006   -3.879217E-06
 3007   -3.876638E-06
 3008   -3.874060E-06
 3009   -3.871486E-06
 3010   -3.868914E-06
 3011   -3.730126E-06
 3012   -3.727650E-06
 3013   -3.725176E-06
 3014   -3.722704E-06
 3015   -3.720235E-06
 3016   -3.706472E-06
 3017   -3.704015E-06
 3018   -3.701561E-06
 3019   -3.699109E-06
 3020   -3.696660E-06
 3021   -3.723873E-06
 3022   -3.721409E-06
 3023   -3.718947E-06
 3024   -3.716488E-06
 3025   -3.714031E-06
 3026   -3.699201E-06
 3027   -3.696758E-06
 3028   -3.694316E-06
 3029   -3.691877E-06
 3030   -3.689441E-06
 3031   -3.887687E-06
 3032   -3.885123E-06
 3033   -3.882561E-06
 3034   -3.880002E-06
 3035   -3.877446E-06
 3036   -3.883934E-06
 3037   -3.881377E-06
 3038   -3.878822E-06
 3039   -3.876270E-06
 3040   -3.873720E-06
 3041   -3.957822E-06
 3042   -3.955220E-06
 3043   -3.952621E-06
 3044   -3.950024E-06
 3045   -3.947430E-06
 3046   -3.915301E-06
 3047   -3.912731E-06
 3048   -3.910164E-06
 3049   -3.907600E-06
 3050   -3.905038E-06
 3051   -3.918371E-06
 3052   -3.915803E-06
 3053   -3.913238E-06
 3054   -3.910676E-06
 3055   -3.908116E-06
 3056   -3.920386E-06
 3057   -3.917822E-06
 3058   -3.915260E-06
 3059   -3.912700E-06
 3060   -3.910143E-06
 3061   -3.834043E-06
 3062   -3.831539E-06
 3063   -3.829037E-06
 3064   -3.826538E-06
 3065   -3.824042E-06
 3066   -3.914349E-06
 3067   -3.911797E-06
 3068   -3.909247E-06
 3069   -3.906700E-06
 3070   -3.904155E-06
 3071   -3.874606E-06
 3072   -3.872084E-06
 3073   -3.869564E-06
 3074   -3.867047E-06
 3075   -3.864532E-06
 3076   -3.851741E-06
 3077   -3.849237E-06
 3078   -3.846737E-06
 3079   -3.844238E-06
 3080   -3.841743E-06
 3081   -3.587114E-06
 3082   -3.584787E-06
 3083   -3.582461E-06
 3084   -3.580139E-06
 3085   -3.577818E-06
 3086   -3.194852E-06
 3087   -3.192783E-06
 3088   -3.190715E-06
 3089   -3.188650E-06
 3090   -3.186586E-06
 3091   -2.521688E-06
 3092   -2.520057E-06
 3093   -2.518428E-06
 3094   -2.516800E-06
 3095   -2.515174E-06
 3096   -1.449529E-06
 3097   -1.448593E-06
 3098   -1.447658E-06
 3099   -1.446724E-06
 3100   -1.445791E-06
 3101   -2.747423E-07
 3102   -2.745652E-07
 3103   -2.743882E-07
 3104   -2.742115E-07
 3105   -2.740349E-07
 3106    7.499569E-07
 3107    7.494743E-07
 3108    7.489920E-07
 3109    7.485103E-07
 3110    7.480290E-07
 3111    1.499950E-06
 3112    1.498986E-06
 3113    1.498023E-06
 3114    1.497061E-06
 3115    1.496100E-06
 3116    1.892364E-06
 3117    1.891150E-06
 3118    1.889937E-06
 3119    1.888725E-06
 3120    1.887515E-06
 3121    2.078953E-06
 3122    2.077621E-06
 3123    2.076291E-06
 3124    2.074962E-06
 3125    2.073634E-06
 3126    2.182694E-06
 3127    2.181299E-06
 3128    2.179904E-06
 3129    2.178511E-06
 3130    2.177119E-06
 3131    2.167174E-06
 3132    2.165791E-06
 3133    2.164408E-06
 3134    2.163027E-06
 3135    2.161648E-06
 3136    2.216004E-06
 3137    2.214591E-06
 3138    2.213180E-06
 3139    2.211770E-06
 3140    2.210362E-06
 3141    2.158845E-06
 3142    2.157471E-06
 3143    2.156099E-06
 3144    2.154727E-06
 3145    2.153357E-06
 3146    2.140594E-06
 3147    2.139233E-06
 3148    2.137874E-06
 3149    2.136517E-06
 3150    2.135161E-06
 3151    2.164112E-06
 3152    2.162739E-06
 3153    2.161367E-06
 3154    2.159997E-06
 3155    2.158628E-06
 3156    2.075556E-06
 3157    2.074241E-06
 3158    2.072927E-06
 3159    2.071615E-06
 3160    2.070304E-06
 3161    2.038709E-06
 3162    2.037420E-06
 3163    2.036132E-06
 3164    2.034845E-06
 3165    2.033559E-06
 3166    1.975173E-06
 3167    1.973926E-06
 3168    1.972680E-06
 3169    1.971435E-06
 3170    1.970192E-06
 3171    1.954207E-06
 3172    1.952975E-06
 3173    1.951744E-06
 3174    1.950514E-06
 3175    1.949286E-06
 3176    1.928914E-06
 3177    1.927700E-06
 3178    1.926487E-06
 3179    1.925275E-06
 3180    1.924065E-06
 3181    1.834711E-06
 3182    1.833558E-06
 3183    1.832406E-06
 3184    1.831255E-06
 3185    1.830106E-06
 3186    1.831787E-06
 3187    1.830638E-06
 3188    1.829489E-06
 3189    1.828342E-06
 3190    1.827196E-06
 3191    1.729549E-06
 3192    1.728465E-06
 3193    1.727383E-06
 3194    1.726301E-06
 3195    1.725221E-06
 3196    1.724216E-06
 3197    1.723138E-06
 3198    1.722060E-06
 3199    1.720984E-06
 3200    1.719908E-06
 3201    1.653246E-06
 3202    1.652213E-06
 3203    1.651182E-06
 3204    1.650151E-06
 3205    1.649122E-06
 3206    1.571747E-06
 3207    1.570767E-06
 3208    1.569788E-06
 3209    1.568810E-06
 3210    1.567833E-06
 3211    1.548632E-06
 3212    1.547668E-06
 3213    1.546705E-06
 3214    1.545743E-06
 3215    1.544781E-06
 3216    1.472708E-06
 3217    1.471793E-06
 3218    1.470878E-06
 3219    1.469964E-06
 3220    1.469051E-06
 3221    1.449259E-06
 3222    1.448360E-06
 3223    1.447461E-06
 3224    1.446563E-06
 3225    1.445667E-06
 3226    1.410638E-06
 3227    1.409764E-06
 3228    1.408891E-06
 3229    1.408018E-06
 3230    1.407147E-06
 3231    1.332550E-06
 3232    1.331726E-06
 3233    1.330902E-06
 3234    1.330079E-06
 3235    1.329257E-06
 3236    1.340329E-06
 3237    1.339501E-06
 3238    1.338674E-06
 3239    1.337848E-06
 3240    1.337022E-06
 3241    1.258898E-06
 3242    1.258122E-06
 3243    1.257346E-06
 3244    1.256571E-06
 3245    1.255796E-06
 3246    1.260090E-06
 3247    1.259314E-06
 3248    1.258539E-06
 3249    1.257764E-06
 3250    1.256991E-06
 3251    1.217023E-06
 3252    1.216275E-06
 3253    1.215527E-06
 3254    1.214780E-06
 3255    1.214034E-06
 3256    1.176433E-06
 3257    1.175710E-06
 3258    1.174989E-06
 3259    1.174268E-06
 3260    1.173547E-06
 3261    1.175613E-06
 3262    1.174892E-06
 3263    1.174172E-06
 3264    1.173453E-06
 3265    1.172734E-06
 3266    1.098600E-06
 3267    1.097927E-06
 3268    1.097255E-06
 3269    1.096584E-06
 3270    1.095914E-06
 3271    1.096994E-06
 3272    1.096324E-06
 3273    1.095654E-06
 3274    1.094985E-06
 3275    1.094316E-06
 3276    1.038700E-06
 3277    1.038066E-06
 3278    1.037433E-06
 3279    1.036800E-06
 3280    1.036168E-06
 3281    1.004479E-06
 3282    1.003867E-06
 3283    1.003256E-06
 3284    1.002645E-06
 3285    1.002035E-06
 3286    9.685343E-07
 3287    9.679450E-07
 3288    9.673564E-07
 3289    9.667682E-07
 3290    9.661806E-07
 3291    9.012841E-07
 3292    9.007366E-07
 3293    9.001897E-07
 3294    8.996432E-07
 3295    8.990972E-07
 3296    8.969435E-07
 3297    8.963995E-07
 3298    8.958560E-07
 3299    8.953130E-07
 3300    8.947704E-07
