   50    3.687779E-13
   51    3.315209E-13
   52    3.188939E-13
   53    3.069747E-13
   54    2.957115E-13
   55    2.850569E-13
   56    1.654154E-13
   57    1.596627E-13
   58    1.542050E-13
   59    1.490224E-13
   60    1.440967E-13
   61    1.093592E-13
   62    1.058602E-13
   63    1.025264E-13
   64    9.934767E-14
   65    9.631451E-14
   66    4.048549E-13
   67    3.928605E-13
   68    3.813913E-13
   69    3.704172E-13
   70    3.599099E-13
   71    1.930996E-13
   72    1.877732E-13
   73    1.826642E-13
   74    1.777609E-13
   75    1.730524E-13
   76    3.244496E-13
   77    3.160774E-13
   78    3.080251E-13
   79    3.002767E-13
   80    2.928170E-13
   81    5.343793E-13
   82    5.214256E-13
   83    5.089373E-13
   84    4.968923E-13
   85    4.852699E-13
   86    4.464858E-13
   87    4.362810E-13
   88    4.264222E-13
   89    4.168938E-13
   90    4.076813E-13
   91    4.978256E-13
   92    4.870625E-13
   93    4.766446E-13
   94    4.665575E-13
   95    4.567872E-13
   96    4.851063E-13
   97    4.751560E-13
   98    4.655086E-13
   99    4.561521E-13
  100    4.470749E-13
  101    2.218544E-13
  102    2.175257E-13
  103    2.133225E-13
  104    2.092400E-13
  105    2.052735E-13
  106    1.192521E-13
  107    1.170336E-13
  108    1.148764E-13
  109    1.127782E-13
  110    1.107371E-13
  111    3.040800E-13
  112    2.986744E-13
  113    2.934116E-13
  114    2.882867E-13
  115    2.832949E-13
  116    4.534974E-13
  117    4.457786E-13
  118    4.382552E-13
  119    4.309206E-13
  120    4.237687E-13
  121    8.359566E-13
  122    8.223087E-13
  123    8.089924E-13
  124    7.959970E-13
  125    7.833122E-13
  126    1.136638E-12
  127    1.118809E-12
  128    1.101396E-12
  129    1.084387E-12
  130    1.067768E-12
  131    1.113977E-12
  132    1.097163E-12
  133    1.080726E-12
  134    1.064657E-12
  135    1.048943E-12
  136    8.182549E-13
  137    8.063534E-13
  138    7.947096E-13
  139    7.833162E-13
  140    7.721660E-13
  141    4.877185E-13
  142    4.808735E-13
  143    4.741716E-13
  144    4.676088E-13
  145    4.611813E-13
  146    4.613243E-13
  147    4.550692E-13
  148    4.489405E-13
  149    4.429347E-13
  150    4.370487E-13
  151    7.845414E-13
  152    7.742526E-13
  153    7.641648E-13
  154    7.542729E-13
  155    7.445719E-13
  156    8.929078E-13
  157    8.815695E-13
  158    8.704458E-13
  159    8.595314E-13
  160    8.488209E-13
  161    2.284707E-12
  162    2.256588E-12
  163    2.228985E-12
  164    2.201885E-12
  165    2.175277E-12
  166    2.049577E-12
  167    2.025105E-12
  168    2.001068E-12
  169    1.977457E-12
  170    1.954262E-12
  171    2.580837E-12
  172    2.550915E-12
  173    2.521510E-12
  174    2.492610E-12
  175    2.464205E-12
  176    3.768355E-12
  177    3.725895E-12
  178    3.684149E-12
  179    3.643100E-12
  180    3.602734E-12
  181    2.337191E-12
  182    2.311578E-12
  183    2.286384E-12
  184    2.261600E-12
  185    2.237216E-12
  186    2.822465E-12
  187    2.792359E-12
  188    2.762732E-12
  189    2.733574E-12
  190    2.704876E-12
  191    2.543370E-12
  192    2.516946E-12
  193    2.490931E-12
  194    2.465318E-12
  195    2.440097E-12
  196    2.931931E-12
  197    2.902241E-12
  198    2.873000E-12
  199    2.844198E-12
  200    2.815827E-12
  201    2.892454E-12
  202    2.863887E-12
  203    2.835741E-12
  204    2.808008E-12
  205    2.780680E-12
  206    1.400420E-12
  207    1.386923E-12
  208    1.373619E-12
  209    1.360506E-12
  210    1.347579E-12
  211    1.620162E-13
  212    1.604913E-13
  213    1.589879E-13
  214    1.575055E-13
  215    1.560438E-13
  216    0.000000E+00
  217    0.000000E+00
  218    0.000000E+00
  219    0.000000E+00
  220    0.000000E+00
  221    0.000000E+00
  222    0.000000E+00
  223    0.000000E+00
  224    0.000000E+00
  225    0.000000E+00
  226    7.470391E-14
  227    7.404718E-14
  228    7.339907E-14
  229    7.275944E-14
  230    7.212812E-14
  231    0.000000E+00
  232    0.000000E+00
  233    0.000000E+00
  234    0.000000E+00
  235    0.000000E+00
  236    0.000000E+00
  237    0.000000E+00
  238    0.000000E+00
  239    0.000000E+00
  240    0.000000E+00
  241    0.000000E+00
  242    0.000000E+00
  243    0.000000E+00
  244    0.000000E+00
  245    0.000000E+00
  246    3.677742E-12
  247    3.648023E-12
  248    3.618663E-12
  249    3.589656E-12
  250    3.560996E-12
  251    4.235545E-11
  252    4.201997E-11
  253    4.168845E-11
  254    4.136084E-11
  255    4.103708E-11
  256    6.503850E-11
  257    6.453335E-11
  258    6.403407E-11
  259    6.354055E-11
  260    6.305272E-11
  261    1.324140E-10
  262    1.314051E-10
  263    1.304078E-10
  264    1.294217E-10
  265    1.284468E-10
  266    1.215869E-10
  267    1.206779E-10
  268    1.197790E-10
  269    1.188901E-10
  270    1.180110E-10
  271    2.621745E-10
  272    2.602503E-10
  273    2.583472E-10
  274    2.564649E-10
  275    2.546031E-10
  276    5.706769E-10
  277    5.665639E-10
  278    5.624953E-10
  279    5.584703E-10
  280    5.544883E-10
  281    2.635695E-09
  282    2.617035E-09
  283    2.598573E-09
  284    2.580306E-09
  285    2.562230E-09
  286    4.923379E-09
  287    4.889130E-09
  288    4.855237E-09
  289    4.821695E-09
  290    4.788499E-09
  291    8.340405E-09
  292    8.283377E-09
  293    8.226931E-09
  294    8.171061E-09
  295    8.115758E-09
  296    1.255488E-08
  297    1.247048E-08
  298    1.238692E-08
  299    1.230421E-08
  300    1.222232E-08
  301    1.549777E-08
  302    1.539530E-08
  303    1.529385E-08
  304    1.519340E-08
  305    1.509394E-08
  306    2.492706E-08
  307    2.476494E-08
  308    2.460439E-08
  309    2.444539E-08
  310    2.428793E-08
  311    2.564927E-08
  312    2.548512E-08
  313    2.532253E-08
  314    2.516150E-08
  315    2.500200E-08
  316    3.524397E-08
  317    3.502196E-08
  318    3.480204E-08
  319    3.458419E-08
  320    3.436838E-08
  321    4.451425E-08
  322    4.423819E-08
  323    4.396470E-08
  324    4.369373E-08
  325    4.342526E-08
  326    4.421047E-08
  327    4.394048E-08
  328    4.367296E-08
  329    4.340788E-08
  330    4.314520E-08
  331    6.102456E-08
  332    6.065750E-08
  333    6.029374E-08
  334    5.993324E-08
  335    5.957597E-08
  336    5.876662E-08
  337    5.841838E-08
  338    5.807322E-08
  339    5.773111E-08
  340    5.739202E-08
  341    8.073152E-08
  342    8.026010E-08
  343    7.979279E-08
  344    7.932956E-08
  345    7.887034E-08
  346    8.682299E-08
  347    8.632329E-08
  348    8.582789E-08
  349    8.533675E-08
  350    8.484981E-08
  351    8.846361E-08
  352    8.796169E-08
  353    8.746403E-08
  354    8.697058E-08
  355    8.648130E-08
  356    1.149764E-07
  357    1.143332E-07
  358    1.136954E-07
  359    1.130629E-07
  360    1.124356E-07
  361    1.114481E-07
  362    1.108332E-07
  363    1.102234E-07
  364    1.096186E-07
  365    1.090188E-07
  366    1.356519E-07
  367    1.349136E-07
  368    1.341814E-07
  369    1.334551E-07
  370    1.327347E-07
  371    1.376261E-07
  372    1.368872E-07
  373    1.361542E-07
  374    1.354271E-07
  375    1.347057E-07
  376    1.573812E-07
  377    1.565474E-07
  378    1.557202E-07
  379    1.548996E-07
  380    1.540854E-07
  381    1.813087E-07
  382    1.803606E-07
  383    1.794200E-07
  384    1.784868E-07
  385    1.775608E-07
  386    1.742258E-07
  387    1.733266E-07
  388    1.724343E-07
  389    1.715489E-07
  390    1.706702E-07
  391    2.121329E-07
  392    2.110520E-07
  393    2.099793E-07
  394    2.089148E-07
  395    2.078583E-07
  396    2.079976E-07
  397    2.069511E-07
  398    2.059125E-07
  399    2.048816E-07
  400    2.038585E-07
  401    2.455664E-07
  402    2.443462E-07
  403    2.431351E-07
  404    2.419330E-07
  405    2.407397E-07
  406    2.612758E-07
  407    2.599935E-07
  408    2.587206E-07
  409    2.574570E-07
  410    2.562026E-07
  411    2.699423E-07
  412    2.686334E-07
  413    2.673341E-07
  414    2.660442E-07
  415    2.647636E-07
  416    2.964943E-07
  417    2.950739E-07
  418    2.936638E-07
  419    2.922637E-07
  420    2.908737E-07
  421    3.188317E-07
  422    3.173224E-07
  423    3.158239E-07
  424    3.143359E-07
  425    3.128584E-07
  426    3.543585E-07
  427    3.527007E-07
  428    3.510545E-07
  429    3.494198E-07
  430    3.477965E-07
  431    3.848377E-07
  432    3.830582E-07
  433    3.812909E-07
  434    3.795358E-07
  435    3.777928E-07
  436    4.194209E-07
  437    4.175036E-07
  438    4.155994E-07
  439    4.137081E-07
  440    4.118298E-07
  441    4.235512E-07
  442    4.216369E-07
  443    4.197355E-07
  444    4.178469E-07
  445    4.159711E-07
  446    4.652518E-07
  447    4.631725E-07
  448    4.611071E-07
  449    4.590554E-07
  450    4.570174E-07
  451    4.935398E-07
  452    4.913584E-07
  453    4.891914E-07
  454    4.870388E-07
  455    4.849003E-07
  456    5.412386E-07
  457    5.388726E-07
  458    5.365220E-07
  459    5.341868E-07
  460    5.318667E-07
  461    5.656514E-07
  462    5.632053E-07
  463    5.607751E-07
  464    5.583606E-07
  465    5.559616E-07
  466    5.417062E-07
  467    5.393887E-07
  468    5.370861E-07
  469    5.347982E-07
  470    5.325249E-07
  471    6.524558E-07
  472    6.496941E-07
  473    6.469498E-07
  474    6.442230E-07
  475    6.415133E-07
  476    6.479351E-07
  477    6.452213E-07
  478    6.425244E-07
  479    6.398445E-07
  480    6.371812E-07
  481    7.407428E-07
  482    7.376723E-07
  483    7.346210E-07
  484    7.315885E-07
  485    7.285747E-07
  486    7.296991E-07
  487    7.267055E-07
  488    7.237302E-07
  489    7.207732E-07
  490    7.178343E-07
  491    7.268943E-07
  492    7.239424E-07
  493    7.210085E-07
  494    7.180924E-07
  495    7.151939E-07
  496    8.518080E-07
  497    8.483836E-07
  498    8.449799E-07
  499    8.415966E-07
  500    8.382336E-07
  501    8.131291E-07
  502    8.098928E-07
  503    8.066757E-07
  504    8.034778E-07
  505    8.002989E-07
  506    9.484581E-07
  507    9.447203E-07
  508    9.410046E-07
  509    9.373108E-07
  510    9.336387E-07
  511    9.644479E-07
  512    9.606843E-07
  513    9.569425E-07
  514    9.532227E-07
  515    9.495244E-07
  516    1.009570E-06
  517    1.005668E-06
  518    1.001789E-06
  519    9.979324E-07
  520    9.940979E-07
  521    1.138985E-06
  522    1.134625E-06
  523    1.130291E-06
  524    1.125981E-06
  525    1.121695E-06
  526    1.024360E-06
  527    1.020476E-06
  528    1.016614E-06
  529    1.012774E-06
  530    1.008956E-06
  531    1.248243E-06
  532    1.243554E-06
  533    1.238892E-06
  534    1.234257E-06
  535    1.229647E-06
  536    1.205884E-06
  537    1.201397E-06
  538    1.196935E-06
  539    1.192498E-06
  540    1.188086E-06
  541    1.347887E-06
  542    1.342918E-06
  543    1.337976E-06
  544    1.333062E-06
  545    1.328174E-06
  546    1.363978E-06
  547    1.358995E-06
  548    1.354040E-06
  549    1.349112E-06
  550    1.344210E-06
  551    1.308009E-06
  552    1.303274E-06
  553    1.298565E-06
  554    1.293881E-06
  555    1.289223E-06
  556    1.533408E-06
  557    1.527907E-06
  558    1.522436E-06
  559    1.516994E-06
  560    1.511581E-06
  561    1.431514E-06
  562    1.426424E-06
  563    1.421362E-06
  564    1.416326E-06
  565    1.411317E-06
  566    1.616366E-06
  567    1.610669E-06
  568    1.605003E-06
  569    1.599366E-06
  570    1.593759E-06
  571    1.563097E-06
  572    1.557637E-06
  573    1.552205E-06
  574    1.546801E-06
  575    1.541426E-06
  576    1.720509E-06
  577    1.714550E-06
  578    1.708623E-06
  579    1.702726E-06
  580    1.696859E-06
  581    1.780878E-06
  582    1.774764E-06
  583    1.768680E-06
  584    1.762628E-06
  585    1.756608E-06
  586    1.783382E-06
  587    1.777311E-06
  588    1.771271E-06
  589    1.765262E-06
  590    1.759283E-06
  591    1.997028E-06
  592    1.990287E-06
  593    1.983580E-06
  594    1.976907E-06
  595    1.970268E-06
  596    1.986107E-06
  597    1.979459E-06
  598    1.972844E-06
  599    1.966262E-06
  600    1.959714E-06
  601    2.150923E-06
  602    2.143783E-06
  603    2.136678E-06
  604    2.129609E-06
  605    2.122575E-06
  606    2.138678E-06
  607    2.131637E-06
  608    2.124631E-06
  609    2.117659E-06
  610    2.110722E-06
  611    2.125988E-06
  612    2.119046E-06
  613    2.112137E-06
  614    2.105263E-06
  615    2.098422E-06
  616    2.480000E-06
  617    2.471967E-06
  618    2.463974E-06
  619    2.456019E-06
  620    2.448103E-06
  621    2.374042E-06
  622    2.366415E-06
  623    2.358824E-06
  624    2.351270E-06
  625    2.343752E-06
  626    2.618970E-06
  627    2.610623E-06
  628    2.602315E-06
  629    2.594047E-06
  630    2.585819E-06
  631    2.531914E-06
  632    2.523908E-06
  633    2.515940E-06
  634    2.508010E-06
  635    2.500117E-06
  636    2.653989E-06
  637    2.645663E-06
  638    2.637376E-06
  639    2.629127E-06
  640    2.620918E-06
  641    2.890260E-06
  642    2.881263E-06
  643    2.872308E-06
  644    2.863394E-06
  645    2.854523E-06
  646    2.713288E-06
  647    2.704907E-06
  648    2.696565E-06
  649    2.688261E-06
  650    2.679996E-06
  651    3.034222E-06
  652    3.024921E-06
  653    3.015664E-06
  654    3.006449E-06
  655    2.997276E-06
  656    2.950173E-06
  657    2.941199E-06
  658    2.932266E-06
  659    2.923374E-06
  660    2.914522E-06
  661    3.068313E-06
  662    3.059051E-06
  663    3.049830E-06
  664    3.040650E-06
  665    3.031512E-06
  666    3.160242E-06
  667    3.150773E-06
  668    3.141347E-06
  669    3.131962E-06
  670    3.122620E-06
  671    3.026485E-06
  672    3.017484E-06
  673    3.008524E-06
  674    2.999603E-06
  675    2.990722E-06
  676    3.455837E-06
  677    3.445635E-06
  678    3.435478E-06
  679    3.425367E-06
  680    3.415299E-06
  681    3.259070E-06
  682    3.249520E-06
  683    3.240012E-06
  684    3.230545E-06
  685    3.221120E-06
  686    3.619001E-06
  687    3.608473E-06
  688    3.597991E-06
  689    3.587555E-06
  690    3.577164E-06
  691    3.561254E-06
  692    3.550968E-06
  693    3.540728E-06
  694    3.530531E-06
  695    3.520379E-06
  696    3.575889E-06
  697    3.565636E-06
  698    3.555427E-06
  699    3.545261E-06
  700    3.535139E-06
  701    3.858237E-06
  702    3.847253E-06
  703    3.836316E-06
  704    3.825425E-06
  705    3.814580E-06
  706    3.565278E-06
  707    3.555200E-06
  708    3.545164E-06
  709    3.535170E-06
  710    3.525219E-06
  711    3.965426E-06
  712    3.954295E-06
  713    3.943211E-06
  714    3.932173E-06
  715    3.921182E-06
  716    3.900084E-06
  717    3.889213E-06
  718    3.878387E-06
  719    3.867606E-06
  720    3.856870E-06
  721    4.178324E-06
  722    4.166757E-06
  723    4.155239E-06
  724    4.143768E-06
  725    4.132345E-06
  726    4.231905E-06
  727    4.220271E-06
  728    4.208684E-06
  729    4.197146E-06
  730    4.185655E-06
  731    4.133514E-06
  732    4.122228E-06
  733    4.110988E-06
  734    4.099794E-06
  735    4.088646E-06
  736    4.449069E-06
  737    4.437004E-06
  738    4.424988E-06
  739    4.413020E-06
  740    4.401101E-06
  741    4.426965E-06
  742    4.415040E-06
  743    4.403164E-06
  744    4.391335E-06
  745    4.379554E-06
  746    4.663036E-06
  747    4.650560E-06
  748    4.638133E-06
  749    4.625757E-06
  750    4.613430E-06
  751    4.733701E-06
  752    4.721120E-06
  753    4.708589E-06
  754    4.696108E-06
  755    4.683676E-06
  756    4.472003E-06
  757    4.460196E-06
  758    4.448435E-06
  759    4.436721E-06
  760    4.425053E-06
  761    5.175423E-06
  762    5.161848E-06
  763    5.148326E-06
  764    5.134858E-06
  765    5.121442E-06
  766    4.869946E-06
  767    4.857256E-06
  768    4.844615E-06
  769    4.832023E-06
  770    4.819481E-06
  771    5.073600E-06
  772    5.060464E-06
  773    5.047379E-06
  774    5.034346E-06
  775    5.021362E-06
  776    5.151047E-06
  777    5.137797E-06
  778    5.124598E-06
  779    5.111449E-06
  780    5.098351E-06
  781    5.371373E-06
  782    5.357644E-06
  783    5.343968E-06
  784    5.330344E-06
  785    5.316773E-06
  786    5.504328E-06
  787    5.490349E-06
  788    5.476423E-06
  789    5.462550E-06
  790    5.448729E-06
  791    5.494642E-06
  792    5.480776E-06
  793    5.466961E-06
  794    5.453199E-06
  795    5.439489E-06
  796    5.763723E-06
  797    5.749269E-06
  798    5.734868E-06
  799    5.720522E-06
  800    5.706230E-06
  801    5.676926E-06
  802    5.662777E-06
  803    5.648682E-06
  804    5.634640E-06
  805    5.620649E-06
  806    5.918003E-06
  807    5.903345E-06
  808    5.888742E-06
  809    5.874193E-06
  810    5.859698E-06
  811    5.955028E-06
  812    5.940369E-06
  813    5.925765E-06
  814    5.911214E-06
  815    5.896717E-06
  816    6.042292E-06
  817    6.027510E-06
  818    6.012782E-06
  819    5.998107E-06
  820    5.983487E-06
  821    6.350852E-06
  822    6.335409E-06
  823    6.320023E-06
  824    6.304692E-06
  825    6.289418E-06
  826    6.506669E-06
  827    6.490943E-06
  828    6.475274E-06
  829    6.459661E-06
  830    6.444105E-06
  831    6.793425E-06
  832    6.777104E-06
  833    6.760842E-06
  834    6.744639E-06
  835    6.728494E-06
  836    6.618688E-06
  837    6.602882E-06
  838    6.587133E-06
  839    6.571440E-06
  840    6.555803E-06
  841    6.618925E-06
  842    6.603213E-06
  843    6.587556E-06
  844    6.571955E-06
  845    6.556409E-06
  846    7.091754E-06
  847    7.075019E-06
  848    7.058342E-06
  849    7.041724E-06
  850    7.025165E-06
  851    6.779327E-06
  852    6.763422E-06
  853    6.747573E-06
  854    6.731780E-06
  855    6.716043E-06
  856    7.259246E-06
  857    7.242314E-06
  858    7.225442E-06
  859    7.208629E-06
  860    7.191875E-06
  861    7.111664E-06
  862    7.095173E-06
  863    7.078740E-06
  864    7.062363E-06
  865    7.046043E-06
  866    7.876328E-06
  867    7.858169E-06
  868    7.840073E-06
  869    7.822040E-06
  870    7.804068E-06
  871    8.104263E-06
  872    8.085686E-06
  873    8.067173E-06
  874    8.048723E-06
  875    8.030337E-06
  876    8.077201E-06
  877    8.058792E-06
  878    8.040445E-06
  879    8.022161E-06
  880    8.003939E-06
  881    8.597188E-06
  882    8.577705E-06
  883    8.558287E-06
  884    8.538935E-06
  885    8.519649E-06
  886    8.550897E-06
  887    8.531628E-06
  888    8.512423E-06
  889    8.493283E-06
  890    8.474208E-06
  891    8.903796E-06
  892    8.883844E-06
  893    8.863958E-06
  894    8.844140E-06
  895    8.824387E-06
  896    8.705461E-06
  897    8.686061E-06
  898    8.666727E-06
  899    8.647457E-06
  900    8.628251E-06
  901    8.335893E-06
  902    8.317420E-06
  903    8.299008E-06
  904    8.280658E-06
  905    8.262368E-06
  906    8.667108E-06
  907    8.648007E-06
  908    8.628969E-06
  909    8.609993E-06
  910    8.591081E-06
  911    8.310629E-06
  912    8.292414E-06
  913    8.274259E-06
  914    8.256163E-06
  915    8.238127E-06
  916    9.407991E-06
  917    9.387483E-06
  918    9.367042E-06
  919    9.346668E-06
  920    9.326360E-06
  921    9.725583E-06
  922    9.704498E-06
  923    9.683481E-06
  924    9.662532E-06
  925    9.641652E-06
  926    1.105954E-05
  927    1.103570E-05
  928    1.101192E-05
  929    1.098823E-05
  930    1.096461E-05
  931    1.296341E-05
  932    1.293560E-05
  933    1.290789E-05
  934    1.288026E-05
  935    1.285273E-05
  936    1.284722E-05
  937    1.281981E-05
  938    1.279249E-05
  939    1.276526E-05
  940    1.273811E-05
  941    1.453419E-05
  942    1.450335E-05
  943    1.447261E-05
  944    1.444196E-05
  945    1.441141E-05
  946    1.472329E-05
  947    1.469221E-05
  948    1.466123E-05
  949    1.463035E-05
  950    1.459956E-05
  951    1.595288E-05
  952    1.591939E-05
  953    1.588600E-05
  954    1.585271E-05
  955    1.581953E-05
  956    1.711558E-05
  957    1.707983E-05
  958    1.704419E-05
  959    1.700867E-05
  960    1.697325E-05
  961    1.777231E-05
  962    1.773538E-05
  963    1.769856E-05
  964    1.766186E-05
  965    1.762528E-05
  966    2.044995E-05
  967    2.040767E-05
  968    2.036553E-05
  969    2.032352E-05
  970    2.028164E-05
  971    1.924632E-05
  972    1.920673E-05
  973    1.916727E-05
  974    1.912794E-05
  975    1.908872E-05
  976    2.025528E-05
  977    2.021384E-05
  978    2.017252E-05
  979    2.013134E-05
  980    2.009027E-05
  981    1.823823E-05
  982    1.820110E-05
  983    1.816409E-05
  984    1.812719E-05
  985    1.809040E-05
  986    1.535792E-05
  987    1.532682E-05
  988    1.529581E-05
  989    1.526489E-05
  990    1.523407E-05
  991    1.238397E-05
  992    1.235902E-05
  993    1.233414E-05
  994    1.230933E-05
  995    1.228460E-05
  996    6.844157E-06
  997    6.830435E-06
  998    6.816753E-06
  999    6.803113E-06
 1000    6.789514E-06
 1001    5.527070E-07
 1002    5.516044E-07
 1003    5.505050E-07
 1004    5.494090E-07
 1005    5.483161E-07
 1006   -5.508379E-06
 1007   -5.497444E-06
 1008   -5.486542E-06
 1009   -5.475672E-06
 1010   -5.464834E-06
 1011   -1.001563E-05
 1012   -9.995844E-06
 1013   -9.976119E-06
 1014   -9.956452E-06
 1015   -9.936843E-06
 1016   -1.254075E-05
 1017   -1.251610E-05
 1018   -1.249152E-05
 1019   -1.246702E-05
 1020   -1.244258E-05
 1021   -8.792995E-06
 1022   -8.775796E-06
 1023   -8.758647E-06
 1024   -8.741549E-06
 1025   -8.724501E-06
 1026    1.412592E-06
 1027    1.409843E-06
 1028    1.407101E-06
 1029    1.404368E-06
 1030    1.401642E-06
 1031    2.120612E-05
 1032    2.116505E-05
 1033    2.112409E-05
 1034    2.108325E-05
 1035    2.104253E-05
 1036    5.170099E-05
 1037    5.160133E-05
 1038    5.150195E-05
 1039    5.140286E-05
 1040    5.130406E-05
 1041    9.650603E-05
 1042    9.632089E-05
 1043    9.613628E-05
 1044    9.595220E-05
 1045    9.576864E-05
 1046    1.468775E-04
 1047    1.465971E-04
 1048    1.463174E-04
 1049    1.460386E-04
 1050    1.457606E-04
 1051    2.090845E-04
 1052    2.086872E-04
 1053    2.082911E-04
 1054    2.078960E-04
 1055    2.075021E-04
 1056    2.598911E-04
 1057    2.593996E-04
 1058    2.589095E-04
 1059    2.584207E-04
 1060    2.579334E-04
 1061    3.067395E-04
 1062    3.061621E-04
 1063    3.055864E-04
 1064    3.050122E-04
 1065    3.044397E-04
 1066    3.403231E-04
 1067    3.396854E-04
 1068    3.390496E-04
 1069    3.384156E-04
 1070    3.377833E-04
 1071    3.397578E-04
 1072    3.391242E-04
 1073    3.384924E-04
 1074    3.378624E-04
 1075    3.372341E-04
 1076    2.786454E-04
 1077    2.781282E-04
 1078    2.776124E-04
 1079    2.770981E-04
 1080    2.765852E-04
 1081    1.672713E-04
 1082    1.669623E-04
 1083    1.666541E-04
 1084    1.663467E-04
 1085    1.660402E-04
 1086   -7.106788E-05
 1087   -7.093718E-05
 1088   -7.080684E-05
 1089   -7.067686E-05
 1090   -7.054723E-05
 1091   -4.415507E-04
 1092   -4.407424E-04
 1093   -4.399363E-04
 1094   -4.391324E-04
 1095   -4.383307E-04
 1096   -9.688751E-04
 1097   -9.671095E-04
 1098   -9.653488E-04
 1099   -9.635928E-04
 1100   -9.618416E-04
 1101   -1.564530E-03
 1102   -1.561692E-03
 1103   -1.558861E-03
 1104   -1.556039E-03
 1105   -1.553224E-03
 1106   -1.952887E-03
 1107   -1.949360E-03
 1108   -1.945843E-03
 1109   -1.942335E-03
 1110   -1.938837E-03
 1111   -2.252755E-03
 1112   -2.248705E-03
 1113   -2.244666E-03
 1114   -2.240638E-03
 1115   -2.236621E-03
 1116   -2.293433E-03
 1117   -2.289328E-03
 1118   -2.285235E-03
 1119   -2.281152E-03
 1120   -2.277080E-03
 1121   -2.243738E-03
 1122   -2.239740E-03
 1123   -2.235753E-03
 1124   -2.231776E-03
 1125   -2.227811E-03
 1126   -1.623056E-03
 1127   -1.620177E-03
 1128   -1.617305E-03
 1129   -1.614442E-03
 1130   -1.611585E-03
 1131   -6.144014E-04
 1132   -6.133163E-04
 1133   -6.122342E-04
 1134   -6.111549E-04
 1135   -6.100784E-04
 1136    1.291318E-03
 1137    1.289047E-03
 1138    1.286783E-03
 1139    1.284524E-03
 1140    1.282272E-03
 1141    4.417198E-03
 1142    4.409465E-03
 1143    4.401753E-03
 1144    4.394061E-03
 1145    4.386389E-03
 1146    9.088433E-03
 1147    9.072593E-03
 1148    9.056794E-03
 1149    9.041036E-03
 1150    9.025319E-03
 1151    1.342329E-02
 1152    1.340000E-02
 1153    1.337676E-02
 1154    1.335359E-02
 1155    1.333048E-02
 1156    1.818110E-02
 1157    1.814969E-02
 1158    1.811836E-02
 1159    1.808710E-02
 1160    1.805593E-02
 1161    2.081541E-02
 1162    2.077960E-02
 1163    2.074388E-02
 1164    2.070825E-02
 1165    2.067272E-02
 1166    2.283481E-02
 1167    2.279569E-02
 1168    2.275667E-02
 1169    2.271776E-02
 1170    2.267894E-02
 1171    2.467959E-02
 1172    2.463750E-02
 1173    2.459551E-02
 1174    2.455362E-02
 1175    2.451185E-02
 1176    2.304658E-02
 1177    2.300743E-02
 1178    2.296839E-02
 1179    2.292944E-02
 1180    2.289060E-02
 1181    2.357928E-02
 1182    2.353940E-02
 1183    2.349962E-02
 1184    2.345995E-02
 1185    2.342037E-02
 1186    2.191759E-02
 1187    2.188068E-02
 1188    2.184386E-02
 1189    2.180713E-02
 1190    2.177049E-02
 1191    1.817731E-02
 1192    1.814682E-02
 1193    1.811641E-02
 1194    1.808608E-02
 1195    1.805582E-02
 1196    1.405270E-02
 1197    1.402923E-02
 1198    1.400582E-02
 1199    1.398247E-02
 1200    1.395917E-02
 1201    8.598747E-03
 1202    8.584445E-03
 1203    8.570180E-03
 1204    8.555949E-03
 1205    8.541755E-03
 1206    4.249048E-03
 1207    4.242010E-03
 1208    4.234990E-03
 1209    4.227987E-03
 1210    4.221001E-03
 1211    9.021535E-04
 1212    9.006654E-04
 1213    8.991810E-04
 1214    8.977002E-04
 1215    8.962231E-04
 1216   -1.061121E-03
 1217   -1.059378E-03
 1218   -1.057639E-03
 1219   -1.055904E-03
 1220   -1.054174E-03
 1221   -2.208154E-03
 1222   -2.204541E-03
 1223   -2.200938E-03
 1224   -2.197343E-03
 1225   -2.193757E-03
 1226   -2.599909E-03
 1227   -2.595673E-03
 1228   -2.591447E-03
 1229   -2.587232E-03
 1230   -2.583027E-03
 1231   -2.965347E-03
 1232   -2.960535E-03
 1233   -2.955735E-03
 1234   -2.950946E-03
 1235   -2.946169E-03
 1236   -2.749422E-03
 1237   -2.744978E-03
 1238   -2.740545E-03
 1239   -2.736123E-03
 1240   -2.731712E-03
 1241   -2.424884E-03
 1242   -2.420981E-03
 1243   -2.417087E-03
 1244   -2.413203E-03
 1245   -2.409328E-03
 1246   -1.940213E-03
 1247   -1.937103E-03
 1248   -1.934000E-03
 1249   -1.930904E-03
 1250   -1.927816E-03
 1251   -1.212568E-03
 1252   -1.210632E-03
 1253   -1.208700E-03
 1254   -1.206773E-03
 1255   -1.204851E-03
 1256   -6.565398E-04
 1257   -6.554956E-04
 1258   -6.544539E-04
 1259   -6.534147E-04
 1260   -6.523779E-04
 1261   -1.827130E-04
 1262   -1.824236E-04
 1263   -1.821348E-04
 1264   -1.818467E-04
 1265   -1.815593E-04
 1266    8.915237E-05
 1267    8.901170E-05
 1268    8.887135E-05
 1269    8.873134E-05
 1270    8.859166E-05
 1271    2.427469E-04
 1272    2.423654E-04
 1273    2.419848E-04
 1274    2.416050E-04
 1275    2.412262E-04
 1276    2.924064E-04
 1277    2.919487E-04
 1278    2.914920E-04
 1279    2.910363E-04
 1280    2.905818E-04
 1281    3.046544E-04
 1282    3.041793E-04
 1283    3.037053E-04
 1284    3.032324E-04
 1285    3.027606E-04
 1286    2.767666E-04
 1287    2.763366E-04
 1288    2.759077E-04
 1289    2.754798E-04
 1290    2.750528E-04
 1291    2.406293E-04
 1292    2.402570E-04
 1293    2.398855E-04
 1294    2.395149E-04
 1295    2.391451E-04
 1296    1.700332E-04
 1297    1.697711E-04
 1298    1.695096E-04
 1299    1.692487E-04
 1300    1.689884E-04
 1301    1.020274E-04
 1302    1.018707E-04
 1303    1.017144E-04
 1304    1.015585E-04
 1305    1.014029E-04
 1306    3.924208E-05
 1307    3.918205E-05
 1308    3.912216E-05
 1309    3.906241E-05
 1310    3.900280E-05
 1311   -9.034570E-06
 1312   -9.020803E-06
 1313   -9.007067E-06
 1314   -8.993363E-06
 1315   -8.979690E-06
 1316   -4.430593E-05
 1317   -4.423867E-05
 1318   -4.417156E-05
 1319   -4.410461E-05
 1320   -4.403781E-05
 1321   -6.456575E-05
 1322   -6.446811E-05
 1323   -6.437069E-05
 1324   -6.427349E-05
 1325   -6.417651E-05
 1326   -7.573078E-05
 1327   -7.561668E-05
 1328   -7.550285E-05
 1329   -7.538926E-05
 1330   -7.527594E-05
 1331   -7.699363E-05
 1332   -7.687807E-05
 1333   -7.676276E-05
 1334   -7.664772E-05
 1335   -7.653294E-05
 1336   -7.388641E-05
 1337   -7.377593E-05
 1338   -7.366569E-05
 1339   -7.355570E-05
 1340   -7.344596E-05
 1341   -6.692721E-05
 1342   -6.682751E-05
 1343   -6.672802E-05
 1344   -6.662876E-05
 1345   -6.652972E-05
 1346   -5.443797E-05
 1347   -5.435718E-05
 1348   -5.427656E-05
 1349   -5.419612E-05
 1350   -5.411586E-05
 1351   -4.234292E-05
 1352   -4.228031E-05
 1353   -4.221783E-05
 1354   -4.215549E-05
 1355   -4.209329E-05
 1356   -3.138627E-05
 1357   -3.134003E-05
 1358   -3.129389E-05
 1359   -3.124785E-05
 1360   -3.120192E-05
 1361   -2.321060E-05
 1362   -2.317652E-05
 1363   -2.314253E-05
 1364   -2.310861E-05
 1365   -2.307476E-05
 1366   -1.800648E-05
 1367   -1.798014E-05
 1368   -1.795387E-05
 1369   -1.792765E-05
 1370   -1.790149E-05
 1371   -1.502676E-05
 1372   -1.500486E-05
 1373   -1.498301E-05
 1374   -1.496121E-05
 1375   -1.493945E-05
 1376   -1.420733E-05
 1377   -1.418670E-05
 1378   -1.416612E-05
 1379   -1.414558E-05
 1380   -1.412509E-05
 1381   -1.341863E-05
 1382   -1.339922E-05
 1383   -1.337985E-05
 1384   -1.336052E-05
 1385   -1.334123E-05
 1386   -1.405464E-05
 1387   -1.403438E-05
 1388   -1.401417E-05
 1389   -1.399400E-05
 1390   -1.397387E-05
 1391   -1.379223E-05
 1392   -1.377242E-05
 1393   -1.375266E-05
 1394   -1.373293E-05
 1395   -1.371325E-05
 1396   -1.429295E-05
 1397   -1.427249E-05
 1398   -1.425208E-05
 1399   -1.423172E-05
 1400   -1.421139E-05
 1401   -1.393149E-05
 1402   -1.391162E-05
 1403   -1.389179E-05
 1404   -1.387201E-05
 1405   -1.385227E-05
 1406   -1.313844E-05
 1407   -1.311977E-05
 1408   -1.310114E-05
 1409   -1.308255E-05
 1410   -1.306400E-05
 1411   -1.326499E-05
 1412   -1.324621E-05
 1413   -1.322746E-05
 1414   -1.320876E-05
 1415   -1.319010E-05
 1416   -1.342273E-05
 1417   -1.340380E-05
 1418   -1.338490E-05
 1419   -1.336604E-05
 1420   -1.334722E-05
 1421   -1.427039E-05
 1422   -1.425032E-05
 1423   -1.423030E-05
 1424   -1.421032E-05
 1425   -1.419038E-05
 1426   -1.539663E-05
 1427   -1.537506E-05
 1428   -1.535353E-05
 1429   -1.533205E-05
 1430   -1.531061E-05
 1431   -1.545148E-05
 1432   -1.542990E-05
 1433   -1.540838E-05
 1434   -1.538689E-05
 1435   -1.536546E-05
 1436   -1.565856E-05
 1437   -1.563677E-05
 1438   -1.561503E-05
 1439   -1.559333E-05
 1440   -1.557168E-05
 1441   -1.494368E-05
 1442   -1.492296E-05
 1443   -1.490228E-05
 1444   -1.488165E-05
 1445   -1.486106E-05
 1446   -1.406258E-05
 1447   -1.404315E-05
 1448   -1.402376E-05
 1449   -1.400441E-05
 1450   -1.398511E-05
 1451   -1.287300E-05
 1452   -1.285527E-05
 1453   -1.283759E-05
 1454   -1.281993E-05
 1455   -1.280232E-05
 1456   -1.157813E-05
 1457   -1.156224E-05
 1458   -1.154639E-05
 1459   -1.153056E-05
 1460   -1.151477E-05
 1461   -1.175052E-05
 1462   -1.173445E-05
 1463   -1.171841E-05
 1464   -1.170241E-05
 1465   -1.168644E-05
 1466   -1.095842E-05
 1467   -1.094349E-05
 1468   -1.092858E-05
 1469   -1.091371E-05
 1470   -1.089887E-05
 1471   -1.116295E-05
 1472   -1.114779E-05
 1473   -1.113266E-05
 1474   -1.111756E-05
 1475   -1.110249E-05
 1476   -1.075293E-05
 1477   -1.073838E-05
 1478   -1.072385E-05
 1479   -1.070935E-05
 1480   -1.069489E-05
 1481   -1.097416E-05
 1482   -1.095936E-05
 1483   -1.094458E-05
 1484   -1.092984E-05
 1485   -1.091512E-05
 1486   -1.128069E-05
 1487   -1.126552E-05
 1488   -1.125038E-05
 1489   -1.123528E-05
 1490   -1.122020E-05
 1491   -1.086224E-05
 1492   -1.084768E-05
 1493   -1.083315E-05
 1494   -1.081866E-05
 1495   -1.080419E-05
 1496   -1.070790E-05
 1497   -1.069360E-05
 1498   -1.067932E-05
 1499   -1.066508E-05
 1500   -1.065086E-05
 1501   -1.034784E-05
 1502   -1.033406E-05
 1503   -1.032032E-05
 1504   -1.030660E-05
 1505   -1.029291E-05
 1506   -1.009912E-05
 1507   -1.008572E-05
 1508   -1.007235E-05
 1509   -1.005900E-05
 1510   -1.004568E-05
 1511   -1.003162E-05
 1512   -1.001836E-05
 1513   -1.000512E-05
 1514   -9.991904E-06
 1515   -9.978718E-06
 1516   -9.614920E-06
 1517   -9.602248E-06
 1518   -9.589601E-06
 1519   -9.576979E-06
 1520   -9.564381E-06
 1521   -9.763595E-06
 1522   -9.750769E-06
 1523   -9.737968E-06
 1524   -9.725193E-06
 1525   -9.712443E-06
 1526   -1.011482E-05
 1527   -1.010158E-05
 1528   -1.008836E-05
 1529   -1.007517E-05
 1530   -1.006200E-05
 1531   -9.965703E-06
 1532   -9.952697E-06
 1533   -9.939717E-06
 1534   -9.926762E-06
 1535   -9.913832E-06
 1536   -9.831518E-06
 1537   -9.818729E-06
 1538   -9.805965E-06
 1539   -9.793225E-06
 1540   -9.780511E-06
 1541   -9.393023E-06
 1542   -9.380844E-06
 1543   -9.368689E-06
 1544   -9.356557E-06
 1545   -9.344449E-06
 1546   -9.759108E-06
 1547   -9.746495E-06
 1548   -9.733907E-06
 1549   -9.721343E-06
 1550   -9.708803E-06
 1551   -9.126268E-06
 1552   -9.114511E-06
 1553   -9.102777E-06
 1554   -9.091065E-06
 1555   -9.079377E-06
 1556   -9.145187E-06
 1557   -9.133443E-06
 1558   -9.121723E-06
 1559   -9.110024E-06
 1560   -9.098349E-06
 1561   -8.897584E-06
 1562   -8.886195E-06
 1563   -8.874828E-06
 1564   -8.863483E-06
 1565   -8.852159E-06
 1566   -8.768565E-06
 1567   -8.757377E-06
 1568   -8.746211E-06
 1569   -8.735066E-06
 1570   -8.723942E-06
 1571   -8.834161E-06
 1572   -8.822925E-06
 1573   -8.811711E-06
 1574   -8.800518E-06
 1575   -8.789346E-06
 1576   -8.915124E-06
 1577   -8.903821E-06
 1578   -8.892540E-06
 1579   -8.881280E-06
 1580   -8.870041E-06
 1581   -8.848981E-06
 1582   -8.837797E-06
 1583   -8.826635E-06
 1584   -8.815493E-06
 1585   -8.804373E-06
 1586   -8.951624E-06
 1587   -8.940346E-06
 1588   -8.929090E-06
 1589   -8.917855E-06
 1590   -8.906641E-06
 1591   -8.748220E-06
 1592   -8.737233E-06
 1593   -8.726267E-06
 1594   -8.715322E-06
 1595   -8.704397E-06
 1596   -8.593935E-06
 1597   -8.583176E-06
 1598   -8.572437E-06
 1599   -8.561718E-06
 1600   -8.551020E-06
 1601   -8.337276E-06
 1602   -8.326871E-06
 1603   -8.316485E-06
 1604   -8.306119E-06
 1605   -8.295772E-06
 1606   -8.132576E-06
 1607   -8.122458E-06
 1608   -8.112358E-06
 1609   -8.102278E-06
 1610   -8.092216E-06
 1611   -8.212638E-06
 1612   -8.202452E-06
 1613   -8.192285E-06
 1614   -8.182137E-06
 1615   -8.172007E-06
 1616   -8.010776E-06
 1617   -8.000871E-06
 1618   -7.990985E-06
 1619   -7.981116E-06
 1620   -7.971266E-06
 1621   -8.044088E-06
 1622   -8.034172E-06
 1623   -8.024275E-06
 1624   -8.014396E-06
 1625   -8.004535E-06
 1626   -7.938614E-06
 1627   -7.928859E-06
 1628   -7.919121E-06
 1629   -7.909401E-06
 1630   -7.899700E-06
 1631   -8.177629E-06
 1632   -8.167610E-06
 1633   -8.157610E-06
 1634   -8.147628E-06
 1635   -8.137665E-06
 1636   -7.978106E-06
 1637   -7.968362E-06
 1638   -7.958635E-06
 1639   -7.948927E-06
 1640   -7.939236E-06
 1641   -8.026294E-06
 1642   -8.016520E-06
 1643   -8.006765E-06
 1644   -7.997027E-06
 1645   -7.987307E-06
 1646   -7.729802E-06
 1647   -7.720418E-06
 1648   -7.711052E-06
 1649   -7.701702E-06
 1650   -7.692370E-06
 1651   -7.718487E-06
 1652   -7.709145E-06
 1653   -7.699821E-06
 1654   -7.690513E-06
 1655   -7.681222E-06
 1656   -7.463765E-06
 1657   -7.454759E-06
 1658   -7.445769E-06
 1659   -7.436795E-06
 1660   -7.427838E-06
 1661   -7.201656E-06
 1662   -7.192992E-06
 1663   -7.184344E-06
 1664   -7.175711E-06
 1665   -7.167095E-06
 1666   -7.395929E-06
 1667   -7.387058E-06
 1668   -7.378204E-06
 1669   -7.369365E-06
 1670   -7.360542E-06
 1671   -7.336766E-06
 1672   -7.327992E-06
 1673   -7.319235E-06
 1674   -7.310493E-06
 1675   -7.301766E-06
 1676   -7.495298E-06
 1677   -7.486362E-06
 1678   -7.477442E-06
 1679   -7.468537E-06
 1680   -7.459649E-06
 1681   -7.360140E-06
 1682   -7.351391E-06
 1683   -7.342658E-06
 1684   -7.333940E-06
 1685   -7.325238E-06
 1686   -7.315484E-06
 1687   -7.306814E-06
 1688   -7.298159E-06
 1689   -7.289519E-06
 1690   -7.280895E-06
 1691   -7.229790E-06
 1692   -7.221247E-06
 1693   -7.212719E-06
 1694   -7.204206E-06
 1695   -7.195708E-06
 1696   -7.055625E-06
 1697   -7.047312E-06
 1698   -7.039014E-06
 1699   -7.030730E-06
 1700   -7.022461E-06
 1701   -6.910657E-06
 1702   -6.902538E-06
 1703   -6.894434E-06
 1704   -6.886345E-06
 1705   -6.878269E-06
 1706   -6.638962E-06
 1707   -6.631185E-06
 1708   -6.623423E-06
 1709   -6.615674E-06
 1710   -6.607938E-06
 1711   -6.490625E-06
 1712   -6.483045E-06
 1713   -6.475478E-06
 1714   -6.467924E-06
 1715   -6.460384E-06
 1716   -6.541604E-06
 1717   -6.533986E-06
 1718   -6.526382E-06
 1719   -6.518791E-06
 1720   -6.511213E-06
 1721   -6.400648E-06
 1722   -6.393216E-06
 1723   -6.385797E-06
 1724   -6.378391E-06
 1725   -6.370998E-06
 1726   -6.629474E-06
 1727   -6.621799E-06
 1728   -6.614137E-06
 1729   -6.606488E-06
 1730   -6.598853E-06
 1731   -6.449525E-06
 1732   -6.442080E-06
 1733   -6.434647E-06
 1734   -6.427228E-06
 1735   -6.419821E-06
 1736   -6.490866E-06
 1737   -6.483395E-06
 1738   -6.475936E-06
 1739   -6.468491E-06
 1740   -6.461058E-06
 1741   -6.366077E-06
 1742   -6.358770E-06
 1743   -6.351476E-06
 1744   -6.344194E-06
 1745   -6.336925E-06
 1746   -6.022467E-06
 1747   -6.015575E-06
 1748   -6.008694E-06
 1749   -6.001825E-06
 1750   -5.994968E-06
 1751   -5.876973E-06
 1752   -5.870266E-06
 1753   -5.863570E-06
 1754   -5.856886E-06
 1755   -5.850214E-06
 1756   -5.563254E-06
 1757   -5.556923E-06
 1758   -5.550603E-06
 1759   -5.544293E-06
 1760   -5.537995E-06
 1761   -5.524207E-06
 1762   -5.517938E-06
 1763   -5.511680E-06
 1764   -5.505433E-06
 1765   -5.499196E-06
 1766   -5.307732E-06
 1767   -5.301726E-06
 1768   -5.295730E-06
 1769   -5.289744E-06
 1770   -5.283769E-06
 1771   -5.308970E-06
 1772   -5.302979E-06
 1773   -5.296999E-06
 1774   -5.291029E-06
 1775   -5.285069E-06
 1776   -5.423517E-06
 1777   -5.417415E-06
 1778   -5.411322E-06
 1779   -5.405241E-06
 1780   -5.399169E-06
 1781   -5.299182E-06
 1782   -5.293236E-06
 1783   -5.287301E-06
 1784   -5.281375E-06
 1785   -5.275459E-06
 1786   -5.316417E-06
 1787   -5.310468E-06
 1788   -5.304530E-06
 1789   -5.298601E-06
 1790   -5.292683E-06
 1791   -5.132114E-06
 1792   -5.126388E-06
 1793   -5.120671E-06
 1794   -5.114964E-06
 1795   -5.109267E-06
 1796   -5.036426E-06
 1797   -5.030823E-06
 1798   -5.025228E-06
 1799   -5.019643E-06
 1800   -5.014067E-06
 1801   -4.859674E-06
 1802   -4.854282E-06
 1803   -4.848899E-06
 1804   -4.843525E-06
 1805   -4.838159E-06
 1806   -4.628828E-06
 1807   -4.623706E-06
 1808   -4.618592E-06
 1809   -4.613488E-06
 1810   -4.608391E-06
 1811   -4.535563E-06
 1812   -4.530558E-06
 1813   -4.525562E-06
 1814   -4.520573E-06
 1815   -4.515593E-06
 1816   -4.415496E-06
 1817   -4.410637E-06
 1818   -4.405786E-06
 1819   -4.400943E-06
 1820   -4.396108E-06
 1821   -4.531691E-06
 1822   -4.526718E-06
 1823   -4.521753E-06
 1824   -4.516796E-06
 1825   -4.511848E-06
 1826   -4.436974E-06
 1827   -4.432118E-06
 1828   -4.427270E-06
 1829   -4.422430E-06
 1830   -4.417598E-06
 1831   -4.417679E-06
 1832   -4.412858E-06
 1833   -4.408044E-06
 1834   -4.403238E-06
 1835   -4.398441E-06
 1836   -4.400655E-06
 1837   -4.395865E-06
 1838   -4.391083E-06
 1839   -4.386309E-06
 1840   -4.381543E-06
 1841   -4.250653E-06
 1842   -4.246039E-06
 1843   -4.241432E-06
 1844   -4.236833E-06
 1845   -4.232242E-06
 1846   -4.101552E-06
 1847   -4.097112E-06
 1848   -4.092679E-06
 1849   -4.088253E-06
 1850   -4.083835E-06
 1851   -3.843549E-06
 1852   -3.839400E-06
 1853   -3.835257E-06
 1854   -3.831121E-06
 1855   -3.826991E-06
 1856   -3.655220E-06
 1857   -3.651284E-06
 1858   -3.647355E-06
 1859   -3.643432E-06
 1860   -3.639516E-06
 1861   -3.536650E-06
 1862   -3.532853E-06
 1863   -3.529061E-06
 1864   -3.525275E-06
 1865   -3.521496E-06
 1866   -3.459884E-06
 1867   -3.456178E-06
 1868   -3.452479E-06
 1869   -3.448785E-06
 1870   -3.445098E-06
 1871   -3.478929E-06
 1872   -3.475213E-06
 1873   -3.471503E-06
 1874   -3.467799E-06
 1875   -3.464101E-06
 1876   -3.372824E-06
 1877   -3.369231E-06
 1878   -3.365643E-06
 1879   -3.362062E-06
 1880   -3.358486E-06
 1881   -3.404646E-06
 1882   -3.401029E-06
 1883   -3.397417E-06
 1884   -3.393812E-06
 1885   -3.390212E-06
 1886   -3.306639E-06
 1887   -3.303135E-06
 1888   -3.299637E-06
 1889   -3.296145E-06
 1890   -3.292658E-06
 1891   -3.212554E-06
 1892   -3.209159E-06
 1893   -3.205770E-06
 1894   -3.202385E-06
 1895   -3.199006E-06
 1896   -3.143030E-06
 1897   -3.139717E-06
 1898   -3.136410E-06
 1899   -3.133108E-06
 1900   -3.129810E-06
 1901   -2.894197E-06
 1902   -2.891155E-06
 1903   -2.888117E-06
 1904   -2.885084E-06
 1905   -2.882056E-06
 1906   -2.797326E-06
 1907   -2.794393E-06
 1908   -2.791464E-06
 1909   -2.788541E-06
 1910   -2.785621E-06
 1911   -2.721861E-06
 1912   -2.719015E-06
 1913   -2.716173E-06
 1914   -2.713335E-06
 1915   -2.710502E-06
 1916   -2.639380E-06
 1917   -2.636627E-06
 1918   -2.633878E-06
 1919   -2.631134E-06
 1920   -2.628394E-06
 1921   -2.616961E-06
 1922   -2.614239E-06
 1923   -2.611521E-06
 1924   -2.608807E-06
 1925   -2.606097E-06
 1926   -2.581978E-06
 1927   -2.579299E-06
 1928   -2.576624E-06
 1929   -2.573954E-06
 1930   -2.571287E-06
 1931   -2.610832E-06
 1932   -2.608130E-06
 1933   -2.605432E-06
 1934   -2.602738E-06
 1935   -2.600049E-06
 1936   -2.513142E-06
 1937   -2.510548E-06
 1938   -2.507958E-06
 1939   -2.505371E-06
 1940   -2.502789E-06
 1941   -2.439878E-06
 1942   -2.437366E-06
 1943   -2.434857E-06
 1944   -2.432353E-06
 1945   -2.429852E-06
 1946   -2.320949E-06
 1947   -2.318565E-06
 1948   -2.316185E-06
 1949   -2.313809E-06
 1950   -2.311437E-06
 1951   -2.104326E-06
 1952   -2.102171E-06
 1953   -2.100019E-06
 1954   -2.097870E-06
 1955   -2.095724E-06
 1956   -2.057526E-06
 1957   -2.055424E-06
 1958   -2.053325E-06
 1959   -2.051229E-06
 1960   -2.049136E-06
 1961   -1.862544E-06
 1962   -1.860646E-06
 1963   -1.858751E-06
 1964   -1.856858E-06
 1965   -1.854969E-06
 1966   -1.865911E-06
 1967   -1.864014E-06
 1968   -1.862120E-06
 1969   -1.860229E-06
 1970   -1.858341E-06
 1971   -1.825754E-06
 1972   -1.823903E-06
 1973   -1.822054E-06
 1974   -1.820209E-06
 1975   -1.818366E-06
 1976   -1.788608E-06
 1977   -1.786799E-06
 1978   -1.784993E-06
 1979   -1.783190E-06
 1980   -1.781389E-06
 1981   -1.778442E-06
 1982   -1.776648E-06
 1983   -1.774856E-06
 1984   -1.773068E-06
 1985   -1.771282E-06
 1986   -1.722843E-06
 1987   -1.721109E-06
 1988   -1.719378E-06
 1989   -1.717650E-06
 1990   -1.715924E-06
 1991   -1.702617E-06
 1992   -1.700908E-06
 1993   -1.699201E-06
 1994   -1.697497E-06
 1995   -1.695796E-06
 1996   -1.579915E-06
 1997   -1.578333E-06
 1998   -1.576753E-06
 1999   -1.575176E-06
 2000   -1.573601E-06
 2001   -1.471899E-06
 2002   -1.470429E-06
 2003   -1.468961E-06
 2004   -1.467496E-06
 2005   -1.466032E-06
 2006   -1.390857E-06
 2007   -1.389471E-06
 2008   -1.388087E-06
 2009   -1.386706E-06
 2010   -1.385326E-06
 2011   -1.309588E-06
 2012   -1.308287E-06
 2013   -1.306987E-06
 2014   -1.305690E-06
 2015   -1.304394E-06
 2016   -1.297031E-06
 2017   -1.295745E-06
 2018   -1.294461E-06
 2019   -1.293179E-06
 2020   -1.291899E-06
 2021   -1.259668E-06
 2022   -1.258423E-06
 2023   -1.257179E-06
 2024   -1.255937E-06
 2025   -1.254697E-06
 2026   -1.227801E-06
 2027   -1.226590E-06
 2028   -1.225380E-06
 2029   -1.224173E-06
 2030   -1.222967E-06
 2031   -1.240538E-06
 2032   -1.239317E-06
 2033   -1.238098E-06
 2034   -1.236881E-06
 2035   -1.235666E-06
 2036   -1.178081E-06
 2037   -1.176925E-06
 2038   -1.175770E-06
 2039   -1.174617E-06
 2040   -1.173466E-06
 2041   -1.158344E-06
 2042   -1.157209E-06
 2043   -1.156077E-06
 2044   -1.154946E-06
 2045   -1.153817E-06
 2046   -1.048369E-06
 2047   -1.047345E-06
 2048   -1.046322E-06
 2049   -1.045301E-06
 2050   -1.044281E-06
 2051   -9.692193E-07
 2052   -9.682749E-07
 2053   -9.673318E-07
 2054   -9.663901E-07
 2055   -9.654498E-07
 2056   -9.000142E-07
 2057   -8.991393E-07
 2058   -8.982657E-07
 2059   -8.973934E-07
 2060   -8.965224E-07
 2061   -8.396258E-07
 2062   -8.388116E-07
 2063   -8.379986E-07
 2064   -8.371868E-07
 2065   -8.363761E-07
 2066   -8.126058E-07
 2067   -8.118197E-07
 2068   -8.110348E-07
 2069   -8.102510E-07
 2070   -8.094683E-07
 2071   -7.721770E-07
 2072   -7.714318E-07
 2073   -7.706877E-07
 2074   -7.699447E-07
 2075   -7.692028E-07
 2076   -7.799982E-07
 2077   -7.792472E-07
 2078   -7.784974E-07
 2079   -7.777487E-07
 2080   -7.770010E-07
 2081   -7.681135E-07
 2082   -7.673758E-07
 2083   -7.666392E-07
 2084   -7.659036E-07
 2085   -7.651691E-07
 2086   -7.604207E-07
 2087   -7.596921E-07
 2088   -7.589646E-07
 2089   -7.582382E-07
 2090   -7.575128E-07
 2091   -7.039170E-07
 2092   -7.032442E-07
 2093   -7.025724E-07
 2094   -7.019015E-07
 2095   -7.012316E-07
 2096   -6.715428E-07
 2097   -6.709025E-07
 2098   -6.702631E-07
 2099   -6.696246E-07
 2100   -6.689870E-07
 2101   -6.206128E-07
 2102   -6.200224E-07
 2103   -6.194329E-07
 2104   -6.188442E-07
 2105   -6.182564E-07
 2106   -5.683255E-07
 2107   -5.677861E-07
 2108   -5.672476E-07
 2109   -5.667098E-07
 2110   -5.661727E-07
 2111   -5.465668E-07
 2112   -5.460493E-07
 2113   -5.455326E-07
 2114   -5.450166E-07
 2115   -5.445013E-07
 2116   -5.268078E-07
 2117   -5.263102E-07
 2118   -5.258134E-07
 2119   -5.253172E-07
 2120   -5.248217E-07
 2121   -5.128561E-07
 2122   -5.123729E-07
 2123   -5.118903E-07
 2124   -5.114084E-07
 2125   -5.109272E-07
 2126   -5.007956E-07
 2127   -5.003248E-07
 2128   -4.998547E-07
 2129   -4.993852E-07
 2130   -4.989165E-07
 2131   -4.923436E-07
 2132   -4.918819E-07
 2133   -4.914208E-07
 2134   -4.909603E-07
 2135   -4.905005E-07
 2136   -4.862457E-07
 2137   -4.857907E-07
 2138   -4.853364E-07
 2139   -4.848827E-07
 2140   -4.844296E-07
 2141   -4.569249E-07
 2142   -4.564983E-07
 2143   -4.560724E-07
 2144   -4.556471E-07
 2145   -4.552223E-07
 2146   -4.217751E-07
 2147   -4.213823E-07
 2148   -4.209900E-07
 2149   -4.205983E-07
 2150   -4.202072E-07
 2151   -3.743179E-07
 2152   -3.739701E-07
 2153   -3.736227E-07
 2154   -3.732759E-07
 2155   -3.729296E-07
 2156   -3.432515E-07
 2157   -3.429333E-07
 2158   -3.426156E-07
 2159   -3.422983E-07
 2160   -3.419814E-07
 2161   -3.315529E-07
 2162   -3.312463E-07
 2163   -3.309401E-07
 2164   -3.306343E-07
 2165   -3.303289E-07
 2166   -3.071920E-07
 2167   -3.069086E-07
 2168   -3.066255E-07
 2169   -3.063429E-07
 2170   -3.060606E-07
 2171   -3.033429E-07
 2172   -3.030636E-07
 2173   -3.027847E-07
 2174   -3.025062E-07
 2175   -3.022281E-07
 2176   -2.910461E-07
 2177   -2.907788E-07
 2178   -2.905118E-07
 2179   -2.902452E-07
 2180   -2.899790E-07
 2181   -2.905817E-07
 2182   -2.903154E-07
 2183   -2.900495E-07
 2184   -2.897840E-07
 2185   -2.895188E-07
 2186   -2.849750E-07
 2187   -2.847144E-07
 2188   -2.844542E-07
 2189   -2.841944E-07
 2190   -2.839349E-07
 2191   -2.684596E-07
 2192   -2.682147E-07
 2193   -2.679702E-07
 2194   -2.677260E-07
 2195   -2.674821E-07
 2196   -2.591963E-07
 2197   -2.589604E-07
 2198   -2.587248E-07
 2199   -2.584896E-07
 2200   -2.582546E-07
 2201   -2.360240E-07
 2202   -2.358097E-07
 2203   -2.355957E-07
 2204   -2.353819E-07
 2205   -2.351685E-07
 2206   -2.269990E-07
 2207   -2.267934E-07
 2208   -2.265880E-07
 2209   -2.263829E-07
 2210   -2.261781E-07
 2211   -2.149577E-07
 2212   -2.147634E-07
 2213   -2.145694E-07
 2214   -2.143756E-07
 2215   -2.141821E-07
 2216   -2.065602E-07
 2217   -2.063739E-07
 2218   -2.061879E-07
 2219   -2.060021E-07
 2220   -2.058165E-07
 2221   -2.071564E-07
 2222   -2.069700E-07
 2223   -2.067839E-07
 2224   -2.065979E-07
 2225   -2.064123E-07
 2226   -1.996518E-07
 2227   -1.994725E-07
 2228   -1.992935E-07
 2229   -1.991148E-07
 2230   -1.989362E-07
 2231   -2.005893E-07
 2232   -2.004096E-07
 2233   -2.002301E-07
 2234   -2.000509E-07
 2235   -1.998719E-07
 2236   -1.967901E-07
 2237   -1.966142E-07
 2238   -1.964385E-07
 2239   -1.962631E-07
 2240   -1.960879E-07
 2241   -1.877668E-07
 2242   -1.875993E-07
 2243   -1.874321E-07
 2244   -1.872651E-07
 2245   -1.870983E-07
 2246   -1.915234E-07
 2247   -1.913530E-07
 2248   -1.911828E-07
 2249   -1.910128E-07
 2250   -1.908431E-07
 2251   -1.786726E-07
 2252   -1.785140E-07
 2253   -1.783555E-07
 2254   -1.781973E-07
 2255   -1.780393E-07
 2256   -1.764033E-07
 2257   -1.762470E-07
 2258   -1.760909E-07
 2259   -1.759351E-07
 2260   -1.757794E-07
 2261   -1.716878E-07
 2262   -1.715360E-07
 2263   -1.713845E-07
 2264   -1.712331E-07
 2265   -1.710819E-07
 2266   -1.700386E-07
 2267   -1.698887E-07
 2268   -1.697389E-07
 2269   -1.695893E-07
 2270   -1.694399E-07
 2271   -1.710589E-07
 2272   -1.709083E-07
 2273   -1.707580E-07
 2274   -1.706078E-07
 2275   -1.704579E-07
 2276   -1.652612E-07
 2277   -1.651161E-07
 2278   -1.649712E-07
 2279   -1.648264E-07
 2280   -1.646819E-07
 2281   -1.703155E-07
 2282   -1.701663E-07
 2283   -1.700172E-07
 2284   -1.698684E-07
 2285   -1.697197E-07
 2286   -1.682281E-07
 2287   -1.680810E-07
 2288   -1.679341E-07
 2289   -1.677874E-07
 2290   -1.676409E-07
 2291   -1.685173E-07
 2292   -1.683702E-07
 2293   -1.682234E-07
 2294   -1.680768E-07
 2295   -1.679303E-07
 2296   -1.688619E-07
 2297   -1.687149E-07
 2298   -1.685681E-07
 2299   -1.684214E-07
 2300   -1.682750E-07
 2301   -1.676475E-07
 2302   -1.675019E-07
 2303   -1.673565E-07
 2304   -1.672112E-07
 2305   -1.670662E-07
 2306   -1.750648E-07
 2307   -1.749131E-07
 2308   -1.747616E-07
 2309   -1.746102E-07
 2310   -1.744591E-07
 2311   -1.709626E-07
 2312   -1.708148E-07
 2313   -1.706671E-07
 2314   -1.705196E-07
 2315   -1.703723E-07
 2316   -1.729724E-07
 2317   -1.728232E-07
 2318   -1.726741E-07
 2319   -1.725252E-07
 2320   -1.723765E-07
 2321   -1.717274E-07
 2322   -1.715795E-07
 2323   -1.714318E-07
 2324   -1.712843E-07
 2325   -1.711370E-07
 2326   -1.729948E-07
 2327   -1.728462E-07
 2328   -1.726977E-07
 2329   -1.725495E-07
 2330   -1.724014E-07
 2331   -1.759363E-07
 2332   -1.757854E-07
 2333   -1.756348E-07
 2334   -1.754843E-07
 2335   -1.753340E-07
 2336   -1.736003E-07
 2337   -1.734518E-07
 2338   -1.733035E-07
 2339   -1.731553E-07
 2340   -1.730073E-07
 2341   -1.793637E-07
 2342   -1.792106E-07
 2343   -1.790576E-07
 2344   -1.789049E-07
 2345   -1.787523E-07
 2346   -1.832555E-07
 2347   -1.830994E-07
 2348   -1.829434E-07
 2349   -1.827877E-07
 2350   -1.826322E-07
 2351   -1.896019E-07
 2352   -1.894407E-07
 2353   -1.892797E-07
 2354   -1.891190E-07
 2355   -1.889584E-07
 2356   -1.906149E-07
 2357   -1.904532E-07
 2358   -1.902917E-07
 2359   -1.901304E-07
 2360   -1.899693E-07
 2361   -1.934901E-07
 2362   -1.933263E-07
 2363   -1.931627E-07
 2364   -1.929993E-07
 2365   -1.928361E-07
 2366   -1.995373E-07
 2367   -1.993687E-07
 2368   -1.992004E-07
 2369   -1.990323E-07
 2370   -1.988643E-07
 2371   -1.992331E-07
 2372   -1.990651E-07
 2373   -1.988974E-07
 2374   -1.987299E-07
 2375   -1.985626E-07
 2376   -2.014395E-07
 2377   -2.012700E-07
 2378   -2.011008E-07
 2379   -2.009317E-07
 2380   -2.007629E-07
 2381   -2.033003E-07
 2382   -2.031296E-07
 2383   -2.029592E-07
 2384   -2.027890E-07
 2385   -2.026189E-07
 2386   -2.033607E-07
 2387   -2.031903E-07
 2388   -2.030202E-07
 2389   -2.028503E-07
 2390   -2.026806E-07
 2391   -2.132413E-07
 2392   -2.130631E-07
 2393   -2.128850E-07
 2394   -2.127072E-07
 2395   -2.125296E-07
 2396   -2.117235E-07
 2397   -2.115469E-07
 2398   -2.113705E-07
 2399   -2.111943E-07
 2400   -2.110183E-07
 2401   -2.219403E-07
 2402   -2.217555E-07
 2403   -2.215710E-07
 2404   -2.213867E-07
 2405   -2.212026E-07
 2406   -2.246784E-07
 2407   -2.244918E-07
 2408   -2.243054E-07
 2409   -2.241192E-07
 2410   -2.239332E-07
 2411   -2.304426E-07
 2412   -2.302516E-07
 2413   -2.300608E-07
 2414   -2.298702E-07
 2415   -2.296799E-07
 2416   -2.345946E-07
 2417   -2.344005E-07
 2418   -2.342067E-07
 2419   -2.340131E-07
 2420   -2.338197E-07
 2421   -2.325150E-07
 2422   -2.323231E-07
 2423   -2.321313E-07
 2424   -2.319398E-07
 2425   -2.317486E-07
 2426   -2.376475E-07
 2427   -2.374517E-07
 2428   -2.372561E-07
 2429   -2.370608E-07
 2430   -2.368657E-07
 2431   -2.343886E-07
 2432   -2.341959E-07
 2433   -2.340035E-07
 2434   -2.338112E-07
 2435   -2.336192E-07
 2436   -2.398642E-07
 2437   -2.396674E-07
 2438   -2.394708E-07
 2439   -2.392745E-07
 2440   -2.390784E-07
 2441   -2.443323E-07
 2442   -2.441322E-07
 2443   -2.439324E-07
 2444   -2.437328E-07
 2445   -2.435335E-07
 2446   -2.449975E-07
 2447   -2.447973E-07
 2448   -2.445974E-07
 2449   -2.443977E-07
 2450   -2.441982E-07
 2451   -2.550994E-07
 2452   -2.548913E-07
 2453   -2.546836E-07
 2454   -2.544760E-07
 2455   -2.542688E-07
 2456   -2.603063E-07
 2457   -2.600944E-07
 2458   -2.598828E-07
 2459   -2.596715E-07
 2460   -2.594604E-07
 2461   -2.651249E-07
 2462   -2.649096E-07
 2463   -2.646945E-07
 2464   -2.644797E-07
 2465   -2.642651E-07
 2466   -2.650166E-07
 2467   -2.648018E-07
 2468   -2.645872E-07
 2469   -2.643729E-07
 2470   -2.641589E-07
 2471   -2.624074E-07
 2472   -2.621951E-07
 2473   -2.619831E-07
 2474   -2.617714E-07
 2475   -2.615599E-07
 2476   -2.670796E-07
 2477   -2.668640E-07
 2478   -2.666486E-07
 2479   -2.664335E-07
 2480   -2.662187E-07
 2481   -2.634040E-07
 2482   -2.631918E-07
 2483   -2.629798E-07
 2484   -2.627681E-07
 2485   -2.625567E-07
 2486   -2.712684E-07
 2487   -2.710503E-07
 2488   -2.708325E-07
 2489   -2.706149E-07
 2490   -2.703976E-07
 2491   -2.719475E-07
 2492   -2.717293E-07
 2493   -2.715113E-07
 2494   -2.712937E-07
 2495   -2.710762E-07
 2496   -2.750367E-07
 2497   -2.748165E-07
 2498   -2.745965E-07
 2499   -2.743768E-07
 2500   -2.741573E-07
 2501   -2.783107E-07
 2502   -2.780882E-07
 2503   -2.778661E-07
 2504   -2.776442E-07
 2505   -2.774226E-07
 2506   -2.764106E-07
 2507   -2.761902E-07
 2508   -2.759700E-07
 2509   -2.757500E-07
 2510   -2.755303E-07
 2511   -2.888071E-07
 2512   -2.885772E-07
 2513   -2.883476E-07
 2514   -2.881182E-07
 2515   -2.878892E-07
 2516   -2.846680E-07
 2517   -2.844419E-07
 2518   -2.842160E-07
 2519   -2.839904E-07
 2520   -2.837651E-07
 2521   -2.872919E-07
 2522   -2.870641E-07
 2523   -2.868366E-07
 2524   -2.866093E-07
 2525   -2.863824E-07
 2526   -2.847401E-07
 2527   -2.845148E-07
 2528   -2.842898E-07
 2529   -2.840650E-07
 2530   -2.838405E-07
 2531   -2.850746E-07
 2532   -2.848495E-07
 2533   -2.846246E-07
 2534   -2.844000E-07
 2535   -2.841757E-07
 2536   -2.897529E-07
 2537   -2.895245E-07
 2538   -2.892964E-07
 2539   -2.890686E-07
 2540   -2.888410E-07
 2541   -2.880236E-07
 2542   -2.877971E-07
 2543   -2.875708E-07
 2544   -2.873447E-07
 2545   -2.871190E-07
 2546   -2.915100E-07
 2547   -2.912811E-07
 2548   -2.910526E-07
 2549   -2.908242E-07
 2550   -2.905962E-07
 2551   -2.841033E-07
 2552   -2.838806E-07
 2553   -2.836583E-07
 2554   -2.834362E-07
 2555   -2.832144E-07
 2556   -2.890657E-07
 2557   -2.888397E-07
 2558   -2.886139E-07
 2559   -2.883884E-07
 2560   -2.881631E-07
 2561   -2.897538E-07
 2562   -2.895276E-07
 2563   -2.893017E-07
 2564   -2.890761E-07
 2565   -2.888507E-07
 2566   -2.885398E-07
 2567   -2.883151E-07
 2568   -2.880906E-07
 2569   -2.878663E-07
 2570   -2.876423E-07
 2571   -2.941458E-07
 2572   -2.939172E-07
 2573   -2.936887E-07
 2574   -2.934606E-07
 2575   -2.932327E-07
 2576   -2.861330E-07
 2577   -2.859109E-07
 2578   -2.856892E-07
 2579   -2.854677E-07
 2580   -2.852464E-07
 2581   -2.912266E-07
 2582   -2.910010E-07
 2583   -2.907757E-07
 2584   -2.905507E-07
 2585   -2.903260E-07
 2586   -2.902067E-07
 2587   -2.899824E-07
 2588   -2.897583E-07
 2589   -2.895345E-07
 2590   -2.893110E-07
 2591   -2.895291E-07
 2592   -2.893057E-07
 2593   -2.890826E-07
 2594   -2.888598E-07
 2595   -2.886372E-07
 2596   -2.906357E-07
 2597   -2.904119E-07
 2598   -2.901884E-07
 2599   -2.899651E-07
 2600   -2.897421E-07
 2601   -2.826934E-07
 2602   -2.824761E-07
 2603   -2.822591E-07
 2604   -2.820424E-07
 2605   -2.818259E-07
 2606   -2.895732E-07
 2607   -2.893511E-07
 2608   -2.891292E-07
 2609   -2.889076E-07
 2610   -2.886863E-07
 2611   -2.843624E-07
 2612   -2.841447E-07
 2613   -2.839273E-07
 2614   -2.837101E-07
 2615   -2.834931E-07
 2616   -2.893905E-07
 2617   -2.891694E-07
 2618   -2.889485E-07
 2619   -2.887279E-07
 2620   -2.885076E-07
 2621   -2.818564E-07
 2622   -2.816415E-07
 2623   -2.814268E-07
 2624   -2.812123E-07
 2625   -2.809981E-07
 2626   -2.837391E-07
 2627   -2.835231E-07
 2628   -2.833074E-07
 2629   -2.830919E-07
 2630   -2.828767E-07
 2631   -2.883272E-07
 2632   -2.881081E-07
 2633   -2.878893E-07
 2634   -2.876708E-07
 2635   -2.874525E-07
 2636   -2.823534E-07
 2637   -2.821393E-07
 2638   -2.819254E-07
 2639   -2.817118E-07
 2640   -2.814984E-07
 2641   -2.820822E-07
 2642   -2.818687E-07
 2643   -2.816554E-07
 2644   -2.814424E-07
 2645   -2.812296E-07
 2646   -2.791274E-07
 2647   -2.789165E-07
 2648   -2.787059E-07
 2649   -2.784955E-07
 2650   -2.782854E-07
 2651   -2.740492E-07
 2652   -2.738426E-07
 2653   -2.736362E-07
 2654   -2.734300E-07
 2655   -2.732241E-07
 2656   -2.786733E-07
 2657   -2.784636E-07
 2658   -2.782541E-07
 2659   -2.780448E-07
 2660   -2.778358E-07
 2661   -2.680987E-07
 2662   -2.678974E-07
 2663   -2.676962E-07
 2664   -2.674953E-07
 2665   -2.672945E-07
 2666   -2.752398E-07
 2667   -2.750334E-07
 2668   -2.748273E-07
 2669   -2.746214E-07
 2670   -2.744157E-07
 2671   -2.703926E-07
 2672   -2.701903E-07
 2673   -2.699881E-07
 2674   -2.697862E-07
 2675   -2.695846E-07
 2676   -2.656242E-07
 2677   -2.654258E-07
 2678   -2.652276E-07
 2679   -2.650296E-07
 2680   -2.648319E-07
 2681   -2.708114E-07
 2682   -2.706095E-07
 2683   -2.704078E-07
 2684   -2.702063E-07
 2685   -2.700051E-07
 2686   -2.652866E-07
 2687   -2.650892E-07
 2688   -2.648920E-07
 2689   -2.646950E-07
 2690   -2.644982E-07
 2691   -2.683162E-07
 2692   -2.681169E-07
 2693   -2.679178E-07
 2694   -2.677189E-07
 2695   -2.675203E-07
 2696   -2.558812E-07
 2697   -2.556914E-07
 2698   -2.555019E-07
 2699   -2.553126E-07
 2700   -2.551235E-07
 2701   -2.551733E-07
 2702   -2.549844E-07
 2703   -2.547958E-07
 2704   -2.546074E-07
 2705   -2.544191E-07
 2706   -2.525265E-07
 2707   -2.523399E-07
 2708   -2.521536E-07
 2709   -2.519675E-07
 2710   -2.517816E-07
 2711   -2.490089E-07
 2712   -2.488253E-07
 2713   -2.486419E-07
 2714   -2.484587E-07
 2715   -2.482757E-07
 2716   -2.521014E-07
 2717   -2.519159E-07
 2718   -2.517306E-07
 2719   -2.515454E-07
 2720   -2.513605E-07
 2721   -2.409481E-07
 2722   -2.407711E-07
 2723   -2.405943E-07
 2724   -2.404177E-07
 2725   -2.402413E-07
 2726   -2.448196E-07
 2727   -2.446400E-07
 2728   -2.444607E-07
 2729   -2.442816E-07
 2730   -2.441027E-07
 2731   -2.434225E-07
 2732   -2.432443E-07
 2733   -2.430664E-07
 2734   -2.428886E-07
 2735   -2.427110E-07
 2736   -2.363337E-07
 2737   -2.361610E-07
 2738   -2.359886E-07
 2739   -2.358163E-07
 2740   -2.356442E-07
 2741   -2.398409E-07
 2742   -2.396660E-07
 2743   -2.394913E-07
 2744   -2.393168E-07
 2745   -2.391425E-07
 2746   -2.293918E-07
 2747   -2.292249E-07
 2748   -2.290581E-07
 2749   -2.288914E-07
 2750   -2.287250E-07
 2751   -2.284234E-07
 2752   -2.282574E-07
 2753   -2.280916E-07
 2754   -2.279260E-07
 2755   -2.277605E-07
 2756   -2.243600E-07
 2757   -2.241972E-07
 2758   -2.240347E-07
 2759   -2.238723E-07
 2760   -2.237101E-07
 2761   -2.207711E-07
 2762   -2.206113E-07
 2763   -2.204516E-07
 2764   -2.202921E-07
 2765   -2.201328E-07
 2766   -2.204976E-07
 2767   -2.203383E-07
 2768   -2.201791E-07
 2769   -2.200201E-07
 2770   -2.198613E-07
 2771   -2.127529E-07
 2772   -2.125994E-07
 2773   -2.124461E-07
 2774   -2.122930E-07
 2775   -2.121400E-07
 2776   -2.177948E-07
 2777   -2.176380E-07
 2778   -2.174813E-07
 2779   -2.173248E-07
 2780   -2.171685E-07
 2781   -2.103715E-07
 2782   -2.102203E-07
 2783   -2.100692E-07
 2784   -2.099183E-07
 2785   -2.097676E-07
 2786   -2.112612E-07
 2787   -2.111096E-07
 2788   -2.109582E-07
 2789   -2.108070E-07
 2790   -2.106559E-07
 2791   -2.083066E-07
 2792   -2.081574E-07
 2793   -2.080084E-07
 2794   -2.078595E-07
 2795   -2.077108E-07
 2796   -2.018177E-07
 2797   -2.016734E-07
 2798   -2.015293E-07
 2799   -2.013853E-07
 2800   -2.012415E-07
 2801   -1.975644E-07
 2802   -1.974234E-07
 2803   -1.972826E-07
 2804   -1.971419E-07
 2805   -1.970014E-07
 2806   -1.891273E-07
 2807   -1.889925E-07
 2808   -1.888580E-07
 2809   -1.887235E-07
 2810   -1.885892E-07
 2811   -1.877732E-07
 2812   -1.876397E-07
 2813   -1.875063E-07
 2814   -1.873731E-07
 2815   -1.872400E-07
 2816   -1.877119E-07
 2817   -1.875786E-07
 2818   -1.874455E-07
 2819   -1.873125E-07
 2820   -1.871797E-07
 2821   -1.846115E-07
 2822   -1.844807E-07
 2823   -1.843500E-07
 2824   -1.842195E-07
 2825   -1.840891E-07
 2826   -1.832654E-07
 2827   -1.831358E-07
 2828   -1.830063E-07
 2829   -1.828769E-07
 2830   -1.827477E-07
 2831   -1.803768E-07
 2832   -1.802495E-07
 2833   -1.801222E-07
 2834   -1.799951E-07
 2835   -1.798682E-07
 2836   -1.801104E-07
 2837   -1.799834E-07
 2838   -1.798566E-07
 2839   -1.797299E-07
 2840   -1.796034E-07
 2841   -1.754316E-07
 2842   -1.753082E-07
 2843   -1.751849E-07
 2844   -1.750617E-07
 2845   -1.749386E-07
 2846   -1.703988E-07
 2847   -1.702791E-07
 2848   -1.701596E-07
 2849   -1.700401E-07
 2850   -1.699208E-07
 2851   -1.644782E-07
 2852   -1.643628E-07
 2853   -1.642476E-07
 2854   -1.641326E-07
 2855   -1.640176E-07
 2856   -1.596450E-07
 2857   -1.595332E-07
 2858   -1.594216E-07
 2859   -1.593101E-07
 2860   -1.591987E-07
 2861   -1.577645E-07
 2862   -1.576543E-07
 2863   -1.575442E-07
 2864   -1.574342E-07
 2865   -1.573243E-07
 2866   -1.545589E-07
 2867   -1.544511E-07
 2868   -1.543434E-07
 2869   -1.542358E-07
 2870   -1.541284E-07
 2871   -1.523850E-07
 2872   -1.522789E-07
 2873   -1.521729E-07
 2874   -1.520671E-07
 2875   -1.519613E-07
 2876   -1.485546E-07
 2877   -1.484514E-07
 2878   -1.483482E-07
 2879   -1.482452E-07
 2880   -1.481423E-07
 2881   -1.478387E-07
 2882   -1.477362E-07
 2883   -1.476337E-07
 2884   -1.475313E-07
 2885   -1.474291E-07
 2886   -1.460619E-07
 2887   -1.459607E-07
 2888   -1.458596E-07
 2889   -1.457587E-07
 2890   -1.456578E-07
 2891   -1.437007E-07
 2892   -1.436014E-07
 2893   -1.435021E-07
 2894   -1.434029E-07
 2895   -1.433039E-07
 2896   -1.411174E-07
 2897   -1.410200E-07
 2898   -1.409227E-07
 2899   -1.408255E-07
 2900   -1.407284E-07
 2901   -1.342765E-07
 2902   -1.341839E-07
 2903   -1.340915E-07
 2904   -1.339992E-07
 2905   -1.339069E-07
 2906   -1.312609E-07
 2907   -1.311706E-07
 2908   -1.310804E-07
 2909   -1.309903E-07
 2910   -1.309003E-07
 2911   -1.254802E-07
 2912   -1.253941E-07
 2913   -1.253080E-07
 2914   -1.252220E-07
 2915   -1.251361E-07
 2916   -1.237956E-07
 2917   -1.237107E-07
 2918   -1.236260E-07
 2919   -1.235413E-07
 2920   -1.234567E-07
 2921   -1.248172E-07
 2922   -1.247318E-07
 2923   -1.246464E-07
 2924   -1.245612E-07
 2925   -1.244760E-07
 2926   -1.204260E-07
 2927   -1.203437E-07
 2928   -1.202615E-07
 2929   -1.201794E-07
 2930   -1.200974E-07
 2931   -1.215291E-07
 2932   -1.214462E-07
 2933   -1.213634E-07
 2934   -1.212807E-07
 2935   -1.211981E-07
 2936   -1.184729E-07
 2937   -1.183922E-07
 2938   -1.183117E-07
 2939   -1.182312E-07
 2940   -1.181507E-07
 2941   -1.150853E-07
 2942   -1.150071E-07
 2943   -1.149290E-07
 2944   -1.148509E-07
 2945   -1.147729E-07
 2946   -1.135539E-07
 2947   -1.134769E-07
 2948   -1.133999E-07
 2949   -1.133230E-07
 2950   -1.132462E-07
 2951   -1.056603E-07
 2952   -1.055887E-07
 2953   -1.055172E-07
 2954   -1.054458E-07
 2955   -1.053744E-07
 2956   -1.039533E-07
 2957   -1.038830E-07
 2958   -1.038128E-07
 2959   -1.037426E-07
 2960   -1.036726E-07
 2961   -1.006839E-07
 2962   -1.006160E-07
 2963   -1.005480E-07
 2964   -1.004802E-07
 2965   -1.004124E-07
 2966   -9.932336E-08
 2967   -9.925642E-08
 2968   -9.918954E-08
 2969   -9.912274E-08
 2970   -9.905600E-08
 2971   -9.886496E-08
 2972   -9.879844E-08
 2973   -9.873198E-08
 2974   -9.866560E-08
 2975   -9.859928E-08
 2976   -9.457974E-08
 2977   -9.451621E-08
 2978   -9.445274E-08
 2979   -9.438934E-08
 2980   -9.432600E-08
 2981   -9.634513E-08
 2982   -9.628052E-08
 2983   -9.621598E-08
 2984   -9.615150E-08
 2985   -9.608709E-08
 2986   -9.304658E-08
 2987   -9.298429E-08
 2988   -9.292206E-08
 2989   -9.285990E-08
 2990   -9.279779E-08
 2991   -9.204049E-08
 2992   -9.197898E-08
 2993   -9.191753E-08
 2994   -9.185614E-08
 2995   -9.179481E-08
 2996   -8.785685E-08
 2997   -8.779823E-08
 2998   -8.773967E-08
 2999   -8.768117E-08
 3000   -8.762272E-08
 3001   -8.285430E-08
 3002   -8.279911E-08
 3003   -8.274397E-08
 3004   -8.268889E-08
 3005   -8.263387E-08
 3006   -8.140603E-08
 3007   -8.135190E-08
 3008   -8.129782E-08
 3009   -8.124379E-08
 3010   -8.118982E-08
 3011   -7.732990E-08
 3012   -7.727856E-08
 3013   -7.722727E-08
 3014   -7.717603E-08
 3015   -7.712485E-08
 3016   -7.552116E-08
 3017   -7.547110E-08
 3018   -7.542110E-08
 3019   -7.537114E-08
 3020   -7.532123E-08
 3021   -7.431023E-08
 3022   -7.426106E-08
 3023   -7.421193E-08
 3024   -7.416286E-08
 3025   -7.411383E-08
 3026   -7.210617E-08
 3027   -7.205854E-08
 3028   -7.201095E-08
 3029   -7.196341E-08
 3030   -7.191592E-08
 3031   -7.384378E-08
 3032   -7.379508E-08
 3033   -7.374642E-08
 3034   -7.369782E-08
 3035   -7.364926E-08
 3036   -7.176904E-08
 3037   -7.172178E-08
 3038   -7.167457E-08
 3039   -7.162741E-08
 3040   -7.158029E-08
 3041   -7.108185E-08
 3042   -7.103513E-08
 3043   -7.098845E-08
 3044   -7.094181E-08
 3045   -7.089523E-08
 3046   -6.818485E-08
 3047   -6.814010E-08
 3048   -6.809540E-08
 3049   -6.805074E-08
 3050   -6.800612E-08
 3051   -6.611321E-08
 3052   -6.606990E-08
 3053   -6.602662E-08
 3054   -6.598339E-08
 3055   -6.594020E-08
 3056   -6.420716E-08
 3057   -6.416516E-08
 3058   -6.412320E-08
 3059   -6.408129E-08
 3060   -6.403941E-08
 3061   -6.114829E-08
 3062   -6.110836E-08
 3063   -6.106846E-08
 3064   -6.102861E-08
 3065   -6.098879E-08
 3066   -6.102043E-08
 3067   -6.098065E-08
 3068   -6.094090E-08
 3069   -6.090119E-08
 3070   -6.086152E-08
 3071   -5.940348E-08
 3072   -5.936481E-08
 3073   -5.932618E-08
 3074   -5.928759E-08
 3075   -5.924904E-08
 3076   -5.863669E-08
 3077   -5.859858E-08
 3078   -5.856051E-08
 3079   -5.852248E-08
 3080   -5.848448E-08
 3081   -5.514330E-08
 3082   -5.510752E-08
 3083   -5.507178E-08
 3084   -5.503607E-08
 3085   -5.500039E-08
 3086   -5.130165E-08
 3087   -5.126841E-08
 3088   -5.123521E-08
 3089   -5.120205E-08
 3090   -5.116891E-08
 3091   -4.556949E-08
 3092   -4.554001E-08
 3093   -4.551057E-08
 3094   -4.548116E-08
 3095   -4.545177E-08
 3096   -3.602517E-08
 3097   -3.600191E-08
 3098   -3.597867E-08
 3099   -3.595545E-08
 3100   -3.593226E-08
 3101   -2.641922E-08
 3102   -2.640219E-08
 3103   -2.638517E-08
 3104   -2.636817E-08
 3105   -2.635119E-08
 3106   -1.698416E-08
 3107   -1.697323E-08
 3108   -1.696231E-08
 3109   -1.695140E-08
 3110   -1.694050E-08
 3111   -1.117080E-08
 3112   -1.116362E-08
 3113   -1.115645E-08
 3114   -1.114928E-08
 3115   -1.114212E-08
 3116   -7.215157E-09
 3117   -7.210528E-09
 3118   -7.205904E-09
 3119   -7.201284E-09
 3120   -7.196669E-09
 3121   -4.995107E-09
 3122   -4.991907E-09
 3123   -4.988711E-09
 3124   -4.985518E-09
 3125   -4.982327E-09
 3126   -3.801229E-09
 3127   -3.798798E-09
 3128   -3.796369E-09
 3129   -3.793943E-09
 3130   -3.791519E-09
 3131   -3.011628E-09
 3132   -3.009705E-09
 3133   -3.007784E-09
 3134   -3.005865E-09
 3135   -3.003947E-09
 3136   -2.587468E-09
 3137   -2.585819E-09
 3138   -2.584171E-09
 3139   -2.582525E-09
 3140   -2.580880E-09
 3141   -2.143998E-09
 3142   -2.142634E-09
 3143   -2.141271E-09
 3144   -2.139909E-09
 3145   -2.138548E-09
 3146   -1.819837E-09
 3147   -1.818681E-09
 3148   -1.817526E-09
 3149   -1.816372E-09
 3150   -1.815218E-09
 3151   -1.592171E-09
 3152   -1.591161E-09
 3153   -1.590152E-09
 3154   -1.589144E-09
 3155   -1.588136E-09
 3156   -1.347572E-09
 3157   -1.346719E-09
 3158   -1.345866E-09
 3159   -1.345014E-09
 3160   -1.344163E-09
 3161   -1.202433E-09
 3162   -1.201672E-09
 3163   -1.200912E-09
 3164   -1.200153E-09
 3165   -1.199395E-09
 3166   -1.084699E-09
 3167   -1.084014E-09
 3168   -1.083330E-09
 3169   -1.082646E-09
 3170   -1.081963E-09
 3171   -1.004596E-09
 3172   -1.003963E-09
 3173   -1.003330E-09
 3174   -1.002698E-09
 3175   -1.002066E-09
 3176   -9.216520E-10
 3177   -9.210719E-10
 3178   -9.204924E-10
 3179   -9.199133E-10
 3180   -9.193349E-10
 3181   -8.074160E-10
 3182   -8.069086E-10
 3183   -8.064017E-10
 3184   -8.058952E-10
 3185   -8.053893E-10
 3186   -7.422635E-10
 3187   -7.417978E-10
 3188   -7.413325E-10
 3189   -7.408677E-10
 3190   -7.404032E-10
 3191   -6.503075E-10
 3192   -6.499001E-10
 3193   -6.494931E-10
 3194   -6.490864E-10
 3195   -6.486802E-10
 3196   -6.093535E-10
 3197   -6.089724E-10
 3198   -6.085916E-10
 3199   -6.082111E-10
 3200   -6.078311E-10
 3201   -5.559600E-10
 3202   -5.556128E-10
 3203   -5.552659E-10
 3204   -5.549194E-10
 3205   -5.545732E-10
 3206   -5.071776E-10
 3207   -5.068613E-10
 3208   -5.065454E-10
 3209   -5.062297E-10
 3210   -5.059143E-10
 3211   -4.808005E-10
 3212   -4.805011E-10
 3213   -4.802021E-10
 3214   -4.799033E-10
 3215   -4.796048E-10
 3216   -4.399027E-10
 3217   -4.396293E-10
 3218   -4.393561E-10
 3219   -4.390831E-10
 3220   -4.388104E-10
 3221   -4.168411E-10
 3222   -4.165824E-10
 3223   -4.163240E-10
 3224   -4.160657E-10
 3225   -4.158078E-10
 3226   -3.936370E-10
 3227   -3.933930E-10
 3228   -3.931493E-10
 3229   -3.929059E-10
 3230   -3.926626E-10
 3231   -3.629554E-10
 3232   -3.627309E-10
 3233   -3.625065E-10
 3234   -3.622824E-10
 3235   -3.620584E-10
 3236   -3.571880E-10
 3237   -3.569673E-10
 3238   -3.567469E-10
 3239   -3.565266E-10
 3240   -3.563066E-10
 3241   -3.286333E-10
 3242   -3.284306E-10
 3243   -3.282281E-10
 3244   -3.280257E-10
 3245   -3.278236E-10
 3246   -3.205976E-10
 3247   -3.204002E-10
 3248   -3.202029E-10
 3249   -3.200059E-10
 3250   -3.198090E-10
 3251   -3.020487E-10
 3252   -3.018630E-10
 3253   -3.016774E-10
 3254   -3.014920E-10
 3255   -3.013068E-10
 3256   -2.841882E-10
 3257   -2.840137E-10
 3258   -2.838394E-10
 3259   -2.836652E-10
 3260   -2.834912E-10
 3261   -2.776663E-10
 3262   -2.774961E-10
 3263   -2.773260E-10
 3264   -2.771561E-10
 3265   -2.769864E-10
 3266   -2.564601E-10
 3267   -2.563032E-10
 3268   -2.561463E-10
 3269   -2.559896E-10
 3270   -2.558331E-10
 3271   -2.540582E-10
 3272   -2.539029E-10
 3273   -2.537478E-10
 3274   -2.535928E-10
 3275   -2.534380E-10
 3276   -2.407866E-10
 3277   -2.406396E-10
 3278   -2.404929E-10
 3279   -2.403462E-10
 3280   -2.401997E-10
 3281   -2.335663E-10
 3282   -2.334240E-10
 3283   -2.332818E-10
 3284   -2.331398E-10
 3285   -2.329978E-10
 3286   -2.259876E-10
 3287   -2.258501E-10
 3288   -2.257128E-10
 3289   -2.255755E-10
 3290   -2.254384E-10
 3291   -2.116482E-10
 3292   -2.115196E-10
 3293   -2.113912E-10
 3294   -2.112629E-10
 3295   -2.111347E-10
 3296   -2.122143E-10
 3297   -2.120856E-10
 3298   -2.119570E-10
 3299   -2.118285E-10
 3300   -2.117001E-10
