   50    2.674581E-12
   51    1.917275E-12
   52    1.844250E-12
   53    1.775318E-12
   54    1.710179E-12
   55    1.648561E-12
   56    8.654265E-13
   57    8.353292E-13
   58    8.067752E-13
   59    7.796605E-13
   60    7.538901E-13
   61    4.773597E-13
   62    4.620862E-13
   63    4.475341E-13
   64    4.336587E-13
   65    4.204188E-13
   66    1.211555E-12
   67    1.175661E-12
   68    1.141339E-12
   69    1.108498E-12
   70    1.077054E-12
   71    8.265502E-13
   72    8.037510E-13
   73    7.818822E-13
   74    7.608940E-13
   75    7.407396E-13
   76    1.206770E-12
   77    1.175630E-12
   78    1.145680E-12
   79    1.116860E-12
   80    1.089114E-12
   81    1.758894E-12
   82    1.716257E-12
   83    1.675152E-12
   84    1.635506E-12
   85    1.597252E-12
   86    1.350040E-12
   87    1.319184E-12
   88    1.289374E-12
   89    1.260563E-12
   90    1.232707E-12
   91    1.401619E-12
   92    1.371315E-12
   93    1.341984E-12
   94    1.313584E-12
   95    1.286076E-12
   96    9.787518E-13
   97    9.586759E-13
   98    9.392114E-13
   99    9.203337E-13
  100    9.020195E-13
  101    3.709722E-13
  102    3.637341E-13
  103    3.567057E-13
  104    3.498792E-13
  105    3.432467E-13
  106    2.723823E-13
  107    2.673150E-13
  108    2.623877E-13
  109    2.575955E-13
  110    2.529333E-13
  111    6.527369E-13
  112    6.411332E-13
  113    6.298361E-13
  114    6.188350E-13
  115    6.081197E-13
  116    9.195006E-13
  117    9.038501E-13
  118    8.885958E-13
  119    8.737244E-13
  120    8.592233E-13
  121    1.610929E-12
  122    1.584629E-12
  123    1.558967E-12
  124    1.533925E-12
  125    1.509480E-12
  126    2.097848E-12
  127    2.064942E-12
  128    2.032804E-12
  129    2.001410E-12
  130    1.970738E-12
  131    1.862759E-12
  132    1.834643E-12
  133    1.807158E-12
  134    1.780287E-12
  135    1.754010E-12
  136    1.358887E-12
  137    1.339122E-12
  138    1.319785E-12
  139    1.300864E-12
  140    1.282347E-12
  141    7.611080E-13
  142    7.504261E-13
  143    7.399674E-13
  144    7.297259E-13
  145    7.196956E-13
  146    6.749874E-13
  147    6.658352E-13
  148    6.568679E-13
  149    6.480806E-13
  150    6.394684E-13
  151    1.075957E-12
  152    1.061846E-12
  153    1.048011E-12
  154    1.034445E-12
  155    1.021141E-12
  156    1.145831E-12
  157    1.131281E-12
  158    1.117006E-12
  159    1.103000E-12
  160    1.089256E-12
  161    2.735882E-12
  162    2.702211E-12
  163    2.669157E-12
  164    2.636706E-12
  165    2.604843E-12
  166    2.280781E-12
  167    2.253548E-12
  168    2.226800E-12
  169    2.200526E-12
  170    2.174714E-12
  171    2.657046E-12
  172    2.626240E-12
  173    2.595967E-12
  174    2.566215E-12
  175    2.536970E-12
  176    3.579020E-12
  177    3.538693E-12
  178    3.499045E-12
  179    3.460059E-12
  180    3.421721E-12
  181    2.047790E-12
  182    2.025349E-12
  183    2.003275E-12
  184    1.981560E-12
  185    1.960195E-12
  186    2.287844E-12
  187    2.263441E-12
  188    2.239426E-12
  189    2.215791E-12
  190    2.192529E-12
  191    1.915972E-12
  192    1.896066E-12
  193    1.876469E-12
  194    1.857174E-12
  195    1.838175E-12
  196    2.063207E-12
  197    2.042314E-12
  198    2.021737E-12
  199    2.001469E-12
  200    1.981504E-12
  201    1.975297E-12
  202    1.955788E-12
  203    1.936567E-12
  204    1.917627E-12
  205    1.898964E-12
  206    8.741379E-13
  207    8.657125E-13
  208    8.574084E-13
  209    8.492232E-13
  210    8.411547E-13
  211    9.616242E-14
  212    9.525737E-14
  213    9.436504E-14
  214    9.348519E-14
  215    9.261758E-14
  216    0.000000E+00
  217    0.000000E+00
  218    0.000000E+00
  219    0.000000E+00
  220    0.000000E+00
  221    0.000000E+00
  222    0.000000E+00
  223    0.000000E+00
  224    0.000000E+00
  225    0.000000E+00
  226    4.600313E-14
  227    4.559871E-14
  228    4.519960E-14
  229    4.480571E-14
  230    4.441695E-14
  231    0.000000E+00
  232    0.000000E+00
  233    0.000000E+00
  234    0.000000E+00
  235    0.000000E+00
  236    0.000000E+00
  237    0.000000E+00
  238    0.000000E+00
  239    0.000000E+00
  240    0.000000E+00
  241    0.000000E+00
  242    0.000000E+00
  243    0.000000E+00
  244    0.000000E+00
  245    0.000000E+00
  246    1.767351E-12
  247    1.753070E-12
  248    1.738961E-12
  249    1.725021E-12
  250    1.711249E-12
  251    1.980445E-11
  252    1.964758E-11
  253    1.949258E-11
  254    1.933939E-11
  255    1.918801E-11
  256    3.017797E-11
  257    2.994358E-11
  258    2.971191E-11
  259    2.948292E-11
  260    2.925657E-11
  261    5.884724E-11
  262    5.839888E-11
  263    5.795563E-11
  264    5.751741E-11
  265    5.708413E-11
  266    5.041606E-11
  267    5.003912E-11
  268    4.966639E-11
  269    4.929781E-11
  270    4.893332E-11
  271    1.036049E-10
  272    1.028445E-10
  273    1.020924E-10
  274    1.013486E-10
  275    1.006129E-10
  276    2.176442E-10
  277    2.160756E-10
  278    2.145239E-10
  279    2.129889E-10
  280    2.114702E-10
  281    9.677878E-10
  282    9.609362E-10
  283    9.541572E-10
  284    9.474496E-10
  285    9.408125E-10
  286    1.722546E-09
  287    1.710563E-09
  288    1.698705E-09
  289    1.686969E-09
  290    1.675355E-09
  291    2.797893E-09
  292    2.778762E-09
  293    2.759827E-09
  294    2.741085E-09
  295    2.722533E-09
  296    4.012329E-09
  297    3.985356E-09
  298    3.958653E-09
  299    3.932218E-09
  300    3.906047E-09
  301    4.742010E-09
  302    4.710658E-09
  303    4.679616E-09
  304    4.648880E-09
  305    4.618446E-09
  306    7.306459E-09
  307    7.258937E-09
  308    7.211878E-09
  309    7.165275E-09
  310    7.119122E-09
  311    7.168894E-09
  312    7.123013E-09
  313    7.077572E-09
  314    7.032563E-09
  315    6.987983E-09
  316    9.390429E-09
  317    9.331277E-09
  318    9.272682E-09
  319    9.214638E-09
  320    9.157136E-09
  321    1.131763E-08
  322    1.124744E-08
  323    1.117791E-08
  324    1.110901E-08
  325    1.104076E-08
  326    1.077349E-08
  327    1.070770E-08
  328    1.064251E-08
  329    1.057791E-08
  330    1.051390E-08
  331    1.423729E-08
  332    1.415165E-08
  333    1.406678E-08
  334    1.398268E-08
  335    1.389932E-08
  336    1.318491E-08
  337    1.310678E-08
  338    1.302934E-08
  339    1.295259E-08
  340    1.287651E-08
  341    1.743736E-08
  342    1.733554E-08
  343    1.723460E-08
  344    1.713455E-08
  345    1.703536E-08
  346    1.805393E-08
  347    1.795003E-08
  348    1.784701E-08
  349    1.774489E-08
  350    1.764363E-08
  351    1.769903E-08
  352    1.759861E-08
  353    1.749904E-08
  354    1.740031E-08
  355    1.730242E-08
  356    2.210247E-08
  357    2.197882E-08
  358    2.185620E-08
  359    2.173461E-08
  360    2.161403E-08
  361    2.056058E-08
  362    2.044715E-08
  363    2.033464E-08
  364    2.022307E-08
  365    2.011241E-08
  366    2.403376E-08
  367    2.390297E-08
  368    2.377324E-08
  369    2.364456E-08
  370    2.351692E-08
  371    2.338898E-08
  372    2.326340E-08
  373    2.313883E-08
  374    2.301526E-08
  375    2.289268E-08
  376    2.565488E-08
  377    2.551896E-08
  378    2.538412E-08
  379    2.525034E-08
  380    2.511762E-08
  381    2.832524E-08
  382    2.817713E-08
  383    2.803019E-08
  384    2.788439E-08
  385    2.773972E-08
  386    2.604022E-08
  387    2.590582E-08
  388    2.577246E-08
  389    2.564012E-08
  390    2.550881E-08
  391    3.041101E-08
  392    3.025605E-08
  393    3.010227E-08
  394    2.994966E-08
  395    2.979821E-08
  396    2.851876E-08
  397    2.837527E-08
  398    2.823286E-08
  399    2.809152E-08
  400    2.795124E-08
  401    3.225894E-08
  402    3.209865E-08
  403    3.193955E-08
  404    3.178163E-08
  405    3.162488E-08
  406    3.284569E-08
  407    3.268449E-08
  408    3.252447E-08
  409    3.236562E-08
  410    3.220793E-08
  411    3.234202E-08
  412    3.218521E-08
  413    3.202954E-08
  414    3.187499E-08
  415    3.172157E-08
  416    3.396423E-08
  417    3.380153E-08
  418    3.363999E-08
  419    3.347961E-08
  420    3.332038E-08
  421    3.487443E-08
  422    3.470935E-08
  423    3.454543E-08
  424    3.438267E-08
  425    3.422106E-08
  426    3.712251E-08
  427    3.694884E-08
  428    3.677638E-08
  429    3.660513E-08
  430    3.643507E-08
  431    3.854571E-08
  432    3.836746E-08
  433    3.819045E-08
  434    3.801466E-08
  435    3.784008E-08
  436    4.023380E-08
  437    4.004987E-08
  438    3.986721E-08
  439    3.968579E-08
  440    3.950560E-08
  441    3.901373E-08
  442    3.883739E-08
  443    3.866225E-08
  444    3.848830E-08
  445    3.831551E-08
  446    4.118545E-08
  447    4.100138E-08
  448    4.081855E-08
  449    4.063693E-08
  450    4.045652E-08
  451    4.207778E-08
  452    4.189180E-08
  453    4.170705E-08
  454    4.152353E-08
  455    4.134121E-08
  456    4.438809E-08
  457    4.419404E-08
  458    4.400126E-08
  459    4.380975E-08
  460    4.361948E-08
  461    4.466291E-08
  462    4.446977E-08
  463    4.427788E-08
  464    4.408724E-08
  465    4.389782E-08
  466    4.123842E-08
  467    4.106200E-08
  468    4.088671E-08
  469    4.071254E-08
  470    4.053948E-08
  471    4.787034E-08
  472    4.766772E-08
  473    4.746638E-08
  474    4.726631E-08
  475    4.706750E-08
  476    4.563341E-08
  477    4.544228E-08
  478    4.525234E-08
  479    4.506359E-08
  480    4.487603E-08
  481    5.005022E-08
  482    4.984275E-08
  483    4.963658E-08
  484    4.943168E-08
  485    4.922805E-08
  486    4.724855E-08
  487    4.705471E-08
  488    4.686206E-08
  489    4.667059E-08
  490    4.648030E-08
  491    4.527686E-08
  492    4.509300E-08
  493    4.491025E-08
  494    4.472861E-08
  495    4.454807E-08
  496    5.102566E-08
  497    5.082053E-08
  498    5.061663E-08
  499    5.041397E-08
  500    5.021251E-08
  501    4.676907E-08
  502    4.658293E-08
  503    4.639789E-08
  504    4.621395E-08
  505    4.603111E-08
  506    5.221002E-08
  507    5.200427E-08
  508    5.179973E-08
  509    5.159639E-08
  510    5.139425E-08
  511    5.071055E-08
  512    5.051266E-08
  513    5.031592E-08
  514    5.012033E-08
  515    4.992587E-08
  516    5.067789E-08
  517    5.048203E-08
  518    5.028731E-08
  519    5.009371E-08
  520    4.990122E-08
  521    5.471219E-08
  522    5.450277E-08
  523    5.429454E-08
  524    5.408751E-08
  525    5.388166E-08
  526    4.711793E-08
  527    4.693928E-08
  528    4.676165E-08
  529    4.658502E-08
  530    4.640940E-08
  531    5.535196E-08
  532    5.514407E-08
  533    5.493734E-08
  534    5.473178E-08
  535    5.452737E-08
  536    5.157216E-08
  537    5.138027E-08
  538    5.118944E-08
  539    5.099967E-08
  540    5.081096E-08
  541    5.587195E-08
  542    5.566597E-08
  543    5.546113E-08
  544    5.525741E-08
  545    5.505482E-08
  546    5.480085E-08
  547    5.460066E-08
  548    5.440157E-08
  549    5.420357E-08
  550    5.400664E-08
  551    5.093303E-08
  552    5.074866E-08
  553    5.056528E-08
  554    5.038290E-08
  555    5.020151E-08
  556    5.818823E-08
  557    5.797949E-08
  558    5.777186E-08
  559    5.756535E-08
  560    5.735994E-08
  561    5.275697E-08
  562    5.256939E-08
  563    5.238281E-08
  564    5.219722E-08
  565    5.201262E-08
  566    5.813478E-08
  567    5.792990E-08
  568    5.772610E-08
  569    5.752338E-08
  570    5.732172E-08
  571    5.456510E-08
  572    5.437448E-08
  573    5.418486E-08
  574    5.399622E-08
  575    5.380857E-08
  576    5.832583E-08
  577    5.812384E-08
  578    5.792289E-08
  579    5.772299E-08
  580    5.752411E-08
  581    5.856060E-08
  582    5.835953E-08
  583    5.815950E-08
  584    5.796050E-08
  585    5.776251E-08
  586    5.679458E-08
  587    5.660124E-08
  588    5.640888E-08
  589    5.621750E-08
  590    5.602709E-08
  591    6.179595E-08
  592    6.158736E-08
  593    6.137982E-08
  594    6.117333E-08
  595    6.096788E-08
  596    5.993192E-08
  597    5.973131E-08
  598    5.953171E-08
  599    5.933310E-08
  600    5.913549E-08
  601    6.357562E-08
  602    6.336458E-08
  603    6.315459E-08
  604    6.294565E-08
  605    6.273773E-08
  606    6.184109E-08
  607    6.163750E-08
  608    6.143491E-08
  609    6.123332E-08
  610    6.103272E-08
  611    6.029675E-08
  612    6.009986E-08
  613    5.990393E-08
  614    5.970897E-08
  615    5.951495E-08
  616    6.899691E-08
  617    6.877343E-08
  618    6.855105E-08
  619    6.832974E-08
  620    6.810950E-08
  621    6.492278E-08
  622    6.471420E-08
  623    6.450661E-08
  624    6.430003E-08
  625    6.409443E-08
  626    7.106464E-08
  627    7.083814E-08
  628    7.061272E-08
  629    7.038838E-08
  630    7.016510E-08
  631    6.803253E-08
  632    6.781741E-08
  633    6.760331E-08
  634    6.739022E-08
  635    6.717813E-08
  636    7.095514E-08
  637    7.073254E-08
  638    7.051098E-08
  639    7.029046E-08
  640    7.007097E-08
  641    7.727053E-08
  642    7.703000E-08
  643    7.679059E-08
  644    7.655230E-08
  645    7.631511E-08
  646    7.279349E-08
  647    7.256865E-08
  648    7.234484E-08
  649    7.212207E-08
  650    7.190033E-08
  651    8.184194E-08
  652    8.159109E-08
  653    8.134138E-08
  654    8.109282E-08
  655    8.084540E-08
  656    8.016749E-08
  657    7.992364E-08
  658    7.968089E-08
  659    7.943925E-08
  660    7.919871E-08
  661    8.431456E-08
  662    8.406003E-08
  663    8.380664E-08
  664    8.355440E-08
  665    8.330330E-08
  666    8.770593E-08
  667    8.744314E-08
  668    8.718153E-08
  669    8.692109E-08
  670    8.666182E-08
  671    8.485174E-08
  672    8.459939E-08
  673    8.434817E-08
  674    8.409806E-08
  675    8.384907E-08
  676    9.784496E-08
  677    9.755612E-08
  678    9.726856E-08
  679    9.698226E-08
  680    9.669723E-08
  681    9.378825E-08
  682    9.351342E-08
  683    9.323979E-08
  684    9.296735E-08
  685    9.269611E-08
  686    1.060948E-07
  687    1.057861E-07
  688    1.054789E-07
  689    1.051729E-07
  690    1.048683E-07
  691    1.067945E-07
  692    1.064861E-07
  693    1.061790E-07
  694    1.058732E-07
  695    1.055688E-07
  696    1.100346E-07
  697    1.097191E-07
  698    1.094049E-07
  699    1.090921E-07
  700    1.087806E-07
  701    1.222892E-07
  702    1.219411E-07
  703    1.215944E-07
  704    1.212492E-07
  705    1.209055E-07
  706    1.163654E-07
  707    1.160364E-07
  708    1.157089E-07
  709    1.153827E-07
  710    1.150579E-07
  711    1.333584E-07
  712    1.329840E-07
  713    1.326113E-07
  714    1.322401E-07
  715    1.318704E-07
  716    1.349459E-07
  717    1.345697E-07
  718    1.341952E-07
  719    1.338221E-07
  720    1.334507E-07
  721    1.487081E-07
  722    1.482964E-07
  723    1.478865E-07
  724    1.474783E-07
  725    1.470717E-07
  726    1.549012E-07
  727    1.544753E-07
  728    1.540512E-07
  729    1.536289E-07
  730    1.532083E-07
  731    1.556144E-07
  732    1.551895E-07
  733    1.547663E-07
  734    1.543449E-07
  735    1.539252E-07
  736    1.728925E-07
  737    1.724236E-07
  738    1.719567E-07
  739    1.714916E-07
  740    1.710284E-07
  741    1.786414E-07
  742    1.781602E-07
  743    1.776809E-07
  744    1.772036E-07
  745    1.767282E-07
  746    1.956773E-07
  747    1.951537E-07
  748    1.946323E-07
  749    1.941129E-07
  750    1.935956E-07
  751    2.076274E-07
  752    2.070755E-07
  753    2.065259E-07
  754    2.059784E-07
  755    2.054332E-07
  756    2.046571E-07
  757    2.041167E-07
  758    2.035785E-07
  759    2.030424E-07
  760    2.025084E-07
  761    2.470327E-07
  762    2.463848E-07
  763    2.457394E-07
  764    2.450965E-07
  765    2.444562E-07
  766    2.423662E-07
  767    2.417346E-07
  768    2.411055E-07
  769    2.404788E-07
  770    2.398546E-07
  771    2.620157E-07
  772    2.613374E-07
  773    2.606616E-07
  774    2.599885E-07
  775    2.593180E-07
  776    2.757867E-07
  777    2.750772E-07
  778    2.743706E-07
  779    2.736666E-07
  780    2.729653E-07
  781    2.973946E-07
  782    2.966345E-07
  783    2.958773E-07
  784    2.951230E-07
  785    2.943716E-07
  786    3.146080E-07
  787    3.138090E-07
  788    3.130131E-07
  789    3.122201E-07
  790    3.114302E-07
  791    3.231332E-07
  792    3.223177E-07
  793    3.215053E-07
  794    3.206960E-07
  795    3.198897E-07
  796    3.484193E-07
  797    3.475455E-07
  798    3.466750E-07
  799    3.458078E-07
  800    3.449438E-07
  801    3.522866E-07
  802    3.514086E-07
  803    3.505339E-07
  804    3.496625E-07
  805    3.487943E-07
  806    3.772899E-07
  807    3.763554E-07
  808    3.754244E-07
  809    3.744969E-07
  810    3.735728E-07
  811    3.890401E-07
  812    3.880825E-07
  813    3.871284E-07
  814    3.861778E-07
  815    3.852307E-07
  816    4.037389E-07
  817    4.027512E-07
  818    4.017671E-07
  819    4.007866E-07
  820    3.998096E-07
  821    4.349065E-07
  822    4.338490E-07
  823    4.327954E-07
  824    4.317455E-07
  825    4.306995E-07
  826    4.577210E-07
  827    4.566147E-07
  828    4.555125E-07
  829    4.544142E-07
  830    4.533199E-07
  831    4.938615E-07
  832    4.926751E-07
  833    4.914929E-07
  834    4.903150E-07
  835    4.891413E-07
  836    5.000422E-07
  837    4.988480E-07
  838    4.976582E-07
  839    4.964726E-07
  840    4.952912E-07
  841    5.216878E-07
  842    5.204494E-07
  843    5.192153E-07
  844    5.179857E-07
  845    5.167604E-07
  846    5.820055E-07
  847    5.806320E-07
  848    5.792634E-07
  849    5.778996E-07
  850    5.765407E-07
  851    5.753399E-07
  852    5.739901E-07
  853    5.726451E-07
  854    5.713048E-07
  855    5.699692E-07
  856    6.319089E-07
  857    6.304351E-07
  858    6.289664E-07
  859    6.275028E-07
  860    6.260444E-07
  861    6.328251E-07
  862    6.313576E-07
  863    6.298953E-07
  864    6.284381E-07
  865    6.269859E-07
  866    7.147343E-07
  867    7.130865E-07
  868    7.114444E-07
  869    7.098080E-07
  870    7.081772E-07
  871    7.491380E-07
  872    7.474208E-07
  873    7.457095E-07
  874    7.440040E-07
  875    7.423044E-07
  876    7.609717E-07
  877    7.592373E-07
  878    7.575088E-07
  879    7.557862E-07
  880    7.540695E-07
  881    8.254203E-07
  882    8.235496E-07
  883    8.216853E-07
  884    8.198274E-07
  885    8.179757E-07
  886    8.364226E-07
  887    8.345377E-07
  888    8.326592E-07
  889    8.307870E-07
  890    8.289211E-07
  891    8.951141E-07
  892    8.931082E-07
  893    8.911091E-07
  894    8.891167E-07
  895    8.871309E-07
  896    9.151565E-07
  897    9.131172E-07
  898    9.110846E-07
  899    9.090589E-07
  900    9.070399E-07
  901    9.296012E-07
  902    9.275411E-07
  903    9.254879E-07
  904    9.234415E-07
  905    9.214018E-07
  906    1.021554E-06
  907    1.019303E-06
  908    1.017059E-06
  909    1.014822E-06
  910    1.012593E-06
  911    1.007496E-06
  912    1.005288E-06
  913    1.003087E-06
  914    1.000893E-06
  915    9.987063E-07
  916    1.125864E-06
  917    1.123410E-06
  918    1.120964E-06
  919    1.118525E-06
  920    1.116095E-06
  921    1.104599E-06
  922    1.102204E-06
  923    1.099817E-06
  924    1.097438E-06
  925    1.095066E-06
  926    1.170550E-06
  927    1.168026E-06
  928    1.165510E-06
  929    1.163002E-06
  930    1.160502E-06
  931    1.285073E-06
  932    1.282317E-06
  933    1.279569E-06
  934    1.276831E-06
  935    1.274101E-06
  936    1.219701E-06
  937    1.217099E-06
  938    1.214505E-06
  939    1.211920E-06
  940    1.209343E-06
  941    1.352380E-06
  942    1.349510E-06
  943    1.346649E-06
  944    1.343798E-06
  945    1.340955E-06
  946    1.356358E-06
  947    1.353495E-06
  948    1.350641E-06
  949    1.347796E-06
  950    1.344960E-06
  951    1.443366E-06
  952    1.440335E-06
  953    1.437314E-06
  954    1.434303E-06
  955    1.431300E-06
  956    1.483904E-06
  957    1.480805E-06
  958    1.477715E-06
  959    1.474635E-06
  960    1.471564E-06
  961    1.485211E-06
  962    1.482125E-06
  963    1.479048E-06
  964    1.475982E-06
  965    1.472924E-06
  966    1.677125E-06
  967    1.673658E-06
  968    1.670202E-06
  969    1.666756E-06
  970    1.663321E-06
  971    1.610096E-06
  972    1.606784E-06
  973    1.603483E-06
  974    1.600193E-06
  975    1.596912E-06
  976    1.804723E-06
  977    1.801030E-06
  978    1.797349E-06
  979    1.793679E-06
  980    1.790020E-06
  981    1.821401E-06
  982    1.817693E-06
  983    1.813997E-06
  984    1.810312E-06
  985    1.806638E-06
  986    1.827449E-06
  987    1.823748E-06
  988    1.820058E-06
  989    1.816379E-06
  990    1.812712E-06
  991    1.963240E-06
  992    1.959284E-06
  993    1.955340E-06
  994    1.951408E-06
  995    1.947487E-06
  996    1.946031E-06
  997    1.942129E-06
  998    1.938239E-06
  999    1.934361E-06
 1000    1.930494E-06
 1001    2.040474E-06
 1002    2.036403E-06
 1003    2.032345E-06
 1004    2.028298E-06
 1005    2.024264E-06
 1006    2.039234E-06
 1007    2.035186E-06
 1008    2.031150E-06
 1009    2.027126E-06
 1010    2.023114E-06
 1011    2.092251E-06
 1012    2.088119E-06
 1013    2.083998E-06
 1014    2.079889E-06
 1015    2.075793E-06
 1016    2.308965E-06
 1017    2.304426E-06
 1018    2.299901E-06
 1019    2.295389E-06
 1020    2.290891E-06
 1021    2.215355E-06
 1022    2.211022E-06
 1023    2.206702E-06
 1024    2.202394E-06
 1025    2.198098E-06
 1026    2.328700E-06
 1027    2.324167E-06
 1028    2.319647E-06
 1029    2.315141E-06
 1030    2.310648E-06
 1031    2.381866E-06
 1032    2.377252E-06
 1033    2.372652E-06
 1034    2.368064E-06
 1035    2.363491E-06
 1036    2.454750E-06
 1037    2.450018E-06
 1038    2.445300E-06
 1039    2.440595E-06
 1040    2.435904E-06
 1041    2.602896E-06
 1042    2.597903E-06
 1043    2.592923E-06
 1044    2.587959E-06
 1045    2.583008E-06
 1046    2.583961E-06
 1047    2.579028E-06
 1048    2.574108E-06
 1049    2.569203E-06
 1050    2.564311E-06
 1051    2.682403E-06
 1052    2.677306E-06
 1053    2.672223E-06
 1054    2.667155E-06
 1055    2.662101E-06
 1056    2.702970E-06
 1057    2.697858E-06
 1058    2.692761E-06
 1059    2.687678E-06
 1060    2.682609E-06
 1061    2.820412E-06
 1062    2.815103E-06
 1063    2.809809E-06
 1064    2.804530E-06
 1065    2.799265E-06
 1066    2.965822E-06
 1067    2.960266E-06
 1068    2.954725E-06
 1069    2.949199E-06
 1070    2.943689E-06
 1071    3.060654E-06
 1072    3.054946E-06
 1073    3.049255E-06
 1074    3.043579E-06
 1075    3.037919E-06
 1076    3.021191E-06
 1077    3.015583E-06
 1078    3.009991E-06
 1079    3.004414E-06
 1080    2.998853E-06
 1081    3.268463E-06
 1082    3.262424E-06
 1083    3.256402E-06
 1084    3.250397E-06
 1085    3.244408E-06
 1086    3.280956E-06
 1087    3.274922E-06
 1088    3.268905E-06
 1089    3.262904E-06
 1090    3.256920E-06
 1091    3.294636E-06
 1092    3.288605E-06
 1093    3.282590E-06
 1094    3.276591E-06
 1095    3.270610E-06
 1096    3.416873E-06
 1097    3.410646E-06
 1098    3.404436E-06
 1099    3.398244E-06
 1100    3.392068E-06
 1101    3.520468E-06
 1102    3.514081E-06
 1103    3.507712E-06
 1104    3.501361E-06
 1105    3.495026E-06
 1106    3.423285E-06
 1107    3.417103E-06
 1108    3.410938E-06
 1109    3.404789E-06
 1110    3.398657E-06
 1111    3.533314E-06
 1112    3.526962E-06
 1113    3.520627E-06
 1114    3.514309E-06
 1115    3.508008E-06
 1116    3.545171E-06
 1117    3.538826E-06
 1118    3.532499E-06
 1119    3.526188E-06
 1120    3.519894E-06
 1121    3.805157E-06
 1122    3.798378E-06
 1123    3.791616E-06
 1124    3.784872E-06
 1125    3.778147E-06
 1126    3.676629E-06
 1127    3.670107E-06
 1128    3.663602E-06
 1129    3.657115E-06
 1130    3.650645E-06
 1131    3.870296E-06
 1132    3.863461E-06
 1133    3.856645E-06
 1134    3.849846E-06
 1135    3.843065E-06
 1136    3.942799E-06
 1137    3.935867E-06
 1138    3.928953E-06
 1139    3.922057E-06
 1140    3.915179E-06
 1141    4.048010E-06
 1142    4.040924E-06
 1143    4.033856E-06
 1144    4.026807E-06
 1145    4.019777E-06
 1146    4.262326E-06
 1147    4.254897E-06
 1148    4.247488E-06
 1149    4.240097E-06
 1150    4.232727E-06
 1151    4.104290E-06
 1152    4.097168E-06
 1153    4.090064E-06
 1154    4.082979E-06
 1155    4.075912E-06
 1156    4.294090E-06
 1157    4.286670E-06
 1158    4.279270E-06
 1159    4.271889E-06
 1160    4.264527E-06
 1161    4.297119E-06
 1162    4.289726E-06
 1163    4.282352E-06
 1164    4.274998E-06
 1165    4.267662E-06
 1166    4.449519E-06
 1167    4.441896E-06
 1168    4.434294E-06
 1169    4.426710E-06
 1170    4.419147E-06
 1171    4.749846E-06
 1172    4.741744E-06
 1173    4.733663E-06
 1174    4.725602E-06
 1175    4.717562E-06
 1176    4.502714E-06
 1177    4.495066E-06
 1178    4.487438E-06
 1179    4.479829E-06
 1180    4.472239E-06
 1181    4.845725E-06
 1182    4.837529E-06
 1183    4.829354E-06
 1184    4.821200E-06
 1185    4.813067E-06
 1186    4.954239E-06
 1187    4.945895E-06
 1188    4.937572E-06
 1189    4.929270E-06
 1190    4.920989E-06
 1191    4.870325E-06
 1192    4.862157E-06
 1193    4.854009E-06
 1194    4.845882E-06
 1195    4.837775E-06
 1196    5.017082E-06
 1197    5.008703E-06
 1198    5.000344E-06
 1199    4.992007E-06
 1200    4.983690E-06
 1201    4.899673E-06
 1202    4.891524E-06
 1203    4.883395E-06
 1204    4.875286E-06
 1205    4.867198E-06
 1206    5.121194E-06
 1207    5.112712E-06
 1208    5.104250E-06
 1209    5.095810E-06
 1210    5.087391E-06
 1211    5.003235E-06
 1212    4.994983E-06
 1213    4.986750E-06
 1214    4.978538E-06
 1215    4.970346E-06
 1216    5.069557E-06
 1217    5.061230E-06
 1218    5.052922E-06
 1219    5.044635E-06
 1220    5.036369E-06
 1221    5.321664E-06
 1222    5.312958E-06
 1223    5.304273E-06
 1224    5.295609E-06
 1225    5.286967E-06
 1226    5.100722E-06
 1227    5.092412E-06
 1228    5.084121E-06
 1229    5.075851E-06
 1230    5.067601E-06
 1231    5.535698E-06
 1232    5.526715E-06
 1233    5.517754E-06
 1234    5.508815E-06
 1235    5.499897E-06
 1236    5.371574E-06
 1237    5.362893E-06
 1238    5.354232E-06
 1239    5.345593E-06
 1240    5.336975E-06
 1241    5.413920E-06
 1242    5.405206E-06
 1243    5.396512E-06
 1244    5.387839E-06
 1245    5.379188E-06
 1246    5.595260E-06
 1247    5.586290E-06
 1248    5.577341E-06
 1249    5.568414E-06
 1250    5.559508E-06
 1251    5.392026E-06
 1252    5.383416E-06
 1253    5.374826E-06
 1254    5.366258E-06
 1255    5.357709E-06
 1256    5.735666E-06
 1257    5.726544E-06
 1258    5.717443E-06
 1259    5.708364E-06
 1260    5.699307E-06
 1261    5.387622E-06
 1262    5.379087E-06
 1263    5.370573E-06
 1264    5.362079E-06
 1265    5.353604E-06
 1266    5.662488E-06
 1267    5.653553E-06
 1268    5.644639E-06
 1269    5.635746E-06
 1270    5.626875E-06
 1271    5.835718E-06
 1272    5.826546E-06
 1273    5.817395E-06
 1274    5.808267E-06
 1275    5.799159E-06
 1276    5.707468E-06
 1277    5.698533E-06
 1278    5.689619E-06
 1279    5.680725E-06
 1280    5.671853E-06
 1281    5.921069E-06
 1282    5.911835E-06
 1283    5.902623E-06
 1284    5.893433E-06
 1285    5.884264E-06
 1286    5.913574E-06
 1287    5.904387E-06
 1288    5.895223E-06
 1289    5.886079E-06
 1290    5.876957E-06
 1291    6.212400E-06
 1292    6.202787E-06
 1293    6.193197E-06
 1294    6.183628E-06
 1295    6.174082E-06
 1296    6.045277E-06
 1297    6.035959E-06
 1298    6.026662E-06
 1299    6.017386E-06
 1300    6.008132E-06
 1301    6.078385E-06
 1302    6.069051E-06
 1303    6.059739E-06
 1304    6.050449E-06
 1305    6.041180E-06
 1306    6.048615E-06
 1307    6.039362E-06
 1308    6.030131E-06
 1309    6.020922E-06
 1310    6.011733E-06
 1311    6.092609E-06
 1312    6.083326E-06
 1313    6.074063E-06
 1314    6.064821E-06
 1315    6.055601E-06
 1316    6.287805E-06
 1317    6.278260E-06
 1318    6.268737E-06
 1319    6.259235E-06
 1320    6.249755E-06
 1321    6.208836E-06
 1322    6.199446E-06
 1323    6.190078E-06
 1324    6.180731E-06
 1325    6.171405E-06
 1326    6.341730E-06
 1327    6.332175E-06
 1328    6.322643E-06
 1329    6.313131E-06
 1330    6.303641E-06
 1331    6.383633E-06
 1332    6.374052E-06
 1333    6.364492E-06
 1334    6.354953E-06
 1335    6.345436E-06
 1336    6.516314E-06
 1337    6.506570E-06
 1338    6.496848E-06
 1339    6.487147E-06
 1340    6.477468E-06
 1341    6.686778E-06
 1342    6.676816E-06
 1343    6.666877E-06
 1344    6.656960E-06
 1345    6.647064E-06
 1346    6.618594E-06
 1347    6.608771E-06
 1348    6.598969E-06
 1349    6.589189E-06
 1350    6.579431E-06
 1351    6.731892E-06
 1352    6.721938E-06
 1353    6.712005E-06
 1354    6.702094E-06
 1355    6.692206E-06
 1356    6.777044E-06
 1357    6.767060E-06
 1358    6.757097E-06
 1359    6.747157E-06
 1360    6.737238E-06
 1361    6.783268E-06
 1362    6.773311E-06
 1363    6.763376E-06
 1364    6.753462E-06
 1365    6.743571E-06
 1366    6.851504E-06
 1367    6.841484E-06
 1368    6.831485E-06
 1369    6.821509E-06
 1370    6.811554E-06
 1371    6.976322E-06
 1372    6.966156E-06
 1373    6.956012E-06
 1374    6.945890E-06
 1375    6.935791E-06
 1376    7.393742E-06
 1377    7.383007E-06
 1378    7.372295E-06
 1379    7.361607E-06
 1380    7.350942E-06
 1381    7.198399E-06
 1382    7.187986E-06
 1383    7.177595E-06
 1384    7.167226E-06
 1385    7.156880E-06
 1386    7.410577E-06
 1387    7.399895E-06
 1388    7.389236E-06
 1389    7.378600E-06
 1390    7.367987E-06
 1391    7.122525E-06
 1392    7.112295E-06
 1393    7.102087E-06
 1394    7.091901E-06
 1395    7.081737E-06
 1396    7.416260E-06
 1397    7.405646E-06
 1398    7.395056E-06
 1399    7.384487E-06
 1400    7.373942E-06
 1401    7.489113E-06
 1402    7.478433E-06
 1403    7.467776E-06
 1404    7.457142E-06
 1405    7.446531E-06
 1406    7.402200E-06
 1407    7.391681E-06
 1408    7.381186E-06
 1409    7.370712E-06
 1410    7.360261E-06
 1411    7.676847E-06
 1412    7.665977E-06
 1413    7.655130E-06
 1414    7.644306E-06
 1415    7.633506E-06
 1416    7.744904E-06
 1417    7.733976E-06
 1418    7.723072E-06
 1419    7.712190E-06
 1420    7.701332E-06
 1421    8.045874E-06
 1422    8.034561E-06
 1423    8.023273E-06
 1424    8.012008E-06
 1425    8.000767E-06
 1426    8.495793E-06
 1427    8.483890E-06
 1428    8.472012E-06
 1429    8.460159E-06
 1430    8.448331E-06
 1431    8.488064E-06
 1432    8.476213E-06
 1433    8.464388E-06
 1434    8.452586E-06
 1435    8.440810E-06
 1436    8.773041E-06
 1437    8.760835E-06
 1438    8.748654E-06
 1439    8.736499E-06
 1440    8.724369E-06
 1441    8.665094E-06
 1442    8.653080E-06
 1443    8.641091E-06
 1444    8.629127E-06
 1445    8.617187E-06
 1446    8.471133E-06
 1447    8.459428E-06
 1448    8.447748E-06
 1449    8.436092E-06
 1450    8.424460E-06
 1451    8.026860E-06
 1452    8.015808E-06
 1453    8.004778E-06
 1454    7.993771E-06
 1455    7.982787E-06
 1456    7.457386E-06
 1457    7.447153E-06
 1458    7.436941E-06
 1459    7.426750E-06
 1460    7.416579E-06
 1461    7.939851E-06
 1462    7.928993E-06
 1463    7.918157E-06
 1464    7.907344E-06
 1465    7.896552E-06
 1466    8.044331E-06
 1467    8.033368E-06
 1468    8.022427E-06
 1469    8.011508E-06
 1470    8.000612E-06
 1471    9.224601E-06
 1472    9.212071E-06
 1473    9.199568E-06
 1474    9.187090E-06
 1475    9.174637E-06
 1476    1.012664E-05
 1477    1.011293E-05
 1478    1.009925E-05
 1479    1.008560E-05
 1480    1.007198E-05
 1481    1.163930E-05
 1482    1.162360E-05
 1483    1.160793E-05
 1484    1.159229E-05
 1485    1.157668E-05
 1486    1.307875E-05
 1487    1.306116E-05
 1488    1.304361E-05
 1489    1.302610E-05
 1490    1.300862E-05
 1491    1.347870E-05
 1492    1.346063E-05
 1493    1.344261E-05
 1494    1.342462E-05
 1495    1.340667E-05
 1496    1.418344E-05
 1497    1.416450E-05
 1498    1.414559E-05
 1499    1.412672E-05
 1500    1.410789E-05
 1501    1.485162E-05
 1502    1.483185E-05
 1503    1.481212E-05
 1504    1.479243E-05
 1505    1.477278E-05
 1506    1.594897E-05
 1507    1.592781E-05
 1508    1.590670E-05
 1509    1.588562E-05
 1510    1.586459E-05
 1511    1.748647E-05
 1512    1.746334E-05
 1513    1.744027E-05
 1514    1.741724E-05
 1515    1.739425E-05
 1516    1.798054E-05
 1517    1.795684E-05
 1518    1.793319E-05
 1519    1.790959E-05
 1520    1.788603E-05
 1521    1.861349E-05
 1522    1.858904E-05
 1523    1.856463E-05
 1524    1.854028E-05
 1525    1.851597E-05
 1526    1.845352E-05
 1527    1.842935E-05
 1528    1.840524E-05
 1529    1.838117E-05
 1530    1.835715E-05
 1531    1.627391E-05
 1532    1.625267E-05
 1533    1.623147E-05
 1534    1.621031E-05
 1535    1.618920E-05
 1536    1.312413E-05
 1537    1.310706E-05
 1538    1.309002E-05
 1539    1.307301E-05
 1540    1.305604E-05
 1541    8.505229E-06
 1542    8.494201E-06
 1543    8.483195E-06
 1544    8.472210E-06
 1545    8.461246E-06
 1546    2.670329E-06
 1547    2.666878E-06
 1548    2.663433E-06
 1549    2.659996E-06
 1550    2.656564E-06
 1551   -4.978617E-06
 1552   -4.972203E-06
 1553   -4.965802E-06
 1554   -4.959413E-06
 1555   -4.953037E-06
 1556   -1.246010E-05
 1557   -1.244410E-05
 1558   -1.242813E-05
 1559   -1.241219E-05
 1560   -1.239629E-05
 1561   -1.757290E-05
 1562   -1.755041E-05
 1563   -1.752796E-05
 1564   -1.750555E-05
 1565   -1.748319E-05
 1566   -1.934731E-05
 1567   -1.932263E-05
 1568   -1.929799E-05
 1569   -1.927340E-05
 1570   -1.924885E-05
 1571   -1.618932E-05
 1572   -1.616872E-05
 1573   -1.614817E-05
 1574   -1.612766E-05
 1575   -1.610719E-05
 1576   -4.928403E-06
 1577   -4.922155E-06
 1578   -4.915919E-06
 1579   -4.909694E-06
 1580   -4.903481E-06
 1581    1.658332E-05
 1582    1.656236E-05
 1583    1.654144E-05
 1584    1.652056E-05
 1585    1.649973E-05
 1586    5.009648E-05
 1587    5.003337E-05
 1588    4.997037E-05
 1589    4.990750E-05
 1590    4.984474E-05
 1591    9.414075E-05
 1592    9.402252E-05
 1593    9.390451E-05
 1594    9.378673E-05
 1595    9.366916E-05
 1596    1.514102E-04
 1597    1.512206E-04
 1598    1.510314E-04
 1599    1.508426E-04
 1600    1.506541E-04
 1601    2.134130E-04
 1602    2.131467E-04
 1603    2.128808E-04
 1604    2.126155E-04
 1605    2.123506E-04
 1606    2.716018E-04
 1607    2.712639E-04
 1608    2.709266E-04
 1609    2.705899E-04
 1610    2.702539E-04
 1611    3.239242E-04
 1612    3.235224E-04
 1613    3.231214E-04
 1614    3.227211E-04
 1615    3.223216E-04
 1616    3.436403E-04
 1617    3.432153E-04
 1618    3.427912E-04
 1619    3.423679E-04
 1620    3.419454E-04
 1621    3.425384E-04
 1622    3.421161E-04
 1623    3.416947E-04
 1624    3.412740E-04
 1625    3.408541E-04
 1626    2.841614E-04
 1627    2.838122E-04
 1628    2.834637E-04
 1629    2.831157E-04
 1630    2.827685E-04
 1631    1.577011E-04
 1632    1.575079E-04
 1633    1.573151E-04
 1634    1.571226E-04
 1635    1.569304E-04
 1636   -9.385039E-05
 1637   -9.373577E-05
 1638   -9.362135E-05
 1639   -9.350714E-05
 1640   -9.339314E-05
 1641   -4.938162E-04
 1642   -4.932149E-04
 1643   -4.926147E-04
 1644   -4.920156E-04
 1645   -4.914176E-04
 1646   -1.017115E-03
 1647   -1.015880E-03
 1648   -1.014647E-03
 1649   -1.013417E-03
 1650   -1.012189E-03
 1651   -1.635751E-03
 1652   -1.633771E-03
 1653   -1.631795E-03
 1654   -1.629822E-03
 1655   -1.627853E-03
 1656   -2.090044E-03
 1657   -2.087523E-03
 1658   -2.085005E-03
 1659   -2.082492E-03
 1660   -2.079984E-03
 1661   -2.315369E-03
 1662   -2.312583E-03
 1663   -2.309803E-03
 1664   -2.307028E-03
 1665   -2.304257E-03
 1666   -2.459400E-03
 1667   -2.456450E-03
 1668   -2.453506E-03
 1669   -2.450566E-03
 1670   -2.447632E-03
 1671   -2.261119E-03
 1672   -2.258415E-03
 1673   -2.255716E-03
 1674   -2.253021E-03
 1675   -2.250332E-03
 1676   -1.761776E-03
 1677   -1.759675E-03
 1678   -1.757579E-03
 1679   -1.755486E-03
 1680   -1.753396E-03
 1681   -6.492094E-04
 1682   -6.484376E-04
 1683   -6.476673E-04
 1684   -6.468983E-04
 1685   -6.461307E-04
 1686    1.306010E-03
 1687    1.304463E-03
 1688    1.302917E-03
 1689    1.301375E-03
 1690    1.299835E-03
 1691    4.498462E-03
 1692    4.493146E-03
 1693    4.487840E-03
 1694    4.482543E-03
 1695    4.477256E-03
 1696    8.946867E-03
 1697    8.936326E-03
 1698    8.925803E-03
 1699    8.915299E-03
 1700    8.904814E-03
 1701    1.404392E-02
 1702    1.402743E-02
 1703    1.401096E-02
 1704    1.399452E-02
 1705    1.397811E-02
 1706    1.817274E-02
 1707    1.815146E-02
 1708    1.813021E-02
 1709    1.810900E-02
 1710    1.808782E-02
 1711    2.106293E-02
 1712    2.103834E-02
 1713    2.101378E-02
 1714    2.098927E-02
 1715    2.096480E-02
 1716    2.312723E-02
 1717    2.310030E-02
 1718    2.307342E-02
 1719    2.304658E-02
 1720    2.301979E-02
 1721    2.343281E-02
 1722    2.340561E-02
 1723    2.337845E-02
 1724    2.335133E-02
 1725    2.332427E-02
 1726    2.428955E-02
 1727    2.426143E-02
 1728    2.423335E-02
 1729    2.420533E-02
 1730    2.417736E-02
 1731    2.289181E-02
 1732    2.286538E-02
 1733    2.283900E-02
 1734    2.281266E-02
 1735    2.278637E-02
 1736    2.147680E-02
 1737    2.145208E-02
 1738    2.142740E-02
 1739    2.140276E-02
 1740    2.137817E-02
 1741    1.839086E-02
 1742    1.836975E-02
 1743    1.834868E-02
 1744    1.832764E-02
 1745    1.830664E-02
 1746    1.358814E-02
 1747    1.357259E-02
 1748    1.355706E-02
 1749    1.354156E-02
 1750    1.352609E-02
 1751    8.700608E-03
 1752    8.690679E-03
 1753    8.680767E-03
 1754    8.670871E-03
 1755    8.660993E-03
 1756    4.117705E-03
 1757    4.113020E-03
 1758    4.108342E-03
 1759    4.103672E-03
 1760    4.099010E-03
 1761    9.656839E-04
 1762    9.645881E-04
 1763    9.634941E-04
 1764    9.624020E-04
 1765    9.613118E-04
 1766   -9.847675E-04
 1767   -9.836532E-04
 1768   -9.825408E-04
 1769   -9.814302E-04
 1770   -9.803216E-04
 1771   -2.049729E-03
 1772   -2.047416E-03
 1773   -2.045107E-03
 1774   -2.042802E-03
 1775   -2.040501E-03
 1776   -2.626473E-03
 1777   -2.623518E-03
 1778   -2.620568E-03
 1779   -2.617622E-03
 1780   -2.614682E-03
 1781   -2.747746E-03
 1782   -2.744663E-03
 1783   -2.741585E-03
 1784   -2.738513E-03
 1785   -2.735445E-03
 1786   -2.692256E-03
 1787   -2.689243E-03
 1788   -2.686236E-03
 1789   -2.683234E-03
 1790   -2.680237E-03
 1791   -2.333427E-03
 1792   -2.330824E-03
 1793   -2.328224E-03
 1794   -2.325630E-03
 1795   -2.323039E-03
 1796   -1.825678E-03
 1797   -1.823646E-03
 1798   -1.821618E-03
 1799   -1.819594E-03
 1800   -1.817572E-03
 1801   -1.184014E-03
 1802   -1.182701E-03
 1803   -1.181389E-03
 1804   -1.180080E-03
 1805   -1.178773E-03
 1806   -5.899619E-04
 1807   -5.893091E-04
 1808   -5.886574E-04
 1809   -5.880068E-04
 1810   -5.873572E-04
 1811   -1.684062E-04
 1812   -1.682203E-04
 1813   -1.680348E-04
 1814   -1.678496E-04
 1815   -1.676647E-04
 1816    9.598302E-05
 1817    9.587740E-05
 1818    9.577196E-05
 1819    9.566668E-05
 1820    9.556158E-05
 1821    2.433431E-04
 1822    2.430761E-04
 1823    2.428095E-04
 1824    2.425433E-04
 1825    2.422776E-04
 1826    2.972267E-04
 1827    2.969015E-04
 1828    2.965767E-04
 1829    2.962525E-04
 1830    2.959288E-04
 1831    3.040283E-04
 1832    3.036965E-04
 1833    3.033652E-04
 1834    3.030345E-04
 1835    3.027043E-04
 1836    2.819843E-04
 1837    2.816774E-04
 1838    2.813709E-04
 1839    2.810650E-04
 1840    2.807596E-04
 1841    2.354001E-04
 1842    2.351445E-04
 1843    2.348894E-04
 1844    2.346347E-04
 1845    2.343805E-04
 1846    1.768915E-04
 1847    1.767000E-04
 1848    1.765088E-04
 1849    1.763180E-04
 1850    1.761274E-04
 1851    1.075947E-04
 1852    1.074785E-04
 1853    1.073625E-04
 1854    1.072467E-04
 1855    1.071311E-04
 1856    4.718750E-05
 1857    4.713669E-05
 1858    4.708597E-05
 1859    4.703532E-05
 1860    4.698476E-05
 1861    6.297525E-07
 1862    6.290763E-07
 1863    6.284011E-07
 1864    6.277271E-07
 1865    6.270541E-07
 1866   -3.248488E-05
 1867   -3.245009E-05
 1868   -3.241536E-05
 1869   -3.238068E-05
 1870   -3.234606E-05
 1871   -5.438566E-05
 1872   -5.432757E-05
 1873   -5.426958E-05
 1874   -5.421168E-05
 1875   -5.415387E-05
 1876   -6.334832E-05
 1877   -6.328084E-05
 1878   -6.321347E-05
 1879   -6.314620E-05
 1880   -6.307904E-05
 1881   -6.679405E-05
 1882   -6.672309E-05
 1883   -6.665224E-05
 1884   -6.658150E-05
 1885   -6.651087E-05
 1886   -6.247386E-05
 1887   -6.240766E-05
 1888   -6.234157E-05
 1889   -6.227558E-05
 1890   -6.220970E-05
 1891   -5.529088E-05
 1892   -5.523245E-05
 1893   -5.517411E-05
 1894   -5.511586E-05
 1895   -5.505771E-05
 1896   -4.582070E-05
 1897   -4.577241E-05
 1898   -4.572419E-05
 1899   -4.567604E-05
 1900   -4.562798E-05
 1901   -3.291496E-05
 1902   -3.288036E-05
 1903   -3.284581E-05
 1904   -3.281132E-05
 1905   -3.277688E-05
 1906   -2.339109E-05
 1907   -2.336656E-05
 1908   -2.334208E-05
 1909   -2.331763E-05
 1910   -2.329322E-05
 1911   -1.648817E-05
 1912   -1.647093E-05
 1913   -1.645371E-05
 1914   -1.643652E-05
 1915   -1.641936E-05
 1916   -1.177390E-05
 1917   -1.176162E-05
 1918   -1.174936E-05
 1919   -1.173712E-05
 1920   -1.172490E-05
 1921   -9.124338E-06
 1922   -9.114846E-06
 1923   -9.105368E-06
 1924   -9.095906E-06
 1925   -9.086458E-06
 1926   -7.849931E-06
 1927   -7.841786E-06
 1928   -7.833653E-06
 1929   -7.825534E-06
 1930   -7.817426E-06
 1931   -7.895934E-06
 1932   -7.887762E-06
 1933   -7.879603E-06
 1934   -7.871457E-06
 1935   -7.863323E-06
 1936   -8.187106E-06
 1937   -8.178655E-06
 1938   -8.170217E-06
 1939   -8.161792E-06
 1940   -8.153380E-06
 1941   -8.695181E-06
 1942   -8.686228E-06
 1943   -8.677289E-06
 1944   -8.668364E-06
 1945   -8.659453E-06
 1946   -8.857878E-06
 1947   -8.848781E-06
 1948   -8.839698E-06
 1949   -8.830630E-06
 1950   -8.821575E-06
 1951   -8.413658E-06
 1952   -8.405040E-06
 1953   -8.396435E-06
 1954   -8.387843E-06
 1955   -8.379264E-06
 1956   -8.562938E-06
 1957   -8.554189E-06
 1958   -8.545454E-06
 1959   -8.536732E-06
 1960   -8.528023E-06
 1961   -8.242237E-06
 1962   -8.233837E-06
 1963   -8.225451E-06
 1964   -8.217077E-06
 1965   -8.208715E-06
 1966   -9.025326E-06
 1967   -9.016152E-06
 1968   -9.006991E-06
 1969   -8.997845E-06
 1970   -8.988712E-06
 1971   -9.758093E-06
 1972   -9.748199E-06
 1973   -9.738320E-06
 1974   -9.728456E-06
 1975   -9.718607E-06
 1976   -1.040039E-05
 1977   -1.038987E-05
 1978   -1.037937E-05
 1979   -1.036888E-05
 1980   -1.035841E-05
 1981   -1.095501E-05
 1982   -1.094396E-05
 1983   -1.093292E-05
 1984   -1.092190E-05
 1985   -1.091090E-05
 1986   -1.088062E-05
 1987   -1.086967E-05
 1988   -1.085874E-05
 1989   -1.084782E-05
 1990   -1.083692E-05
 1991   -1.071421E-05
 1992   -1.070346E-05
 1993   -1.069272E-05
 1994   -1.068200E-05
 1995   -1.067129E-05
 1996   -9.702293E-06
 1997   -9.692579E-06
 1998   -9.682879E-06
 1999   -9.673193E-06
 2000   -9.663523E-06
 2001   -8.722257E-06
 2002   -8.713545E-06
 2003   -8.704847E-06
 2004   -8.696162E-06
 2005   -8.687489E-06
 2006   -8.007080E-06
 2007   -7.999102E-06
 2008   -7.991137E-06
 2009   -7.983184E-06
 2010   -7.975242E-06
 2011   -7.453435E-06
 2012   -7.446027E-06
 2013   -7.438631E-06
 2014   -7.431246E-06
 2015   -7.423872E-06
 2016   -7.406633E-06
 2017   -7.399291E-06
 2018   -7.391959E-06
 2019   -7.384639E-06
 2020   -7.377329E-06
 2021   -7.278735E-06
 2022   -7.271537E-06
 2023   -7.264350E-06
 2024   -7.257174E-06
 2025   -7.250008E-06
 2026   -7.222843E-06
 2027   -7.215718E-06
 2028   -7.208604E-06
 2029   -7.201500E-06
 2030   -7.194407E-06
 2031   -7.474674E-06
 2032   -7.467319E-06
 2033   -7.459975E-06
 2034   -7.452641E-06
 2035   -7.445318E-06
 2036   -7.321866E-06
 2037   -7.314679E-06
 2038   -7.307502E-06
 2039   -7.300336E-06
 2040   -7.293181E-06
 2041   -7.478657E-06
 2042   -7.471334E-06
 2043   -7.464022E-06
 2044   -7.456720E-06
 2045   -7.449429E-06
 2046   -7.092799E-06
 2047   -7.085871E-06
 2048   -7.078953E-06
 2049   -7.072045E-06
 2050   -7.065147E-06
 2051   -6.891578E-06
 2052   -6.884862E-06
 2053   -6.878157E-06
 2054   -6.871461E-06
 2055   -6.864775E-06
 2056   -6.699934E-06
 2057   -6.693421E-06
 2058   -6.686918E-06
 2059   -6.680424E-06
 2060   -6.673940E-06
 2061   -6.489055E-06
 2062   -6.482763E-06
 2063   -6.476480E-06
 2064   -6.470205E-06
 2065   -6.463940E-06
 2066   -6.473825E-06
 2067   -6.467562E-06
 2068   -6.461309E-06
 2069   -6.455065E-06
 2070   -6.448829E-06
 2071   -6.316401E-06
 2072   -6.310306E-06
 2073   -6.304219E-06
 2074   -6.298141E-06
 2075   -6.292072E-06
 2076   -6.536768E-06
 2077   -6.530475E-06
 2078   -6.524191E-06
 2079   -6.517917E-06
 2080   -6.511651E-06
 2081   -6.589050E-06
 2082   -6.582722E-06
 2083   -6.576403E-06
 2084   -6.570093E-06
 2085   -6.563793E-06
 2086   -6.690513E-06
 2087   -6.684103E-06
 2088   -6.677702E-06
 2089   -6.671310E-06
 2090   -6.664928E-06
 2091   -6.381659E-06
 2092   -6.375559E-06
 2093   -6.369468E-06
 2094   -6.363386E-06
 2095   -6.357313E-06
 2096   -6.317177E-06
 2097   -6.311153E-06
 2098   -6.305138E-06
 2099   -6.299132E-06
 2100   -6.293134E-06
 2101   -6.095281E-06
 2102   -6.089483E-06
 2103   -6.083694E-06
 2104   -6.077912E-06
 2105   -6.072139E-06
 2106   -5.835569E-06
 2107   -5.830031E-06
 2108   -5.824501E-06
 2109   -5.818979E-06
 2110   -5.813464E-06
 2111   -5.839748E-06
 2112   -5.834219E-06
 2113   -5.828698E-06
 2114   -5.823185E-06
 2115   -5.817680E-06
 2116   -5.804299E-06
 2117   -5.798817E-06
 2118   -5.793342E-06
 2119   -5.787875E-06
 2120   -5.782416E-06
 2121   -5.794106E-06
 2122   -5.788646E-06
 2123   -5.783194E-06
 2124   -5.777750E-06
 2125   -5.772313E-06
 2126   -5.786250E-06
 2127   -5.780810E-06
 2128   -5.775378E-06
 2129   -5.769954E-06
 2130   -5.764538E-06
 2131   -5.826678E-06
 2132   -5.821213E-06
 2133   -5.815756E-06
 2134   -5.810307E-06
 2135   -5.804865E-06
 2136   -5.925655E-06
 2137   -5.920110E-06
 2138   -5.914574E-06
 2139   -5.909045E-06
 2140   -5.903524E-06
 2141   -5.788899E-06
 2142   -5.783495E-06
 2143   -5.778099E-06
 2144   -5.772710E-06
 2145   -5.767329E-06
 2146   -5.632874E-06
 2147   -5.627628E-06
 2148   -5.622390E-06
 2149   -5.617158E-06
 2150   -5.611934E-06
 2151   -5.333259E-06
 2152   -5.328304E-06
 2153   -5.323355E-06
 2154   -5.318413E-06
 2155   -5.313479E-06
 2156   -5.223023E-06
 2157   -5.218182E-06
 2158   -5.213347E-06
 2159   -5.208518E-06
 2160   -5.203697E-06
 2161   -5.332719E-06
 2162   -5.327787E-06
 2163   -5.322862E-06
 2164   -5.317944E-06
 2165   -5.313032E-06
 2166   -5.160748E-06
 2167   -5.155986E-06
 2168   -5.151230E-06
 2169   -5.146482E-06
 2170   -5.141739E-06
 2171   -5.264010E-06
 2172   -5.259164E-06
 2173   -5.254324E-06
 2174   -5.249492E-06
 2175   -5.244666E-06
 2176   -5.184640E-06
 2177   -5.179878E-06
 2178   -5.175122E-06
 2179   -5.170374E-06
 2180   -5.165631E-06
 2181   -5.295328E-06
 2182   -5.290476E-06
 2183   -5.285630E-06
 2184   -5.280791E-06
 2185   -5.275958E-06
 2186   -5.323700E-06
 2187   -5.318832E-06
 2188   -5.313971E-06
 2189   -5.309117E-06
 2190   -5.304270E-06
 2191   -5.159007E-06
 2192   -5.154301E-06
 2193   -5.149601E-06
 2194   -5.144908E-06
 2195   -5.140221E-06
 2196   -5.151190E-06
 2197   -5.146501E-06
 2198   -5.141820E-06
 2199   -5.137144E-06
 2200   -5.132475E-06
 2201   -4.876775E-06
 2202   -4.872347E-06
 2203   -4.867925E-06
 2204   -4.863508E-06
 2205   -4.859098E-06
 2206   -4.869892E-06
 2207   -4.865480E-06
 2208   -4.861074E-06
 2209   -4.856674E-06
 2210   -4.852280E-06
 2211   -4.761101E-06
 2212   -4.756797E-06
 2213   -4.752499E-06
 2214   -4.748207E-06
 2215   -4.743921E-06
 2216   -4.689944E-06
 2217   -4.685714E-06
 2218   -4.681490E-06
 2219   -4.677271E-06
 2220   -4.673059E-06
 2221   -4.795776E-06
 2222   -4.791460E-06
 2223   -4.787150E-06
 2224   -4.782846E-06
 2225   -4.778548E-06
 2226   -4.699810E-06
 2227   -4.695590E-06
 2228   -4.691376E-06
 2229   -4.687168E-06
 2230   -4.682965E-06
 2231   -4.778366E-06
 2232   -4.774086E-06
 2233   -4.769811E-06
 2234   -4.765541E-06
 2235   -4.761278E-06
 2236   -4.742799E-06
 2237   -4.738559E-06
 2238   -4.734326E-06
 2239   -4.730098E-06
 2240   -4.725875E-06
 2241   -4.555511E-06
 2242   -4.551448E-06
 2243   -4.547390E-06
 2244   -4.543338E-06
 2245   -4.539292E-06
 2246   -4.649873E-06
 2247   -4.645735E-06
 2248   -4.641603E-06
 2249   -4.637476E-06
 2250   -4.633355E-06
 2251   -4.334360E-06
 2252   -4.330511E-06
 2253   -4.326668E-06
 2254   -4.322829E-06
 2255   -4.318996E-06
 2256   -4.275363E-06
 2257   -4.271575E-06
 2258   -4.267793E-06
 2259   -4.264015E-06
 2260   -4.260242E-06
 2261   -4.167545E-06
 2262   -4.163861E-06
 2263   -4.160182E-06
 2264   -4.156507E-06
 2265   -4.152838E-06
 2266   -4.157191E-06
 2267   -4.153524E-06
 2268   -4.149862E-06
 2269   -4.146205E-06
 2270   -4.142553E-06
 2271   -4.209005E-06
 2272   -4.205300E-06
 2273   -4.201601E-06
 2274   -4.197906E-06
 2275   -4.194217E-06
 2276   -4.090597E-06
 2277   -4.087005E-06
 2278   -4.083417E-06
 2279   -4.079835E-06
 2280   -4.076257E-06
 2281   -4.217785E-06
 2282   -4.214089E-06
 2283   -4.210398E-06
 2284   -4.206712E-06
 2285   -4.203031E-06
 2286   -4.126956E-06
 2287   -4.123347E-06
 2288   -4.119744E-06
 2289   -4.116145E-06
 2290   -4.112551E-06
 2291   -4.024791E-06
 2292   -4.021280E-06
 2293   -4.017773E-06
 2294   -4.014271E-06
 2295   -4.010773E-06
 2296   -3.865443E-06
 2297   -3.862078E-06
 2298   -3.858718E-06
 2299   -3.855362E-06
 2300   -3.852010E-06
 2301   -3.642969E-06
 2302   -3.639805E-06
 2303   -3.636644E-06
 2304   -3.633488E-06
 2305   -3.630336E-06
 2306   -3.627446E-06
 2307   -3.624302E-06
 2308   -3.621162E-06
 2309   -3.618026E-06
 2310   -3.614894E-06
 2311   -3.431639E-06
 2312   -3.428671E-06
 2313   -3.425707E-06
 2314   -3.422746E-06
 2315   -3.419790E-06
 2316   -3.417029E-06
 2317   -3.414080E-06
 2318   -3.411135E-06
 2319   -3.408193E-06
 2320   -3.405256E-06
 2321   -3.371215E-06
 2322   -3.368312E-06
 2323   -3.365412E-06
 2324   -3.362517E-06
 2325   -3.359625E-06
 2326   -3.380701E-06
 2327   -3.377796E-06
 2328   -3.374895E-06
 2329   -3.371997E-06
 2330   -3.369103E-06
 2331   -3.406912E-06
 2332   -3.403991E-06
 2333   -3.401073E-06
 2334   -3.398160E-06
 2335   -3.395250E-06
 2336   -3.293350E-06
 2337   -3.290532E-06
 2338   -3.287718E-06
 2339   -3.284907E-06
 2340   -3.282100E-06
 2341   -3.271626E-06
 2342   -3.268833E-06
 2343   -3.266043E-06
 2344   -3.263257E-06
 2345   -3.260475E-06
 2346   -3.152145E-06
 2347   -3.149459E-06
 2348   -3.146777E-06
 2349   -3.144098E-06
 2350   -3.141423E-06
 2351   -3.041251E-06
 2352   -3.038665E-06
 2353   -3.036083E-06
 2354   -3.033504E-06
 2355   -3.030928E-06
 2356   -2.876736E-06
 2357   -2.874295E-06
 2358   -2.871858E-06
 2359   -2.869424E-06
 2360   -2.866993E-06
 2361   -2.802442E-06
 2362   -2.800070E-06
 2363   -2.797700E-06
 2364   -2.795334E-06
 2365   -2.792971E-06
 2366   -2.826301E-06
 2367   -2.823913E-06
 2368   -2.821529E-06
 2369   -2.819147E-06
 2370   -2.816769E-06
 2371   -2.791928E-06
 2372   -2.789575E-06
 2373   -2.787224E-06
 2374   -2.784877E-06
 2375   -2.782532E-06
 2376   -2.803110E-06
 2377   -2.800752E-06
 2378   -2.798397E-06
 2379   -2.796045E-06
 2380   -2.793695E-06
 2381   -2.795208E-06
 2382   -2.792861E-06
 2383   -2.790518E-06
 2384   -2.788177E-06
 2385   -2.785840E-06
 2386   -2.727091E-06
 2387   -2.724806E-06
 2388   -2.722525E-06
 2389   -2.720246E-06
 2390   -2.717970E-06
 2391   -2.725176E-06
 2392   -2.722898E-06
 2393   -2.720623E-06
 2394   -2.718351E-06
 2395   -2.716081E-06
 2396   -2.515059E-06
 2397   -2.512961E-06
 2398   -2.510865E-06
 2399   -2.508772E-06
 2400   -2.506682E-06
 2401   -2.415781E-06
 2402   -2.413770E-06
 2403   -2.411761E-06
 2404   -2.409755E-06
 2405   -2.407752E-06
 2406   -2.261849E-06
 2407   -2.259970E-06
 2408   -2.258094E-06
 2409   -2.256219E-06
 2410   -2.254347E-06
 2411   -2.196267E-06
 2412   -2.194447E-06
 2413   -2.192628E-06
 2414   -2.190812E-06
 2415   -2.188998E-06
 2416   -2.167751E-06
 2417   -2.165958E-06
 2418   -2.164167E-06
 2419   -2.162378E-06
 2420   -2.160591E-06
 2421   -2.113448E-06
 2422   -2.111703E-06
 2423   -2.109960E-06
 2424   -2.108220E-06
 2425   -2.106481E-06
 2426   -2.135468E-06
 2427   -2.133709E-06
 2428   -2.131952E-06
 2429   -2.130196E-06
 2430   -2.128444E-06
 2431   -2.076465E-06
 2432   -2.074757E-06
 2433   -2.073052E-06
 2434   -2.071349E-06
 2435   -2.069648E-06
 2436   -2.071349E-06
 2437   -2.069649E-06
 2438   -2.067952E-06
 2439   -2.066256E-06
 2440   -2.064563E-06
 2441   -2.016927E-06
 2442   -2.015276E-06
 2443   -2.013626E-06
 2444   -2.011979E-06
 2445   -2.010333E-06
 2446   -1.891871E-06
 2447   -1.890325E-06
 2448   -1.888781E-06
 2449   -1.887239E-06
 2450   -1.885698E-06
 2451   -1.821198E-06
 2452   -1.819713E-06
 2453   -1.818230E-06
 2454   -1.816748E-06
 2455   -1.815268E-06
 2456   -1.732582E-06
 2457   -1.731172E-06
 2458   -1.729763E-06
 2459   -1.728357E-06
 2460   -1.726952E-06
 2461   -1.680750E-06
 2462   -1.679385E-06
 2463   -1.678022E-06
 2464   -1.676660E-06
 2465   -1.675300E-06
 2466   -1.633989E-06
 2467   -1.632664E-06
 2468   -1.631341E-06
 2469   -1.630020E-06
 2470   -1.628701E-06
 2471   -1.594005E-06
 2472   -1.592716E-06
 2473   -1.591428E-06
 2474   -1.590141E-06
 2475   -1.588857E-06
 2476   -1.605277E-06
 2477   -1.603981E-06
 2478   -1.602687E-06
 2479   -1.601394E-06
 2480   -1.600103E-06
 2481   -1.560594E-06
 2482   -1.559337E-06
 2483   -1.558081E-06
 2484   -1.556827E-06
 2485   -1.555574E-06
 2486   -1.565773E-06
 2487   -1.564514E-06
 2488   -1.563256E-06
 2489   -1.562001E-06
 2490   -1.560746E-06
 2491   -1.497492E-06
 2492   -1.496290E-06
 2493   -1.495090E-06
 2494   -1.493891E-06
 2495   -1.492694E-06
 2496   -1.410216E-06
 2497   -1.409086E-06
 2498   -1.407958E-06
 2499   -1.406832E-06
 2500   -1.405706E-06
 2501   -1.309342E-06
 2502   -1.308295E-06
 2503   -1.307250E-06
 2504   -1.306206E-06
 2505   -1.305163E-06
 2506   -1.200485E-06
 2507   -1.199528E-06
 2508   -1.198571E-06
 2509   -1.197616E-06
 2510   -1.196662E-06
 2511   -1.183658E-06
 2512   -1.182716E-06
 2513   -1.181775E-06
 2514   -1.180835E-06
 2515   -1.179896E-06
 2516   -1.127206E-06
 2517   -1.126311E-06
 2518   -1.125416E-06
 2519   -1.124523E-06
 2520   -1.123631E-06
 2521   -1.116476E-06
 2522   -1.115591E-06
 2523   -1.114706E-06
 2524   -1.113823E-06
 2525   -1.112941E-06
 2526   -1.092770E-06
 2527   -1.091905E-06
 2528   -1.091042E-06
 2529   -1.090179E-06
 2530   -1.089318E-06
 2531   -1.079322E-06
 2532   -1.078470E-06
 2533   -1.077618E-06
 2534   -1.076768E-06
 2535   -1.075919E-06
 2536   -1.071931E-06
 2537   -1.071086E-06
 2538   -1.070242E-06
 2539   -1.069400E-06
 2540   -1.068558E-06
 2541   -1.022524E-06
 2542   -1.021720E-06
 2543   -1.020917E-06
 2544   -1.020114E-06
 2545   -1.019313E-06
 2546   -9.726443E-07
 2547   -9.718806E-07
 2548   -9.711179E-07
 2549   -9.703561E-07
 2550   -9.695952E-07
 2551   -8.789642E-07
 2552   -8.782755E-07
 2553   -8.775876E-07
 2554   -8.769005E-07
 2555   -8.762142E-07
 2556   -8.337139E-07
 2557   -8.330619E-07
 2558   -8.324107E-07
 2559   -8.317603E-07
 2560   -8.311106E-07
 2561   -7.947506E-07
 2562   -7.941303E-07
 2563   -7.935108E-07
 2564   -7.928919E-07
 2565   -7.922738E-07
 2566   -7.678503E-07
 2567   -7.672521E-07
 2568   -7.666547E-07
 2569   -7.660580E-07
 2570   -7.654619E-07
 2571   -7.696392E-07
 2572   -7.690409E-07
 2573   -7.684432E-07
 2574   -7.678463E-07
 2575   -7.672500E-07
 2576   -7.396076E-07
 2577   -7.390337E-07
 2578   -7.384605E-07
 2579   -7.378879E-07
 2580   -7.373160E-07
 2581   -7.419186E-07
 2582   -7.413440E-07
 2583   -7.407701E-07
 2584   -7.401969E-07
 2585   -7.396243E-07
 2586   -7.204737E-07
 2587   -7.199168E-07
 2588   -7.193606E-07
 2589   -7.188050E-07
 2590   -7.182500E-07
 2591   -6.865247E-07
 2592   -6.859951E-07
 2593   -6.854661E-07
 2594   -6.849377E-07
 2595   -6.844099E-07
 2596   -6.419849E-07
 2597   -6.414906E-07
 2598   -6.409969E-07
 2599   -6.405037E-07
 2600   -6.400111E-07
 2601   -5.719100E-07
 2602   -5.714705E-07
 2603   -5.710315E-07
 2604   -5.705930E-07
 2605   -5.701550E-07
 2606   -5.384105E-07
 2607   -5.379976E-07
 2608   -5.375851E-07
 2609   -5.371730E-07
 2610   -5.367615E-07
 2611   -4.968743E-07
 2612   -4.964939E-07
 2613   -4.961140E-07
 2614   -4.957345E-07
 2615   -4.953554E-07
 2616   -4.868628E-07
 2617   -4.864908E-07
 2618   -4.861192E-07
 2619   -4.857480E-07
 2620   -4.853773E-07
 2621   -4.640583E-07
 2622   -4.637044E-07
 2623   -4.633509E-07
 2624   -4.629978E-07
 2625   -4.626451E-07
 2626   -4.607606E-07
 2627   -4.604099E-07
 2628   -4.600595E-07
 2629   -4.597096E-07
 2630   -4.593601E-07
 2631   -4.617923E-07
 2632   -4.614414E-07
 2633   -4.610910E-07
 2634   -4.607409E-07
 2635   -4.603913E-07
 2636   -4.420387E-07
 2637   -4.417035E-07
 2638   -4.413687E-07
 2639   -4.410343E-07
 2640   -4.407002E-07
 2641   -4.246927E-07
 2642   -4.243713E-07
 2643   -4.240502E-07
 2644   -4.237295E-07
 2645   -4.234092E-07
 2646   -3.962318E-07
 2647   -3.959325E-07
 2648   -3.956335E-07
 2649   -3.953349E-07
 2650   -3.950366E-07
 2651   -3.614137E-07
 2652   -3.611412E-07
 2653   -3.608690E-07
 2654   -3.605971E-07
 2655   -3.603255E-07
 2656   -3.427423E-07
 2657   -3.424844E-07
 2658   -3.422267E-07
 2659   -3.419694E-07
 2660   -3.417123E-07
 2661   -3.134384E-07
 2662   -3.132030E-07
 2663   -3.129678E-07
 2664   -3.127329E-07
 2665   -3.124982E-07
 2666   -3.120619E-07
 2667   -3.118279E-07
 2668   -3.115942E-07
 2669   -3.113607E-07
 2670   -3.111276E-07
 2671   -3.014248E-07
 2672   -3.011992E-07
 2673   -3.009739E-07
 2674   -3.007488E-07
 2675   -3.005240E-07
 2676   -2.927317E-07
 2677   -2.925131E-07
 2678   -2.922946E-07
 2679   -2.920765E-07
 2680   -2.918586E-07
 2681   -2.943904E-07
 2682   -2.941709E-07
 2683   -2.939517E-07
 2684   -2.937327E-07
 2685   -2.935139E-07
 2686   -2.816702E-07
 2687   -2.814606E-07
 2688   -2.812512E-07
 2689   -2.810420E-07
 2690   -2.808331E-07
 2691   -2.729931E-07
 2692   -2.727903E-07
 2693   -2.725878E-07
 2694   -2.723855E-07
 2695   -2.721834E-07
 2696   -2.436102E-07
 2697   -2.434296E-07
 2698   -2.432491E-07
 2699   -2.430689E-07
 2700   -2.428889E-07
 2701   -2.233175E-07
 2702   -2.231522E-07
 2703   -2.229871E-07
 2704   -2.228222E-07
 2705   -2.226575E-07
 2706   -2.034583E-07
 2707   -2.033080E-07
 2708   -2.031579E-07
 2709   -2.030079E-07
 2710   -2.028581E-07
 2711   -1.884741E-07
 2712   -1.883351E-07
 2713   -1.881963E-07
 2714   -1.880576E-07
 2715   -1.879191E-07
 2716   -1.836424E-07
 2717   -1.835073E-07
 2718   -1.833722E-07
 2719   -1.832374E-07
 2720   -1.831027E-07
 2721   -1.716828E-07
 2722   -1.715567E-07
 2723   -1.714307E-07
 2724   -1.713049E-07
 2725   -1.711792E-07
 2726   -1.719333E-07
 2727   -1.718072E-07
 2728   -1.716812E-07
 2729   -1.715554E-07
 2730   -1.714298E-07
 2731   -1.687605E-07
 2732   -1.686369E-07
 2733   -1.685136E-07
 2734   -1.683903E-07
 2735   -1.682672E-07
 2736   -1.610531E-07
 2737   -1.609354E-07
 2738   -1.608179E-07
 2739   -1.607005E-07
 2740   -1.605832E-07
 2741   -1.590177E-07
 2742   -1.589017E-07
 2743   -1.587859E-07
 2744   -1.586702E-07
 2745   -1.585546E-07
 2746   -1.460262E-07
 2747   -1.459199E-07
 2748   -1.458137E-07
 2749   -1.457076E-07
 2750   -1.456017E-07
 2751   -1.383944E-07
 2752   -1.382938E-07
 2753   -1.381934E-07
 2754   -1.380931E-07
 2755   -1.379928E-07
 2756   -1.295936E-07
 2757   -1.294996E-07
 2758   -1.294057E-07
 2759   -1.293119E-07
 2760   -1.292182E-07
 2761   -1.232390E-07
 2762   -1.231498E-07
 2763   -1.230607E-07
 2764   -1.229717E-07
 2765   -1.228827E-07
 2766   -1.204400E-07
 2767   -1.203529E-07
 2768   -1.202660E-07
 2769   -1.201791E-07
 2770   -1.200924E-07
 2771   -1.149556E-07
 2772   -1.148726E-07
 2773   -1.147898E-07
 2774   -1.147070E-07
 2775   -1.146244E-07
 2776   -1.169612E-07
 2777   -1.168770E-07
 2778   -1.167929E-07
 2779   -1.167088E-07
 2780   -1.166249E-07
 2781   -1.123928E-07
 2782   -1.123121E-07
 2783   -1.122314E-07
 2784   -1.121507E-07
 2785   -1.120702E-07
 2786   -1.124089E-07
 2787   -1.123282E-07
 2788   -1.122476E-07
 2789   -1.121672E-07
 2790   -1.120868E-07
 2791   -1.103900E-07
 2792   -1.103109E-07
 2793   -1.102319E-07
 2794   -1.101530E-07
 2795   -1.100742E-07
 2796   -1.063549E-07
 2797   -1.062789E-07
 2798   -1.062029E-07
 2799   -1.061270E-07
 2800   -1.060512E-07
 2801   -1.035586E-07
 2802   -1.034847E-07
 2803   -1.034109E-07
 2804   -1.033371E-07
 2805   -1.032634E-07
 2806   -9.857024E-08
 2807   -9.850002E-08
 2808   -9.842987E-08
 2809   -9.835980E-08
 2810   -9.828981E-08
 2811   -9.760548E-08
 2812   -9.753607E-08
 2813   -9.746674E-08
 2814   -9.739747E-08
 2815   -9.732829E-08
 2816   -9.747839E-08
 2817   -9.740920E-08
 2818   -9.734008E-08
 2819   -9.727103E-08
 2820   -9.720205E-08
 2821   -9.591927E-08
 2822   -9.585130E-08
 2823   -9.578341E-08
 2824   -9.571558E-08
 2825   -9.564783E-08
 2826   -9.550295E-08
 2827   -9.543540E-08
 2828   -9.536792E-08
 2829   -9.530051E-08
 2830   -9.523317E-08
 2831   -9.458141E-08
 2832   -9.451463E-08
 2833   -9.444792E-08
 2834   -9.438128E-08
 2835   -9.431470E-08
 2836   -9.564479E-08
 2837   -9.557738E-08
 2838   -9.551003E-08
 2839   -9.544276E-08
 2840   -9.537556E-08
 2841   -9.524167E-08
 2842   -9.517466E-08
 2843   -9.510772E-08
 2844   -9.504085E-08
 2845   -9.497405E-08
 2846   -9.568845E-08
 2847   -9.562124E-08
 2848   -9.555411E-08
 2849   -9.548704E-08
 2850   -9.542004E-08
 2851   -9.599384E-08
 2852   -9.592654E-08
 2853   -9.585931E-08
 2854   -9.579214E-08
 2855   -9.572505E-08
 2856   -9.652011E-08
 2857   -9.645255E-08
 2858   -9.638507E-08
 2859   -9.631766E-08
 2860   -9.625031E-08
 2861   -9.785535E-08
 2862   -9.778698E-08
 2863   -9.771868E-08
 2864   -9.765045E-08
 2865   -9.758230E-08
 2866   -9.749282E-08
 2867   -9.742482E-08
 2868   -9.735690E-08
 2869   -9.728904E-08
 2870   -9.722125E-08
 2871   -9.731565E-08
 2872   -9.724789E-08
 2873   -9.718020E-08
 2874   -9.711259E-08
 2875   -9.704504E-08
 2876   -9.587508E-08
 2877   -9.580845E-08
 2878   -9.574188E-08
 2879   -9.567538E-08
 2880   -9.560895E-08
 2881   -9.679107E-08
 2882   -9.672392E-08
 2883   -9.665683E-08
 2884   -9.658981E-08
 2885   -9.652286E-08
 2886   -9.795997E-08
 2887   -9.789212E-08
 2888   -9.782434E-08
 2889   -9.775663E-08
 2890   -9.768899E-08
 2891   -1.001403E-07
 2892   -1.000711E-07
 2893   -1.000019E-07
 2894   -9.993281E-08
 2895   -9.986378E-08
 2896   -1.040726E-07
 2897   -1.040008E-07
 2898   -1.039290E-07
 2899   -1.038574E-07
 2900   -1.037857E-07
 2901   -1.055956E-07
 2902   -1.055229E-07
 2903   -1.054502E-07
 2904   -1.053776E-07
 2905   -1.053050E-07
 2906   -1.093499E-07
 2907   -1.092747E-07
 2908   -1.091996E-07
 2909   -1.091245E-07
 2910   -1.090495E-07
 2911   -1.088989E-07
 2912   -1.088241E-07
 2913   -1.087494E-07
 2914   -1.086748E-07
 2915   -1.086002E-07
 2916   -1.102387E-07
 2917   -1.101632E-07
 2918   -1.100877E-07
 2919   -1.100122E-07
 2920   -1.099369E-07
 2921   -1.130610E-07
 2922   -1.129836E-07
 2923   -1.129063E-07
 2924   -1.128291E-07
 2925   -1.127520E-07
 2926   -1.106083E-07
 2927   -1.105328E-07
 2928   -1.104573E-07
 2929   -1.103819E-07
 2930   -1.103065E-07
 2931   -1.135968E-07
 2932   -1.135193E-07
 2933   -1.134419E-07
 2934   -1.133646E-07
 2935   -1.132873E-07
 2936   -1.138035E-07
 2937   -1.137260E-07
 2938   -1.136486E-07
 2939   -1.135713E-07
 2940   -1.134940E-07
 2941   -1.155621E-07
 2942   -1.154835E-07
 2943   -1.154051E-07
 2944   -1.153267E-07
 2945   -1.152484E-07
 2946   -1.213050E-07
 2947   -1.212227E-07
 2948   -1.211405E-07
 2949   -1.210583E-07
 2950   -1.209763E-07
 2951   -1.211058E-07
 2952   -1.210238E-07
 2953   -1.209418E-07
 2954   -1.208599E-07
 2955   -1.207782E-07
 2956   -1.269008E-07
 2957   -1.268150E-07
 2958   -1.267293E-07
 2959   -1.266436E-07
 2960   -1.265581E-07
 2961   -1.286590E-07
 2962   -1.285722E-07
 2963   -1.284854E-07
 2964   -1.283987E-07
 2965   -1.283121E-07
 2966   -1.306588E-07
 2967   -1.305707E-07
 2968   -1.304827E-07
 2969   -1.303949E-07
 2970   -1.303071E-07
 2971   -1.325104E-07
 2972   -1.324212E-07
 2973   -1.323322E-07
 2974   -1.322432E-07
 2975   -1.321543E-07
 2976   -1.286464E-07
 2977   -1.285600E-07
 2978   -1.284737E-07
 2979   -1.283874E-07
 2980   -1.283013E-07
 2981   -1.332765E-07
 2982   -1.331872E-07
 2983   -1.330979E-07
 2984   -1.330087E-07
 2985   -1.329196E-07
 2986   -1.320434E-07
 2987   -1.319550E-07
 2988   -1.318667E-07
 2989   -1.317785E-07
 2990   -1.316903E-07
 2991   -1.359473E-07
 2992   -1.358565E-07
 2993   -1.357657E-07
 2994   -1.356750E-07
 2995   -1.355845E-07
 2996   -1.374593E-07
 2997   -1.373675E-07
 2998   -1.372759E-07
 2999   -1.371844E-07
 3000   -1.370930E-07
 3001   -1.385769E-07
 3002   -1.384846E-07
 3003   -1.383924E-07
 3004   -1.383003E-07
 3005   -1.382083E-07
 3006   -1.446570E-07
 3007   -1.445608E-07
 3008   -1.444647E-07
 3009   -1.443687E-07
 3010   -1.442728E-07
 3011   -1.435524E-07
 3012   -1.434571E-07
 3013   -1.433619E-07
 3014   -1.432668E-07
 3015   -1.431718E-07
 3016   -1.441503E-07
 3017   -1.440547E-07
 3018   -1.439593E-07
 3019   -1.438639E-07
 3020   -1.437687E-07
 3021   -1.444826E-07
 3022   -1.443870E-07
 3023   -1.442915E-07
 3024   -1.441961E-07
 3025   -1.441007E-07
 3026   -1.425368E-07
 3027   -1.424426E-07
 3028   -1.423485E-07
 3029   -1.422546E-07
 3030   -1.421607E-07
 3031   -1.489961E-07
 3032   -1.488978E-07
 3033   -1.487996E-07
 3034   -1.487016E-07
 3035   -1.486036E-07
 3036   -1.493513E-07
 3037   -1.492530E-07
 3038   -1.491548E-07
 3039   -1.490566E-07
 3040   -1.489586E-07
 3041   -1.550918E-07
 3042   -1.549899E-07
 3043   -1.548880E-07
 3044   -1.547863E-07
 3045   -1.546846E-07
 3046   -1.586682E-07
 3047   -1.585641E-07
 3048   -1.584600E-07
 3049   -1.583561E-07
 3050   -1.582523E-07
 3051   -1.652785E-07
 3052   -1.651703E-07
 3053   -1.650621E-07
 3054   -1.649540E-07
 3055   -1.648460E-07
 3056   -1.708649E-07
 3057   -1.707531E-07
 3058   -1.706414E-07
 3059   -1.705299E-07
 3060   -1.704185E-07
 3061   -1.700787E-07
 3062   -1.699676E-07
 3063   -1.698567E-07
 3064   -1.697458E-07
 3065   -1.696350E-07
 3066   -1.742970E-07
 3067   -1.741834E-07
 3068   -1.740699E-07
 3069   -1.739564E-07
 3070   -1.738431E-07
 3071   -1.721295E-07
 3072   -1.720174E-07
 3073   -1.719055E-07
 3074   -1.717937E-07
 3075   -1.716820E-07
 3076   -1.711338E-07
 3077   -1.710226E-07
 3078   -1.709115E-07
 3079   -1.708005E-07
 3080   -1.706896E-07
 3081   -1.612266E-07
 3082   -1.611220E-07
 3083   -1.610175E-07
 3084   -1.609131E-07
 3085   -1.608088E-07
 3086   -1.495236E-07
 3087   -1.494267E-07
 3088   -1.493299E-07
 3089   -1.492333E-07
 3090   -1.491367E-07
 3091   -1.314189E-07
 3092   -1.313339E-07
 3093   -1.312490E-07
 3094   -1.311641E-07
 3095   -1.310794E-07
 3096   -1.013064E-07
 3097   -1.012410E-07
 3098   -1.011756E-07
 3099   -1.011103E-07
 3100   -1.010451E-07
 3101   -7.041586E-08
 3102   -7.037046E-08
 3103   -7.032511E-08
 3104   -7.027981E-08
 3105   -7.023455E-08
 3106   -4.066319E-08
 3107   -4.063702E-08
 3108   -4.061087E-08
 3109   -4.058475E-08
 3110   -4.055866E-08
 3111   -2.163008E-08
 3112   -2.161618E-08
 3113   -2.160229E-08
 3114   -2.158842E-08
 3115   -2.157456E-08
 3116   -9.178690E-09
 3117   -9.172802E-09
 3118   -9.166919E-09
 3119   -9.161042E-09
 3120   -9.155170E-09
 3121   -2.277151E-09
 3122   -2.275693E-09
 3123   -2.274236E-09
 3124   -2.272780E-09
 3125   -2.271326E-09
 3126    1.530253E-09
 3127    1.529274E-09
 3128    1.528297E-09
 3129    1.527320E-09
 3130    1.526344E-09
 3131    3.650935E-09
 3132    3.648604E-09
 3133    3.646275E-09
 3134    3.643949E-09
 3135    3.641624E-09
 3136    5.160968E-09
 3137    5.157678E-09
 3138    5.154391E-09
 3139    5.151107E-09
 3140    5.147827E-09
 3141    6.155281E-09
 3142    6.151363E-09
 3143    6.147450E-09
 3144    6.143540E-09
 3145    6.139633E-09
 3146    7.054636E-09
 3147    7.050154E-09
 3148    7.045675E-09
 3149    7.041201E-09
 3150    7.036731E-09
 3151    7.943257E-09
 3152    7.938217E-09
 3153    7.933183E-09
 3154    7.928153E-09
 3155    7.923128E-09
 3156    8.262500E-09
 3157    8.257266E-09
 3158    8.252038E-09
 3159    8.246814E-09
 3160    8.241596E-09
 3161    8.609263E-09
 3162    8.603819E-09
 3163    8.598379E-09
 3164    8.592945E-09
 3165    8.587516E-09
 3166    8.734392E-09
 3167    8.728877E-09
 3168    8.723367E-09
 3169    8.717862E-09
 3170    8.712363E-09
 3171    9.009575E-09
 3172    9.003896E-09
 3173    8.998221E-09
 3174    8.992552E-09
 3175    8.986888E-09
 3176    9.272342E-09
 3177    9.266506E-09
 3178    9.260675E-09
 3179    9.254850E-09
 3180    9.249030E-09
 3181    9.214121E-09
 3182    9.208331E-09
 3183    9.202546E-09
 3184    9.196766E-09
 3185    9.190992E-09
 3186    9.603917E-09
 3187    9.597891E-09
 3188    9.591870E-09
 3189    9.585856E-09
 3190    9.579847E-09
 3191    9.449078E-09
 3192    9.443159E-09
 3193    9.437245E-09
 3194    9.431336E-09
 3195    9.425434E-09
 3196    9.779657E-09
 3197    9.773540E-09
 3198    9.767428E-09
 3199    9.761323E-09
 3200    9.755223E-09
 3201    9.698083E-09
 3202    9.692026E-09
 3203    9.685976E-09
 3204    9.679930E-09
 3205    9.673891E-09
 3206    9.510817E-09
 3207    9.504887E-09
 3208    9.498962E-09
 3209    9.493042E-09
 3210    9.487129E-09
 3211    9.641830E-09
 3212    9.635827E-09
 3213    9.629830E-09
 3214    9.623839E-09
 3215    9.617853E-09
 3216    9.422682E-09
 3217    9.416824E-09
 3218    9.410973E-09
 3219    9.405127E-09
 3220    9.399286E-09
 3221    9.503904E-09
 3222    9.498006E-09
 3223    9.492113E-09
 3224    9.486225E-09
 3225    9.480343E-09
 3226    9.446782E-09
 3227    9.440928E-09
 3228    9.435080E-09
 3229    9.429237E-09
 3230    9.423399E-09
 3231    9.081684E-09
 3232    9.076065E-09
 3233    9.070451E-09
 3234    9.064843E-09
 3235    9.059239E-09
 3236    9.273307E-09
 3237    9.267578E-09
 3238    9.261855E-09
 3239    9.256137E-09
 3240    9.250424E-09
 3241    8.831086E-09
 3242    8.825639E-09
 3243    8.820197E-09
 3244    8.814760E-09
 3245    8.809328E-09
 3246    8.965823E-09
 3247    8.960302E-09
 3248    8.954785E-09
 3249    8.949274E-09
 3250    8.943767E-09
 3251    8.784757E-09
 3252    8.779356E-09
 3253    8.773959E-09
 3254    8.768567E-09
 3255    8.763180E-09
 3256    8.620857E-09
 3257    8.615564E-09
 3258    8.610276E-09
 3259    8.604993E-09
 3260    8.599715E-09
 3261    8.750898E-09
 3262    8.745534E-09
 3263    8.740174E-09
 3264    8.734820E-09
 3265    8.729470E-09
 3266    8.313510E-09
 3267    8.308421E-09
 3268    8.303337E-09
 3269    8.298258E-09
 3270    8.293184E-09
 3271    8.456946E-09
 3272    8.451778E-09
 3273    8.446614E-09
 3274    8.441455E-09
 3275    8.436300E-09
 3276    8.172062E-09
 3277    8.167076E-09
 3278    8.162093E-09
 3279    8.157116E-09
 3280    8.152143E-09
 3281    8.083525E-09
 3282    8.078600E-09
 3283    8.073679E-09
 3284    8.068763E-09
 3285    8.063851E-09
 3286    7.975178E-09
 3287    7.970326E-09
 3288    7.965479E-09
 3289    7.960636E-09
 3290    7.955797E-09
 3291    7.591670E-09
 3292    7.587058E-09
 3293    7.582451E-09
 3294    7.577848E-09
 3295    7.573249E-09
 3296    7.723332E-09
 3297    7.718648E-09
 3298    7.713968E-09
 3299    7.709292E-09
 3300    7.704620E-09
