   50    9.349403E-14
   51    7.438626E-14
   52    7.155302E-14
   53    6.887861E-14
   54    6.635138E-14
   55    6.396073E-14
   56    3.305455E-14
   57    3.190500E-14
   58    3.081439E-14
   59    2.977876E-14
   60    2.879447E-14
   61    1.285928E-14
   62    1.244783E-14
   63    1.205583E-14
   64    1.168205E-14
   65    1.132538E-14
   66    3.115278E-14
   67    3.022984E-14
   68    2.934731E-14
   69    2.850287E-14
   70    2.769436E-14
   71    2.261595E-14
   72    2.199212E-14
   73    2.139375E-14
   74    2.081947E-14
   75    2.026801E-14
   76    3.623673E-14
   77    3.530167E-14
   78    3.440234E-14
   79    3.353694E-14
   80    3.270379E-14
   81    5.950863E-14
   82    5.806611E-14
   83    5.667540E-14
   84    5.533407E-14
   85    5.403979E-14
   86    4.219103E-14
   87    4.122672E-14
   88    4.029510E-14
   89    3.939471E-14
   90    3.852416E-14
   91    4.337503E-14
   92    4.243725E-14
   93    4.152955E-14
   94    4.065067E-14
   95    3.979939E-14
   96    2.895980E-14
   97    2.836578E-14
   98    2.778986E-14
   99    2.723130E-14
  100    2.668941E-14
  101    1.018605E-14
  102    9.987310E-15
  103    9.794328E-15
  104    9.606885E-15
  105    9.424772E-15
  106    7.948270E-15
  107    7.800402E-15
  108    7.656622E-15
  109    7.516781E-15
  110    7.380736E-15
  111    1.897766E-14
  112    1.864029E-14
  113    1.831184E-14
  114    1.799200E-14
  115    1.768046E-14
  116    2.670654E-14
  117    2.625198E-14
  118    2.580892E-14
  119    2.537699E-14
  120    2.495581E-14
  121    4.749005E-14
  122    4.671472E-14
  123    4.595824E-14
  124    4.521997E-14
  125    4.449936E-14
  126    6.611568E-14
  127    6.507860E-14
  128    6.406573E-14
  129    6.307633E-14
  130    6.210967E-14
  131    5.576497E-14
  132    5.492325E-14
  133    5.410046E-14
  134    5.329601E-14
  135    5.250938E-14
  136    3.723355E-14
  137    3.669199E-14
  138    3.616216E-14
  139    3.564371E-14
  140    3.513634E-14
  141    2.179547E-14
  142    2.148958E-14
  143    2.119008E-14
  144    2.089680E-14
  145    2.060957E-14
  146    1.974558E-14
  147    1.947785E-14
  148    1.921553E-14
  149    1.895847E-14
  150    1.870653E-14
  151    3.148999E-14
  152    3.107701E-14
  153    3.067211E-14
  154    3.027507E-14
  155    2.988569E-14
  156    3.358765E-14
  157    3.316115E-14
  158    3.274272E-14
  159    3.233216E-14
  160    3.192927E-14
  161    8.050710E-14
  162    7.951626E-14
  163    7.854360E-14
  164    7.758868E-14
  165    7.665107E-14
  166    6.757829E-14
  167    6.677140E-14
  168    6.597887E-14
  169    6.520037E-14
  170    6.443557E-14
  171    7.950058E-14
  172    7.857885E-14
  173    7.767305E-14
  174    7.678283E-14
  175    7.590783E-14
  176    1.083538E-13
  177    1.071329E-13
  178    1.059326E-13
  179    1.047523E-13
  180    1.035916E-13
  181    6.276799E-14
  182    6.208014E-14
  183    6.140352E-14
  184    6.073791E-14
  185    6.008307E-14
  186    7.094332E-14
  187    7.018660E-14
  188    6.944193E-14
  189    6.870904E-14
  190    6.798769E-14
  191    5.999125E-14
  192    5.936797E-14
  193    5.875436E-14
  194    5.815021E-14
  195    5.755533E-14
  196    6.506310E-14
  197    6.440424E-14
  198    6.375534E-14
  199    6.311620E-14
  200    6.248662E-14
  201    6.185876E-14
  202    6.124781E-14
  203    6.064588E-14
  204    6.005277E-14
  205    5.946832E-14
  206    2.772592E-14
  207    2.745869E-14
  208    2.719530E-14
  209    2.693568E-14
  210    2.667976E-14
  211    3.048179E-15
  212    3.019491E-15
  213    2.991206E-15
  214    2.963316E-15
  215    2.935814E-15
  216    0.000000E+00
  217    0.000000E+00
  218    0.000000E+00
  219    0.000000E+00
  220    0.000000E+00
  221    0.000000E+00
  222    0.000000E+00
  223    0.000000E+00
  224    0.000000E+00
  225    0.000000E+00
  226    6.749451E-16
  227    6.690116E-16
  228    6.631559E-16
  229    6.573769E-16
  230    6.516730E-16
  231    0.000000E+00
  232    0.000000E+00
  233    0.000000E+00
  234    0.000000E+00
  235    0.000000E+00
  236    0.000000E+00
  237    0.000000E+00
  238    0.000000E+00
  239    0.000000E+00
  240    0.000000E+00
  241    0.000000E+00
  242    0.000000E+00
  243    0.000000E+00
  244    0.000000E+00
  245    0.000000E+00
  246    5.764272E-14
  247    5.717693E-14
  248    5.671675E-14
  249    5.626211E-14
  250    5.581292E-14
  251    6.423196E-13
  252    6.372320E-13
  253    6.322046E-13
  254    6.272364E-13
  255    6.223266E-13
  256    9.930351E-13
  257    9.853222E-13
  258    9.776989E-13
  259    9.701637E-13
  260    9.627153E-13
  261    2.031634E-12
  262    2.016155E-12
  263    2.000852E-12
  264    1.985723E-12
  265    1.970764E-12
  266    1.814969E-12
  267    1.801399E-12
  268    1.787981E-12
  269    1.774712E-12
  270    1.761591E-12
  271    3.619395E-12
  272    3.592831E-12
  273    3.566558E-12
  274    3.540572E-12
  275    3.514869E-12
  276    6.534302E-12
  277    6.487208E-12
  278    6.440622E-12
  279    6.394535E-12
  280    6.348942E-12
  281    2.716660E-11
  282    2.697427E-11
  283    2.678398E-11
  284    2.659569E-11
  285    2.640938E-11
  286    5.041797E-11
  287    5.006724E-11
  288    4.972015E-11
  289    4.937666E-11
  290    4.903672E-11
  291    8.484924E-11
  292    8.426907E-11
  293    8.369484E-11
  294    8.312646E-11
  295    8.256385E-11
  296    1.268579E-10
  297    1.260051E-10
  298    1.251608E-10
  299    1.243250E-10
  300    1.234976E-10
  301    1.546215E-10
  302    1.535992E-10
  303    1.525870E-10
  304    1.515848E-10
  305    1.505925E-10
  306    2.465197E-10
  307    2.449163E-10
  308    2.433285E-10
  309    2.417562E-10
  310    2.401990E-10
  311    2.503232E-10
  312    2.487212E-10
  313    2.471344E-10
  314    2.455628E-10
  315    2.440062E-10
  316    3.401380E-10
  317    3.379954E-10
  318    3.358730E-10
  319    3.337706E-10
  320    3.316877E-10
  321    4.254812E-10
  322    4.228425E-10
  323    4.202284E-10
  324    4.176384E-10
  325    4.150723E-10
  326    4.221748E-10
  327    4.195966E-10
  328    4.170420E-10
  329    4.145107E-10
  330    4.120023E-10
  331    5.782278E-10
  332    5.747498E-10
  333    5.713030E-10
  334    5.678872E-10
  335    5.645019E-10
  336    5.531970E-10
  337    5.499188E-10
  338    5.466696E-10
  339    5.434492E-10
  340    5.402571E-10
  341    7.617675E-10
  342    7.573193E-10
  343    7.529099E-10
  344    7.485389E-10
  345    7.442058E-10
  346    8.181839E-10
  347    8.134750E-10
  348    8.088066E-10
  349    8.041782E-10
  350    7.995895E-10
  351    8.339892E-10
  352    8.292574E-10
  353    8.245657E-10
  354    8.199137E-10
  355    8.153010E-10
  356    1.075939E-09
  357    1.069919E-09
  358    1.063951E-09
  359    1.058032E-09
  360    1.052162E-09
  361    1.038551E-09
  362    1.032821E-09
  363    1.027139E-09
  364    1.021503E-09
  365    1.015913E-09
  366    1.266545E-09
  367    1.259652E-09
  368    1.252815E-09
  369    1.246034E-09
  370    1.239308E-09
  371    1.281940E-09
  372    1.275057E-09
  373    1.268230E-09
  374    1.261457E-09
  375    1.254738E-09
  376    1.460517E-09
  377    1.452779E-09
  378    1.445103E-09
  379    1.437487E-09
  380    1.429931E-09
  381    1.676570E-09
  382    1.667804E-09
  383    1.659106E-09
  384    1.650476E-09
  385    1.641914E-09
  386    1.597655E-09
  387    1.589409E-09
  388    1.581227E-09
  389    1.573108E-09
  390    1.565051E-09
  391    1.949734E-09
  392    1.939799E-09
  393    1.929940E-09
  394    1.920156E-09
  395    1.910446E-09
  396    1.901384E-09
  397    1.891817E-09
  398    1.882322E-09
  399    1.872899E-09
  400    1.863546E-09
  401    2.242141E-09
  402    2.231000E-09
  403    2.219942E-09
  404    2.208966E-09
  405    2.198071E-09
  406    2.375642E-09
  407    2.363982E-09
  408    2.352408E-09
  409    2.340919E-09
  410    2.329514E-09
  411    2.439101E-09
  412    2.427275E-09
  413    2.415535E-09
  414    2.403880E-09
  415    2.392309E-09
  416    2.680152E-09
  417    2.667313E-09
  418    2.654566E-09
  419    2.641910E-09
  420    2.629344E-09
  421    2.875368E-09
  422    2.861757E-09
  423    2.848242E-09
  424    2.834823E-09
  425    2.821498E-09
  426    3.186095E-09
  427    3.171189E-09
  428    3.156388E-09
  429    3.141690E-09
  430    3.127095E-09
  431    3.450514E-09
  432    3.434558E-09
  433    3.418712E-09
  434    3.402976E-09
  435    3.387348E-09
  436    3.759927E-09
  437    3.742738E-09
  438    3.725668E-09
  439    3.708714E-09
  440    3.691875E-09
  441    3.804005E-09
  442    3.786812E-09
  443    3.769735E-09
  444    3.752774E-09
  445    3.735926E-09
  446    4.186093E-09
  447    4.167384E-09
  448    4.148800E-09
  449    4.130341E-09
  450    4.112004E-09
  451    4.449598E-09
  452    4.429931E-09
  453    4.410395E-09
  454    4.390987E-09
  455    4.371707E-09
  456    4.889792E-09
  457    4.868416E-09
  458    4.847180E-09
  459    4.826082E-09
  460    4.805122E-09
  461    5.124883E-09
  462    5.102721E-09
  463    5.080703E-09
  464    5.058827E-09
  465    5.037092E-09
  466    4.929691E-09
  467    4.908602E-09
  468    4.887647E-09
  469    4.866827E-09
  470    4.846139E-09
  471    5.975976E-09
  472    5.950681E-09
  473    5.925546E-09
  474    5.900570E-09
  475    5.875752E-09
  476    5.940387E-09
  477    5.915506E-09
  478    5.890781E-09
  479    5.866210E-09
  480    5.841793E-09
  481    6.810026E-09
  482    6.781798E-09
  483    6.753745E-09
  484    6.725866E-09
  485    6.698159E-09
  486    6.711682E-09
  487    6.684147E-09
  488    6.656781E-09
  489    6.629583E-09
  490    6.602551E-09
  491    6.722560E-09
  492    6.695260E-09
  493    6.668126E-09
  494    6.641157E-09
  495    6.614351E-09
  496    7.931861E-09
  497    7.899974E-09
  498    7.868279E-09
  499    7.836775E-09
  500    7.805459E-09
  501    7.606112E-09
  502    7.575839E-09
  503    7.545747E-09
  504    7.515833E-09
  505    7.486097E-09
  506    8.913914E-09
  507    8.878786E-09
  508    8.843864E-09
  509    8.809149E-09
  510    8.774637E-09
  511    9.083578E-09
  512    9.048130E-09
  513    9.012889E-09
  514    8.977854E-09
  515    8.943022E-09
  516    9.528502E-09
  517    9.491677E-09
  518    9.455065E-09
  519    9.418664E-09
  520    9.382473E-09
  521    1.078791E-08
  522    1.074662E-08
  523    1.070556E-08
  524    1.066474E-08
  525    1.062415E-08
  526    9.738158E-09
  527    9.701236E-09
  528    9.664523E-09
  529    9.628019E-09
  530    9.591721E-09
  531    1.196174E-08
  532    1.191681E-08
  533    1.187214E-08
  534    1.182771E-08
  535    1.178354E-08
  536    1.163825E-08
  537    1.159495E-08
  538    1.155188E-08
  539    1.150906E-08
  540    1.146647E-08
  541    1.314559E-08
  542    1.309713E-08
  543    1.304893E-08
  544    1.300100E-08
  545    1.295334E-08
  546    1.344302E-08
  547    1.339391E-08
  548    1.334507E-08
  549    1.329650E-08
  550    1.324819E-08
  551    1.302404E-08
  552    1.297690E-08
  553    1.293001E-08
  554    1.288337E-08
  555    1.283699E-08
  556    1.545956E-08
  557    1.540410E-08
  558    1.534893E-08
  559    1.529407E-08
  560    1.523950E-08
  561    1.457101E-08
  562    1.451920E-08
  563    1.446767E-08
  564    1.441641E-08
  565    1.436542E-08
  566    1.663193E-08
  567    1.657332E-08
  568    1.651501E-08
  569    1.645701E-08
  570    1.639932E-08
  571    1.617397E-08
  572    1.611747E-08
  573    1.606126E-08
  574    1.600535E-08
  575    1.594973E-08
  576    1.788709E-08
  577    1.782514E-08
  578    1.776352E-08
  579    1.770221E-08
  580    1.764122E-08
  581    1.857006E-08
  582    1.850630E-08
  583    1.844287E-08
  584    1.837976E-08
  585    1.831698E-08
  586    1.865403E-08
  587    1.859053E-08
  588    1.852735E-08
  589    1.846449E-08
  590    1.840195E-08
  591    2.098280E-08
  592    2.091197E-08
  593    2.084150E-08
  594    2.077139E-08
  595    2.070163E-08
  596    2.102857E-08
  597    2.095818E-08
  598    2.088815E-08
  599    2.081846E-08
  600    2.074913E-08
  601    2.296655E-08
  602    2.289031E-08
  603    2.281445E-08
  604    2.273897E-08
  605    2.266386E-08
  606    2.299014E-08
  607    2.291445E-08
  608    2.283914E-08
  609    2.276419E-08
  610    2.268962E-08
  611    2.300254E-08
  612    2.292743E-08
  613    2.285269E-08
  614    2.277831E-08
  615    2.270429E-08
  616    2.695707E-08
  617    2.686976E-08
  618    2.678287E-08
  619    2.669641E-08
  620    2.661036E-08
  621    2.595993E-08
  622    2.587653E-08
  623    2.579352E-08
  624    2.571092E-08
  625    2.562871E-08
  626    2.886550E-08
  627    2.877350E-08
  628    2.868194E-08
  629    2.859081E-08
  630    2.850012E-08
  631    2.813075E-08
  632    2.804180E-08
  633    2.795327E-08
  634    2.786516E-08
  635    2.777746E-08
  636    2.975762E-08
  637    2.966426E-08
  638    2.957135E-08
  639    2.947886E-08
  640    2.938681E-08
  641    3.277902E-08
  642    3.267698E-08
  643    3.257542E-08
  644    3.247433E-08
  645    3.237372E-08
  646    3.115806E-08
  647    3.106182E-08
  648    3.096603E-08
  649    3.087067E-08
  650    3.077576E-08
  651    3.528394E-08
  652    3.517579E-08
  653    3.506813E-08
  654    3.496097E-08
  655    3.485431E-08
  656    3.474849E-08
  657    3.464279E-08
  658    3.453757E-08
  659    3.443284E-08
  660    3.432857E-08
  661    3.659357E-08
  662    3.648310E-08
  663    3.637313E-08
  664    3.626365E-08
  665    3.615467E-08
  666    3.813642E-08
  667    3.802216E-08
  668    3.790840E-08
  669    3.779516E-08
  670    3.768242E-08
  671    3.690495E-08
  672    3.679519E-08
  673    3.668593E-08
  674    3.657715E-08
  675    3.646885E-08
  676    4.252523E-08
  677    4.239970E-08
  678    4.227472E-08
  679    4.215029E-08
  680    4.202641E-08
  681    4.047879E-08
  682    4.036017E-08
  683    4.024207E-08
  684    4.012449E-08
  685    4.000742E-08
  686    4.543298E-08
  687    4.530081E-08
  688    4.516922E-08
  689    4.503820E-08
  690    4.490775E-08
  691    4.532782E-08
  692    4.519691E-08
  693    4.506657E-08
  694    4.493678E-08
  695    4.480756E-08
  696    4.621206E-08
  697    4.607956E-08
  698    4.594762E-08
  699    4.581625E-08
  700    4.568544E-08
  701    5.073052E-08
  702    5.058609E-08
  703    5.044227E-08
  704    5.029907E-08
  705    5.015648E-08
  706    4.762112E-08
  707    4.748650E-08
  708    4.735245E-08
  709    4.721897E-08
  710    4.708605E-08
  711    5.360509E-08
  712    5.345462E-08
  713    5.330478E-08
  714    5.315557E-08
  715    5.300699E-08
  716    5.310356E-08
  717    5.295553E-08
  718    5.280813E-08
  719    5.266134E-08
  720    5.251516E-08
  721    5.707798E-08
  722    5.691997E-08
  723    5.676263E-08
  724    5.660593E-08
  725    5.644989E-08
  726    5.789927E-08
  727    5.774010E-08
  728    5.758158E-08
  729    5.742372E-08
  730    5.726650E-08
  731    5.660835E-08
  732    5.645378E-08
  733    5.629985E-08
  734    5.614655E-08
  735    5.599388E-08
  736    6.110273E-08
  737    6.093703E-08
  738    6.077200E-08
  739    6.060764E-08
  740    6.044395E-08
  741    6.129231E-08
  742    6.112721E-08
  743    6.096278E-08
  744    6.079901E-08
  745    6.063590E-08
  746    6.527283E-08
  747    6.509818E-08
  748    6.492424E-08
  749    6.475099E-08
  750    6.457844E-08
  751    6.724164E-08
  752    6.706292E-08
  753    6.688492E-08
  754    6.670763E-08
  755    6.653103E-08
  756    6.431476E-08
  757    6.414495E-08
  758    6.397582E-08
  759    6.380735E-08
  760    6.363955E-08
  761    7.511553E-08
  762    7.491850E-08
  763    7.472225E-08
  764    7.452677E-08
  765    7.433206E-08
  766    7.118472E-08
  767    7.099922E-08
  768    7.081445E-08
  769    7.063039E-08
  770    7.044706E-08
  771    7.448076E-08
  772    7.428793E-08
  773    7.409584E-08
  774    7.390451E-08
  775    7.371391E-08
  776    7.596061E-08
  777    7.576521E-08
  778    7.557057E-08
  779    7.537668E-08
  780    7.518353E-08
  781    7.953343E-08
  782    7.933015E-08
  783    7.912765E-08
  784    7.892592E-08
  785    7.872496E-08
  786    8.186646E-08
  787    8.165855E-08
  788    8.145142E-08
  789    8.124509E-08
  790    8.103953E-08
  791    8.215736E-08
  792    8.195002E-08
  793    8.174346E-08
  794    8.153769E-08
  795    8.133269E-08
  796    8.683851E-08
  797    8.662073E-08
  798    8.640377E-08
  799    8.618763E-08
  800    8.597229E-08
  801    8.618541E-08
  802    8.597061E-08
  803    8.575662E-08
  804    8.554343E-08
  805    8.533103E-08
  806    9.043979E-08
  807    9.021579E-08
  808    8.999263E-08
  809    8.977028E-08
  810    8.954877E-08
  811    9.119445E-08
  812    9.096997E-08
  813    9.074632E-08
  814    9.052349E-08
  815    9.030148E-08
  816    9.248383E-08
  817    9.225757E-08
  818    9.203214E-08
  819    9.180753E-08
  820    9.158375E-08
  821    9.717231E-08
  822    9.693603E-08
  823    9.670060E-08
  824    9.646603E-08
  825    9.623232E-08
  826    9.948410E-08
  827    9.924366E-08
  828    9.900408E-08
  829    9.876538E-08
  830    9.852753E-08
  831    1.042187E-07
  832    1.039684E-07
  833    1.037189E-07
  834    1.034703E-07
  835    1.032226E-07
  836    1.023575E-07
  837    1.021131E-07
  838    1.018695E-07
  839    1.016268E-07
  840    1.013850E-07
  841    1.035581E-07
  842    1.033123E-07
  843    1.030673E-07
  844    1.028232E-07
  845    1.025800E-07
  846    1.120211E-07
  847    1.117568E-07
  848    1.114933E-07
  849    1.112308E-07
  850    1.109693E-07
  851    1.074380E-07
  852    1.071860E-07
  853    1.069348E-07
  854    1.066845E-07
  855    1.064351E-07
  856    1.144643E-07
  857    1.141973E-07
  858    1.139313E-07
  859    1.136662E-07
  860    1.134020E-07
  861    1.108852E-07
  862    1.106280E-07
  863    1.103718E-07
  864    1.101165E-07
  865    1.098620E-07
  866    1.209112E-07
  867    1.206324E-07
  868    1.203546E-07
  869    1.200778E-07
  870    1.198019E-07
  871    1.225107E-07
  872    1.222299E-07
  873    1.219500E-07
  874    1.216711E-07
  875    1.213932E-07
  876    1.205892E-07
  877    1.203143E-07
  878    1.200404E-07
  879    1.197675E-07
  880    1.194954E-07
  881    1.270173E-07
  882    1.267294E-07
  883    1.264426E-07
  884    1.261566E-07
  885    1.258717E-07
  886    1.253051E-07
  887    1.250227E-07
  888    1.247413E-07
  889    1.244608E-07
  890    1.241813E-07
  891    1.309337E-07
  892    1.306403E-07
  893    1.303479E-07
  894    1.300564E-07
  895    1.297660E-07
  896    1.309525E-07
  897    1.306607E-07
  898    1.303699E-07
  899    1.300800E-07
  900    1.297911E-07
  901    1.302227E-07
  902    1.299341E-07
  903    1.296465E-07
  904    1.293598E-07
  905    1.290741E-07
  906    1.399584E-07
  907    1.396500E-07
  908    1.393425E-07
  909    1.390361E-07
  910    1.387307E-07
  911    1.347543E-07
  912    1.344589E-07
  913    1.341645E-07
  914    1.338711E-07
  915    1.335787E-07
  916    1.466121E-07
  917    1.462925E-07
  918    1.459739E-07
  919    1.456564E-07
  920    1.453400E-07
  921    1.397703E-07
  922    1.394673E-07
  923    1.391652E-07
  924    1.388642E-07
  925    1.385641E-07
  926    1.438989E-07
  927    1.435886E-07
  928    1.432793E-07
  929    1.429710E-07
  930    1.426637E-07
  931    1.535941E-07
  932    1.532646E-07
  933    1.529363E-07
  934    1.526090E-07
  935    1.522827E-07
  936    1.418559E-07
  937    1.415533E-07
  938    1.412516E-07
  939    1.409509E-07
  940    1.406512E-07
  941    1.533462E-07
  942    1.530208E-07
  943    1.526964E-07
  944    1.523731E-07
  945    1.520508E-07
  946    1.500404E-07
  947    1.497237E-07
  948    1.494080E-07
  949    1.490932E-07
  950    1.487795E-07
  951    1.558009E-07
  952    1.554737E-07
  953    1.551476E-07
  954    1.548225E-07
  955    1.544985E-07
  956    1.559787E-07
  957    1.556529E-07
  958    1.553282E-07
  959    1.550044E-07
  960    1.546816E-07
  961    1.517391E-07
  962    1.514238E-07
  963    1.511095E-07
  964    1.507961E-07
  965    1.504838E-07
  966    1.664266E-07
  967    1.660826E-07
  968    1.657396E-07
  969    1.653977E-07
  970    1.650569E-07
  971    1.551242E-07
  972    1.548052E-07
  973    1.544872E-07
  974    1.541701E-07
  975    1.538540E-07
  976    1.692339E-07
  977    1.688877E-07
  978    1.685425E-07
  979    1.681983E-07
  980    1.678552E-07
  981    1.663512E-07
  982    1.660126E-07
  983    1.656750E-07
  984    1.653384E-07
  985    1.650029E-07
  986    1.626137E-07
  987    1.622844E-07
  988    1.619560E-07
  989    1.616287E-07
  990    1.613023E-07
  991    1.706226E-07
  992    1.702787E-07
  993    1.699360E-07
  994    1.695942E-07
  995    1.692535E-07
  996    1.655374E-07
  997    1.652055E-07
  998    1.648746E-07
  999    1.645447E-07
 1000    1.642157E-07
 1001    1.701597E-07
 1002    1.698202E-07
 1003    1.694818E-07
 1004    1.691443E-07
 1005    1.688079E-07
 1006    1.667732E-07
 1007    1.664421E-07
 1008    1.661120E-07
 1009    1.657829E-07
 1010    1.654548E-07
 1011    1.676061E-07
 1012    1.672750E-07
 1013    1.669449E-07
 1014    1.666158E-07
 1015    1.662877E-07
 1016    1.809855E-07
 1017    1.806297E-07
 1018    1.802750E-07
 1019    1.799214E-07
 1020    1.795688E-07
 1021    1.695126E-07
 1022    1.691811E-07
 1023    1.688505E-07
 1024    1.685208E-07
 1025    1.681922E-07
 1026    1.735516E-07
 1027    1.732138E-07
 1028    1.728769E-07
 1029    1.725411E-07
 1030    1.722062E-07
 1031    1.727951E-07
 1032    1.724604E-07
 1033    1.721266E-07
 1034    1.717939E-07
 1035    1.714620E-07
 1036    1.734217E-07
 1037    1.730874E-07
 1038    1.727541E-07
 1039    1.724217E-07
 1040    1.720903E-07
 1041    1.794674E-07
 1042    1.791231E-07
 1043    1.787798E-07
 1044    1.784374E-07
 1045    1.780961E-07
 1046    1.742263E-07
 1047    1.738936E-07
 1048    1.735619E-07
 1049    1.732312E-07
 1050    1.729014E-07
 1051    1.768432E-07
 1052    1.765072E-07
 1053    1.761721E-07
 1054    1.758380E-07
 1055    1.755048E-07
 1056    1.736646E-07
 1057    1.733362E-07
 1058    1.730087E-07
 1059    1.726821E-07
 1060    1.723564E-07
 1061    1.758772E-07
 1062    1.755461E-07
 1063    1.752160E-07
 1064    1.748868E-07
 1065    1.745585E-07
 1066    1.790214E-07
 1067    1.786860E-07
 1068    1.783515E-07
 1069    1.780180E-07
 1070    1.776854E-07
 1071    1.789048E-07
 1072    1.785712E-07
 1073    1.782385E-07
 1074    1.779067E-07
 1075    1.775759E-07
 1076    1.715222E-07
 1077    1.712039E-07
 1078    1.708864E-07
 1079    1.705698E-07
 1080    1.702541E-07
 1081    1.808692E-07
 1082    1.805350E-07
 1083    1.802018E-07
 1084    1.798695E-07
 1085    1.795381E-07
 1086    1.775377E-07
 1087    1.772112E-07
 1088    1.768855E-07
 1089    1.765608E-07
 1090    1.762370E-07
 1091    1.749095E-07
 1092    1.745893E-07
 1093    1.742700E-07
 1094    1.739516E-07
 1095    1.736340E-07
 1096    1.785342E-07
 1097    1.782088E-07
 1098    1.778844E-07
 1099    1.775608E-07
 1100    1.772381E-07
 1101    1.813942E-07
 1102    1.810652E-07
 1103    1.807370E-07
 1104    1.804097E-07
 1105    1.800833E-07
 1106    1.737391E-07
 1107    1.734253E-07
 1108    1.731124E-07
 1109    1.728004E-07
 1110    1.724892E-07
 1111    1.762853E-07
 1112    1.759683E-07
 1113    1.756523E-07
 1114    1.753371E-07
 1115    1.750227E-07
 1116    1.733612E-07
 1117    1.730509E-07
 1118    1.727415E-07
 1119    1.724329E-07
 1120    1.721251E-07
 1121    1.817186E-07
 1122    1.813949E-07
 1123    1.810720E-07
 1124    1.807499E-07
 1125    1.804287E-07
 1126    1.707251E-07
 1127    1.704222E-07
 1128    1.701202E-07
 1129    1.698190E-07
 1130    1.695185E-07
 1131    1.743516E-07
 1132    1.740437E-07
 1133    1.737366E-07
 1134    1.734303E-07
 1135    1.731249E-07
 1136    1.722778E-07
 1137    1.719749E-07
 1138    1.716728E-07
 1139    1.713715E-07
 1140    1.710709E-07
 1141    1.719249E-07
 1142    1.716240E-07
 1143    1.713238E-07
 1144    1.710244E-07
 1145    1.707258E-07
 1146    1.764383E-07
 1147    1.761308E-07
 1148    1.758241E-07
 1149    1.755182E-07
 1150    1.752130E-07
 1151    1.657587E-07
 1152    1.654710E-07
 1153    1.651841E-07
 1154    1.648979E-07
 1155    1.646125E-07
 1156    1.688165E-07
 1157    1.685248E-07
 1158    1.682339E-07
 1159    1.679437E-07
 1160    1.676543E-07
 1161    1.638697E-07
 1162    1.635878E-07
 1163    1.633066E-07
 1164    1.630261E-07
 1165    1.627464E-07
 1166    1.641758E-07
 1167    1.638946E-07
 1168    1.636141E-07
 1169    1.633343E-07
 1170    1.630552E-07
 1171    1.696159E-07
 1172    1.693266E-07
 1173    1.690380E-07
 1174    1.687502E-07
 1175    1.684630E-07
 1176    1.558645E-07
 1177    1.555998E-07
 1178    1.553357E-07
 1179    1.550723E-07
 1180    1.548096E-07
 1181    1.628134E-07
 1182    1.625381E-07
 1183    1.622634E-07
 1184    1.619894E-07
 1185    1.617161E-07
 1186    1.619942E-07
 1187    1.617214E-07
 1188    1.614492E-07
 1189    1.611778E-07
 1190    1.609070E-07
 1191    1.554451E-07
 1192    1.551844E-07
 1193    1.549243E-07
 1194    1.546650E-07
 1195    1.544062E-07
 1196    1.570203E-07
 1197    1.567581E-07
 1198    1.564965E-07
 1199    1.562356E-07
 1200    1.559753E-07
 1201    1.505354E-07
 1202    1.502850E-07
 1203    1.500353E-07
 1204    1.497862E-07
 1205    1.495377E-07
 1206    1.541964E-07
 1207    1.539410E-07
 1208    1.536862E-07
 1209    1.534321E-07
 1210    1.531786E-07
 1211    1.470928E-07
 1212    1.468502E-07
 1213    1.466081E-07
 1214    1.463667E-07
 1215    1.461259E-07
 1216    1.450235E-07
 1217    1.447853E-07
 1218    1.445476E-07
 1219    1.443106E-07
 1220    1.440741E-07
 1221    1.477448E-07
 1222    1.475031E-07
 1223    1.472620E-07
 1224    1.470215E-07
 1225    1.467816E-07
 1226    1.373493E-07
 1227    1.371255E-07
 1228    1.369022E-07
 1229    1.366795E-07
 1230    1.364574E-07
 1231    1.447432E-07
 1232    1.445083E-07
 1233    1.442740E-07
 1234    1.440402E-07
 1235    1.438071E-07
 1236    1.366808E-07
 1237    1.364599E-07
 1238    1.362395E-07
 1239    1.360197E-07
 1240    1.358004E-07
 1241    1.345326E-07
 1242    1.343161E-07
 1243    1.341000E-07
 1244    1.338845E-07
 1245    1.336695E-07
 1246    1.364202E-07
 1247    1.362015E-07
 1248    1.359833E-07
 1249    1.357656E-07
 1250    1.355485E-07
 1251    1.292610E-07
 1252    1.290546E-07
 1253    1.288487E-07
 1254    1.286433E-07
 1255    1.284384E-07
 1256    1.348805E-07
 1257    1.346660E-07
 1258    1.344520E-07
 1259    1.342385E-07
 1260    1.340255E-07
 1261    1.236131E-07
 1262    1.234173E-07
 1263    1.232219E-07
 1264    1.230270E-07
 1265    1.228326E-07
 1266    1.260635E-07
 1267    1.258646E-07
 1268    1.256661E-07
 1269    1.254681E-07
 1270    1.252706E-07
 1271    1.257128E-07
 1272    1.255153E-07
 1273    1.253181E-07
 1274    1.251215E-07
 1275    1.249253E-07
 1276    1.186283E-07
 1277    1.184425E-07
 1278    1.182573E-07
 1279    1.180724E-07
 1280    1.178880E-07
 1281    1.189219E-07
 1282    1.187365E-07
 1283    1.185514E-07
 1284    1.183669E-07
 1285    1.181827E-07
 1286    1.150841E-07
 1287    1.149053E-07
 1288    1.147270E-07
 1289    1.145491E-07
 1290    1.143715E-07
 1291    1.179990E-07
 1292    1.178164E-07
 1293    1.176342E-07
 1294    1.174525E-07
 1295    1.172712E-07
 1296    1.128381E-07
 1297    1.126641E-07
 1298    1.124906E-07
 1299    1.123175E-07
 1300    1.121447E-07
 1301    1.118614E-07
 1302    1.116896E-07
 1303    1.115183E-07
 1304    1.113473E-07
 1305    1.111767E-07
 1306    1.095158E-07
 1307    1.093482E-07
 1308    1.091811E-07
 1309    1.090143E-07
 1310    1.088480E-07
 1311    1.080242E-07
 1312    1.078596E-07
 1313    1.076954E-07
 1314    1.075315E-07
 1315    1.073680E-07
 1316    1.086606E-07
 1317    1.084957E-07
 1318    1.083311E-07
 1319    1.081669E-07
 1320    1.080031E-07
 1321    1.045093E-07
 1322    1.043513E-07
 1323    1.041936E-07
 1324    1.040363E-07
 1325    1.038793E-07
 1326    1.039217E-07
 1327    1.037651E-07
 1328    1.036089E-07
 1329    1.034531E-07
 1330    1.032976E-07
 1331    1.021265E-07
 1332    1.019732E-07
 1333    1.018203E-07
 1334    1.016677E-07
 1335    1.015154E-07
 1336    1.020709E-07
 1337    1.019183E-07
 1338    1.017660E-07
 1339    1.016140E-07
 1340    1.014624E-07
 1341    1.030034E-07
 1342    1.028500E-07
 1343    1.026969E-07
 1344    1.025441E-07
 1345    1.023917E-07
 1346    1.009740E-07
 1347    1.008241E-07
 1348    1.006746E-07
 1349    1.005254E-07
 1350    1.003765E-07
 1351    1.021696E-07
 1352    1.020185E-07
 1353    1.018678E-07
 1354    1.017174E-07
 1355    1.015673E-07
 1356    1.022743E-07
 1357    1.021236E-07
 1358    1.019733E-07
 1359    1.018233E-07
 1360    1.016736E-07
 1361    1.012209E-07
 1362    1.010723E-07
 1363    1.009241E-07
 1364    1.007761E-07
 1365    1.006285E-07
 1366    1.007323E-07
 1367    1.005849E-07
 1368    1.004379E-07
 1369    1.002913E-07
 1370    1.001449E-07
 1371    1.012196E-07
 1372    1.010721E-07
 1373    1.009249E-07
 1374    1.007780E-07
 1375    1.006315E-07
 1376    1.062114E-07
 1377    1.060572E-07
 1378    1.059033E-07
 1379    1.057498E-07
 1380    1.055966E-07
 1381    1.031088E-07
 1382    1.029596E-07
 1383    1.028107E-07
 1384    1.026622E-07
 1385    1.025140E-07
 1386    1.067878E-07
 1387    1.066339E-07
 1388    1.064803E-07
 1389    1.063270E-07
 1390    1.061741E-07
 1391    1.041382E-07
 1392    1.039886E-07
 1393    1.038393E-07
 1394    1.036904E-07
 1395    1.035418E-07
 1396    1.103908E-07
 1397    1.102328E-07
 1398    1.100752E-07
 1399    1.099179E-07
 1400    1.097609E-07
 1401    1.128800E-07
 1402    1.127190E-07
 1403    1.125584E-07
 1404    1.123981E-07
 1405    1.122382E-07
 1406    1.119059E-07
 1407    1.117469E-07
 1408    1.115882E-07
 1409    1.114299E-07
 1410    1.112719E-07
 1411    1.156362E-07
 1412    1.154724E-07
 1413    1.153090E-07
 1414    1.151460E-07
 1415    1.149833E-07
 1416    1.159635E-07
 1417    1.157999E-07
 1418    1.156366E-07
 1419    1.154737E-07
 1420    1.153111E-07
 1421    1.199714E-07
 1422    1.198027E-07
 1423    1.196344E-07
 1424    1.194664E-07
 1425    1.192988E-07
 1426    1.271398E-07
 1427    1.269616E-07
 1428    1.267839E-07
 1429    1.266065E-07
 1430    1.264295E-07
 1431    1.281503E-07
 1432    1.279714E-07
 1433    1.277928E-07
 1434    1.276147E-07
 1435    1.274369E-07
 1436    1.346304E-07
 1437    1.344431E-07
 1438    1.342561E-07
 1439    1.340696E-07
 1440    1.338835E-07
 1441    1.375139E-07
 1442    1.373232E-07
 1443    1.371329E-07
 1444    1.369431E-07
 1445    1.367536E-07
 1446    1.429411E-07
 1447    1.427436E-07
 1448    1.425465E-07
 1449    1.423498E-07
 1450    1.421536E-07
 1451    1.473978E-07
 1452    1.471949E-07
 1453    1.469923E-07
 1454    1.467902E-07
 1455    1.465885E-07
 1456    1.483819E-07
 1457    1.481783E-07
 1458    1.479751E-07
 1459    1.477723E-07
 1460    1.475699E-07
 1461    1.647886E-07
 1462    1.645632E-07
 1463    1.643384E-07
 1464    1.641139E-07
 1465    1.638900E-07
 1466    1.645124E-07
 1467    1.642882E-07
 1468    1.640644E-07
 1469    1.638411E-07
 1470    1.636183E-07
 1471    1.768431E-07
 1472    1.766029E-07
 1473    1.763632E-07
 1474    1.761240E-07
 1475    1.758853E-07
 1476    1.784150E-07
 1477    1.781735E-07
 1478    1.779324E-07
 1479    1.776919E-07
 1480    1.774519E-07
 1481    1.904058E-07
 1482    1.901490E-07
 1483    1.898926E-07
 1484    1.896368E-07
 1485    1.893815E-07
 1486    2.054012E-07
 1487    2.051251E-07
 1488    2.048495E-07
 1489    2.045744E-07
 1490    2.042999E-07
 1491    2.094324E-07
 1492    2.091518E-07
 1493    2.088717E-07
 1494    2.085922E-07
 1495    2.083132E-07
 1496    2.209350E-07
 1497    2.206399E-07
 1498    2.203454E-07
 1499    2.200515E-07
 1500    2.197582E-07
 1501    2.307077E-07
 1502    2.304006E-07
 1503    2.300941E-07
 1504    2.297882E-07
 1505    2.294829E-07
 1506    2.438745E-07
 1507    2.435510E-07
 1508    2.432281E-07
 1509    2.429058E-07
 1510    2.425842E-07
 1511    2.608243E-07
 1512    2.604794E-07
 1513    2.601352E-07
 1514    2.597917E-07
 1515    2.594488E-07
 1516    2.665618E-07
 1517    2.662105E-07
 1518    2.658599E-07
 1519    2.655099E-07
 1520    2.651607E-07
 1521    2.859646E-07
 1522    2.855889E-07
 1523    2.852140E-07
 1524    2.848398E-07
 1525    2.844664E-07
 1526    3.116442E-07
 1527    3.112361E-07
 1528    3.108289E-07
 1529    3.104225E-07
 1530    3.100168E-07
 1531    3.223645E-07
 1532    3.219438E-07
 1533    3.215239E-07
 1534    3.211048E-07
 1535    3.206866E-07
 1536    3.339313E-07
 1537    3.334969E-07
 1538    3.330634E-07
 1539    3.326307E-07
 1540    3.321988E-07
 1541    3.359823E-07
 1542    3.355467E-07
 1543    3.351119E-07
 1544    3.346780E-07
 1545    3.342449E-07
 1546    3.700210E-07
 1547    3.695428E-07
 1548    3.690655E-07
 1549    3.685891E-07
 1550    3.681137E-07
 1551    3.675207E-07
 1552    3.670472E-07
 1553    3.665747E-07
 1554    3.661031E-07
 1555    3.656323E-07
 1556    3.904422E-07
 1557    3.899408E-07
 1558    3.894404E-07
 1559    3.889410E-07
 1560    3.884425E-07
 1561    4.001448E-07
 1562    3.996327E-07
 1563    3.991215E-07
 1564    3.986112E-07
 1565    3.981020E-07
 1566    4.128387E-07
 1567    4.123120E-07
 1568    4.117862E-07
 1569    4.112615E-07
 1570    4.107378E-07
 1571    4.338788E-07
 1572    4.333270E-07
 1573    4.327762E-07
 1574    4.322265E-07
 1575    4.316778E-07
 1576    4.572817E-07
 1577    4.567019E-07
 1578    4.561233E-07
 1579    4.555457E-07
 1580    4.549693E-07
 1581    4.754310E-07
 1582    4.748301E-07
 1583    4.742304E-07
 1584    4.736318E-07
 1585    4.730344E-07
 1586    5.062483E-07
 1587    5.056105E-07
 1588    5.049739E-07
 1589    5.043385E-07
 1590    5.037043E-07
 1591    5.233774E-07
 1592    5.227201E-07
 1593    5.220640E-07
 1594    5.214092E-07
 1595    5.207556E-07
 1596    5.472599E-07
 1597    5.465748E-07
 1598    5.458909E-07
 1599    5.452083E-07
 1600    5.445270E-07
 1601    5.668562E-07
 1602    5.661487E-07
 1603    5.654426E-07
 1604    5.647378E-07
 1605    5.640343E-07
 1606    5.899280E-07
 1607    5.891941E-07
 1608    5.884615E-07
 1609    5.877302E-07
 1610    5.870004E-07
 1611    6.316972E-07
 1612    6.309137E-07
 1613    6.301317E-07
 1614    6.293511E-07
 1615    6.285720E-07
 1616    6.490011E-07
 1617    6.481986E-07
 1618    6.473976E-07
 1619    6.465981E-07
 1620    6.458001E-07
 1621    6.832544E-07
 1622    6.824121E-07
 1623    6.815715E-07
 1624    6.807324E-07
 1625    6.798948E-07
 1626    7.039579E-07
 1627    7.030928E-07
 1628    7.022294E-07
 1629    7.013675E-07
 1630    7.005071E-07
 1631    7.561612E-07
 1632    7.552349E-07
 1633    7.543102E-07
 1634    7.533872E-07
 1635    7.524659E-07
 1636    7.693457E-07
 1637    7.684060E-07
 1638    7.674681E-07
 1639    7.665318E-07
 1640    7.655973E-07
 1641    8.089461E-07
 1642    8.079611E-07
 1643    8.069779E-07
 1644    8.059964E-07
 1645    8.050168E-07
 1646    8.175054E-07
 1647    8.165130E-07
 1648    8.155223E-07
 1649    8.145335E-07
 1650    8.135465E-07
 1651    8.598936E-07
 1652    8.588529E-07
 1653    8.578140E-07
 1654    8.567771E-07
 1655    8.557420E-07
 1656    8.748114E-07
 1657    8.737558E-07
 1658    8.727021E-07
 1659    8.716503E-07
 1660    8.706005E-07
 1661    8.852403E-07
 1662    8.841753E-07
 1663    8.831123E-07
 1664    8.820512E-07
 1665    8.809920E-07
 1666    9.499361E-07
 1667    9.487968E-07
 1668    9.476595E-07
 1669    9.465242E-07
 1670    9.453910E-07
 1671    9.812886E-07
 1672    9.801151E-07
 1673    9.789438E-07
 1674    9.777746E-07
 1675    9.766074E-07
 1676    1.042095E-06
 1677    1.040853E-06
 1678    1.039613E-06
 1679    1.038375E-06
 1680    1.037139E-06
 1681    1.062617E-06
 1682    1.061354E-06
 1683    1.060093E-06
 1684    1.058835E-06
 1685    1.057578E-06
 1686    1.099201E-06
 1687    1.097898E-06
 1688    1.096598E-06
 1689    1.095300E-06
 1690    1.094004E-06
 1691    1.136661E-06
 1692    1.135318E-06
 1693    1.133977E-06
 1694    1.132638E-06
 1695    1.131302E-06
 1696    1.168202E-06
 1697    1.166826E-06
 1698    1.165452E-06
 1699    1.164080E-06
 1700    1.162711E-06
 1701    1.210855E-06
 1702    1.209433E-06
 1703    1.208013E-06
 1704    1.206595E-06
 1705    1.205180E-06
 1706    1.230104E-06
 1707    1.228663E-06
 1708    1.227225E-06
 1709    1.225789E-06
 1710    1.224356E-06
 1711    1.265191E-06
 1712    1.263713E-06
 1713    1.262238E-06
 1714    1.260766E-06
 1715    1.259296E-06
 1716    1.333439E-06
 1717    1.331886E-06
 1718    1.330336E-06
 1719    1.328788E-06
 1720    1.327244E-06
 1721    1.357916E-06
 1722    1.356339E-06
 1723    1.354765E-06
 1724    1.353194E-06
 1725    1.351625E-06
 1726    1.462994E-06
 1727    1.461300E-06
 1728    1.459609E-06
 1729    1.457921E-06
 1730    1.456236E-06
 1731    1.480881E-06
 1732    1.479172E-06
 1733    1.477465E-06
 1734    1.475762E-06
 1735    1.474061E-06
 1736    1.557607E-06
 1737    1.555814E-06
 1738    1.554024E-06
 1739    1.552237E-06
 1740    1.550453E-06
 1741    1.606868E-06
 1742    1.605023E-06
 1743    1.603182E-06
 1744    1.601344E-06
 1745    1.599509E-06
 1746    1.609342E-06
 1747    1.607501E-06
 1748    1.605662E-06
 1749    1.603826E-06
 1750    1.601994E-06
 1751    1.667632E-06
 1752    1.665728E-06
 1753    1.663829E-06
 1754    1.661932E-06
 1755    1.660039E-06
 1756    1.669901E-06
 1757    1.668001E-06
 1758    1.666104E-06
 1759    1.664210E-06
 1760    1.662319E-06
 1761    1.739111E-06
 1762    1.737138E-06
 1763    1.735168E-06
 1764    1.733201E-06
 1765    1.731237E-06
 1766    1.736637E-06
 1767    1.734672E-06
 1768    1.732710E-06
 1769    1.730752E-06
 1770    1.728797E-06
 1771    1.797057E-06
 1772    1.795030E-06
 1773    1.793005E-06
 1774    1.790985E-06
 1775    1.788967E-06
 1776    1.897882E-06
 1777    1.895747E-06
 1778    1.893615E-06
 1779    1.891487E-06
 1780    1.889362E-06
 1781    1.920199E-06
 1782    1.918045E-06
 1783    1.915894E-06
 1784    1.913747E-06
 1785    1.911603E-06
 1786    1.999425E-06
 1787    1.997188E-06
 1788    1.994954E-06
 1789    1.992725E-06
 1790    1.990499E-06
 1791    2.012036E-06
 1792    2.009791E-06
 1793    2.007550E-06
 1794    2.005313E-06
 1795    2.003079E-06
 1796    2.074068E-06
 1797    2.071760E-06
 1798    2.069456E-06
 1799    2.067156E-06
 1800    2.064860E-06
 1801    2.114190E-06
 1802    2.111844E-06
 1803    2.109502E-06
 1804    2.107164E-06
 1805    2.104830E-06
 1806    2.129948E-06
 1807    2.127592E-06
 1808    2.125239E-06
 1809    2.122890E-06
 1810    2.120545E-06
 1811    2.198964E-06
 1812    2.196537E-06
 1813    2.194115E-06
 1814    2.191697E-06
 1815    2.189282E-06
 1816    2.242426E-06
 1817    2.239959E-06
 1818    2.237495E-06
 1819    2.235036E-06
 1820    2.232580E-06
 1821    2.395445E-06
 1822    2.392816E-06
 1823    2.390192E-06
 1824    2.387572E-06
 1825    2.384956E-06
 1826    2.429079E-06
 1827    2.426421E-06
 1828    2.423767E-06
 1829    2.421117E-06
 1830    2.418472E-06
 1831    2.499145E-06
 1832    2.496417E-06
 1833    2.493694E-06
 1834    2.490975E-06
 1835    2.488261E-06
 1836    2.579267E-06
 1837    2.576459E-06
 1838    2.573657E-06
 1839    2.570858E-06
 1840    2.568065E-06
 1841    2.601471E-06
 1842    2.598647E-06
 1843    2.595828E-06
 1844    2.593013E-06
 1845    2.590203E-06
 1846    2.645874E-06
 1847    2.643010E-06
 1848    2.640150E-06
 1849    2.637295E-06
 1850    2.634445E-06
 1851    2.631857E-06
 1852    2.629016E-06
 1853    2.626179E-06
 1854    2.623347E-06
 1855    2.620519E-06
 1856    2.648557E-06
 1857    2.645705E-06
 1858    2.642858E-06
 1859    2.640015E-06
 1860    2.637178E-06
 1861    2.685304E-06
 1862    2.682420E-06
 1863    2.679541E-06
 1864    2.676667E-06
 1865    2.673797E-06
 1866    2.725806E-06
 1867    2.722887E-06
 1868    2.719973E-06
 1869    2.717063E-06
 1870    2.714158E-06
 1871    2.830611E-06
 1872    2.827588E-06
 1873    2.824569E-06
 1874    2.821556E-06
 1875    2.818547E-06
 1876    2.836596E-06
 1877    2.833575E-06
 1878    2.830558E-06
 1879    2.827546E-06
 1880    2.824539E-06
 1881    2.970006E-06
 1882    2.966850E-06
 1883    2.963700E-06
 1884    2.960555E-06
 1885    2.957414E-06
 1886    3.007747E-06
 1887    3.004560E-06
 1888    3.001378E-06
 1889    2.998202E-06
 1890    2.995030E-06
 1891    3.066011E-06
 1892    3.062771E-06
 1893    3.059536E-06
 1894    3.056306E-06
 1895    3.053081E-06
 1896    3.174400E-06
 1897    3.171054E-06
 1898    3.167713E-06
 1899    3.164378E-06
 1900    3.161048E-06
 1901    3.112047E-06
 1902    3.108775E-06
 1903    3.105509E-06
 1904    3.102248E-06
 1905    3.098992E-06
 1906    3.197193E-06
 1907    3.193840E-06
 1908    3.190493E-06
 1909    3.187152E-06
 1910    3.183815E-06
 1911    3.281208E-06
 1912    3.277777E-06
 1913    3.274351E-06
 1914    3.270930E-06
 1915    3.267515E-06
 1916    3.324837E-06
 1917    3.321369E-06
 1918    3.317907E-06
 1919    3.314450E-06
 1920    3.310998E-06
 1921    3.418510E-06
 1922    3.414954E-06
 1923    3.411403E-06
 1924    3.407858E-06
 1925    3.404318E-06
 1926    3.482632E-06
 1927    3.479018E-06
 1928    3.475410E-06
 1929    3.471808E-06
 1930    3.468211E-06
 1931    3.633138E-06
 1932    3.629378E-06
 1933    3.625623E-06
 1934    3.621875E-06
 1935    3.618132E-06
 1936    3.625516E-06
 1937    3.621774E-06
 1938    3.618037E-06
 1939    3.614306E-06
 1940    3.610581E-06
 1941    3.692446E-06
 1942    3.688644E-06
 1943    3.684848E-06
 1944    3.681058E-06
 1945    3.677274E-06
 1946    3.727904E-06
 1947    3.724076E-06
 1948    3.720253E-06
 1949    3.716437E-06
 1950    3.712626E-06
 1951    3.618148E-06
 1952    3.614442E-06
 1953    3.610742E-06
 1954    3.607047E-06
 1955    3.603358E-06
 1956    3.778980E-06
 1957    3.775119E-06
 1958    3.771264E-06
 1959    3.767415E-06
 1960    3.763572E-06
 1961    3.614290E-06
 1962    3.610607E-06
 1963    3.606929E-06
 1964    3.603257E-06
 1965    3.599590E-06
 1966    3.777623E-06
 1967    3.773783E-06
 1968    3.769949E-06
 1969    3.766120E-06
 1970    3.762298E-06
 1971    3.826746E-06
 1972    3.822866E-06
 1973    3.818992E-06
 1974    3.815123E-06
 1975    3.811261E-06
 1976    3.867733E-06
 1977    3.863822E-06
 1978    3.859916E-06
 1979    3.856016E-06
 1980    3.852122E-06
 1981    3.963938E-06
 1982    3.959939E-06
 1983    3.955946E-06
 1984    3.951959E-06
 1985    3.947978E-06
 1986    3.973053E-06
 1987    3.969055E-06
 1988    3.965063E-06
 1989    3.961077E-06
 1990    3.957097E-06
 1991    4.099613E-06
 1992    4.095498E-06
 1993    4.091389E-06
 1994    4.087286E-06
 1995    4.083190E-06
 1996    4.017395E-06
 1997    4.013372E-06
 1998    4.009356E-06
 1999    4.005346E-06
 2000    4.001341E-06
 2001    3.991567E-06
 2002    3.987580E-06
 2003    3.983600E-06
 2004    3.979625E-06
 2005    3.975656E-06
 2006    4.020064E-06
 2007    4.016059E-06
 2008    4.012060E-06
 2009    4.008067E-06
 2010    4.004080E-06
 2011    3.994258E-06
 2012    3.990289E-06
 2013    3.986325E-06
 2014    3.982367E-06
 2015    3.978416E-06
 2016    4.132301E-06
 2017    4.128205E-06
 2018    4.124115E-06
 2019    4.120030E-06
 2020    4.115952E-06
 2021    4.167243E-06
 2022    4.163123E-06
 2023    4.159008E-06
 2024    4.154899E-06
 2025    4.150797E-06
 2026    4.210498E-06
 2027    4.206345E-06
 2028    4.202198E-06
 2029    4.198057E-06
 2030    4.193922E-06
 2031    4.419828E-06
 2032    4.415479E-06
 2033    4.411137E-06
 2034    4.406800E-06
 2035    4.402470E-06
 2036    4.387816E-06
 2037    4.383509E-06
 2038    4.379208E-06
 2039    4.374913E-06
 2040    4.370625E-06
 2041    4.553539E-06
 2042    4.549080E-06
 2043    4.544628E-06
 2044    4.540182E-06
 2045    4.535743E-06
 2046    4.405068E-06
 2047    4.400765E-06
 2048    4.396469E-06
 2049    4.392178E-06
 2050    4.387894E-06
 2051    4.407313E-06
 2052    4.403019E-06
 2053    4.398730E-06
 2054    4.394448E-06
 2055    4.390173E-06
 2056    4.435021E-06
 2057    4.430710E-06
 2058    4.426405E-06
 2059    4.422107E-06
 2060    4.417815E-06
 2061    4.436289E-06
 2062    4.431987E-06
 2063    4.427691E-06
 2064    4.423402E-06
 2065    4.419119E-06
 2066    4.531297E-06
 2067    4.526913E-06
 2068    4.522536E-06
 2069    4.518166E-06
 2070    4.513801E-06
 2071    4.493395E-06
 2072    4.489059E-06
 2073    4.484729E-06
 2074    4.480406E-06
 2075    4.476088E-06
 2076    4.708558E-06
 2077    4.704026E-06
 2078    4.699499E-06
 2079    4.694979E-06
 2080    4.690466E-06
 2081    4.805477E-06
 2082    4.800862E-06
 2083    4.796254E-06
 2084    4.791652E-06
 2085    4.787057E-06
 2086    4.955925E-06
 2087    4.951176E-06
 2088    4.946435E-06
 2089    4.941700E-06
 2090    4.936973E-06
 2091    4.836010E-06
 2092    4.831388E-06
 2093    4.826773E-06
 2094    4.822164E-06
 2095    4.817561E-06
 2096    4.927363E-06
 2097    4.922665E-06
 2098    4.917973E-06
 2099    4.913288E-06
 2100    4.908610E-06
 2101    4.906733E-06
 2102    4.902065E-06
 2103    4.897404E-06
 2104    4.892750E-06
 2105    4.888103E-06
 2106    4.842669E-06
 2107    4.838073E-06
 2108    4.833484E-06
 2109    4.828902E-06
 2110    4.824326E-06
 2111    4.977009E-06
 2112    4.972297E-06
 2113    4.967591E-06
 2114    4.962893E-06
 2115    4.958201E-06
 2116    5.066576E-06
 2117    5.061791E-06
 2118    5.057012E-06
 2119    5.052240E-06
 2120    5.047475E-06
 2121    5.165051E-06
 2122    5.160184E-06
 2123    5.155324E-06
 2124    5.150471E-06
 2125    5.145624E-06
 2126    5.251929E-06
 2127    5.246992E-06
 2128    5.242061E-06
 2129    5.237138E-06
 2130    5.232222E-06
 2131    5.360842E-06
 2132    5.355814E-06
 2133    5.350794E-06
 2134    5.345780E-06
 2135    5.340773E-06
 2136    5.499336E-06
 2137    5.494191E-06
 2138    5.489052E-06
 2139    5.483921E-06
 2140    5.478797E-06
 2141    5.417256E-06
 2142    5.412199E-06
 2143    5.407149E-06
 2144    5.402106E-06
 2145    5.397070E-06
 2146    5.350713E-06
 2147    5.345730E-06
 2148    5.340754E-06
 2149    5.335784E-06
 2150    5.330822E-06
 2151    5.215406E-06
 2152    5.210561E-06
 2153    5.205721E-06
 2154    5.200889E-06
 2155    5.196063E-06
 2156    5.316139E-06
 2157    5.311211E-06
 2158    5.306290E-06
 2159    5.301376E-06
 2160    5.296468E-06
 2161    5.668206E-06
 2162    5.662964E-06
 2163    5.657729E-06
 2164    5.652501E-06
 2165    5.647280E-06
 2166    5.701952E-06
 2167    5.696691E-06
 2168    5.691437E-06
 2169    5.686190E-06
 2170    5.680951E-06
 2171    6.004146E-06
 2172    5.998619E-06
 2173    5.993099E-06
 2174    5.987587E-06
 2175    5.982082E-06
 2176    6.065819E-06
 2177    6.060248E-06
 2178    6.054684E-06
 2179    6.049128E-06
 2180    6.043579E-06
 2181    6.329797E-06
 2182    6.323997E-06
 2183    6.318204E-06
 2184    6.312420E-06
 2185    6.306643E-06
 2186    6.475019E-06
 2187    6.469099E-06
 2188    6.463187E-06
 2189    6.457283E-06
 2190    6.451388E-06
 2191    6.279630E-06
 2192    6.273902E-06
 2193    6.268181E-06
 2194    6.262469E-06
 2195    6.256764E-06
 2196    6.096528E-06
 2197    6.090979E-06
 2198    6.085438E-06
 2199    6.079905E-06
 2200    6.074379E-06
 2201    5.449106E-06
 2202    5.444158E-06
 2203    5.439217E-06
 2204    5.434282E-06
 2205    5.429354E-06
 2206    5.151304E-06
 2207    5.146637E-06
 2208    5.141976E-06
 2209    5.137321E-06
 2210    5.132673E-06
 2211    5.033091E-06
 2212    5.028542E-06
 2213    5.023998E-06
 2214    5.019461E-06
 2215    5.014929E-06
 2216    5.393512E-06
 2217    5.388647E-06
 2218    5.383789E-06
 2219    5.378938E-06
 2220    5.374093E-06
 2221    6.432449E-06
 2222    6.426661E-06
 2223    6.420880E-06
 2224    6.415107E-06
 2225    6.409342E-06
 2226    7.499299E-06
 2227    7.492566E-06
 2228    7.485841E-06
 2229    7.479126E-06
 2230    7.472420E-06
 2231    8.914787E-06
 2232    8.906800E-06
 2233    8.898825E-06
 2234    8.890860E-06
 2235    8.882906E-06
 2236    9.900802E-06
 2237    9.891952E-06
 2238    9.883114E-06
 2239    9.874288E-06
 2240    9.865474E-06
 2241    1.026795E-05
 2242    1.025880E-05
 2243    1.024965E-05
 2244    1.024052E-05
 2245    1.023140E-05
 2246    1.124234E-05
 2247    1.123234E-05
 2248    1.122235E-05
 2249    1.121237E-05
 2250    1.120241E-05
 2251    1.139967E-05
 2252    1.138955E-05
 2253    1.137944E-05
 2254    1.136934E-05
 2255    1.135926E-05
 2256    1.254912E-05
 2257    1.253800E-05
 2258    1.252690E-05
 2259    1.251581E-05
 2260    1.250473E-05
 2261    1.365067E-05
 2262    1.363860E-05
 2263    1.362655E-05
 2264    1.361452E-05
 2265    1.360250E-05
 2266    1.469886E-05
 2267    1.468590E-05
 2268    1.467295E-05
 2269    1.466002E-05
 2270    1.464711E-05
 2271    1.516982E-05
 2272    1.515647E-05
 2273    1.514314E-05
 2274    1.512982E-05
 2275    1.511653E-05
 2276    1.389840E-05
 2277    1.388619E-05
 2278    1.387401E-05
 2279    1.386183E-05
 2280    1.384968E-05
 2281    1.231281E-05
 2282    1.230202E-05
 2283    1.229125E-05
 2284    1.228049E-05
 2285    1.226974E-05
 2286    8.900525E-06
 2287    8.892743E-06
 2288    8.884972E-06
 2289    8.877210E-06
 2290    8.869459E-06
 2291    4.057709E-06
 2292    4.054169E-06
 2293    4.050634E-06
 2294    4.047103E-06
 2295    4.043577E-06
 2296   -2.805283E-06
 2297   -2.802841E-06
 2298   -2.800402E-06
 2299   -2.797966E-06
 2300   -2.795534E-06
 2301   -1.096368E-05
 2302   -1.095416E-05
 2303   -1.094465E-05
 2304   -1.093515E-05
 2305   -1.092566E-05
 2306   -1.942914E-05
 2307   -1.941230E-05
 2308   -1.939548E-05
 2309   -1.937869E-05
 2310   -1.936191E-05
 2311   -2.451193E-05
 2312   -2.449073E-05
 2313   -2.446956E-05
 2314   -2.444842E-05
 2315   -2.442730E-05
 2316   -2.682541E-05
 2317   -2.680226E-05
 2318   -2.677914E-05
 2319   -2.675605E-05
 2320   -2.673299E-05
 2321   -2.332192E-05
 2322   -2.330183E-05
 2323   -2.328178E-05
 2324   -2.326174E-05
 2325   -2.324174E-05
 2326   -1.206599E-05
 2327   -1.205562E-05
 2328   -1.204527E-05
 2329   -1.203493E-05
 2330   -1.202460E-05
 2331    9.666836E-06
 2332    9.658547E-06
 2333    9.650269E-06
 2334    9.642001E-06
 2335    9.633744E-06
 2336    4.230722E-05
 2337    4.227102E-05
 2338    4.223487E-05
 2339    4.219876E-05
 2340    4.216270E-05
 2341    8.850057E-05
 2342    8.842501E-05
 2343    8.834955E-05
 2344    8.827418E-05
 2345    8.819891E-05
 2346    1.458990E-04
 2347    1.457747E-04
 2348    1.456506E-04
 2349    1.455266E-04
 2350    1.454028E-04
 2351    2.113660E-04
 2352    2.111863E-04
 2353    2.110068E-04
 2354    2.108276E-04
 2355    2.106486E-04
 2356    2.663102E-04
 2357    2.660843E-04
 2358    2.658587E-04
 2359    2.656333E-04
 2360    2.654083E-04
 2361    3.110447E-04
 2362    3.107814E-04
 2363    3.105184E-04
 2364    3.102558E-04
 2365    3.099934E-04
 2366    3.440058E-04
 2367    3.437152E-04
 2368    3.434250E-04
 2369    3.431351E-04
 2370    3.428456E-04
 2371    3.375093E-04
 2372    3.372248E-04
 2373    3.369407E-04
 2374    3.366569E-04
 2375    3.363734E-04
 2376    2.842233E-04
 2377    2.839842E-04
 2378    2.837454E-04
 2379    2.835069E-04
 2380    2.832687E-04
 2381    1.476941E-04
 2382    1.475701E-04
 2383    1.474463E-04
 2384    1.473226E-04
 2385    1.471991E-04
 2386   -1.071168E-04
 2387   -1.070271E-04
 2388   -1.069375E-04
 2389   -1.068480E-04
 2390   -1.067586E-04
 2391   -5.211062E-04
 2392   -5.206706E-04
 2393   -5.202355E-04
 2394   -5.198010E-04
 2395   -5.193670E-04
 2396   -1.044943E-03
 2397   -1.044071E-03
 2398   -1.043200E-03
 2399   -1.042331E-03
 2400   -1.041462E-03
 2401   -1.664483E-03
 2402   -1.663098E-03
 2403   -1.661714E-03
 2404   -1.660332E-03
 2405   -1.658951E-03
 2406   -2.130124E-03
 2407   -2.128354E-03
 2408   -2.126587E-03
 2409   -2.124822E-03
 2410   -2.123059E-03
 2411   -2.429447E-03
 2412   -2.427433E-03
 2413   -2.425422E-03
 2414   -2.423413E-03
 2415   -2.421406E-03
 2416   -2.513354E-03
 2417   -2.511274E-03
 2418   -2.509198E-03
 2419   -2.507123E-03
 2420   -2.505052E-03
 2421   -2.298120E-03
 2422   -2.296223E-03
 2423   -2.294328E-03
 2424   -2.292435E-03
 2425   -2.290545E-03
 2426   -1.802627E-03
 2427   -1.801142E-03
 2428   -1.799658E-03
 2429   -1.798177E-03
 2430   -1.796697E-03
 2431   -6.921826E-04
 2432   -6.916135E-04
 2433   -6.910451E-04
 2434   -6.904774E-04
 2435   -6.899104E-04
 2436    1.264213E-03
 2437    1.263176E-03
 2438    1.262140E-03
 2439    1.261105E-03
 2440    1.260072E-03
 2441    4.471370E-03
 2442    4.467709E-03
 2443    4.464052E-03
 2444    4.460399E-03
 2445    4.456752E-03
 2446    8.778445E-03
 2447    8.771271E-03
 2448    8.764107E-03
 2449    8.756951E-03
 2450    8.749804E-03
 2451    1.397066E-02
 2452    1.395926E-02
 2453    1.394788E-02
 2454    1.393652E-02
 2455    1.392517E-02
 2456    1.839902E-02
 2457    1.838405E-02
 2458    1.836909E-02
 2459    1.835416E-02
 2460    1.833924E-02
 2461    2.156072E-02
 2462    2.154321E-02
 2463    2.152572E-02
 2464    2.150826E-02
 2465    2.149081E-02
 2466    2.312776E-02
 2467    2.310901E-02
 2468    2.309029E-02
 2469    2.307159E-02
 2470    2.305291E-02
 2471    2.353358E-02
 2472    2.351454E-02
 2473    2.349553E-02
 2474    2.347654E-02
 2475    2.345757E-02
 2476    2.388401E-02
 2477    2.386473E-02
 2478    2.384547E-02
 2479    2.382624E-02
 2480    2.380703E-02
 2481    2.268778E-02
 2482    2.266950E-02
 2483    2.265124E-02
 2484    2.263301E-02
 2485    2.261480E-02
 2486    2.138991E-02
 2487    2.137271E-02
 2488    2.135553E-02
 2489    2.133838E-02
 2490    2.132124E-02
 2491    1.810298E-02
 2492    1.808846E-02
 2493    1.807395E-02
 2494    1.805946E-02
 2495    1.804498E-02
 2496    1.363507E-02
 2497    1.362415E-02
 2498    1.361324E-02
 2499    1.360235E-02
 2500    1.359147E-02
 2501    8.583230E-03
 2502    8.576370E-03
 2503    8.569519E-03
 2504    8.562675E-03
 2505    8.555840E-03
 2506    4.060199E-03
 2507    4.056961E-03
 2508    4.053726E-03
 2509    4.050495E-03
 2510    4.047268E-03
 2511    9.920364E-04
 2512    9.912467E-04
 2513    9.904580E-04
 2514    9.896702E-04
 2515    9.888833E-04
 2516   -9.527706E-04
 2517   -9.520137E-04
 2518   -9.512577E-04
 2519   -9.505026E-04
 2520   -9.497483E-04
 2521   -2.022043E-03
 2522   -2.020440E-03
 2523   -2.018838E-03
 2524   -2.017239E-03
 2525   -2.015641E-03
 2526   -2.510104E-03
 2527   -2.508118E-03
 2528   -2.506134E-03
 2529   -2.504152E-03
 2530   -2.502173E-03
 2531   -2.662652E-03
 2532   -2.660549E-03
 2533   -2.658449E-03
 2534   -2.656351E-03
 2535   -2.654255E-03
 2536   -2.610831E-03
 2537   -2.608774E-03
 2538   -2.606718E-03
 2539   -2.604665E-03
 2540   -2.602615E-03
 2541   -2.276975E-03
 2542   -2.275184E-03
 2543   -2.273395E-03
 2544   -2.271608E-03
 2545   -2.269823E-03
 2546   -1.777192E-03
 2547   -1.775796E-03
 2548   -1.774403E-03
 2549   -1.773011E-03
 2550   -1.771620E-03
 2551   -1.113418E-03
 2552   -1.112546E-03
 2553   -1.111674E-03
 2554   -1.110804E-03
 2555   -1.109935E-03
 2556   -5.670707E-04
 2557   -5.666272E-04
 2558   -5.661843E-04
 2559   -5.657419E-04
 2560   -5.653000E-04
 2561   -1.556163E-04
 2562   -1.554948E-04
 2563   -1.553735E-04
 2564   -1.552523E-04
 2565   -1.551313E-04
 2566    1.024298E-04
 2567    1.023500E-04
 2568    1.022703E-04
 2569    1.021907E-04
 2570    1.021112E-04
 2571    2.448072E-04
 2572    2.446169E-04
 2573    2.444267E-04
 2574    2.442369E-04
 2575    2.440472E-04
 2576    2.936679E-04
 2577    2.934400E-04
 2578    2.932124E-04
 2579    2.929851E-04
 2580    2.927580E-04
 2581    3.037473E-04
 2582    3.035121E-04
 2583    3.032771E-04
 2584    3.030424E-04
 2585    3.028080E-04
 2586    2.777640E-04
 2587    2.775493E-04
 2588    2.773349E-04
 2589    2.771207E-04
 2590    2.769067E-04
 2591    2.330939E-04
 2592    2.329141E-04
 2593    2.327345E-04
 2594    2.325551E-04
 2595    2.323759E-04
 2596    1.755839E-04
 2597    1.754487E-04
 2598    1.753136E-04
 2599    1.751788E-04
 2600    1.750440E-04
 2601    1.069725E-04
 2602    1.068903E-04
 2603    1.068082E-04
 2604    1.067262E-04
 2605    1.066442E-04
 2606    5.132152E-05
 2607    5.128216E-05
 2608    5.124284E-05
 2609    5.120357E-05
 2610    5.116434E-05
 2611    6.010420E-06
 2612    6.005818E-06
 2613    6.001222E-06
 2614    5.996632E-06
 2615    5.992046E-06
 2616   -2.630906E-05
 2617   -2.628895E-05
 2618   -2.626887E-05
 2619   -2.624882E-05
 2620   -2.622878E-05
 2621   -4.573289E-05
 2622   -4.569802E-05
 2623   -4.566318E-05
 2624   -4.562838E-05
 2625   -4.559362E-05
 2626   -5.616491E-05
 2627   -5.612216E-05
 2628   -5.607946E-05
 2629   -5.603680E-05
 2630   -5.599420E-05
 2631   -5.952300E-05
 2632   -5.947778E-05
 2633   -5.943261E-05
 2634   -5.938749E-05
 2635   -5.934242E-05
 2636   -5.540953E-05
 2637   -5.536751E-05
 2638   -5.532554E-05
 2639   -5.528362E-05
 2640   -5.524175E-05
 2641   -4.870805E-05
 2642   -4.867118E-05
 2643   -4.863436E-05
 2644   -4.859758E-05
 2645   -4.856084E-05
 2646   -3.874095E-05
 2647   -3.871168E-05
 2648   -3.868245E-05
 2649   -3.865325E-05
 2650   -3.862408E-05
 2651   -2.769336E-05
 2652   -2.767248E-05
 2653   -2.765163E-05
 2654   -2.763079E-05
 2655   -2.760998E-05
 2656   -1.913873E-05
 2657   -1.912432E-05
 2658   -1.910994E-05
 2659   -1.909557E-05
 2660   -1.908121E-05
 2661   -1.222680E-05
 2662   -1.221762E-05
 2663   -1.220844E-05
 2664   -1.219928E-05
 2665   -1.219013E-05
 2666   -8.322855E-06
 2667   -8.316615E-06
 2668   -8.310382E-06
 2669   -8.304156E-06
 2670   -8.297937E-06
 2671   -5.684250E-06
 2672   -5.679997E-06
 2673   -5.675747E-06
 2674   -5.671503E-06
 2675   -5.667264E-06
 2676   -4.483027E-06
 2677   -4.479678E-06
 2678   -4.476333E-06
 2679   -4.472992E-06
 2680   -4.469655E-06
 2681   -4.514415E-06
 2682   -4.511050E-06
 2683   -4.507688E-06
 2684   -4.504329E-06
 2685   -4.500975E-06
 2686   -4.942767E-06
 2687   -4.939089E-06
 2688   -4.935415E-06
 2689   -4.931744E-06
 2690   -4.928078E-06
 2691   -5.562654E-06
 2692   -5.558522E-06
 2693   -5.554394E-06
 2694   -5.550272E-06
 2695   -5.546154E-06
 2696   -5.590955E-06
 2697   -5.586810E-06
 2698   -5.582669E-06
 2699   -5.578533E-06
 2700   -5.574402E-06
 2701   -5.590582E-06
 2702   -5.586445E-06
 2703   -5.582312E-06
 2704   -5.578184E-06
 2705   -5.574060E-06
 2706   -5.507895E-06
 2707   -5.503826E-06
 2708   -5.499762E-06
 2709   -5.495702E-06
 2710   -5.491647E-06
 2711   -5.657298E-06
 2712   -5.653127E-06
 2713   -5.648960E-06
 2714   -5.644798E-06
 2715   -5.640640E-06
 2716   -6.341385E-06
 2717   -6.336718E-06
 2718   -6.332056E-06
 2719   -6.327400E-06
 2720   -6.322748E-06
 2721   -6.875920E-06
 2722   -6.870868E-06
 2723   -6.865823E-06
 2724   -6.860783E-06
 2725   -6.855748E-06
 2726   -7.788446E-06
 2727   -7.782735E-06
 2728   -7.777030E-06
 2729   -7.771332E-06
 2730   -7.765639E-06
 2731   -8.285413E-06
 2732   -8.279349E-06
 2733   -8.273291E-06
 2734   -8.267240E-06
 2735   -8.261195E-06
 2736   -8.179976E-06
 2737   -8.174000E-06
 2738   -8.168030E-06
 2739   -8.162067E-06
 2740   -8.156110E-06
 2741   -8.021752E-06
 2742   -8.015902E-06
 2743   -8.010058E-06
 2744   -8.004221E-06
 2745   -7.998390E-06
 2746   -7.085048E-06
 2747   -7.079890E-06
 2748   -7.074738E-06
 2749   -7.069592E-06
 2750   -7.064452E-06
 2751   -6.363876E-06
 2752   -6.359252E-06
 2753   -6.354633E-06
 2754   -6.350019E-06
 2755   -6.345410E-06
 2756   -5.695299E-06
 2757   -5.691169E-06
 2758   -5.687042E-06
 2759   -5.682921E-06
 2760   -5.678803E-06
 2761   -5.307174E-06
 2762   -5.303331E-06
 2763   -5.299493E-06
 2764   -5.295659E-06
 2765   -5.291829E-06
 2766   -5.204223E-06
 2767   -5.200462E-06
 2768   -5.196705E-06
 2769   -5.192952E-06
 2770   -5.189204E-06
 2771   -5.039311E-06
 2772   -5.035676E-06
 2773   -5.032045E-06
 2774   -5.028417E-06
 2775   -5.024794E-06
 2776   -5.238146E-06
 2777   -5.234374E-06
 2778   -5.230606E-06
 2779   -5.226842E-06
 2780   -5.223083E-06
 2781   -5.160470E-06
 2782   -5.156761E-06
 2783   -5.153056E-06
 2784   -5.149355E-06
 2785   -5.145658E-06
 2786   -5.279860E-06
 2787   -5.276072E-06
 2788   -5.272288E-06
 2789   -5.268508E-06
 2790   -5.264732E-06
 2791   -5.264190E-06
 2792   -5.260420E-06
 2793   -5.256654E-06
 2794   -5.252892E-06
 2795   -5.249134E-06
 2796   -5.091368E-06
 2797   -5.087728E-06
 2798   -5.084092E-06
 2799   -5.080459E-06
 2800   -5.076831E-06
 2801   -4.919733E-06
 2802   -4.916222E-06
 2803   -4.912715E-06
 2804   -4.909211E-06
 2805   -4.905711E-06
 2806   -4.625731E-06
 2807   -4.622436E-06
 2808   -4.619144E-06
 2809   -4.615856E-06
 2810   -4.612571E-06
 2811   -4.547479E-06
 2812   -4.544245E-06
 2813   -4.541015E-06
 2814   -4.537788E-06
 2815   -4.534565E-06
 2816   -4.557782E-06
 2817   -4.554547E-06
 2818   -4.551315E-06
 2819   -4.548086E-06
 2820   -4.544861E-06
 2821   -4.543314E-06
 2822   -4.540095E-06
 2823   -4.536879E-06
 2824   -4.533666E-06
 2825   -4.530457E-06
 2826   -4.593678E-06
 2827   -4.590429E-06
 2828   -4.587183E-06
 2829   -4.583941E-06
 2830   -4.580702E-06
 2831   -4.603590E-06
 2832   -4.600340E-06
 2833   -4.597093E-06
 2834   -4.593849E-06
 2835   -4.590609E-06
 2836   -4.660761E-06
 2837   -4.657476E-06
 2838   -4.654194E-06
 2839   -4.650916E-06
 2840   -4.647641E-06
 2841   -4.567184E-06
 2842   -4.563971E-06
 2843   -4.560760E-06
 2844   -4.557554E-06
 2845   -4.554350E-06
 2846   -4.425956E-06
 2847   -4.422848E-06
 2848   -4.419742E-06
 2849   -4.416640E-06
 2850   -4.413541E-06
 2851   -4.241721E-06
 2852   -4.238747E-06
 2853   -4.235776E-06
 2854   -4.232808E-06
 2855   -4.229843E-06
 2856   -4.104526E-06
 2857   -4.101653E-06
 2858   -4.098783E-06
 2859   -4.095917E-06
 2860   -4.093053E-06
 2861   -4.078117E-06
 2862   -4.075268E-06
 2863   -4.072421E-06
 2864   -4.069578E-06
 2865   -4.066738E-06
 2866   -4.044911E-06
 2867   -4.042090E-06
 2868   -4.039271E-06
 2869   -4.036456E-06
 2870   -4.033644E-06
 2871   -4.054005E-06
 2872   -4.051183E-06
 2873   -4.048363E-06
 2874   -4.045546E-06
 2875   -4.042732E-06
 2876   -4.021725E-06
 2877   -4.018930E-06
 2878   -4.016137E-06
 2879   -4.013348E-06
 2880   -4.010561E-06
 2881   -4.068797E-06
 2882   -4.065974E-06
 2883   -4.063154E-06
 2884   -4.060337E-06
 2885   -4.057522E-06
 2886   -4.070105E-06
 2887   -4.067286E-06
 2888   -4.064470E-06
 2889   -4.061657E-06
 2890   -4.058847E-06
 2891   -4.035488E-06
 2892   -4.032698E-06
 2893   -4.029910E-06
 2894   -4.027126E-06
 2895   -4.024344E-06
 2896   -3.971388E-06
 2897   -3.968647E-06
 2898   -3.965909E-06
 2899   -3.963173E-06
 2900   -3.960440E-06
 2901   -3.774721E-06
 2902   -3.772120E-06
 2903   -3.769522E-06
 2904   -3.766926E-06
 2905   -3.764333E-06
 2906   -3.694046E-06
 2907   -3.691505E-06
 2908   -3.688966E-06
 2909   -3.686430E-06
 2910   -3.683897E-06
 2911   -3.558314E-06
 2912   -3.555870E-06
 2913   -3.553429E-06
 2914   -3.550991E-06
 2915   -3.548555E-06
 2916   -3.563964E-06
 2917   -3.561520E-06
 2918   -3.559080E-06
 2919   -3.556642E-06
 2920   -3.554206E-06
 2921   -3.659746E-06
 2922   -3.657241E-06
 2923   -3.654739E-06
 2924   -3.652240E-06
 2925   -3.649743E-06
 2926   -3.600011E-06
 2927   -3.597552E-06
 2928   -3.595095E-06
 2929   -3.592640E-06
 2930   -3.590189E-06
 2931   -3.698828E-06
 2932   -3.696306E-06
 2933   -3.693786E-06
 2934   -3.691268E-06
 2935   -3.688753E-06
 2936   -3.661215E-06
 2937   -3.658722E-06
 2938   -3.656232E-06
 2939   -3.653744E-06
 2940   -3.651259E-06
 2941   -3.596717E-06
 2942   -3.594273E-06
 2943   -3.591830E-06
 2944   -3.589391E-06
 2945   -3.586954E-06
 2946   -3.575501E-06
 2947   -3.573075E-06
 2948   -3.570651E-06
 2949   -3.568230E-06
 2950   -3.565811E-06
 2951   -3.345826E-06
 2952   -3.343559E-06
 2953   -3.341295E-06
 2954   -3.339033E-06
 2955   -3.336774E-06
 2956   -3.318971E-06
 2957   -3.316726E-06
 2958   -3.314484E-06
 2959   -3.312244E-06
 2960   -3.310007E-06
 2961   -3.254285E-06
 2962   -3.252088E-06
 2963   -3.249893E-06
 2964   -3.247701E-06
 2965   -3.245510E-06
 2966   -3.259076E-06
 2967   -3.256880E-06
 2968   -3.254686E-06
 2969   -3.252493E-06
 2970   -3.250304E-06
 2971   -3.297388E-06
 2972   -3.295169E-06
 2973   -3.292953E-06
 2974   -3.290738E-06
 2975   -3.288527E-06
 2976   -3.205014E-06
 2977   -3.202861E-06
 2978   -3.200710E-06
 2979   -3.198562E-06
 2980   -3.196415E-06
 2981   -3.315154E-06
 2982   -3.312931E-06
 2983   -3.310711E-06
 2984   -3.308492E-06
 2985   -3.306276E-06
 2986   -3.242596E-06
 2987   -3.240425E-06
 2988   -3.238256E-06
 2989   -3.236090E-06
 2990   -3.233926E-06
 2991   -3.240703E-06
 2992   -3.238537E-06
 2993   -3.236373E-06
 2994   -3.234212E-06
 2995   -3.232052E-06
 2996   -3.116575E-06
 2997   -3.114496E-06
 2998   -3.112418E-06
 2999   -3.110343E-06
 3000   -3.108270E-06
 3001   -2.958749E-06
 3002   -2.956778E-06
 3003   -2.954809E-06
 3004   -2.952842E-06
 3005   -2.950877E-06
 3006   -2.933175E-06
 3007   -2.931225E-06
 3008   -2.929276E-06
 3009   -2.927329E-06
 3010   -2.925385E-06
 3011   -2.820439E-06
 3012   -2.818566E-06
 3013   -2.816696E-06
 3014   -2.814827E-06
 3015   -2.812960E-06
 3016   -2.795789E-06
 3017   -2.793936E-06
 3018   -2.792085E-06
 3019   -2.790236E-06
 3020   -2.788388E-06
 3021   -2.796003E-06
 3022   -2.794153E-06
 3023   -2.792305E-06
 3024   -2.790458E-06
 3025   -2.788614E-06
 3026   -2.759507E-06
 3027   -2.757684E-06
 3028   -2.755863E-06
 3029   -2.754044E-06
 3030   -2.752226E-06
 3031   -2.875525E-06
 3032   -2.873629E-06
 3033   -2.871734E-06
 3034   -2.869842E-06
 3035   -2.867951E-06
 3036   -2.840091E-06
 3037   -2.838221E-06
 3038   -2.836353E-06
 3039   -2.834486E-06
 3040   -2.832622E-06
 3041   -2.851799E-06
 3042   -2.849924E-06
 3043   -2.848052E-06
 3044   -2.846181E-06
 3045   -2.844311E-06
 3046   -2.764916E-06
 3047   -2.763102E-06
 3048   -2.761289E-06
 3049   -2.759478E-06
 3050   -2.757669E-06
 3051   -2.705448E-06
 3052   -2.703675E-06
 3053   -2.701904E-06
 3054   -2.700135E-06
 3055   -2.698368E-06
 3056   -2.653168E-06
 3057   -2.651432E-06
 3058   -2.649698E-06
 3059   -2.647966E-06
 3060   -2.646236E-06
 3061   -2.555668E-06
 3062   -2.553999E-06
 3063   -2.552332E-06
 3064   -2.550666E-06
 3065   -2.549002E-06
 3066   -2.581911E-06
 3067   -2.580228E-06
 3068   -2.578546E-06
 3069   -2.576866E-06
 3070   -2.575187E-06
 3071   -2.539188E-06
 3072   -2.537535E-06
 3073   -2.535884E-06
 3074   -2.534234E-06
 3075   -2.532586E-06
 3076   -2.518853E-06
 3077   -2.517216E-06
 3078   -2.515580E-06
 3079   -2.513947E-06
 3080   -2.512314E-06
 3081   -2.355355E-06
 3082   -2.353826E-06
 3083   -2.352300E-06
 3084   -2.350774E-06
 3085   -2.349251E-06
 3086   -2.135224E-06
 3087   -2.133841E-06
 3088   -2.132459E-06
 3089   -2.131078E-06
 3090   -2.129699E-06
 3091   -1.771728E-06
 3092   -1.770582E-06
 3093   -1.769438E-06
 3094   -1.768294E-06
 3095   -1.767151E-06
 3096   -1.185459E-06
 3097   -1.184693E-06
 3098   -1.183929E-06
 3099   -1.183165E-06
 3100   -1.182401E-06
 3101   -5.567621E-07
 3102   -5.564032E-07
 3103   -5.560446E-07
 3104   -5.556864E-07
 3105   -5.553285E-07
 3106    8.052711E-09
 3107    8.047529E-09
 3108    8.042351E-09
 3109    8.037178E-09
 3110    8.032010E-09
 3111    4.007758E-07
 3112    4.005183E-07
 3113    4.002610E-07
 3114    4.000040E-07
 3115    3.997472E-07
 3116    6.186734E-07
 3117    6.182765E-07
 3118    6.178800E-07
 3119    6.174839E-07
 3120    6.170881E-07
 3121    7.233539E-07
 3122    7.228905E-07
 3123    7.224277E-07
 3124    7.219652E-07
 3125    7.215033E-07
 3126    7.747702E-07
 3127    7.742747E-07
 3128    7.737797E-07
 3129    7.732852E-07
 3130    7.727912E-07
 3131    7.698258E-07
 3132    7.693343E-07
 3133    7.688433E-07
 3134    7.683527E-07
 3135    7.678626E-07
 3136    7.809950E-07
 3137    7.804971E-07
 3138    7.799998E-07
 3139    7.795029E-07
 3140    7.790065E-07
 3141    7.537503E-07
 3142    7.532706E-07
 3143    7.527914E-07
 3144    7.523126E-07
 3145    7.518342E-07
 3146    7.405352E-07
 3147    7.400647E-07
 3148    7.395946E-07
 3149    7.391249E-07
 3150    7.386557E-07
 3151    7.423304E-07
 3152    7.418594E-07
 3153    7.413889E-07
 3154    7.409189E-07
 3155    7.404493E-07
 3156    7.062953E-07
 3157    7.058479E-07
 3158    7.054010E-07
 3159    7.049545E-07
 3160    7.045084E-07
 3161    6.872912E-07
 3162    6.868566E-07
 3163    6.864223E-07
 3164    6.859885E-07
 3165    6.855551E-07
 3166    6.595021E-07
 3167    6.590857E-07
 3168    6.586696E-07
 3169    6.582540E-07
 3170    6.578388E-07
 3171    6.465089E-07
 3172    6.461013E-07
 3173    6.456941E-07
 3174    6.452873E-07
 3175    6.448809E-07
 3176    6.341929E-07
 3177    6.337937E-07
 3178    6.333949E-07
 3179    6.329965E-07
 3180    6.325984E-07
 3181    6.017740E-07
 3182    6.013958E-07
 3183    6.010180E-07
 3184    6.006406E-07
 3185    6.002634E-07
 3186    6.009105E-07
 3187    6.005334E-07
 3188    6.001567E-07
 3189    5.997804E-07
 3190    5.994044E-07
 3191    5.681833E-07
 3192    5.678274E-07
 3193    5.674718E-07
 3194    5.671165E-07
 3195    5.667615E-07
 3196    5.667878E-07
 3197    5.664333E-07
 3198    5.660791E-07
 3199    5.657253E-07
 3200    5.653718E-07
 3201    5.427076E-07
 3202    5.423686E-07
 3203    5.420300E-07
 3204    5.416917E-07
 3205    5.413538E-07
 3206    5.143483E-07
 3207    5.140276E-07
 3208    5.137072E-07
 3209    5.133870E-07
 3210    5.130672E-07
 3211    5.040538E-07
 3212    5.037400E-07
 3213    5.034265E-07
 3214    5.031132E-07
 3215    5.028003E-07
 3216    4.760346E-07
 3217    4.757387E-07
 3218    4.754431E-07
 3219    4.751477E-07
 3220    4.748526E-07
 3221    4.643086E-07
 3222    4.640205E-07
 3223    4.637326E-07
 3224    4.634449E-07
 3225    4.631576E-07
 3226    4.465338E-07
 3227    4.462571E-07
 3228    4.459806E-07
 3229    4.457044E-07
 3230    4.454285E-07
 3231    4.151430E-07
 3232    4.148862E-07
 3233    4.146296E-07
 3234    4.143732E-07
 3235    4.141170E-07
 3236    4.097738E-07
 3237    4.095207E-07
 3238    4.092678E-07
 3239    4.090151E-07
 3240    4.087626E-07
 3241    3.768874E-07
 3242    3.766549E-07
 3243    3.764226E-07
 3244    3.761906E-07
 3245    3.759588E-07
 3246    3.692492E-07
 3247    3.690218E-07
 3248    3.687946E-07
 3249    3.685676E-07
 3250    3.683409E-07
 3251    3.492557E-07
 3252    3.490409E-07
 3253    3.488263E-07
 3254    3.486120E-07
 3255    3.483978E-07
 3256    3.311927E-07
 3257    3.309893E-07
 3258    3.307862E-07
 3259    3.305832E-07
 3260    3.303804E-07
 3261    3.253108E-07
 3262    3.251114E-07
 3263    3.249122E-07
 3264    3.247131E-07
 3265    3.245142E-07
 3266    2.994097E-07
 3267    2.992265E-07
 3268    2.990434E-07
 3269    2.988605E-07
 3270    2.986777E-07
 3271    2.949891E-07
 3272    2.948088E-07
 3273    2.946287E-07
 3274    2.944487E-07
 3275    2.942689E-07
 3276    2.760514E-07
 3277    2.758829E-07
 3278    2.757146E-07
 3279    2.755465E-07
 3280    2.753785E-07
 3281    2.646900E-07
 3282    2.645287E-07
 3283    2.643676E-07
 3284    2.642066E-07
 3285    2.640458E-07
 3286    2.535819E-07
 3287    2.534276E-07
 3288    2.532735E-07
 3289    2.531195E-07
 3290    2.529656E-07
 3291    2.346150E-07
 3292    2.344725E-07
 3293    2.343301E-07
 3294    2.341879E-07
 3295    2.340457E-07
 3296    2.320776E-07
 3297    2.319369E-07
 3298    2.317962E-07
 3299    2.316557E-07
 3300    2.315153E-07
