   50    5.118173E-13
   51    3.809736E-13
   52    3.664630E-13
   53    3.527659E-13
   54    3.398225E-13
   55    3.275786E-13
   56    1.744834E-13
   57    1.684153E-13
   58    1.626584E-13
   59    1.571916E-13
   60    1.519959E-13
   61    9.115032E-14
   62    8.823389E-14
   63    8.545521E-14
   64    8.280576E-14
   65    8.027763E-14
   66    2.442606E-13
   67    2.370240E-13
   68    2.301044E-13
   69    2.234834E-13
   70    2.171440E-13
   71    1.730921E-13
   72    1.683176E-13
   73    1.637380E-13
   74    1.593427E-13
   75    1.551221E-13
   76    2.557801E-13
   77    2.491798E-13
   78    2.428318E-13
   79    2.367233E-13
   80    2.308425E-13
   81    3.755472E-13
   82    3.664437E-13
   83    3.576673E-13
   84    3.492024E-13
   85    3.410344E-13
   86    2.917726E-13
   87    2.851039E-13
   88    2.786613E-13
   89    2.724346E-13
   90    2.664144E-13
   91    3.040468E-13
   92    2.974732E-13
   93    2.911105E-13
   94    2.849498E-13
   95    2.789825E-13
   96    2.176680E-13
   97    2.132032E-13
   98    2.088745E-13
   99    2.046762E-13
  100    2.006032E-13
  101    8.435086E-14
  102    8.270507E-14
  103    8.110698E-14
  104    7.955476E-14
  105    7.804668E-14
  106    6.025066E-14
  107    5.912977E-14
  108    5.803987E-14
  109    5.697982E-14
  110    5.594856E-14
  111    1.448527E-13
  112    1.422777E-13
  113    1.397707E-13
  114    1.373294E-13
  115    1.349515E-13
  116    2.043271E-13
  117    2.008493E-13
  118    1.974596E-13
  119    1.941549E-13
  120    1.909326E-13
  121    3.577327E-13
  122    3.518923E-13
  123    3.461938E-13
  124    3.406327E-13
  125    3.352044E-13
  126    4.648807E-13
  127    4.575886E-13
  128    4.504669E-13
  129    4.435100E-13
  130    4.367132E-13
  131    4.158637E-13
  132    4.095867E-13
  133    4.034508E-13
  134    3.974517E-13
  135    3.915854E-13
  136    3.028884E-13
  137    2.984829E-13
  138    2.941728E-13
  139    2.899554E-13
  140    2.858280E-13
  141    1.701894E-13
  142    1.678008E-13
  143    1.654622E-13
  144    1.631721E-13
  145    1.609293E-13
  146    1.519181E-13
  147    1.498583E-13
  148    1.478400E-13
  149    1.458623E-13
  150    1.439240E-13
  151    2.445674E-13
  152    2.413600E-13
  153    2.382153E-13
  154    2.351317E-13
  155    2.321075E-13
  156    2.637376E-13
  157    2.603886E-13
  158    2.571030E-13
  159    2.538792E-13
  160    2.507157E-13
  161    6.394947E-13
  162    6.316242E-13
  163    6.238980E-13
  164    6.163128E-13
  165    6.088650E-13
  166    5.430301E-13
  167    5.365463E-13
  168    5.301779E-13
  169    5.239222E-13
  170    5.177766E-13
  171    6.462394E-13
  172    6.387469E-13
  173    6.313839E-13
  174    6.241476E-13
  175    6.170349E-13
  176    8.912323E-13
  177    8.811904E-13
  178    8.713173E-13
  179    8.616092E-13
  180    8.520624E-13
  181    5.226878E-13
  182    5.169598E-13
  183    5.113254E-13
  184    5.057827E-13
  185    5.003296E-13
  186    5.984388E-13
  187    5.920555E-13
  188    5.857739E-13
  189    5.795917E-13
  190    5.735068E-13
  191    5.128316E-13
  192    5.075036E-13
  193    5.022581E-13
  194    4.970936E-13
  195    4.920083E-13
  196    5.637951E-13
  197    5.580859E-13
  198    5.524629E-13
  199    5.469245E-13
  200    5.414690E-13
  201    5.498479E-13
  202    5.444174E-13
  203    5.390669E-13
  204    5.337949E-13
  205    5.285999E-13
  206    2.472964E-13
  207    2.449129E-13
  208    2.425636E-13
  209    2.402480E-13
  210    2.379654E-13
  211    2.762960E-14
  212    2.736956E-14
  213    2.711318E-14
  214    2.686038E-14
  215    2.661109E-14
  216    0.000000E+00
  217    0.000000E+00
  218    0.000000E+00
  219    0.000000E+00
  220    0.000000E+00
  221    0.000000E+00
  222    0.000000E+00
  223    0.000000E+00
  224    0.000000E+00
  225    0.000000E+00
  226    1.239522E-14
  227    1.228626E-14
  228    1.217872E-14
  229    1.207259E-14
  230    1.196784E-14
  231    0.000000E+00
  232    0.000000E+00
  233    0.000000E+00
  234    0.000000E+00
  235    0.000000E+00
  236    0.000000E+00
  237    0.000000E+00
  238    0.000000E+00
  239    0.000000E+00
  240    0.000000E+00
  241    0.000000E+00
  242    0.000000E+00
  243    0.000000E+00
  244    0.000000E+00
  245    0.000000E+00
  246    5.695353E-13
  247    5.649330E-13
  248    5.603863E-13
  249    5.558943E-13
  250    5.514561E-13
  251    6.449246E-12
  252    6.398163E-12
  253    6.347685E-12
  254    6.297802E-12
  255    6.248504E-12
  256    1.005915E-11
  257    9.981019E-12
  258    9.903797E-12
  259    9.827468E-12
  260    9.752017E-12
  261    1.999818E-11
  262    1.984581E-11
  263    1.969518E-11
  264    1.954626E-11
  265    1.939902E-11
  266    1.749914E-11
  267    1.736830E-11
  268    1.723893E-11
  269    1.711100E-11
  270    1.698449E-11
  271    3.626974E-11
  272    3.600354E-11
  273    3.574026E-11
  274    3.547986E-11
  275    3.522230E-11
  276    7.579861E-11
  277    7.525231E-11
  278    7.471191E-11
  279    7.417730E-11
  280    7.364841E-11
  281    3.411816E-10
  282    3.387661E-10
  283    3.363763E-10
  284    3.340116E-10
  285    3.316718E-10
  286    6.187464E-10
  287    6.144421E-10
  288    6.101826E-10
  289    6.059672E-10
  290    6.017953E-10
  291    1.024261E-09
  292    1.017257E-09
  293    1.010325E-09
  294    1.003464E-09
  295    9.966724E-10
  296    1.499769E-09
  297    1.489687E-09
  298    1.479706E-09
  299    1.469825E-09
  300    1.460042E-09
  301    1.804943E-09
  302    1.793010E-09
  303    1.781194E-09
  304    1.769495E-09
  305    1.757911E-09
  306    2.829292E-09
  307    2.810890E-09
  308    2.792668E-09
  309    2.774621E-09
  310    2.756749E-09
  311    2.825148E-09
  312    2.807067E-09
  313    2.789159E-09
  314    2.771422E-09
  315    2.753854E-09
  316    3.767991E-09
  317    3.744256E-09
  318    3.720744E-09
  319    3.697453E-09
  320    3.674380E-09
  321    4.629506E-09
  322    4.600796E-09
  323    4.572353E-09
  324    4.544172E-09
  325    4.516251E-09
  326    4.491626E-09
  327    4.464196E-09
  328    4.437017E-09
  329    4.410085E-09
  330    4.383398E-09
  331    6.043172E-09
  332    6.006822E-09
  333    5.970799E-09
  334    5.935100E-09
  335    5.899719E-09
  336    5.692307E-09
  337    5.658575E-09
  338    5.625142E-09
  339    5.592005E-09
  340    5.559159E-09
  341    7.685608E-09
  342    7.640729E-09
  343    7.596242E-09
  344    7.552142E-09
  345    7.508425E-09
  346    8.136992E-09
  347    8.090161E-09
  348    8.043732E-09
  349    7.997703E-09
  350    7.952067E-09
  351    8.158929E-09
  352    8.112637E-09
  353    8.066738E-09
  354    8.021228E-09
  355    7.976102E-09
  356    1.041987E-08
  357    1.036158E-08
  358    1.030377E-08
  359    1.024645E-08
  360    1.018961E-08
  361    9.916461E-09
  362    9.861750E-09
  363    9.807490E-09
  364    9.753677E-09
  365    9.700305E-09
  366    1.185069E-08
  367    1.178619E-08
  368    1.172223E-08
  369    1.165878E-08
  370    1.159584E-08
  371    1.181543E-08
  372    1.175199E-08
  373    1.168906E-08
  374    1.162664E-08
  375    1.156471E-08
  376    1.327782E-08
  377    1.320747E-08
  378    1.313768E-08
  379    1.306845E-08
  380    1.299976E-08
  381    1.501106E-08
  382    1.493257E-08
  383    1.485469E-08
  384    1.477742E-08
  385    1.470076E-08
  386    1.416136E-08
  387    1.408827E-08
  388    1.401574E-08
  389    1.394377E-08
  390    1.387236E-08
  391    1.694420E-08
  392    1.685786E-08
  393    1.677218E-08
  394    1.668715E-08
  395    1.660276E-08
  396    1.631809E-08
  397    1.623599E-08
  398    1.615450E-08
  399    1.607363E-08
  400    1.599336E-08
  401    1.889090E-08
  402    1.879704E-08
  403    1.870387E-08
  404    1.861139E-08
  405    1.851959E-08
  406    1.969473E-08
  407    1.959807E-08
  408    1.950212E-08
  409    1.940687E-08
  410    1.931232E-08
  411    1.992007E-08
  412    1.982349E-08
  413    1.972760E-08
  414    1.963242E-08
  415    1.953792E-08
  416    2.146712E-08
  417    2.136428E-08
  418    2.126218E-08
  419    2.116081E-08
  420    2.106017E-08
  421    2.264446E-08
  422    2.253727E-08
  423    2.243084E-08
  424    2.232516E-08
  425    2.222022E-08
  426    2.476263E-08
  427    2.464679E-08
  428    2.453175E-08
  429    2.441752E-08
  430    2.430408E-08
  431    2.642778E-08
  432    2.630557E-08
  433    2.618420E-08
  434    2.606368E-08
  435    2.594398E-08
  436    2.835682E-08
  437    2.822719E-08
  438    2.809845E-08
  439    2.797058E-08
  440    2.784359E-08
  441    2.824808E-08
  442    2.812040E-08
  443    2.799359E-08
  444    2.786764E-08
  445    2.774253E-08
  446    3.063194E-08
  447    3.049504E-08
  448    3.035905E-08
  449    3.022397E-08
  450    3.008979E-08
  451    3.215324E-08
  452    3.201113E-08
  453    3.186996E-08
  454    3.172971E-08
  455    3.159040E-08
  456    3.481261E-08
  457    3.466043E-08
  458    3.450924E-08
  459    3.435903E-08
  460    3.420981E-08
  461    3.595027E-08
  462    3.579481E-08
  463    3.564036E-08
  464    3.548690E-08
  465    3.533443E-08
  466    3.403771E-08
  467    3.389210E-08
  468    3.374741E-08
  469    3.360365E-08
  470    3.346081E-08
  471    4.047801E-08
  472    4.030668E-08
  473    4.013643E-08
  474    3.996726E-08
  475    3.979915E-08
  476    3.965192E-08
  477    3.948584E-08
  478    3.932080E-08
  479    3.915679E-08
  480    3.899381E-08
  481    4.464667E-08
  482    4.446161E-08
  483    4.427769E-08
  484    4.409491E-08
  485    4.391327E-08
  486    4.332569E-08
  487    4.314794E-08
  488    4.297129E-08
  489    4.279572E-08
  490    4.262122E-08
  491    4.253452E-08
  492    4.236179E-08
  493    4.219011E-08
  494    4.201947E-08
  495    4.184987E-08
  496    4.912971E-08
  497    4.893221E-08
  498    4.873589E-08
  499    4.854075E-08
  500    4.834678E-08
  501    4.622378E-08
  502    4.603981E-08
  503    4.585693E-08
  504    4.567514E-08
  505    4.549442E-08
  506    5.306011E-08
  507    5.285101E-08
  508    5.264314E-08
  509    5.243649E-08
  510    5.223106E-08
  511    5.299734E-08
  512    5.279053E-08
  513    5.258492E-08
  514    5.238050E-08
  515    5.217728E-08
  516    5.437742E-08
  517    5.416727E-08
  518    5.395833E-08
  519    5.375060E-08
  520    5.354406E-08
  521    6.017275E-08
  522    5.994243E-08
  523    5.971342E-08
  524    5.948573E-08
  525    5.925933E-08
  526    5.314576E-08
  527    5.294426E-08
  528    5.274390E-08
  529    5.254468E-08
  530    5.234659E-08
  531    6.384068E-08
  532    6.360090E-08
  533    6.336247E-08
  534    6.312538E-08
  535    6.288962E-08
  536    6.087929E-08
  537    6.065276E-08
  538    6.042750E-08
  539    6.020348E-08
  540    5.998071E-08
  541    6.739887E-08
  542    6.715040E-08
  543    6.690329E-08
  544    6.665755E-08
  545    6.641316E-08
  546    6.765894E-08
  547    6.741179E-08
  548    6.716598E-08
  549    6.692152E-08
  550    6.667839E-08
  551    6.440698E-08
  552    6.417383E-08
  553    6.394195E-08
  554    6.371132E-08
  555    6.348194E-08
  556    7.510548E-08
  557    7.483604E-08
  558    7.456805E-08
  559    7.430150E-08
  560    7.403638E-08
  561    6.955750E-08
  562    6.931019E-08
  563    6.906419E-08
  564    6.881950E-08
  565    6.857611E-08
  566    7.795917E-08
  567    7.768442E-08
  568    7.741113E-08
  569    7.713927E-08
  570    7.686885E-08
  571    7.451342E-08
  572    7.425312E-08
  573    7.399417E-08
  574    7.373657E-08
  575    7.348032E-08
  576    8.093908E-08
  577    8.065877E-08
  578    8.037992E-08
  579    8.010251E-08
  580    7.982653E-08
  581    8.247690E-08
  582    8.219371E-08
  583    8.191199E-08
  584    8.163171E-08
  585    8.135286E-08
  586    8.115571E-08
  587    8.087944E-08
  588    8.060457E-08
  589    8.033110E-08
  590    8.005903E-08
  591    8.936165E-08
  592    8.906001E-08
  593    8.875989E-08
  594    8.846129E-08
  595    8.816419E-08
  596    8.748135E-08
  597    8.718853E-08
  598    8.689717E-08
  599    8.660727E-08
  600    8.631882E-08
  601    9.321842E-08
  602    9.290898E-08
  603    9.260108E-08
  604    9.229471E-08
  605    9.198986E-08
  606    9.099780E-08
  607    9.069822E-08
  608    9.040012E-08
  609    9.010348E-08
  610    8.980830E-08
  611    8.879582E-08
  612    8.850587E-08
  613    8.821735E-08
  614    8.793023E-08
  615    8.764451E-08
  616    1.015495E-07
  617    1.012206E-07
  618    1.008933E-07
  619    1.005676E-07
  620    1.002434E-07
  621    9.545130E-08
  622    9.514463E-08
  623    9.483943E-08
  624    9.453570E-08
  625    9.423343E-08
  626    1.035616E-07
  627    1.032315E-07
  628    1.029030E-07
  629    1.025760E-07
  630    1.022507E-07
  631    9.855755E-08
  632    9.824591E-08
  633    9.793574E-08
  634    9.762704E-08
  635    9.731979E-08
  636    1.017769E-07
  637    1.014576E-07
  638    1.011398E-07
  639    1.008235E-07
  640    1.005087E-07
  641    1.094232E-07
  642    1.090826E-07
  643    1.087436E-07
  644    1.084061E-07
  645    1.080702E-07
  646    1.016401E-07
  647    1.013261E-07
  648    1.010136E-07
  649    1.007026E-07
  650    1.003930E-07
  651    1.124982E-07
  652    1.121534E-07
  653    1.118101E-07
  654    1.114685E-07
  655    1.111284E-07
  656    1.083223E-07
  657    1.079928E-07
  658    1.076648E-07
  659    1.073383E-07
  660    1.070132E-07
  661    1.115087E-07
  662    1.111721E-07
  663    1.108370E-07
  664    1.105034E-07
  665    1.101713E-07
  666    1.134281E-07
  667    1.130882E-07
  668    1.127499E-07
  669    1.124131E-07
  670    1.120777E-07
  671    1.071165E-07
  672    1.067979E-07
  673    1.064807E-07
  674    1.061650E-07
  675    1.058507E-07
  676    1.203946E-07
  677    1.200392E-07
  678    1.196854E-07
  679    1.193331E-07
  680    1.189824E-07
  681    1.118765E-07
  682    1.115487E-07
  683    1.112223E-07
  684    1.108973E-07
  685    1.105738E-07
  686    1.225918E-07
  687    1.222351E-07
  688    1.218801E-07
  689    1.215265E-07
  690    1.211745E-07
  691    1.193258E-07
  692    1.189812E-07
  693    1.186381E-07
  694    1.182964E-07
  695    1.179562E-07
  696    1.187597E-07
  697    1.184192E-07
  698    1.180801E-07
  699    1.177425E-07
  700    1.174064E-07
  701    1.272491E-07
  702    1.268868E-07
  703    1.265261E-07
  704    1.261669E-07
  705    1.258092E-07
  706    1.165216E-07
  707    1.161922E-07
  708    1.158642E-07
  709    1.155376E-07
  710    1.152123E-07
  711    1.280979E-07
  712    1.277383E-07
  713    1.273802E-07
  714    1.270237E-07
  715    1.266686E-07
  716    1.239946E-07
  717    1.236490E-07
  718    1.233048E-07
  719    1.229621E-07
  720    1.226207E-07
  721    1.302962E-07
  722    1.299355E-07
  723    1.295763E-07
  724    1.292186E-07
  725    1.288624E-07
  726    1.292091E-07
  727    1.288539E-07
  728    1.285001E-07
  729    1.281478E-07
  730    1.277970E-07
  731    1.233603E-07
  732    1.230235E-07
  733    1.226880E-07
  734    1.223539E-07
  735    1.220212E-07
  736    1.301110E-07
  737    1.297582E-07
  738    1.294068E-07
  739    1.290568E-07
  740    1.287082E-07
  741    1.272505E-07
  742    1.269077E-07
  743    1.265664E-07
  744    1.262264E-07
  745    1.258877E-07
  746    1.319571E-07
  747    1.316041E-07
  748    1.312524E-07
  749    1.309022E-07
  750    1.305533E-07
  751    1.321207E-07
  752    1.317696E-07
  753    1.314198E-07
  754    1.310715E-07
  755    1.307245E-07
  756    1.227841E-07
  757    1.224600E-07
  758    1.221371E-07
  759    1.218154E-07
  760    1.214951E-07
  761    1.393353E-07
  762    1.389698E-07
  763    1.386058E-07
  764    1.382432E-07
  765    1.378820E-07
  766    1.282035E-07
  767    1.278694E-07
  768    1.275366E-07
  769    1.272051E-07
  770    1.268750E-07
  771    1.303108E-07
  772    1.299734E-07
  773    1.296373E-07
  774    1.293026E-07
  775    1.289691E-07
  776    1.290229E-07
  777    1.286910E-07
  778    1.283604E-07
  779    1.280310E-07
  780    1.277030E-07
  781    1.312178E-07
  782    1.308824E-07
  783    1.305483E-07
  784    1.302155E-07
  785    1.298840E-07
  786    1.311208E-07
  787    1.307878E-07
  788    1.304561E-07
  789    1.301256E-07
  790    1.297964E-07
  791    1.277251E-07
  792    1.274027E-07
  793    1.270816E-07
  794    1.267617E-07
  795    1.264430E-07
  796    1.311446E-07
  797    1.308157E-07
  798    1.304880E-07
  799    1.301616E-07
  800    1.298364E-07
  801    1.264659E-07
  802    1.261508E-07
  803    1.258368E-07
  804    1.255239E-07
  805    1.252123E-07
  806    1.289096E-07
  807    1.285903E-07
  808    1.282722E-07
  809    1.279553E-07
  810    1.276395E-07
  811    1.261195E-07
  812    1.258091E-07
  813    1.254998E-07
  814    1.251916E-07
  815    1.248846E-07
  816    1.240978E-07
  817    1.237942E-07
  818    1.234917E-07
  819    1.231903E-07
  820    1.228900E-07
  821    1.263904E-07
  822    1.260831E-07
  823    1.257769E-07
  824    1.254718E-07
  825    1.251678E-07
  826    1.255439E-07
  827    1.252405E-07
  828    1.249381E-07
  829    1.246369E-07
  830    1.243367E-07
  831    1.274246E-07
  832    1.271185E-07
  833    1.268135E-07
  834    1.265096E-07
  835    1.262067E-07
  836    1.213637E-07
  837    1.210739E-07
  838    1.207851E-07
  839    1.204973E-07
  840    1.202106E-07
  841    1.190858E-07
  842    1.188031E-07
  843    1.185214E-07
  844    1.182407E-07
  845    1.179610E-07
  846    1.250202E-07
  847    1.247252E-07
  848    1.244312E-07
  849    1.241382E-07
  850    1.238463E-07
  851    1.163228E-07
  852    1.160499E-07
  853    1.157780E-07
  854    1.155070E-07
  855    1.152370E-07
  856    1.202922E-07
  857    1.200116E-07
  858    1.197320E-07
  859    1.194534E-07
  860    1.191758E-07
  861    1.132517E-07
  862    1.129891E-07
  863    1.127274E-07
  864    1.124666E-07
  865    1.122067E-07
  866    1.200950E-07
  867    1.198182E-07
  868    1.195422E-07
  869    1.192673E-07
  870    1.189932E-07
  871    1.183271E-07
  872    1.180559E-07
  873    1.177856E-07
  874    1.175162E-07
  875    1.172478E-07
  876    1.132534E-07
  877    1.129952E-07
  878    1.127380E-07
  879    1.124816E-07
  880    1.122261E-07
  881    1.159615E-07
  882    1.156987E-07
  883    1.154368E-07
  884    1.151758E-07
  885    1.149156E-07
  886    1.113718E-07
  887    1.111208E-07
  888    1.108707E-07
  889    1.106214E-07
  890    1.103730E-07
  891    1.131866E-07
  892    1.129330E-07
  893    1.126802E-07
  894    1.124283E-07
  895    1.121772E-07
  896    1.103271E-07
  897    1.100812E-07
  898    1.098362E-07
  899    1.095920E-07
  900    1.093486E-07
  901    1.071072E-07
  902    1.068698E-07
  903    1.066332E-07
  904    1.063975E-07
  905    1.061625E-07
  906    1.123871E-07
  907    1.121394E-07
  908    1.118925E-07
  909    1.116465E-07
  910    1.114012E-07
  911    1.059022E-07
  912    1.056701E-07
  913    1.054387E-07
  914    1.052081E-07
  915    1.049783E-07
  916    1.126086E-07
  917    1.123632E-07
  918    1.121185E-07
  919    1.118746E-07
  920    1.116316E-07
  921    1.052893E-07
  922    1.050610E-07
  923    1.048335E-07
  924    1.046067E-07
  925    1.043806E-07
  926    1.064256E-07
  927    1.061961E-07
  928    1.059673E-07
  929    1.057393E-07
  930    1.055120E-07
  931    1.115824E-07
  932    1.113430E-07
  933    1.111045E-07
  934    1.108667E-07
  935    1.106297E-07
  936    1.014386E-07
  937    1.012222E-07
  938    1.010064E-07
  939    1.007914E-07
  940    1.005771E-07
  941    1.080419E-07
  942    1.078127E-07
  943    1.075841E-07
  944    1.073563E-07
  945    1.071292E-07
  946    1.044845E-07
  947    1.042639E-07
  948    1.040441E-07
  949    1.038249E-07
  950    1.036064E-07
  951    1.074159E-07
  952    1.071904E-07
  953    1.069655E-07
  954    1.067414E-07
  955    1.065180E-07
  956    1.069568E-07
  957    1.067334E-07
  958    1.065107E-07
  959    1.062886E-07
  960    1.060673E-07
  961    1.035168E-07
  962    1.033017E-07
  963    1.030873E-07
  964    1.028735E-07
  965    1.026604E-07
  966    1.131010E-07
  967    1.128672E-07
  968    1.126341E-07
  969    1.124018E-07
  970    1.121701E-07
  971    1.052697E-07
  972    1.050532E-07
  973    1.048373E-07
  974    1.046222E-07
  975    1.044077E-07
  976    1.147381E-07
  977    1.145034E-07
  978    1.142693E-07
  979    1.140360E-07
  980    1.138034E-07
  981    1.131864E-07
  982    1.129560E-07
  983    1.127263E-07
  984    1.124973E-07
  985    1.122690E-07
  986    1.113098E-07
  987    1.110843E-07
  988    1.108596E-07
  989    1.106355E-07
  990    1.104121E-07
  991    1.178005E-07
  992    1.175631E-07
  993    1.173264E-07
  994    1.170905E-07
  995    1.168553E-07
  996    1.156956E-07
  997    1.154636E-07
  998    1.152323E-07
  999    1.150018E-07
 1000    1.147719E-07
 1001    1.205430E-07
 1002    1.203025E-07
 1003    1.200627E-07
 1004    1.198237E-07
 1005    1.195853E-07
 1006    1.200480E-07
 1007    1.198097E-07
 1008    1.195721E-07
 1009    1.193352E-07
 1010    1.190990E-07
 1011    1.230513E-07
 1012    1.228082E-07
 1013    1.225659E-07
 1014    1.223243E-07
 1015    1.220834E-07
 1016    1.358816E-07
 1017    1.356145E-07
 1018    1.353482E-07
 1019    1.350826E-07
 1020    1.348179E-07
 1021    1.303989E-07
 1022    1.301438E-07
 1023    1.298895E-07
 1024    1.296359E-07
 1025    1.293831E-07
 1026    1.373470E-07
 1027    1.370796E-07
 1028    1.368131E-07
 1029    1.365473E-07
 1030    1.362823E-07
 1031    1.408741E-07
 1032    1.406012E-07
 1033    1.403291E-07
 1034    1.400578E-07
 1035    1.397873E-07
 1036    1.459564E-07
 1037    1.456751E-07
 1038    1.453945E-07
 1039    1.451148E-07
 1040    1.448358E-07
 1041    1.563489E-07
 1042    1.560489E-07
 1043    1.557498E-07
 1044    1.554516E-07
 1045    1.551542E-07
 1046    1.570132E-07
 1047    1.567134E-07
 1048    1.564145E-07
 1049    1.561164E-07
 1050    1.558192E-07
 1051    1.650544E-07
 1052    1.647407E-07
 1053    1.644280E-07
 1054    1.641161E-07
 1055    1.638052E-07
 1056    1.682716E-07
 1057    1.679534E-07
 1058    1.676360E-07
 1059    1.673196E-07
 1060    1.670040E-07
 1061    1.775279E-07
 1062    1.771937E-07
 1063    1.768605E-07
 1064    1.765282E-07
 1065    1.761969E-07
 1066    1.888979E-07
 1067    1.885440E-07
 1068    1.881911E-07
 1069    1.878392E-07
 1070    1.874883E-07
 1071    1.977479E-07
 1072    1.973791E-07
 1073    1.970114E-07
 1074    1.966447E-07
 1075    1.962790E-07
 1076    1.989317E-07
 1077    1.985625E-07
 1078    1.981942E-07
 1079    1.978270E-07
 1080    1.974609E-07
 1081    2.201881E-07
 1082    2.197813E-07
 1083    2.193756E-07
 1084    2.189711E-07
 1085    2.185676E-07
 1086    2.271193E-07
 1087    2.267016E-07
 1088    2.262851E-07
 1089    2.258697E-07
 1090    2.254554E-07
 1091    2.352039E-07
 1092    2.347733E-07
 1093    2.343439E-07
 1094    2.339157E-07
 1095    2.334887E-07
 1096    2.523235E-07
 1097    2.518637E-07
 1098    2.514051E-07
 1099    2.509478E-07
 1100    2.504918E-07
 1101    2.703573E-07
 1102    2.698669E-07
 1103    2.693777E-07
 1104    2.688900E-07
 1105    2.684035E-07
 1106    2.731328E-07
 1107    2.726395E-07
 1108    2.721476E-07
 1109    2.716570E-07
 1110    2.711678E-07
 1111    2.932121E-07
 1112    2.926850E-07
 1113    2.921593E-07
 1114    2.916350E-07
 1115    2.911122E-07
 1116    3.059504E-07
 1117    3.054028E-07
 1118    3.048567E-07
 1119    3.043121E-07
 1120    3.037689E-07
 1121    3.402151E-07
 1122    3.396090E-07
 1123    3.390044E-07
 1124    3.384015E-07
 1125    3.378001E-07
 1126    3.385711E-07
 1127    3.379705E-07
 1128    3.373715E-07
 1129    3.367742E-07
 1130    3.361784E-07
 1131    3.654757E-07
 1132    3.648303E-07
 1133    3.641866E-07
 1134    3.635446E-07
 1135    3.629042E-07
 1136    3.802308E-07
 1137    3.795623E-07
 1138    3.788955E-07
 1139    3.782305E-07
 1140    3.775672E-07
 1141    3.984827E-07
 1142    3.977851E-07
 1143    3.970894E-07
 1144    3.963955E-07
 1145    3.957034E-07
 1146    4.278678E-07
 1147    4.271221E-07
 1148    4.263783E-07
 1149    4.256364E-07
 1150    4.248965E-07
 1151    4.198711E-07
 1152    4.191424E-07
 1153    4.184157E-07
 1154    4.176909E-07
 1155    4.169679E-07
 1156    4.471135E-07
 1157    4.463409E-07
 1158    4.455704E-07
 1159    4.448018E-07
 1160    4.440352E-07
 1161    4.555372E-07
 1162    4.547534E-07
 1163    4.539717E-07
 1164    4.531921E-07
 1165    4.524144E-07
 1166    4.800887E-07
 1167    4.792662E-07
 1168    4.784459E-07
 1169    4.776277E-07
 1170    4.768116E-07
 1171    5.231199E-07
 1172    5.222276E-07
 1173    5.213376E-07
 1174    5.204498E-07
 1175    5.195643E-07
 1176    5.090368E-07
 1177    5.081722E-07
 1178    5.073098E-07
 1179    5.064496E-07
 1180    5.055915E-07
 1181    5.639692E-07
 1182    5.630153E-07
 1183    5.620639E-07
 1184    5.611148E-07
 1185    5.601682E-07
 1186    5.955775E-07
 1187    5.945744E-07
 1188    5.935739E-07
 1189    5.925758E-07
 1190    5.915803E-07
 1191    6.056539E-07
 1192    6.046381E-07
 1193    6.036249E-07
 1194    6.026142E-07
 1195    6.016061E-07
 1196    6.470999E-07
 1197    6.460191E-07
 1198    6.449411E-07
 1199    6.438657E-07
 1200    6.427931E-07
 1201    6.553895E-07
 1202    6.542995E-07
 1203    6.532122E-07
 1204    6.521275E-07
 1205    6.510456E-07
 1206    7.105997E-07
 1207    7.094227E-07
 1208    7.082487E-07
 1209    7.070775E-07
 1210    7.059093E-07
 1211    7.196642E-07
 1212    7.184771E-07
 1213    7.172930E-07
 1214    7.161117E-07
 1215    7.149334E-07
 1216    7.550014E-07
 1217    7.537612E-07
 1218    7.525240E-07
 1219    7.512898E-07
 1220    7.500587E-07
 1221    8.183502E-07
 1222    8.170114E-07
 1223    8.156759E-07
 1224    8.143436E-07
 1225    8.130146E-07
 1226    8.090149E-07
 1227    8.076968E-07
 1228    8.063818E-07
 1229    8.050701E-07
 1230    8.037616E-07
 1231    9.032292E-07
 1232    9.017635E-07
 1233    9.003014E-07
 1234    8.988428E-07
 1235    8.973878E-07
 1236    9.004480E-07
 1237    8.989927E-07
 1238    8.975409E-07
 1239    8.960927E-07
 1240    8.946480E-07
 1241    9.320900E-07
 1242    9.305896E-07
 1243    9.290929E-07
 1244    9.275998E-07
 1245    9.261102E-07
 1246    9.914891E-07
 1247    9.898996E-07
 1248    9.883138E-07
 1249    9.867319E-07
 1250    9.851538E-07
 1251    9.838840E-07
 1252    9.823129E-07
 1253    9.807456E-07
 1254    9.791820E-07
 1255    9.776222E-07
 1256    1.077327E-06
 1257    1.075614E-06
 1258    1.073905E-06
 1259    1.072199E-06
 1260    1.070498E-06
 1261    1.039563E-06
 1262    1.037916E-06
 1263    1.036273E-06
 1264    1.034634E-06
 1265    1.032999E-06
 1266    1.119860E-06
 1267    1.118092E-06
 1268    1.116330E-06
 1269    1.114571E-06
 1270    1.112816E-06
 1271    1.180323E-06
 1272    1.178468E-06
 1273    1.176617E-06
 1274    1.174771E-06
 1275    1.172929E-06
 1276    1.177811E-06
 1277    1.175967E-06
 1278    1.174128E-06
 1279    1.172292E-06
 1280    1.170461E-06
 1281    1.245922E-06
 1282    1.243979E-06
 1283    1.242040E-06
 1284    1.240106E-06
 1285    1.238177E-06
 1286    1.269871E-06
 1287    1.267898E-06
 1288    1.265930E-06
 1289    1.263967E-06
 1290    1.262008E-06
 1291    1.367361E-06
 1292    1.365246E-06
 1293    1.363135E-06
 1294    1.361029E-06
 1295    1.358927E-06
 1296    1.369849E-06
 1297    1.367738E-06
 1298    1.365631E-06
 1299    1.363530E-06
 1300    1.361433E-06
 1301    1.420504E-06
 1302    1.418323E-06
 1303    1.416147E-06
 1304    1.413976E-06
 1305    1.411809E-06
 1306    1.456612E-06
 1307    1.454383E-06
 1308    1.452160E-06
 1309    1.449943E-06
 1310    1.447730E-06
 1311    1.508432E-06
 1312    1.506134E-06
 1313    1.503841E-06
 1314    1.501553E-06
 1315    1.499270E-06
 1316    1.593048E-06
 1317    1.590629E-06
 1318    1.588216E-06
 1319    1.585809E-06
 1320    1.583407E-06
 1321    1.607614E-06
 1322    1.605182E-06
 1323    1.602757E-06
 1324    1.600337E-06
 1325    1.597922E-06
 1326    1.674525E-06
 1327    1.672002E-06
 1328    1.669485E-06
 1329    1.666973E-06
 1330    1.664468E-06
 1331    1.720100E-06
 1332    1.717518E-06
 1333    1.714942E-06
 1334    1.712372E-06
 1335    1.709808E-06
 1336    1.789997E-06
 1337    1.787321E-06
 1338    1.784650E-06
 1339    1.781985E-06
 1340    1.779327E-06
 1341    1.871724E-06
 1342    1.868936E-06
 1343    1.866154E-06
 1344    1.863378E-06
 1345    1.860608E-06
 1346    1.886986E-06
 1347    1.884185E-06
 1348    1.881391E-06
 1349    1.878602E-06
 1350    1.875820E-06
 1351    1.952780E-06
 1352    1.949892E-06
 1353    1.947011E-06
 1354    1.944136E-06
 1355    1.941268E-06
 1356    1.993600E-06
 1357    1.990663E-06
 1358    1.987732E-06
 1359    1.984808E-06
 1360    1.981890E-06
 1361    2.013229E-06
 1362    2.010274E-06
 1363    2.007325E-06
 1364    2.004383E-06
 1365    2.001447E-06
 1366    2.046354E-06
 1367    2.043361E-06
 1368    2.040375E-06
 1369    2.037395E-06
 1370    2.034422E-06
 1371    2.098673E-06
 1372    2.095615E-06
 1373    2.092564E-06
 1374    2.089519E-06
 1375    2.086481E-06
 1376    2.247983E-06
 1377    2.244719E-06
 1378    2.241462E-06
 1379    2.238212E-06
 1380    2.234970E-06
 1381    2.220318E-06
 1382    2.217106E-06
 1383    2.213901E-06
 1384    2.210703E-06
 1385    2.207512E-06
 1386    2.330736E-06
 1387    2.327376E-06
 1388    2.324024E-06
 1389    2.320679E-06
 1390    2.317341E-06
 1391    2.292646E-06
 1392    2.289353E-06
 1393    2.286067E-06
 1394    2.282789E-06
 1395    2.279517E-06
 1396    2.439346E-06
 1397    2.435855E-06
 1398    2.432372E-06
 1399    2.428895E-06
 1400    2.425427E-06
 1401    2.500885E-06
 1402    2.497318E-06
 1403    2.493760E-06
 1404    2.490208E-06
 1405    2.486665E-06
 1406    2.490249E-06
 1407    2.486711E-06
 1408    2.483180E-06
 1409    2.479656E-06
 1410    2.476140E-06
 1411    2.594180E-06
 1412    2.590507E-06
 1413    2.586842E-06
 1414    2.583184E-06
 1415    2.579534E-06
 1416    2.625113E-06
 1417    2.621410E-06
 1418    2.617714E-06
 1419    2.614025E-06
 1420    2.610345E-06
 1421    2.728679E-06
 1422    2.724843E-06
 1423    2.721014E-06
 1424    2.717194E-06
 1425    2.713382E-06
 1426    2.889216E-06
 1427    2.885168E-06
 1428    2.881128E-06
 1429    2.877097E-06
 1430    2.873075E-06
 1431    2.894468E-06
 1432    2.890427E-06
 1433    2.886395E-06
 1434    2.882370E-06
 1435    2.878355E-06
 1436    3.004320E-06
 1437    3.000140E-06
 1438    2.995969E-06
 1439    2.991807E-06
 1440    2.987653E-06
 1441    3.013672E-06
 1442    3.009493E-06
 1443    3.005324E-06
 1444    3.001163E-06
 1445    2.997010E-06
 1446    3.062446E-06
 1447    3.058215E-06
 1448    3.053992E-06
 1449    3.049778E-06
 1450    3.045573E-06
 1451    3.078727E-06
 1452    3.074488E-06
 1453    3.070258E-06
 1454    3.066036E-06
 1455    3.061823E-06
 1456    3.014895E-06
 1457    3.010758E-06
 1458    3.006629E-06
 1459    3.002509E-06
 1460    2.998398E-06
 1461    3.252795E-06
 1462    3.248346E-06
 1463    3.243907E-06
 1464    3.239477E-06
 1465    3.235056E-06
 1466    3.154479E-06
 1467    3.150180E-06
 1468    3.145889E-06
 1469    3.141608E-06
 1470    3.137335E-06
 1471    3.304574E-06
 1472    3.300086E-06
 1473    3.295606E-06
 1474    3.291136E-06
 1475    3.286675E-06
 1476    3.253555E-06
 1477    3.249151E-06
 1478    3.244755E-06
 1479    3.240369E-06
 1480    3.235992E-06
 1481    3.389585E-06
 1482    3.385012E-06
 1483    3.380448E-06
 1484    3.375894E-06
 1485    3.371349E-06
 1486    3.567054E-06
 1487    3.562258E-06
 1488    3.557471E-06
 1489    3.552695E-06
 1490    3.547928E-06
 1491    3.538118E-06
 1492    3.533377E-06
 1493    3.528645E-06
 1494    3.523923E-06
 1495    3.519210E-06
 1496    3.616215E-06
 1497    3.611385E-06
 1498    3.606565E-06
 1499    3.601755E-06
 1500    3.596954E-06
 1501    3.647853E-06
 1502    3.642997E-06
 1503    3.638151E-06
 1504    3.633315E-06
 1505    3.628488E-06
 1506    3.723527E-06
 1507    3.718587E-06
 1508    3.713657E-06
 1509    3.708736E-06
 1510    3.703826E-06
 1511    3.849014E-06
 1512    3.843925E-06
 1513    3.838845E-06
 1514    3.833776E-06
 1515    3.828716E-06
 1516    3.804649E-06
 1517    3.799635E-06
 1518    3.794630E-06
 1519    3.789636E-06
 1520    3.784651E-06
 1521    3.945330E-06
 1522    3.940148E-06
 1523    3.934975E-06
 1524    3.929813E-06
 1525    3.924661E-06
 1526    4.150692E-06
 1527    4.145257E-06
 1528    4.139833E-06
 1529    4.134420E-06
 1530    4.129017E-06
 1531    4.150975E-06
 1532    4.145558E-06
 1533    4.140151E-06
 1534    4.134755E-06
 1535    4.129369E-06
 1536    4.169457E-06
 1537    4.164033E-06
 1538    4.158620E-06
 1539    4.153218E-06
 1540    4.147825E-06
 1541    4.075452E-06
 1542    4.070168E-06
 1543    4.064894E-06
 1544    4.059630E-06
 1545    4.054377E-06
 1546    4.358489E-06
 1547    4.352856E-06
 1548    4.347234E-06
 1549    4.341623E-06
 1550    4.336023E-06
 1551    4.206326E-06
 1552    4.200907E-06
 1553    4.195499E-06
 1554    4.190101E-06
 1555    4.184714E-06
 1556    4.339518E-06
 1557    4.333945E-06
 1558    4.328384E-06
 1559    4.322833E-06
 1560    4.317292E-06
 1561    4.318291E-06
 1562    4.312764E-06
 1563    4.307247E-06
 1564    4.301741E-06
 1565    4.296245E-06
 1566    4.327575E-06
 1567    4.322054E-06
 1568    4.316542E-06
 1569    4.311042E-06
 1570    4.305552E-06
 1571    4.420134E-06
 1572    4.414512E-06
 1573    4.408901E-06
 1574    4.403301E-06
 1575    4.397711E-06
 1576    4.518285E-06
 1577    4.512556E-06
 1578    4.506839E-06
 1579    4.501132E-06
 1580    4.495436E-06
 1581    4.544847E-06
 1582    4.539103E-06
 1583    4.533370E-06
 1584    4.527648E-06
 1585    4.521937E-06
 1586    4.663717E-06
 1587    4.657842E-06
 1588    4.651977E-06
 1589    4.646124E-06
 1590    4.640282E-06
 1591    4.637449E-06
 1592    4.631625E-06
 1593    4.625812E-06
 1594    4.620010E-06
 1595    4.614219E-06
 1596    4.654256E-06
 1597    4.648429E-06
 1598    4.642613E-06
 1599    4.636808E-06
 1600    4.631013E-06
 1601    4.622464E-06
 1602    4.616695E-06
 1603    4.610937E-06
 1604    4.605189E-06
 1605    4.599453E-06
 1606    4.610977E-06
 1607    4.605241E-06
 1608    4.599515E-06
 1609    4.593799E-06
 1610    4.588094E-06
 1611    4.749799E-06
 1612    4.743908E-06
 1613    4.738027E-06
 1614    4.732158E-06
 1615    4.726299E-06
 1616    4.709310E-06
 1617    4.703487E-06
 1618    4.697675E-06
 1619    4.691873E-06
 1620    4.686083E-06
 1621    4.802832E-06
 1622    4.796912E-06
 1623    4.791002E-06
 1624    4.785104E-06
 1625    4.779217E-06
 1626    4.817304E-06
 1627    4.811384E-06
 1628    4.805475E-06
 1629    4.799577E-06
 1630    4.793689E-06
 1631    5.048474E-06
 1632    5.042289E-06
 1633    5.036116E-06
 1634    5.029953E-06
 1635    5.023802E-06
 1636    5.012915E-06
 1637    5.006792E-06
 1638    5.000680E-06
 1639    4.994580E-06
 1640    4.988491E-06
 1641    5.133801E-06
 1642    5.127550E-06
 1643    5.121310E-06
 1644    5.115081E-06
 1645    5.108864E-06
 1646    5.038108E-06
 1647    5.031992E-06
 1648    5.025887E-06
 1649    5.019793E-06
 1650    5.013710E-06
 1651    5.139720E-06
 1652    5.133500E-06
 1653    5.127290E-06
 1654    5.121092E-06
 1655    5.114906E-06
 1656    5.077986E-06
 1657    5.071858E-06
 1658    5.065742E-06
 1659    5.059637E-06
 1660    5.053543E-06
 1661    4.999994E-06
 1662    4.993979E-06
 1663    4.987975E-06
 1664    4.981981E-06
 1665    4.975999E-06
 1666    5.230690E-06
 1667    5.224417E-06
 1668    5.218154E-06
 1669    5.211903E-06
 1670    5.205663E-06
 1671    5.272076E-06
 1672    5.265772E-06
 1673    5.259479E-06
 1674    5.253197E-06
 1675    5.246926E-06
 1676    5.468535E-06
 1677    5.462016E-06
 1678    5.455507E-06
 1679    5.449011E-06
 1680    5.442526E-06
 1681    5.460035E-06
 1682    5.453544E-06
 1683    5.447066E-06
 1684    5.440598E-06
 1685    5.434143E-06
 1686    5.530368E-06
 1687    5.523813E-06
 1688    5.517270E-06
 1689    5.510739E-06
 1690    5.504219E-06
 1691    5.591528E-06
 1692    5.584921E-06
 1693    5.578325E-06
 1694    5.571741E-06
 1695    5.565169E-06
 1696    5.605409E-06
 1697    5.598805E-06
 1698    5.592212E-06
 1699    5.585631E-06
 1700    5.579062E-06
 1701    5.641492E-06
 1702    5.634865E-06
 1703    5.628249E-06
 1704    5.621645E-06
 1705    5.615053E-06
 1706    5.574016E-06
 1707    5.567487E-06
 1708    5.560970E-06
 1709    5.554464E-06
 1710    5.547969E-06
 1711    5.596630E-06
 1712    5.590094E-06
 1713    5.583569E-06
 1714    5.577055E-06
 1715    5.570553E-06
 1716    5.783238E-06
 1717    5.776503E-06
 1718    5.769780E-06
 1719    5.763069E-06
 1720    5.756370E-06
 1721    5.791272E-06
 1722    5.784548E-06
 1723    5.777836E-06
 1724    5.771135E-06
 1725    5.764445E-06
 1726    6.127395E-06
 1727    6.120301E-06
 1728    6.113219E-06
 1729    6.106150E-06
 1730    6.099093E-06
 1731    6.076145E-06
 1732    6.069131E-06
 1733    6.062129E-06
 1734    6.055139E-06
 1735    6.048161E-06
 1736    6.219386E-06
 1737    6.212227E-06
 1738    6.205081E-06
 1739    6.197946E-06
 1740    6.190824E-06
 1741    6.219063E-06
 1742    6.211925E-06
 1743    6.204799E-06
 1744    6.197685E-06
 1745    6.190584E-06
 1746    6.057691E-06
 1747    6.050758E-06
 1748    6.043837E-06
 1749    6.036928E-06
 1750    6.030031E-06
 1751    6.172376E-06
 1752    6.165332E-06
 1753    6.158300E-06
 1754    6.151280E-06
 1755    6.144272E-06
 1756    6.166064E-06
 1757    6.159047E-06
 1758    6.152042E-06
 1759    6.145049E-06
 1760    6.138068E-06
 1761    6.456763E-06
 1762    6.449436E-06
 1763    6.442121E-06
 1764    6.434819E-06
 1765    6.427530E-06
 1766    6.500009E-06
 1767    6.492654E-06
 1768    6.485312E-06
 1769    6.477982E-06
 1770    6.470664E-06
 1771    6.758502E-06
 1772    6.750876E-06
 1773    6.743263E-06
 1774    6.735663E-06
 1775    6.728076E-06
 1776    7.124111E-06
 1777    7.116095E-06
 1778    7.108093E-06
 1779    7.100104E-06
 1780    7.092129E-06
 1781    7.169244E-06
 1782    7.161200E-06
 1783    7.153169E-06
 1784    7.145152E-06
 1785    7.137149E-06
 1786    7.378750E-06
 1787    7.370494E-06
 1788    7.362252E-06
 1789    7.354024E-06
 1790    7.345810E-06
 1791    7.225398E-06
 1792    7.217336E-06
 1793    7.209288E-06
 1794    7.201253E-06
 1795    7.193232E-06
 1796    7.029465E-06
 1797    7.021644E-06
 1798    7.013836E-06
 1799    7.006040E-06
 1800    6.998258E-06
 1801    6.581490E-06
 1802    6.574188E-06
 1803    6.566897E-06
 1804    6.559619E-06
 1805    6.552353E-06
 1806    6.101314E-06
 1807    6.094563E-06
 1808    6.087823E-06
 1809    6.081094E-06
 1810    6.074377E-06
 1811    6.073831E-06
 1812    6.067129E-06
 1813    6.060438E-06
 1814    6.053758E-06
 1815    6.047089E-06
 1816    6.419940E-06
 1817    6.412876E-06
 1818    6.405823E-06
 1819    6.398781E-06
 1820    6.391752E-06
 1821    7.561427E-06
 1822    7.553129E-06
 1823    7.544845E-06
 1824    7.536575E-06
 1825    7.528318E-06
 1826    8.674475E-06
 1827    8.664982E-06
 1828    8.655504E-06
 1829    8.646042E-06
 1830    8.636596E-06
 1831    9.986430E-06
 1832    9.975531E-06
 1833    9.964649E-06
 1834    9.953786E-06
 1835    9.942940E-06
 1836    1.116017E-05
 1837    1.114802E-05
 1838    1.113590E-05
 1839    1.112379E-05
 1840    1.111170E-05
 1841    1.180021E-05
 1842    1.178740E-05
 1843    1.177461E-05
 1844    1.176184E-05
 1845    1.174910E-05
 1846    1.245359E-05
 1847    1.244011E-05
 1848    1.242665E-05
 1849    1.241322E-05
 1850    1.239980E-05
 1851    1.297340E-05
 1852    1.295940E-05
 1853    1.294541E-05
 1854    1.293145E-05
 1855    1.291751E-05
 1856    1.394991E-05
 1857    1.393489E-05
 1858    1.391989E-05
 1859    1.390492E-05
 1860    1.388997E-05
 1861    1.516966E-05
 1862    1.515337E-05
 1863    1.513710E-05
 1864    1.512087E-05
 1865    1.510466E-05
 1866    1.619471E-05
 1867    1.617736E-05
 1868    1.616005E-05
 1869    1.614276E-05
 1870    1.612550E-05
 1871    1.681155E-05
 1872    1.679359E-05
 1873    1.677567E-05
 1874    1.675777E-05
 1875    1.673990E-05
 1876    1.560875E-05
 1877    1.559212E-05
 1878    1.557552E-05
 1879    1.555894E-05
 1880    1.554240E-05
 1881    1.393244E-05
 1882    1.391764E-05
 1883    1.390286E-05
 1884    1.388810E-05
 1885    1.387337E-05
 1886    1.063873E-05
 1887    1.062745E-05
 1888    1.061620E-05
 1889    1.060496E-05
 1890    1.059374E-05
 1891    6.046430E-06
 1892    6.040040E-06
 1893    6.033661E-06
 1894    6.027291E-06
 1895    6.020931E-06
 1896   -5.934524E-07
 1897   -5.928269E-07
 1898   -5.922024E-07
 1899   -5.915789E-07
 1900   -5.909563E-07
 1901   -8.527557E-06
 1902   -8.518593E-06
 1903   -8.509642E-06
 1904   -8.500706E-06
 1905   -8.491784E-06
 1906   -1.610731E-05
 1907   -1.609042E-05
 1908   -1.607356E-05
 1909   -1.605672E-05
 1910   -1.603991E-05
 1911   -2.154398E-05
 1912   -2.152145E-05
 1913   -2.149895E-05
 1914   -2.147650E-05
 1915   -2.145407E-05
 1916   -2.328057E-05
 1917   -2.325629E-05
 1918   -2.323204E-05
 1919   -2.320784E-05
 1920   -2.318367E-05
 1921   -2.017899E-05
 1922   -2.015799E-05
 1923   -2.013703E-05
 1924   -2.011611E-05
 1925   -2.009521E-05
 1926   -8.916070E-06
 1927   -8.906818E-06
 1928   -8.897581E-06
 1929   -8.888358E-06
 1930   -8.879150E-06
 1931    1.280298E-05
 1932    1.278973E-05
 1933    1.277650E-05
 1934    1.276329E-05
 1935    1.275010E-05
 1936    4.559967E-05
 1937    4.555260E-05
 1938    4.550560E-05
 1939    4.545868E-05
 1940    4.541182E-05
 1941    9.118730E-05
 1942    9.109342E-05
 1943    9.099968E-05
 1944    9.090608E-05
 1945    9.081263E-05
 1946    1.500568E-04
 1947    1.499027E-04
 1948    1.497488E-04
 1949    1.495952E-04
 1950    1.494418E-04
 1951    2.086762E-04
 1952    2.084625E-04
 1953    2.082490E-04
 1954    2.080359E-04
 1955    2.078232E-04
 1956    2.779269E-04
 1957    2.776429E-04
 1958    2.773594E-04
 1959    2.770763E-04
 1960    2.767936E-04
 1961    3.080591E-04
 1962    3.077451E-04
 1963    3.074317E-04
 1964    3.071187E-04
 1965    3.068062E-04
 1966    3.454574E-04
 1967    3.451062E-04
 1968    3.447556E-04
 1969    3.444055E-04
 1970    3.440559E-04
 1971    3.414420E-04
 1972    3.410958E-04
 1973    3.407501E-04
 1974    3.404050E-04
 1975    3.400603E-04
 1976    2.841084E-04
 1977    2.838210E-04
 1978    2.835341E-04
 1979    2.832476E-04
 1980    2.829616E-04
 1981    1.517362E-04
 1982    1.515831E-04
 1983    1.514302E-04
 1984    1.512776E-04
 1985    1.511252E-04
 1986   -9.853702E-05
 1987   -9.843786E-05
 1988   -9.833886E-05
 1989   -9.824000E-05
 1990   -9.814129E-05
 1991   -5.060509E-04
 1992   -5.055429E-04
 1993   -5.050357E-04
 1994   -5.045293E-04
 1995   -5.040236E-04
 1996   -1.040984E-03
 1997   -1.039942E-03
 1998   -1.038901E-03
 1999   -1.037862E-03
 2000   -1.036824E-03
 2001   -1.630274E-03
 2002   -1.628646E-03
 2003   -1.627020E-03
 2004   -1.625397E-03
 2005   -1.623776E-03
 2006   -2.127516E-03
 2007   -2.125397E-03
 2008   -2.123280E-03
 2009   -2.121167E-03
 2010   -2.119057E-03
 2011   -2.376378E-03
 2012   -2.374016E-03
 2013   -2.371658E-03
 2014   -2.369304E-03
 2015   -2.366953E-03
 2016   -2.489337E-03
 2017   -2.486869E-03
 2018   -2.484405E-03
 2019   -2.481944E-03
 2020   -2.479488E-03
 2021   -2.283637E-03
 2022   -2.281378E-03
 2023   -2.279123E-03
 2024   -2.276872E-03
 2025   -2.274624E-03
 2026   -1.734628E-03
 2027   -1.732916E-03
 2028   -1.731208E-03
 2029   -1.729502E-03
 2030   -1.727798E-03
 2031   -6.789817E-04
 2032   -6.783136E-04
 2033   -6.776464E-04
 2034   -6.769803E-04
 2035   -6.763151E-04
 2036    1.276940E-03
 2037    1.275687E-03
 2038    1.274435E-03
 2039    1.273185E-03
 2040    1.271937E-03
 2041    4.555488E-03
 2042    4.551028E-03
 2043    4.546573E-03
 2044    4.542126E-03
 2045    4.537685E-03
 2046    8.834490E-03
 2047    8.825861E-03
 2048    8.817244E-03
 2049    8.808640E-03
 2050    8.800048E-03
 2051    1.386918E-02
 2052    1.385567E-02
 2053    1.384217E-02
 2054    1.382870E-02
 2055    1.381524E-02
 2056    1.836099E-02
 2057    1.834314E-02
 2058    1.832532E-02
 2059    1.830752E-02
 2060    1.828975E-02
 2061    2.126123E-02
 2062    2.124061E-02
 2063    2.122002E-02
 2064    2.119946E-02
 2065    2.117894E-02
 2066    2.316855E-02
 2067    2.314613E-02
 2068    2.312375E-02
 2069    2.310141E-02
 2070    2.307909E-02
 2071    2.332344E-02
 2072    2.330094E-02
 2073    2.327846E-02
 2074    2.325602E-02
 2075    2.323361E-02
 2076    2.391161E-02
 2077    2.388860E-02
 2078    2.386561E-02
 2079    2.384266E-02
 2080    2.381974E-02
 2081    2.311172E-02
 2082    2.308952E-02
 2083    2.306736E-02
 2084    2.304523E-02
 2085    2.302313E-02
 2086    2.168867E-02
 2087    2.166789E-02
 2088    2.164714E-02
 2089    2.162642E-02
 2090    2.160573E-02
 2091    1.791333E-02
 2092    1.789621E-02
 2093    1.787911E-02
 2094    1.786204E-02
 2095    1.784499E-02
 2096    1.378905E-02
 2097    1.377590E-02
 2098    1.376278E-02
 2099    1.374967E-02
 2100    1.373657E-02
 2101    8.697354E-03
 2102    8.689081E-03
 2103    8.680819E-03
 2104    8.672570E-03
 2105    8.664332E-03
 2106    4.129246E-03
 2107    4.125328E-03
 2108    4.121414E-03
 2109    4.117507E-03
 2110    4.113605E-03
 2111    9.746023E-04
 2112    9.736796E-04
 2113    9.727582E-04
 2114    9.718381E-04
 2115    9.709193E-04
 2116   -9.821162E-04
 2117   -9.811885E-04
 2118   -9.802622E-04
 2119   -9.793372E-04
 2120   -9.784136E-04
 2121   -2.041018E-03
 2122   -2.039095E-03
 2123   -2.037174E-03
 2124   -2.035257E-03
 2125   -2.033341E-03
 2126   -2.543873E-03
 2127   -2.541482E-03
 2128   -2.539094E-03
 2129   -2.536709E-03
 2130   -2.534328E-03
 2131   -2.710937E-03
 2132   -2.708395E-03
 2133   -2.705856E-03
 2134   -2.703320E-03
 2135   -2.700789E-03
 2136   -2.664678E-03
 2137   -2.662184E-03
 2138   -2.659695E-03
 2139   -2.657208E-03
 2140   -2.654726E-03
 2141   -2.325845E-03
 2142   -2.323674E-03
 2143   -2.321506E-03
 2144   -2.319341E-03
 2145   -2.317179E-03
 2146   -1.797144E-03
 2147   -1.795470E-03
 2148   -1.793799E-03
 2149   -1.792130E-03
 2150   -1.790463E-03
 2151   -1.136854E-03
 2152   -1.135798E-03
 2153   -1.134743E-03
 2154   -1.133690E-03
 2155   -1.132638E-03
 2156   -5.743501E-04
 2157   -5.738177E-04
 2158   -5.732860E-04
 2159   -5.727550E-04
 2160   -5.722248E-04
 2161   -1.664203E-04
 2162   -1.662664E-04
 2163   -1.661127E-04
 2164   -1.659592E-04
 2165   -1.658059E-04
 2166    9.974223E-05
 2167    9.965019E-05
 2168    9.955829E-05
 2169    9.946651E-05
 2170    9.937485E-05
 2171    2.433157E-04
 2172    2.430917E-04
 2173    2.428680E-04
 2174    2.426446E-04
 2175    2.424215E-04
 2176    2.950872E-04
 2177    2.948162E-04
 2178    2.945455E-04
 2179    2.942752E-04
 2180    2.940053E-04
 2181    3.058187E-04
 2182    3.055384E-04
 2183    3.052585E-04
 2184    3.049791E-04
 2185    3.047000E-04
 2186    2.823577E-04
 2187    2.820995E-04
 2188    2.818417E-04
 2189    2.815843E-04
 2190    2.813272E-04
 2191    2.330002E-04
 2192    2.327876E-04
 2193    2.325754E-04
 2194    2.323634E-04
 2195    2.321517E-04
 2196    1.775369E-04
 2197    1.773753E-04
 2198    1.772139E-04
 2199    1.770528E-04
 2200    1.768919E-04
 2201    1.076002E-04
 2202    1.075025E-04
 2203    1.074049E-04
 2204    1.073075E-04
 2205    1.072102E-04
 2206    5.033745E-05
 2207    5.029184E-05
 2208    5.024630E-05
 2209    5.020082E-05
 2210    5.015540E-05
 2211    3.980413E-06
 2212    3.976815E-06
 2213    3.973222E-06
 2214    3.969633E-06
 2215    3.966050E-06
 2216   -2.853889E-05
 2217   -2.851315E-05
 2218   -2.848745E-05
 2219   -2.846178E-05
 2220   -2.843614E-05
 2221   -5.020336E-05
 2222   -5.015818E-05
 2223   -5.011307E-05
 2224   -5.006801E-05
 2225   -5.002301E-05
 2226   -5.919690E-05
 2227   -5.914375E-05
 2228   -5.909067E-05
 2229   -5.903766E-05
 2230   -5.898473E-05
 2231   -6.266473E-05
 2232   -6.260860E-05
 2233   -6.255253E-05
 2234   -6.249655E-05
 2235   -6.244063E-05
 2236   -5.904833E-05
 2237   -5.899555E-05
 2238   -5.894284E-05
 2239   -5.889020E-05
 2240   -5.883763E-05
 2241   -5.033346E-05
 2242   -5.028857E-05
 2243   -5.024373E-05
 2244   -5.019896E-05
 2245   -5.015425E-05
 2246   -4.241081E-05
 2247   -4.237307E-05
 2248   -4.233538E-05
 2249   -4.229774E-05
 2250   -4.226015E-05
 2251   -2.983801E-05
 2252   -2.981152E-05
 2253   -2.978506E-05
 2254   -2.975864E-05
 2255   -2.973225E-05
 2256   -2.088744E-05
 2257   -2.086894E-05
 2258   -2.085046E-05
 2259   -2.083200E-05
 2260   -2.081357E-05
 2261   -1.407937E-05
 2262   -1.406693E-05
 2263   -1.405450E-05
 2264   -1.404208E-05
 2265   -1.402969E-05
 2266   -9.737449E-06
 2267   -9.728860E-06
 2268   -9.720283E-06
 2269   -9.711717E-06
 2270   -9.703162E-06
 2271   -7.232342E-06
 2272   -7.225977E-06
 2273   -7.219621E-06
 2274   -7.213272E-06
 2275   -7.206932E-06
 2276   -5.861578E-06
 2277   -5.856431E-06
 2278   -5.851290E-06
 2279   -5.846157E-06
 2280   -5.841030E-06
 2281   -5.967187E-06
 2282   -5.961958E-06
 2283   -5.956736E-06
 2284   -5.951521E-06
 2285   -5.946313E-06
 2286   -6.367121E-06
 2287   -6.361555E-06
 2288   -6.355995E-06
 2289   -6.350443E-06
 2290   -6.344898E-06
 2291   -6.819079E-06
 2292   -6.813130E-06
 2293   -6.807189E-06
 2294   -6.801255E-06
 2295   -6.795329E-06
 2296   -6.971046E-06
 2297   -6.964978E-06
 2298   -6.958918E-06
 2299   -6.952865E-06
 2300   -6.946820E-06
 2301   -6.751322E-06
 2302   -6.745457E-06
 2303   -6.739600E-06
 2304   -6.733751E-06
 2305   -6.727910E-06
 2306   -6.850550E-06
 2307   -6.844613E-06
 2308   -6.838683E-06
 2309   -6.832761E-06
 2310   -6.826846E-06
 2311   -6.817181E-06
 2312   -6.811285E-06
 2313   -6.805397E-06
 2314   -6.799516E-06
 2315   -6.793643E-06
 2316   -7.427431E-06
 2317   -7.421021E-06
 2318   -7.414619E-06
 2319   -7.408226E-06
 2320   -7.401841E-06
 2321   -8.138386E-06
 2322   -8.131377E-06
 2323   -8.124378E-06
 2324   -8.117388E-06
 2325   -8.110407E-06
 2326   -8.928184E-06
 2327   -8.920512E-06
 2328   -8.912850E-06
 2329   -8.905198E-06
 2330   -8.897555E-06
 2331   -9.516029E-06
 2332   -9.507869E-06
 2333   -9.499720E-06
 2334   -9.491581E-06
 2335   -9.483453E-06
 2336   -9.359519E-06
 2337   -9.351511E-06
 2338   -9.343513E-06
 2339   -9.335525E-06
 2340   -9.327548E-06
 2341   -9.086537E-06
 2342   -9.078779E-06
 2343   -9.071031E-06
 2344   -9.063293E-06
 2345   -9.055565E-06
 2346   -8.271548E-06
 2347   -8.264501E-06
 2348   -8.257463E-06
 2349   -8.250434E-06
 2350   -8.243413E-06
 2351   -7.417172E-06
 2352   -7.410866E-06
 2353   -7.404568E-06
 2354   -7.398278E-06
 2355   -7.391997E-06
 2356   -6.578105E-06
 2357   -6.572524E-06
 2358   -6.566951E-06
 2359   -6.561385E-06
 2360   -6.555825E-06
 2361   -6.162069E-06
 2362   -6.156853E-06
 2363   -6.151643E-06
 2364   -6.146439E-06
 2365   -6.141243E-06
 2366   -6.121294E-06
 2367   -6.116123E-06
 2368   -6.110958E-06
 2369   -6.105800E-06
 2370   -6.100649E-06
 2371   -6.040814E-06
 2372   -6.035722E-06
 2373   -6.030636E-06
 2374   -6.025557E-06
 2375   -6.020483E-06
 2376   -6.112616E-06
 2377   -6.107474E-06
 2378   -6.102338E-06
 2379   -6.097209E-06
 2380   -6.092087E-06
 2381   -6.189258E-06
 2382   -6.184062E-06
 2383   -6.178873E-06
 2384   -6.173690E-06
 2385   -6.168514E-06
 2386   -6.153261E-06
 2387   -6.148107E-06
 2388   -6.142959E-06
 2389   -6.137817E-06
 2390   -6.132682E-06
 2391   -6.278961E-06
 2392   -6.273713E-06
 2393   -6.268470E-06
 2394   -6.263235E-06
 2395   -6.258005E-06
 2396   -5.921994E-06
 2397   -5.917054E-06
 2398   -5.912120E-06
 2399   -5.907192E-06
 2400   -5.902270E-06
 2401   -5.801552E-06
 2402   -5.796722E-06
 2403   -5.791898E-06
 2404   -5.787081E-06
 2405   -5.782269E-06
 2406   -5.507369E-06
 2407   -5.502794E-06
 2408   -5.498224E-06
 2409   -5.493660E-06
 2410   -5.489102E-06
 2411   -5.403912E-06
 2412   -5.399432E-06
 2413   -5.394957E-06
 2414   -5.390489E-06
 2415   -5.386025E-06
 2416   -5.391796E-06
 2417   -5.387335E-06
 2418   -5.382880E-06
 2419   -5.378431E-06
 2420   -5.373986E-06
 2421   -5.328471E-06
 2422   -5.324072E-06
 2423   -5.319678E-06
 2424   -5.315290E-06
 2425   -5.310907E-06
 2426   -5.464091E-06
 2427   -5.459589E-06
 2428   -5.455093E-06
 2429   -5.450602E-06
 2430   -5.446117E-06
 2431   -5.394451E-06
 2432   -5.390016E-06
 2433   -5.385586E-06
 2434   -5.381162E-06
 2435   -5.376743E-06
 2436   -5.467320E-06
 2437   -5.462834E-06
 2438   -5.458353E-06
 2439   -5.453878E-06
 2440   -5.449409E-06
 2441   -5.409449E-06
 2442   -5.405020E-06
 2443   -5.400596E-06
 2444   -5.396177E-06
 2445   -5.391764E-06
 2446   -5.160215E-06
 2447   -5.155999E-06
 2448   -5.151787E-06
 2449   -5.147581E-06
 2450   -5.143379E-06
 2451   -5.057678E-06
 2452   -5.053554E-06
 2453   -5.049434E-06
 2454   -5.045320E-06
 2455   -5.041210E-06
 2456   -4.907334E-06
 2457   -4.903340E-06
 2458   -4.899351E-06
 2459   -4.895367E-06
 2460   -4.891388E-06
 2461   -4.850949E-06
 2462   -4.847010E-06
 2463   -4.843075E-06
 2464   -4.839144E-06
 2465   -4.835219E-06
 2466   -4.796286E-06
 2467   -4.792399E-06
 2468   -4.788516E-06
 2469   -4.784638E-06
 2470   -4.780764E-06
 2471   -4.745955E-06
 2472   -4.742116E-06
 2473   -4.738282E-06
 2474   -4.734452E-06
 2475   -4.730627E-06
 2476   -4.846090E-06
 2477   -4.842178E-06
 2478   -4.838270E-06
 2479   -4.834368E-06
 2480   -4.830470E-06
 2481   -4.783975E-06
 2482   -4.780121E-06
 2483   -4.776271E-06
 2484   -4.772426E-06
 2485   -4.768586E-06
 2486   -4.887204E-06
 2487   -4.883275E-06
 2488   -4.879350E-06
 2489   -4.875430E-06
 2490   -4.871515E-06
 2491   -4.787114E-06
 2492   -4.783273E-06
 2493   -4.779436E-06
 2494   -4.775604E-06
 2495   -4.771777E-06
 2496   -4.652617E-06
 2497   -4.648892E-06
 2498   -4.645170E-06
 2499   -4.641453E-06
 2500   -4.637741E-06
 2501   -4.489515E-06
 2502   -4.485927E-06
 2503   -4.482343E-06
 2504   -4.478764E-06
 2505   -4.475189E-06
 2506   -4.278854E-06
 2507   -4.275441E-06
 2508   -4.272032E-06
 2509   -4.268628E-06
 2510   -4.265227E-06
 2511   -4.364339E-06
 2512   -4.360865E-06
 2513   -4.357395E-06
 2514   -4.353929E-06
 2515   -4.350467E-06
 2516   -4.269678E-06
 2517   -4.266286E-06
 2518   -4.262898E-06
 2519   -4.259514E-06
 2520   -4.256134E-06
 2521   -4.321357E-06
 2522   -4.317931E-06
 2523   -4.314509E-06
 2524   -4.311091E-06
 2525   -4.307677E-06
 2526   -4.309958E-06
 2527   -4.306548E-06
 2528   -4.303141E-06
 2529   -4.299739E-06
 2530   -4.296341E-06
 2531   -4.335133E-06
 2532   -4.331709E-06
 2533   -4.328290E-06
 2534   -4.324874E-06
 2535   -4.321463E-06
 2536   -4.392581E-06
 2537   -4.389119E-06
 2538   -4.385661E-06
 2539   -4.382207E-06
 2540   -4.378757E-06
 2541   -4.302071E-06
 2542   -4.298687E-06
 2543   -4.295307E-06
 2544   -4.291931E-06
 2545   -4.288558E-06
 2546   -4.236729E-06
 2547   -4.233403E-06
 2548   -4.230081E-06
 2549   -4.226763E-06
 2550   -4.223448E-06
 2551   -3.991449E-06
 2552   -3.988322E-06
 2553   -3.985198E-06
 2554   -3.982078E-06
 2555   -3.978961E-06
 2556   -3.945803E-06
 2557   -3.942717E-06
 2558   -3.939635E-06
 2559   -3.936557E-06
 2560   -3.933482E-06
 2561   -3.890392E-06
 2562   -3.887356E-06
 2563   -3.884323E-06
 2564   -3.881294E-06
 2565   -3.878268E-06
 2566   -3.854907E-06
 2567   -3.851905E-06
 2568   -3.848905E-06
 2569   -3.845909E-06
 2570   -3.842917E-06
 2571   -3.937906E-06
 2572   -3.934844E-06
 2573   -3.931786E-06
 2574   -3.928732E-06
 2575   -3.925681E-06
 2576   -3.847401E-06
 2577   -3.844416E-06
 2578   -3.841434E-06
 2579   -3.838455E-06
 2580   -3.835480E-06
 2581   -3.926630E-06
 2582   -3.923589E-06
 2583   -3.920552E-06
 2584   -3.917518E-06
 2585   -3.914488E-06
 2586   -3.898758E-06
 2587   -3.895745E-06
 2588   -3.892735E-06
 2589   -3.889728E-06
 2590   -3.886725E-06
 2591   -3.834880E-06
 2592   -3.831922E-06
 2593   -3.828967E-06
 2594   -3.826015E-06
 2595   -3.823067E-06
 2596   -3.748871E-06
 2597   -3.745984E-06
 2598   -3.743101E-06
 2599   -3.740221E-06
 2600   -3.737345E-06
 2601   -3.526699E-06
 2602   -3.523989E-06
 2603   -3.521281E-06
 2604   -3.518577E-06
 2605   -3.515877E-06
 2606   -3.512672E-06
 2607   -3.509978E-06
 2608   -3.507287E-06
 2609   -3.504599E-06
 2610   -3.501914E-06
 2611   -3.395024E-06
 2612   -3.392425E-06
 2613   -3.389829E-06
 2614   -3.387236E-06
 2615   -3.384646E-06
 2616   -3.440345E-06
 2617   -3.437717E-06
 2618   -3.435091E-06
 2619   -3.432468E-06
 2620   -3.429849E-06
 2621   -3.357053E-06
 2622   -3.354493E-06
 2623   -3.351936E-06
 2624   -3.349382E-06
 2625   -3.346830E-06
 2626   -3.391806E-06
 2627   -3.389224E-06
 2628   -3.386646E-06
 2629   -3.384070E-06
 2630   -3.381497E-06
 2631   -3.452496E-06
 2632   -3.449873E-06
 2633   -3.447253E-06
 2634   -3.444636E-06
 2635   -3.442022E-06
 2636   -3.363884E-06
 2637   -3.361333E-06
 2638   -3.358785E-06
 2639   -3.356240E-06
 2640   -3.353698E-06
 2641   -3.303123E-06
 2642   -3.300623E-06
 2643   -3.298126E-06
 2644   -3.295632E-06
 2645   -3.293140E-06
 2646   -3.165364E-06
 2647   -3.162973E-06
 2648   -3.160584E-06
 2649   -3.158198E-06
 2650   -3.155815E-06
 2651   -2.985719E-06
 2652   -2.983467E-06
 2653   -2.981219E-06
 2654   -2.978972E-06
 2655   -2.976729E-06
 2656   -2.928274E-06
 2657   -2.926071E-06
 2658   -2.923869E-06
 2659   -2.921671E-06
 2660   -2.919474E-06
 2661   -2.753018E-06
 2662   -2.750950E-06
 2663   -2.748884E-06
 2664   -2.746821E-06
 2665   -2.744760E-06
 2666   -2.803707E-06
 2667   -2.801605E-06
 2668   -2.799505E-06
 2669   -2.797408E-06
 2670   -2.795313E-06
 2671   -2.755349E-06
 2672   -2.753287E-06
 2673   -2.751227E-06
 2674   -2.749169E-06
 2675   -2.747114E-06
 2676   -2.715908E-06
 2677   -2.713879E-06
 2678   -2.711853E-06
 2679   -2.709829E-06
 2680   -2.707807E-06
 2681   -2.775090E-06
 2682   -2.773021E-06
 2683   -2.770955E-06
 2684   -2.768890E-06
 2685   -2.766828E-06
 2686   -2.710768E-06
 2687   -2.708751E-06
 2688   -2.706736E-06
 2689   -2.704723E-06
 2690   -2.702713E-06
 2691   -2.709586E-06
 2692   -2.707574E-06
 2693   -2.705563E-06
 2694   -2.703555E-06
 2695   -2.701549E-06
 2696   -2.528667E-06
 2697   -2.526792E-06
 2698   -2.524920E-06
 2699   -2.523049E-06
 2700   -2.521180E-06
 2701   -2.453534E-06
 2702   -2.451718E-06
 2703   -2.449904E-06
 2704   -2.448092E-06
 2705   -2.446283E-06
 2706   -2.370938E-06
 2707   -2.369186E-06
 2708   -2.367437E-06
 2709   -2.365689E-06
 2710   -2.363944E-06
 2711   -2.305697E-06
 2712   -2.303997E-06
 2713   -2.302298E-06
 2714   -2.300602E-06
 2715   -2.298908E-06
 2716   -2.325728E-06
 2717   -2.324016E-06
 2718   -2.322306E-06
 2719   -2.320598E-06
 2720   -2.318892E-06
 2721   -2.228496E-06
 2722   -2.226859E-06
 2723   -2.225223E-06
 2724   -2.223590E-06
 2725   -2.221958E-06
 2726   -2.274610E-06
 2727   -2.272942E-06
 2728   -2.271276E-06
 2729   -2.269611E-06
 2730   -2.267949E-06
 2731   -2.268890E-06
 2732   -2.267229E-06
 2733   -2.265570E-06
 2734   -2.263913E-06
 2735   -2.262258E-06
 2736   -2.195092E-06
 2737   -2.193488E-06
 2738   -2.191886E-06
 2739   -2.190286E-06
 2740   -2.188687E-06
 2741   -2.194238E-06
 2742   -2.192637E-06
 2743   -2.191039E-06
 2744   -2.189442E-06
 2745   -2.187847E-06
 2746   -2.037506E-06
 2747   -2.036023E-06
 2748   -2.034541E-06
 2749   -2.033061E-06
 2750   -2.031583E-06
 2751   -1.952446E-06
 2752   -1.951027E-06
 2753   -1.949610E-06
 2754   -1.948195E-06
 2755   -1.946781E-06
 2756   -1.850428E-06
 2757   -1.849085E-06
 2758   -1.847745E-06
 2759   -1.846406E-06
 2760   -1.845068E-06
 2761   -1.778419E-06
 2762   -1.777131E-06
 2763   -1.775845E-06
 2764   -1.774560E-06
 2765   -1.773277E-06
 2766   -1.758077E-06
 2767   -1.756807E-06
 2768   -1.755538E-06
 2769   -1.754270E-06
 2770   -1.753004E-06
 2771   -1.692864E-06
 2772   -1.691643E-06
 2773   -1.690423E-06
 2774   -1.689204E-06
 2775   -1.687987E-06
 2776   -1.735489E-06
 2777   -1.734240E-06
 2778   -1.732991E-06
 2779   -1.731745E-06
 2780   -1.730499E-06
 2781   -1.676119E-06
 2782   -1.674915E-06
 2783   -1.673711E-06
 2784   -1.672509E-06
 2785   -1.671308E-06
 2786   -1.674820E-06
 2787   -1.673618E-06
 2788   -1.672418E-06
 2789   -1.671219E-06
 2790   -1.670021E-06
 2791   -1.628773E-06
 2792   -1.627607E-06
 2793   -1.626442E-06
 2794   -1.625278E-06
 2795   -1.624115E-06
 2796   -1.540188E-06
 2797   -1.539087E-06
 2798   -1.537987E-06
 2799   -1.536888E-06
 2800   -1.535791E-06
 2801   -1.462837E-06
 2802   -1.461793E-06
 2803   -1.460750E-06
 2804   -1.459709E-06
 2805   -1.458668E-06
 2806   -1.362523E-06
 2807   -1.361552E-06
 2808   -1.360583E-06
 2809   -1.359614E-06
 2810   -1.358647E-06
 2811   -1.330083E-06
 2812   -1.329138E-06
 2813   -1.328193E-06
 2814   -1.327249E-06
 2815   -1.326306E-06
 2816   -1.321320E-06
 2817   -1.320382E-06
 2818   -1.319445E-06
 2819   -1.318509E-06
 2820   -1.317574E-06
 2821   -1.299440E-06
 2822   -1.298519E-06
 2823   -1.297600E-06
 2824   -1.296681E-06
 2825   -1.295763E-06
 2826   -1.292242E-06
 2827   -1.291328E-06
 2828   -1.290415E-06
 2829   -1.289503E-06
 2830   -1.288591E-06
 2831   -1.272031E-06
 2832   -1.271132E-06
 2833   -1.270235E-06
 2834   -1.269339E-06
 2835   -1.268444E-06
 2836   -1.261800E-06
 2837   -1.260910E-06
 2838   -1.260022E-06
 2839   -1.259134E-06
 2840   -1.258248E-06
 2841   -1.207375E-06
 2842   -1.206525E-06
 2843   -1.205677E-06
 2844   -1.204829E-06
 2845   -1.203982E-06
 2846   -1.136121E-06
 2847   -1.135323E-06
 2848   -1.134526E-06
 2849   -1.133729E-06
 2850   -1.132934E-06
 2851   -1.051977E-06
 2852   -1.051239E-06
 2853   -1.050502E-06
 2854   -1.049766E-06
 2855   -1.049031E-06
 2856   -9.811122E-07
 2857   -9.804255E-07
 2858   -9.797395E-07
 2859   -9.790543E-07
 2860   -9.783697E-07
 2861   -9.427116E-07
 2862   -9.420529E-07
 2863   -9.413950E-07
 2864   -9.407377E-07
 2865   -9.400811E-07
 2866   -9.104084E-07
 2867   -9.097735E-07
 2868   -9.091391E-07
 2869   -9.085055E-07
 2870   -9.078725E-07
 2871   -8.934489E-07
 2872   -8.928269E-07
 2873   -8.922054E-07
 2874   -8.915847E-07
 2875   -8.909645E-07
 2876   -8.705455E-07
 2877   -8.699405E-07
 2878   -8.693360E-07
 2879   -8.687322E-07
 2880   -8.681290E-07
 2881   -8.654089E-07
 2882   -8.648084E-07
 2883   -8.642086E-07
 2884   -8.636094E-07
 2885   -8.630108E-07
 2886   -8.492965E-07
 2887   -8.487082E-07
 2888   -8.481206E-07
 2889   -8.475336E-07
 2890   -8.469471E-07
 2891   -8.217600E-07
 2892   -8.211918E-07
 2893   -8.206242E-07
 2894   -8.200572E-07
 2895   -8.194907E-07
 2896   -7.828773E-07
 2897   -7.823369E-07
 2898   -7.817971E-07
 2899   -7.812578E-07
 2900   -7.807191E-07
 2901   -7.158374E-07
 2902   -7.153441E-07
 2903   -7.148514E-07
 2904   -7.143591E-07
 2905   -7.138674E-07
 2906   -6.738913E-07
 2907   -6.734278E-07
 2908   -6.729647E-07
 2909   -6.725021E-07
 2910   -6.720400E-07
 2911   -6.279096E-07
 2912   -6.274784E-07
 2913   -6.270476E-07
 2914   -6.266173E-07
 2915   -6.261875E-07
 2916   -6.119536E-07
 2917   -6.115341E-07
 2918   -6.111150E-07
 2919   -6.106964E-07
 2920   -6.102782E-07
 2921   -6.148333E-07
 2922   -6.144125E-07
 2923   -6.139922E-07
 2924   -6.135723E-07
 2925   -6.131529E-07
 2926   -5.928072E-07
 2927   -5.924022E-07
 2928   -5.919977E-07
 2929   -5.915935E-07
 2930   -5.911897E-07
 2931   -5.968024E-07
 2932   -5.963954E-07
 2933   -5.959888E-07
 2934   -5.955826E-07
 2935   -5.951768E-07
 2936   -5.759988E-07
 2937   -5.756067E-07
 2938   -5.752149E-07
 2939   -5.748235E-07
 2940   -5.744326E-07
 2941   -5.466186E-07
 2942   -5.462471E-07
 2943   -5.458759E-07
 2944   -5.455052E-07
 2945   -5.451348E-07
 2946   -5.183511E-07
 2947   -5.179993E-07
 2948   -5.176480E-07
 2949   -5.172970E-07
 2950   -5.169463E-07
 2951   -4.577176E-07
 2952   -4.574076E-07
 2953   -4.570978E-07
 2954   -4.567884E-07
 2955   -4.564793E-07
 2956   -4.278444E-07
 2957   -4.275551E-07
 2958   -4.272660E-07
 2959   -4.269773E-07
 2960   -4.266888E-07
 2961   -3.990850E-07
 2962   -3.988156E-07
 2963   -3.985465E-07
 2964   -3.982776E-07
 2965   -3.980090E-07
 2966   -3.856916E-07
 2967   -3.854316E-07
 2968   -3.851719E-07
 2969   -3.849125E-07
 2970   -3.846534E-07
 2971   -3.804988E-07
 2972   -3.802428E-07
 2973   -3.799870E-07
 2974   -3.797315E-07
 2975   -3.794763E-07
 2976   -3.629543E-07
 2977   -3.627105E-07
 2978   -3.624669E-07
 2979   -3.622236E-07
 2980   -3.619806E-07
 2981   -3.685603E-07
 2982   -3.683132E-07
 2983   -3.680663E-07
 2984   -3.678196E-07
 2985   -3.675732E-07
 2986   -3.532000E-07
 2987   -3.529636E-07
 2988   -3.527273E-07
 2989   -3.524914E-07
 2990   -3.522556E-07
 2991   -3.433264E-07
 2992   -3.430970E-07
 2993   -3.428677E-07
 2994   -3.426387E-07
 2995   -3.424100E-07
 2996   -3.179767E-07
 2997   -3.177645E-07
 2998   -3.175525E-07
 2999   -3.173408E-07
 3000   -3.171293E-07
 3001   -2.883767E-07
 3002   -2.881846E-07
 3003   -2.879927E-07
 3004   -2.878010E-07
 3005   -2.876095E-07
 3006   -2.727644E-07
 3007   -2.725830E-07
 3008   -2.724018E-07
 3009   -2.722208E-07
 3010   -2.720399E-07
 3011   -2.523050E-07
 3012   -2.521375E-07
 3013   -2.519701E-07
 3014   -2.518029E-07
 3015   -2.516359E-07
 3016   -2.431805E-07
 3017   -2.430193E-07
 3018   -2.428583E-07
 3019   -2.426974E-07
 3020   -2.425367E-07
 3021   -2.382095E-07
 3022   -2.380519E-07
 3023   -2.378944E-07
 3024   -2.377371E-07
 3025   -2.375800E-07
 3026   -2.307001E-07
 3027   -2.305477E-07
 3028   -2.303954E-07
 3029   -2.302433E-07
 3030   -2.300914E-07
 3031   -2.353643E-07
 3032   -2.352091E-07
 3033   -2.350540E-07
 3034   -2.348991E-07
 3035   -2.347443E-07
 3036   -2.263252E-07
 3037   -2.261761E-07
 3038   -2.260273E-07
 3039   -2.258785E-07
 3040   -2.257299E-07
 3041   -2.187312E-07
 3042   -2.185874E-07
 3043   -2.184438E-07
 3044   -2.183003E-07
 3045   -2.181569E-07
 3046   -2.013426E-07
 3047   -2.012105E-07
 3048   -2.010785E-07
 3049   -2.009466E-07
 3050   -2.008148E-07
 3051   -1.848998E-07
 3052   -1.847787E-07
 3053   -1.846576E-07
 3054   -1.845367E-07
 3055   -1.844159E-07
 3056   -1.702123E-07
 3057   -1.701010E-07
 3058   -1.699897E-07
 3059   -1.698786E-07
 3060   -1.697676E-07
 3061   -1.557907E-07
 3062   -1.556890E-07
 3063   -1.555873E-07
 3064   -1.554858E-07
 3065   -1.553844E-07
 3066   -1.519546E-07
 3067   -1.518555E-07
 3068   -1.517565E-07
 3069   -1.516576E-07
 3070   -1.515588E-07
 3071   -1.463643E-07
 3072   -1.462690E-07
 3073   -1.461738E-07
 3074   -1.460787E-07
 3075   -1.459837E-07
 3076   -1.438767E-07
 3077   -1.437832E-07
 3078   -1.436898E-07
 3079   -1.435965E-07
 3080   -1.435033E-07
 3081   -1.348849E-07
 3082   -1.347974E-07
 3083   -1.347100E-07
 3084   -1.346226E-07
 3085   -1.345354E-07
 3086   -1.248120E-07
 3087   -1.247311E-07
 3088   -1.246503E-07
 3089   -1.245696E-07
 3090   -1.244890E-07
 3091   -1.095080E-07
 3092   -1.094372E-07
 3093   -1.093664E-07
 3094   -1.092957E-07
 3095   -1.092251E-07
 3096   -8.437354E-08
 3097   -8.431906E-08
 3098   -8.426464E-08
 3099   -8.421026E-08
 3100   -8.415594E-08
 3101   -5.878603E-08
 3102   -5.874813E-08
 3103   -5.871027E-08
 3104   -5.867245E-08
 3105   -5.863467E-08
 3106   -3.415381E-08
 3107   -3.413183E-08
 3108   -3.410987E-08
 3109   -3.408793E-08
 3110   -3.406601E-08
 3111   -1.852330E-08
 3112   -1.851140E-08
 3113   -1.849951E-08
 3114   -1.848763E-08
 3115   -1.847576E-08
 3116   -8.350723E-09
 3117   -8.345366E-09
 3118   -8.340013E-09
 3119   -8.334666E-09
 3120   -8.329324E-09
 3121   -2.789674E-09
 3122   -2.787887E-09
 3123   -2.786102E-09
 3124   -2.784319E-09
 3125   -2.782537E-09
 3126    2.278552E-10
 3127    2.277095E-10
 3128    2.275639E-10
 3129    2.274185E-10
 3130    2.272732E-10
 3131    1.906062E-09
 3132    1.904845E-09
 3133    1.903629E-09
 3134    1.902415E-09
 3135    1.901201E-09
 3136    3.076984E-09
 3137    3.075023E-09
 3138    3.073063E-09
 3139    3.071106E-09
 3140    3.069150E-09
 3141    3.902334E-09
 3142    3.899850E-09
 3143    3.897369E-09
 3144    3.894890E-09
 3145    3.892413E-09
 3146    4.614494E-09
 3147    4.611562E-09
 3148    4.608633E-09
 3149    4.605706E-09
 3150    4.602783E-09
 3151    5.300147E-09
 3152    5.296785E-09
 3153    5.293426E-09
 3154    5.290069E-09
 3155    5.286717E-09
 3156    5.589560E-09
 3157    5.586020E-09
 3158    5.582483E-09
 3159    5.578949E-09
 3160    5.575418E-09
 3161    5.881914E-09
 3162    5.878194E-09
 3163    5.874478E-09
 3164    5.870765E-09
 3165    5.867056E-09
 3166    6.025139E-09
 3167    6.021334E-09
 3168    6.017534E-09
 3169    6.013737E-09
 3170    6.009943E-09
 3171    6.310384E-09
 3172    6.306406E-09
 3173    6.302431E-09
 3174    6.298461E-09
 3175    6.294494E-09
 3176    6.609395E-09
 3177    6.605235E-09
 3178    6.601078E-09
 3179    6.596926E-09
 3180    6.592778E-09
 3181    6.701828E-09
 3182    6.697616E-09
 3183    6.693409E-09
 3184    6.689205E-09
 3185    6.685005E-09
 3186    7.128414E-09
 3187    7.123942E-09
 3188    7.119473E-09
 3189    7.115009E-09
 3190    7.110549E-09
 3191    7.167990E-09
 3192    7.163500E-09
 3193    7.159013E-09
 3194    7.154531E-09
 3195    7.150054E-09
 3196    7.615543E-09
 3197    7.610779E-09
 3198    7.606020E-09
 3199    7.601266E-09
 3200    7.596516E-09
 3201    7.758696E-09
 3202    7.753850E-09
 3203    7.749009E-09
 3204    7.744173E-09
 3205    7.739341E-09
 3206    7.837576E-09
 3207    7.832689E-09
 3208    7.827807E-09
 3209    7.822929E-09
 3210    7.818056E-09
 3211    8.209091E-09
 3212    8.203981E-09
 3213    8.198875E-09
 3214    8.193774E-09
 3215    8.188677E-09
 3216    8.295555E-09
 3217    8.290398E-09
 3218    8.285247E-09
 3219    8.280100E-09
 3220    8.274957E-09
 3221    8.675303E-09
 3222    8.669919E-09
 3223    8.664539E-09
 3224    8.659165E-09
 3225    8.653796E-09
 3226    8.928848E-09
 3227    8.923315E-09
 3228    8.917787E-09
 3229    8.912264E-09
 3230    8.906747E-09
 3231    8.896356E-09
 3232    8.890852E-09
 3233    8.885353E-09
 3234    8.879859E-09
 3235    8.874370E-09
 3236    9.426273E-09
 3237    9.420450E-09
 3238    9.414633E-09
 3239    9.408820E-09
 3240    9.403013E-09
 3241    9.310164E-09
 3242    9.304422E-09
 3243    9.298684E-09
 3244    9.292952E-09
 3245    9.287226E-09
 3246    9.812912E-09
 3247    9.806868E-09
 3248    9.800831E-09
 3249    9.794798E-09
 3250    9.788772E-09
 3251    9.969200E-09
 3252    9.963070E-09
 3253    9.956946E-09
 3254    9.950827E-09
 3255    9.944713E-09
 3256    1.015748E-08
 3257    1.015124E-08
 3258    1.014501E-08
 3259    1.013878E-08
 3260    1.013256E-08
 3261    1.070506E-08
 3262    1.069850E-08
 3263    1.069194E-08
 3264    1.068539E-08
 3265    1.067885E-08
 3266    1.054215E-08
 3267    1.053570E-08
 3268    1.052925E-08
 3269    1.052281E-08
 3270    1.051637E-08
 3271    1.111461E-08
 3272    1.110782E-08
 3273    1.110103E-08
 3274    1.109425E-08
 3275    1.108748E-08
 3276    1.111959E-08
 3277    1.111280E-08
 3278    1.110602E-08
 3279    1.109925E-08
 3280    1.109248E-08
 3281    1.140532E-08
 3282    1.139837E-08
 3283    1.139143E-08
 3284    1.138449E-08
 3285    1.137756E-08
 3286    1.168371E-08
 3287    1.167660E-08
 3288    1.166950E-08
 3289    1.166241E-08
 3290    1.165532E-08
 3291    1.154836E-08
 3292    1.154134E-08
 3293    1.153434E-08
 3294    1.152733E-08
 3295    1.152034E-08
 3296    1.218792E-08
 3297    1.218053E-08
 3298    1.217314E-08
 3299    1.216576E-08
 3300    1.215839E-08
