   50    1.662893E-12
   51    1.222964E-12
   52    1.176383E-12
   53    1.132414E-12
   54    1.090865E-12
   55    1.051561E-12
   56    5.520240E-13
   57    5.328261E-13
   58    5.146125E-13
   59    4.973171E-13
   60    4.808791E-13
   61    2.792483E-13
   62    2.703135E-13
   63    2.618008E-13
   64    2.536839E-13
   65    2.459387E-13
   66    7.088401E-13
   67    6.878397E-13
   68    6.677590E-13
   69    6.485449E-13
   70    6.301483E-13
   71    5.076197E-13
   72    4.936177E-13
   73    4.801872E-13
   74    4.672974E-13
   75    4.549197E-13
   76    7.445874E-13
   77    7.253739E-13
   78    7.068945E-13
   79    6.891124E-13
   80    6.719930E-13
   81    1.082323E-12
   82    1.056087E-12
   83    1.030793E-12
   84    1.006397E-12
   85    9.828576E-13
   86    8.241850E-13
   87    8.053478E-13
   88    7.871490E-13
   89    7.695602E-13
   90    7.525543E-13
   91    8.467374E-13
   92    8.284306E-13
   93    8.107112E-13
   94    7.935543E-13
   95    7.769363E-13
   96    5.802781E-13
   97    5.683755E-13
   98    5.568355E-13
   99    5.456434E-13
  100    5.347854E-13
  101    2.181487E-13
  102    2.138924E-13
  103    2.097594E-13
  104    2.057450E-13
  105    2.018448E-13
  106    1.618833E-13
  107    1.588716E-13
  108    1.559433E-13
  109    1.530951E-13
  110    1.503243E-13
  111    3.863226E-13
  112    3.794549E-13
  113    3.727688E-13
  114    3.662578E-13
  115    3.599159E-13
  116    5.422981E-13
  117    5.330678E-13
  118    5.240712E-13
  119    5.153005E-13
  120    5.067481E-13
  121    9.482163E-13
  122    9.327357E-13
  123    9.176312E-13
  124    9.028906E-13
  125    8.885023E-13
  126    1.236059E-12
  127    1.216670E-12
  128    1.197734E-12
  129    1.179237E-12
  130    1.161165E-12
  131    1.095274E-12
  132    1.078742E-12
  133    1.062582E-12
  134    1.046782E-12
  135    1.031331E-12
  136    8.002535E-13
  137    7.886138E-13
  138    7.772261E-13
  139    7.660834E-13
  140    7.551786E-13
  141    4.516058E-13
  142    4.452677E-13
  143    4.390620E-13
  144    4.329852E-13
  145    4.270336E-13
  146    4.040903E-13
  147    3.986112E-13
  148    3.932428E-13
  149    3.879822E-13
  150    3.828264E-13
  151    6.500750E-13
  152    6.415496E-13
  153    6.331908E-13
  154    6.249943E-13
  155    6.169560E-13
  156    6.992972E-13
  157    6.904175E-13
  158    6.817057E-13
  159    6.731579E-13
  160    6.647698E-13
  161    1.687753E-12
  162    1.666981E-12
  163    1.646590E-12
  164    1.626571E-12
  165    1.606915E-12
  166    1.423148E-12
  167    1.406155E-12
  168    1.389465E-12
  169    1.373071E-12
  170    1.356965E-12
  171    1.677854E-12
  172    1.658401E-12
  173    1.639285E-12
  174    1.620497E-12
  175    1.602030E-12
  176    2.287279E-12
  177    2.261507E-12
  178    2.236169E-12
  179    2.211253E-12
  180    2.186752E-12
  181    1.323148E-12
  182    1.308648E-12
  183    1.294385E-12
  184    1.280354E-12
  185    1.266549E-12
  186    1.491119E-12
  187    1.475214E-12
  188    1.459562E-12
  189    1.444158E-12
  190    1.428997E-12
  191    1.255300E-12
  192    1.242258E-12
  193    1.229419E-12
  194    1.216777E-12
  195    1.204329E-12
  196    1.353704E-12
  197    1.339996E-12
  198    1.326494E-12
  199    1.313196E-12
  200    1.300097E-12
  201    1.297082E-12
  202    1.284271E-12
  203    1.271650E-12
  204    1.259213E-12
  205    1.246958E-12
  206    5.707804E-13
  207    5.652789E-13
  208    5.598566E-13
  209    5.545120E-13
  210    5.492435E-13
  211    6.263178E-14
  212    6.204231E-14
  213    6.146113E-14
  214    6.088807E-14
  215    6.032299E-14
  216    0.000000E+00
  217    0.000000E+00
  218    0.000000E+00
  219    0.000000E+00
  220    0.000000E+00
  221    0.000000E+00
  222    0.000000E+00
  223    0.000000E+00
  224    0.000000E+00
  225    0.000000E+00
  226    3.056497E-14
  227    3.029627E-14
  228    3.003110E-14
  229    2.976939E-14
  230    2.951109E-14
  231    0.000000E+00
  232    0.000000E+00
  233    0.000000E+00
  234    0.000000E+00
  235    0.000000E+00
  236    0.000000E+00
  237    0.000000E+00
  238    0.000000E+00
  239    0.000000E+00
  240    0.000000E+00
  241    0.000000E+00
  242    0.000000E+00
  243    0.000000E+00
  244    0.000000E+00
  245    0.000000E+00
  246    1.232516E-12
  247    1.222556E-12
  248    1.212717E-12
  249    1.202996E-12
  250    1.193391E-12
  251    1.409824E-11
  252    1.398658E-11
  253    1.387623E-11
  254    1.376718E-11
  255    1.365942E-11
  256    2.190923E-11
  257    2.173906E-11
  258    2.157087E-11
  259    2.140462E-11
  260    2.124029E-11
  261    4.346448E-11
  262    4.313332E-11
  263    4.280594E-11
  264    4.248226E-11
  265    4.216225E-11
  266    3.804863E-11
  267    3.776415E-11
  268    3.748286E-11
  269    3.720469E-11
  270    3.692961E-11
  271    7.890742E-11
  272    7.832829E-11
  273    7.775551E-11
  274    7.718899E-11
  275    7.662864E-11
  276    1.665506E-10
  277    1.653503E-10
  278    1.641628E-10
  279    1.629882E-10
  280    1.618260E-10
  281    7.420999E-10
  282    7.368461E-10
  283    7.316479E-10
  284    7.265046E-10
  285    7.214153E-10
  286    1.328324E-09
  287    1.319083E-09
  288    1.309939E-09
  289    1.300889E-09
  290    1.291933E-09
  291    2.169634E-09
  292    2.154799E-09
  293    2.140116E-09
  294    2.125582E-09
  295    2.111196E-09
  296    3.137956E-09
  297    3.116860E-09
  298    3.095977E-09
  299    3.075303E-09
  300    3.054835E-09
  301    3.739145E-09
  302    3.714424E-09
  303    3.689947E-09
  304    3.665711E-09
  305    3.641713E-09
  306    5.806689E-09
  307    5.768922E-09
  308    5.731522E-09
  309    5.694485E-09
  310    5.657806E-09
  311    5.742956E-09
  312    5.706201E-09
  313    5.669798E-09
  314    5.633743E-09
  315    5.598030E-09
  316    7.589800E-09
  317    7.541990E-09
  318    7.494631E-09
  319    7.447716E-09
  320    7.401241E-09
  321    9.234483E-09
  322    9.177215E-09
  323    9.120479E-09
  324    9.064266E-09
  325    9.008572E-09
  326    8.866730E-09
  327    8.812582E-09
  328    8.758929E-09
  329    8.705764E-09
  330    8.653082E-09
  331    1.182358E-08
  332    1.175246E-08
  333    1.168198E-08
  334    1.161213E-08
  335    1.154291E-08
  336    1.104983E-08
  337    1.098435E-08
  338    1.091945E-08
  339    1.085513E-08
  340    1.079137E-08
  341    1.476038E-08
  342    1.467419E-08
  343    1.458875E-08
  344    1.450405E-08
  345    1.442010E-08
  346    1.544239E-08
  347    1.535351E-08
  348    1.526540E-08
  349    1.517804E-08
  350    1.509144E-08
  351    1.529947E-08
  352    1.521267E-08
  353    1.512660E-08
  354    1.504126E-08
  355    1.495664E-08
  356    1.931737E-08
  357    1.920931E-08
  358    1.910214E-08
  359    1.899587E-08
  360    1.889048E-08
  361    1.816283E-08
  362    1.806262E-08
  363    1.796324E-08
  364    1.786468E-08
  365    1.776692E-08
  366    2.145566E-08
  367    2.133889E-08
  368    2.122308E-08
  369    2.110820E-08
  370    2.099426E-08
  371    2.112809E-08
  372    2.101465E-08
  373    2.090212E-08
  374    2.079049E-08
  375    2.067976E-08
  376    2.346540E-08
  377    2.334108E-08
  378    2.321775E-08
  379    2.309539E-08
  380    2.297399E-08
  381    2.622514E-08
  382    2.608802E-08
  383    2.595197E-08
  384    2.581698E-08
  385    2.568304E-08
  386    2.443043E-08
  387    2.430434E-08
  388    2.417922E-08
  389    2.405506E-08
  390    2.393186E-08
  391    2.885733E-08
  392    2.871029E-08
  393    2.856437E-08
  394    2.841956E-08
  395    2.827584E-08
  396    2.739480E-08
  397    2.725696E-08
  398    2.712016E-08
  399    2.698439E-08
  400    2.684964E-08
  401    3.132934E-08
  402    3.117367E-08
  403    3.101915E-08
  404    3.086578E-08
  405    3.071355E-08
  406    3.225296E-08
  407    3.209467E-08
  408    3.193753E-08
  409    3.178155E-08
  410    3.162671E-08
  411    3.211747E-08
  412    3.196175E-08
  413    3.180716E-08
  414    3.165368E-08
  415    3.150132E-08
  416    3.411333E-08
  417    3.394991E-08
  418    3.378767E-08
  419    3.362658E-08
  420    3.346665E-08
  421    3.545148E-08
  422    3.528366E-08
  423    3.511703E-08
  424    3.495158E-08
  425    3.478730E-08
  426    3.823580E-08
  427    3.805692E-08
  428    3.787929E-08
  429    3.770290E-08
  430    3.752774E-08
  431    4.020427E-08
  432    4.001836E-08
  433    3.983373E-08
  434    3.965037E-08
  435    3.946828E-08
  436    4.242139E-08
  437    4.222747E-08
  438    4.203487E-08
  439    4.184358E-08
  440    4.165360E-08
  441    4.159380E-08
  442    4.140580E-08
  443    4.121908E-08
  444    4.103362E-08
  445    4.084941E-08
  446    4.442317E-08
  447    4.422463E-08
  448    4.402742E-08
  449    4.383152E-08
  450    4.363693E-08
  451    4.599577E-08
  452    4.579247E-08
  453    4.559052E-08
  454    4.538990E-08
  455    4.519061E-08
  456    4.914651E-08
  457    4.893166E-08
  458    4.871822E-08
  459    4.850617E-08
  460    4.829550E-08
  461    5.010240E-08
  462    4.988575E-08
  463    4.967049E-08
  464    4.945662E-08
  465    4.924414E-08
  466    4.685080E-08
  467    4.665036E-08
  468    4.645122E-08
  469    4.625334E-08
  470    4.605673E-08
  471    5.497154E-08
  472    5.473886E-08
  473    5.450765E-08
  474    5.427790E-08
  475    5.404961E-08
  476    5.312258E-08
  477    5.290008E-08
  478    5.267897E-08
  479    5.245925E-08
  480    5.224089E-08
  481    5.899672E-08
  482    5.875217E-08
  483    5.850915E-08
  484    5.826762E-08
  485    5.802759E-08
  486    5.652005E-08
  487    5.628817E-08
  488    5.605772E-08
  489    5.582868E-08
  490    5.560104E-08
  491    5.482425E-08
  492    5.460161E-08
  493    5.438033E-08
  494    5.416039E-08
  495    5.394178E-08
  496    6.253088E-08
  497    6.227951E-08
  498    6.202964E-08
  499    6.178127E-08
  500    6.153439E-08
  501    5.805352E-08
  502    5.782246E-08
  503    5.759278E-08
  504    5.736447E-08
  505    5.713751E-08
  506    6.563195E-08
  507    6.537330E-08
  508    6.511618E-08
  509    6.486057E-08
  510    6.460647E-08
  511    6.458519E-08
  512    6.433315E-08
  513    6.408259E-08
  514    6.383348E-08
  515    6.358582E-08
  516    6.533538E-08
  517    6.508287E-08
  518    6.483183E-08
  519    6.458224E-08
  520    6.433409E-08
  521    7.131217E-08
  522    7.103920E-08
  523    7.076780E-08
  524    7.049795E-08
  525    7.022965E-08
  526    6.216386E-08
  527    6.192817E-08
  528    6.169382E-08
  529    6.146079E-08
  530    6.122908E-08
  531    7.363980E-08
  532    7.336322E-08
  533    7.308819E-08
  534    7.281471E-08
  535    7.254276E-08
  536    6.921655E-08
  537    6.895900E-08
  538    6.870289E-08
  539    6.844820E-08
  540    6.819492E-08
  541    7.545798E-08
  542    7.517980E-08
  543    7.490315E-08
  544    7.462802E-08
  545    7.435441E-08
  546    7.451979E-08
  547    7.424757E-08
  548    7.397684E-08
  549    7.370759E-08
  550    7.343980E-08
  551    6.972936E-08
  552    6.947695E-08
  553    6.922590E-08
  554    6.897621E-08
  555    6.872788E-08
  556    7.989622E-08
  557    7.960960E-08
  558    7.932451E-08
  559    7.904096E-08
  560    7.875892E-08
  561    7.271472E-08
  562    7.245617E-08
  563    7.219901E-08
  564    7.194321E-08
  565    7.168877E-08
  566    8.012248E-08
  567    7.984011E-08
  568    7.955923E-08
  569    7.927983E-08
  570    7.900190E-08
  571    7.524953E-08
  572    7.498665E-08
  573    7.472514E-08
  574    7.446501E-08
  575    7.420622E-08
  576    8.030258E-08
  577    8.002447E-08
  578    7.974781E-08
  579    7.947258E-08
  580    7.919878E-08
  581    8.039164E-08
  582    8.011562E-08
  583    7.984101E-08
  584    7.956782E-08
  585    7.929603E-08
  586    7.773363E-08
  587    7.746900E-08
  588    7.720573E-08
  589    7.694379E-08
  590    7.668319E-08
  591    8.412336E-08
  592    8.383940E-08
  593    8.355688E-08
  594    8.327578E-08
  595    8.299609E-08
  596    8.100230E-08
  597    8.073116E-08
  598    8.046138E-08
  599    8.019296E-08
  600    7.992587E-08
  601    8.502115E-08
  602    8.473893E-08
  603    8.445810E-08
  604    8.417867E-08
  605    8.390063E-08
  606    8.177359E-08
  607    8.150437E-08
  608    8.123649E-08
  609    8.096992E-08
  610    8.070466E-08
  611    7.859576E-08
  612    7.833912E-08
  613    7.808374E-08
  614    7.782960E-08
  615    7.757670E-08
  616    8.848798E-08
  617    8.820138E-08
  618    8.791617E-08
  619    8.763234E-08
  620    8.734989E-08
  621    8.179187E-08
  622    8.152908E-08
  623    8.126756E-08
  624    8.100730E-08
  625    8.074828E-08
  626    8.744034E-08
  627    8.716164E-08
  628    8.688428E-08
  629    8.660824E-08
  630    8.633351E-08
  631    8.188948E-08
  632    8.163054E-08
  633    8.137283E-08
  634    8.111633E-08
  635    8.086105E-08
  636    8.328820E-08
  637    8.302691E-08
  638    8.276684E-08
  639    8.250799E-08
  640    8.225036E-08
  641    8.818690E-08
  642    8.791239E-08
  643    8.763916E-08
  644    8.736720E-08
  645    8.709650E-08
  646    8.064130E-08
  647    8.039222E-08
  648    8.014428E-08
  649    7.989750E-08
  650    7.965185E-08
  651    8.786876E-08
  652    8.759943E-08
  653    8.733134E-08
  654    8.706447E-08
  655    8.679883E-08
  656    8.324667E-08
  657    8.299345E-08
  658    8.274138E-08
  659    8.249046E-08
  660    8.224068E-08
  661    8.439394E-08
  662    8.413917E-08
  663    8.388554E-08
  664    8.363307E-08
  665    8.338173E-08
  666    8.453816E-08
  667    8.428486E-08
  668    8.403270E-08
  669    8.378167E-08
  670    8.353176E-08
  671    7.864816E-08
  672    7.841426E-08
  673    7.818141E-08
  674    7.794959E-08
  675    7.771879E-08
  676    8.711195E-08
  677    8.685479E-08
  678    8.659877E-08
  679    8.634388E-08
  680    8.609012E-08
  681    7.989909E-08
  682    7.966496E-08
  683    7.943185E-08
  684    7.919976E-08
  685    7.896869E-08
  686    8.640731E-08
  687    8.615595E-08
  688    8.590568E-08
  689    8.565649E-08
  690    8.540839E-08
  691    8.299565E-08
  692    8.275595E-08
  693    8.251729E-08
  694    8.227966E-08
  695    8.204305E-08
  696    8.156294E-08
  697    8.132906E-08
  698    8.109620E-08
  699    8.086433E-08
  700    8.063345E-08
  701    8.640644E-08
  702    8.616044E-08
  703    8.591550E-08
  704    8.567159E-08
  705    8.542872E-08
  706    7.825875E-08
  707    7.803753E-08
  708    7.781724E-08
  709    7.759788E-08
  710    7.737945E-08
  711    8.522914E-08
  712    8.498990E-08
  713    8.475166E-08
  714    8.451443E-08
  715    8.427819E-08
  716    8.187491E-08
  717    8.164669E-08
  718    8.141942E-08
  719    8.119309E-08
  720    8.096772E-08
  721    8.556322E-08
  722    8.532636E-08
  723    8.509049E-08
  724    8.485560E-08
  725    8.462168E-08
  726    8.460487E-08
  727    8.437228E-08
  728    8.414065E-08
  729    8.390997E-08
  730    8.368024E-08
  731    8.055036E-08
  732    8.033043E-08
  733    8.011140E-08
  734    7.989326E-08
  735    7.967601E-08
  736    8.492552E-08
  737    8.469522E-08
  738    8.446585E-08
  739    8.423741E-08
  740    8.400989E-08
  741    8.316353E-08
  742    8.293952E-08
  743    8.271642E-08
  744    8.249421E-08
  745    8.227290E-08
  746    8.649439E-08
  747    8.626296E-08
  748    8.603247E-08
  749    8.580289E-08
  750    8.557424E-08
  751    8.711872E-08
  752    8.688718E-08
  753    8.665656E-08
  754    8.642685E-08
  755    8.619806E-08
  756    8.164417E-08
  757    8.142861E-08
  758    8.121390E-08
  759    8.100004E-08
  760    8.078702E-08
  761    9.379795E-08
  762    9.355192E-08
  763    9.330686E-08
  764    9.306276E-08
  765    9.281962E-08
  766    8.764590E-08
  767    8.741751E-08
  768    8.719001E-08
  769    8.696340E-08
  770    8.673766E-08
  771    9.052635E-08
  772    9.029198E-08
  773    9.005851E-08
  774    8.982595E-08
  775    8.959429E-08
  776    9.129701E-08
  777    9.106216E-08
  778    9.082822E-08
  779    9.059517E-08
  780    9.036303E-08
  781    9.484541E-08
  782    9.460299E-08
  783    9.436150E-08
  784    9.412094E-08
  785    9.388129E-08
  786    9.710024E-08
  787    9.685363E-08
  788    9.660797E-08
  789    9.636324E-08
  790    9.611943E-08
  791    9.701826E-08
  792    9.677341E-08
  793    9.652950E-08
  794    9.628651E-08
  795    9.604443E-08
  796    1.023861E-07
  797    1.021294E-07
  798    1.018736E-07
  799    1.016187E-07
  800    1.013648E-07
  801    1.016275E-07
  802    1.013743E-07
  803    1.011219E-07
  804    1.008705E-07
  805    1.006201E-07
  806    1.068962E-07
  807    1.066314E-07
  808    1.063676E-07
  809    1.061048E-07
  810    1.058430E-07
  811    1.082318E-07
  812    1.079654E-07
  813    1.076999E-07
  814    1.074355E-07
  815    1.071720E-07
  816    1.104236E-07
  817    1.101535E-07
  818    1.098843E-07
  819    1.096161E-07
  820    1.093489E-07
  821    1.168282E-07
  822    1.165441E-07
  823    1.162611E-07
  824    1.159790E-07
  825    1.156980E-07
  826    1.212081E-07
  827    1.209151E-07
  828    1.206232E-07
  829    1.203324E-07
  830    1.200426E-07
  831    1.286615E-07
  832    1.283524E-07
  833    1.280444E-07
  834    1.277376E-07
  835    1.274318E-07
  836    1.284492E-07
  837    1.281425E-07
  838    1.278369E-07
  839    1.275323E-07
  840    1.272288E-07
  841    1.322105E-07
  842    1.318967E-07
  843    1.315840E-07
  844    1.312723E-07
  845    1.309618E-07
  846    1.459004E-07
  847    1.455561E-07
  848    1.452130E-07
  849    1.448711E-07
  850    1.445305E-07
  851    1.428198E-07
  852    1.424847E-07
  853    1.421508E-07
  854    1.418181E-07
  855    1.414866E-07
  856    1.556883E-07
  857    1.553251E-07
  858    1.549633E-07
  859    1.546027E-07
  860    1.542434E-07
  861    1.552221E-07
  862    1.548622E-07
  863    1.545035E-07
  864    1.541460E-07
  865    1.537898E-07
  866    1.746558E-07
  867    1.742532E-07
  868    1.738519E-07
  869    1.734520E-07
  870    1.730535E-07
  871    1.825891E-07
  872    1.821706E-07
  873    1.817535E-07
  874    1.813378E-07
  875    1.809236E-07
  876    1.855714E-07
  877    1.851484E-07
  878    1.847269E-07
  879    1.843068E-07
  880    1.838882E-07
  881    2.023796E-07
  882    2.019209E-07
  883    2.014638E-07
  884    2.010083E-07
  885    2.005543E-07
  886    2.070470E-07
  887    2.065804E-07
  888    2.061154E-07
  889    2.056520E-07
  890    2.051901E-07
  891    2.239576E-07
  892    2.234557E-07
  893    2.229555E-07
  894    2.224570E-07
  895    2.219602E-07
  896    2.325398E-07
  897    2.320216E-07
  898    2.315051E-07
  899    2.309904E-07
  900    2.304773E-07
  901    2.406221E-07
  902    2.400889E-07
  903    2.395574E-07
  904    2.390277E-07
  905    2.384997E-07
  906    2.692654E-07
  907    2.686719E-07
  908    2.680805E-07
  909    2.674910E-07
  910    2.669034E-07
  911    2.705312E-07
  912    2.699383E-07
  913    2.693473E-07
  914    2.687582E-07
  915    2.681711E-07
  916    3.071038E-07
  917    3.064344E-07
  918    3.057672E-07
  919    3.051021E-07
  920    3.044392E-07
  921    3.060485E-07
  922    3.053850E-07
  923    3.047237E-07
  924    3.040644E-07
  925    3.034074E-07
  926    3.288142E-07
  927    3.281052E-07
  928    3.273984E-07
  929    3.266940E-07
  930    3.259918E-07
  931    3.654404E-07
  932    3.646566E-07
  933    3.638753E-07
  934    3.630965E-07
  935    3.623203E-07
  936    3.505043E-07
  937    3.497566E-07
  938    3.490112E-07
  939    3.482682E-07
  940    3.475276E-07
  941    3.914013E-07
  942    3.905707E-07
  943    3.897428E-07
  944    3.889175E-07
  945    3.880949E-07
  946    3.941211E-07
  947    3.932892E-07
  948    3.924599E-07
  949    3.916332E-07
  950    3.908091E-07
  951    4.199452E-07
  952    4.190634E-07
  953    4.181844E-07
  954    4.173082E-07
  955    4.164347E-07
  956    4.325424E-07
  957    4.316389E-07
  958    4.307383E-07
  959    4.298404E-07
  960    4.289454E-07
  961    4.339300E-07
  962    4.330283E-07
  963    4.321294E-07
  964    4.312334E-07
  965    4.303401E-07
  966    4.917002E-07
  967    4.906837E-07
  968    4.896705E-07
  969    4.886603E-07
  970    4.876533E-07
  971    4.749322E-07
  972    4.739554E-07
  973    4.729817E-07
  974    4.720110E-07
  975    4.710433E-07
  976    5.375551E-07
  977    5.364552E-07
  978    5.353587E-07
  979    5.342656E-07
  980    5.331758E-07
  981    5.496413E-07
  982    5.485224E-07
  983    5.474070E-07
  984    5.462949E-07
  985    5.451863E-07
  986    5.595909E-07
  987    5.584575E-07
  988    5.573276E-07
  989    5.562011E-07
  990    5.550780E-07
  991    6.115697E-07
  992    6.103373E-07
  993    6.091086E-07
  994    6.078837E-07
  995    6.066624E-07
  996    6.182025E-07
  997    6.169630E-07
  998    6.157272E-07
  999    6.144951E-07
 1000    6.132668E-07
 1001    6.617728E-07
 1002    6.604525E-07
 1003    6.591362E-07
 1004    6.578239E-07
 1005    6.565154E-07
 1006    6.766054E-07
 1007    6.752623E-07
 1008    6.739232E-07
 1009    6.725880E-07
 1010    6.712568E-07
 1011    7.096804E-07
 1012    7.082786E-07
 1013    7.068809E-07
 1014    7.054873E-07
 1015    7.040979E-07
 1016    8.016334E-07
 1017    8.000577E-07
 1018    7.984867E-07
 1019    7.969202E-07
 1020    7.953584E-07
 1021    7.849184E-07
 1022    7.833831E-07
 1023    7.818523E-07
 1024    7.803260E-07
 1025    7.788042E-07
 1026    8.400370E-07
 1027    8.384019E-07
 1028    8.367716E-07
 1029    8.351460E-07
 1030    8.335252E-07
 1031    8.712721E-07
 1032    8.695844E-07
 1033    8.679016E-07
 1034    8.662237E-07
 1035    8.645506E-07
 1036    9.085730E-07
 1037    9.068215E-07
 1038    9.050751E-07
 1039    9.033338E-07
 1040    9.015974E-07
 1041    9.733074E-07
 1042    9.714401E-07
 1043    9.695782E-07
 1044    9.677217E-07
 1045    9.658705E-07
 1046    9.755814E-07
 1047    9.737187E-07
 1048    9.718613E-07
 1049    9.700093E-07
 1050    9.681625E-07
 1051    1.021771E-06
 1052    1.019830E-06
 1053    1.017894E-06
 1054    1.015963E-06
 1055    1.014038E-06
 1056    1.037127E-06
 1057    1.035165E-06
 1058    1.033209E-06
 1059    1.031259E-06
 1060    1.029314E-06
 1061    1.088193E-06
 1062    1.086145E-06
 1063    1.084102E-06
 1064    1.082066E-06
 1065    1.080035E-06
 1066    1.150553E-06
 1067    1.148397E-06
 1068    1.146248E-06
 1069    1.144104E-06
 1070    1.141967E-06
 1071    1.196320E-06
 1072    1.194089E-06
 1073    1.191865E-06
 1074    1.189646E-06
 1075    1.187434E-06
 1076    1.193122E-06
 1077    1.190907E-06
 1078    1.188699E-06
 1079    1.186496E-06
 1080    1.184300E-06
 1081    1.306927E-06
 1082    1.304512E-06
 1083    1.302105E-06
 1084    1.299703E-06
 1085    1.297309E-06
 1086    1.330773E-06
 1087    1.328326E-06
 1088    1.325885E-06
 1089    1.323451E-06
 1090    1.321024E-06
 1091    1.358269E-06
 1092    1.355783E-06
 1093    1.353303E-06
 1094    1.350830E-06
 1095    1.348364E-06
 1096    1.435109E-06
 1097    1.432494E-06
 1098    1.429886E-06
 1099    1.427285E-06
 1100    1.424691E-06
 1101    1.510320E-06
 1102    1.507581E-06
 1103    1.504848E-06
 1104    1.502123E-06
 1105    1.499406E-06
 1106    1.500405E-06
 1107    1.497696E-06
 1108    1.494993E-06
 1109    1.492298E-06
 1110    1.489611E-06
 1111    1.583839E-06
 1112    1.580991E-06
 1113    1.578152E-06
 1114    1.575320E-06
 1115    1.572495E-06
 1116    1.622143E-06
 1117    1.619239E-06
 1118    1.616344E-06
 1119    1.613456E-06
 1120    1.610577E-06
 1121    1.771426E-06
 1122    1.768270E-06
 1123    1.765122E-06
 1124    1.761983E-06
 1125    1.758852E-06
 1126    1.732890E-06
 1127    1.729816E-06
 1128    1.726751E-06
 1129    1.723693E-06
 1130    1.720644E-06
 1131    1.841446E-06
 1132    1.838194E-06
 1133    1.834951E-06
 1134    1.831716E-06
 1135    1.828490E-06
 1136    1.892405E-06
 1137    1.889078E-06
 1138    1.885760E-06
 1139    1.882450E-06
 1140    1.879149E-06
 1141    1.959279E-06
 1142    1.955849E-06
 1143    1.952428E-06
 1144    1.949016E-06
 1145    1.945613E-06
 1146    2.078447E-06
 1147    2.074825E-06
 1148    2.071212E-06
 1149    2.067608E-06
 1150    2.064014E-06
 1151    2.012278E-06
 1152    2.008786E-06
 1153    2.005303E-06
 1154    2.001829E-06
 1155    1.998364E-06
 1156    2.112438E-06
 1157    2.108788E-06
 1158    2.105147E-06
 1159    2.101516E-06
 1160    2.097894E-06
 1161    2.118425E-06
 1162    2.114780E-06
 1163    2.111145E-06
 1164    2.107519E-06
 1165    2.103903E-06
 1166    2.198570E-06
 1167    2.194804E-06
 1168    2.191047E-06
 1169    2.187300E-06
 1170    2.183563E-06
 1171    2.357272E-06
 1172    2.353251E-06
 1173    2.349240E-06
 1174    2.345240E-06
 1175    2.341250E-06
 1176    2.253759E-06
 1177    2.249931E-06
 1178    2.246113E-06
 1179    2.242304E-06
 1180    2.238506E-06
 1181    2.451126E-06
 1182    2.446980E-06
 1183    2.442845E-06
 1184    2.438720E-06
 1185    2.434606E-06
 1186    2.535082E-06
 1187    2.530812E-06
 1188    2.526554E-06
 1189    2.522305E-06
 1190    2.518068E-06
 1191    2.521524E-06
 1192    2.517295E-06
 1193    2.513077E-06
 1194    2.508869E-06
 1195    2.504672E-06
 1196    2.632703E-06
 1197    2.628306E-06
 1198    2.623920E-06
 1199    2.619545E-06
 1200    2.615181E-06
 1201    2.612119E-06
 1202    2.607774E-06
 1203    2.603441E-06
 1204    2.599118E-06
 1205    2.594806E-06
 1206    2.778819E-06
 1207    2.774216E-06
 1208    2.769625E-06
 1209    2.765045E-06
 1210    2.760477E-06
 1211    2.768875E-06
 1212    2.764308E-06
 1213    2.759752E-06
 1214    2.755207E-06
 1215    2.750674E-06
 1216    2.859274E-06
 1217    2.854577E-06
 1218    2.849892E-06
 1219    2.845218E-06
 1220    2.840555E-06
 1221    3.050024E-06
 1222    3.045034E-06
 1223    3.040057E-06
 1224    3.035091E-06
 1225    3.030138E-06
 1226    2.962864E-06
 1227    2.958036E-06
 1228    2.953221E-06
 1229    2.948417E-06
 1230    2.943624E-06
 1231    3.249742E-06
 1232    3.244468E-06
 1233    3.239208E-06
 1234    3.233960E-06
 1235    3.228725E-06
 1236    3.182108E-06
 1237    3.176965E-06
 1238    3.171835E-06
 1239    3.166717E-06
 1240    3.161612E-06
 1241    3.237962E-06
 1242    3.232750E-06
 1243    3.227551E-06
 1244    3.222364E-06
 1245    3.217190E-06
 1246    3.379956E-06
 1247    3.374537E-06
 1248    3.369131E-06
 1249    3.363738E-06
 1250    3.358358E-06
 1251    3.289010E-06
 1252    3.283758E-06
 1253    3.278518E-06
 1254    3.273292E-06
 1255    3.268077E-06
 1256    3.527415E-06
 1257    3.521805E-06
 1258    3.516208E-06
 1259    3.510625E-06
 1260    3.505055E-06
 1261    3.329841E-06
 1262    3.324566E-06
 1263    3.319304E-06
 1264    3.314054E-06
 1265    3.308816E-06
 1266    3.510680E-06
 1267    3.505141E-06
 1268    3.499614E-06
 1269    3.494101E-06
 1270    3.488601E-06
 1271    3.628828E-06
 1272    3.623124E-06
 1273    3.617434E-06
 1274    3.611758E-06
 1275    3.606094E-06
 1276    3.566420E-06
 1277    3.560837E-06
 1278    3.555266E-06
 1279    3.549709E-06
 1280    3.544165E-06
 1281    3.725296E-06
 1282    3.719487E-06
 1283    3.713691E-06
 1284    3.707909E-06
 1285    3.702140E-06
 1286    3.753199E-06
 1287    3.747369E-06
 1288    3.741552E-06
 1289    3.735749E-06
 1290    3.729960E-06
 1291    3.991972E-06
 1292    3.985795E-06
 1293    3.979632E-06
 1294    3.973483E-06
 1295    3.967349E-06
 1296    3.940007E-06
 1297    3.933934E-06
 1298    3.927874E-06
 1299    3.921829E-06
 1300    3.915798E-06
 1301    4.021340E-06
 1302    4.015165E-06
 1303    4.009005E-06
 1304    4.002858E-06
 1305    3.996726E-06
 1306    4.055358E-06
 1307    4.049155E-06
 1308    4.042966E-06
 1309    4.036791E-06
 1310    4.030630E-06
 1311    4.131844E-06
 1312    4.125548E-06
 1313    4.119266E-06
 1314    4.112999E-06
 1315    4.106745E-06
 1316    4.300224E-06
 1317    4.293696E-06
 1318    4.287183E-06
 1319    4.280685E-06
 1320    4.274202E-06
 1321    4.276522E-06
 1322    4.270054E-06
 1323    4.263602E-06
 1324    4.257164E-06
 1325    4.250740E-06
 1326    4.385329E-06
 1327    4.378722E-06
 1328    4.372130E-06
 1329    4.365553E-06
 1330    4.358990E-06
 1331    4.428643E-06
 1332    4.421996E-06
 1333    4.415363E-06
 1334    4.408746E-06
 1335    4.402144E-06
 1336    4.526200E-06
 1337    4.519432E-06
 1338    4.512679E-06
 1339    4.505941E-06
 1340    4.499219E-06
 1341    4.649585E-06
 1342    4.642658E-06
 1343    4.635747E-06
 1344    4.628851E-06
 1345    4.621971E-06
 1346    4.610746E-06
 1347    4.603903E-06
 1348    4.597074E-06
 1349    4.590261E-06
 1350    4.583464E-06
 1351    4.698200E-06
 1352    4.691252E-06
 1353    4.684320E-06
 1354    4.677404E-06
 1355    4.670502E-06
 1356    4.731621E-06
 1357    4.724650E-06
 1358    4.717695E-06
 1359    4.710754E-06
 1360    4.703829E-06
 1361    4.719245E-06
 1362    4.712318E-06
 1363    4.705406E-06
 1364    4.698509E-06
 1365    4.691627E-06
 1366    4.742161E-06
 1367    4.735225E-06
 1368    4.728305E-06
 1369    4.721400E-06
 1370    4.714510E-06
 1371    4.806181E-06
 1372    4.799177E-06
 1373    4.792189E-06
 1374    4.785216E-06
 1375    4.778258E-06
 1376    5.081264E-06
 1377    5.073887E-06
 1378    5.066525E-06
 1379    5.059180E-06
 1380    5.051850E-06
 1381    4.945336E-06
 1382    4.938182E-06
 1383    4.931043E-06
 1384    4.923920E-06
 1385    4.916812E-06
 1386    5.110824E-06
 1387    5.103457E-06
 1388    5.096106E-06
 1389    5.088771E-06
 1390    5.081451E-06
 1391    4.949748E-06
 1392    4.942639E-06
 1393    4.935545E-06
 1394    4.928467E-06
 1395    4.921403E-06
 1396    5.172517E-06
 1397    5.165115E-06
 1398    5.157728E-06
 1399    5.150357E-06
 1400    5.143002E-06
 1401    5.196167E-06
 1402    5.188757E-06
 1403    5.181363E-06
 1404    5.173985E-06
 1405    5.166623E-06
 1406    5.062732E-06
 1407    5.055538E-06
 1408    5.048359E-06
 1409    5.041196E-06
 1410    5.034048E-06
 1411    5.158568E-06
 1412    5.151264E-06
 1413    5.143975E-06
 1414    5.136702E-06
 1415    5.129444E-06
 1416    5.118067E-06
 1417    5.110845E-06
 1418    5.103639E-06
 1419    5.096449E-06
 1420    5.089273E-06
 1421    5.238506E-06
 1422    5.231141E-06
 1423    5.223791E-06
 1424    5.216457E-06
 1425    5.209138E-06
 1426    5.492124E-06
 1427    5.484430E-06
 1428    5.476751E-06
 1429    5.469088E-06
 1430    5.461442E-06
 1431    5.468963E-06
 1432    5.461327E-06
 1433    5.453708E-06
 1434    5.446104E-06
 1435    5.438516E-06
 1436    5.644576E-06
 1437    5.636723E-06
 1438    5.628886E-06
 1439    5.621065E-06
 1440    5.613261E-06
 1441    5.613811E-06
 1442    5.606028E-06
 1443    5.598261E-06
 1444    5.590510E-06
 1445    5.582775E-06
 1446    5.640506E-06
 1447    5.632713E-06
 1448    5.624935E-06
 1449    5.617174E-06
 1450    5.609429E-06
 1451    5.608142E-06
 1452    5.600420E-06
 1453    5.592714E-06
 1454    5.585023E-06
 1455    5.577349E-06
 1456    5.446723E-06
 1457    5.439248E-06
 1458    5.431790E-06
 1459    5.424346E-06
 1460    5.416918E-06
 1461    5.851382E-06
 1462    5.843380E-06
 1463    5.835395E-06
 1464    5.827426E-06
 1465    5.819473E-06
 1466    5.656167E-06
 1467    5.648459E-06
 1468    5.640766E-06
 1469    5.633089E-06
 1470    5.625427E-06
 1471    5.897828E-06
 1472    5.889818E-06
 1473    5.881823E-06
 1474    5.873845E-06
 1475    5.865883E-06
 1476    5.768746E-06
 1477    5.760937E-06
 1478    5.753145E-06
 1479    5.745367E-06
 1480    5.737606E-06
 1481    5.950805E-06
 1482    5.942777E-06
 1483    5.934765E-06
 1484    5.926770E-06
 1485    5.918790E-06
 1486    6.195181E-06
 1487    6.186852E-06
 1488    6.178539E-06
 1489    6.170243E-06
 1490    6.161963E-06
 1491    6.083366E-06
 1492    6.075214E-06
 1493    6.067079E-06
 1494    6.058959E-06
 1495    6.050856E-06
 1496    6.154553E-06
 1497    6.146333E-06
 1498    6.138130E-06
 1499    6.129943E-06
 1500    6.121772E-06
 1501    6.141637E-06
 1502    6.133462E-06
 1503    6.125303E-06
 1504    6.117160E-06
 1505    6.109034E-06
 1506    6.204224E-06
 1507    6.195993E-06
 1508    6.187778E-06
 1509    6.179580E-06
 1510    6.171398E-06
 1511    6.357888E-06
 1512    6.349481E-06
 1513    6.341090E-06
 1514    6.332716E-06
 1515    6.324359E-06
 1516    6.249358E-06
 1517    6.241122E-06
 1518    6.232902E-06
 1519    6.224698E-06
 1520    6.216510E-06
 1521    6.466991E-06
 1522    6.458496E-06
 1523    6.450017E-06
 1524    6.441556E-06
 1525    6.433110E-06
 1526    6.798786E-06
 1527    6.789884E-06
 1528    6.781000E-06
 1529    6.772133E-06
 1530    6.763283E-06
 1531    6.777337E-06
 1532    6.768492E-06
 1533    6.759664E-06
 1534    6.750854E-06
 1535    6.742061E-06
 1536    6.746503E-06
 1537    6.737727E-06
 1538    6.728968E-06
 1539    6.720226E-06
 1540    6.711502E-06
 1541    6.511680E-06
 1542    6.503237E-06
 1543    6.494810E-06
 1544    6.486400E-06
 1545    6.478006E-06
 1546    6.893419E-06
 1547    6.884510E-06
 1548    6.875618E-06
 1549    6.866743E-06
 1550    6.857886E-06
 1551    6.651296E-06
 1552    6.642728E-06
 1553    6.634176E-06
 1554    6.625640E-06
 1555    6.617121E-06
 1556    6.932505E-06
 1557    6.923603E-06
 1558    6.914718E-06
 1559    6.905850E-06
 1560    6.896999E-06
 1561    7.015839E-06
 1562    7.006859E-06
 1563    6.997896E-06
 1564    6.988950E-06
 1565    6.980021E-06
 1566    7.161766E-06
 1567    7.152629E-06
 1568    7.143508E-06
 1569    7.134405E-06
 1570    7.125320E-06
 1571    7.426872E-06
 1572    7.417426E-06
 1573    7.407998E-06
 1574    7.398589E-06
 1575    7.389196E-06
 1576    7.676357E-06
 1577    7.666625E-06
 1578    7.656911E-06
 1579    7.647216E-06
 1580    7.637539E-06
 1581    7.775101E-06
 1582    7.765274E-06
 1583    7.755467E-06
 1584    7.745677E-06
 1585    7.735907E-06
 1586    8.025933E-06
 1587    8.015822E-06
 1588    8.005729E-06
 1589    7.995656E-06
 1590    7.985602E-06
 1591    7.911189E-06
 1592    7.901254E-06
 1593    7.891337E-06
 1594    7.881439E-06
 1595    7.871559E-06
 1596    7.667488E-06
 1597    7.657888E-06
 1598    7.648307E-06
 1599    7.638744E-06
 1600    7.629198E-06
 1601    7.187402E-06
 1602    7.178432E-06
 1603    7.169478E-06
 1604    7.160541E-06
 1605    7.151621E-06
 1606    6.809509E-06
 1607    6.801037E-06
 1608    6.792580E-06
 1609    6.784140E-06
 1610    6.775715E-06
 1611    6.934266E-06
 1612    6.925665E-06
 1613    6.917080E-06
 1614    6.908512E-06
 1615    6.899959E-06
 1616    7.233400E-06
 1617    7.224456E-06
 1618    7.215529E-06
 1619    7.206618E-06
 1620    7.197723E-06
 1621    8.190336E-06
 1622    8.180240E-06
 1623    8.170163E-06
 1624    8.160104E-06
 1625    8.150064E-06
 1626    9.273383E-06
 1627    9.261987E-06
 1628    9.250612E-06
 1629    9.239258E-06
 1630    9.227925E-06
 1631    1.085815E-05
 1632    1.084485E-05
 1633    1.083157E-05
 1634    1.081831E-05
 1635    1.080508E-05
 1636    1.169690E-05
 1637    1.168261E-05
 1638    1.166835E-05
 1639    1.165412E-05
 1640    1.163991E-05
 1641    1.260703E-05
 1642    1.259168E-05
 1643    1.257636E-05
 1644    1.256106E-05
 1645    1.254580E-05
 1646    1.292171E-05
 1647    1.290602E-05
 1648    1.289036E-05
 1649    1.287474E-05
 1650    1.285913E-05
 1651    1.393032E-05
 1652    1.391346E-05
 1653    1.389663E-05
 1654    1.387984E-05
 1655    1.386307E-05
 1656    1.476414E-05
 1657    1.474632E-05
 1658    1.472854E-05
 1659    1.471079E-05
 1660    1.469307E-05
 1661    1.567365E-05
 1662    1.565479E-05
 1663    1.563597E-05
 1664    1.561718E-05
 1665    1.559843E-05
 1666    1.729010E-05
 1667    1.726936E-05
 1668    1.724866E-05
 1669    1.722800E-05
 1670    1.720737E-05
 1671    1.747290E-05
 1672    1.745200E-05
 1673    1.743115E-05
 1674    1.741033E-05
 1675    1.738954E-05
 1676    1.699676E-05
 1677    1.697649E-05
 1678    1.695627E-05
 1679    1.693607E-05
 1680    1.691592E-05
 1681    1.477003E-05
 1682    1.475247E-05
 1683    1.473495E-05
 1684    1.471745E-05
 1685    1.469999E-05
 1686    1.170177E-05
 1687    1.168790E-05
 1688    1.167405E-05
 1689    1.166023E-05
 1690    1.164644E-05
 1691    7.234657E-06
 1692    7.226108E-06
 1693    7.217574E-06
 1694    7.209055E-06
 1695    7.200551E-06
 1696    7.464563E-07
 1697    7.455768E-07
 1698    7.446989E-07
 1699    7.438225E-07
 1700    7.429477E-07
 1701   -7.144601E-06
 1702   -7.136208E-06
 1703   -7.127830E-06
 1704   -7.119467E-06
 1705   -7.111118E-06
 1706   -1.446416E-05
 1707   -1.444722E-05
 1708   -1.443031E-05
 1709   -1.441342E-05
 1710   -1.439657E-05
 1711   -1.965130E-05
 1712   -1.962835E-05
 1713   -1.960544E-05
 1714   -1.958257E-05
 1715   -1.955974E-05
 1716   -2.187677E-05
 1717   -2.185129E-05
 1718   -2.182586E-05
 1719   -2.180048E-05
 1720   -2.177514E-05
 1721   -1.836126E-05
 1722   -1.833994E-05
 1723   -1.831866E-05
 1724   -1.829742E-05
 1725   -1.827621E-05
 1726   -7.577784E-06
 1727   -7.569011E-06
 1728   -7.560253E-06
 1729   -7.551510E-06
 1730   -7.542783E-06
 1731    1.396898E-05
 1732    1.395285E-05
 1733    1.393676E-05
 1734    1.392069E-05
 1735    1.390464E-05
 1736    4.752545E-05
 1737    4.747074E-05
 1738    4.741613E-05
 1739    4.736161E-05
 1740    4.730719E-05
 1741    9.292460E-05
 1742    9.281794E-05
 1743    9.271147E-05
 1744    9.260518E-05
 1745    9.249907E-05
 1746    1.475651E-04
 1747    1.473962E-04
 1748    1.472276E-04
 1749    1.470593E-04
 1750    1.468913E-04
 1751    2.136209E-04
 1752    2.133771E-04
 1753    2.131337E-04
 1754    2.128908E-04
 1755    2.126482E-04
 1756    2.689351E-04
 1757    2.686291E-04
 1758    2.683235E-04
 1759    2.680185E-04
 1760    2.677141E-04
 1761    3.202576E-04
 1762    3.198942E-04
 1763    3.195314E-04
 1764    3.191692E-04
 1765    3.188076E-04
 1766    3.386684E-04
 1767    3.382851E-04
 1768    3.379026E-04
 1769    3.375207E-04
 1770    3.371394E-04
 1771    3.380447E-04
 1772    3.376633E-04
 1773    3.372825E-04
 1774    3.369024E-04
 1775    3.365229E-04
 1776    2.923175E-04
 1777    2.919886E-04
 1778    2.916602E-04
 1779    2.913324E-04
 1780    2.910052E-04
 1781    1.530583E-04
 1782    1.528865E-04
 1783    1.527151E-04
 1784    1.525439E-04
 1785    1.523731E-04
 1786   -9.923520E-05
 1787   -9.912417E-05
 1788   -9.901332E-05
 1789   -9.890266E-05
 1790   -9.879219E-05
 1791   -4.928029E-04
 1792   -4.922530E-04
 1793   -4.917041E-04
 1794   -4.911561E-04
 1795   -4.906090E-04
 1796   -1.041411E-03
 1797   -1.040252E-03
 1798   -1.039096E-03
 1799   -1.037941E-03
 1800   -1.036788E-03
 1801   -1.638432E-03
 1802   -1.636614E-03
 1803   -1.634799E-03
 1804   -1.632987E-03
 1805   -1.631178E-03
 1806   -2.098174E-03
 1807   -2.095852E-03
 1808   -2.093534E-03
 1809   -2.091220E-03
 1810   -2.088910E-03
 1811   -2.386578E-03
 1812   -2.383944E-03
 1813   -2.381315E-03
 1814   -2.378690E-03
 1815   -2.376070E-03
 1816   -2.413478E-03
 1817   -2.410822E-03
 1818   -2.408170E-03
 1819   -2.405523E-03
 1820   -2.402881E-03
 1821   -2.311597E-03
 1822   -2.309060E-03
 1823   -2.306528E-03
 1824   -2.303999E-03
 1825   -2.301475E-03
 1826   -1.746671E-03
 1827   -1.744759E-03
 1828   -1.742851E-03
 1829   -1.740945E-03
 1830   -1.739043E-03
 1831   -6.716309E-04
 1832   -6.708979E-04
 1833   -6.701660E-04
 1834   -6.694354E-04
 1835   -6.687060E-04
 1836    1.294205E-03
 1837    1.292797E-03
 1838    1.291390E-03
 1839    1.289986E-03
 1840    1.288584E-03
 1841    4.471706E-03
 1842    4.466852E-03
 1843    4.462006E-03
 1844    4.457168E-03
 1845    4.452338E-03
 1846    9.004767E-03
 1847    8.995019E-03
 1848    8.985287E-03
 1849    8.975570E-03
 1850    8.965869E-03
 1851    1.387689E-02
 1852    1.386191E-02
 1853    1.384695E-02
 1854    1.383201E-02
 1855    1.381711E-02
 1856    1.819791E-02
 1857    1.817832E-02
 1858    1.815876E-02
 1859    1.813923E-02
 1860    1.811973E-02
 1861    2.122409E-02
 1862    2.120130E-02
 1863    2.117855E-02
 1864    2.115583E-02
 1865    2.113315E-02
 1866    2.296486E-02
 1867    2.294027E-02
 1868    2.291572E-02
 1869    2.289120E-02
 1870    2.286672E-02
 1871    2.416729E-02
 1872    2.414148E-02
 1873    2.411571E-02
 1874    2.408998E-02
 1875    2.406429E-02
 1876    2.359996E-02
 1877    2.357482E-02
 1878    2.354972E-02
 1879    2.352466E-02
 1880    2.349964E-02
 1881    2.323402E-02
 1882    2.320933E-02
 1883    2.318469E-02
 1884    2.316008E-02
 1885    2.313551E-02
 1886    2.113532E-02
 1887    2.111293E-02
 1888    2.109057E-02
 1889    2.106824E-02
 1890    2.104596E-02
 1891    1.807046E-02
 1892    1.805136E-02
 1893    1.803229E-02
 1894    1.801326E-02
 1895    1.799425E-02
 1896    1.393903E-02
 1897    1.392434E-02
 1898    1.390967E-02
 1899    1.389503E-02
 1900    1.388040E-02
 1901    8.512716E-03
 1902    8.503767E-03
 1903    8.494832E-03
 1904    8.485912E-03
 1905    8.477005E-03
 1906    4.138326E-03
 1907    4.133987E-03
 1908    4.129654E-03
 1909    4.125329E-03
 1910    4.121010E-03
 1911    9.566107E-04
 1912    9.556103E-04
 1913    9.546115E-04
 1914    9.536143E-04
 1915    9.526186E-04
 1916   -9.870320E-04
 1917   -9.860025E-04
 1918   -9.849746E-04
 1919   -9.839483E-04
 1920   -9.829236E-04
 1921   -2.051888E-03
 1922   -2.049753E-03
 1923   -2.047622E-03
 1924   -2.045494E-03
 1925   -2.043369E-03
 1926   -2.552775E-03
 1927   -2.550126E-03
 1928   -2.547481E-03
 1929   -2.544840E-03
 1930   -2.542204E-03
 1931   -2.781381E-03
 1932   -2.778502E-03
 1933   -2.775628E-03
 1934   -2.772759E-03
 1935   -2.769894E-03
 1936   -2.640709E-03
 1937   -2.637983E-03
 1938   -2.635261E-03
 1939   -2.632544E-03
 1940   -2.629831E-03
 1941   -2.334742E-03
 1942   -2.332339E-03
 1943   -2.329938E-03
 1944   -2.327542E-03
 1945   -2.325149E-03
 1946   -1.818326E-03
 1947   -1.816459E-03
 1948   -1.814595E-03
 1949   -1.812733E-03
 1950   -1.810874E-03
 1951   -1.142359E-03
 1952   -1.141189E-03
 1953   -1.140020E-03
 1954   -1.138854E-03
 1955   -1.137689E-03
 1956   -5.999691E-04
 1957   -5.993561E-04
 1958   -5.987440E-04
 1959   -5.981329E-04
 1960   -5.975227E-04
 1961   -1.599338E-04
 1962   -1.597708E-04
 1963   -1.596081E-04
 1964   -1.594456E-04
 1965   -1.592833E-04
 1966    1.003073E-04
 1967    1.002054E-04
 1968    1.001036E-04
 1969    1.000019E-04
 1970    9.990041E-05
 1971    2.415622E-04
 1972    2.413172E-04
 1973    2.410727E-04
 1974    2.408285E-04
 1975    2.405847E-04
 1976    2.955268E-04
 1977    2.952279E-04
 1978    2.949295E-04
 1979    2.946315E-04
 1980    2.943339E-04
 1981    3.034456E-04
 1982    3.031395E-04
 1983    3.028338E-04
 1984    3.025286E-04
 1985    3.022239E-04
 1986    2.758313E-04
 1987    2.755537E-04
 1988    2.752766E-04
 1989    2.749999E-04
 1990    2.747236E-04
 1991    2.379566E-04
 1992    2.377177E-04
 1993    2.374792E-04
 1994    2.372411E-04
 1995    2.370033E-04
 1996    1.746704E-04
 1997    1.744956E-04
 1998    1.743209E-04
 1999    1.741466E-04
 2000    1.739725E-04
 2001    1.081200E-04
 2002    1.080120E-04
 2003    1.079042E-04
 2004    1.077965E-04
 2005    1.076890E-04
 2006    4.867514E-05
 2007    4.862664E-05
 2008    4.857822E-05
 2009    4.852987E-05
 2010    4.848160E-05
 2011    2.220838E-06
 2012    2.218631E-06
 2013    2.216427E-06
 2014    2.214227E-06
 2015    2.212029E-06
 2016   -3.100949E-05
 2017   -3.097875E-05
 2018   -3.094806E-05
 2019   -3.091741E-05
 2020   -3.088680E-05
 2021   -5.150486E-05
 2022   -5.145393E-05
 2023   -5.140307E-05
 2024   -5.135229E-05
 2025   -5.130159E-05
 2026   -6.134563E-05
 2027   -6.128512E-05
 2028   -6.122469E-05
 2029   -6.116436E-05
 2030   -6.110411E-05
 2031   -6.545212E-05
 2032   -6.538772E-05
 2033   -6.532341E-05
 2034   -6.525919E-05
 2035   -6.519507E-05
 2036   -6.048757E-05
 2037   -6.042820E-05
 2038   -6.036891E-05
 2039   -6.030971E-05
 2040   -6.025060E-05
 2041   -5.470416E-05
 2042   -5.465060E-05
 2043   -5.459711E-05
 2044   -5.454370E-05
 2045   -5.449037E-05
 2046   -4.291534E-05
 2047   -4.287342E-05
 2048   -4.283156E-05
 2049   -4.278976E-05
 2050   -4.274803E-05
 2051   -3.179321E-05
 2052   -3.176223E-05
 2053   -3.173129E-05
 2054   -3.170040E-05
 2055   -3.166956E-05
 2056   -2.231253E-05
 2057   -2.229084E-05
 2058   -2.226918E-05
 2059   -2.224756E-05
 2060   -2.222596E-05
 2061   -1.533383E-05
 2062   -1.531896E-05
 2063   -1.530411E-05
 2064   -1.528928E-05
 2065   -1.527448E-05
 2066   -1.097465E-05
 2067   -1.096403E-05
 2068   -1.095343E-05
 2069   -1.094285E-05
 2070   -1.093228E-05
 2071   -8.073521E-06
 2072   -8.065730E-06
 2073   -8.057950E-06
 2074   -8.050181E-06
 2075   -8.042424E-06
 2076   -7.056102E-06
 2077   -7.049309E-06
 2078   -7.042526E-06
 2079   -7.035753E-06
 2080   -7.028989E-06
 2081   -6.954869E-06
 2082   -6.948190E-06
 2083   -6.941520E-06
 2084   -6.934860E-06
 2085   -6.928210E-06
 2086   -7.516870E-06
 2087   -7.509668E-06
 2088   -7.502477E-06
 2089   -7.495296E-06
 2090   -7.488125E-06
 2091   -7.720283E-06
 2092   -7.712904E-06
 2093   -7.705536E-06
 2094   -7.698178E-06
 2095   -7.690831E-06
 2096   -8.004081E-06
 2097   -7.996449E-06
 2098   -7.988828E-06
 2099   -7.981217E-06
 2100   -7.973618E-06
 2101   -7.813900E-06
 2102   -7.806467E-06
 2103   -7.799045E-06
 2104   -7.791633E-06
 2105   -7.784232E-06
 2106   -7.510442E-06
 2107   -7.503315E-06
 2108   -7.496198E-06
 2109   -7.489091E-06
 2110   -7.481994E-06
 2111   -7.741444E-06
 2112   -7.734114E-06
 2113   -7.726796E-06
 2114   -7.719487E-06
 2115   -7.712189E-06
 2116   -8.250377E-06
 2117   -8.242584E-06
 2118   -8.234803E-06
 2119   -8.227032E-06
 2120   -8.219272E-06
 2121   -8.987110E-06
 2122   -8.978642E-06
 2123   -8.970185E-06
 2124   -8.961741E-06
 2125   -8.953308E-06
 2126   -9.686909E-06
 2127   -9.677802E-06
 2128   -9.668709E-06
 2129   -9.659628E-06
 2130   -9.650560E-06
 2131   -1.018426E-05
 2132   -1.017471E-05
 2133   -1.016517E-05
 2134   -1.015565E-05
 2135   -1.014613E-05
 2136   -1.039851E-05
 2137   -1.038878E-05
 2138   -1.037907E-05
 2139   -1.036936E-05
 2140   -1.035968E-05
 2141   -9.866880E-06
 2142   -9.857670E-06
 2143   -9.848472E-06
 2144   -9.839287E-06
 2145   -9.830115E-06
 2146   -9.041777E-06
 2147   -9.033356E-06
 2148   -9.024947E-06
 2149   -9.016550E-06
 2150   -9.008164E-06
 2151   -7.929229E-06
 2152   -7.921862E-06
 2153   -7.914504E-06
 2154   -7.907157E-06
 2155   -7.899821E-06
 2156   -7.240370E-06
 2157   -7.233658E-06
 2158   -7.226955E-06
 2159   -7.220262E-06
 2160   -7.213578E-06
 2161   -7.071111E-06
 2162   -7.064571E-06
 2163   -7.058041E-06
 2164   -7.051519E-06
 2165   -7.045006E-06
 2166   -6.690039E-06
 2167   -6.683866E-06
 2168   -6.677702E-06
 2169   -6.671546E-06
 2170   -6.665398E-06
 2171   -6.758088E-06
 2172   -6.751866E-06
 2173   -6.745653E-06
 2174   -6.739449E-06
 2175   -6.733253E-06
 2176   -6.645695E-06
 2177   -6.639591E-06
 2178   -6.633495E-06
 2179   -6.627408E-06
 2180   -6.621329E-06
 2181   -6.818035E-06
 2182   -6.811787E-06
 2183   -6.805548E-06
 2184   -6.799317E-06
 2185   -6.793095E-06
 2186   -6.900317E-06
 2187   -6.894008E-06
 2188   -6.887708E-06
 2189   -6.881416E-06
 2190   -6.875134E-06
 2191   -6.714661E-06
 2192   -6.708536E-06
 2193   -6.702420E-06
 2194   -6.696311E-06
 2195   -6.690211E-06
 2196   -6.699763E-06
 2197   -6.693666E-06
 2198   -6.687576E-06
 2199   -6.681496E-06
 2200   -6.675423E-06
 2201   -6.291637E-06
 2202   -6.285924E-06
 2203   -6.280218E-06
 2204   -6.274521E-06
 2205   -6.268831E-06
 2206   -6.203941E-06
 2207   -6.198320E-06
 2208   -6.192707E-06
 2209   -6.187101E-06
 2210   -6.181503E-06
 2211   -6.000877E-06
 2212   -5.995453E-06
 2213   -5.990036E-06
 2214   -5.984626E-06
 2215   -5.979223E-06
 2216   -5.884279E-06
 2217   -5.878972E-06
 2218   -5.873672E-06
 2219   -5.868379E-06
 2220   -5.863093E-06
 2221   -6.026874E-06
 2222   -6.021450E-06
 2223   -6.016034E-06
 2224   -6.010625E-06
 2225   -6.005224E-06
 2226   -5.931016E-06
 2227   -5.925690E-06
 2228   -5.920372E-06
 2229   -5.915061E-06
 2230   -5.909758E-06
 2231   -6.062687E-06
 2232   -6.057256E-06
 2233   -6.051832E-06
 2234   -6.046415E-06
 2235   -6.041006E-06
 2236   -6.037681E-06
 2237   -6.032285E-06
 2238   -6.026895E-06
 2239   -6.021513E-06
 2240   -6.016138E-06
 2241   -5.807177E-06
 2242   -5.801997E-06
 2243   -5.796825E-06
 2244   -5.791660E-06
 2245   -5.786501E-06
 2246   -5.921307E-06
 2247   -5.916037E-06
 2248   -5.910775E-06
 2249   -5.905520E-06
 2250   -5.900272E-06
 2251   -5.504845E-06
 2252   -5.499958E-06
 2253   -5.495076E-06
 2254   -5.490202E-06
 2255   -5.485333E-06
 2256   -5.423060E-06
 2257   -5.418256E-06
 2258   -5.413458E-06
 2259   -5.408666E-06
 2260   -5.403880E-06
 2261   -5.289068E-06
 2262   -5.284393E-06
 2263   -5.279724E-06
 2264   -5.275060E-06
 2265   -5.270404E-06
 2266   -5.287576E-06
 2267   -5.282912E-06
 2268   -5.278254E-06
 2269   -5.273603E-06
 2270   -5.268958E-06
 2271   -5.378007E-06
 2272   -5.373274E-06
 2273   -5.368547E-06
 2274   -5.363827E-06
 2275   -5.359112E-06
 2276   -5.253843E-06
 2277   -5.249229E-06
 2278   -5.244621E-06
 2279   -5.240020E-06
 2280   -5.235424E-06
 2281   -5.450269E-06
 2282   -5.445494E-06
 2283   -5.440724E-06
 2284   -5.435961E-06
 2285   -5.431204E-06
 2286   -5.367677E-06
 2287   -5.362984E-06
 2288   -5.358297E-06
 2289   -5.353617E-06
 2290   -5.348942E-06
 2291   -5.281442E-06
 2292   -5.276834E-06
 2293   -5.272233E-06
 2294   -5.267637E-06
 2295   -5.263048E-06
 2296   -5.135424E-06
 2297   -5.130954E-06
 2298   -5.126489E-06
 2299   -5.122031E-06
 2300   -5.117578E-06
 2301   -4.910726E-06
 2302   -4.906461E-06
 2303   -4.902201E-06
 2304   -4.897946E-06
 2305   -4.893697E-06
 2306   -4.958799E-06
 2307   -4.954501E-06
 2308   -4.950209E-06
 2309   -4.945922E-06
 2310   -4.941641E-06
 2311   -4.748779E-06
 2312   -4.744672E-06
 2313   -4.740570E-06
 2314   -4.736474E-06
 2315   -4.732383E-06
 2316   -4.778554E-06
 2317   -4.774431E-06
 2318   -4.770312E-06
 2319   -4.766199E-06
 2320   -4.762091E-06
 2321   -4.757190E-06
 2322   -4.753094E-06
 2323   -4.749002E-06
 2324   -4.744916E-06
 2325   -4.740836E-06
 2326   -4.808554E-06
 2327   -4.804422E-06
 2328   -4.800296E-06
 2329   -4.796174E-06
 2330   -4.792058E-06
 2331   -4.885435E-06
 2332   -4.881246E-06
 2333   -4.877062E-06
 2334   -4.872884E-06
 2335   -4.868711E-06
 2336   -4.761677E-06
 2337   -4.757603E-06
 2338   -4.753534E-06
 2339   -4.749470E-06
 2340   -4.745412E-06
 2341   -4.776375E-06
 2342   -4.772297E-06
 2343   -4.768225E-06
 2344   -4.764157E-06
 2345   -4.760095E-06
 2346   -4.648938E-06
 2347   -4.644978E-06
 2348   -4.641022E-06
 2349   -4.637071E-06
 2350   -4.633126E-06
 2351   -4.538124E-06
 2352   -4.534265E-06
 2353   -4.530412E-06
 2354   -4.526564E-06
 2355   -4.522721E-06
 2356   -4.341706E-06
 2357   -4.338023E-06
 2358   -4.334344E-06
 2359   -4.330670E-06
 2360   -4.327001E-06
 2361   -4.270592E-06
 2362   -4.266977E-06
 2363   -4.263366E-06
 2364   -4.259760E-06
 2365   -4.256158E-06
 2366   -4.340688E-06
 2367   -4.337021E-06
 2368   -4.333359E-06
 2369   -4.329701E-06
 2370   -4.326048E-06
 2371   -4.315934E-06
 2372   -4.312296E-06
 2373   -4.308662E-06
 2374   -4.305033E-06
 2375   -4.301408E-06
 2376   -4.357029E-06
 2377   -4.353363E-06
 2378   -4.349703E-06
 2379   -4.346047E-06
 2380   -4.342395E-06
 2381   -4.369674E-06
 2382   -4.366006E-06
 2383   -4.362343E-06
 2384   -4.358684E-06
 2385   -4.355029E-06
 2386   -4.296948E-06
 2387   -4.293348E-06
 2388   -4.289753E-06
 2389   -4.286163E-06
 2390   -4.282577E-06
 2391   -4.351532E-06
 2392   -4.347895E-06
 2393   -4.344262E-06
 2394   -4.340633E-06
 2395   -4.337009E-06
 2396   -4.093856E-06
 2397   -4.090441E-06
 2398   -4.087030E-06
 2399   -4.083624E-06
 2400   -4.080222E-06
 2401   -4.026064E-06
 2402   -4.022712E-06
 2403   -4.019365E-06
 2404   -4.016022E-06
 2405   -4.012683E-06
 2406   -3.859223E-06
 2407   -3.856017E-06
 2408   -3.852815E-06
 2409   -3.849617E-06
 2410   -3.846423E-06
 2411   -3.823034E-06
 2412   -3.819865E-06
 2413   -3.816700E-06
 2414   -3.813538E-06
 2415   -3.810381E-06
 2416   -3.827706E-06
 2417   -3.824539E-06
 2418   -3.821376E-06
 2419   -3.818218E-06
 2420   -3.815063E-06
 2421   -3.768320E-06
 2422   -3.765209E-06
 2423   -3.762102E-06
 2424   -3.758999E-06
 2425   -3.755899E-06
 2426   -3.836080E-06
 2427   -3.832920E-06
 2428   -3.829763E-06
 2429   -3.826610E-06
 2430   -3.823462E-06
 2431   -3.755868E-06
 2432   -3.752780E-06
 2433   -3.749695E-06
 2434   -3.746615E-06
 2435   -3.743538E-06
 2436   -3.773241E-06
 2437   -3.770145E-06
 2438   -3.767053E-06
 2439   -3.763964E-06
 2440   -3.760880E-06
 2441   -3.698899E-06
 2442   -3.695871E-06
 2443   -3.692846E-06
 2444   -3.689824E-06
 2445   -3.686807E-06
 2446   -3.496250E-06
 2447   -3.493393E-06
 2448   -3.490540E-06
 2449   -3.487690E-06
 2450   -3.484843E-06
 2451   -3.391900E-06
 2452   -3.389134E-06
 2453   -3.386372E-06
 2454   -3.383612E-06
 2455   -3.380856E-06
 2456   -3.251564E-06
 2457   -3.248918E-06
 2458   -3.246275E-06
 2459   -3.243635E-06
 2460   -3.240999E-06
 2461   -3.175817E-06
 2462   -3.173237E-06
 2463   -3.170661E-06
 2464   -3.168088E-06
 2465   -3.165518E-06
 2466   -3.108323E-06
 2467   -3.105803E-06
 2468   -3.103287E-06
 2469   -3.100774E-06
 2470   -3.098263E-06
 2471   -3.051119E-06
 2472   -3.048651E-06
 2473   -3.046186E-06
 2474   -3.043724E-06
 2475   -3.041265E-06
 2476   -3.092569E-06
 2477   -3.090072E-06
 2478   -3.087579E-06
 2479   -3.085088E-06
 2480   -3.082601E-06
 2481   -3.028877E-06
 2482   -3.026436E-06
 2483   -3.023999E-06
 2484   -3.021565E-06
 2485   -3.019134E-06
 2486   -3.070494E-06
 2487   -3.068025E-06
 2488   -3.065559E-06
 2489   -3.063096E-06
 2490   -3.060636E-06
 2491   -2.983744E-06
 2492   -2.981350E-06
 2493   -2.978959E-06
 2494   -2.976571E-06
 2495   -2.974185E-06
 2496   -2.875945E-06
 2497   -2.873642E-06
 2498   -2.871341E-06
 2499   -2.869044E-06
 2500   -2.866749E-06
 2501   -2.749571E-06
 2502   -2.747374E-06
 2503   -2.745179E-06
 2504   -2.742987E-06
 2505   -2.740797E-06
 2506   -2.598315E-06
 2507   -2.596243E-06
 2508   -2.594173E-06
 2509   -2.592106E-06
 2510   -2.590041E-06
 2511   -2.626583E-06
 2512   -2.624492E-06
 2513   -2.622403E-06
 2514   -2.620318E-06
 2515   -2.618234E-06
 2516   -2.546725E-06
 2517   -2.544702E-06
 2518   -2.542681E-06
 2519   -2.540663E-06
 2520   -2.538647E-06
 2521   -2.553713E-06
 2522   -2.551689E-06
 2523   -2.549666E-06
 2524   -2.547646E-06
 2525   -2.545629E-06
 2526   -2.523028E-06
 2527   -2.521031E-06
 2528   -2.519037E-06
 2529   -2.517046E-06
 2530   -2.515056E-06
 2531   -2.513761E-06
 2532   -2.511776E-06
 2533   -2.509793E-06
 2534   -2.507812E-06
 2535   -2.505834E-06
 2536   -2.519170E-06
 2537   -2.517184E-06
 2538   -2.515201E-06
 2539   -2.513220E-06
 2540   -2.511242E-06
 2541   -2.428894E-06
 2542   -2.426983E-06
 2543   -2.425075E-06
 2544   -2.423168E-06
 2545   -2.421265E-06
 2546   -2.338949E-06
 2547   -2.337112E-06
 2548   -2.335278E-06
 2549   -2.333446E-06
 2550   -2.331617E-06
 2551   -2.144474E-06
 2552   -2.142793E-06
 2553   -2.141115E-06
 2554   -2.139439E-06
 2555   -2.137764E-06
 2556   -2.063034E-06
 2557   -2.061421E-06
 2558   -2.059809E-06
 2559   -2.058200E-06
 2560   -2.056592E-06
 2561   -1.989606E-06
 2562   -1.988053E-06
 2563   -1.986502E-06
 2564   -1.984953E-06
 2565   -1.983405E-06
 2566   -1.940078E-06
 2567   -1.938566E-06
 2568   -1.937057E-06
 2569   -1.935549E-06
 2570   -1.934043E-06
 2571   -1.958921E-06
 2572   -1.957398E-06
 2573   -1.955877E-06
 2574   -1.954358E-06
 2575   -1.952840E-06
 2576   -1.894663E-06
 2577   -1.893192E-06
 2578   -1.891724E-06
 2579   -1.890257E-06
 2580   -1.888792E-06
 2581   -1.914012E-06
 2582   -1.912530E-06
 2583   -1.911050E-06
 2584   -1.909571E-06
 2585   -1.908094E-06
 2586   -1.878338E-06
 2587   -1.876886E-06
 2588   -1.875436E-06
 2589   -1.873987E-06
 2590   -1.872540E-06
 2591   -1.819920E-06
 2592   -1.818516E-06
 2593   -1.817114E-06
 2594   -1.815713E-06
 2595   -1.814314E-06
 2596   -1.745762E-06
 2597   -1.744418E-06
 2598   -1.743075E-06
 2599   -1.741734E-06
 2600   -1.740394E-06
 2601   -1.606998E-06
 2602   -1.605763E-06
 2603   -1.604529E-06
 2604   -1.603297E-06
 2605   -1.602067E-06
 2606   -1.566604E-06
 2607   -1.565402E-06
 2608   -1.564202E-06
 2609   -1.563003E-06
 2610   -1.561806E-06
 2611   -1.487561E-06
 2612   -1.486422E-06
 2613   -1.485285E-06
 2614   -1.484149E-06
 2615   -1.483014E-06
 2616   -1.487906E-06
 2617   -1.486769E-06
 2618   -1.485634E-06
 2619   -1.484499E-06
 2620   -1.483366E-06
 2621   -1.437610E-06
 2622   -1.436514E-06
 2623   -1.435419E-06
 2624   -1.434325E-06
 2625   -1.433232E-06
 2626   -1.440121E-06
 2627   -1.439025E-06
 2628   -1.437930E-06
 2629   -1.436836E-06
 2630   -1.435744E-06
 2631   -1.452244E-06
 2632   -1.451140E-06
 2633   -1.450038E-06
 2634   -1.448937E-06
 2635   -1.447838E-06
 2636   -1.398919E-06
 2637   -1.397858E-06
 2638   -1.396799E-06
 2639   -1.395740E-06
 2640   -1.394683E-06
 2641   -1.353080E-06
 2642   -1.352056E-06
 2643   -1.351033E-06
 2644   -1.350011E-06
 2645   -1.348990E-06
 2646   -1.271691E-06
 2647   -1.270730E-06
 2648   -1.269771E-06
 2649   -1.268812E-06
 2650   -1.267855E-06
 2651   -1.170923E-06
 2652   -1.170040E-06
 2653   -1.169158E-06
 2654   -1.168277E-06
 2655   -1.167397E-06
 2656   -1.120261E-06
 2657   -1.119418E-06
 2658   -1.118576E-06
 2659   -1.117735E-06
 2660   -1.116894E-06
 2661   -1.031089E-06
 2662   -1.030315E-06
 2663   -1.029541E-06
 2664   -1.028768E-06
 2665   -1.027997E-06
 2666   -1.032273E-06
 2667   -1.031499E-06
 2668   -1.030726E-06
 2669   -1.029954E-06
 2670   -1.029182E-06
 2671   -1.001651E-06
 2672   -1.000902E-06
 2673   -1.000153E-06
 2674   -9.994050E-07
 2675   -9.986579E-07
 2676   -9.774550E-07
 2677   -9.767248E-07
 2678   -9.759955E-07
 2679   -9.752670E-07
 2680   -9.745394E-07
 2681   -9.894482E-07
 2682   -9.887105E-07
 2683   -9.879736E-07
 2684   -9.872376E-07
 2685   -9.865023E-07
 2686   -9.555618E-07
 2687   -9.548507E-07
 2688   -9.541404E-07
 2689   -9.534309E-07
 2690   -9.527221E-07
 2691   -9.392001E-07
 2692   -9.385025E-07
 2693   -9.378056E-07
 2694   -9.371095E-07
 2695   -9.364142E-07
 2696   -8.555819E-07
 2697   -8.549475E-07
 2698   -8.543139E-07
 2699   -8.536809E-07
 2700   -8.530487E-07
 2701   -8.054235E-07
 2702   -8.048275E-07
 2703   -8.042321E-07
 2704   -8.036373E-07
 2705   -8.030433E-07
 2706   -7.551172E-07
 2707   -7.545594E-07
 2708   -7.540022E-07
 2709   -7.534457E-07
 2710   -7.528897E-07
 2711   -7.168668E-07
 2712   -7.163382E-07
 2713   -7.158102E-07
 2714   -7.152828E-07
 2715   -7.147560E-07
 2716   -7.110303E-07
 2717   -7.105070E-07
 2718   -7.099843E-07
 2719   -7.094622E-07
 2720   -7.089406E-07
 2721   -6.730213E-07
 2722   -6.725268E-07
 2723   -6.720330E-07
 2724   -6.715396E-07
 2725   -6.710469E-07
 2726   -6.797092E-07
 2727   -6.792108E-07
 2728   -6.787129E-07
 2729   -6.782156E-07
 2730   -6.777188E-07
 2731   -6.699432E-07
 2732   -6.694528E-07
 2733   -6.689630E-07
 2734   -6.684737E-07
 2735   -6.679850E-07
 2736   -6.389374E-07
 2737   -6.384706E-07
 2738   -6.380043E-07
 2739   -6.375385E-07
 2740   -6.370732E-07
 2741   -6.264027E-07
 2742   -6.259459E-07
 2743   -6.254896E-07
 2744   -6.250338E-07
 2745   -6.245785E-07
 2746   -5.670875E-07
 2747   -5.666747E-07
 2748   -5.662624E-07
 2749   -5.658505E-07
 2750   -5.654390E-07
 2751   -5.268916E-07
 2752   -5.265087E-07
 2753   -5.261263E-07
 2754   -5.257443E-07
 2755   -5.253627E-07
 2756   -4.836982E-07
 2757   -4.833474E-07
 2758   -4.829970E-07
 2759   -4.826469E-07
 2760   -4.822972E-07
 2761   -4.528213E-07
 2762   -4.524935E-07
 2763   -4.521660E-07
 2764   -4.518389E-07
 2765   -4.515121E-07
 2766   -4.390190E-07
 2767   -4.387017E-07
 2768   -4.383848E-07
 2769   -4.380682E-07
 2770   -4.377519E-07
 2771   -4.170281E-07
 2772   -4.167273E-07
 2773   -4.164268E-07
 2774   -4.161266E-07
 2775   -4.158267E-07
 2776   -4.232343E-07
 2777   -4.229295E-07
 2778   -4.226251E-07
 2779   -4.223210E-07
 2780   -4.220172E-07
 2781   -4.052068E-07
 2782   -4.049156E-07
 2783   -4.046246E-07
 2784   -4.043340E-07
 2785   -4.040437E-07
 2786   -4.010063E-07
 2787   -4.007185E-07
 2788   -4.004311E-07
 2789   -4.001440E-07
 2790   -3.998573E-07
 2791   -3.846011E-07
 2792   -3.843256E-07
 2793   -3.840505E-07
 2794   -3.837756E-07
 2795   -3.835011E-07
 2796   -3.564100E-07
 2797   -3.561552E-07
 2798   -3.559007E-07
 2799   -3.556464E-07
 2800   -3.553925E-07
 2801   -3.300133E-07
 2802   -3.297778E-07
 2803   -3.295425E-07
 2804   -3.293075E-07
 2805   -3.290728E-07
 2806   -2.992469E-07
 2807   -2.990337E-07
 2808   -2.988208E-07
 2809   -2.986080E-07
 2810   -2.983955E-07
 2811   -2.858733E-07
 2812   -2.856700E-07
 2813   -2.854669E-07
 2814   -2.852641E-07
 2815   -2.850614E-07
 2816   -2.796208E-07
 2817   -2.794223E-07
 2818   -2.792240E-07
 2819   -2.790259E-07
 2820   -2.788281E-07
 2821   -2.719490E-07
 2822   -2.717563E-07
 2823   -2.715638E-07
 2824   -2.713715E-07
 2825   -2.711794E-07
 2826   -2.681503E-07
 2827   -2.679606E-07
 2828   -2.677711E-07
 2829   -2.675819E-07
 2830   -2.673928E-07
 2831   -2.615212E-07
 2832   -2.613366E-07
 2833   -2.611521E-07
 2834   -2.609678E-07
 2835   -2.607838E-07
 2836   -2.567110E-07
 2837   -2.565301E-07
 2838   -2.563493E-07
 2839   -2.561688E-07
 2840   -2.559884E-07
 2841   -2.421022E-07
 2842   -2.419318E-07
 2843   -2.417617E-07
 2844   -2.415917E-07
 2845   -2.414219E-07
 2846   -2.230211E-07
 2847   -2.228645E-07
 2848   -2.227080E-07
 2849   -2.225517E-07
 2850   -2.223955E-07
 2851   -2.009919E-07
 2852   -2.008510E-07
 2853   -2.007103E-07
 2854   -2.005696E-07
 2855   -2.004291E-07
 2856   -1.821559E-07
 2857   -1.820284E-07
 2858   -1.819011E-07
 2859   -1.817738E-07
 2860   -1.816467E-07
 2861   -1.708319E-07
 2862   -1.707125E-07
 2863   -1.705933E-07
 2864   -1.704742E-07
 2865   -1.703552E-07
 2866   -1.621091E-07
 2867   -1.619961E-07
 2868   -1.618831E-07
 2869   -1.617703E-07
 2870   -1.616576E-07
 2871   -1.571229E-07
 2872   -1.570136E-07
 2873   -1.569043E-07
 2874   -1.567951E-07
 2875   -1.566860E-07
 2876   -1.515772E-07
 2877   -1.514718E-07
 2878   -1.513666E-07
 2879   -1.512614E-07
 2880   -1.511564E-07
 2881   -1.495227E-07
 2882   -1.494190E-07
 2883   -1.493154E-07
 2884   -1.492118E-07
 2885   -1.491084E-07
 2886   -1.460844E-07
 2887   -1.459832E-07
 2888   -1.458821E-07
 2889   -1.457812E-07
 2890   -1.456803E-07
 2891   -1.409152E-07
 2892   -1.408177E-07
 2893   -1.407204E-07
 2894   -1.406232E-07
 2895   -1.405260E-07
 2896   -1.344521E-07
 2897   -1.343593E-07
 2898   -1.342666E-07
 2899   -1.341740E-07
 2900   -1.340815E-07
 2901   -1.234420E-07
 2902   -1.233569E-07
 2903   -1.232719E-07
 2904   -1.231870E-07
 2905   -1.231022E-07
 2906   -1.167049E-07
 2907   -1.166247E-07
 2908   -1.165445E-07
 2909   -1.164643E-07
 2910   -1.163843E-07
 2911   -1.088137E-07
 2912   -1.087390E-07
 2913   -1.086644E-07
 2914   -1.085898E-07
 2915   -1.085153E-07
 2916   -1.057379E-07
 2917   -1.056654E-07
 2918   -1.055930E-07
 2919   -1.055206E-07
 2920   -1.054484E-07
 2921   -1.059063E-07
 2922   -1.058338E-07
 2923   -1.057614E-07
 2924   -1.056891E-07
 2925   -1.056168E-07
 2926   -1.018039E-07
 2927   -1.017344E-07
 2928   -1.016649E-07
 2929   -1.015955E-07
 2930   -1.015262E-07
 2931   -1.026870E-07
 2932   -1.026169E-07
 2933   -1.025470E-07
 2934   -1.024771E-07
 2935   -1.024073E-07
 2936   -1.001965E-07
 2937   -1.001283E-07
 2938   -1.000601E-07
 2939   -9.999207E-08
 2940   -9.992406E-08
 2941   -9.761889E-08
 2942   -9.755254E-08
 2943   -9.748626E-08
 2944   -9.742004E-08
 2945   -9.735389E-08
 2946   -9.682397E-08
 2947   -9.675828E-08
 2948   -9.669264E-08
 2949   -9.662708E-08
 2950   -9.656158E-08
 2951   -9.065628E-08
 2952   -9.059487E-08
 2953   -9.053352E-08
 2954   -9.047224E-08
 2955   -9.041101E-08
 2956   -8.977334E-08
 2957   -8.971263E-08
 2958   -8.965198E-08
 2959   -8.959140E-08
 2960   -8.953087E-08
 2961   -8.745067E-08
 2962   -8.739164E-08
 2963   -8.733266E-08
 2964   -8.727374E-08
 2965   -8.721488E-08
 2966   -8.670727E-08
 2967   -8.664883E-08
 2968   -8.659045E-08
 2969   -8.653213E-08
 2970   -8.647387E-08
 2971   -8.673596E-08
 2972   -8.667760E-08
 2973   -8.661930E-08
 2974   -8.656106E-08
 2975   -8.650288E-08
 2976   -8.346629E-08
 2977   -8.341023E-08
 2978   -8.335422E-08
 2979   -8.329827E-08
 2980   -8.324237E-08
 2981   -8.577957E-08
 2982   -8.572205E-08
 2983   -8.566459E-08
 2984   -8.560718E-08
 2985   -8.554983E-08
 2986   -8.419700E-08
 2987   -8.414064E-08
 2988   -8.408433E-08
 2989   -8.402807E-08
 2990   -8.397188E-08
 2991   -8.548702E-08
 2992   -8.542988E-08
 2993   -8.537281E-08
 2994   -8.531579E-08
 2995   -8.525882E-08
 2996   -8.496864E-08
 2997   -8.491195E-08
 2998   -8.485531E-08
 2999   -8.479873E-08
 3000   -8.474221E-08
 3001   -8.413791E-08
 3002   -8.408186E-08
 3003   -8.402587E-08
 3004   -8.396994E-08
 3005   -8.391406E-08
 3006   -8.648563E-08
 3007   -8.642811E-08
 3008   -8.637066E-08
 3009   -8.631326E-08
 3010   -8.625592E-08
 3011   -8.491137E-08
 3012   -8.485499E-08
 3013   -8.479868E-08
 3014   -8.474242E-08
 3015   -8.468621E-08
 3016   -8.471479E-08
 3017   -8.465864E-08
 3018   -8.460255E-08
 3019   -8.454651E-08
 3020   -8.449053E-08
 3021   -8.460078E-08
 3022   -8.454480E-08
 3023   -8.448888E-08
 3024   -8.443301E-08
 3025   -8.437719E-08
 3026   -8.340324E-08
 3027   -8.334815E-08
 3028   -8.329310E-08
 3029   -8.323812E-08
 3030   -8.318318E-08
 3031   -8.739364E-08
 3032   -8.733601E-08
 3033   -8.727843E-08
 3034   -8.722090E-08
 3035   -8.716343E-08
 3036   -8.825177E-08
 3037   -8.819366E-08
 3038   -8.813561E-08
 3039   -8.807761E-08
 3040   -8.801968E-08
 3041   -9.286631E-08
 3042   -9.280526E-08
 3043   -9.274428E-08
 3044   -9.268335E-08
 3045   -9.262248E-08
 3046   -9.679518E-08
 3047   -9.673165E-08
 3048   -9.666819E-08
 3049   -9.660479E-08
 3050   -9.654146E-08
 3051   -1.028032E-07
 3052   -1.027358E-07
 3053   -1.026685E-07
 3054   -1.026013E-07
 3055   -1.025341E-07
 3056   -1.078734E-07
 3057   -1.078029E-07
 3058   -1.077324E-07
 3059   -1.076619E-07
 3060   -1.075916E-07
 3061   -1.083375E-07
 3062   -1.082668E-07
 3063   -1.081961E-07
 3064   -1.081255E-07
 3065   -1.080549E-07
 3066   -1.114721E-07
 3067   -1.113995E-07
 3068   -1.113268E-07
 3069   -1.112543E-07
 3070   -1.111818E-07
 3071   -1.102287E-07
 3072   -1.101570E-07
 3073   -1.100853E-07
 3074   -1.100137E-07
 3075   -1.099422E-07
 3076   -1.095517E-07
 3077   -1.094805E-07
 3078   -1.094094E-07
 3079   -1.093383E-07
 3080   -1.092673E-07
 3081   -1.029769E-07
 3082   -1.029101E-07
 3083   -1.028434E-07
 3084   -1.027767E-07
 3085   -1.027101E-07
 3086   -9.512945E-08
 3087   -9.506783E-08
 3088   -9.500627E-08
 3089   -9.494477E-08
 3090   -9.488332E-08
 3091   -8.303981E-08
 3092   -8.298611E-08
 3093   -8.293246E-08
 3094   -8.287886E-08
 3095   -8.282531E-08
 3096   -6.325622E-08
 3097   -6.321538E-08
 3098   -6.317457E-08
 3099   -6.313381E-08
 3100   -6.309308E-08
 3101   -4.290620E-08
 3102   -4.287854E-08
 3103   -4.285091E-08
 3104   -4.282330E-08
 3105   -4.279572E-08
 3106   -2.340784E-08
 3107   -2.339278E-08
 3108   -2.337773E-08
 3109   -2.336269E-08
 3110   -2.334767E-08
 3111   -1.062821E-08
 3112   -1.062138E-08
 3113   -1.061456E-08
 3114   -1.060774E-08
 3115   -1.060093E-08
 3116   -2.257447E-09
 3117   -2.255998E-09
 3118   -2.254552E-09
 3119   -2.253106E-09
 3120   -2.251662E-09
 3121    2.487611E-09
 3122    2.486017E-09
 3123    2.484425E-09
 3124    2.482835E-09
 3125    2.481246E-09
 3126    5.248118E-09
 3127    5.244762E-09
 3128    5.241409E-09
 3129    5.238060E-09
 3130    5.234713E-09
 3131    6.768082E-09
 3132    6.763761E-09
 3133    6.759444E-09
 3134    6.755131E-09
 3135    6.750822E-09
 3136    8.067053E-09
 3137    8.061911E-09
 3138    8.056773E-09
 3139    8.051641E-09
 3140    8.046513E-09
 3141    8.823372E-09
 3142    8.817756E-09
 3143    8.812146E-09
 3144    8.806541E-09
 3145    8.800942E-09
 3146    9.606779E-09
 3147    9.600674E-09
 3148    9.594576E-09
 3149    9.588483E-09
 3150    9.582396E-09
 3151    1.049518E-08
 3152    1.048852E-08
 3153    1.048187E-08
 3154    1.047522E-08
 3155    1.046858E-08
 3156    1.074842E-08
 3157    1.074162E-08
 3158    1.073481E-08
 3159    1.072802E-08
 3160    1.072123E-08
 3161    1.115006E-08
 3162    1.114301E-08
 3163    1.113597E-08
 3164    1.112893E-08
 3165    1.112190E-08
 3166    1.133723E-08
 3167    1.133007E-08
 3168    1.132292E-08
 3169    1.131577E-08
 3170    1.130863E-08
 3171    1.174619E-08
 3172    1.173879E-08
 3173    1.173139E-08
 3174    1.172400E-08
 3175    1.171661E-08
 3176    1.213941E-08
 3177    1.213177E-08
 3178    1.212414E-08
 3179    1.211651E-08
 3180    1.210889E-08
 3181    1.211014E-08
 3182    1.210253E-08
 3183    1.209492E-08
 3184    1.208733E-08
 3185    1.207974E-08
 3186    1.267535E-08
 3187    1.266740E-08
 3188    1.265946E-08
 3189    1.265152E-08
 3190    1.264359E-08
 3191    1.253542E-08
 3192    1.252757E-08
 3193    1.251972E-08
 3194    1.251188E-08
 3195    1.250405E-08
 3196    1.306398E-08
 3197    1.305581E-08
 3198    1.304765E-08
 3199    1.303949E-08
 3200    1.303134E-08
 3201    1.307065E-08
 3202    1.306249E-08
 3203    1.305433E-08
 3204    1.304619E-08
 3205    1.303805E-08
 3206    1.295117E-08
 3207    1.294309E-08
 3208    1.293502E-08
 3209    1.292696E-08
 3210    1.291891E-08
 3211    1.327669E-08
 3212    1.326842E-08
 3213    1.326016E-08
 3214    1.325191E-08
 3215    1.324367E-08
 3216    1.311777E-08
 3217    1.310962E-08
 3218    1.310147E-08
 3219    1.309333E-08
 3220    1.308520E-08
 3221    1.338267E-08
 3222    1.337436E-08
 3223    1.336606E-08
 3224    1.335777E-08
 3225    1.334949E-08
 3226    1.345484E-08
 3227    1.344650E-08
 3228    1.343817E-08
 3229    1.342985E-08
 3230    1.342154E-08
 3231    1.308056E-08
 3232    1.307246E-08
 3233    1.306438E-08
 3234    1.305630E-08
 3235    1.304823E-08
 3236    1.350326E-08
 3237    1.349492E-08
 3238    1.348659E-08
 3239    1.347826E-08
 3240    1.346994E-08
 3241    1.299752E-08
 3242    1.298951E-08
 3243    1.298150E-08
 3244    1.297350E-08
 3245    1.296550E-08
 3246    1.333526E-08
 3247    1.332704E-08
 3248    1.331884E-08
 3249    1.331064E-08
 3250    1.330245E-08
 3251    1.319916E-08
 3252    1.319105E-08
 3253    1.318294E-08
 3254    1.317484E-08
 3255    1.316674E-08
 3256    1.308495E-08
 3257    1.307691E-08
 3258    1.306889E-08
 3259    1.306087E-08
 3260    1.305286E-08
 3261    1.341646E-08
 3262    1.340823E-08
 3263    1.340002E-08
 3264    1.339181E-08
 3265    1.338360E-08
 3266    1.286980E-08
 3267    1.286193E-08
 3268    1.285406E-08
 3269    1.284619E-08
 3270    1.283834E-08
 3271    1.321271E-08
 3272    1.320463E-08
 3273    1.319656E-08
 3274    1.318850E-08
 3275    1.318045E-08
 3276    1.289192E-08
 3277    1.288406E-08
 3278    1.287620E-08
 3279    1.286834E-08
 3280    1.286050E-08
 3281    1.288732E-08
 3282    1.287946E-08
 3283    1.287162E-08
 3284    1.286378E-08
 3285    1.285595E-08
 3286    1.285974E-08
 3287    1.285192E-08
 3288    1.284410E-08
 3289    1.283629E-08
 3290    1.282849E-08
 3291    1.238650E-08
 3292    1.237898E-08
 3293    1.237146E-08
 3294    1.236395E-08
 3295    1.235645E-08
 3296    1.274571E-08
 3297    1.273798E-08
 3298    1.273025E-08
 3299    1.272254E-08
 3300    1.271483E-08
