   50    2.339909E-12
   51    1.713744E-12
   52    1.648470E-12
   53    1.586856E-12
   54    1.528633E-12
   55    1.473556E-12
   56    7.854229E-13
   57    7.581079E-13
   58    7.321935E-13
   59    7.075855E-13
   60    6.841974E-13
   61    4.207206E-13
   62    4.072592E-13
   63    3.944338E-13
   64    3.822047E-13
   65    3.705357E-13
   66    1.066701E-12
   67    1.035098E-12
   68    1.004880E-12
   69    9.759653E-13
   70    9.482811E-13
   71    7.417624E-13
   72    7.213020E-13
   73    7.016765E-13
   74    6.828413E-13
   75    6.647543E-13
   76    1.092593E-12
   77    1.064399E-12
   78    1.037283E-12
   79    1.011190E-12
   80    9.860689E-13
   81    1.586225E-12
   82    1.547774E-12
   83    1.510704E-12
   84    1.474950E-12
   85    1.440451E-12
   86    1.203885E-12
   87    1.176369E-12
   88    1.149786E-12
   89    1.124094E-12
   90    1.099254E-12
   91    1.230720E-12
   92    1.204111E-12
   93    1.178356E-12
   94    1.153419E-12
   95    1.129265E-12
   96    8.435012E-13
   97    8.261995E-13
   98    8.094248E-13
   99    7.931557E-13
  100    7.773723E-13
  101    3.152942E-13
  102    3.091424E-13
  103    3.031689E-13
  104    2.973669E-13
  105    2.917298E-13
  106    2.298551E-13
  107    2.255789E-13
  108    2.214210E-13
  109    2.173769E-13
  110    2.134426E-13
  111    5.455228E-13
  112    5.358250E-13
  113    5.263836E-13
  114    5.171894E-13
  115    5.082341E-13
  116    7.635767E-13
  117    7.505801E-13
  118    7.379125E-13
  119    7.255629E-13
  120    7.135208E-13
  121    1.334752E-12
  122    1.312961E-12
  123    1.291699E-12
  124    1.270950E-12
  125    1.250696E-12
  126    1.743601E-12
  127    1.716251E-12
  128    1.689540E-12
  129    1.663448E-12
  130    1.637955E-12
  131    1.555004E-12
  132    1.531533E-12
  133    1.508589E-12
  134    1.486157E-12
  135    1.464222E-12
  136    1.151363E-12
  137    1.134617E-12
  138    1.118233E-12
  139    1.102201E-12
  140    1.086512E-12
  141    6.475160E-13
  142    6.384283E-13
  143    6.295305E-13
  144    6.208175E-13
  145    6.122842E-13
  146    5.784928E-13
  147    5.706490E-13
  148    5.629637E-13
  149    5.554326E-13
  150    5.480516E-13
  151    9.305203E-13
  152    9.183170E-13
  153    9.063522E-13
  154    8.946197E-13
  155    8.831136E-13
  156    1.000172E-12
  157    9.874720E-13
  158    9.750121E-13
  159    9.627864E-13
  160    9.507893E-13
  161    2.412991E-12
  162    2.383293E-12
  163    2.354141E-12
  164    2.325519E-12
  165    2.297417E-12
  166    2.036126E-12
  167    2.011815E-12
  168    1.987936E-12
  169    1.964480E-12
  170    1.941437E-12
  171    2.404752E-12
  172    2.376871E-12
  173    2.349472E-12
  174    2.322545E-12
  175    2.296077E-12
  176    3.285398E-12
  177    3.248380E-12
  178    3.211984E-12
  179    3.176197E-12
  180    3.141004E-12
  181    1.904221E-12
  182    1.883353E-12
  183    1.862826E-12
  184    1.842633E-12
  185    1.822767E-12
  186    2.148722E-12
  187    2.125803E-12
  188    2.103248E-12
  189    2.081051E-12
  190    2.059203E-12
  191    1.810042E-12
  192    1.791237E-12
  193    1.772723E-12
  194    1.754495E-12
  195    1.736546E-12
  196    1.951979E-12
  197    1.932213E-12
  198    1.912745E-12
  199    1.893570E-12
  200    1.874682E-12
  201    1.853150E-12
  202    1.834848E-12
  203    1.816815E-12
  204    1.799047E-12
  205    1.781538E-12
  206    8.200019E-13
  207    8.120983E-13
  208    8.043085E-13
  209    7.966302E-13
  210    7.890614E-13
  211    8.943887E-14
  212    8.859710E-14
  213    8.776716E-14
  214    8.694882E-14
  215    8.614188E-14
  216    0.000000E+00
  217    0.000000E+00
  218    0.000000E+00
  219    0.000000E+00
  220    0.000000E+00
  221    0.000000E+00
  222    0.000000E+00
  223    0.000000E+00
  224    0.000000E+00
  225    0.000000E+00
  226    4.049473E-14
  227    4.013874E-14
  228    3.978742E-14
  229    3.944069E-14
  230    3.909847E-14
  231    0.000000E+00
  232    0.000000E+00
  233    0.000000E+00
  234    0.000000E+00
  235    0.000000E+00
  236    0.000000E+00
  237    0.000000E+00
  238    0.000000E+00
  239    0.000000E+00
  240    0.000000E+00
  241    0.000000E+00
  242    0.000000E+00
  243    0.000000E+00
  244    0.000000E+00
  245    0.000000E+00
  246    1.569411E-12
  247    1.556729E-12
  248    1.544200E-12
  249    1.531821E-12
  250    1.519591E-12
  251    1.784880E-11
  252    1.770743E-11
  253    1.756772E-11
  254    1.742967E-11
  255    1.729323E-11
  256    2.755254E-11
  257    2.733854E-11
  258    2.712702E-11
  259    2.691795E-11
  260    2.671129E-11
  261    5.458265E-11
  262    5.416679E-11
  263    5.375566E-11
  264    5.334919E-11
  265    5.294732E-11
  266    4.769287E-11
  267    4.733629E-11
  268    4.698369E-11
  269    4.663502E-11
  270    4.629022E-11
  271    9.904187E-11
  272    9.831496E-11
  273    9.759603E-11
  274    9.688495E-11
  275    9.618161E-11
  276    2.080802E-10
  277    2.065805E-10
  278    2.050970E-10
  279    2.036294E-10
  280    2.021775E-10
  281    9.191451E-10
  282    9.126379E-10
  283    9.061996E-10
  284    8.998291E-10
  285    8.935256E-10
  286    1.642795E-09
  287    1.631367E-09
  288    1.620058E-09
  289    1.608865E-09
  290    1.597789E-09
  291    2.676312E-09
  292    2.658013E-09
  293    2.639900E-09
  294    2.621972E-09
  295    2.604226E-09
  296    3.850138E-09
  297    3.824254E-09
  298    3.798631E-09
  299    3.773265E-09
  300    3.748152E-09
  301    4.554799E-09
  302    4.524685E-09
  303    4.494868E-09
  304    4.465345E-09
  305    4.436113E-09
  306    7.019565E-09
  307    6.973909E-09
  308    6.928698E-09
  309    6.883924E-09
  310    6.839584E-09
  311    6.891573E-09
  312    6.847467E-09
  313    6.803783E-09
  314    6.760516E-09
  315    6.717660E-09
  316    9.040511E-09
  317    8.983564E-09
  318    8.927152E-09
  319    8.871271E-09
  320    8.815912E-09
  321    1.092107E-08
  322    1.085334E-08
  323    1.078624E-08
  324    1.071976E-08
  325    1.065390E-08
  326    1.042318E-08
  327    1.035953E-08
  328    1.029646E-08
  329    1.023396E-08
  330    1.017203E-08
  331    1.380388E-08
  332    1.372085E-08
  333    1.363856E-08
  334    1.355702E-08
  335    1.347620E-08
  336    1.281335E-08
  337    1.273742E-08
  338    1.266216E-08
  339    1.258757E-08
  340    1.251363E-08
  341    1.698008E-08
  342    1.688093E-08
  343    1.678264E-08
  344    1.668521E-08
  345    1.658862E-08
  346    1.762499E-08
  347    1.752355E-08
  348    1.742299E-08
  349    1.732328E-08
  350    1.722444E-08
  351    1.733067E-08
  352    1.723235E-08
  353    1.713485E-08
  354    1.703818E-08
  355    1.694233E-08
  356    2.171087E-08
  357    2.158941E-08
  358    2.146897E-08
  359    2.134953E-08
  360    2.123109E-08
  361    2.025766E-08
  362    2.014589E-08
  363    2.003505E-08
  364    1.992512E-08
  365    1.981609E-08
  366    2.374356E-08
  367    2.361435E-08
  368    2.348618E-08
  369    2.335906E-08
  370    2.323297E-08
  371    2.318492E-08
  372    2.306044E-08
  373    2.293696E-08
  374    2.281446E-08
  375    2.269295E-08
  376    2.551926E-08
  377    2.538406E-08
  378    2.524993E-08
  379    2.511686E-08
  380    2.498484E-08
  381    2.828704E-08
  382    2.813914E-08
  383    2.799239E-08
  384    2.784679E-08
  385    2.770232E-08
  386    2.614754E-08
  387    2.601258E-08
  388    2.587867E-08
  389    2.574579E-08
  390    2.561393E-08
  391    3.066797E-08
  392    3.051170E-08
  393    3.035662E-08
  394    3.020272E-08
  395    3.004999E-08
  396    2.894149E-08
  397    2.879587E-08
  398    2.865135E-08
  399    2.850791E-08
  400    2.836555E-08
  401    3.291120E-08
  402    3.274767E-08
  403    3.258535E-08
  404    3.242424E-08
  405    3.226431E-08
  406    3.370780E-08
  407    3.354236E-08
  408    3.337814E-08
  409    3.321512E-08
  410    3.305329E-08
  411    3.339529E-08
  412    3.323337E-08
  413    3.307263E-08
  414    3.291305E-08
  415    3.275463E-08
  416    3.527105E-08
  417    3.510208E-08
  418    3.493433E-08
  419    3.476778E-08
  420    3.460242E-08
  421    3.641302E-08
  422    3.624065E-08
  423    3.606950E-08
  424    3.589956E-08
  425    3.573082E-08
  426    3.899565E-08
  427    3.881322E-08
  428    3.863206E-08
  429    3.845217E-08
  430    3.827353E-08
  431    4.072051E-08
  432    4.053221E-08
  433    4.034521E-08
  434    4.015950E-08
  435    3.997507E-08
  436    4.270635E-08
  437    4.251112E-08
  438    4.231723E-08
  439    4.212466E-08
  440    4.193340E-08
  441    4.159144E-08
  442    4.140345E-08
  443    4.121674E-08
  444    4.103129E-08
  445    4.084709E-08
  446    4.407004E-08
  447    4.387308E-08
  448    4.367743E-08
  449    4.348310E-08
  450    4.329005E-08
  451    4.520603E-08
  452    4.500623E-08
  453    4.480775E-08
  454    4.461057E-08
  455    4.441470E-08
  456    4.786146E-08
  457    4.765223E-08
  458    4.744437E-08
  459    4.723787E-08
  460    4.703271E-08
  461    4.832963E-08
  462    4.812064E-08
  463    4.791300E-08
  464    4.770670E-08
  465    4.750173E-08
  466    4.476234E-08
  467    4.457085E-08
  468    4.438058E-08
  469    4.419152E-08
  470    4.400368E-08
  471    5.210163E-08
  472    5.188109E-08
  473    5.166195E-08
  474    5.144420E-08
  475    5.122782E-08
  476    4.985591E-08
  477    4.964709E-08
  478    4.943958E-08
  479    4.923337E-08
  480    4.902844E-08
  481    5.487079E-08
  482    5.464335E-08
  483    5.441732E-08
  484    5.419269E-08
  485    5.396944E-08
  486    5.200688E-08
  487    5.179352E-08
  488    5.158147E-08
  489    5.137072E-08
  490    5.116126E-08
  491    4.997533E-08
  492    4.977239E-08
  493    4.957068E-08
  494    4.937019E-08
  495    4.917091E-08
  496    5.648623E-08
  497    5.625915E-08
  498    5.603344E-08
  499    5.580908E-08
  500    5.558607E-08
  501    5.193039E-08
  502    5.172370E-08
  503    5.151825E-08
  504    5.131401E-08
  505    5.111099E-08
  506    5.814368E-08
  507    5.791454E-08
  508    5.768675E-08
  509    5.746031E-08
  510    5.723520E-08
  511    5.662508E-08
  512    5.640410E-08
  513    5.618442E-08
  514    5.596601E-08
  515    5.574888E-08
  516    5.671207E-08
  517    5.649290E-08
  518    5.627499E-08
  519    5.605834E-08
  520    5.584294E-08
  521    6.131142E-08
  522    6.107673E-08
  523    6.084339E-08
  524    6.061139E-08
  525    6.038071E-08
  526    5.289298E-08
  527    5.269243E-08
  528    5.249303E-08
  529    5.229476E-08
  530    5.209760E-08
  531    6.215633E-08
  532    6.192288E-08
  533    6.169074E-08
  534    6.145990E-08
  535    6.123036E-08
  536    5.792728E-08
  537    5.771173E-08
  538    5.749739E-08
  539    5.728424E-08
  540    5.707227E-08
  541    6.271011E-08
  542    6.247892E-08
  543    6.224901E-08
  544    6.202036E-08
  545    6.179298E-08
  546    6.145374E-08
  547    6.122925E-08
  548    6.100599E-08
  549    6.078395E-08
  550    6.056312E-08
  551    5.704300E-08
  552    5.683651E-08
  553    5.663114E-08
  554    5.642688E-08
  555    5.622372E-08
  556    6.498793E-08
  557    6.475479E-08
  558    6.452290E-08
  559    6.429225E-08
  560    6.406284E-08
  561    5.873503E-08
  562    5.852620E-08
  563    5.831847E-08
  564    5.811185E-08
  565    5.790633E-08
  566    6.440671E-08
  567    6.417973E-08
  568    6.395394E-08
  569    6.372935E-08
  570    6.350593E-08
  571    6.013980E-08
  572    5.992971E-08
  573    5.972071E-08
  574    5.951281E-08
  575    5.930598E-08
  576    6.389529E-08
  577    6.367401E-08
  578    6.345388E-08
  579    6.323488E-08
  580    6.301702E-08
  581    6.370965E-08
  582    6.349091E-08
  583    6.327329E-08
  584    6.305678E-08
  585    6.284139E-08
  586    6.133693E-08
  587    6.112812E-08
  588    6.092038E-08
  589    6.071370E-08
  590    6.050806E-08
  591    6.614997E-08
  592    6.592668E-08
  593    6.570452E-08
  594    6.548348E-08
  595    6.526355E-08
  596    6.352962E-08
  597    6.331697E-08
  598    6.310539E-08
  599    6.289486E-08
  600    6.268539E-08
  601    6.663435E-08
  602    6.641316E-08
  603    6.619307E-08
  604    6.597407E-08
  605    6.575615E-08
  606    6.404153E-08
  607    6.383069E-08
  608    6.362089E-08
  609    6.341213E-08
  610    6.320439E-08
  611    6.159927E-08
  612    6.139813E-08
  613    6.119798E-08
  614    6.099880E-08
  615    6.080059E-08
  616    6.949813E-08
  617    6.927303E-08
  618    6.904903E-08
  619    6.882611E-08
  620    6.860427E-08
  621    6.443473E-08
  622    6.422771E-08
  623    6.402169E-08
  624    6.381666E-08
  625    6.361261E-08
  626    6.934249E-08
  627    6.912148E-08
  628    6.890152E-08
  629    6.868261E-08
  630    6.846475E-08
  631    6.529151E-08
  632    6.508506E-08
  633    6.487958E-08
  634    6.467507E-08
  635    6.447153E-08
  636    6.691232E-08
  637    6.670240E-08
  638    6.649347E-08
  639    6.628551E-08
  640    6.607853E-08
  641    7.151151E-08
  642    7.128891E-08
  643    7.106734E-08
  644    7.084681E-08
  645    7.062730E-08
  646    6.612239E-08
  647    6.591815E-08
  648    6.571485E-08
  649    6.551250E-08
  650    6.531108E-08
  651    7.297984E-08
  652    7.275614E-08
  653    7.253348E-08
  654    7.231183E-08
  655    7.209120E-08
  656    7.017643E-08
  657    6.996297E-08
  658    6.975048E-08
  659    6.953895E-08
  660    6.932839E-08
  661    7.246214E-08
  662    7.224338E-08
  663    7.202562E-08
  664    7.180884E-08
  665    7.159303E-08
  666    7.403712E-08
  667    7.381528E-08
  668    7.359444E-08
  669    7.337460E-08
  670    7.315573E-08
  671    7.034498E-08
  672    7.013578E-08
  673    6.992750E-08
  674    6.972016E-08
  675    6.951373E-08
  676    7.966789E-08
  677    7.943271E-08
  678    7.919857E-08
  679    7.896546E-08
  680    7.873338E-08
  681    7.494167E-08
  682    7.472206E-08
  683    7.450342E-08
  684    7.428573E-08
  685    7.406900E-08
  686    8.321466E-08
  687    8.297258E-08
  688    8.273156E-08
  689    8.249158E-08
  690    8.225265E-08
  691    8.221740E-08
  692    8.197995E-08
  693    8.174352E-08
  694    8.150812E-08
  695    8.127373E-08
  696    8.320689E-08
  697    8.296830E-08
  698    8.273074E-08
  699    8.249420E-08
  700    8.225867E-08
  701    9.086223E-08
  702    9.060354E-08
  703    9.034596E-08
  704    9.008948E-08
  705    8.983409E-08
  706    8.484948E-08
  707    8.460962E-08
  708    8.437078E-08
  709    8.413295E-08
  710    8.389612E-08
  711    9.539836E-08
  712    9.513058E-08
  713    9.486392E-08
  714    9.459838E-08
  715    9.433395E-08
  716    9.473716E-08
  717    9.447309E-08
  718    9.421012E-08
  719    9.394824E-08
  720    9.368745E-08
  721    1.025286E-07
  722    1.022448E-07
  723    1.019622E-07
  724    1.016807E-07
  725    1.014004E-07
  726    1.050637E-07
  727    1.047749E-07
  728    1.044873E-07
  729    1.042008E-07
  730    1.039155E-07
  731    1.038324E-07
  732    1.035489E-07
  733    1.032665E-07
  734    1.029854E-07
  735    1.027053E-07
  736    1.136396E-07
  737    1.133315E-07
  738    1.130245E-07
  739    1.127189E-07
  740    1.124144E-07
  741    1.156661E-07
  742    1.153546E-07
  743    1.150443E-07
  744    1.147352E-07
  745    1.144274E-07
  746    1.248361E-07
  747    1.245021E-07
  748    1.241695E-07
  749    1.238381E-07
  750    1.235081E-07
  751    1.305046E-07
  752    1.301577E-07
  753    1.298122E-07
  754    1.294681E-07
  755    1.291254E-07
  756    1.268775E-07
  757    1.265425E-07
  758    1.262089E-07
  759    1.258765E-07
  760    1.255455E-07
  761    1.513796E-07
  762    1.509826E-07
  763    1.505871E-07
  764    1.501931E-07
  765    1.498007E-07
  766    1.468439E-07
  767    1.464612E-07
  768    1.460800E-07
  769    1.457004E-07
  770    1.453222E-07
  771    1.572636E-07
  772    1.568565E-07
  773    1.564509E-07
  774    1.560469E-07
  775    1.556444E-07
  776    1.645801E-07
  777    1.641568E-07
  778    1.637351E-07
  779    1.633149E-07
  780    1.628965E-07
  781    1.770338E-07
  782    1.765813E-07
  783    1.761305E-07
  784    1.756815E-07
  785    1.752342E-07
  786    1.876043E-07
  787    1.871278E-07
  788    1.866532E-07
  789    1.861803E-07
  790    1.857093E-07
  791    1.938340E-07
  792    1.933448E-07
  793    1.928575E-07
  794    1.923720E-07
  795    1.918883E-07
  796    2.113542E-07
  797    2.108242E-07
  798    2.102962E-07
  799    2.097701E-07
  800    2.092460E-07
  801    2.167900E-07
  802    2.162497E-07
  803    2.157115E-07
  804    2.151752E-07
  805    2.146409E-07
  806    2.356607E-07
  807    2.350770E-07
  808    2.344955E-07
  809    2.339161E-07
  810    2.333389E-07
  811    2.465790E-07
  812    2.459720E-07
  813    2.453673E-07
  814    2.447648E-07
  815    2.441645E-07
  816    2.593390E-07
  817    2.587046E-07
  818    2.580724E-07
  819    2.574426E-07
  820    2.568151E-07
  821    2.821383E-07
  822    2.814523E-07
  823    2.807687E-07
  824    2.800877E-07
  825    2.794091E-07
  826    2.992282E-07
  827    2.985049E-07
  828    2.977844E-07
  829    2.970664E-07
  830    2.963510E-07
  831    3.237620E-07
  832    3.229842E-07
  833    3.222092E-07
  834    3.214369E-07
  835    3.206675E-07
  836    3.273542E-07
  837    3.265725E-07
  838    3.257935E-07
  839    3.250174E-07
  840    3.242440E-07
  841    3.395652E-07
  842    3.387591E-07
  843    3.379559E-07
  844    3.371555E-07
  845    3.363580E-07
  846    3.756262E-07
  847    3.747398E-07
  848    3.738565E-07
  849    3.729763E-07
  850    3.720992E-07
  851    3.683659E-07
  852    3.675017E-07
  853    3.666405E-07
  854    3.657823E-07
  855    3.649272E-07
  856    4.012347E-07
  857    4.002989E-07
  858    3.993664E-07
  859    3.984371E-07
  860    3.975110E-07
  861    3.986586E-07
  862    3.977341E-07
  863    3.968129E-07
  864    3.958949E-07
  865    3.949801E-07
  866    4.470803E-07
  867    4.460495E-07
  868    4.450224E-07
  869    4.439987E-07
  870    4.429786E-07
  871    4.664821E-07
  872    4.654128E-07
  873    4.643472E-07
  874    4.632852E-07
  875    4.622269E-07
  876    4.740797E-07
  877    4.729992E-07
  878    4.719223E-07
  879    4.708492E-07
  880    4.697797E-07
  881    5.164429E-07
  882    5.152725E-07
  883    5.141061E-07
  884    5.129436E-07
  885    5.117850E-07
  886    5.280137E-07
  887    5.268238E-07
  888    5.256379E-07
  889    5.244560E-07
  890    5.232781E-07
  891    5.710687E-07
  892    5.697890E-07
  893    5.685136E-07
  894    5.672425E-07
  895    5.659756E-07
  896    5.913252E-07
  897    5.900075E-07
  898    5.886942E-07
  899    5.873852E-07
  900    5.860807E-07
  901    6.083089E-07
  902    6.069609E-07
  903    6.056173E-07
  904    6.042782E-07
  905    6.029435E-07
  906    6.757389E-07
  907    6.742496E-07
  908    6.727653E-07
  909    6.712859E-07
  910    6.698114E-07
  911    6.739093E-07
  912    6.724323E-07
  913    6.709601E-07
  914    6.694927E-07
  915    6.680301E-07
  916    7.599449E-07
  917    7.582883E-07
  918    7.566372E-07
  919    7.549914E-07
  920    7.533510E-07
  921    7.516608E-07
  922    7.500311E-07
  923    7.484068E-07
  924    7.467878E-07
  925    7.451740E-07
  926    8.016886E-07
  927    7.999599E-07
  928    7.982367E-07
  929    7.965192E-07
  930    7.948072E-07
  931    8.846931E-07
  932    8.827957E-07
  933    8.809043E-07
  934    8.790190E-07
  935    8.771398E-07
  936    8.420900E-07
  937    8.402935E-07
  938    8.385028E-07
  939    8.367178E-07
  940    8.349385E-07
  941    9.345890E-07
  942    9.326058E-07
  943    9.306289E-07
  944    9.286582E-07
  945    9.266939E-07
  946    9.363825E-07
  947    9.344059E-07
  948    9.324356E-07
  949    9.304716E-07
  950    9.285137E-07
  951    9.954969E-07
  952    9.934067E-07
  953    9.913230E-07
  954    9.892458E-07
  955    9.871752E-07
  956    1.022183E-06
  957    1.020048E-06
  958    1.017919E-06
  959    1.015798E-06
  960    1.013682E-06
  961    1.022166E-06
  962    1.020042E-06
  963    1.017925E-06
  964    1.015814E-06
  965    1.013710E-06
  966    1.154789E-06
  967    1.152402E-06
  968    1.150022E-06
  969    1.147650E-06
  970    1.145285E-06
  971    1.109759E-06
  972    1.107477E-06
  973    1.105202E-06
  974    1.102933E-06
  975    1.100672E-06
  976    1.249256E-06
  977    1.246700E-06
  978    1.244152E-06
  979    1.241612E-06
  980    1.239079E-06
  981    1.265232E-06
  982    1.262656E-06
  983    1.260088E-06
  984    1.257529E-06
  985    1.254977E-06
  986    1.273158E-06
  987    1.270580E-06
  988    1.268009E-06
  989    1.265446E-06
  990    1.262891E-06
  991    1.373567E-06
  992    1.370799E-06
  993    1.368040E-06
  994    1.365289E-06
  995    1.362546E-06
  996    1.371631E-06
  997    1.368881E-06
  998    1.366139E-06
  999    1.363405E-06
 1000    1.360680E-06
 1001    1.453070E-06
 1002    1.450171E-06
 1003    1.447281E-06
 1004    1.444399E-06
 1005    1.441526E-06
 1006    1.471319E-06
 1007    1.468398E-06
 1008    1.465486E-06
 1009    1.462583E-06
 1010    1.459688E-06
 1011    1.529540E-06
 1012    1.526519E-06
 1013    1.523506E-06
 1014    1.520503E-06
 1015    1.517508E-06
 1016    1.708651E-06
 1017    1.705292E-06
 1018    1.701944E-06
 1019    1.698605E-06
 1020    1.695276E-06
 1021    1.655529E-06
 1022    1.652291E-06
 1023    1.649062E-06
 1024    1.645843E-06
 1025    1.642633E-06
 1026    1.752278E-06
 1027    1.748867E-06
 1028    1.745466E-06
 1029    1.742075E-06
 1030    1.738694E-06
 1031    1.804308E-06
 1032    1.800813E-06
 1033    1.797328E-06
 1034    1.793853E-06
 1035    1.790389E-06
 1036    1.869760E-06
 1037    1.866156E-06
 1038    1.862562E-06
 1039    1.858978E-06
 1040    1.855405E-06
 1041    1.992492E-06
 1042    1.988669E-06
 1043    1.984858E-06
 1044    1.981057E-06
 1045    1.977268E-06
 1046    1.983577E-06
 1047    1.979789E-06
 1048    1.976013E-06
 1049    1.972247E-06
 1050    1.968493E-06
 1051    2.057821E-06
 1052    2.053911E-06
 1053    2.050012E-06
 1054    2.046124E-06
 1055    2.042247E-06
 1056    2.065845E-06
 1057    2.061938E-06
 1058    2.058042E-06
 1059    2.054157E-06
 1060    2.050283E-06
 1061    2.139965E-06
 1062    2.135936E-06
 1063    2.131920E-06
 1064    2.127914E-06
 1065    2.123920E-06
 1066    2.234027E-06
 1067    2.229842E-06
 1068    2.225668E-06
 1069    2.221506E-06
 1070    2.217355E-06
 1071    2.294149E-06
 1072    2.289871E-06
 1073    2.285605E-06
 1074    2.281351E-06
 1075    2.277108E-06
 1076    2.265154E-06
 1077    2.260949E-06
 1078    2.256756E-06
 1079    2.252575E-06
 1080    2.248406E-06
 1081    2.461789E-06
 1082    2.457240E-06
 1083    2.452704E-06
 1084    2.448181E-06
 1085    2.443671E-06
 1086    2.486840E-06
 1087    2.482266E-06
 1088    2.477705E-06
 1089    2.473157E-06
 1090    2.468621E-06
 1091    2.514116E-06
 1092    2.509513E-06
 1093    2.504924E-06
 1094    2.500346E-06
 1095    2.495782E-06
 1096    2.627926E-06
 1097    2.623137E-06
 1098    2.618361E-06
 1099    2.613598E-06
 1100    2.608848E-06
 1101    2.736257E-06
 1102    2.731293E-06
 1103    2.726343E-06
 1104    2.721406E-06
 1105    2.716483E-06
 1106    2.694809E-06
 1107    2.689942E-06
 1108    2.685089E-06
 1109    2.680249E-06
 1110    2.675422E-06
 1111    2.826052E-06
 1112    2.820971E-06
 1113    2.815904E-06
 1114    2.810851E-06
 1115    2.805812E-06
 1116    2.879992E-06
 1117    2.874838E-06
 1118    2.869697E-06
 1119    2.864571E-06
 1120    2.859458E-06
 1121    3.127262E-06
 1122    3.121690E-06
 1123    3.116133E-06
 1124    3.110591E-06
 1125    3.105063E-06
 1126    3.036050E-06
 1127    3.030664E-06
 1128    3.025293E-06
 1129    3.019936E-06
 1130    3.014594E-06
 1131    3.195983E-06
 1132    3.190339E-06
 1133    3.184709E-06
 1134    3.179095E-06
 1135    3.173496E-06
 1136    3.246161E-06
 1137    3.240453E-06
 1138    3.234761E-06
 1139    3.229083E-06
 1140    3.223420E-06
 1141    3.320420E-06
 1142    3.314608E-06
 1143    3.308810E-06
 1144    3.303028E-06
 1145    3.297261E-06
 1146    3.482707E-06
 1147    3.476637E-06
 1148    3.470583E-06
 1149    3.464544E-06
 1150    3.458522E-06
 1151    3.338413E-06
 1152    3.332619E-06
 1153    3.326841E-06
 1154    3.321078E-06
 1155    3.315330E-06
 1156    3.473836E-06
 1157    3.467834E-06
 1158    3.461847E-06
 1159    3.455876E-06
 1160    3.449920E-06
 1161    3.452519E-06
 1162    3.446580E-06
 1163    3.440655E-06
 1164    3.434746E-06
 1165    3.428852E-06
 1166    3.553653E-06
 1167    3.547566E-06
 1168    3.541494E-06
 1169    3.535437E-06
 1170    3.529396E-06
 1171    3.782974E-06
 1172    3.776521E-06
 1173    3.770085E-06
 1174    3.763665E-06
 1175    3.757261E-06
 1176    3.596666E-06
 1177    3.590557E-06
 1178    3.584463E-06
 1179    3.578385E-06
 1180    3.572323E-06
 1181    3.895330E-06
 1182    3.888742E-06
 1183    3.882170E-06
 1184    3.875615E-06
 1185    3.869077E-06
 1186    4.017706E-06
 1187    4.010939E-06
 1188    4.004190E-06
 1189    3.997457E-06
 1190    3.990742E-06
 1191    3.985743E-06
 1192    3.979059E-06
 1193    3.972391E-06
 1194    3.965740E-06
 1195    3.959105E-06
 1196    4.144549E-06
 1197    4.137627E-06
 1198    4.130723E-06
 1199    4.123835E-06
 1200    4.116965E-06
 1201    4.088128E-06
 1202    4.081329E-06
 1203    4.074546E-06
 1204    4.067781E-06
 1205    4.061032E-06
 1206    4.317471E-06
 1207    4.310320E-06
 1208    4.303187E-06
 1209    4.296071E-06
 1210    4.288973E-06
 1211    4.261629E-06
 1212    4.254600E-06
 1213    4.247588E-06
 1214    4.240593E-06
 1215    4.233615E-06
 1216    4.360594E-06
 1217    4.353431E-06
 1218    4.346285E-06
 1219    4.339157E-06
 1220    4.332047E-06
 1221    4.607325E-06
 1222    4.599788E-06
 1223    4.592269E-06
 1224    4.584768E-06
 1225    4.577286E-06
 1226    4.435626E-06
 1227    4.428398E-06
 1228    4.421189E-06
 1229    4.413997E-06
 1230    4.406823E-06
 1231    4.832666E-06
 1232    4.824824E-06
 1233    4.817001E-06
 1234    4.809197E-06
 1235    4.801412E-06
 1236    4.705924E-06
 1237    4.698319E-06
 1238    4.690731E-06
 1239    4.683163E-06
 1240    4.675612E-06
 1241    4.765013E-06
 1242    4.757343E-06
 1243    4.749691E-06
 1244    4.742058E-06
 1245    4.734443E-06
 1246    4.948542E-06
 1247    4.940608E-06
 1248    4.932694E-06
 1249    4.924798E-06
 1250    4.916922E-06
 1251    4.791933E-06
 1252    4.784281E-06
 1253    4.776648E-06
 1254    4.769032E-06
 1255    4.761435E-06
 1256    5.116097E-06
 1257    5.107960E-06
 1258    5.099843E-06
 1259    5.091745E-06
 1260    5.083666E-06
 1261    4.813105E-06
 1262    4.805480E-06
 1263    4.797873E-06
 1264    4.790285E-06
 1265    4.782714E-06
 1266    5.055377E-06
 1267    5.047400E-06
 1268    5.039442E-06
 1269    5.031503E-06
 1270    5.023582E-06
 1271    5.200407E-06
 1272    5.192234E-06
 1273    5.184079E-06
 1274    5.175944E-06
 1275    5.167828E-06
 1276    5.072513E-06
 1277    5.064572E-06
 1278    5.056649E-06
 1279    5.048745E-06
 1280    5.040859E-06
 1281    5.243143E-06
 1282    5.234966E-06
 1283    5.226809E-06
 1284    5.218671E-06
 1285    5.210551E-06
 1286    5.217309E-06
 1287    5.209204E-06
 1288    5.201119E-06
 1289    5.193052E-06
 1290    5.185004E-06
 1291    5.473764E-06
 1292    5.465294E-06
 1293    5.456844E-06
 1294    5.448413E-06
 1295    5.440001E-06
 1296    5.328175E-06
 1297    5.319962E-06
 1298    5.311768E-06
 1299    5.303593E-06
 1300    5.295437E-06
 1301    5.358877E-06
 1302    5.350649E-06
 1303    5.342439E-06
 1304    5.334248E-06
 1305    5.326076E-06
 1306    5.329119E-06
 1307    5.320967E-06
 1308    5.312834E-06
 1309    5.304720E-06
 1310    5.296624E-06
 1311    5.363440E-06
 1312    5.355267E-06
 1313    5.347113E-06
 1314    5.338977E-06
 1315    5.330860E-06
 1316    5.531496E-06
 1317    5.523099E-06
 1318    5.514721E-06
 1319    5.506362E-06
 1320    5.498022E-06
 1321    5.469976E-06
 1322    5.461704E-06
 1323    5.453450E-06
 1324    5.445216E-06
 1325    5.437000E-06
 1326    5.601683E-06
 1327    5.593243E-06
 1328    5.584823E-06
 1329    5.576422E-06
 1330    5.568039E-06
 1331    5.654686E-06
 1332    5.646199E-06
 1333    5.637730E-06
 1334    5.629281E-06
 1335    5.620851E-06
 1336    5.781365E-06
 1337    5.772720E-06
 1338    5.764095E-06
 1339    5.755488E-06
 1340    5.746901E-06
 1341    5.924072E-06
 1342    5.915247E-06
 1343    5.906441E-06
 1344    5.897655E-06
 1345    5.888888E-06
 1346    5.836091E-06
 1347    5.827429E-06
 1348    5.818786E-06
 1349    5.810163E-06
 1350    5.801558E-06
 1351    5.911962E-06
 1352    5.903220E-06
 1353    5.894497E-06
 1354    5.885793E-06
 1355    5.877109E-06
 1356    5.930812E-06
 1357    5.922075E-06
 1358    5.913356E-06
 1359    5.904657E-06
 1360    5.895977E-06
 1361    5.914814E-06
 1362    5.906132E-06
 1363    5.897469E-06
 1364    5.888825E-06
 1365    5.880200E-06
 1366    5.950368E-06
 1367    5.941665E-06
 1368    5.932982E-06
 1369    5.924317E-06
 1370    5.915672E-06
 1371    6.036045E-06
 1372    6.027249E-06
 1373    6.018472E-06
 1374    6.009715E-06
 1375    6.000977E-06
 1376    6.381154E-06
 1377    6.371889E-06
 1378    6.362645E-06
 1379    6.353420E-06
 1380    6.344215E-06
 1381    6.216479E-06
 1382    6.207486E-06
 1383    6.198513E-06
 1384    6.189559E-06
 1385    6.180624E-06
 1386    6.438309E-06
 1387    6.429028E-06
 1388    6.419768E-06
 1389    6.410528E-06
 1390    6.401307E-06
 1391    6.251619E-06
 1392    6.242640E-06
 1393    6.233680E-06
 1394    6.224740E-06
 1395    6.215818E-06
 1396    6.555886E-06
 1397    6.546503E-06
 1398    6.537141E-06
 1399    6.527799E-06
 1400    6.518477E-06
 1401    6.610076E-06
 1402    6.600649E-06
 1403    6.591244E-06
 1404    6.581858E-06
 1405    6.572492E-06
 1406    6.466695E-06
 1407    6.457506E-06
 1408    6.448337E-06
 1409    6.439187E-06
 1410    6.430057E-06
 1411    6.619697E-06
 1412    6.610324E-06
 1413    6.600971E-06
 1414    6.591638E-06
 1415    6.582325E-06
 1416    6.597728E-06
 1417    6.588419E-06
 1418    6.579130E-06
 1419    6.569861E-06
 1420    6.560610E-06
 1421    6.777336E-06
 1422    6.767807E-06
 1423    6.758298E-06
 1424    6.748809E-06
 1425    6.739341E-06
 1426    7.100445E-06
 1427    7.090497E-06
 1428    7.080570E-06
 1429    7.070663E-06
 1430    7.060778E-06
 1431    7.038075E-06
 1432    7.028249E-06
 1433    7.018443E-06
 1434    7.008658E-06
 1435    6.998893E-06
 1436    7.204753E-06
 1437    7.194729E-06
 1438    7.184726E-06
 1439    7.174744E-06
 1440    7.164783E-06
 1441    7.105418E-06
 1442    7.095566E-06
 1443    7.085735E-06
 1444    7.075925E-06
 1445    7.066134E-06
 1446    7.119055E-06
 1447    7.109219E-06
 1448    7.099403E-06
 1449    7.089607E-06
 1450    7.079832E-06
 1451    7.120618E-06
 1452    7.110813E-06
 1453    7.101029E-06
 1454    7.091265E-06
 1455    7.081520E-06
 1456    7.007808E-06
 1457    6.998191E-06
 1458    6.988595E-06
 1459    6.979018E-06
 1460    6.969461E-06
 1461    7.650799E-06
 1462    7.640336E-06
 1463    7.629895E-06
 1464    7.619475E-06
 1465    7.609077E-06
 1466    7.518293E-06
 1467    7.508047E-06
 1468    7.497821E-06
 1469    7.487617E-06
 1470    7.477433E-06
 1471    7.946373E-06
 1472    7.935580E-06
 1473    7.924809E-06
 1474    7.914060E-06
 1475    7.903332E-06
 1476    7.850762E-06
 1477    7.840135E-06
 1478    7.829529E-06
 1479    7.818945E-06
 1480    7.808383E-06
 1481    8.169435E-06
 1482    8.158414E-06
 1483    8.147415E-06
 1484    8.136439E-06
 1485    8.125484E-06
 1486    8.543145E-06
 1487    8.531658E-06
 1488    8.520195E-06
 1489    8.508754E-06
 1490    8.497337E-06
 1491    8.296006E-06
 1492    8.284889E-06
 1493    8.273794E-06
 1494    8.262722E-06
 1495    8.251672E-06
 1496    8.108012E-06
 1497    8.097184E-06
 1498    8.086377E-06
 1499    8.075591E-06
 1500    8.064827E-06
 1501    7.657990E-06
 1502    7.647796E-06
 1503    7.637623E-06
 1504    7.627470E-06
 1505    7.617337E-06
 1506    7.355554E-06
 1507    7.345795E-06
 1508    7.336056E-06
 1509    7.326336E-06
 1510    7.316636E-06
 1511    7.441715E-06
 1512    7.431875E-06
 1513    7.422054E-06
 1514    7.412253E-06
 1515    7.402471E-06
 1516    7.640548E-06
 1517    7.630478E-06
 1518    7.620428E-06
 1519    7.610398E-06
 1520    7.600388E-06
 1521    8.687899E-06
 1522    8.676487E-06
 1523    8.665096E-06
 1524    8.653729E-06
 1525    8.642383E-06
 1526    1.026792E-05
 1527    1.025447E-05
 1528    1.024106E-05
 1529    1.022767E-05
 1530    1.021430E-05
 1531    1.143609E-05
 1532    1.142116E-05
 1533    1.140627E-05
 1534    1.139140E-05
 1535    1.137656E-05
 1536    1.239533E-05
 1537    1.237920E-05
 1538    1.236311E-05
 1539    1.234705E-05
 1540    1.233102E-05
 1541    1.268632E-05
 1542    1.266987E-05
 1543    1.265345E-05
 1544    1.263707E-05
 1545    1.262072E-05
 1546    1.405244E-05
 1547    1.403428E-05
 1548    1.401615E-05
 1549    1.399806E-05
 1550    1.398001E-05
 1551    1.423237E-05
 1552    1.421404E-05
 1553    1.419574E-05
 1554    1.417747E-05
 1555    1.415925E-05
 1556    1.568010E-05
 1557    1.565997E-05
 1558    1.563987E-05
 1559    1.561981E-05
 1560    1.559979E-05
 1561    1.680602E-05
 1562    1.678451E-05
 1563    1.676304E-05
 1564    1.674161E-05
 1565    1.672022E-05
 1566    1.774486E-05
 1567    1.772222E-05
 1568    1.769962E-05
 1569    1.767707E-05
 1570    1.765456E-05
 1571    1.819532E-05
 1572    1.817218E-05
 1573    1.814908E-05
 1574    1.812602E-05
 1575    1.810302E-05
 1576    1.753810E-05
 1577    1.751586E-05
 1578    1.749367E-05
 1579    1.747152E-05
 1580    1.744941E-05
 1581    1.547285E-05
 1582    1.545330E-05
 1583    1.543378E-05
 1584    1.541430E-05
 1585    1.539485E-05
 1586    1.267638E-05
 1587    1.266041E-05
 1588    1.264447E-05
 1589    1.262856E-05
 1590    1.261268E-05
 1591    8.144418E-06
 1592    8.134189E-06
 1593    8.123980E-06
 1594    8.113790E-06
 1595    8.103619E-06
 1596    1.823833E-06
 1597    1.821549E-06
 1598    1.819270E-06
 1599    1.816995E-06
 1600    1.814725E-06
 1601   -5.899784E-06
 1602   -5.892421E-06
 1603   -5.885071E-06
 1604   -5.877736E-06
 1605   -5.870414E-06
 1606   -1.327176E-05
 1607   -1.325525E-05
 1608   -1.323877E-05
 1609   -1.322232E-05
 1610   -1.320590E-05
 1611   -1.893077E-05
 1612   -1.890729E-05
 1613   -1.888386E-05
 1614   -1.886047E-05
 1615   -1.883712E-05
 1616   -2.036008E-05
 1617   -2.033491E-05
 1618   -2.030978E-05
 1619   -2.028470E-05
 1620   -2.025966E-05
 1621   -1.714007E-05
 1622   -1.711894E-05
 1623   -1.709785E-05
 1624   -1.707680E-05
 1625   -1.705579E-05
 1626   -5.771494E-06
 1627   -5.764401E-06
 1628   -5.757322E-06
 1629   -5.750255E-06
 1630   -5.743202E-06
 1631    1.563345E-05
 1632    1.561430E-05
 1633    1.559518E-05
 1634    1.557610E-05
 1635    1.555705E-05
 1636    4.779183E-05
 1637    4.773346E-05
 1638    4.767519E-05
 1639    4.761704E-05
 1640    4.755898E-05
 1641    9.352227E-05
 1642    9.340840E-05
 1643    9.329473E-05
 1644    9.318126E-05
 1645    9.306801E-05
 1646    1.480373E-04
 1647    1.478575E-04
 1648    1.476782E-04
 1649    1.474991E-04
 1650    1.473204E-04
 1651    2.155169E-04
 1652    2.152561E-04
 1653    2.149957E-04
 1654    2.147358E-04
 1655    2.144764E-04
 1656    2.699837E-04
 1657    2.696579E-04
 1658    2.693327E-04
 1659    2.690082E-04
 1660    2.686841E-04
 1661    3.077294E-04
 1662    3.073592E-04
 1663    3.069897E-04
 1664    3.066208E-04
 1665    3.062526E-04
 1666    3.459332E-04
 1667    3.455183E-04
 1668    3.451042E-04
 1669    3.446907E-04
 1670    3.442781E-04
 1671    3.415211E-04
 1672    3.411127E-04
 1673    3.407050E-04
 1674    3.402981E-04
 1675    3.398919E-04
 1676    2.928843E-04
 1677    2.925351E-04
 1678    2.921865E-04
 1679    2.918386E-04
 1680    2.914912E-04
 1681    1.532440E-04
 1682    1.530618E-04
 1683    1.528800E-04
 1684    1.526985E-04
 1685    1.525173E-04
 1686   -9.684586E-05
 1687   -9.673108E-05
 1688   -9.661650E-05
 1689   -9.650213E-05
 1690   -9.638796E-05
 1691   -4.938864E-04
 1692   -4.933028E-04
 1693   -4.927202E-04
 1694   -4.921387E-04
 1695   -4.915582E-04
 1696   -1.033538E-03
 1697   -1.032321E-03
 1698   -1.031105E-03
 1699   -1.029892E-03
 1700   -1.028680E-03
 1701   -1.630788E-03
 1702   -1.628873E-03
 1703   -1.626960E-03
 1704   -1.625051E-03
 1705   -1.623146E-03
 1706   -2.085360E-03
 1707   -2.082917E-03
 1708   -2.080479E-03
 1709   -2.078045E-03
 1710   -2.075615E-03
 1711   -2.350778E-03
 1712   -2.348032E-03
 1713   -2.345292E-03
 1714   -2.342556E-03
 1715   -2.339825E-03
 1716   -2.449505E-03
 1717   -2.446652E-03
 1718   -2.443805E-03
 1719   -2.440963E-03
 1720   -2.438125E-03
 1721   -2.228802E-03
 1722   -2.226214E-03
 1723   -2.223631E-03
 1724   -2.221052E-03
 1725   -2.218477E-03
 1726   -1.773869E-03
 1727   -1.771815E-03
 1728   -1.769765E-03
 1729   -1.767719E-03
 1730   -1.765676E-03
 1731   -6.592800E-04
 1732   -6.585189E-04
 1733   -6.577592E-04
 1734   -6.570007E-04
 1735   -6.562436E-04
 1736    1.304475E-03
 1737    1.302973E-03
 1738    1.301474E-03
 1739    1.299978E-03
 1740    1.298484E-03
 1741    4.516153E-03
 1742    4.510969E-03
 1743    4.505795E-03
 1744    4.500629E-03
 1745    4.495472E-03
 1746    8.809480E-03
 1747    8.799397E-03
 1748    8.789332E-03
 1749    8.779284E-03
 1750    8.769254E-03
 1751    1.398416E-02
 1752    1.396820E-02
 1753    1.395227E-02
 1754    1.393636E-02
 1755    1.392049E-02
 1756    1.810627E-02
 1757    1.808566E-02
 1758    1.806509E-02
 1759    1.804456E-02
 1760    1.802406E-02
 1761    2.154999E-02
 1762    2.152554E-02
 1763    2.150113E-02
 1764    2.147676E-02
 1765    2.145243E-02
 1766    2.270908E-02
 1767    2.268338E-02
 1768    2.265773E-02
 1769    2.263212E-02
 1770    2.260656E-02
 1771    2.359987E-02
 1772    2.357324E-02
 1773    2.354665E-02
 1774    2.352012E-02
 1775    2.349362E-02
 1776    2.419617E-02
 1777    2.416895E-02
 1778    2.414177E-02
 1779    2.411464E-02
 1780    2.408755E-02
 1781    2.300426E-02
 1782    2.297845E-02
 1783    2.295268E-02
 1784    2.292696E-02
 1785    2.290128E-02
 1786    2.147194E-02
 1787    2.144791E-02
 1788    2.142393E-02
 1789    2.139998E-02
 1790    2.137608E-02
 1791    1.803870E-02
 1792    1.801857E-02
 1793    1.799848E-02
 1794    1.797842E-02
 1795    1.795840E-02
 1796    1.378257E-02
 1797    1.376724E-02
 1798    1.375193E-02
 1799    1.373664E-02
 1800    1.372138E-02
 1801    8.695063E-03
 1802    8.685415E-03
 1803    8.675784E-03
 1804    8.666168E-03
 1805    8.656568E-03
 1806    4.118039E-03
 1807    4.113483E-03
 1808    4.108934E-03
 1809    4.104392E-03
 1810    4.099858E-03
 1811    9.497136E-04
 1812    9.486656E-04
 1813    9.476194E-04
 1814    9.465749E-04
 1815    9.455321E-04
 1816   -9.832078E-04
 1817   -9.821259E-04
 1818   -9.810457E-04
 1819   -9.799674E-04
 1820   -9.788908E-04
 1821   -2.097810E-03
 1822   -2.095508E-03
 1823   -2.093210E-03
 1824   -2.090915E-03
 1825   -2.088625E-03
 1826   -2.573466E-03
 1827   -2.570649E-03
 1828   -2.567838E-03
 1829   -2.565030E-03
 1830   -2.562228E-03
 1831   -2.741760E-03
 1832   -2.738767E-03
 1833   -2.735780E-03
 1834   -2.732797E-03
 1835   -2.729820E-03
 1836   -2.679833E-03
 1837   -2.676916E-03
 1838   -2.674004E-03
 1839   -2.671097E-03
 1840   -2.668194E-03
 1841   -2.344883E-03
 1842   -2.342337E-03
 1843   -2.339796E-03
 1844   -2.337259E-03
 1845   -2.334726E-03
 1846   -1.833276E-03
 1847   -1.831291E-03
 1848   -1.829310E-03
 1849   -1.827332E-03
 1850   -1.825357E-03
 1851   -1.171449E-03
 1852   -1.170184E-03
 1853   -1.168921E-03
 1854   -1.167660E-03
 1855   -1.166402E-03
 1856   -5.897784E-04
 1857   -5.891433E-04
 1858   -5.885093E-04
 1859   -5.878764E-04
 1860   -5.872444E-04
 1861   -1.666272E-04
 1862   -1.664483E-04
 1863   -1.662696E-04
 1864   -1.660913E-04
 1865   -1.659132E-04
 1866    9.816895E-05
 1867    9.806381E-05
 1868    9.795885E-05
 1869    9.785405E-05
 1870    9.774942E-05
 1871    2.444766E-04
 1872    2.442154E-04
 1873    2.439547E-04
 1874    2.436945E-04
 1875    2.434346E-04
 1876    2.963847E-04
 1877    2.960689E-04
 1878    2.957537E-04
 1879    2.954390E-04
 1880    2.951248E-04
 1881    3.072919E-04
 1882    3.069655E-04
 1883    3.066395E-04
 1884    3.063141E-04
 1885    3.059892E-04
 1886    2.773627E-04
 1887    2.770688E-04
 1888    2.767754E-04
 1889    2.764824E-04
 1890    2.761899E-04
 1891    2.339466E-04
 1892    2.336994E-04
 1893    2.334526E-04
 1894    2.332061E-04
 1895    2.329601E-04
 1896    1.782306E-04
 1897    1.780427E-04
 1898    1.778552E-04
 1899    1.776679E-04
 1900    1.774809E-04
 1901    1.065984E-04
 1902    1.064864E-04
 1903    1.063745E-04
 1904    1.062628E-04
 1905    1.061512E-04
 1906    4.759186E-05
 1907    4.754196E-05
 1908    4.749214E-05
 1909    4.744240E-05
 1910    4.739273E-05
 1911    1.175373E-06
 1912    1.174144E-06
 1913    1.172917E-06
 1914    1.171691E-06
 1915    1.170468E-06
 1916   -3.170954E-05
 1917   -3.167647E-05
 1918   -3.164345E-05
 1919   -3.161048E-05
 1920   -3.157756E-05
 1921   -5.268075E-05
 1922   -5.262594E-05
 1923   -5.257122E-05
 1924   -5.251659E-05
 1925   -5.246204E-05
 1926   -6.286084E-05
 1927   -6.279561E-05
 1928   -6.273049E-05
 1929   -6.266547E-05
 1930   -6.260055E-05
 1931   -6.683620E-05
 1932   -6.676703E-05
 1933   -6.669796E-05
 1934   -6.662901E-05
 1935   -6.656016E-05
 1936   -6.230538E-05
 1937   -6.224107E-05
 1938   -6.217685E-05
 1939   -6.211274E-05
 1940   -6.204872E-05
 1941   -5.512564E-05
 1942   -5.506889E-05
 1943   -5.501222E-05
 1944   -5.495563E-05
 1945   -5.489914E-05
 1946   -4.488989E-05
 1947   -4.484379E-05
 1948   -4.479777E-05
 1949   -4.475181E-05
 1950   -4.470592E-05
 1951   -3.229129E-05
 1952   -3.225821E-05
 1953   -3.222519E-05
 1954   -3.219221E-05
 1955   -3.215929E-05
 1956   -2.365014E-05
 1957   -2.362598E-05
 1958   -2.360185E-05
 1959   -2.357776E-05
 1960   -2.355371E-05
 1961   -1.570403E-05
 1962   -1.568802E-05
 1963   -1.567204E-05
 1964   -1.565609E-05
 1965   -1.564016E-05
 1966   -1.162929E-05
 1967   -1.161747E-05
 1968   -1.160567E-05
 1969   -1.159388E-05
 1970   -1.158211E-05
 1971   -8.851142E-06
 1972   -8.842168E-06
 1973   -8.833207E-06
 1974   -8.824259E-06
 1975   -8.815326E-06
 1976   -7.538350E-06
 1977   -7.530726E-06
 1978   -7.523114E-06
 1979   -7.515513E-06
 1980   -7.507923E-06
 1981   -7.472521E-06
 1982   -7.464983E-06
 1983   -7.457456E-06
 1984   -7.449940E-06
 1985   -7.442436E-06
 1986   -7.842884E-06
 1987   -7.834991E-06
 1988   -7.827111E-06
 1989   -7.819243E-06
 1990   -7.811386E-06
 1991   -8.491492E-06
 1992   -8.482969E-06
 1993   -8.474458E-06
 1994   -8.465960E-06
 1995   -8.457475E-06
 1996   -8.450081E-06
 1997   -8.441620E-06
 1998   -8.433172E-06
 1999   -8.424737E-06
 2000   -8.416314E-06
 2001   -8.241884E-06
 2002   -8.233652E-06
 2003   -8.225433E-06
 2004   -8.217226E-06
 2005   -8.209031E-06
 2006   -8.100841E-06
 2007   -8.092770E-06
 2008   -8.084712E-06
 2009   -8.076665E-06
 2010   -8.068631E-06
 2011   -8.106280E-06
 2012   -8.098224E-06
 2013   -8.090180E-06
 2014   -8.082148E-06
 2015   -8.074128E-06
 2016   -8.798550E-06
 2017   -8.789828E-06
 2018   -8.781118E-06
 2019   -8.772422E-06
 2020   -8.763739E-06
 2021   -9.474663E-06
 2022   -9.465293E-06
 2023   -9.455938E-06
 2024   -9.446597E-06
 2025   -9.437269E-06
 2026   -1.011538E-05
 2027   -1.010540E-05
 2028   -1.009544E-05
 2029   -1.008549E-05
 2030   -1.007556E-05
 2031   -1.087419E-05
 2032   -1.086349E-05
 2033   -1.085280E-05
 2034   -1.084214E-05
 2035   -1.083148E-05
 2036   -1.063602E-05
 2037   -1.062558E-05
 2038   -1.061516E-05
 2039   -1.060475E-05
 2040   -1.059435E-05
 2041   -1.049163E-05
 2042   -1.048135E-05
 2043   -1.047110E-05
 2044   -1.046085E-05
 2045   -1.045062E-05
 2046   -9.375863E-06
 2047   -9.366704E-06
 2048   -9.357559E-06
 2049   -9.348428E-06
 2050   -9.339310E-06
 2051   -8.485404E-06
 2052   -8.477136E-06
 2053   -8.468879E-06
 2054   -8.460635E-06
 2055   -8.452403E-06
 2056   -7.783030E-06
 2057   -7.775464E-06
 2058   -7.767910E-06
 2059   -7.760366E-06
 2060   -7.752834E-06
 2061   -7.282813E-06
 2062   -7.275751E-06
 2063   -7.268699E-06
 2064   -7.261657E-06
 2065   -7.254626E-06
 2066   -7.148767E-06
 2067   -7.141851E-06
 2068   -7.134946E-06
 2069   -7.128051E-06
 2070   -7.121165E-06
 2071   -6.917496E-06
 2072   -6.910820E-06
 2073   -6.904154E-06
 2074   -6.897498E-06
 2075   -6.890851E-06
 2076   -7.139898E-06
 2077   -7.133024E-06
 2078   -7.126161E-06
 2079   -7.119307E-06
 2080   -7.112463E-06
 2081   -7.210212E-06
 2082   -7.203288E-06
 2083   -7.196373E-06
 2084   -7.189468E-06
 2085   -7.182574E-06
 2086   -7.354949E-06
 2087   -7.347903E-06
 2088   -7.340866E-06
 2089   -7.333840E-06
 2090   -7.326823E-06
 2091   -7.054227E-06
 2092   -7.047485E-06
 2093   -7.040752E-06
 2094   -7.034029E-06
 2095   -7.027316E-06
 2096   -7.007907E-06
 2097   -7.001225E-06
 2098   -6.994552E-06
 2099   -6.987889E-06
 2100   -6.981236E-06
 2101   -6.755718E-06
 2102   -6.749291E-06
 2103   -6.742874E-06
 2104   -6.736466E-06
 2105   -6.730067E-06
 2106   -6.422316E-06
 2107   -6.416221E-06
 2108   -6.410135E-06
 2109   -6.404058E-06
 2110   -6.397989E-06
 2111   -6.366251E-06
 2112   -6.360224E-06
 2113   -6.354205E-06
 2114   -6.348195E-06
 2115   -6.342193E-06
 2116   -6.295167E-06
 2117   -6.289221E-06
 2118   -6.283284E-06
 2119   -6.277355E-06
 2120   -6.271434E-06
 2121   -6.279738E-06
 2122   -6.273821E-06
 2123   -6.267912E-06
 2124   -6.262012E-06
 2125   -6.256119E-06
 2126   -6.283789E-06
 2127   -6.277881E-06
 2128   -6.271983E-06
 2129   -6.266092E-06
 2130   -6.260210E-06
 2131   -6.341164E-06
 2132   -6.335216E-06
 2133   -6.329278E-06
 2134   -6.323347E-06
 2135   -6.317425E-06
 2136   -6.455763E-06
 2137   -6.449722E-06
 2138   -6.443690E-06
 2139   -6.437667E-06
 2140   -6.431652E-06
 2141   -6.306285E-06
 2142   -6.300399E-06
 2143   -6.294520E-06
 2144   -6.288650E-06
 2145   -6.282787E-06
 2146   -6.121264E-06
 2147   -6.115564E-06
 2148   -6.109871E-06
 2149   -6.104186E-06
 2150   -6.098509E-06
 2151   -5.774853E-06
 2152   -5.769487E-06
 2153   -5.764129E-06
 2154   -5.758778E-06
 2155   -5.753435E-06
 2156   -5.642773E-06
 2157   -5.637542E-06
 2158   -5.632319E-06
 2159   -5.627103E-06
 2160   -5.621893E-06
 2161   -5.759468E-06
 2162   -5.754142E-06
 2163   -5.748822E-06
 2164   -5.743511E-06
 2165   -5.738206E-06
 2166   -5.570821E-06
 2167   -5.565680E-06
 2168   -5.560547E-06
 2169   -5.555421E-06
 2170   -5.550302E-06
 2171   -5.676970E-06
 2172   -5.671744E-06
 2173   -5.666525E-06
 2174   -5.661313E-06
 2175   -5.656109E-06
 2176   -5.583733E-06
 2177   -5.578604E-06
 2178   -5.573483E-06
 2179   -5.568368E-06
 2180   -5.563261E-06
 2181   -5.700594E-06
 2182   -5.695370E-06
 2183   -5.690154E-06
 2184   -5.684944E-06
 2185   -5.679742E-06
 2186   -5.730054E-06
 2187   -5.724815E-06
 2188   -5.719583E-06
 2189   -5.714359E-06
 2190   -5.709141E-06
 2191   -5.546142E-06
 2192   -5.541083E-06
 2193   -5.536031E-06
 2194   -5.530985E-06
 2195   -5.525947E-06
 2196   -5.527977E-06
 2197   -5.522946E-06
 2198   -5.517921E-06
 2199   -5.512904E-06
 2200   -5.507893E-06
 2201   -5.218124E-06
 2202   -5.213386E-06
 2203   -5.208654E-06
 2204   -5.203928E-06
 2205   -5.199209E-06
 2206   -5.197074E-06
 2207   -5.192366E-06
 2208   -5.187664E-06
 2209   -5.182968E-06
 2210   -5.178279E-06
 2211   -5.076444E-06
 2212   -5.071855E-06
 2213   -5.067272E-06
 2214   -5.062696E-06
 2215   -5.058126E-06
 2216   -5.006876E-06
 2217   -5.002361E-06
 2218   -4.997851E-06
 2219   -4.993347E-06
 2220   -4.988850E-06
 2221   -5.131576E-06
 2222   -5.126958E-06
 2223   -5.122347E-06
 2224   -5.117741E-06
 2225   -5.113142E-06
 2226   -5.044577E-06
 2227   -5.040048E-06
 2228   -5.035524E-06
 2229   -5.031007E-06
 2230   -5.026496E-06
 2231   -5.146325E-06
 2232   -5.141714E-06
 2233   -5.137110E-06
 2234   -5.132512E-06
 2235   -5.127920E-06
 2236   -5.122188E-06
 2237   -5.117610E-06
 2238   -5.113038E-06
 2239   -5.108471E-06
 2240   -5.103911E-06
 2241   -4.934827E-06
 2242   -4.930426E-06
 2243   -4.926031E-06
 2244   -4.921641E-06
 2245   -4.917258E-06
 2246   -5.054015E-06
 2247   -5.049518E-06
 2248   -5.045026E-06
 2249   -5.040541E-06
 2250   -5.036061E-06
 2251   -4.728366E-06
 2252   -4.724168E-06
 2253   -4.719975E-06
 2254   -4.715788E-06
 2255   -4.711606E-06
 2256   -4.679394E-06
 2257   -4.675248E-06
 2258   -4.671108E-06
 2259   -4.666973E-06
 2260   -4.662844E-06
 2261   -4.572406E-06
 2262   -4.568364E-06
 2263   -4.564327E-06
 2264   -4.560296E-06
 2265   -4.556270E-06
 2266   -4.568407E-06
 2267   -4.564378E-06
 2268   -4.560354E-06
 2269   -4.556335E-06
 2270   -4.552321E-06
 2271   -4.634880E-06
 2272   -4.630800E-06
 2273   -4.626727E-06
 2274   -4.622658E-06
 2275   -4.618595E-06
 2276   -4.515344E-06
 2277   -4.511379E-06
 2278   -4.507419E-06
 2279   -4.503465E-06
 2280   -4.499515E-06
 2281   -4.669986E-06
 2282   -4.665894E-06
 2283   -4.661807E-06
 2284   -4.657726E-06
 2285   -4.653650E-06
 2286   -4.590231E-06
 2287   -4.586218E-06
 2288   -4.582210E-06
 2289   -4.578207E-06
 2290   -4.574209E-06
 2291   -4.510248E-06
 2292   -4.506313E-06
 2293   -4.502383E-06
 2294   -4.498459E-06
 2295   -4.494539E-06
 2296   -4.380171E-06
 2297   -4.376358E-06
 2298   -4.372550E-06
 2299   -4.368747E-06
 2300   -4.364949E-06
 2301   -4.183892E-06
 2302   -4.180258E-06
 2303   -4.176628E-06
 2304   -4.173004E-06
 2305   -4.169384E-06
 2306   -4.221505E-06
 2307   -4.217846E-06
 2308   -4.214192E-06
 2309   -4.210543E-06
 2310   -4.206898E-06
 2311   -4.038035E-06
 2312   -4.034543E-06
 2313   -4.031055E-06
 2314   -4.027572E-06
 2315   -4.024093E-06
 2316   -4.051032E-06
 2317   -4.047536E-06
 2318   -4.044045E-06
 2319   -4.040558E-06
 2320   -4.037075E-06
 2321   -4.013634E-06
 2322   -4.010178E-06
 2323   -4.006726E-06
 2324   -4.003279E-06
 2325   -3.999836E-06
 2326   -4.034278E-06
 2327   -4.030811E-06
 2328   -4.027349E-06
 2329   -4.023891E-06
 2330   -4.020438E-06
 2331   -4.072555E-06
 2332   -4.069063E-06
 2333   -4.065576E-06
 2334   -4.062093E-06
 2335   -4.058614E-06
 2336   -3.938378E-06
 2337   -3.935008E-06
 2338   -3.931642E-06
 2339   -3.928281E-06
 2340   -3.924925E-06
 2341   -3.906962E-06
 2342   -3.903626E-06
 2343   -3.900295E-06
 2344   -3.896968E-06
 2345   -3.893645E-06
 2346   -3.750587E-06
 2347   -3.747392E-06
 2348   -3.744201E-06
 2349   -3.741014E-06
 2350   -3.737830E-06
 2351   -3.600186E-06
 2352   -3.597125E-06
 2353   -3.594069E-06
 2354   -3.591016E-06
 2355   -3.587967E-06
 2356   -3.387684E-06
 2357   -3.384810E-06
 2358   -3.381940E-06
 2359   -3.379073E-06
 2360   -3.376210E-06
 2361   -3.288178E-06
 2362   -3.285394E-06
 2363   -3.282614E-06
 2364   -3.279837E-06
 2365   -3.277064E-06
 2366   -3.312201E-06
 2367   -3.309402E-06
 2368   -3.306608E-06
 2369   -3.303817E-06
 2370   -3.301030E-06
 2371   -3.272511E-06
 2372   -3.269752E-06
 2373   -3.266997E-06
 2374   -3.264245E-06
 2375   -3.261497E-06
 2376   -3.288016E-06
 2377   -3.285250E-06
 2378   -3.282488E-06
 2379   -3.279729E-06
 2380   -3.276973E-06
 2381   -3.281307E-06
 2382   -3.278553E-06
 2383   -3.275802E-06
 2384   -3.273054E-06
 2385   -3.270310E-06
 2386   -3.210592E-06
 2387   -3.207903E-06
 2388   -3.205217E-06
 2389   -3.202534E-06
 2390   -3.199854E-06
 2391   -3.230830E-06
 2392   -3.228129E-06
 2393   -3.225432E-06
 2394   -3.222738E-06
 2395   -3.220047E-06
 2396   -3.017021E-06
 2397   -3.014504E-06
 2398   -3.011991E-06
 2399   -3.009480E-06
 2400   -3.006973E-06
 2401   -2.942423E-06
 2402   -2.939974E-06
 2403   -2.937528E-06
 2404   -2.935084E-06
 2405   -2.932644E-06
 2406   -2.797548E-06
 2407   -2.795224E-06
 2408   -2.792903E-06
 2409   -2.790585E-06
 2410   -2.788269E-06
 2411   -2.750288E-06
 2412   -2.748008E-06
 2413   -2.745730E-06
 2414   -2.743456E-06
 2415   -2.741184E-06
 2416   -2.737626E-06
 2417   -2.735361E-06
 2418   -2.733099E-06
 2419   -2.730839E-06
 2420   -2.728583E-06
 2421   -2.684004E-06
 2422   -2.681788E-06
 2423   -2.679575E-06
 2424   -2.677365E-06
 2425   -2.675157E-06
 2426   -2.723741E-06
 2427   -2.721496E-06
 2428   -2.719255E-06
 2429   -2.717017E-06
 2430   -2.714781E-06
 2431   -2.658714E-06
 2432   -2.656528E-06
 2433   -2.654345E-06
 2434   -2.652164E-06
 2435   -2.649986E-06
 2436   -2.661115E-06
 2437   -2.658931E-06
 2438   -2.656750E-06
 2439   -2.654572E-06
 2440   -2.652397E-06
 2441   -2.595788E-06
 2442   -2.593663E-06
 2443   -2.591540E-06
 2444   -2.589419E-06
 2445   -2.587302E-06
 2446   -2.433869E-06
 2447   -2.431880E-06
 2448   -2.429894E-06
 2449   -2.427910E-06
 2450   -2.425928E-06
 2451   -2.337705E-06
 2452   -2.335798E-06
 2453   -2.333894E-06
 2454   -2.331993E-06
 2455   -2.330093E-06
 2456   -2.218056E-06
 2457   -2.216251E-06
 2458   -2.214448E-06
 2459   -2.212648E-06
 2460   -2.210849E-06
 2461   -2.147432E-06
 2462   -2.145688E-06
 2463   -2.143946E-06
 2464   -2.142206E-06
 2465   -2.140468E-06
 2466   -2.086232E-06
 2467   -2.084541E-06
 2468   -2.082853E-06
 2469   -2.081166E-06
 2470   -2.079481E-06
 2471   -2.035983E-06
 2472   -2.034336E-06
 2473   -2.032691E-06
 2474   -2.031048E-06
 2475   -2.029407E-06
 2476   -2.053332E-06
 2477   -2.051675E-06
 2478   -2.050019E-06
 2479   -2.048365E-06
 2480   -2.046714E-06
 2481   -2.000489E-06
 2482   -1.998877E-06
 2483   -1.997267E-06
 2484   -1.995659E-06
 2485   -1.994054E-06
 2486   -2.014960E-06
 2487   -2.013340E-06
 2488   -2.011722E-06
 2489   -2.010106E-06
 2490   -2.008491E-06
 2491   -1.941605E-06
 2492   -1.940047E-06
 2493   -1.938491E-06
 2494   -1.936937E-06
 2495   -1.935385E-06
 2496   -1.850962E-06
 2497   -1.849480E-06
 2498   -1.847999E-06
 2499   -1.846521E-06
 2500   -1.845044E-06
 2501   -1.746487E-06
 2502   -1.745091E-06
 2503   -1.743697E-06
 2504   -1.742304E-06
 2505   -1.740914E-06
 2506   -1.629300E-06
 2507   -1.628000E-06
 2508   -1.626702E-06
 2509   -1.625406E-06
 2510   -1.624111E-06
 2511   -1.629902E-06
 2512   -1.628604E-06
 2513   -1.627308E-06
 2514   -1.626014E-06
 2515   -1.624721E-06
 2516   -1.567804E-06
 2517   -1.566559E-06
 2518   -1.565314E-06
 2519   -1.564072E-06
 2520   -1.562831E-06
 2521   -1.562743E-06
 2522   -1.561504E-06
 2523   -1.560266E-06
 2524   -1.559030E-06
 2525   -1.557796E-06
 2526   -1.535564E-06
 2527   -1.534349E-06
 2528   -1.533135E-06
 2529   -1.531923E-06
 2530   -1.530712E-06
 2531   -1.520460E-06
 2532   -1.519259E-06
 2533   -1.518060E-06
 2534   -1.516862E-06
 2535   -1.515666E-06
 2536   -1.511980E-06
 2537   -1.510788E-06
 2538   -1.509598E-06
 2539   -1.508409E-06
 2540   -1.507221E-06
 2541   -1.443865E-06
 2542   -1.442729E-06
 2543   -1.441594E-06
 2544   -1.440461E-06
 2545   -1.439330E-06
 2546   -1.373809E-06
 2547   -1.372730E-06
 2548   -1.371653E-06
 2549   -1.370577E-06
 2550   -1.369502E-06
 2551   -1.242160E-06
 2552   -1.241187E-06
 2553   -1.240215E-06
 2554   -1.239244E-06
 2555   -1.238274E-06
 2556   -1.177686E-06
 2557   -1.176765E-06
 2558   -1.175845E-06
 2559   -1.174926E-06
 2560   -1.174009E-06
 2561   -1.121569E-06
 2562   -1.120693E-06
 2563   -1.119819E-06
 2564   -1.118946E-06
 2565   -1.118073E-06
 2566   -1.083407E-06
 2567   -1.082563E-06
 2568   -1.081720E-06
 2569   -1.080878E-06
 2570   -1.080037E-06
 2571   -1.086654E-06
 2572   -1.085809E-06
 2573   -1.084965E-06
 2574   -1.084122E-06
 2575   -1.083280E-06
 2576   -1.045987E-06
 2577   -1.045176E-06
 2578   -1.044365E-06
 2579   -1.043555E-06
 2580   -1.042747E-06
 2581   -1.051983E-06
 2582   -1.051168E-06
 2583   -1.050355E-06
 2584   -1.049542E-06
 2585   -1.048730E-06
 2586   -1.026940E-06
 2587   -1.026146E-06
 2588   -1.025353E-06
 2589   -1.024561E-06
 2590   -1.023770E-06
 2591   -9.870272E-07
 2592   -9.862657E-07
 2593   -9.855052E-07
 2594   -9.847455E-07
 2595   -9.839867E-07
 2596   -9.350886E-07
 2597   -9.343686E-07
 2598   -9.336494E-07
 2599   -9.329311E-07
 2600   -9.322136E-07
 2601   -8.463934E-07
 2602   -8.457429E-07
 2603   -8.450932E-07
 2604   -8.444443E-07
 2605   -8.437961E-07
 2606   -8.105049E-07
 2607   -8.098833E-07
 2608   -8.092623E-07
 2609   -8.086421E-07
 2610   -8.080225E-07
 2611   -7.588219E-07
 2612   -7.582410E-07
 2613   -7.576608E-07
 2614   -7.570812E-07
 2615   -7.565022E-07
 2616   -7.513390E-07
 2617   -7.507649E-07
 2618   -7.501915E-07
 2619   -7.496187E-07
 2620   -7.490466E-07
 2621   -7.213136E-07
 2622   -7.207635E-07
 2623   -7.202140E-07
 2624   -7.196652E-07
 2625   -7.191170E-07
 2626   -7.192077E-07
 2627   -7.186603E-07
 2628   -7.181135E-07
 2629   -7.175673E-07
 2630   -7.170217E-07
 2631   -7.218521E-07
 2632   -7.213037E-07
 2633   -7.207559E-07
 2634   -7.202087E-07
 2635   -7.196622E-07
 2636   -6.906183E-07
 2637   -6.900946E-07
 2638   -6.895715E-07
 2639   -6.890490E-07
 2640   -6.885271E-07
 2641   -6.615554E-07
 2642   -6.610546E-07
 2643   -6.605545E-07
 2644   -6.600549E-07
 2645   -6.595559E-07
 2646   -6.135588E-07
 2647   -6.130953E-07
 2648   -6.126323E-07
 2649   -6.121699E-07
 2650   -6.117079E-07
 2651   -5.553227E-07
 2652   -5.549040E-07
 2653   -5.544858E-07
 2654   -5.540680E-07
 2655   -5.536507E-07
 2656   -5.223098E-07
 2657   -5.219167E-07
 2658   -5.215241E-07
 2659   -5.211319E-07
 2660   -5.207401E-07
 2661   -4.742149E-07
 2662   -4.738587E-07
 2663   -4.735029E-07
 2664   -4.731474E-07
 2665   -4.727924E-07
 2666   -4.698934E-07
 2667   -4.695411E-07
 2668   -4.691892E-07
 2669   -4.688376E-07
 2670   -4.684865E-07
 2671   -4.528097E-07
 2672   -4.524708E-07
 2673   -4.521323E-07
 2674   -4.517942E-07
 2675   -4.514565E-07
 2676   -4.395608E-07
 2677   -4.392324E-07
 2678   -4.389045E-07
 2679   -4.385769E-07
 2680   -4.382496E-07
 2681   -4.428522E-07
 2682   -4.425220E-07
 2683   -4.421922E-07
 2684   -4.418628E-07
 2685   -4.415337E-07
 2686   -4.256527E-07
 2687   -4.253360E-07
 2688   -4.250196E-07
 2689   -4.247035E-07
 2690   -4.243878E-07
 2691   -4.160098E-07
 2692   -4.157008E-07
 2693   -4.153922E-07
 2694   -4.150838E-07
 2695   -4.147759E-07
 2696   -3.762733E-07
 2697   -3.759943E-07
 2698   -3.757157E-07
 2699   -3.754373E-07
 2700   -3.751593E-07
 2701   -3.514449E-07
 2702   -3.511848E-07
 2703   -3.509250E-07
 2704   -3.506655E-07
 2705   -3.504062E-07
 2706   -3.266164E-07
 2707   -3.263751E-07
 2708   -3.261341E-07
 2709   -3.258934E-07
 2710   -3.256529E-07
 2711   -3.076814E-07
 2712   -3.074545E-07
 2713   -3.072279E-07
 2714   -3.070015E-07
 2715   -3.067754E-07
 2716   -3.033520E-07
 2717   -3.031288E-07
 2718   -3.029058E-07
 2719   -3.026830E-07
 2720   -3.024605E-07
 2721   -2.859342E-07
 2722   -2.857242E-07
 2723   -2.855143E-07
 2724   -2.853047E-07
 2725   -2.850954E-07
 2726   -2.875805E-07
 2727   -2.873696E-07
 2728   -2.871590E-07
 2729   -2.869486E-07
 2730   -2.867384E-07
 2731   -2.823566E-07
 2732   -2.821499E-07
 2733   -2.819435E-07
 2734   -2.817373E-07
 2735   -2.815313E-07
 2736   -2.682433E-07
 2737   -2.680474E-07
 2738   -2.678516E-07
 2739   -2.676560E-07
 2740   -2.674607E-07
 2741   -2.616119E-07
 2742   -2.614212E-07
 2743   -2.612306E-07
 2744   -2.610402E-07
 2745   -2.608501E-07
 2746   -2.351093E-07
 2747   -2.349381E-07
 2748   -2.347672E-07
 2749   -2.345964E-07
 2750   -2.344258E-07
 2751   -2.161010E-07
 2752   -2.159440E-07
 2753   -2.157872E-07
 2754   -2.156305E-07
 2755   -2.154740E-07
 2756   -1.960834E-07
 2757   -1.959412E-07
 2758   -1.957991E-07
 2759   -1.956572E-07
 2760   -1.955154E-07
 2761   -1.818152E-07
 2762   -1.816836E-07
 2763   -1.815521E-07
 2764   -1.814207E-07
 2765   -1.812895E-07
 2766   -1.748477E-07
 2767   -1.747213E-07
 2768   -1.745951E-07
 2769   -1.744690E-07
 2770   -1.743431E-07
 2771   -1.652420E-07
 2772   -1.651228E-07
 2773   -1.650037E-07
 2774   -1.648848E-07
 2775   -1.647659E-07
 2776   -1.670501E-07
 2777   -1.669298E-07
 2778   -1.668096E-07
 2779   -1.666896E-07
 2780   -1.665697E-07
 2781   -1.594922E-07
 2782   -1.593775E-07
 2783   -1.592630E-07
 2784   -1.591486E-07
 2785   -1.590344E-07
 2786   -1.578553E-07
 2787   -1.577421E-07
 2788   -1.576289E-07
 2789   -1.575159E-07
 2790   -1.574030E-07
 2791   -1.519854E-07
 2792   -1.518765E-07
 2793   -1.517678E-07
 2794   -1.516592E-07
 2795   -1.515507E-07
 2796   -1.420648E-07
 2797   -1.419632E-07
 2798   -1.418618E-07
 2799   -1.417604E-07
 2800   -1.416592E-07
 2801   -1.331782E-07
 2802   -1.330832E-07
 2803   -1.329882E-07
 2804   -1.328934E-07
 2805   -1.327987E-07
 2806   -1.221812E-07
 2807   -1.220942E-07
 2808   -1.220072E-07
 2809   -1.219204E-07
 2810   -1.218336E-07
 2811   -1.177112E-07
 2812   -1.176275E-07
 2813   -1.175439E-07
 2814   -1.174604E-07
 2815   -1.173770E-07
 2816   -1.155797E-07
 2817   -1.154976E-07
 2818   -1.154157E-07
 2819   -1.153338E-07
 2820   -1.152520E-07
 2821   -1.125537E-07
 2822   -1.124739E-07
 2823   -1.123943E-07
 2824   -1.123147E-07
 2825   -1.122352E-07
 2826   -1.111927E-07
 2827   -1.111141E-07
 2828   -1.110355E-07
 2829   -1.109570E-07
 2830   -1.108786E-07
 2831   -1.091037E-07
 2832   -1.090267E-07
 2833   -1.089497E-07
 2834   -1.088728E-07
 2835   -1.087960E-07
 2836   -1.087595E-07
 2837   -1.086829E-07
 2838   -1.086063E-07
 2839   -1.085298E-07
 2840   -1.084534E-07
 2841   -1.057777E-07
 2842   -1.057033E-07
 2843   -1.056289E-07
 2844   -1.055546E-07
 2845   -1.054805E-07
 2846   -1.026938E-07
 2847   -1.026217E-07
 2848   -1.025497E-07
 2849   -1.024777E-07
 2850   -1.024058E-07
 2851   -9.904612E-08
 2852   -9.897667E-08
 2853   -9.890730E-08
 2854   -9.883800E-08
 2855   -9.876877E-08
 2856   -9.611849E-08
 2857   -9.605121E-08
 2858   -9.598401E-08
 2859   -9.591687E-08
 2860   -9.584981E-08
 2861   -9.501687E-08
 2862   -9.495049E-08
 2863   -9.488417E-08
 2864   -9.481792E-08
 2865   -9.475174E-08
 2866   -9.323909E-08
 2867   -9.317406E-08
 2868   -9.310909E-08
 2869   -9.304420E-08
 2870   -9.297937E-08
 2871   -9.224185E-08
 2872   -9.217762E-08
 2873   -9.211347E-08
 2874   -9.204938E-08
 2875   -9.198535E-08
 2876   -9.026870E-08
 2877   -9.020596E-08
 2878   -9.014328E-08
 2879   -9.008067E-08
 2880   -9.001813E-08
 2881   -9.047510E-08
 2882   -9.041232E-08
 2883   -9.034961E-08
 2884   -9.028697E-08
 2885   -9.022439E-08
 2886   -9.064933E-08
 2887   -9.058654E-08
 2888   -9.052382E-08
 2889   -9.046116E-08
 2890   -9.039857E-08
 2891   -9.122424E-08
 2892   -9.116117E-08
 2893   -9.109816E-08
 2894   -9.103521E-08
 2895   -9.097233E-08
 2896   -9.286217E-08
 2897   -9.279807E-08
 2898   -9.273404E-08
 2899   -9.267008E-08
 2900   -9.260618E-08
 2901   -9.212745E-08
 2902   -9.206396E-08
 2903   -9.200055E-08
 2904   -9.193720E-08
 2905   -9.187391E-08
 2906   -9.361023E-08
 2907   -9.354584E-08
 2908   -9.348151E-08
 2909   -9.341725E-08
 2910   -9.335306E-08
 2911   -9.199658E-08
 2912   -9.193340E-08
 2913   -9.187029E-08
 2914   -9.180725E-08
 2915   -9.174427E-08
 2916   -9.236515E-08
 2917   -9.230183E-08
 2918   -9.223857E-08
 2919   -9.217539E-08
 2920   -9.211226E-08
 2921   -9.430817E-08
 2922   -9.424363E-08
 2923   -9.417916E-08
 2924   -9.411475E-08
 2925   -9.405041E-08
 2926   -9.197867E-08
 2927   -9.191583E-08
 2928   -9.185305E-08
 2929   -9.179035E-08
 2930   -9.172770E-08
 2931   -9.427366E-08
 2932   -9.420936E-08
 2933   -9.414513E-08
 2934   -9.408097E-08
 2935   -9.401687E-08
 2936   -9.427067E-08
 2937   -9.420649E-08
 2938   -9.414237E-08
 2939   -9.407832E-08
 2940   -9.401433E-08
 2941   -9.555575E-08
 2942   -9.549080E-08
 2943   -9.542592E-08
 2944   -9.536110E-08
 2945   -9.529635E-08
 2946   -1.001367E-07
 2947   -1.000688E-07
 2948   -1.000009E-07
 2949   -9.993307E-08
 2950   -9.986533E-08
 2951   -9.980307E-08
 2952   -9.973547E-08
 2953   -9.966793E-08
 2954   -9.960046E-08
 2955   -9.953306E-08
 2956   -1.044292E-07
 2957   -1.043586E-07
 2958   -1.042881E-07
 2959   -1.042176E-07
 2960   -1.041472E-07
 2961   -1.057597E-07
 2962   -1.056883E-07
 2963   -1.056170E-07
 2964   -1.055457E-07
 2965   -1.054745E-07
 2966   -1.073296E-07
 2967   -1.072573E-07
 2968   -1.071850E-07
 2969   -1.071128E-07
 2970   -1.070407E-07
 2971   -1.088208E-07
 2972   -1.087476E-07
 2973   -1.086745E-07
 2974   -1.086014E-07
 2975   -1.085284E-07
 2976   -1.056608E-07
 2977   -1.055898E-07
 2978   -1.055189E-07
 2979   -1.054481E-07
 2980   -1.053773E-07
 2981   -1.095580E-07
 2982   -1.094845E-07
 2983   -1.094111E-07
 2984   -1.093378E-07
 2985   -1.092646E-07
 2986   -1.087999E-07
 2987   -1.087270E-07
 2988   -1.086543E-07
 2989   -1.085816E-07
 2990   -1.085089E-07
 2991   -1.124755E-07
 2992   -1.124003E-07
 2993   -1.123252E-07
 2994   -1.122502E-07
 2995   -1.121753E-07
 2996   -1.144359E-07
 2997   -1.143596E-07
 2998   -1.142833E-07
 2999   -1.142071E-07
 3000   -1.141310E-07
 3001   -1.161775E-07
 3002   -1.161001E-07
 3003   -1.160228E-07
 3004   -1.159455E-07
 3005   -1.158684E-07
 3006   -1.220032E-07
 3007   -1.219221E-07
 3008   -1.218410E-07
 3009   -1.217601E-07
 3010   -1.216792E-07
 3011   -1.215715E-07
 3012   -1.214908E-07
 3013   -1.214102E-07
 3014   -1.213296E-07
 3015   -1.212492E-07
 3016   -1.223790E-07
 3017   -1.222979E-07
 3018   -1.222169E-07
 3019   -1.221359E-07
 3020   -1.220551E-07
 3021   -1.228466E-07
 3022   -1.227653E-07
 3023   -1.226841E-07
 3024   -1.226029E-07
 3025   -1.225219E-07
 3026   -1.213972E-07
 3027   -1.213170E-07
 3028   -1.212369E-07
 3029   -1.211569E-07
 3030   -1.210769E-07
 3031   -1.272293E-07
 3032   -1.271454E-07
 3033   -1.270615E-07
 3034   -1.269778E-07
 3035   -1.268941E-07
 3036   -1.281422E-07
 3037   -1.280578E-07
 3038   -1.279735E-07
 3039   -1.278893E-07
 3040   -1.278052E-07
 3041   -1.341130E-07
 3042   -1.340248E-07
 3043   -1.339368E-07
 3044   -1.338488E-07
 3045   -1.337609E-07
 3046   -1.386642E-07
 3047   -1.385732E-07
 3048   -1.384823E-07
 3049   -1.383915E-07
 3050   -1.383008E-07
 3051   -1.460404E-07
 3052   -1.459447E-07
 3053   -1.458491E-07
 3054   -1.457536E-07
 3055   -1.456582E-07
 3056   -1.522951E-07
 3057   -1.521954E-07
 3058   -1.520959E-07
 3059   -1.519965E-07
 3060   -1.518972E-07
 3061   -1.524207E-07
 3062   -1.523211E-07
 3063   -1.522217E-07
 3064   -1.521223E-07
 3065   -1.520231E-07
 3066   -1.566397E-07
 3067   -1.565376E-07
 3068   -1.564355E-07
 3069   -1.563336E-07
 3070   -1.562318E-07
 3071   -1.548757E-07
 3072   -1.547749E-07
 3073   -1.546742E-07
 3074   -1.545736E-07
 3075   -1.544731E-07
 3076   -1.540283E-07
 3077   -1.539282E-07
 3078   -1.538282E-07
 3079   -1.537283E-07
 3080   -1.536285E-07
 3081   -1.450519E-07
 3082   -1.449577E-07
 3083   -1.448637E-07
 3084   -1.447698E-07
 3085   -1.446760E-07
 3086   -1.343688E-07
 3087   -1.342818E-07
 3088   -1.341948E-07
 3089   -1.341080E-07
 3090   -1.340212E-07
 3091   -1.178271E-07
 3092   -1.177509E-07
 3093   -1.176748E-07
 3094   -1.175987E-07
 3095   -1.175228E-07
 3096   -9.041700E-08
 3097   -9.035862E-08
 3098   -9.030030E-08
 3099   -9.024203E-08
 3100   -9.018382E-08
 3101   -6.225139E-08
 3102   -6.221126E-08
 3103   -6.217117E-08
 3104   -6.213112E-08
 3105   -6.209110E-08
 3106   -3.519422E-08
 3107   -3.517157E-08
 3108   -3.514894E-08
 3109   -3.512633E-08
 3110   -3.510375E-08
 3111   -1.775353E-08
 3112   -1.774212E-08
 3113   -1.773072E-08
 3114   -1.771934E-08
 3115   -1.770796E-08
 3116   -6.384378E-09
 3117   -6.380282E-09
 3118   -6.376190E-09
 3119   -6.372102E-09
 3120   -6.368018E-09
 3121   -6.297897E-11
 3122   -6.293863E-11
 3123   -6.289833E-11
 3124   -6.285807E-11
 3125   -6.281784E-11
 3126    3.462929E-09
 3127    3.460714E-09
 3128    3.458502E-09
 3129    3.456291E-09
 3130    3.454083E-09
 3131    5.388170E-09
 3132    5.384730E-09
 3133    5.381293E-09
 3134    5.377860E-09
 3135    5.374429E-09
 3136    6.843375E-09
 3137    6.839013E-09
 3138    6.834655E-09
 3139    6.830301E-09
 3140    6.825951E-09
 3141    7.734623E-09
 3142    7.729700E-09
 3143    7.724782E-09
 3144    7.719869E-09
 3145    7.714960E-09
 3146    8.579777E-09
 3147    8.574326E-09
 3148    8.568879E-09
 3149    8.563438E-09
 3150    8.558001E-09
 3151    9.459680E-09
 3152    9.453679E-09
 3153    9.447683E-09
 3154    9.441693E-09
 3155    9.435709E-09
 3156    9.713899E-09
 3157    9.707746E-09
 3158    9.701599E-09
 3159    9.695458E-09
 3160    9.689323E-09
 3161    1.004311E-08
 3162    1.003676E-08
 3163    1.003042E-08
 3164    1.002408E-08
 3165    1.001774E-08
 3166    1.014498E-08
 3167    1.013857E-08
 3168    1.013217E-08
 3169    1.012578E-08
 3170    1.011939E-08
 3171    1.043559E-08
 3172    1.042901E-08
 3173    1.042244E-08
 3174    1.041588E-08
 3175    1.040932E-08
 3176    1.071999E-08
 3177    1.071324E-08
 3178    1.070650E-08
 3179    1.069976E-08
 3180    1.069304E-08
 3181    1.063386E-08
 3182    1.062718E-08
 3183    1.062050E-08
 3184    1.061383E-08
 3185    1.060717E-08
 3186    1.106163E-08
 3187    1.105469E-08
 3188    1.104775E-08
 3189    1.104082E-08
 3190    1.103390E-08
 3191    1.086502E-08
 3192    1.085821E-08
 3193    1.085141E-08
 3194    1.084462E-08
 3195    1.083783E-08
 3196    1.123737E-08
 3197    1.123034E-08
 3198    1.122332E-08
 3199    1.121631E-08
 3200    1.120930E-08
 3201    1.115565E-08
 3202    1.114869E-08
 3203    1.114173E-08
 3204    1.113477E-08
 3205    1.112783E-08
 3206    1.096822E-08
 3207    1.096138E-08
 3208    1.095455E-08
 3209    1.094772E-08
 3210    1.094090E-08
 3211    1.116751E-08
 3212    1.116056E-08
 3213    1.115362E-08
 3214    1.114668E-08
 3215    1.113974E-08
 3216    1.097177E-08
 3217    1.096495E-08
 3218    1.095813E-08
 3219    1.095133E-08
 3220    1.094453E-08
 3221    1.112560E-08
 3222    1.111870E-08
 3223    1.111180E-08
 3224    1.110491E-08
 3225    1.109802E-08
 3226    1.111606E-08
 3227    1.110917E-08
 3228    1.110229E-08
 3229    1.109541E-08
 3230    1.108854E-08
 3231    1.073707E-08
 3232    1.073043E-08
 3233    1.072379E-08
 3234    1.071716E-08
 3235    1.071053E-08
 3236    1.101910E-08
 3237    1.101229E-08
 3238    1.100549E-08
 3239    1.099869E-08
 3240    1.099190E-08
 3241    1.055235E-08
 3242    1.054584E-08
 3243    1.053934E-08
 3244    1.053285E-08
 3245    1.052635E-08
 3246    1.077380E-08
 3247    1.076716E-08
 3248    1.076054E-08
 3249    1.075391E-08
 3250    1.074730E-08
 3251    1.060734E-08
 3252    1.060082E-08
 3253    1.059430E-08
 3254    1.058779E-08
 3255    1.058128E-08
 3256    1.044818E-08
 3257    1.044177E-08
 3258    1.043536E-08
 3259    1.042895E-08
 3260    1.042256E-08
 3261    1.063359E-08
 3262    1.062708E-08
 3263    1.062056E-08
 3264    1.061406E-08
 3265    1.060756E-08
 3266    1.011538E-08
 3267    1.010919E-08
 3268    1.010300E-08
 3269    1.009682E-08
 3270    1.009065E-08
 3271    1.029507E-08
 3272    1.028878E-08
 3273    1.028249E-08
 3274    1.027621E-08
 3275    1.026994E-08
 3276    9.955731E-09
 3277    9.949656E-09
 3278    9.943586E-09
 3279    9.937522E-09
 3280    9.931463E-09
 3281    9.867724E-09
 3282    9.861712E-09
 3283    9.855705E-09
 3284    9.849704E-09
 3285    9.843708E-09
 3286    9.766539E-09
 3287    9.760597E-09
 3288    9.754661E-09
 3289    9.748730E-09
 3290    9.742805E-09
 3291    9.329115E-09
 3292    9.323449E-09
 3293    9.317787E-09
 3294    9.312130E-09
 3295    9.306479E-09
 3296    9.517865E-09
 3297    9.512093E-09
 3298    9.506325E-09
 3299    9.500563E-09
 3300    9.494806E-09
