   50    7.092173E-11
   51    5.124851E-11
   52    4.929654E-11
   53    4.745400E-11
   54    4.571286E-11
   55    4.406582E-11
   56    2.336240E-11
   57    2.254992E-11
   58    2.177909E-11
   59    2.104713E-11
   60    2.035145E-11
   61    1.302692E-11
   62    1.261011E-11
   63    1.221299E-11
   64    1.183434E-11
   65    1.147303E-11
   66    3.334219E-11
   67    3.235438E-11
   68    3.140983E-11
   69    3.050604E-11
   70    2.964071E-11
   71    2.351447E-11
   72    2.286585E-11
   73    2.224371E-11
   74    2.164662E-11
   75    2.107325E-11
   76    3.347565E-11
   77    3.261184E-11
   78    3.178103E-11
   79    3.098157E-11
   80    3.021190E-11
   81    4.783699E-11
   82    4.667739E-11
   83    4.555945E-11
   84    4.448120E-11
   85    4.344077E-11
   86    3.643223E-11
   87    3.559955E-11
   88    3.479509E-11
   89    3.401759E-11
   90    3.326587E-11
   91    3.800242E-11
   92    3.718080E-11
   93    3.638553E-11
   94    3.561551E-11
   95    3.486968E-11
   96    2.702836E-11
   97    2.647397E-11
   98    2.593645E-11
   99    2.541514E-11
  100    2.490939E-11
  101    1.037688E-11
  102    1.017441E-11
  103    9.977816E-12
  104    9.786862E-12
  105    9.601337E-12
  106    7.630464E-12
  107    7.488508E-12
  108    7.350476E-12
  109    7.216227E-12
  110    7.085622E-12
  111    1.864692E-11
  112    1.831544E-11
  113    1.799271E-11
  114    1.767844E-11
  115    1.737233E-11
  116    2.683228E-11
  117    2.637557E-11
  118    2.593043E-11
  119    2.549646E-11
  120    2.507330E-11
  121    4.798870E-11
  122    4.720523E-11
  123    4.644080E-11
  124    4.569479E-11
  125    4.496661E-11
  126    6.360429E-11
  127    6.260661E-11
  128    6.163221E-11
  129    6.068039E-11
  130    5.975045E-11
  131    5.687301E-11
  132    5.601458E-11
  133    5.517543E-11
  134    5.435500E-11
  135    5.355274E-11
  136    4.219334E-11
  137    4.157964E-11
  138    4.097923E-11
  139    4.039173E-11
  140    3.981677E-11
  141    2.343798E-11
  142    2.310903E-11
  143    2.278696E-11
  144    2.247158E-11
  145    2.216270E-11
  146    2.061369E-11
  147    2.033419E-11
  148    2.006033E-11
  149    1.979197E-11
  150    1.952896E-11
  151    3.265071E-11
  152    3.222252E-11
  153    3.180269E-11
  154    3.139101E-11
  155    3.098728E-11
  156    3.452181E-11
  157    3.408344E-11
  158    3.365338E-11
  159    3.323140E-11
  160    3.281731E-11
  161    8.183282E-11
  162    8.082566E-11
  163    7.983699E-11
  164    7.886634E-11
  165    7.791329E-11
  166    6.779886E-11
  167    6.698934E-11
  168    6.619423E-11
  169    6.541319E-11
  170    6.464589E-11
  171    7.872698E-11
  172    7.781422E-11
  173    7.691724E-11
  174    7.603568E-11
  175    7.516919E-11
  176    1.062901E-10
  177    1.050925E-10
  178    1.039150E-10
  179    1.027572E-10
  180    1.016186E-10
  181    6.144633E-11
  182    6.077295E-11
  183    6.011059E-11
  184    5.945899E-11
  185    5.881793E-11
  186    6.998191E-11
  187    6.923545E-11
  188    6.850087E-11
  189    6.777791E-11
  190    6.706634E-11
  191    6.018989E-11
  192    5.956455E-11
  193    5.894891E-11
  194    5.834276E-11
  195    5.774591E-11
  196    6.683386E-11
  197    6.615707E-11
  198    6.549051E-11
  199    6.483397E-11
  200    6.418725E-11
  201    6.730410E-11
  202    6.663938E-11
  203    6.598445E-11
  204    6.533914E-11
  205    6.470324E-11
  206    3.003742E-11
  207    2.974791E-11
  208    2.946256E-11
  209    2.918130E-11
  210    2.890404E-11
  211    3.385615E-12
  212    3.353750E-12
  213    3.322334E-12
  214    3.291357E-12
  215    3.260811E-12
  216    0.000000E+00
  217    0.000000E+00
  218    0.000000E+00
  219    0.000000E+00
  220    0.000000E+00
  221    0.000000E+00
  222    0.000000E+00
  223    0.000000E+00
  224    0.000000E+00
  225    0.000000E+00
  226    1.689477E-12
  227    1.674624E-12
  228    1.659967E-12
  229    1.645501E-12
  230    1.631224E-12
  231    0.000000E+00
  232    0.000000E+00
  233    0.000000E+00
  234    0.000000E+00
  235    0.000000E+00
  236    0.000000E+00
  237    0.000000E+00
  238    0.000000E+00
  239    0.000000E+00
  240    0.000000E+00
  241    0.000000E+00
  242    0.000000E+00
  243    0.000000E+00
  244    0.000000E+00
  245    0.000000E+00
  246    6.196845E-11
  247    6.146770E-11
  248    6.097300E-11
  249    6.048424E-11
  250    6.000133E-11
  251    6.714981E-10
  252    6.661793E-10
  253    6.609235E-10
  254    6.557296E-10
  255    6.505968E-10
  256    9.182835E-10
  257    9.111513E-10
  258    9.041018E-10
  259    8.971338E-10
  260    8.902461E-10
  261    1.736665E-09
  262    1.723434E-09
  263    1.710353E-09
  264    1.697420E-09
  265    1.684634E-09
  266    1.573343E-09
  267    1.561580E-09
  268    1.549948E-09
  269    1.538446E-09
  270    1.527071E-09
  271    3.183146E-09
  272    3.159783E-09
  273    3.136677E-09
  274    3.113823E-09
  275    3.091219E-09
  276    6.793792E-09
  277    6.744828E-09
  278    6.696392E-09
  279    6.648475E-09
  280    6.601071E-09
  281    3.120993E-08
  282    3.098898E-08
  283    3.077036E-08
  284    3.055405E-08
  285    3.034001E-08
  286    5.593428E-08
  287    5.554518E-08
  288    5.516012E-08
  289    5.477905E-08
  290    5.440192E-08
  291    9.045516E-08
  292    8.983667E-08
  293    8.922449E-08
  294    8.861856E-08
  295    8.801878E-08
  296    1.320786E-07
  297    1.311907E-07
  298    1.303117E-07
  299    1.294415E-07
  300    1.285800E-07
  301    1.599385E-07
  302    1.588810E-07
  303    1.578340E-07
  304    1.567974E-07
  305    1.557709E-07
  306    2.566281E-07
  307    2.549590E-07
  308    2.533061E-07
  309    2.516692E-07
  310    2.500482E-07
  311    2.658288E-07
  312    2.641275E-07
  313    2.624425E-07
  314    2.607735E-07
  315    2.591205E-07
  316    3.623128E-07
  317    3.600305E-07
  318    3.577698E-07
  319    3.555302E-07
  320    3.533116E-07
  321    4.481384E-07
  322    4.453592E-07
  323    4.426059E-07
  324    4.398780E-07
  325    4.371752E-07
  326    4.327187E-07
  327    4.300761E-07
  328    4.274577E-07
  329    4.248632E-07
  330    4.222921E-07
  331    5.832270E-07
  332    5.797189E-07
  333    5.762423E-07
  334    5.727970E-07
  335    5.693824E-07
  336    5.502454E-07
  337    5.469847E-07
  338    5.437529E-07
  339    5.405496E-07
  340    5.373746E-07
  341    7.404458E-07
  342    7.361221E-07
  343    7.318361E-07
  344    7.275874E-07
  345    7.233756E-07
  346    7.798229E-07
  347    7.753347E-07
  348    7.708852E-07
  349    7.664739E-07
  350    7.621003E-07
  351    7.775276E-07
  352    7.731161E-07
  353    7.687421E-07
  354    7.644050E-07
  355    7.601046E-07
  356    9.909594E-07
  357    9.854155E-07
  358    9.799181E-07
  359    9.744666E-07
  360    9.690604E-07
  361    9.409024E-07
  362    9.357112E-07
  363    9.305629E-07
  364    9.254569E-07
  365    9.203929E-07
  366    1.119635E-06
  367    1.113542E-06
  368    1.107498E-06
  369    1.101503E-06
  370    1.095557E-06
  371    1.108574E-06
  372    1.102622E-06
  373    1.096718E-06
  374    1.090861E-06
  375    1.085051E-06
  376    1.234790E-06
  377    1.228248E-06
  378    1.221758E-06
  379    1.215319E-06
  380    1.208931E-06
  381    1.389541E-06
  382    1.382275E-06
  383    1.375066E-06
  384    1.367914E-06
  385    1.360817E-06
  386    1.304958E-06
  387    1.298223E-06
  388    1.291539E-06
  389    1.284908E-06
  390    1.278327E-06
  391    1.560033E-06
  392    1.552084E-06
  393    1.544196E-06
  394    1.536367E-06
  395    1.528598E-06
  396    1.499456E-06
  397    1.491912E-06
  398    1.484424E-06
  399    1.476993E-06
  400    1.469617E-06
  401    1.729804E-06
  402    1.721209E-06
  403    1.712678E-06
  404    1.704210E-06
  405    1.695804E-06
  406    1.797513E-06
  407    1.788691E-06
  408    1.779934E-06
  409    1.771241E-06
  410    1.762611E-06
  411    1.821375E-06
  412    1.812544E-06
  413    1.803777E-06
  414    1.795074E-06
  415    1.786434E-06
  416    1.963373E-06
  417    1.953967E-06
  418    1.944629E-06
  419    1.935358E-06
  420    1.926153E-06
  421    2.071158E-06
  422    2.061354E-06
  423    2.051619E-06
  424    2.041953E-06
  425    2.032355E-06
  426    2.252207E-06
  427    2.241670E-06
  428    2.231207E-06
  429    2.220817E-06
  430    2.210500E-06
  431    2.393011E-06
  432    2.381945E-06
  433    2.370956E-06
  434    2.360042E-06
  435    2.349204E-06
  436    2.551579E-06
  437    2.539914E-06
  438    2.528330E-06
  439    2.516824E-06
  440    2.505397E-06
  441    2.522366E-06
  442    2.510965E-06
  443    2.499642E-06
  444    2.488395E-06
  445    2.477224E-06
  446    2.721684E-06
  447    2.709520E-06
  448    2.697438E-06
  449    2.685436E-06
  450    2.673514E-06
  451    2.853718E-06
  452    2.841105E-06
  453    2.828576E-06
  454    2.816129E-06
  455    2.803764E-06
  456    3.117682E-06
  457    3.104052E-06
  458    3.090512E-06
  459    3.077061E-06
  460    3.063697E-06
  461    3.257037E-06
  462    3.242952E-06
  463    3.228959E-06
  464    3.215056E-06
  465    3.201243E-06
  466    3.118541E-06
  467    3.105199E-06
  468    3.091943E-06
  469    3.078772E-06
  470    3.065685E-06
  471    3.765672E-06
  472    3.749732E-06
  473    3.733894E-06
  474    3.718156E-06
  475    3.702517E-06
  476    3.713398E-06
  477    3.697845E-06
  478    3.682389E-06
  479    3.667029E-06
  480    3.651766E-06
  481    4.222843E-06
  482    4.205339E-06
  483    4.187944E-06
  484    4.170656E-06
  485    4.153475E-06
  486    4.124553E-06
  487    4.107631E-06
  488    4.090814E-06
  489    4.074100E-06
  490    4.057488E-06
  491    4.053392E-06
  492    4.036931E-06
  493    4.020571E-06
  494    4.004310E-06
  495    3.988147E-06
  496    4.617069E-06
  497    4.598508E-06
  498    4.580059E-06
  499    4.561720E-06
  500    4.543492E-06
  501    4.222335E-06
  502    4.205529E-06
  503    4.188824E-06
  504    4.172218E-06
  505    4.155711E-06
  506    4.705620E-06
  507    4.687076E-06
  508    4.668641E-06
  509    4.650315E-06
  510    4.632096E-06
  511    4.677479E-06
  512    4.659226E-06
  513    4.641079E-06
  514    4.623038E-06
  515    4.605102E-06
  516    4.965446E-06
  517    4.946256E-06
  518    4.927177E-06
  519    4.908208E-06
  520    4.889348E-06
  521    5.906407E-06
  522    5.883799E-06
  523    5.861320E-06
  524    5.838970E-06
  525    5.816748E-06
  526    5.674008E-06
  527    5.652495E-06
  528    5.631104E-06
  529    5.609835E-06
  530    5.588686E-06
  531    7.439026E-06
  532    7.411086E-06
  533    7.383303E-06
  534    7.355676E-06
  535    7.328204E-06
  536    7.583160E-06
  537    7.554944E-06
  538    7.526885E-06
  539    7.498982E-06
  540    7.471233E-06
  541    8.869989E-06
  542    8.837288E-06
  543    8.804768E-06
  544    8.772428E-06
  545    8.740265E-06
  546    9.327959E-06
  547    9.293885E-06
  548    9.259996E-06
  549    9.226293E-06
  550    9.192773E-06
  551    9.372546E-06
  552    9.338618E-06
  553    9.304874E-06
  554    9.271313E-06
  555    9.237933E-06
  556    1.171448E-05
  557    1.167245E-05
  558    1.163065E-05
  559    1.158908E-05
  560    1.154773E-05
  561    1.151521E-05
  562    1.147427E-05
  563    1.143355E-05
  564    1.139304E-05
  565    1.135274E-05
  566    1.352630E-05
  567    1.347863E-05
  568    1.343121E-05
  569    1.338404E-05
  570    1.333712E-05
  571    1.303080E-05
  572    1.298528E-05
  573    1.293999E-05
  574    1.289495E-05
  575    1.285013E-05
  576    1.371280E-05
  577    1.366531E-05
  578    1.361806E-05
  579    1.357106E-05
  580    1.352431E-05
  581    1.292467E-05
  582    1.288029E-05
  583    1.283614E-05
  584    1.279222E-05
  585    1.274852E-05
  586    1.112347E-05
  587    1.108560E-05
  588    1.104792E-05
  589    1.101044E-05
  590    1.097315E-05
  591    9.836344E-06
  592    9.803141E-06
  593    9.770106E-06
  594    9.737238E-06
  595    9.704535E-06
  596    6.241781E-06
  597    6.220888E-06
  598    6.200100E-06
  599    6.179415E-06
  600    6.158834E-06
  601    2.144050E-06
  602    2.136933E-06
  603    2.129851E-06
  604    2.122804E-06
  605    2.115793E-06
  606   -2.178304E-06
  607   -2.171132E-06
  608   -2.163996E-06
  609   -2.156895E-06
  610   -2.149830E-06
  611   -5.112593E-06
  612   -5.095899E-06
  613   -5.079286E-06
  614   -5.062755E-06
  615   -5.046304E-06
  616   -7.212607E-06
  617   -7.189246E-06
  618   -7.165999E-06
  619   -7.142864E-06
  620   -7.119841E-06
  621   -4.793044E-06
  622   -4.777645E-06
  623   -4.762320E-06
  624   -4.747068E-06
  625   -4.731890E-06
  626    2.262306E-06
  627    2.255095E-06
  628    2.247919E-06
  629    2.240777E-06
  630    2.233669E-06
  631    1.620767E-05
  632    1.615642E-05
  633    1.610542E-05
  634    1.605465E-05
  635    1.600412E-05
  636    3.921288E-05
  637    3.908986E-05
  638    3.896742E-05
  639    3.884555E-05
  640    3.872425E-05
  641    7.577065E-05
  642    7.553478E-05
  643    7.530002E-05
  644    7.506635E-05
  645    7.483377E-05
  646    1.103318E-04
  647    1.099910E-04
  648    1.096518E-04
  649    1.093141E-04
  650    1.089780E-04
  651    1.704455E-04
  652    1.699230E-04
  653    1.694030E-04
  654    1.688854E-04
  655    1.683701E-04
  656    2.082684E-04
  657    2.076348E-04
  658    2.070042E-04
  659    2.063764E-04
  660    2.057515E-04
  661    2.518034E-04
  662    2.510432E-04
  663    2.502865E-04
  664    2.495332E-04
  665    2.487833E-04
  666    2.808197E-04
  667    2.799783E-04
  668    2.791407E-04
  669    2.783068E-04
  670    2.774766E-04
  671    2.679979E-04
  672    2.672008E-04
  673    2.664074E-04
  674    2.656174E-04
  675    2.648310E-04
  676    2.615788E-04
  677    2.608066E-04
  678    2.600378E-04
  679    2.592724E-04
  680    2.585104E-04
  681    1.465335E-04
  682    1.461041E-04
  683    1.456766E-04
  684    1.452510E-04
  685    1.448272E-04
  686   -4.163162E-05
  687   -4.151051E-05
  688   -4.138993E-05
  689   -4.126987E-05
  690   -4.115033E-05
  691   -3.554997E-04
  692   -3.544730E-04
  693   -3.534508E-04
  694   -3.524329E-04
  695   -3.514194E-04
  696   -7.856823E-04
  697   -7.834295E-04
  698   -7.811863E-04
  699   -7.789528E-04
  700   -7.767288E-04
  701   -1.353096E-03
  702   -1.349244E-03
  703   -1.345408E-03
  704   -1.341589E-03
  705   -1.337785E-03
  706   -1.628460E-03
  707   -1.623856E-03
  708   -1.619272E-03
  709   -1.614708E-03
  710   -1.610162E-03
  711   -2.046234E-03
  712   -2.040490E-03
  713   -2.034771E-03
  714   -2.029075E-03
  715   -2.023403E-03
  716   -2.062555E-03
  717   -2.056805E-03
  718   -2.051080E-03
  719   -2.045379E-03
  720   -2.039701E-03
  721   -2.047049E-03
  722   -2.041383E-03
  723   -2.035740E-03
  724   -2.030120E-03
  725   -2.024523E-03
  726   -1.588366E-03
  727   -1.583999E-03
  728   -1.579651E-03
  729   -1.575320E-03
  730   -1.571007E-03
  731   -6.148816E-04
  732   -6.132028E-04
  733   -6.115308E-04
  734   -6.098656E-04
  735   -6.082073E-04
  736    1.114868E-03
  737    1.111845E-03
  738    1.108834E-03
  739    1.105835E-03
  740    1.102848E-03
  741    3.954887E-03
  742    3.944234E-03
  743    3.933624E-03
  744    3.923057E-03
  745    3.912532E-03
  746    8.328275E-03
  747    8.305992E-03
  748    8.283798E-03
  749    8.261693E-03
  750    8.239677E-03
  751    1.317800E-02
  752    1.314297E-02
  753    1.310809E-02
  754    1.307334E-02
  755    1.303873E-02
  756    1.629584E-02
  757    1.625282E-02
  758    1.620996E-02
  759    1.616728E-02
  760    1.612476E-02
  761    2.187498E-02
  762    2.181760E-02
  763    2.176045E-02
  764    2.170352E-02
  765    2.164682E-02
  766    2.215824E-02
  767    2.210050E-02
  768    2.204299E-02
  769    2.198570E-02
  770    2.192863E-02
  771    2.363296E-02
  772    2.357178E-02
  773    2.351083E-02
  774    2.345012E-02
  775    2.338964E-02
  776    2.378615E-02
  777    2.372496E-02
  778    2.366401E-02
  779    2.360329E-02
  780    2.354281E-02
  781    2.381218E-02
  782    2.375132E-02
  783    2.369069E-02
  784    2.363030E-02
  785    2.357013E-02
  786    2.241362E-02
  787    2.235669E-02
  788    2.229999E-02
  789    2.224350E-02
  790    2.218722E-02
  791    1.897337E-02
  792    1.892548E-02
  793    1.887778E-02
  794    1.883026E-02
  795    1.878292E-02
  796    1.492438E-02
  797    1.488695E-02
  798    1.484967E-02
  799    1.481252E-02
  800    1.477551E-02
  801    9.209431E-03
  802    9.186479E-03
  803    9.163613E-03
  804    9.140832E-03
  805    9.118136E-03
  806    4.582811E-03
  807    4.571460E-03
  808    4.560152E-03
  809    4.548885E-03
  810    4.537660E-03
  811    1.074393E-03
  812    1.071749E-03
  813    1.069114E-03
  814    1.066489E-03
  815    1.063873E-03
  816   -1.067948E-03
  817   -1.065335E-03
  818   -1.062732E-03
  819   -1.060138E-03
  820   -1.057554E-03
  821   -2.319512E-03
  822   -2.313872E-03
  823   -2.308253E-03
  824   -2.302653E-03
  825   -2.297075E-03
  826   -2.952359E-03
  827   -2.945224E-03
  828   -2.938114E-03
  829   -2.931030E-03
  830   -2.923971E-03
  831   -3.244505E-03
  832   -3.236710E-03
  833   -3.228944E-03
  834   -3.221205E-03
  835   -3.213494E-03
  836   -3.055108E-03
  837   -3.047812E-03
  838   -3.040542E-03
  839   -3.033299E-03
  840   -3.026081E-03
  841   -2.695867E-03
  842   -2.689467E-03
  843   -2.683090E-03
  844   -2.676736E-03
  845   -2.670404E-03
  846   -2.247429E-03
  847   -2.242126E-03
  848   -2.236841E-03
  849   -2.231574E-03
  850   -2.226327E-03
  851   -1.394826E-03
  852   -1.391554E-03
  853   -1.388293E-03
  854   -1.385044E-03
  855   -1.381806E-03
  856   -7.577902E-04
  857   -7.560227E-04
  858   -7.542615E-04
  859   -7.525063E-04
  860   -7.507573E-04
  861   -2.363643E-04
  862   -2.358162E-04
  863   -2.352700E-04
  864   -2.347257E-04
  865   -2.341833E-04
  866    7.687579E-05
  867    7.669855E-05
  868    7.652193E-05
  869    7.634591E-05
  870    7.617051E-05
  871    2.576742E-04
  872    2.570836E-04
  873    2.564950E-04
  874    2.559083E-04
  875    2.553237E-04
  876    3.240501E-04
  877    3.233115E-04
  878    3.225755E-04
  879    3.218419E-04
  880    3.211109E-04
  881    3.486227E-04
  882    3.478326E-04
  883    3.470452E-04
  884    3.462605E-04
  885    3.454784E-04
  886    3.131601E-04
  887    3.124544E-04
  888    3.117511E-04
  889    3.110501E-04
  890    3.103515E-04
  891    2.680782E-04
  892    2.674775E-04
  893    2.668788E-04
  894    2.662820E-04
  895    2.656873E-04
  896    1.930984E-04
  897    1.926681E-04
  898    1.922392E-04
  899    1.918118E-04
  900    1.913858E-04
  901    1.110458E-04
  902    1.107997E-04
  903    1.105544E-04
  904    1.103100E-04
  905    1.100663E-04
  906    4.171738E-05
  907    4.162544E-05
  908    4.153381E-05
  909    4.144247E-05
  910    4.135144E-05
  911   -1.691557E-05
  912   -1.687849E-05
  913   -1.684154E-05
  914   -1.680471E-05
  915   -1.676799E-05
  916   -6.234847E-05
  917   -6.221256E-05
  918   -6.207709E-05
  919   -6.194207E-05
  920   -6.180748E-05
  921   -8.567836E-05
  922   -8.549261E-05
  923   -8.530746E-05
  924   -8.512291E-05
  925   -8.493896E-05
  926   -1.008100E-04
  927   -1.005926E-04
  928   -1.003759E-04
  929   -1.001599E-04
  930   -9.994466E-05
  931   -1.098049E-04
  932   -1.095694E-04
  933   -1.093347E-04
  934   -1.091007E-04
  935   -1.088674E-04
  936   -9.631681E-05
  937   -9.611134E-05
  938   -9.590652E-05
  939   -9.570235E-05
  940   -9.549884E-05
  941   -9.261417E-05
  942   -9.241764E-05
  943   -9.222174E-05
  944   -9.202646E-05
  945   -9.183180E-05
  946   -7.507653E-05
  947   -7.491805E-05
  948   -7.476008E-05
  949   -7.460261E-05
  950   -7.444563E-05
  951   -6.057553E-05
  952   -6.044833E-05
  953   -6.032154E-05
  954   -6.019515E-05
  955   -6.006915E-05
  956   -4.642344E-05
  957   -4.632648E-05
  958   -4.622981E-05
  959   -4.613345E-05
  960   -4.603739E-05
  961   -3.507957E-05
  962   -3.500668E-05
  963   -3.493401E-05
  964   -3.486157E-05
  965   -3.478936E-05
  966   -3.126376E-05
  967   -3.119913E-05
  968   -3.113471E-05
  969   -3.107048E-05
  970   -3.100645E-05
  971   -2.518930E-05
  972   -2.513750E-05
  973   -2.508586E-05
  974   -2.503437E-05
  975   -2.498305E-05
  976   -2.550952E-05
  977   -2.545732E-05
  978   -2.540529E-05
  979   -2.535342E-05
  980   -2.530170E-05
  981   -2.469431E-05
  982   -2.464405E-05
  983   -2.459393E-05
  984   -2.454397E-05
  985   -2.449416E-05
  986   -2.441002E-05
  987   -2.436058E-05
  988   -2.431130E-05
  989   -2.426216E-05
  990   -2.421317E-05
  991   -2.569445E-05
  992   -2.564267E-05
  993   -2.559105E-05
  994   -2.553959E-05
  995   -2.548828E-05
  996   -2.436390E-05
  997   -2.431505E-05
  998   -2.426634E-05
  999   -2.421779E-05
 1000   -2.416938E-05
 1001   -2.395385E-05
 1002   -2.390606E-05
 1003   -2.385841E-05
 1004   -2.381091E-05
 1005   -2.376355E-05
 1006   -2.252825E-05
 1007   -2.248353E-05
 1008   -2.243894E-05
 1009   -2.239448E-05
 1010   -2.235016E-05
 1011   -2.238780E-05
 1012   -2.234357E-05
 1013   -2.229948E-05
 1014   -2.225552E-05
 1015   -2.221169E-05
 1016   -2.469135E-05
 1017   -2.464282E-05
 1018   -2.459443E-05
 1019   -2.454618E-05
 1020   -2.449808E-05
 1021   -2.407698E-05
 1022   -2.402989E-05
 1023   -2.398293E-05
 1024   -2.393611E-05
 1025   -2.388943E-05
 1026   -2.564157E-05
 1027   -2.559166E-05
 1028   -2.554189E-05
 1029   -2.549227E-05
 1030   -2.544280E-05
 1031   -2.610408E-05
 1032   -2.605351E-05
 1033   -2.600309E-05
 1034   -2.595282E-05
 1035   -2.590270E-05
 1036   -2.614530E-05
 1037   -2.609490E-05
 1038   -2.604464E-05
 1039   -2.599453E-05
 1040   -2.594457E-05
 1041   -2.623642E-05
 1042   -2.618609E-05
 1043   -2.613590E-05
 1044   -2.608586E-05
 1045   -2.603596E-05
 1046   -2.398524E-05
 1047   -2.393945E-05
 1048   -2.389378E-05
 1049   -2.384825E-05
 1050   -2.380285E-05
 1051   -2.258960E-05
 1052   -2.254668E-05
 1053   -2.250387E-05
 1054   -2.246119E-05
 1055   -2.241863E-05
 1056   -2.076791E-05
 1057   -2.072863E-05
 1058   -2.068946E-05
 1059   -2.065041E-05
 1060   -2.061146E-05
 1061   -2.019068E-05
 1062   -2.015268E-05
 1063   -2.011478E-05
 1064   -2.007698E-05
 1065   -2.003930E-05
 1066   -2.019432E-05
 1067   -2.015648E-05
 1068   -2.011875E-05
 1069   -2.008113E-05
 1070   -2.004361E-05
 1071   -2.011953E-05
 1072   -2.008202E-05
 1073   -2.004460E-05
 1074   -2.000729E-05
 1075   -1.997009E-05
 1076   -1.936420E-05
 1077   -1.932826E-05
 1078   -1.929241E-05
 1079   -1.925667E-05
 1080   -1.922103E-05
 1081   -2.053575E-05
 1082   -2.049781E-05
 1083   -2.045998E-05
 1084   -2.042224E-05
 1085   -2.038462E-05
 1086   -2.022235E-05
 1087   -2.018516E-05
 1088   -2.014807E-05
 1089   -2.011109E-05
 1090   -2.007420E-05
 1091   -1.980879E-05
 1092   -1.977252E-05
 1093   -1.973636E-05
 1094   -1.970030E-05
 1095   -1.966433E-05
 1096   -1.987441E-05
 1097   -1.983820E-05
 1098   -1.980208E-05
 1099   -1.976606E-05
 1100   -1.973014E-05
 1101   -1.969909E-05
 1102   -1.966336E-05
 1103   -1.962772E-05
 1104   -1.959218E-05
 1105   -1.955674E-05
 1106   -1.843518E-05
 1107   -1.840189E-05
 1108   -1.836869E-05
 1109   -1.833557E-05
 1110   -1.830255E-05
 1111   -1.845823E-05
 1112   -1.842505E-05
 1113   -1.839196E-05
 1114   -1.835895E-05
 1115   -1.832603E-05
 1116   -1.814106E-05
 1117   -1.810859E-05
 1118   -1.807621E-05
 1119   -1.804392E-05
 1120   -1.801171E-05
 1121   -1.915428E-05
 1122   -1.912015E-05
 1123   -1.908612E-05
 1124   -1.905217E-05
 1125   -1.901832E-05
 1126   -1.818825E-05
 1127   -1.815599E-05
 1128   -1.812381E-05
 1129   -1.809172E-05
 1130   -1.805972E-05
 1131   -1.875913E-05
 1132   -1.872600E-05
 1133   -1.869296E-05
 1134   -1.866001E-05
 1135   -1.862714E-05
 1136   -1.863377E-05
 1137   -1.860101E-05
 1138   -1.856834E-05
 1139   -1.853574E-05
 1140   -1.850324E-05
 1141   -1.854999E-05
 1142   -1.851752E-05
 1143   -1.848513E-05
 1144   -1.845283E-05
 1145   -1.842061E-05
 1146   -1.881986E-05
 1147   -1.878705E-05
 1148   -1.875434E-05
 1149   -1.872171E-05
 1150   -1.868916E-05
 1151   -1.739537E-05
 1152   -1.736518E-05
 1153   -1.733508E-05
 1154   -1.730504E-05
 1155   -1.727509E-05
 1156   -1.751034E-05
 1157   -1.748009E-05
 1158   -1.744991E-05
 1159   -1.741981E-05
 1160   -1.738979E-05
 1161   -1.695571E-05
 1162   -1.692654E-05
 1163   -1.689745E-05
 1164   -1.686843E-05
 1165   -1.683948E-05
 1166   -1.712182E-05
 1167   -1.709249E-05
 1168   -1.706324E-05
 1169   -1.703406E-05
 1170   -1.700495E-05
 1171   -1.792874E-05
 1172   -1.789815E-05
 1173   -1.786765E-05
 1174   -1.783722E-05
 1175   -1.780688E-05
 1176   -1.675861E-05
 1177   -1.673015E-05
 1178   -1.670175E-05
 1179   -1.667343E-05
 1180   -1.664518E-05
 1181   -1.776898E-05
 1182   -1.773892E-05
 1183   -1.770894E-05
 1184   -1.767904E-05
 1185   -1.764922E-05
 1186   -1.787893E-05
 1187   -1.784882E-05
 1188   -1.781878E-05
 1189   -1.778882E-05
 1190   -1.775894E-05
 1191   -1.721234E-05
 1192   -1.718347E-05
 1193   -1.715468E-05
 1194   -1.712595E-05
 1195   -1.709730E-05
 1196   -1.728577E-05
 1197   -1.725690E-05
 1198   -1.722810E-05
 1199   -1.719937E-05
 1200   -1.717072E-05
 1201   -1.642133E-05
 1202   -1.639402E-05
 1203   -1.636678E-05
 1204   -1.633960E-05
 1205   -1.631249E-05
 1206   -1.673197E-05
 1207   -1.670425E-05
 1208   -1.667661E-05
 1209   -1.664903E-05
 1210   -1.662153E-05
 1211   -1.602479E-05
 1212   -1.599835E-05
 1213   -1.597199E-05
 1214   -1.594568E-05
 1215   -1.591945E-05
 1216   -1.599591E-05
 1217   -1.596963E-05
 1218   -1.594342E-05
 1219   -1.591727E-05
 1220   -1.589119E-05
 1221   -1.658978E-05
 1222   -1.656263E-05
 1223   -1.653556E-05
 1224   -1.650855E-05
 1225   -1.648161E-05
 1226   -1.573791E-05
 1227   -1.571227E-05
 1228   -1.568669E-05
 1229   -1.566117E-05
 1230   -1.563571E-05
 1231   -1.690005E-05
 1232   -1.687263E-05
 1233   -1.684527E-05
 1234   -1.681798E-05
 1235   -1.679076E-05
 1236   -1.620022E-05
 1237   -1.617403E-05
 1238   -1.614792E-05
 1239   -1.612186E-05
 1240   -1.609587E-05
 1241   -1.607783E-05
 1242   -1.605195E-05
 1243   -1.602614E-05
 1244   -1.600038E-05
 1245   -1.597469E-05
 1246   -1.629780E-05
 1247   -1.627167E-05
 1248   -1.624560E-05
 1249   -1.621960E-05
 1250   -1.619366E-05
 1251   -1.536804E-05
 1252   -1.534350E-05
 1253   -1.531901E-05
 1254   -1.529459E-05
 1255   -1.527023E-05
 1256   -1.601825E-05
 1257   -1.599277E-05
 1258   -1.596736E-05
 1259   -1.594200E-05
 1260   -1.591671E-05
 1261   -1.478650E-05
 1262   -1.476308E-05
 1263   -1.473971E-05
 1264   -1.471640E-05
 1265   -1.469314E-05
 1266   -1.530366E-05
 1267   -1.527951E-05
 1268   -1.525542E-05
 1269   -1.523139E-05
 1270   -1.520741E-05
 1271   -1.553516E-05
 1272   -1.551074E-05
 1273   -1.548638E-05
 1274   -1.546208E-05
 1275   -1.543783E-05
 1276   -1.496694E-05
 1277   -1.494351E-05
 1278   -1.492014E-05
 1279   -1.489681E-05
 1280   -1.487355E-05
 1281   -1.527417E-05
 1282   -1.525035E-05
 1283   -1.522659E-05
 1284   -1.520288E-05
 1285   -1.517923E-05
 1286   -1.498347E-05
 1287   -1.496020E-05
 1288   -1.493697E-05
 1289   -1.491381E-05
 1290   -1.489069E-05
 1291   -1.544385E-05
 1292   -1.541996E-05
 1293   -1.539611E-05
 1294   -1.537233E-05
 1295   -1.534860E-05
 1296   -1.471194E-05
 1297   -1.468926E-05
 1298   -1.466664E-05
 1299   -1.464406E-05
 1300   -1.462154E-05
 1301   -1.444593E-05
 1302   -1.442375E-05
 1303   -1.440162E-05
 1304   -1.437954E-05
 1305   -1.435751E-05
 1306   -1.404301E-05
 1307   -1.402153E-05
 1308   -1.400010E-05
 1309   -1.397872E-05
 1310   -1.395738E-05
 1311   -1.386092E-05
 1312   -1.383980E-05
 1313   -1.381873E-05
 1314   -1.379770E-05
 1315   -1.377672E-05
 1316   -1.404387E-05
 1317   -1.402255E-05
 1318   -1.400128E-05
 1319   -1.398006E-05
 1320   -1.395888E-05
 1321   -1.365673E-05
 1322   -1.363608E-05
 1323   -1.361547E-05
 1324   -1.359491E-05
 1325   -1.357440E-05
 1326   -1.372769E-05
 1327   -1.370700E-05
 1328   -1.368637E-05
 1329   -1.366578E-05
 1330   -1.364524E-05
 1331   -1.358654E-05
 1332   -1.356615E-05
 1333   -1.354580E-05
 1334   -1.352550E-05
 1335   -1.350525E-05
 1336   -1.355731E-05
 1337   -1.353704E-05
 1338   -1.351681E-05
 1339   -1.349663E-05
 1340   -1.347649E-05
 1341   -1.350317E-05
 1342   -1.348305E-05
 1343   -1.346298E-05
 1344   -1.344296E-05
 1345   -1.342297E-05
 1346   -1.287948E-05
 1347   -1.286037E-05
 1348   -1.284129E-05
 1349   -1.282226E-05
 1350   -1.280327E-05
 1351   -1.257389E-05
 1352   -1.255529E-05
 1353   -1.253674E-05
 1354   -1.251823E-05
 1355   -1.249976E-05
 1356   -1.215565E-05
 1357   -1.213774E-05
 1358   -1.211987E-05
 1359   -1.210204E-05
 1360   -1.208425E-05
 1361   -1.173612E-05
 1362   -1.171890E-05
 1363   -1.170171E-05
 1364   -1.168456E-05
 1365   -1.166744E-05
 1366   -1.150378E-05
 1367   -1.148696E-05
 1368   -1.147017E-05
 1369   -1.145342E-05
 1370   -1.143671E-05
 1371   -1.142703E-05
 1372   -1.141038E-05
 1373   -1.139376E-05
 1374   -1.137718E-05
 1375   -1.136064E-05
 1376   -1.186351E-05
 1377   -1.184629E-05
 1378   -1.182910E-05
 1379   -1.181195E-05
 1380   -1.179484E-05
 1381   -1.134470E-05
 1382   -1.132828E-05
 1383   -1.131191E-05
 1384   -1.129557E-05
 1385   -1.127926E-05
 1386   -1.149666E-05
 1387   -1.148009E-05
 1388   -1.146356E-05
 1389   -1.144706E-05
 1390   -1.143059E-05
 1391   -1.086111E-05
 1392   -1.084551E-05
 1393   -1.082995E-05
 1394   -1.081442E-05
 1395   -1.079892E-05
 1396   -1.101451E-05
 1397   -1.099874E-05
 1398   -1.098301E-05
 1399   -1.096732E-05
 1400   -1.095166E-05
 1401   -1.069860E-05
 1402   -1.068334E-05
 1403   -1.066812E-05
 1404   -1.065293E-05
 1405   -1.063777E-05
 1406   -1.009321E-05
 1407   -1.007887E-05
 1408   -1.006456E-05
 1409   -1.005028E-05
 1410   -1.003603E-05
 1411   -1.000551E-05
 1412   -9.991341E-06
 1413   -9.977204E-06
 1414   -9.963097E-06
 1415   -9.949020E-06
 1416   -9.695419E-06
 1417   -9.681739E-06
 1418   -9.668089E-06
 1419   -9.654467E-06
 1420   -9.640874E-06
 1421   -9.715337E-06
 1422   -9.701678E-06
 1423   -9.688047E-06
 1424   -9.674445E-06
 1425   -9.660871E-06
 1426   -9.955397E-06
 1427   -9.941449E-06
 1428   -9.927530E-06
 1429   -9.913640E-06
 1430   -9.899780E-06
 1431   -9.668501E-06
 1432   -9.655002E-06
 1433   -9.641531E-06
 1434   -9.628089E-06
 1435   -9.614675E-06
 1436   -9.698604E-06
 1437   -9.685110E-06
 1438   -9.671645E-06
 1439   -9.658207E-06
 1440   -9.644798E-06
 1441   -9.328307E-06
 1442   -9.315373E-06
 1443   -9.302466E-06
 1444   -9.289587E-06
 1445   -9.276733E-06
 1446   -9.001847E-06
 1447   -8.989409E-06
 1448   -8.976997E-06
 1449   -8.964611E-06
 1450   -8.952250E-06
 1451   -8.539540E-06
 1452   -8.527782E-06
 1453   -8.516047E-06
 1454   -8.504337E-06
 1455   -8.492652E-06
 1456   -7.918784E-06
 1457   -7.907917E-06
 1458   -7.897073E-06
 1459   -7.886252E-06
 1460   -7.875452E-06
 1461   -8.173971E-06
 1462   -8.162793E-06
 1463   -8.151638E-06
 1464   -8.140506E-06
 1465   -8.129396E-06
 1466   -7.660305E-06
 1467   -7.649865E-06
 1468   -7.639446E-06
 1469   -7.629049E-06
 1470   -7.618673E-06
 1471   -7.782546E-06
 1472   -7.771976E-06
 1473   -7.761427E-06
 1474   -7.750899E-06
 1475   -7.740393E-06
 1476   -7.427587E-06
 1477   -7.417533E-06
 1478   -7.407499E-06
 1479   -7.397486E-06
 1480   -7.387492E-06
 1481   -7.477782E-06
 1482   -7.467694E-06
 1483   -7.457627E-06
 1484   -7.447579E-06
 1485   -7.437552E-06
 1486   -7.566109E-06
 1487   -7.555936E-06
 1488   -7.545784E-06
 1489   -7.535652E-06
 1490   -7.525541E-06
 1491   -7.163469E-06
 1492   -7.153870E-06
 1493   -7.144290E-06
 1494   -7.134729E-06
 1495   -7.125188E-06
 1496   -6.929553E-06
 1497   -6.920298E-06
 1498   -6.911062E-06
 1499   -6.901844E-06
 1500   -6.892645E-06
 1501   -6.572240E-06
 1502   -6.563491E-06
 1503   -6.554760E-06
 1504   -6.546047E-06
 1505   -6.537351E-06
 1506   -6.320017E-06
 1507   -6.311632E-06
 1508   -6.303264E-06
 1509   -6.294913E-06
 1510   -6.286578E-06
 1511   -6.204341E-06
 1512   -6.196137E-06
 1513   -6.187949E-06
 1514   -6.179777E-06
 1515   -6.171622E-06
 1516   -5.881926E-06
 1517   -5.874174E-06
 1518   -5.866437E-06
 1519   -5.858716E-06
 1520   -5.851009E-06
 1521   -5.903691E-06
 1522   -5.895936E-06
 1523   -5.888196E-06
 1524   -5.880471E-06
 1525   -5.872762E-06
 1526   -6.034804E-06
 1527   -6.026902E-06
 1528   -6.019016E-06
 1529   -6.011146E-06
 1530   -6.003291E-06
 1531   -5.858787E-06
 1532   -5.851140E-06
 1533   -5.843509E-06
 1534   -5.835893E-06
 1535   -5.828292E-06
 1536   -5.678660E-06
 1537   -5.671273E-06
 1538   -5.663901E-06
 1539   -5.656543E-06
 1540   -5.649199E-06
 1541   -5.299579E-06
 1542   -5.292707E-06
 1543   -5.285849E-06
 1544   -5.279005E-06
 1545   -5.272173E-06
 1546   -5.342804E-06
 1547   -5.335899E-06
 1548   -5.329007E-06
 1549   -5.322129E-06
 1550   -5.315264E-06
 1551   -4.821661E-06
 1552   -4.815450E-06
 1553   -4.809250E-06
 1554   -4.803063E-06
 1555   -4.796887E-06
 1556   -4.660881E-06
 1557   -4.654895E-06
 1558   -4.648922E-06
 1559   -4.642960E-06
 1560   -4.637009E-06
 1561   -4.396641E-06
 1562   -4.391014E-06
 1563   -4.385397E-06
 1564   -4.379791E-06
 1565   -4.374195E-06
 1566   -4.231734E-06
 1567   -4.226335E-06
 1568   -4.220946E-06
 1569   -4.215567E-06
 1570   -4.210199E-06
 1571   -4.185243E-06
 1572   -4.179920E-06
 1573   -4.174607E-06
 1574   -4.169304E-06
 1575   -4.164011E-06
 1576   -4.159434E-06
 1577   -4.154161E-06
 1578   -4.148897E-06
 1579   -4.143644E-06
 1580   -4.138401E-06
 1581   -4.065857E-06
 1582   -4.060718E-06
 1583   -4.055589E-06
 1584   -4.050470E-06
 1585   -4.045361E-06
 1586   -4.038269E-06
 1587   -4.033181E-06
 1588   -4.028103E-06
 1589   -4.023035E-06
 1590   -4.017976E-06
 1591   -3.850255E-06
 1592   -3.845419E-06
 1593   -3.840593E-06
 1594   -3.835775E-06
 1595   -3.830967E-06
 1596   -3.658080E-06
 1597   -3.653500E-06
 1598   -3.648929E-06
 1599   -3.644366E-06
 1600   -3.639812E-06
 1601   -3.409909E-06
 1602   -3.405654E-06
 1603   -3.401406E-06
 1604   -3.397166E-06
 1605   -3.392934E-06
 1606   -3.203013E-06
 1607   -3.199028E-06
 1608   -3.195050E-06
 1609   -3.191080E-06
 1610   -3.187117E-06
 1611   -3.134326E-06
 1612   -3.130439E-06
 1613   -3.126559E-06
 1614   -3.122685E-06
 1615   -3.118819E-06
 1616   -2.983811E-06
 1617   -2.980121E-06
 1618   -2.976439E-06
 1619   -2.972763E-06
 1620   -2.969094E-06
 1621   -2.939115E-06
 1622   -2.935492E-06
 1623   -2.931876E-06
 1624   -2.928266E-06
 1625   -2.924664E-06
 1626   -2.848155E-06
 1627   -2.844655E-06
 1628   -2.841161E-06
 1629   -2.837674E-06
 1630   -2.834193E-06
 1631   -2.878939E-06
 1632   -2.875412E-06
 1633   -2.871891E-06
 1634   -2.868377E-06
 1635   -2.864870E-06
 1636   -2.742168E-06
 1637   -2.738819E-06
 1638   -2.735476E-06
 1639   -2.732139E-06
 1640   -2.728808E-06
 1641   -2.663999E-06
 1642   -2.660755E-06
 1643   -2.657517E-06
 1644   -2.654285E-06
 1645   -2.651059E-06
 1646   -2.447508E-06
 1647   -2.444537E-06
 1648   -2.441571E-06
 1649   -2.438611E-06
 1650   -2.435656E-06
 1651   -2.308835E-06
 1652   -2.306041E-06
 1653   -2.303252E-06
 1654   -2.300467E-06
 1655   -2.297688E-06
 1656   -2.108408E-06
 1657   -2.105864E-06
 1658   -2.103324E-06
 1659   -2.100789E-06
 1660   -2.098259E-06
 1661   -1.941127E-06
 1662   -1.938792E-06
 1663   -1.936461E-06
 1664   -1.934134E-06
 1665   -1.931812E-06
 1666   -1.928300E-06
 1667   -1.925987E-06
 1668   -1.923679E-06
 1669   -1.921374E-06
 1670   -1.919074E-06
 1671   -1.869063E-06
 1672   -1.866828E-06
 1673   -1.864597E-06
 1674   -1.862370E-06
 1675   -1.860147E-06
 1676   -1.873916E-06
 1677   -1.871682E-06
 1678   -1.869452E-06
 1679   -1.867225E-06
 1680   -1.865003E-06
 1681   -1.808677E-06
 1682   -1.806527E-06
 1683   -1.804381E-06
 1684   -1.802239E-06
 1685   -1.800100E-06
 1686   -1.760880E-06
 1687   -1.758793E-06
 1688   -1.756709E-06
 1689   -1.754630E-06
 1690   -1.752554E-06
 1691   -1.690974E-06
 1692   -1.688976E-06
 1693   -1.686981E-06
 1694   -1.684990E-06
 1695   -1.683003E-06
 1696   -1.589383E-06
 1697   -1.587511E-06
 1698   -1.585642E-06
 1699   -1.583775E-06
 1700   -1.581913E-06
 1701   -1.487141E-06
 1702   -1.485394E-06
 1703   -1.483650E-06
 1704   -1.481909E-06
 1705   -1.480171E-06
 1706   -1.366388E-06
 1707   -1.364787E-06
 1708   -1.363189E-06
 1709   -1.361595E-06
 1710   -1.360003E-06
 1711   -1.287346E-06
 1712   -1.285843E-06
 1713   -1.284342E-06
 1714   -1.282844E-06
 1715   -1.281348E-06
 1716   -1.262209E-06
 1717   -1.260739E-06
 1718   -1.259272E-06
 1719   -1.257807E-06
 1720   -1.256345E-06
 1721   -1.210464E-06
 1722   -1.209058E-06
 1723   -1.207655E-06
 1724   -1.206255E-06
 1725   -1.204857E-06
 1726   -1.233498E-06
 1727   -1.232070E-06
 1728   -1.230645E-06
 1729   -1.229222E-06
 1730   -1.227801E-06
 1731   -1.180104E-06
 1732   -1.178742E-06
 1733   -1.177382E-06
 1734   -1.176024E-06
 1735   -1.174669E-06
 1736   -1.164144E-06
 1737   -1.162804E-06
 1738   -1.161467E-06
 1739   -1.160131E-06
 1740   -1.158798E-06
 1741   -1.110821E-06
 1742   -1.109546E-06
 1743   -1.108273E-06
 1744   -1.107003E-06
 1745   -1.105734E-06
 1746   -1.009902E-06
 1747   -1.008746E-06
 1748   -1.007592E-06
 1749   -1.006441E-06
 1750   -1.005291E-06
 1751   -9.369237E-07
 1752   -9.358544E-07
 1753   -9.347870E-07
 1754   -9.337214E-07
 1755   -9.326577E-07
 1756   -8.438047E-07
 1757   -8.428444E-07
 1758   -8.418859E-07
 1759   -8.409289E-07
 1760   -8.399736E-07
 1761   -8.045953E-07
 1762   -8.036823E-07
 1763   -8.027709E-07
 1764   -8.018609E-07
 1765   -8.009526E-07
 1766   -7.498789E-07
 1767   -7.490304E-07
 1768   -7.481833E-07
 1769   -7.473377E-07
 1770   -7.464935E-07
 1771   -7.342116E-07
 1772   -7.333831E-07
 1773   -7.325561E-07
 1774   -7.317304E-07
 1775   -7.309062E-07
 1776   -7.372838E-07
 1777   -7.364543E-07
 1778   -7.356261E-07
 1779   -7.347993E-07
 1780   -7.339739E-07
 1781   -7.109786E-07
 1782   -7.101808E-07
 1783   -7.093844E-07
 1784   -7.085894E-07
 1785   -7.077957E-07
 1786   -7.029876E-07
 1787   -7.022010E-07
 1788   -7.014158E-07
 1789   -7.006318E-07
 1790   -6.998492E-07
 1791   -6.663115E-07
 1792   -6.655681E-07
 1793   -6.648259E-07
 1794   -6.640849E-07
 1795   -6.633452E-07
 1796   -6.391324E-07
 1797   -6.384213E-07
 1798   -6.377113E-07
 1799   -6.370025E-07
 1800   -6.362950E-07
 1801   -6.008132E-07
 1802   -6.001466E-07
 1803   -5.994811E-07
 1804   -5.988166E-07
 1805   -5.981533E-07
 1806   -5.580210E-07
 1807   -5.574036E-07
 1808   -5.567872E-07
 1809   -5.561718E-07
 1810   -5.555574E-07
 1811   -5.357050E-07
 1812   -5.351139E-07
 1813   -5.345238E-07
 1814   -5.339346E-07
 1815   -5.333464E-07
 1816   -5.133387E-07
 1817   -5.127738E-07
 1818   -5.122099E-07
 1819   -5.116469E-07
 1820   -5.110848E-07
 1821   -5.211735E-07
 1822   -5.206015E-07
 1823   -5.200306E-07
 1824   -5.194605E-07
 1825   -5.188914E-07
 1826   -5.061654E-07
 1827   -5.056115E-07
 1828   -5.050585E-07
 1829   -5.045063E-07
 1830   -5.039551E-07
 1831   -5.017617E-07
 1832   -5.012141E-07
 1833   -5.006673E-07
 1834   -5.001215E-07
 1835   -4.995766E-07
 1836   -5.003529E-07
 1837   -4.998083E-07
 1838   -4.992646E-07
 1839   -4.987218E-07
 1840   -4.981798E-07
 1841   -4.876425E-07
 1842   -4.871131E-07
 1843   -4.865847E-07
 1844   -4.860571E-07
 1845   -4.855303E-07
 1846   -4.791689E-07
 1847   -4.786502E-07
 1848   -4.781323E-07
 1849   -4.776152E-07
 1850   -4.770990E-07
 1851   -4.600736E-07
 1852   -4.595769E-07
 1853   -4.590810E-07
 1854   -4.585859E-07
 1855   -4.580916E-07
 1856   -4.480465E-07
 1857   -4.475641E-07
 1858   -4.470824E-07
 1859   -4.466016E-07
 1860   -4.461215E-07
 1861   -4.405629E-07
 1862   -4.400898E-07
 1863   -4.396175E-07
 1864   -4.391459E-07
 1865   -4.386751E-07
 1866   -4.351590E-07
 1867   -4.346930E-07
 1868   -4.342277E-07
 1869   -4.337632E-07
 1870   -4.332994E-07
 1871   -4.395669E-07
 1872   -4.390974E-07
 1873   -4.386286E-07
 1874   -4.381606E-07
 1875   -4.376934E-07
 1876   -4.275657E-07
 1877   -4.271103E-07
 1878   -4.266555E-07
 1879   -4.262015E-07
 1880   -4.257482E-07
 1881   -4.350646E-07
 1882   -4.346024E-07
 1883   -4.341409E-07
 1884   -4.336802E-07
 1885   -4.332202E-07
 1886   -4.299010E-07
 1887   -4.294455E-07
 1888   -4.289906E-07
 1889   -4.285366E-07
 1890   -4.280832E-07
 1891   -4.318094E-07
 1892   -4.313531E-07
 1893   -4.308975E-07
 1894   -4.304426E-07
 1895   -4.299884E-07
 1896   -4.435638E-07
 1897   -4.430963E-07
 1898   -4.426295E-07
 1899   -4.421634E-07
 1900   -4.416981E-07
 1901   -4.331113E-07
 1902   -4.326560E-07
 1903   -4.322014E-07
 1904   -4.317475E-07
 1905   -4.312944E-07
 1906   -4.414642E-07
 1907   -4.410014E-07
 1908   -4.405392E-07
 1909   -4.400778E-07
 1910   -4.396171E-07
 1911   -4.461249E-07
 1912   -4.456584E-07
 1913   -4.451926E-07
 1914   -4.447275E-07
 1915   -4.442632E-07
 1916   -4.425510E-07
 1917   -4.420894E-07
 1918   -4.416285E-07
 1919   -4.411683E-07
 1920   -4.407089E-07
 1921   -4.452643E-07
 1922   -4.448011E-07
 1923   -4.443386E-07
 1924   -4.438768E-07
 1925   -4.434158E-07
 1926   -4.448946E-07
 1927   -4.444330E-07
 1928   -4.439721E-07
 1929   -4.435119E-07
 1930   -4.430524E-07
 1931   -4.584642E-07
 1932   -4.579897E-07
 1933   -4.575160E-07
 1934   -4.570430E-07
 1935   -4.565707E-07
 1936   -4.554957E-07
 1937   -4.550255E-07
 1938   -4.545561E-07
 1939   -4.540873E-07
 1940   -4.536193E-07
 1941   -4.669601E-07
 1942   -4.664793E-07
 1943   -4.659993E-07
 1944   -4.655200E-07
 1945   -4.650414E-07
 1946   -4.813142E-07
 1947   -4.808199E-07
 1948   -4.803264E-07
 1949   -4.798336E-07
 1950   -4.793416E-07
 1951   -4.797534E-07
 1952   -4.792619E-07
 1953   -4.787713E-07
 1954   -4.782813E-07
 1955   -4.777922E-07
 1956   -5.120336E-07
 1957   -5.115105E-07
 1958   -5.109881E-07
 1959   -5.104666E-07
 1960   -5.099458E-07
 1961   -4.944322E-07
 1962   -4.939283E-07
 1963   -4.934252E-07
 1964   -4.929229E-07
 1965   -4.924213E-07
 1966   -5.155464E-07
 1967   -5.150223E-07
 1968   -5.144991E-07
 1969   -5.139766E-07
 1970   -5.134549E-07
 1971   -5.173184E-07
 1972   -5.167939E-07
 1973   -5.162701E-07
 1974   -5.157472E-07
 1975   -5.152251E-07
 1976   -5.163911E-07
 1977   -5.158689E-07
 1978   -5.153474E-07
 1979   -5.148267E-07
 1980   -5.143068E-07
 1981   -5.246607E-07
 1982   -5.241314E-07
 1983   -5.236029E-07
 1984   -5.230752E-07
 1985   -5.225483E-07
 1986   -5.259837E-07
 1987   -5.254544E-07
 1988   -5.249259E-07
 1989   -5.243982E-07
 1990   -5.238713E-07
 1991   -5.506254E-07
 1992   -5.500727E-07
 1993   -5.495208E-07
 1994   -5.489698E-07
 1995   -5.484196E-07
 1996   -5.555350E-07
 1997   -5.549788E-07
 1998   -5.544234E-07
 1999   -5.538688E-07
 2000   -5.533151E-07
 2001   -5.709602E-07
 2002   -5.703899E-07
 2003   -5.698205E-07
 2004   -5.692520E-07
 2005   -5.686843E-07
 2006   -5.901580E-07
 2007   -5.895701E-07
 2008   -5.889830E-07
 2009   -5.883968E-07
 2010   -5.878115E-07
 2011   -5.927740E-07
 2012   -5.921849E-07
 2013   -5.915967E-07
 2014   -5.910093E-07
 2015   -5.904229E-07
 2016   -6.112366E-07
 2017   -6.106306E-07
 2018   -6.100256E-07
 2019   -6.094215E-07
 2020   -6.088182E-07
 2021   -6.085357E-07
 2022   -6.079339E-07
 2023   -6.073330E-07
 2024   -6.067331E-07
 2025   -6.061340E-07
 2026   -6.050375E-07
 2027   -6.044407E-07
 2028   -6.038447E-07
 2029   -6.032497E-07
 2030   -6.026555E-07
 2031   -6.257981E-07
 2032   -6.251823E-07
 2033   -6.245674E-07
 2034   -6.239535E-07
 2035   -6.233404E-07
 2036   -6.173624E-07
 2037   -6.167564E-07
 2038   -6.161513E-07
 2039   -6.155470E-07
 2040   -6.149437E-07
 2041   -6.456546E-07
 2042   -6.450223E-07
 2043   -6.443910E-07
 2044   -6.437607E-07
 2045   -6.431312E-07
 2046   -6.399552E-07
 2047   -6.393300E-07
 2048   -6.387059E-07
 2049   -6.380826E-07
 2050   -6.374602E-07
 2051   -6.589330E-07
 2052   -6.582909E-07
 2053   -6.576498E-07
 2054   -6.570096E-07
 2055   -6.563703E-07
 2056   -6.770844E-07
 2057   -6.764262E-07
 2058   -6.757690E-07
 2059   -6.751128E-07
 2060   -6.744575E-07
 2061   -6.810280E-07
 2062   -6.803676E-07
 2063   -6.797082E-07
 2064   -6.790497E-07
 2065   -6.783922E-07
 2066   -6.912448E-07
 2067   -6.905762E-07
 2068   -6.899085E-07
 2069   -6.892417E-07
 2070   -6.885759E-07
 2071   -6.765252E-07
 2072   -6.758724E-07
 2073   -6.752205E-07
 2074   -6.745695E-07
 2075   -6.739195E-07
 2076   -6.985630E-07
 2077   -6.978905E-07
 2078   -6.972189E-07
 2079   -6.965484E-07
 2080   -6.958788E-07
 2081   -7.035158E-07
 2082   -7.028401E-07
 2083   -7.021654E-07
 2084   -7.014917E-07
 2085   -7.008190E-07
 2086   -7.199639E-07
 2087   -7.192742E-07
 2088   -7.185854E-07
 2089   -7.178976E-07
 2090   -7.172107E-07
 2091   -7.029712E-07
 2092   -7.022993E-07
 2093   -7.016284E-07
 2094   -7.009584E-07
 2095   -7.002894E-07
 2096   -7.242379E-07
 2097   -7.235473E-07
 2098   -7.228577E-07
 2099   -7.221691E-07
 2100   -7.214815E-07
 2101   -7.336136E-07
 2102   -7.329158E-07
 2103   -7.322189E-07
 2104   -7.315231E-07
 2105   -7.308282E-07
 2106   -7.319438E-07
 2107   -7.312492E-07
 2108   -7.305555E-07
 2109   -7.298629E-07
 2110   -7.291713E-07
 2111   -7.504276E-07
 2112   -7.497172E-07
 2113   -7.490077E-07
 2114   -7.482993E-07
 2115   -7.475918E-07
 2116   -7.531188E-07
 2117   -7.524075E-07
 2118   -7.516972E-07
 2119   -7.509879E-07
 2120   -7.502795E-07
 2121   -7.518537E-07
 2122   -7.511453E-07
 2123   -7.504378E-07
 2124   -7.497314E-07
 2125   -7.490259E-07
 2126   -7.485921E-07
 2127   -7.478883E-07
 2128   -7.471856E-07
 2129   -7.464839E-07
 2130   -7.457831E-07
 2131   -7.526202E-07
 2132   -7.519144E-07
 2133   -7.512095E-07
 2134   -7.505056E-07
 2135   -7.498028E-07
 2136   -7.687638E-07
 2137   -7.680445E-07
 2138   -7.673262E-07
 2139   -7.666089E-07
 2140   -7.658926E-07
 2141   -7.631647E-07
 2142   -7.624523E-07
 2143   -7.617409E-07
 2144   -7.610305E-07
 2145   -7.603210E-07
 2146   -7.635873E-07
 2147   -7.628762E-07
 2148   -7.621660E-07
 2149   -7.614569E-07
 2150   -7.607487E-07
 2151   -7.484134E-07
 2152   -7.477180E-07
 2153   -7.470236E-07
 2154   -7.463301E-07
 2155   -7.456376E-07
 2156   -7.551635E-07
 2157   -7.544635E-07
 2158   -7.537644E-07
 2159   -7.530664E-07
 2160   -7.523692E-07
 2161   -7.845473E-07
 2162   -7.838217E-07
 2163   -7.830971E-07
 2164   -7.823735E-07
 2165   -7.816509E-07
 2166   -7.625274E-07
 2167   -7.618238E-07
 2168   -7.611212E-07
 2169   -7.604195E-07
 2170   -7.597188E-07
 2171   -7.749965E-07
 2172   -7.742830E-07
 2173   -7.735705E-07
 2174   -7.728590E-07
 2175   -7.721485E-07
 2176   -7.587903E-07
 2177   -7.580933E-07
 2178   -7.573973E-07
 2179   -7.567023E-07
 2180   -7.560083E-07
 2181   -7.722119E-07
 2182   -7.715043E-07
 2183   -7.707976E-07
 2184   -7.700919E-07
 2185   -7.693872E-07
 2186   -7.777386E-07
 2187   -7.770275E-07
 2188   -7.763174E-07
 2189   -7.756083E-07
 2190   -7.749002E-07
 2191   -7.624883E-07
 2192   -7.617928E-07
 2193   -7.610982E-07
 2194   -7.604045E-07
 2195   -7.597118E-07
 2196   -7.785978E-07
 2197   -7.778892E-07
 2198   -7.771815E-07
 2199   -7.764748E-07
 2200   -7.757691E-07
 2201   -7.577102E-07
 2202   -7.570222E-07
 2203   -7.563351E-07
 2204   -7.556489E-07
 2205   -7.549636E-07
 2206   -7.746065E-07
 2207   -7.739047E-07
 2208   -7.732038E-07
 2209   -7.725039E-07
 2210   -7.718050E-07
 2211   -7.674172E-07
 2212   -7.667235E-07
 2213   -7.660307E-07
 2214   -7.653389E-07
 2215   -7.646480E-07
 2216   -7.587876E-07
 2217   -7.581032E-07
 2218   -7.574198E-07
 2219   -7.567373E-07
 2220   -7.560557E-07
 2221   -7.743102E-07
 2222   -7.736134E-07
 2223   -7.729176E-07
 2224   -7.722227E-07
 2225   -7.715287E-07
 2226   -7.553597E-07
 2227   -7.546815E-07
 2228   -7.540042E-07
 2229   -7.533278E-07
 2230   -7.526523E-07
 2231   -7.660569E-07
 2232   -7.653706E-07
 2233   -7.646853E-07
 2234   -7.640008E-07
 2235   -7.633173E-07
 2236   -7.612917E-07
 2237   -7.606113E-07
 2238   -7.599317E-07
 2239   -7.592530E-07
 2240   -7.585753E-07
 2241   -7.383485E-07
 2242   -7.376900E-07
 2243   -7.370323E-07
 2244   -7.363756E-07
 2245   -7.357197E-07
 2246   -7.685801E-07
 2247   -7.678962E-07
 2248   -7.672131E-07
 2249   -7.665310E-07
 2250   -7.658498E-07
 2251   -7.342391E-07
 2252   -7.335872E-07
 2253   -7.329361E-07
 2254   -7.322859E-07
 2255   -7.316366E-07
 2256   -7.395420E-07
 2257   -7.388868E-07
 2258   -7.382325E-07
 2259   -7.375790E-07
 2260   -7.369264E-07
 2261   -7.291584E-07
 2262   -7.285138E-07
 2263   -7.278701E-07
 2264   -7.272273E-07
 2265   -7.265853E-07
 2266   -7.288191E-07
 2267   -7.281763E-07
 2268   -7.275343E-07
 2269   -7.268932E-07
 2270   -7.262529E-07
 2271   -7.361049E-07
 2272   -7.354571E-07
 2273   -7.348101E-07
 2274   -7.341640E-07
 2275   -7.335187E-07
 2276   -7.125153E-07
 2277   -7.118896E-07
 2278   -7.112647E-07
 2279   -7.106406E-07
 2280   -7.100174E-07
 2281   -7.329481E-07
 2282   -7.323059E-07
 2283   -7.316645E-07
 2284   -7.310239E-07
 2285   -7.303842E-07
 2286   -7.194524E-07
 2287   -7.188233E-07
 2288   -7.181951E-07
 2289   -7.175677E-07
 2290   -7.169412E-07
 2291   -7.107072E-07
 2292   -7.100872E-07
 2293   -7.094680E-07
 2294   -7.088495E-07
 2295   -7.082319E-07
 2296   -6.994497E-07
 2297   -6.988408E-07
 2298   -6.982327E-07
 2299   -6.976254E-07
 2300   -6.970189E-07
 2301   -6.796097E-07
 2302   -6.790194E-07
 2303   -6.784299E-07
 2304   -6.778411E-07
 2305   -6.772531E-07
 2306   -6.955055E-07
 2307   -6.949027E-07
 2308   -6.943007E-07
 2309   -6.936994E-07
 2310   -6.930990E-07
 2311   -6.691903E-07
 2312   -6.686116E-07
 2313   -6.680336E-07
 2314   -6.674563E-07
 2315   -6.668798E-07
 2316   -6.702630E-07
 2317   -6.696845E-07
 2318   -6.691068E-07
 2319   -6.685299E-07
 2320   -6.679537E-07
 2321   -6.605145E-07
 2322   -6.599457E-07
 2323   -6.593776E-07
 2324   -6.588103E-07
 2325   -6.582437E-07
 2326   -6.601689E-07
 2327   -6.596017E-07
 2328   -6.590351E-07
 2329   -6.584693E-07
 2330   -6.579042E-07
 2331   -6.637411E-07
 2332   -6.631719E-07
 2333   -6.626035E-07
 2334   -6.620359E-07
 2335   -6.614689E-07
 2336   -6.429977E-07
 2337   -6.424475E-07
 2338   -6.418981E-07
 2339   -6.413493E-07
 2340   -6.408013E-07
 2341   -6.445290E-07
 2342   -6.439787E-07
 2343   -6.434291E-07
 2344   -6.428802E-07
 2345   -6.423320E-07
 2346   -6.315288E-07
 2347   -6.309907E-07
 2348   -6.304534E-07
 2349   -6.299167E-07
 2350   -6.293807E-07
 2351   -6.226641E-07
 2352   -6.221347E-07
 2353   -6.216060E-07
 2354   -6.210780E-07
 2355   -6.205507E-07
 2356   -6.000008E-07
 2357   -5.994918E-07
 2358   -5.989835E-07
 2359   -5.984757E-07
 2360   -5.979687E-07
 2361   -5.905127E-07
 2362   -5.900128E-07
 2363   -5.895135E-07
 2364   -5.890149E-07
 2365   -5.885169E-07
 2366   -5.970491E-07
 2367   -5.965447E-07
 2368   -5.960410E-07
 2369   -5.955379E-07
 2370   -5.950354E-07
 2371   -5.886366E-07
 2372   -5.881404E-07
 2373   -5.876448E-07
 2374   -5.871499E-07
 2375   -5.866555E-07
 2376   -5.887288E-07
 2377   -5.882336E-07
 2378   -5.877390E-07
 2379   -5.872450E-07
 2380   -5.867516E-07
 2381   -5.854197E-07
 2382   -5.849282E-07
 2383   -5.844374E-07
 2384   -5.839472E-07
 2385   -5.834577E-07
 2386   -5.725038E-07
 2387   -5.720242E-07
 2388   -5.715452E-07
 2389   -5.710668E-07
 2390   -5.705890E-07
 2391   -5.790674E-07
 2392   -5.785834E-07
 2393   -5.780999E-07
 2394   -5.776171E-07
 2395   -5.771348E-07
 2396   -5.471704E-07
 2397   -5.467139E-07
 2398   -5.462580E-07
 2399   -5.458027E-07
 2400   -5.453480E-07
 2401   -5.420950E-07
 2402   -5.416437E-07
 2403   -5.411930E-07
 2404   -5.407429E-07
 2405   -5.402933E-07
 2406   -5.222210E-07
 2407   -5.217872E-07
 2408   -5.213539E-07
 2409   -5.209211E-07
 2410   -5.204889E-07
 2411   -5.168860E-07
 2412   -5.164575E-07
 2413   -5.160295E-07
 2414   -5.156021E-07
 2415   -5.151752E-07
 2416   -5.143480E-07
 2417   -5.139225E-07
 2418   -5.134975E-07
 2419   -5.130730E-07
 2420   -5.126491E-07
 2421   -5.020878E-07
 2422   -5.016733E-07
 2423   -5.012593E-07
 2424   -5.008458E-07
 2425   -5.004328E-07
 2426   -5.065765E-07
 2427   -5.061592E-07
 2428   -5.057423E-07
 2429   -5.053260E-07
 2430   -5.049102E-07
 2431   -4.923478E-07
 2432   -4.919430E-07
 2433   -4.915387E-07
 2434   -4.911348E-07
 2435   -4.907315E-07
 2436   -4.929265E-07
 2437   -4.925221E-07
 2438   -4.921181E-07
 2439   -4.917147E-07
 2440   -4.913117E-07
 2441   -4.849861E-07
 2442   -4.845890E-07
 2443   -4.841924E-07
 2444   -4.837962E-07
 2445   -4.834006E-07
 2446   -4.634205E-07
 2447   -4.630418E-07
 2448   -4.626635E-07
 2449   -4.622858E-07
 2450   -4.619085E-07
 2451   -4.566638E-07
 2452   -4.562914E-07
 2453   -4.559194E-07
 2454   -4.555479E-07
 2455   -4.551769E-07
 2456   -4.437762E-07
 2457   -4.434151E-07
 2458   -4.430543E-07
 2459   -4.426941E-07
 2460   -4.423342E-07
 2461   -4.360367E-07
 2462   -4.356826E-07
 2463   -4.353289E-07
 2464   -4.349756E-07
 2465   -4.346227E-07
 2466   -4.260939E-07
 2467   -4.257485E-07
 2468   -4.254035E-07
 2469   -4.250590E-07
 2470   -4.247149E-07
 2471   -4.156813E-07
 2472   -4.153450E-07
 2473   -4.150092E-07
 2474   -4.146738E-07
 2475   -4.143388E-07
 2476   -4.182133E-07
 2477   -4.178757E-07
 2478   -4.175385E-07
 2479   -4.172017E-07
 2480   -4.168653E-07
 2481   -4.069032E-07
 2482   -4.065754E-07
 2483   -4.062480E-07
 2484   -4.059210E-07
 2485   -4.055943E-07
 2486   -4.108808E-07
 2487   -4.105505E-07
 2488   -4.102205E-07
 2489   -4.098909E-07
 2490   -4.095618E-07
 2491   -3.993889E-07
 2492   -3.990684E-07
 2493   -3.987483E-07
 2494   -3.984286E-07
 2495   -3.981093E-07
 2496   -3.868604E-07
 2497   -3.865506E-07
 2498   -3.862412E-07
 2499   -3.859321E-07
 2500   -3.856234E-07
 2501   -3.726829E-07
 2502   -3.723851E-07
 2503   -3.720876E-07
 2504   -3.717904E-07
 2505   -3.714937E-07
 2506   -3.541883E-07
 2507   -3.539058E-07
 2508   -3.536236E-07
 2509   -3.533418E-07
 2510   -3.530603E-07
 2511   -3.583389E-07
 2512   -3.580536E-07
 2513   -3.577687E-07
 2514   -3.574842E-07
 2515   -3.571999E-07
 2516   -3.460605E-07
 2517   -3.457855E-07
 2518   -3.455109E-07
 2519   -3.452367E-07
 2520   -3.449627E-07
 2521   -3.445233E-07
 2522   -3.442501E-07
 2523   -3.439773E-07
 2524   -3.437048E-07
 2525   -3.434326E-07
 2526   -3.377406E-07
 2527   -3.374733E-07
 2528   -3.372064E-07
 2529   -3.369398E-07
 2530   -3.366735E-07
 2531   -3.341335E-07
 2532   -3.338697E-07
 2533   -3.336061E-07
 2534   -3.333428E-07
 2535   -3.330799E-07
 2536   -3.337938E-07
 2537   -3.335307E-07
 2538   -3.332679E-07
 2539   -3.330055E-07
 2540   -3.327433E-07
 2541   -3.232341E-07
 2542   -3.229799E-07
 2543   -3.227259E-07
 2544   -3.224722E-07
 2545   -3.222189E-07
 2546   -3.154752E-07
 2547   -3.152275E-07
 2548   -3.149801E-07
 2549   -3.147330E-07
 2550   -3.144862E-07
 2551   -2.948361E-07
 2552   -2.946051E-07
 2553   -2.943744E-07
 2554   -2.941439E-07
 2555   -2.939137E-07
 2556   -2.887771E-07
 2557   -2.885513E-07
 2558   -2.883258E-07
 2559   -2.881005E-07
 2560   -2.878754E-07
 2561   -2.813591E-07
 2562   -2.811395E-07
 2563   -2.809202E-07
 2564   -2.807011E-07
 2565   -2.804823E-07
 2566   -2.748771E-07
 2567   -2.746630E-07
 2568   -2.744492E-07
 2569   -2.742355E-07
 2570   -2.740222E-07
 2571   -2.766027E-07
 2572   -2.763876E-07
 2573   -2.761728E-07
 2574   -2.759583E-07
 2575   -2.757440E-07
 2576   -2.662297E-07
 2577   -2.660231E-07
 2578   -2.658167E-07
 2579   -2.656106E-07
 2580   -2.654048E-07
 2581   -2.678345E-07
 2582   -2.676271E-07
 2583   -2.674199E-07
 2584   -2.672130E-07
 2585   -2.670063E-07
 2586   -2.625637E-07
 2587   -2.623607E-07
 2588   -2.621580E-07
 2589   -2.619555E-07
 2590   -2.617533E-07
 2591   -2.554045E-07
 2592   -2.552075E-07
 2593   -2.550107E-07
 2594   -2.548141E-07
 2595   -2.546178E-07
 2596   -2.472383E-07
 2597   -2.470479E-07
 2598   -2.468578E-07
 2599   -2.466679E-07
 2600   -2.464782E-07
 2601   -2.304313E-07
 2602   -2.302542E-07
 2603   -2.300773E-07
 2604   -2.299006E-07
 2605   -2.297242E-07
 2606   -2.269016E-07
 2607   -2.267276E-07
 2608   -2.265537E-07
 2609   -2.263801E-07
 2610   -2.262066E-07
 2611   -2.165014E-07
 2612   -2.163357E-07
 2613   -2.161701E-07
 2614   -2.160048E-07
 2615   -2.158396E-07
 2616   -2.161265E-07
 2617   -2.159613E-07
 2618   -2.157964E-07
 2619   -2.156316E-07
 2620   -2.154670E-07
 2621   -2.078286E-07
 2622   -2.076701E-07
 2623   -2.075118E-07
 2624   -2.073537E-07
 2625   -2.071957E-07
 2626   -2.070722E-07
 2627   -2.069146E-07
 2628   -2.067571E-07
 2629   -2.065999E-07
 2630   -2.064428E-07
 2631   -2.081610E-07
 2632   -2.080028E-07
 2633   -2.078448E-07
 2634   -2.076871E-07
 2635   -2.075294E-07
 2636   -2.006609E-07
 2637   -2.005087E-07
 2638   -2.003568E-07
 2639   -2.002049E-07
 2640   -2.000533E-07
 2641   -1.957413E-07
 2642   -1.955931E-07
 2643   -1.954451E-07
 2644   -1.952973E-07
 2645   -1.951497E-07
 2646   -1.872589E-07
 2647   -1.871174E-07
 2648   -1.869761E-07
 2649   -1.868350E-07
 2650   -1.866940E-07
 2651   -1.765944E-07
 2652   -1.764612E-07
 2653   -1.763282E-07
 2654   -1.761954E-07
 2655   -1.760627E-07
 2656   -1.730013E-07
 2657   -1.728711E-07
 2658   -1.727410E-07
 2659   -1.726111E-07
 2660   -1.724813E-07
 2661   -1.618164E-07
 2662   -1.616948E-07
 2663   -1.615734E-07
 2664   -1.614521E-07
 2665   -1.613310E-07
 2666   -1.630765E-07
 2667   -1.629542E-07
 2668   -1.628321E-07
 2669   -1.627101E-07
 2670   -1.625882E-07
 2671   -1.582831E-07
 2672   -1.581646E-07
 2673   -1.580463E-07
 2674   -1.579281E-07
 2675   -1.578100E-07
 2676   -1.541114E-07
 2677   -1.539963E-07
 2678   -1.538813E-07
 2679   -1.537664E-07
 2680   -1.536517E-07
 2681   -1.556021E-07
 2682   -1.554861E-07
 2683   -1.553702E-07
 2684   -1.552545E-07
 2685   -1.551389E-07
 2686   -1.504639E-07
 2687   -1.503519E-07
 2688   -1.502401E-07
 2689   -1.501284E-07
 2690   -1.500168E-07
 2691   -1.492078E-07
 2692   -1.490969E-07
 2693   -1.489862E-07
 2694   -1.488756E-07
 2695   -1.487652E-07
 2696   -1.384471E-07
 2697   -1.383444E-07
 2698   -1.382419E-07
 2699   -1.381395E-07
 2700   -1.380372E-07
 2701   -1.336621E-07
 2702   -1.335632E-07
 2703   -1.334644E-07
 2704   -1.333657E-07
 2705   -1.332671E-07
 2706   -1.283106E-07
 2707   -1.282158E-07
 2708   -1.281211E-07
 2709   -1.280265E-07
 2710   -1.279321E-07
 2711   -1.236627E-07
 2712   -1.235715E-07
 2713   -1.234804E-07
 2714   -1.233894E-07
 2715   -1.232986E-07
 2716   -1.233563E-07
 2717   -1.232655E-07
 2718   -1.231748E-07
 2719   -1.230842E-07
 2720   -1.229937E-07
 2721   -1.167371E-07
 2722   -1.166513E-07
 2723   -1.165657E-07
 2724   -1.164801E-07
 2725   -1.163946E-07
 2726   -1.176118E-07
 2727   -1.175255E-07
 2728   -1.174394E-07
 2729   -1.173533E-07
 2730   -1.172674E-07
 2731   -1.158407E-07
 2732   -1.157559E-07
 2733   -1.156712E-07
 2734   -1.155866E-07
 2735   -1.155021E-07
 2736   -1.109925E-07
 2737   -1.109114E-07
 2738   -1.108304E-07
 2739   -1.107495E-07
 2740   -1.106686E-07
 2741   -1.103799E-07
 2742   -1.102994E-07
 2743   -1.102190E-07
 2744   -1.101387E-07
 2745   -1.100584E-07
 2746   -1.025927E-07
 2747   -1.025181E-07
 2748   -1.024435E-07
 2749   -1.023689E-07
 2750   -1.022945E-07
 2751   -9.871925E-08
 2752   -9.864752E-08
 2753   -9.857587E-08
 2754   -9.850429E-08
 2755   -9.843280E-08
 2756   -9.381970E-08
 2757   -9.375166E-08
 2758   -9.368368E-08
 2759   -9.361578E-08
 2760   -9.354796E-08
 2761   -9.005652E-08
 2762   -8.999132E-08
 2763   -8.992619E-08
 2764   -8.986113E-08
 2765   -8.979614E-08
 2766   -8.843543E-08
 2767   -8.837152E-08
 2768   -8.830768E-08
 2769   -8.824391E-08
 2770   -8.818021E-08
 2771   -8.445715E-08
 2772   -8.439623E-08
 2773   -8.433537E-08
 2774   -8.427457E-08
 2775   -8.421385E-08
 2776   -8.576892E-08
 2777   -8.570716E-08
 2778   -8.564547E-08
 2779   -8.558384E-08
 2780   -8.552228E-08
 2781   -8.217560E-08
 2782   -8.211653E-08
 2783   -8.205753E-08
 2784   -8.199859E-08
 2785   -8.193972E-08
 2786   -8.171151E-08
 2787   -8.165288E-08
 2788   -8.159432E-08
 2789   -8.153581E-08
 2790   -8.147738E-08
 2791   -7.943919E-08
 2792   -7.938230E-08
 2793   -7.932546E-08
 2794   -7.926869E-08
 2795   -7.921198E-08
 2796   -7.543467E-08
 2797   -7.538074E-08
 2798   -7.532686E-08
 2799   -7.527305E-08
 2800   -7.521929E-08
 2801   -7.211756E-08
 2802   -7.206609E-08
 2803   -7.201468E-08
 2804   -7.196332E-08
 2805   -7.191202E-08
 2806   -6.746763E-08
 2807   -6.741957E-08
 2808   -6.737156E-08
 2809   -6.732360E-08
 2810   -6.727569E-08
 2811   -6.584065E-08
 2812   -6.579383E-08
 2813   -6.574706E-08
 2814   -6.570034E-08
 2815   -6.565367E-08
 2816   -6.506925E-08
 2817   -6.502306E-08
 2818   -6.497692E-08
 2819   -6.493083E-08
 2820   -6.488479E-08
 2821   -6.347301E-08
 2822   -6.342804E-08
 2823   -6.338311E-08
 2824   -6.333823E-08
 2825   -6.329340E-08
 2826   -6.258743E-08
 2827   -6.254316E-08
 2828   -6.249894E-08
 2829   -6.245476E-08
 2830   -6.241063E-08
 2831   -6.114412E-08
 2832   -6.110094E-08
 2833   -6.105782E-08
 2834   -6.101473E-08
 2835   -6.097170E-08
 2836   -6.047925E-08
 2837   -6.043662E-08
 2838   -6.039403E-08
 2839   -6.035149E-08
 2840   -6.030900E-08
 2841   -5.809440E-08
 2842   -5.805353E-08
 2843   -5.801270E-08
 2844   -5.797191E-08
 2845   -5.793116E-08
 2846   -5.533420E-08
 2847   -5.529534E-08
 2848   -5.525651E-08
 2849   -5.521773E-08
 2850   -5.517899E-08
 2851   -5.216371E-08
 2852   -5.212714E-08
 2853   -5.209060E-08
 2854   -5.205410E-08
 2855   -5.201765E-08
 2856   -4.947791E-08
 2857   -4.944328E-08
 2858   -4.940869E-08
 2859   -4.937413E-08
 2860   -4.933961E-08
 2861   -4.797903E-08
 2862   -4.794550E-08
 2863   -4.791202E-08
 2864   -4.787856E-08
 2865   -4.784515E-08
 2866   -4.644261E-08
 2867   -4.641022E-08
 2868   -4.637786E-08
 2869   -4.634554E-08
 2870   -4.631324E-08
 2871   -4.544303E-08
 2872   -4.541139E-08
 2873   -4.537978E-08
 2874   -4.534821E-08
 2875   -4.531666E-08
 2876   -4.400408E-08
 2877   -4.397350E-08
 2878   -4.394294E-08
 2879   -4.391242E-08
 2880   -4.388193E-08
 2881   -4.347523E-08
 2882   -4.344507E-08
 2883   -4.341493E-08
 2884   -4.338483E-08
 2885   -4.335476E-08
 2886   -4.257246E-08
 2887   -4.254297E-08
 2888   -4.251351E-08
 2889   -4.248409E-08
 2890   -4.245469E-08
 2891   -4.128882E-08
 2892   -4.126027E-08
 2893   -4.123175E-08
 2894   -4.120326E-08
 2895   -4.117480E-08
 2896   -3.983028E-08
 2897   -3.980278E-08
 2898   -3.977532E-08
 2899   -3.974788E-08
 2900   -3.972048E-08
 2901   -3.709760E-08
 2902   -3.707203E-08
 2903   -3.704650E-08
 2904   -3.702099E-08
 2905   -3.699550E-08
 2906   -3.555195E-08
 2907   -3.552749E-08
 2908   -3.550306E-08
 2909   -3.547866E-08
 2910   -3.545428E-08
 2911   -3.345703E-08
 2912   -3.343405E-08
 2913   -3.341110E-08
 2914   -3.338817E-08
 2915   -3.336527E-08
 2916   -3.259216E-08
 2917   -3.256981E-08
 2918   -3.254750E-08
 2919   -3.252520E-08
 2920   -3.250292E-08
 2921   -3.263152E-08
 2922   -3.260919E-08
 2923   -3.258688E-08
 2924   -3.256460E-08
 2925   -3.254234E-08
 2926   -3.125901E-08
 2927   -3.123765E-08
 2928   -3.121632E-08
 2929   -3.119501E-08
 2930   -3.117372E-08
 2931   -3.137677E-08
 2932   -3.135537E-08
 2933   -3.133400E-08
 2934   -3.131264E-08
 2935   -3.129131E-08
 2936   -3.035925E-08
 2937   -3.033858E-08
 2938   -3.031793E-08
 2939   -3.029730E-08
 2940   -3.027670E-08
 2941   -2.920250E-08
 2942   -2.918266E-08
 2943   -2.916283E-08
 2944   -2.914302E-08
 2945   -2.912323E-08
 2946   -2.845761E-08
 2947   -2.843830E-08
 2948   -2.841901E-08
 2949   -2.839974E-08
 2950   -2.838049E-08
 2951   -2.605819E-08
 2952   -2.604054E-08
 2953   -2.602291E-08
 2954   -2.600529E-08
 2955   -2.598769E-08
 2956   -2.525151E-08
 2957   -2.523444E-08
 2958   -2.521738E-08
 2959   -2.520034E-08
 2960   -2.518331E-08
 2961   -2.414566E-08
 2962   -2.412936E-08
 2963   -2.411307E-08
 2964   -2.409680E-08
 2965   -2.408055E-08
 2966   -2.363484E-08
 2967   -2.361891E-08
 2968   -2.360300E-08
 2969   -2.358710E-08
 2970   -2.357122E-08
 2971   -2.340852E-08
 2972   -2.339277E-08
 2973   -2.337703E-08
 2974   -2.336132E-08
 2975   -2.334561E-08
 2976   -2.231744E-08
 2977   -2.230245E-08
 2978   -2.228747E-08
 2979   -2.227251E-08
 2980   -2.225756E-08
 2981   -2.266610E-08
 2982   -2.265090E-08
 2983   -2.263572E-08
 2984   -2.262055E-08
 2985   -2.260540E-08
 2986   -2.185459E-08
 2987   -2.183996E-08
 2988   -2.182535E-08
 2989   -2.181074E-08
 2990   -2.179616E-08
 2991   -2.150877E-08
 2992   -2.149440E-08
 2993   -2.148004E-08
 2994   -2.146569E-08
 2995   -2.145136E-08
 2996   -2.044465E-08
 2997   -2.043101E-08
 2998   -2.041738E-08
 2999   -2.040376E-08
 3000   -2.039016E-08
 3001   -1.921248E-08
 3002   -1.919968E-08
 3003   -1.918690E-08
 3004   -1.917413E-08
 3005   -1.916137E-08
 3006   -1.880122E-08
 3007   -1.878872E-08
 3008   -1.877623E-08
 3009   -1.876375E-08
 3010   -1.875128E-08
 3011   -1.782007E-08
 3012   -1.780824E-08
 3013   -1.779642E-08
 3014   -1.778462E-08
 3015   -1.777282E-08
 3016   -1.737571E-08
 3017   -1.736419E-08
 3018   -1.735269E-08
 3019   -1.734119E-08
 3020   -1.732971E-08
 3021   -1.707279E-08
 3022   -1.706149E-08
 3023   -1.705020E-08
 3024   -1.703893E-08
 3025   -1.702767E-08
 3026   -1.657659E-08
 3027   -1.656564E-08
 3028   -1.655470E-08
 3029   -1.654377E-08
 3030   -1.653285E-08
 3031   -1.699486E-08
 3032   -1.698366E-08
 3033   -1.697246E-08
 3034   -1.696127E-08
 3035   -1.695010E-08
 3036   -1.658124E-08
 3037   -1.657032E-08
 3038   -1.655942E-08
 3039   -1.654852E-08
 3040   -1.653763E-08
 3041   -1.654365E-08
 3042   -1.653277E-08
 3043   -1.652191E-08
 3044   -1.651105E-08
 3045   -1.650021E-08
 3046   -1.608536E-08
 3047   -1.607481E-08
 3048   -1.606426E-08
 3049   -1.605373E-08
 3050   -1.604320E-08
 3051   -1.586718E-08
 3052   -1.585678E-08
 3053   -1.584639E-08
 3054   -1.583602E-08
 3055   -1.582565E-08
 3056   -1.562426E-08
 3057   -1.561404E-08
 3058   -1.560383E-08
 3059   -1.559363E-08
 3060   -1.558343E-08
 3061   -1.501498E-08
 3062   -1.500518E-08
 3063   -1.499538E-08
 3064   -1.498560E-08
 3065   -1.497582E-08
 3066   -1.504840E-08
 3067   -1.503859E-08
 3068   -1.502878E-08
 3069   -1.501899E-08
 3070   -1.500921E-08
 3071   -1.469832E-08
 3072   -1.468876E-08
 3073   -1.467920E-08
 3074   -1.466965E-08
 3075   -1.466011E-08
 3076   -1.454034E-08
 3077   -1.453089E-08
 3078   -1.452145E-08
 3079   -1.451202E-08
 3080   -1.450260E-08
 3081   -1.366382E-08
 3082   -1.365495E-08
 3083   -1.364610E-08
 3084   -1.363725E-08
 3085   -1.362841E-08
 3086   -1.270761E-08
 3087   -1.269937E-08
 3088   -1.269115E-08
 3089   -1.268294E-08
 3090   -1.267473E-08
 3091   -1.130666E-08
 3092   -1.129935E-08
 3093   -1.129204E-08
 3094   -1.128474E-08
 3095   -1.127745E-08
 3096   -9.056005E-09
 3097   -9.050158E-09
 3098   -9.044316E-09
 3099   -9.038480E-09
 3100   -9.032650E-09
 3101   -6.812968E-09
 3102   -6.808576E-09
 3103   -6.804189E-09
 3104   -6.799805E-09
 3105   -6.795426E-09
 3106   -4.567821E-09
 3107   -4.564881E-09
 3108   -4.561944E-09
 3109   -4.559010E-09
 3110   -4.556079E-09
 3111   -3.172209E-09
 3112   -3.170170E-09
 3113   -3.168134E-09
 3114   -3.166099E-09
 3115   -3.164067E-09
 3116   -2.169767E-09
 3117   -2.168375E-09
 3118   -2.166985E-09
 3119   -2.165595E-09
 3120   -2.164207E-09
 3121   -1.584953E-09
 3122   -1.583938E-09
 3123   -1.582924E-09
 3124   -1.581910E-09
 3125   -1.580898E-09
 3126   -1.264085E-09
 3127   -1.263277E-09
 3128   -1.262469E-09
 3129   -1.261662E-09
 3130   -1.260856E-09
 3131   -1.040901E-09
 3132   -1.040236E-09
 3133   -1.039572E-09
 3134   -1.038909E-09
 3135   -1.038246E-09
 3136   -9.280698E-10
 3137   -9.274782E-10
 3138   -9.268872E-10
 3139   -9.262967E-10
 3140   -9.257068E-10
 3141   -8.020833E-10
 3142   -8.015728E-10
 3143   -8.010628E-10
 3144   -8.005533E-10
 3145   -8.000443E-10
 3146   -7.117765E-10
 3147   -7.113242E-10
 3148   -7.108724E-10
 3149   -7.104210E-10
 3150   -7.099700E-10
 3151   -6.509235E-10
 3152   -6.505106E-10
 3153   -6.500980E-10
 3154   -6.496858E-10
 3155   -6.492741E-10
 3156   -5.737376E-10
 3157   -5.733742E-10
 3158   -5.730111E-10
 3159   -5.726484E-10
 3160   -5.722860E-10
 3161   -5.276645E-10
 3162   -5.273308E-10
 3163   -5.269974E-10
 3164   -5.266644E-10
 3165   -5.263316E-10
 3166   -4.863492E-10
 3167   -4.860421E-10
 3168   -4.857353E-10
 3169   -4.854288E-10
 3170   -4.851226E-10
 3171   -4.602144E-10
 3172   -4.599243E-10
 3173   -4.596344E-10
 3174   -4.593448E-10
 3175   -4.590555E-10
 3176   -4.335653E-10
 3177   -4.332924E-10
 3178   -4.330197E-10
 3179   -4.327473E-10
 3180   -4.324752E-10
 3181   -3.923770E-10
 3182   -3.921304E-10
 3183   -3.918840E-10
 3184   -3.916379E-10
 3185   -3.913920E-10
 3186   -3.728855E-10
 3187   -3.726515E-10
 3188   -3.724178E-10
 3189   -3.721843E-10
 3190   -3.719509E-10
 3191   -3.368492E-10
 3192   -3.366381E-10
 3193   -3.364273E-10
 3194   -3.362167E-10
 3195   -3.360062E-10
 3196   -3.234128E-10
 3197   -3.232105E-10
 3198   -3.230084E-10
 3199   -3.228065E-10
 3200   -3.226048E-10
 3201   -3.005374E-10
 3202   -3.003497E-10
 3203   -3.001621E-10
 3204   -2.999748E-10
 3205   -2.997876E-10
 3206   -2.783209E-10
 3207   -2.781473E-10
 3208   -2.779740E-10
 3209   -2.778007E-10
 3210   -2.776277E-10
 3211   -2.676376E-10
 3212   -2.674710E-10
 3213   -2.673045E-10
 3214   -2.671382E-10
 3215   -2.669720E-10
 3216   -2.483839E-10
 3217   -2.482295E-10
 3218   -2.480753E-10
 3219   -2.479212E-10
 3220   -2.477672E-10
 3221   -2.383111E-10
 3222   -2.381632E-10
 3223   -2.380155E-10
 3224   -2.378678E-10
 3225   -2.377203E-10
 3226   -2.264410E-10
 3227   -2.263007E-10
 3228   -2.261605E-10
 3229   -2.260204E-10
 3230   -2.258805E-10
 3231   -2.090243E-10
 3232   -2.088950E-10
 3233   -2.087658E-10
 3234   -2.086367E-10
 3235   -2.085077E-10
 3236   -2.053348E-10
 3237   -2.052080E-10
 3238   -2.050812E-10
 3239   -2.049546E-10
 3240   -2.048281E-10
 3241   -1.883803E-10
 3242   -1.882641E-10
 3243   -1.881480E-10
 3244   -1.880321E-10
 3245   -1.879162E-10
 3246   -1.838251E-10
 3247   -1.837119E-10
 3248   -1.835988E-10
 3249   -1.834858E-10
 3250   -1.833729E-10
 3251   -1.732770E-10
 3252   -1.731705E-10
 3253   -1.730640E-10
 3254   -1.729576E-10
 3255   -1.728514E-10
 3256   -1.633618E-10
 3257   -1.632615E-10
 3258   -1.631613E-10
 3259   -1.630612E-10
 3260   -1.629612E-10
 3261   -1.596066E-10
 3262   -1.595088E-10
 3263   -1.594110E-10
 3264   -1.593133E-10
 3265   -1.592158E-10
 3266   -1.465866E-10
 3267   -1.464969E-10
 3268   -1.464072E-10
 3269   -1.463177E-10
 3270   -1.462282E-10
 3271   -1.442186E-10
 3272   -1.441305E-10
 3273   -1.440424E-10
 3274   -1.439545E-10
 3275   -1.438666E-10
 3276   -1.352821E-10
 3277   -1.351996E-10
 3278   -1.351171E-10
 3279   -1.350347E-10
 3280   -1.349524E-10
 3281   -1.299339E-10
 3282   -1.298547E-10
 3283   -1.297756E-10
 3284   -1.296966E-10
 3285   -1.296176E-10
 3286   -1.245022E-10
 3287   -1.244265E-10
 3288   -1.243508E-10
 3289   -1.242752E-10
 3290   -1.241997E-10
 3291   -1.152884E-10
 3292   -1.152184E-10
 3293   -1.151484E-10
 3294   -1.150785E-10
 3295   -1.150087E-10
 3296   -1.140991E-10
 3297   -1.140299E-10
 3298   -1.139608E-10
 3299   -1.138917E-10
 3300   -1.138227E-10
