   50    3.288454E-11
   51    2.396414E-11
   52    2.305139E-11
   53    2.218980E-11
   54    2.137564E-11
   55    2.060547E-11
   56    1.072439E-11
   57    1.035142E-11
   58    9.997580E-12
   59    9.661575E-12
   60    9.342227E-12
   61    5.801302E-12
   62    5.615684E-12
   63    5.438835E-12
   64    5.270209E-12
   65    5.109305E-12
   66    1.465258E-11
   67    1.421848E-11
   68    1.380339E-11
   69    1.340621E-11
   70    1.302593E-11
   71    1.036816E-11
   72    1.008216E-11
   73    9.807845E-12
   74    9.544571E-12
   75    9.291757E-12
   76    1.475971E-11
   77    1.437884E-11
   78    1.401253E-11
   79    1.366005E-11
   80    1.332069E-11
   81    2.105642E-11
   82    2.054600E-11
   83    2.005391E-11
   84    1.957930E-11
   85    1.912133E-11
   86    1.615367E-11
   87    1.578447E-11
   88    1.542778E-11
   89    1.508305E-11
   90    1.474974E-11
   91    1.690009E-11
   92    1.653471E-11
   93    1.618104E-11
   94    1.583861E-11
   95    1.550693E-11
   96    1.199489E-11
   97    1.174885E-11
   98    1.151031E-11
   99    1.127896E-11
  100    1.105451E-11
  101    4.584941E-12
  102    4.495483E-12
  103    4.408617E-12
  104    4.324246E-12
  105    4.242273E-12
  106    3.372461E-12
  107    3.309721E-12
  108    3.248715E-12
  109    3.189380E-12
  110    3.131656E-12
  111    8.207577E-12
  112    8.061670E-12
  113    7.919620E-12
  114    7.781291E-12
  115    7.646555E-12
  116    1.176237E-11
  117    1.156216E-11
  118    1.136703E-11
  119    1.117679E-11
  120    1.099129E-11
  121    2.099828E-11
  122    2.065546E-11
  123    2.032097E-11
  124    1.999454E-11
  125    1.967591E-11
  126    2.801752E-11
  127    2.757805E-11
  128    2.714883E-11
  129    2.672956E-11
  130    2.631992E-11
  131    2.523561E-11
  132    2.485470E-11
  133    2.448236E-11
  134    2.411832E-11
  135    2.376234E-11
  136    1.875239E-11
  137    1.847963E-11
  138    1.821279E-11
  139    1.795168E-11
  140    1.769614E-11
  141    1.058459E-11
  142    1.043604E-11
  143    1.029059E-11
  144    1.014816E-11
  145    1.000867E-11
  146    9.483916E-12
  147    9.355324E-12
  148    9.229329E-12
  149    9.105863E-12
  150    8.984857E-12
  151    1.531526E-11
  152    1.511441E-11
  153    1.491748E-11
  154    1.472438E-11
  155    1.453500E-11
  156    1.649807E-11
  157    1.628857E-11
  158    1.608304E-11
  159    1.588138E-11
  160    1.568348E-11
  161    3.978937E-11
  162    3.929966E-11
  163    3.881894E-11
  164    3.834699E-11
  165    3.788359E-11
  166    3.349875E-11
  167    3.309877E-11
  168    3.270592E-11
  169    3.232001E-11
  170    3.194090E-11
  171    3.948803E-11
  172    3.903020E-11
  173    3.858029E-11
  174    3.813812E-11
  175    3.770351E-11
  176    5.402993E-11
  177    5.342115E-11
  178    5.282261E-11
  179    5.223406E-11
  180    5.165530E-11
  181    3.154193E-11
  182    3.119627E-11
  183    3.085626E-11
  184    3.052178E-11
  185    3.019271E-11
  186    3.607648E-11
  187    3.569167E-11
  188    3.531298E-11
  189    3.494029E-11
  190    3.457347E-11
  191    3.097949E-11
  192    3.065763E-11
  193    3.034076E-11
  194    3.002877E-11
  195    2.972158E-11
  196    3.422653E-11
  197    3.387994E-11
  198    3.353858E-11
  199    3.320236E-11
  200    3.287117E-11
  201    3.419699E-11
  202    3.385924E-11
  203    3.352648E-11
  204    3.319859E-11
  205    3.287550E-11
  206    1.533182E-11
  207    1.518404E-11
  208    1.503840E-11
  209    1.489483E-11
  210    1.475332E-11
  211    1.741312E-12
  212    1.724924E-12
  213    1.708765E-12
  214    1.692833E-12
  215    1.677122E-12
  216    0.000000E+00
  217    0.000000E+00
  218    0.000000E+00
  219    0.000000E+00
  220    0.000000E+00
  221    0.000000E+00
  222    0.000000E+00
  223    0.000000E+00
  224    0.000000E+00
  225    0.000000E+00
  226    9.236888E-13
  227    9.155686E-13
  228    9.075549E-13
  229    8.996460E-13
  230    8.918400E-13
  231    0.000000E+00
  232    0.000000E+00
  233    0.000000E+00
  234    0.000000E+00
  235    0.000000E+00
  236    0.000000E+00
  237    0.000000E+00
  238    0.000000E+00
  239    0.000000E+00
  240    0.000000E+00
  241    0.000000E+00
  242    0.000000E+00
  243    0.000000E+00
  244    0.000000E+00
  245    0.000000E+00
  246    3.504439E-11
  247    3.476120E-11
  248    3.448143E-11
  249    3.420503E-11
  250    3.393194E-11
  251    3.859392E-10
  252    3.828823E-10
  253    3.798616E-10
  254    3.768764E-10
  255    3.739263E-10
  256    5.495405E-10
  257    5.452723E-10
  258    5.410536E-10
  259    5.368836E-10
  260    5.327617E-10
  261    1.061611E-09
  262    1.053523E-09
  263    1.045527E-09
  264    1.037621E-09
  265    1.029805E-09
  266    9.492011E-10
  267    9.421043E-10
  268    9.350868E-10
  269    9.281474E-10
  270    9.212850E-10
  271    1.968637E-09
  272    1.954188E-09
  273    1.939898E-09
  274    1.925764E-09
  275    1.911784E-09
  276    4.179953E-09
  277    4.149827E-09
  278    4.120026E-09
  279    4.090545E-09
  280    4.061379E-09
  281    1.955519E-08
  282    1.941675E-08
  283    1.927977E-08
  284    1.914424E-08
  285    1.901013E-08
  286    3.572828E-08
  287    3.547974E-08
  288    3.523378E-08
  289    3.499037E-08
  290    3.474948E-08
  291    5.886700E-08
  292    5.846449E-08
  293    5.806610E-08
  294    5.767176E-08
  295    5.728143E-08
  296    8.643467E-08
  297    8.585360E-08
  298    8.527837E-08
  299    8.470890E-08
  300    8.414512E-08
  301    1.050786E-07
  302    1.043839E-07
  303    1.036960E-07
  304    1.030149E-07
  305    1.023405E-07
  306    1.683928E-07
  307    1.672975E-07
  308    1.662129E-07
  309    1.651389E-07
  310    1.640752E-07
  311    1.731944E-07
  312    1.720860E-07
  313    1.709882E-07
  314    1.699008E-07
  315    1.688238E-07
  316    2.359600E-07
  317    2.344736E-07
  318    2.330012E-07
  319    2.315427E-07
  320    2.300978E-07
  321    2.931546E-07
  322    2.913366E-07
  323    2.895355E-07
  324    2.877510E-07
  325    2.859829E-07
  326    2.849997E-07
  327    2.832592E-07
  328    2.815347E-07
  329    2.798258E-07
  330    2.781325E-07
  331    3.837793E-07
  332    3.814709E-07
  333    3.791832E-07
  334    3.769161E-07
  335    3.746692E-07
  336    3.623201E-07
  337    3.601730E-07
  338    3.580449E-07
  339    3.559357E-07
  340    3.538450E-07
  341    4.886367E-07
  342    4.857834E-07
  343    4.829550E-07
  344    4.801512E-07
  345    4.773717E-07
  346    5.165415E-07
  347    5.135686E-07
  348    5.106213E-07
  349    5.076993E-07
  350    5.048023E-07
  351    5.158139E-07
  352    5.128873E-07
  353    5.099855E-07
  354    5.071083E-07
  355    5.042554E-07
  356    6.566477E-07
  357    6.529742E-07
  358    6.493314E-07
  359    6.457190E-07
  360    6.421366E-07
  361    6.222829E-07
  362    6.188496E-07
  363    6.154447E-07
  364    6.120678E-07
  365    6.087186E-07
  366    7.395360E-07
  367    7.355113E-07
  368    7.315194E-07
  369    7.275599E-07
  370    7.236325E-07
  371    7.321386E-07
  372    7.282076E-07
  373    7.243083E-07
  374    7.204402E-07
  375    7.166029E-07
  376    8.176775E-07
  377    8.133454E-07
  378    8.090477E-07
  379    8.047839E-07
  380    8.005538E-07
  381    9.197341E-07
  382    9.149251E-07
  383    9.101536E-07
  384    9.054194E-07
  385    9.007221E-07
  386    8.636444E-07
  387    8.591869E-07
  388    8.547638E-07
  389    8.503748E-07
  390    8.460195E-07
  391    1.026251E-06
  392    1.021021E-06
  393    1.015832E-06
  394    1.010682E-06
  395    1.005571E-06
  396    9.815647E-07
  397    9.766260E-07
  398    9.717245E-07
  399    9.668598E-07
  400    9.620316E-07
  401    1.127018E-06
  402    1.121418E-06
  403    1.115859E-06
  404    1.110342E-06
  405    1.104865E-06
  406    1.167774E-06
  407    1.162042E-06
  408    1.156353E-06
  409    1.150705E-06
  410    1.145099E-06
  411    1.176610E-06
  412    1.170906E-06
  413    1.165242E-06
  414    1.159620E-06
  415    1.154038E-06
  416    1.261365E-06
  417    1.255322E-06
  418    1.249323E-06
  419    1.243367E-06
  420    1.237453E-06
  421    1.327324E-06
  422    1.321041E-06
  423    1.314802E-06
  424    1.308608E-06
  425    1.302457E-06
  426    1.449759E-06
  427    1.442976E-06
  428    1.436241E-06
  429    1.429553E-06
  430    1.422912E-06
  431    1.547591E-06
  432    1.540435E-06
  433    1.533328E-06
  434    1.526270E-06
  435    1.519261E-06
  436    1.659432E-06
  437    1.651846E-06
  438    1.644312E-06
  439    1.636830E-06
  440    1.629398E-06
  441    1.649037E-06
  442    1.641584E-06
  443    1.634181E-06
  444    1.626828E-06
  445    1.619525E-06
  446    1.778114E-06
  447    1.770167E-06
  448    1.762273E-06
  449    1.754432E-06
  450    1.746643E-06
  451    1.856687E-06
  452    1.848481E-06
  453    1.840329E-06
  454    1.832231E-06
  455    1.824186E-06
  456    2.000269E-06
  457    1.991525E-06
  458    1.982838E-06
  459    1.974207E-06
  460    1.965633E-06
  461    2.061676E-06
  462    2.052761E-06
  463    2.043903E-06
  464    2.035103E-06
  465    2.026359E-06
  466    1.952873E-06
  467    1.944519E-06
  468    1.936218E-06
  469    1.927970E-06
  470    1.919775E-06
  471    2.327873E-06
  472    2.318020E-06
  473    2.308229E-06
  474    2.298500E-06
  475    2.288832E-06
  476    2.280451E-06
  477    2.270900E-06
  478    2.261408E-06
  479    2.251976E-06
  480    2.242602E-06
  481    2.569809E-06
  482    2.559157E-06
  483    2.548571E-06
  484    2.538050E-06
  485    2.527595E-06
  486    2.498475E-06
  487    2.488224E-06
  488    2.478037E-06
  489    2.467912E-06
  490    2.457850E-06
  491    2.463028E-06
  492    2.453026E-06
  493    2.443085E-06
  494    2.433204E-06
  495    2.423383E-06
  496    2.848589E-06
  497    2.837138E-06
  498    2.825755E-06
  499    2.814441E-06
  500    2.803194E-06
  501    2.679504E-06
  502    2.668840E-06
  503    2.658239E-06
  504    2.647700E-06
  505    2.637225E-06
  506    3.077699E-06
  507    3.065570E-06
  508    3.053513E-06
  509    3.041526E-06
  510    3.029611E-06
  511    3.079465E-06
  512    3.067447E-06
  513    3.055500E-06
  514    3.043623E-06
  515    3.031814E-06
  516    3.177333E-06
  517    3.165054E-06
  518    3.152845E-06
  519    3.140708E-06
  520    3.128639E-06
  521    3.538057E-06
  522    3.524514E-06
  523    3.511049E-06
  524    3.497661E-06
  525    3.484349E-06
  526    3.143846E-06
  527    3.131926E-06
  528    3.120074E-06
  529    3.108289E-06
  530    3.096571E-06
  531    3.799011E-06
  532    3.784742E-06
  533    3.770554E-06
  534    3.756445E-06
  535    3.742415E-06
  536    3.626895E-06
  537    3.613400E-06
  538    3.599980E-06
  539    3.586634E-06
  540    3.573363E-06
  541    4.003700E-06
  542    3.988940E-06
  543    3.974261E-06
  544    3.959664E-06
  545    3.945146E-06
  546    4.010716E-06
  547    3.996065E-06
  548    3.981495E-06
  549    3.967003E-06
  550    3.952591E-06
  551    3.838955E-06
  552    3.825058E-06
  553    3.811237E-06
  554    3.797490E-06
  555    3.783818E-06
  556    4.536074E-06
  557    4.519801E-06
  558    4.503615E-06
  559    4.487517E-06
  560    4.471504E-06
  561    4.275580E-06
  562    4.260378E-06
  563    4.245257E-06
  564    4.230216E-06
  565    4.215255E-06
  566    4.875829E-06
  567    4.858645E-06
  568    4.841552E-06
  569    4.824549E-06
  570    4.807636E-06
  571    4.740613E-06
  572    4.724052E-06
  573    4.707578E-06
  574    4.691189E-06
  575    4.674886E-06
  576    5.218576E-06
  577    5.200504E-06
  578    5.182524E-06
  579    5.164638E-06
  580    5.146844E-06
  581    5.393938E-06
  582    5.375418E-06
  583    5.356994E-06
  584    5.338664E-06
  585    5.320427E-06
  586    5.368209E-06
  587    5.349934E-06
  588    5.331752E-06
  589    5.313663E-06
  590    5.295666E-06
  591    5.937355E-06
  592    5.917313E-06
  593    5.897373E-06
  594    5.877533E-06
  595    5.857793E-06
  596    5.754985E-06
  597    5.735721E-06
  598    5.716554E-06
  599    5.697483E-06
  600    5.678507E-06
  601    6.001037E-06
  602    5.981117E-06
  603    5.961295E-06
  604    5.941572E-06
  605    5.921947E-06
  606    5.757263E-06
  607    5.738309E-06
  608    5.719449E-06
  609    5.700681E-06
  610    5.682006E-06
  611    5.645085E-06
  612    5.626652E-06
  613    5.608310E-06
  614    5.590057E-06
  615    5.571892E-06
  616    6.731441E-06
  617    6.709638E-06
  618    6.687942E-06
  619    6.666351E-06
  620    6.644864E-06
  621    6.837534E-06
  622    6.815566E-06
  623    6.793704E-06
  624    6.771947E-06
  625    6.750294E-06
  626    8.208432E-06
  627    8.182270E-06
  628    8.156232E-06
  629    8.130319E-06
  630    8.104529E-06
  631    8.583602E-06
  632    8.556460E-06
  633    8.529447E-06
  634    8.502562E-06
  635    8.475803E-06
  636    9.570718E-06
  637    9.540692E-06
  638    9.510808E-06
  639    9.481063E-06
  640    9.451458E-06
  641    1.090414E-05
  642    1.087020E-05
  643    1.083642E-05
  644    1.080279E-05
  645    1.076932E-05
  646    1.064125E-05
  647    1.060838E-05
  648    1.057566E-05
  649    1.054310E-05
  650    1.051068E-05
  651    1.242217E-05
  652    1.238410E-05
  653    1.234620E-05
  654    1.230847E-05
  655    1.227091E-05
  656    1.283325E-05
  657    1.279421E-05
  658    1.275535E-05
  659    1.271667E-05
  660    1.267816E-05
  661    1.425751E-05
  662    1.421447E-05
  663    1.417162E-05
  664    1.412897E-05
  665    1.408650E-05
  666    1.535312E-05
  667    1.530712E-05
  668    1.526133E-05
  669    1.521574E-05
  670    1.517035E-05
  671    1.481331E-05
  672    1.476926E-05
  673    1.472540E-05
  674    1.468174E-05
  675    1.463827E-05
  676    1.620060E-05
  677    1.615278E-05
  678    1.610516E-05
  679    1.605776E-05
  680    1.601057E-05
  681    1.403377E-05
  682    1.399265E-05
  683    1.395170E-05
  684    1.391094E-05
  685    1.387035E-05
  686    1.352383E-05
  687    1.348449E-05
  688    1.344532E-05
  689    1.340632E-05
  690    1.336749E-05
  691    1.055774E-05
  692    1.052725E-05
  693    1.049689E-05
  694    1.046666E-05
  695    1.043656E-05
  696    6.689959E-06
  697    6.670776E-06
  698    6.651676E-06
  699    6.632657E-06
  700    6.613720E-06
  701    2.018368E-06
  702    2.012622E-06
  703    2.006900E-06
  704    2.001203E-06
  705    1.995530E-06
  706   -2.703684E-06
  707   -2.696041E-06
  708   -2.688431E-06
  709   -2.680852E-06
  710   -2.673306E-06
  711   -6.615221E-06
  712   -6.596652E-06
  713   -6.578161E-06
  714   -6.559748E-06
  715   -6.541412E-06
  716   -7.890078E-06
  717   -7.868085E-06
  718   -7.846183E-06
  719   -7.824373E-06
  720   -7.802654E-06
  721   -6.079038E-06
  722   -6.062210E-06
  723   -6.045452E-06
  724   -6.028764E-06
  725   -6.012144E-06
  726    2.293068E-06
  727    2.286764E-06
  728    2.280486E-06
  729    2.274234E-06
  730    2.268007E-06
  731    1.781374E-05
  732    1.776510E-05
  733    1.771666E-05
  734    1.766842E-05
  735    1.762038E-05
  736    4.434440E-05
  737    4.422414E-05
  738    4.410437E-05
  739    4.398509E-05
  740    4.386629E-05
  741    7.821755E-05
  742    7.800686E-05
  743    7.779703E-05
  744    7.758803E-05
  745    7.737988E-05
  746    1.280486E-04
  747    1.277060E-04
  748    1.273648E-04
  749    1.270249E-04
  750    1.266864E-04
  751    1.810474E-04
  752    1.805662E-04
  753    1.800870E-04
  754    1.796096E-04
  755    1.791341E-04
  756    2.143968E-04
  757    2.138307E-04
  758    2.132669E-04
  759    2.127053E-04
  760    2.121459E-04
  761    2.855775E-04
  762    2.848284E-04
  763    2.840823E-04
  764    2.833391E-04
  765    2.825988E-04
  766    2.911838E-04
  767    2.904251E-04
  768    2.896692E-04
  769    2.889164E-04
  770    2.881664E-04
  771    2.994192E-04
  772    2.986440E-04
  773    2.978718E-04
  774    2.971026E-04
  775    2.963364E-04
  776    2.591683E-04
  777    2.585016E-04
  778    2.578375E-04
  779    2.571759E-04
  780    2.565169E-04
  781    1.569724E-04
  782    1.565712E-04
  783    1.561715E-04
  784    1.557734E-04
  785    1.553768E-04
  786   -5.365559E-05
  787   -5.351932E-05
  788   -5.338357E-05
  789   -5.324834E-05
  790   -5.311362E-05
  791   -3.850807E-04
  792   -3.841089E-04
  793   -3.831408E-04
  794   -3.821763E-04
  795   -3.812155E-04
  796   -8.679688E-04
  797   -8.657921E-04
  798   -8.636236E-04
  799   -8.614632E-04
  800   -8.593109E-04
  801   -1.348536E-03
  802   -1.345175E-03
  803   -1.341827E-03
  804   -1.338491E-03
  805   -1.335168E-03
  806   -1.818353E-03
  807   -1.813849E-03
  808   -1.809362E-03
  809   -1.804892E-03
  810   -1.800438E-03
  811   -2.069056E-03
  812   -2.063963E-03
  813   -2.058889E-03
  814   -2.053833E-03
  815   -2.048796E-03
  816   -2.133276E-03
  817   -2.128057E-03
  818   -2.122857E-03
  819   -2.117676E-03
  820   -2.112515E-03
  821   -2.050328E-03
  822   -2.045343E-03
  823   -2.040375E-03
  824   -2.035426E-03
  825   -2.030495E-03
  826   -1.601608E-03
  827   -1.597737E-03
  828   -1.593880E-03
  829   -1.590037E-03
  830   -1.586208E-03
  831   -6.389311E-04
  832   -6.373961E-04
  833   -6.358667E-04
  834   -6.343427E-04
  835   -6.328243E-04
  836    1.161777E-03
  837    1.159003E-03
  838    1.156239E-03
  839    1.153484E-03
  840    1.150739E-03
  841    4.053917E-03
  842    4.044294E-03
  843    4.034704E-03
  844    4.025149E-03
  845    4.015628E-03
  846    8.681085E-03
  847    8.660599E-03
  848    8.640185E-03
  849    8.619843E-03
  850    8.599573E-03
  851    1.285189E-02
  852    1.282174E-02
  853    1.279170E-02
  854    1.276176E-02
  855    1.273192E-02
  856    1.776369E-02
  857    1.772226E-02
  858    1.768097E-02
  859    1.763983E-02
  860    1.759883E-02
  861    1.989121E-02
  862    1.984508E-02
  863    1.979912E-02
  864    1.975331E-02
  865    1.970767E-02
  866    2.333894E-02
  867    2.328514E-02
  868    2.323151E-02
  869    2.317808E-02
  870    2.312482E-02
  871    2.425400E-02
  872    2.419840E-02
  873    2.414300E-02
  874    2.408778E-02
  875    2.403276E-02
  876    2.368319E-02
  877    2.362922E-02
  878    2.357542E-02
  879    2.352181E-02
  880    2.346838E-02
  881    2.399697E-02
  882    2.394259E-02
  883    2.388839E-02
  884    2.383437E-02
  885    2.378054E-02
  886    2.167279E-02
  887    2.162395E-02
  888    2.157528E-02
  889    2.152677E-02
  890    2.147842E-02
  891    1.916492E-02
  892    1.912197E-02
  893    1.907917E-02
  894    1.903651E-02
  895    1.899400E-02
  896    1.434596E-02
  897    1.431400E-02
  898    1.428213E-02
  899    1.425038E-02
  900    1.421873E-02
  901    8.929533E-03
  902    8.909744E-03
  903    8.890021E-03
  904    8.870364E-03
  905    8.850772E-03
  906    4.572785E-03
  907    4.562707E-03
  908    4.552663E-03
  909    4.542652E-03
  910    4.532673E-03
  911    1.016273E-03
  912    1.014046E-03
  913    1.011826E-03
  914    1.009613E-03
  915    1.007407E-03
  916   -1.118705E-03
  917   -1.116266E-03
  918   -1.113836E-03
  919   -1.111413E-03
  920   -1.108998E-03
  921   -2.210260E-03
  922   -2.205468E-03
  923   -2.200692E-03
  924   -2.195931E-03
  925   -2.191186E-03
  926   -2.829788E-03
  927   -2.823686E-03
  928   -2.817603E-03
  929   -2.811541E-03
  930   -2.805498E-03
  931   -3.195318E-03
  932   -3.188465E-03
  933   -3.181634E-03
  934   -3.174825E-03
  935   -3.168037E-03
  936   -2.844151E-03
  937   -2.838083E-03
  938   -2.832035E-03
  939   -2.826006E-03
  940   -2.819997E-03
  941   -2.691676E-03
  942   -2.685964E-03
  943   -2.680271E-03
  944   -2.674595E-03
  945   -2.668938E-03
  946   -2.029427E-03
  947   -2.025143E-03
  948   -2.020873E-03
  949   -2.016616E-03
  950   -2.012373E-03
  951   -1.363558E-03
  952   -1.360694E-03
  953   -1.357840E-03
  954   -1.354995E-03
  955   -1.352159E-03
  956   -7.072896E-04
  957   -7.058122E-04
  958   -7.043395E-04
  959   -7.028713E-04
  960   -7.014078E-04
  961   -2.172278E-04
  962   -2.167764E-04
  963   -2.163264E-04
  964   -2.158778E-04
  965   -2.154306E-04
  966    8.287942E-05
  967    8.270809E-05
  968    8.253729E-05
  969    8.236702E-05
  970    8.219728E-05
  971    2.345456E-04
  972    2.340632E-04
  973    2.335824E-04
  974    2.331030E-04
  975    2.326251E-04
  976    3.260016E-04
  977    3.253346E-04
  978    3.246696E-04
  979    3.240067E-04
  980    3.233458E-04
  981    3.279466E-04
  982    3.272791E-04
  983    3.266135E-04
  984    3.259500E-04
  985    3.252885E-04
  986    2.940061E-04
  987    2.934106E-04
  988    2.928170E-04
  989    2.922251E-04
  990    2.916351E-04
  991    2.554887E-04
  992    2.549739E-04
  993    2.544606E-04
  994    2.539489E-04
  995    2.534387E-04
  996    1.794025E-04
  997    1.790428E-04
  998    1.786842E-04
  999    1.783267E-04
 1000    1.779702E-04
 1001    1.068622E-04
 1002    1.066490E-04
 1003    1.064365E-04
 1004    1.062246E-04
 1005    1.060133E-04
 1006    3.731495E-05
 1007    3.724088E-05
 1008    3.716702E-05
 1009    3.709339E-05
 1010    3.701997E-05
 1011   -1.469543E-05
 1012   -1.466641E-05
 1013   -1.463746E-05
 1014   -1.460861E-05
 1015   -1.457984E-05
 1016   -5.635007E-05
 1017   -5.623931E-05
 1018   -5.612887E-05
 1019   -5.601876E-05
 1020   -5.590898E-05
 1021   -7.695854E-05
 1022   -7.680801E-05
 1023   -7.665792E-05
 1024   -7.650827E-05
 1025   -7.635906E-05
 1026   -9.131811E-05
 1027   -9.114036E-05
 1028   -9.096313E-05
 1029   -9.078642E-05
 1030   -9.061022E-05
 1031   -9.336474E-05
 1032   -9.318389E-05
 1033   -9.300356E-05
 1034   -9.282376E-05
 1035   -9.264448E-05
 1036   -8.969116E-05
 1037   -8.951826E-05
 1038   -8.934586E-05
 1039   -8.917396E-05
 1040   -8.900256E-05
 1041   -8.334194E-05
 1042   -8.318205E-05
 1043   -8.302263E-05
 1044   -8.286366E-05
 1045   -8.270514E-05
 1046   -6.746768E-05
 1047   -6.733886E-05
 1048   -6.721042E-05
 1049   -6.708233E-05
 1050   -6.695462E-05
 1051   -5.334875E-05
 1052   -5.324737E-05
 1053   -5.314629E-05
 1054   -5.304549E-05
 1055   -5.294498E-05
 1056   -3.969280E-05
 1057   -3.961773E-05
 1058   -3.954287E-05
 1059   -3.946823E-05
 1060   -3.939380E-05
 1061   -3.112894E-05
 1062   -3.107034E-05
 1063   -3.101191E-05
 1064   -3.095365E-05
 1065   -3.089555E-05
 1066   -2.573825E-05
 1067   -2.569003E-05
 1068   -2.564195E-05
 1069   -2.559399E-05
 1070   -2.554618E-05
 1071   -2.224553E-05
 1072   -2.220404E-05
 1073   -2.216268E-05
 1074   -2.212143E-05
 1075   -2.208029E-05
 1076   -1.982530E-05
 1077   -1.978851E-05
 1078   -1.975181E-05
 1079   -1.971522E-05
 1080   -1.967872E-05
 1081   -2.068551E-05
 1082   -2.064730E-05
 1083   -2.060918E-05
 1084   -2.057118E-05
 1085   -2.053328E-05
 1086   -2.074721E-05
 1087   -2.070905E-05
 1088   -2.067100E-05
 1089   -2.063306E-05
 1090   -2.059521E-05
 1091   -2.070466E-05
 1092   -2.066676E-05
 1093   -2.062896E-05
 1094   -2.059126E-05
 1095   -2.055367E-05
 1096   -2.082553E-05
 1097   -2.078758E-05
 1098   -2.074974E-05
 1099   -2.071199E-05
 1100   -2.067435E-05
 1101   -2.044720E-05
 1102   -2.041011E-05
 1103   -2.037312E-05
 1104   -2.033622E-05
 1105   -2.029943E-05
 1106   -1.894746E-05
 1107   -1.891325E-05
 1108   -1.887912E-05
 1109   -1.884509E-05
 1110   -1.881115E-05
 1111   -1.912045E-05
 1112   -1.908607E-05
 1113   -1.905179E-05
 1114   -1.901760E-05
 1115   -1.898351E-05
 1116   -1.936031E-05
 1117   -1.932566E-05
 1118   -1.929110E-05
 1119   -1.925664E-05
 1120   -1.922226E-05
 1121   -2.130720E-05
 1122   -2.126924E-05
 1123   -2.123137E-05
 1124   -2.119361E-05
 1125   -2.115595E-05
 1126   -2.099802E-05
 1127   -2.096078E-05
 1128   -2.092363E-05
 1129   -2.088658E-05
 1130   -2.084963E-05
 1131   -2.209564E-05
 1132   -2.205662E-05
 1133   -2.201770E-05
 1134   -2.197889E-05
 1135   -2.194018E-05
 1136   -2.191284E-05
 1137   -2.187431E-05
 1138   -2.183589E-05
 1139   -2.179756E-05
 1140   -2.175934E-05
 1141   -2.131982E-05
 1142   -2.128249E-05
 1143   -2.124527E-05
 1144   -2.120814E-05
 1145   -2.117112E-05
 1146   -2.073828E-05
 1147   -2.070213E-05
 1148   -2.066608E-05
 1149   -2.063013E-05
 1150   -2.059426E-05
 1151   -1.818924E-05
 1152   -1.815767E-05
 1153   -1.812619E-05
 1154   -1.809479E-05
 1155   -1.806347E-05
 1156   -1.750616E-05
 1157   -1.747591E-05
 1158   -1.744574E-05
 1159   -1.741565E-05
 1160   -1.738563E-05
 1161   -1.644465E-05
 1162   -1.641636E-05
 1163   -1.638814E-05
 1164   -1.635999E-05
 1165   -1.633192E-05
 1166   -1.631751E-05
 1167   -1.628956E-05
 1168   -1.626168E-05
 1169   -1.623387E-05
 1170   -1.620613E-05
 1171   -1.695621E-05
 1172   -1.692728E-05
 1173   -1.689843E-05
 1174   -1.686966E-05
 1175   -1.684096E-05
 1176   -1.580259E-05
 1177   -1.577575E-05
 1178   -1.574898E-05
 1179   -1.572228E-05
 1180   -1.569564E-05
 1181   -1.677106E-05
 1182   -1.674270E-05
 1183   -1.671440E-05
 1184   -1.668618E-05
 1185   -1.665803E-05
 1186   -1.690081E-05
 1187   -1.687235E-05
 1188   -1.684396E-05
 1189   -1.681564E-05
 1190   -1.678739E-05
 1191   -1.628090E-05
 1192   -1.625359E-05
 1193   -1.622636E-05
 1194   -1.619919E-05
 1195   -1.617209E-05
 1196   -1.633734E-05
 1197   -1.631005E-05
 1198   -1.628283E-05
 1199   -1.625568E-05
 1200   -1.622860E-05
 1201   -1.544193E-05
 1202   -1.541625E-05
 1203   -1.539063E-05
 1204   -1.536508E-05
 1205   -1.533959E-05
 1206   -1.560408E-05
 1207   -1.557824E-05
 1208   -1.555246E-05
 1209   -1.552674E-05
 1210   -1.550109E-05
 1211   -1.483929E-05
 1212   -1.481481E-05
 1213   -1.479039E-05
 1214   -1.476604E-05
 1215   -1.474174E-05
 1216   -1.475334E-05
 1217   -1.472910E-05
 1218   -1.470493E-05
 1219   -1.468081E-05
 1220   -1.465675E-05
 1221   -1.528742E-05
 1222   -1.526241E-05
 1223   -1.523746E-05
 1224   -1.521257E-05
 1225   -1.518775E-05
 1226   -1.452076E-05
 1227   -1.449710E-05
 1228   -1.447350E-05
 1229   -1.444995E-05
 1230   -1.442647E-05
 1231   -1.561169E-05
 1232   -1.558636E-05
 1233   -1.556109E-05
 1234   -1.553587E-05
 1235   -1.551073E-05
 1236   -1.495924E-05
 1237   -1.493506E-05
 1238   -1.491094E-05
 1239   -1.488688E-05
 1240   -1.486288E-05
 1241   -1.480860E-05
 1242   -1.478476E-05
 1243   -1.476098E-05
 1244   -1.473726E-05
 1245   -1.471359E-05
 1246   -1.493961E-05
 1247   -1.491566E-05
 1248   -1.489177E-05
 1249   -1.486793E-05
 1250   -1.484415E-05
 1251   -1.401063E-05
 1252   -1.398826E-05
 1253   -1.396594E-05
 1254   -1.394367E-05
 1255   -1.392146E-05
 1256   -1.454453E-05
 1257   -1.452140E-05
 1258   -1.449832E-05
 1259   -1.447530E-05
 1260   -1.445233E-05
 1261   -1.339950E-05
 1262   -1.337828E-05
 1263   -1.335710E-05
 1264   -1.333597E-05
 1265   -1.331490E-05
 1266   -1.387350E-05
 1267   -1.385161E-05
 1268   -1.382977E-05
 1269   -1.380798E-05
 1270   -1.378625E-05
 1271   -1.409718E-05
 1272   -1.407502E-05
 1273   -1.405292E-05
 1274   -1.403087E-05
 1275   -1.400887E-05
 1276   -1.359783E-05
 1277   -1.357654E-05
 1278   -1.355530E-05
 1279   -1.353411E-05
 1280   -1.351298E-05
 1281   -1.390254E-05
 1282   -1.388085E-05
 1283   -1.385923E-05
 1284   -1.383765E-05
 1285   -1.381612E-05
 1286   -1.366186E-05
 1287   -1.364064E-05
 1288   -1.361947E-05
 1289   -1.359834E-05
 1290   -1.357727E-05
 1291   -1.409770E-05
 1292   -1.407589E-05
 1293   -1.405412E-05
 1294   -1.403241E-05
 1295   -1.401075E-05
 1296   -1.345095E-05
 1297   -1.343021E-05
 1298   -1.340953E-05
 1299   -1.338889E-05
 1300   -1.336830E-05
 1301   -1.323637E-05
 1302   -1.321604E-05
 1303   -1.319576E-05
 1304   -1.317553E-05
 1305   -1.315535E-05
 1306   -1.289247E-05
 1307   -1.287275E-05
 1308   -1.285307E-05
 1309   -1.283344E-05
 1310   -1.281385E-05
 1311   -1.274623E-05
 1312   -1.272680E-05
 1313   -1.270743E-05
 1314   -1.268809E-05
 1315   -1.266880E-05
 1316   -1.295204E-05
 1317   -1.293238E-05
 1318   -1.291277E-05
 1319   -1.289319E-05
 1320   -1.287367E-05
 1321   -1.263179E-05
 1322   -1.261269E-05
 1323   -1.259363E-05
 1324   -1.257461E-05
 1325   -1.255564E-05
 1326   -1.275323E-05
 1327   -1.273402E-05
 1328   -1.271485E-05
 1329   -1.269572E-05
 1330   -1.267664E-05
 1331   -1.268291E-05
 1332   -1.266387E-05
 1333   -1.264488E-05
 1334   -1.262593E-05
 1335   -1.260702E-05
 1336   -1.275804E-05
 1337   -1.273896E-05
 1338   -1.271993E-05
 1339   -1.270094E-05
 1340   -1.268199E-05
 1341   -1.285350E-05
 1342   -1.283435E-05
 1343   -1.281525E-05
 1344   -1.279618E-05
 1345   -1.277716E-05
 1346   -1.242916E-05
 1347   -1.241071E-05
 1348   -1.239230E-05
 1349   -1.237394E-05
 1350   -1.235561E-05
 1351   -1.233389E-05
 1352   -1.231565E-05
 1353   -1.229745E-05
 1354   -1.227930E-05
 1355   -1.226118E-05
 1356   -1.211530E-05
 1357   -1.209745E-05
 1358   -1.207964E-05
 1359   -1.206187E-05
 1360   -1.204414E-05
 1361   -1.185532E-05
 1362   -1.183792E-05
 1363   -1.182056E-05
 1364   -1.180323E-05
 1365   -1.178594E-05
 1366   -1.172924E-05
 1367   -1.171208E-05
 1368   -1.169497E-05
 1369   -1.167789E-05
 1370   -1.166084E-05
 1371   -1.172272E-05
 1372   -1.170563E-05
 1373   -1.168859E-05
 1374   -1.167158E-05
 1375   -1.165461E-05
 1376   -1.222376E-05
 1377   -1.220601E-05
 1378   -1.218830E-05
 1379   -1.217063E-05
 1380   -1.215300E-05
 1381   -1.173326E-05
 1382   -1.171629E-05
 1383   -1.169935E-05
 1384   -1.168245E-05
 1385   -1.166558E-05
 1386   -1.194688E-05
 1387   -1.192966E-05
 1388   -1.191248E-05
 1389   -1.189533E-05
 1390   -1.187822E-05
 1391   -1.135866E-05
 1392   -1.134235E-05
 1393   -1.132607E-05
 1394   -1.130982E-05
 1395   -1.129362E-05
 1396   -1.160383E-05
 1397   -1.158722E-05
 1398   -1.157065E-05
 1399   -1.155412E-05
 1400   -1.153762E-05
 1401   -1.136406E-05
 1402   -1.134785E-05
 1403   -1.133168E-05
 1404   -1.131555E-05
 1405   -1.129945E-05
 1406   -1.080605E-05
 1407   -1.079069E-05
 1408   -1.077537E-05
 1409   -1.076008E-05
 1410   -1.074483E-05
 1411   -1.078814E-05
 1412   -1.077287E-05
 1413   -1.075763E-05
 1414   -1.074242E-05
 1415   -1.072724E-05
 1416   -1.050961E-05
 1417   -1.049478E-05
 1418   -1.047998E-05
 1419   -1.046521E-05
 1420   -1.045048E-05
 1421   -1.056518E-05
 1422   -1.055033E-05
 1423   -1.053551E-05
 1424   -1.052071E-05
 1425   -1.050595E-05
 1426   -1.086485E-05
 1427   -1.084963E-05
 1428   -1.083444E-05
 1429   -1.081928E-05
 1430   -1.080416E-05
 1431   -1.058821E-05
 1432   -1.057343E-05
 1433   -1.055867E-05
 1434   -1.054395E-05
 1435   -1.052926E-05
 1436   -1.066729E-05
 1437   -1.065245E-05
 1438   -1.063764E-05
 1439   -1.062286E-05
 1440   -1.060811E-05
 1441   -1.031594E-05
 1442   -1.030164E-05
 1443   -1.028737E-05
 1444   -1.027312E-05
 1445   -1.025891E-05
 1446   -1.003470E-05
 1447   -1.002083E-05
 1448   -1.000700E-05
 1449   -9.993191E-06
 1450   -9.979412E-06
 1451   -9.614948E-06
 1452   -9.601709E-06
 1453   -9.588497E-06
 1454   -9.575312E-06
 1455   -9.562155E-06
 1456   -9.005720E-06
 1457   -8.993362E-06
 1458   -8.981029E-06
 1459   -8.968722E-06
 1460   -8.956441E-06
 1461   -9.367581E-06
 1462   -9.354771E-06
 1463   -9.341986E-06
 1464   -9.329229E-06
 1465   -9.316497E-06
 1466   -8.824764E-06
 1467   -8.812737E-06
 1468   -8.800735E-06
 1469   -8.788757E-06
 1470   -8.776804E-06
 1471   -9.011264E-06
 1472   -8.999025E-06
 1473   -8.986810E-06
 1474   -8.974620E-06
 1475   -8.962456E-06
 1476   -8.642326E-06
 1477   -8.630628E-06
 1478   -8.618953E-06
 1479   -8.607302E-06
 1480   -8.595674E-06
 1481   -8.743522E-06
 1482   -8.731727E-06
 1483   -8.719955E-06
 1484   -8.708207E-06
 1485   -8.696483E-06
 1486   -8.899348E-06
 1487   -8.887383E-06
 1488   -8.875441E-06
 1489   -8.863524E-06
 1490   -8.851631E-06
 1491   -8.495586E-06
 1492   -8.484202E-06
 1493   -8.472840E-06
 1494   -8.461502E-06
 1495   -8.450186E-06
 1496   -8.308692E-06
 1497   -8.297595E-06
 1498   -8.286520E-06
 1499   -8.275468E-06
 1500   -8.264438E-06
 1501   -7.988738E-06
 1502   -7.978105E-06
 1503   -7.967492E-06
 1504   -7.956900E-06
 1505   -7.946330E-06
 1506   -7.785218E-06
 1507   -7.774889E-06
 1508   -7.764581E-06
 1509   -7.754294E-06
 1510   -7.744026E-06
 1511   -7.722650E-06
 1512   -7.712438E-06
 1513   -7.702247E-06
 1514   -7.692076E-06
 1515   -7.681924E-06
 1516   -7.377813E-06
 1517   -7.368089E-06
 1518   -7.358385E-06
 1519   -7.348699E-06
 1520   -7.339033E-06
 1521   -7.445919E-06
 1522   -7.436138E-06
 1523   -7.426376E-06
 1524   -7.416634E-06
 1525   -7.406910E-06
 1526   -7.647161E-06
 1527   -7.637149E-06
 1528   -7.627156E-06
 1529   -7.617182E-06
 1530   -7.607228E-06
 1531   -7.462652E-06
 1532   -7.452913E-06
 1533   -7.443193E-06
 1534   -7.433492E-06
 1535   -7.423810E-06
 1536   -7.278508E-06
 1537   -7.269040E-06
 1538   -7.259591E-06
 1539   -7.250160E-06
 1540   -7.240747E-06
 1541   -6.852232E-06
 1542   -6.843348E-06
 1543   -6.834480E-06
 1544   -6.825630E-06
 1545   -6.816797E-06
 1546   -6.991519E-06
 1547   -6.982483E-06
 1548   -6.973465E-06
 1549   -6.964464E-06
 1550   -6.955480E-06
 1551   -6.397954E-06
 1552   -6.389711E-06
 1553   -6.381485E-06
 1554   -6.373275E-06
 1555   -6.365080E-06
 1556   -6.275176E-06
 1557   -6.267118E-06
 1558   -6.259075E-06
 1559   -6.251048E-06
 1560   -6.243037E-06
 1561   -5.991133E-06
 1562   -5.983464E-06
 1563   -5.975810E-06
 1564   -5.968171E-06
 1565   -5.960547E-06
 1566   -5.815588E-06
 1567   -5.808168E-06
 1568   -5.800762E-06
 1569   -5.793370E-06
 1570   -5.785992E-06
 1571   -5.787119E-06
 1572   -5.779759E-06
 1573   -5.772412E-06
 1574   -5.765080E-06
 1575   -5.757762E-06
 1576   -5.778909E-06
 1577   -5.771582E-06
 1578   -5.764269E-06
 1579   -5.756970E-06
 1580   -5.749685E-06
 1581   -5.674089E-06
 1582   -5.666918E-06
 1583   -5.659761E-06
 1584   -5.652617E-06
 1585   -5.645487E-06
 1586   -5.669715E-06
 1587   -5.662572E-06
 1588   -5.655443E-06
 1589   -5.648327E-06
 1590   -5.641224E-06
 1591   -5.452298E-06
 1592   -5.445450E-06
 1593   -5.438616E-06
 1594   -5.431794E-06
 1595   -5.424985E-06
 1596   -5.247808E-06
 1597   -5.241238E-06
 1598   -5.234680E-06
 1599   -5.228135E-06
 1600   -5.221602E-06
 1601   -4.972810E-06
 1602   -4.966604E-06
 1603   -4.960409E-06
 1604   -4.954226E-06
 1605   -4.948055E-06
 1606   -4.744727E-06
 1607   -4.738824E-06
 1608   -4.732931E-06
 1609   -4.727050E-06
 1610   -4.721180E-06
 1611   -4.702711E-06
 1612   -4.696879E-06
 1613   -4.691057E-06
 1614   -4.685245E-06
 1615   -4.679445E-06
 1616   -4.514443E-06
 1617   -4.508861E-06
 1618   -4.503290E-06
 1619   -4.497728E-06
 1620   -4.492177E-06
 1621   -4.475299E-06
 1622   -4.469783E-06
 1623   -4.464277E-06
 1624   -4.458780E-06
 1625   -4.453294E-06
 1626   -4.355918E-06
 1627   -4.350565E-06
 1628   -4.345222E-06
 1629   -4.339889E-06
 1630   -4.334565E-06
 1631   -4.426367E-06
 1632   -4.420944E-06
 1633   -4.415531E-06
 1634   -4.410128E-06
 1635   -4.404735E-06
 1636   -4.239187E-06
 1637   -4.234009E-06
 1638   -4.228841E-06
 1639   -4.223683E-06
 1640   -4.218533E-06
 1641   -4.159356E-06
 1642   -4.154291E-06
 1643   -4.149236E-06
 1644   -4.144190E-06
 1645   -4.139153E-06
 1646   -3.871119E-06
 1647   -3.866420E-06
 1648   -3.861729E-06
 1649   -3.857046E-06
 1650   -3.852373E-06
 1651   -3.710280E-06
 1652   -3.705790E-06
 1653   -3.701308E-06
 1654   -3.696833E-06
 1655   -3.692367E-06
 1656   -3.445025E-06
 1657   -3.440868E-06
 1658   -3.436718E-06
 1659   -3.432576E-06
 1660   -3.428442E-06
 1661   -3.215164E-06
 1662   -3.211296E-06
 1663   -3.207435E-06
 1664   -3.203581E-06
 1665   -3.199734E-06
 1666   -3.224844E-06
 1667   -3.220976E-06
 1668   -3.217115E-06
 1669   -3.213261E-06
 1670   -3.209414E-06
 1671   -3.144516E-06
 1672   -3.140756E-06
 1673   -3.137002E-06
 1674   -3.133256E-06
 1675   -3.129515E-06
 1676   -3.167980E-06
 1677   -3.164203E-06
 1678   -3.160433E-06
 1679   -3.156669E-06
 1680   -3.152912E-06
 1681   -3.066842E-06
 1682   -3.063196E-06
 1683   -3.059557E-06
 1684   -3.055924E-06
 1685   -3.052298E-06
 1686   -2.996897E-06
 1687   -2.993345E-06
 1688   -2.989800E-06
 1689   -2.986260E-06
 1690   -2.982727E-06
 1691   -2.893427E-06
 1692   -2.890008E-06
 1693   -2.886595E-06
 1694   -2.883188E-06
 1695   -2.879787E-06
 1696   -2.735987E-06
 1697   -2.732763E-06
 1698   -2.729545E-06
 1699   -2.726333E-06
 1700   -2.723127E-06
 1701   -2.580717E-06
 1702   -2.577685E-06
 1703   -2.574659E-06
 1704   -2.571638E-06
 1705   -2.568622E-06
 1706   -2.389808E-06
 1707   -2.387009E-06
 1708   -2.384214E-06
 1709   -2.381425E-06
 1710   -2.378641E-06
 1711   -2.267468E-06
 1712   -2.264820E-06
 1713   -2.262176E-06
 1714   -2.259538E-06
 1715   -2.256903E-06
 1716   -2.236185E-06
 1717   -2.233581E-06
 1718   -2.230981E-06
 1719   -2.228386E-06
 1720   -2.225796E-06
 1721   -2.152179E-06
 1722   -2.149680E-06
 1723   -2.147185E-06
 1724   -2.144695E-06
 1725   -2.142209E-06
 1726   -2.200506E-06
 1727   -2.197958E-06
 1728   -2.195415E-06
 1729   -2.192876E-06
 1730   -2.190342E-06
 1731   -2.111367E-06
 1732   -2.108930E-06
 1733   -2.106496E-06
 1734   -2.104067E-06
 1735   -2.101643E-06
 1736   -2.088893E-06
 1737   -2.086488E-06
 1738   -2.084088E-06
 1739   -2.081692E-06
 1740   -2.079300E-06
 1741   -2.000571E-06
 1742   -1.998274E-06
 1743   -1.995982E-06
 1744   -1.993694E-06
 1745   -1.991409E-06
 1746   -1.831207E-06
 1747   -1.829112E-06
 1748   -1.827019E-06
 1749   -1.824931E-06
 1750   -1.822846E-06
 1751   -1.715929E-06
 1752   -1.713970E-06
 1753   -1.712016E-06
 1754   -1.710064E-06
 1755   -1.708116E-06
 1756   -1.559763E-06
 1757   -1.557988E-06
 1758   -1.556216E-06
 1759   -1.554447E-06
 1760   -1.552681E-06
 1761   -1.497704E-06
 1762   -1.496005E-06
 1763   -1.494308E-06
 1764   -1.492615E-06
 1765   -1.490924E-06
 1766   -1.403456E-06
 1767   -1.401868E-06
 1768   -1.400283E-06
 1769   -1.398700E-06
 1770   -1.397120E-06
 1771   -1.379332E-06
 1772   -1.377776E-06
 1773   -1.376222E-06
 1774   -1.374671E-06
 1775   -1.373122E-06
 1776   -1.388227E-06
 1777   -1.386665E-06
 1778   -1.385106E-06
 1779   -1.383549E-06
 1780   -1.381995E-06
 1781   -1.338883E-06
 1782   -1.337381E-06
 1783   -1.335881E-06
 1784   -1.334384E-06
 1785   -1.332889E-06
 1786   -1.322459E-06
 1787   -1.320979E-06
 1788   -1.319502E-06
 1789   -1.318027E-06
 1790   -1.316555E-06
 1791   -1.248320E-06
 1792   -1.246927E-06
 1793   -1.245536E-06
 1794   -1.244148E-06
 1795   -1.242762E-06
 1796   -1.187885E-06
 1797   -1.186563E-06
 1798   -1.185244E-06
 1799   -1.183927E-06
 1800   -1.182611E-06
 1801   -1.103686E-06
 1802   -1.102461E-06
 1803   -1.101239E-06
 1804   -1.100018E-06
 1805   -1.098800E-06
 1806   -1.012510E-06
 1807   -1.011390E-06
 1808   -1.010271E-06
 1809   -1.009155E-06
 1810   -1.008040E-06
 1811   -9.625441E-07
 1812   -9.614820E-07
 1813   -9.604217E-07
 1814   -9.593631E-07
 1815   -9.583062E-07
 1816   -9.169264E-07
 1817   -9.159174E-07
 1818   -9.149100E-07
 1819   -9.139044E-07
 1820   -9.129003E-07
 1821   -9.263711E-07
 1822   -9.253545E-07
 1823   -9.243396E-07
 1824   -9.233263E-07
 1825   -9.223147E-07
 1826   -8.947984E-07
 1827   -8.938191E-07
 1828   -8.928415E-07
 1829   -8.918654E-07
 1830   -8.908910E-07
 1831   -8.786431E-07
 1832   -8.776841E-07
 1833   -8.767268E-07
 1834   -8.757709E-07
 1835   -8.748167E-07
 1836   -8.605296E-07
 1837   -8.595930E-07
 1838   -8.586579E-07
 1839   -8.577243E-07
 1840   -8.567923E-07
 1841   -8.120510E-07
 1842   -8.111696E-07
 1843   -8.102895E-07
 1844   -8.094109E-07
 1845   -8.085338E-07
 1846   -7.586301E-07
 1847   -7.578089E-07
 1848   -7.569890E-07
 1849   -7.561704E-07
 1850   -7.553531E-07
 1851   -6.827718E-07
 1852   -6.820347E-07
 1853   -6.812987E-07
 1854   -6.805640E-07
 1855   -6.798304E-07
 1856   -6.234016E-07
 1857   -6.227304E-07
 1858   -6.220602E-07
 1859   -6.213912E-07
 1860   -6.207232E-07
 1861   -5.832486E-07
 1862   -5.826223E-07
 1863   -5.819970E-07
 1864   -5.813727E-07
 1865   -5.807494E-07
 1866   -5.574076E-07
 1867   -5.568107E-07
 1868   -5.562147E-07
 1869   -5.556197E-07
 1870   -5.550256E-07
 1871   -5.514493E-07
 1872   -5.508603E-07
 1873   -5.502722E-07
 1874   -5.496851E-07
 1875   -5.490989E-07
 1876   -5.277684E-07
 1877   -5.272061E-07
 1878   -5.266448E-07
 1879   -5.260844E-07
 1880   -5.255249E-07
 1881   -5.272561E-07
 1882   -5.266959E-07
 1883   -5.261367E-07
 1884   -5.255783E-07
 1885   -5.250208E-07
 1886   -5.074393E-07
 1887   -5.069016E-07
 1888   -5.063648E-07
 1889   -5.058288E-07
 1890   -5.052937E-07
 1891   -4.885942E-07
 1892   -4.880779E-07
 1893   -4.875624E-07
 1894   -4.870477E-07
 1895   -4.865338E-07
 1896   -4.724607E-07
 1897   -4.719628E-07
 1898   -4.714656E-07
 1899   -4.709692E-07
 1900   -4.704735E-07
 1901   -4.296189E-07
 1902   -4.291673E-07
 1903   -4.287163E-07
 1904   -4.282661E-07
 1905   -4.278166E-07
 1906   -4.097765E-07
 1907   -4.093469E-07
 1908   -4.089179E-07
 1909   -4.084896E-07
 1910   -4.080620E-07
 1911   -3.943778E-07
 1912   -3.939653E-07
 1913   -3.935536E-07
 1914   -3.931424E-07
 1915   -3.927319E-07
 1916   -3.791742E-07
 1917   -3.787787E-07
 1918   -3.783838E-07
 1919   -3.779896E-07
 1920   -3.775960E-07
 1921   -3.736885E-07
 1922   -3.732998E-07
 1923   -3.729116E-07
 1924   -3.725241E-07
 1925   -3.721372E-07
 1926   -3.673336E-07
 1927   -3.669525E-07
 1928   -3.665719E-07
 1929   -3.661920E-07
 1930   -3.658126E-07
 1931   -3.721541E-07
 1932   -3.717690E-07
 1933   -3.713844E-07
 1934   -3.710005E-07
 1935   -3.706171E-07
 1936   -3.606315E-07
 1937   -3.602593E-07
 1938   -3.598876E-07
 1939   -3.595165E-07
 1940   -3.591459E-07
 1941   -3.560783E-07
 1942   -3.557116E-07
 1943   -3.553456E-07
 1944   -3.549801E-07
 1945   -3.546152E-07
 1946   -3.489135E-07
 1947   -3.485552E-07
 1948   -3.481974E-07
 1949   -3.478402E-07
 1950   -3.474835E-07
 1951   -3.287490E-07
 1952   -3.284123E-07
 1953   -3.280760E-07
 1954   -3.277403E-07
 1955   -3.274051E-07
 1956   -3.339030E-07
 1957   -3.335619E-07
 1958   -3.332212E-07
 1959   -3.328811E-07
 1960   -3.325415E-07
 1961   -3.113226E-07
 1962   -3.110053E-07
 1963   -3.106885E-07
 1964   -3.103722E-07
 1965   -3.100564E-07
 1966   -3.175684E-07
 1967   -3.172456E-07
 1968   -3.169233E-07
 1969   -3.166015E-07
 1970   -3.162801E-07
 1971   -3.142815E-07
 1972   -3.139628E-07
 1973   -3.136446E-07
 1974   -3.133269E-07
 1975   -3.130097E-07
 1976   -3.104375E-07
 1977   -3.101235E-07
 1978   -3.098100E-07
 1979   -3.094970E-07
 1980   -3.091845E-07
 1981   -3.123990E-07
 1982   -3.120838E-07
 1983   -3.117692E-07
 1984   -3.114550E-07
 1985   -3.111412E-07
 1986   -3.094615E-07
 1987   -3.091501E-07
 1988   -3.088391E-07
 1989   -3.085287E-07
 1990   -3.082187E-07
 1991   -3.186312E-07
 1992   -3.183114E-07
 1993   -3.179920E-07
 1994   -3.176732E-07
 1995   -3.173548E-07
 1996   -3.148809E-07
 1997   -3.145656E-07
 1998   -3.142508E-07
 1999   -3.139365E-07
 2000   -3.136226E-07
 2001   -3.163916E-07
 2002   -3.160756E-07
 2003   -3.157601E-07
 2004   -3.154451E-07
 2005   -3.151305E-07
 2006   -3.207682E-07
 2007   -3.204487E-07
 2008   -3.201296E-07
 2009   -3.198109E-07
 2010   -3.194928E-07
 2011   -3.179250E-07
 2012   -3.176090E-07
 2013   -3.172935E-07
 2014   -3.169785E-07
 2015   -3.166640E-07
 2016   -3.253028E-07
 2017   -3.249803E-07
 2018   -3.246583E-07
 2019   -3.243368E-07
 2020   -3.240157E-07
 2021   -3.224089E-07
 2022   -3.220900E-07
 2023   -3.217717E-07
 2024   -3.214538E-07
 2025   -3.211364E-07
 2026   -3.198774E-07
 2027   -3.195619E-07
 2028   -3.192468E-07
 2029   -3.189322E-07
 2030   -3.186181E-07
 2031   -3.305928E-07
 2032   -3.302675E-07
 2033   -3.299427E-07
 2034   -3.296183E-07
 2035   -3.292944E-07
 2036   -3.262580E-07
 2037   -3.259377E-07
 2038   -3.256179E-07
 2039   -3.252986E-07
 2040   -3.249798E-07
 2041   -3.418767E-07
 2042   -3.415419E-07
 2043   -3.412076E-07
 2044   -3.408739E-07
 2045   -3.405406E-07
 2046   -3.403173E-07
 2047   -3.399849E-07
 2048   -3.396529E-07
 2049   -3.393215E-07
 2050   -3.389905E-07
 2051   -3.520136E-07
 2052   -3.516706E-07
 2053   -3.513281E-07
 2054   -3.509861E-07
 2055   -3.506446E-07
 2056   -3.633176E-07
 2057   -3.629644E-07
 2058   -3.626118E-07
 2059   -3.622596E-07
 2060   -3.619080E-07
 2061   -3.665761E-07
 2062   -3.662206E-07
 2063   -3.658657E-07
 2064   -3.655113E-07
 2065   -3.651573E-07
 2066   -3.729245E-07
 2067   -3.725638E-07
 2068   -3.722036E-07
 2069   -3.718439E-07
 2070   -3.714847E-07
 2071   -3.655700E-07
 2072   -3.652173E-07
 2073   -3.648650E-07
 2074   -3.645132E-07
 2075   -3.641620E-07
 2076   -3.782491E-07
 2077   -3.778849E-07
 2078   -3.775213E-07
 2079   -3.771582E-07
 2080   -3.767957E-07
 2081   -3.820112E-07
 2082   -3.816443E-07
 2083   -3.812780E-07
 2084   -3.809121E-07
 2085   -3.805468E-07
 2086   -3.933833E-07
 2087   -3.930064E-07
 2088   -3.926301E-07
 2089   -3.922543E-07
 2090   -3.918790E-07
 2091   -3.879301E-07
 2092   -3.875594E-07
 2093   -3.871891E-07
 2094   -3.868194E-07
 2095   -3.864502E-07
 2096   -4.052959E-07
 2097   -4.049095E-07
 2098   -4.045236E-07
 2099   -4.041382E-07
 2100   -4.037534E-07
 2101   -4.168653E-07
 2102   -4.164688E-07
 2103   -4.160728E-07
 2104   -4.156774E-07
 2105   -4.152825E-07
 2106   -4.214196E-07
 2107   -4.210197E-07
 2108   -4.206204E-07
 2109   -4.202216E-07
 2110   -4.198234E-07
 2111   -4.359175E-07
 2112   -4.355048E-07
 2113   -4.350926E-07
 2114   -4.346811E-07
 2115   -4.342702E-07
 2116   -4.400067E-07
 2117   -4.395911E-07
 2118   -4.391761E-07
 2119   -4.387617E-07
 2120   -4.383479E-07
 2121   -4.409091E-07
 2122   -4.404936E-07
 2123   -4.400787E-07
 2124   -4.396644E-07
 2125   -4.392507E-07
 2126   -4.406904E-07
 2127   -4.402761E-07
 2128   -4.398624E-07
 2129   -4.394493E-07
 2130   -4.390368E-07
 2131   -4.451360E-07
 2132   -4.447185E-07
 2133   -4.443016E-07
 2134   -4.438853E-07
 2135   -4.434696E-07
 2136   -4.582590E-07
 2137   -4.578302E-07
 2138   -4.574020E-07
 2139   -4.569745E-07
 2140   -4.565475E-07
 2141   -4.606871E-07
 2142   -4.602570E-07
 2143   -4.598276E-07
 2144   -4.593987E-07
 2145   -4.589705E-07
 2146   -4.691118E-07
 2147   -4.686749E-07
 2148   -4.682386E-07
 2149   -4.678029E-07
 2150   -4.673679E-07
 2151   -4.687330E-07
 2152   -4.682975E-07
 2153   -4.678626E-07
 2154   -4.674283E-07
 2155   -4.669946E-07
 2156   -4.808458E-07
 2157   -4.804001E-07
 2158   -4.799549E-07
 2159   -4.795104E-07
 2160   -4.790665E-07
 2161   -5.054279E-07
 2162   -5.049605E-07
 2163   -5.044937E-07
 2164   -5.040275E-07
 2165   -5.035620E-07
 2166   -4.947778E-07
 2167   -4.943213E-07
 2168   -4.938654E-07
 2169   -4.934101E-07
 2170   -4.929554E-07
 2171   -5.052437E-07
 2172   -5.047786E-07
 2173   -5.043141E-07
 2174   -5.038503E-07
 2175   -5.033870E-07
 2176   -4.964855E-07
 2177   -4.960295E-07
 2178   -4.955741E-07
 2179   -4.951193E-07
 2180   -4.946652E-07
 2181   -5.074267E-07
 2182   -5.069617E-07
 2183   -5.064973E-07
 2184   -5.060336E-07
 2185   -5.055705E-07
 2186   -5.143698E-07
 2187   -5.138996E-07
 2188   -5.134299E-07
 2189   -5.129609E-07
 2190   -5.124926E-07
 2191   -5.093169E-07
 2192   -5.088523E-07
 2193   -5.083883E-07
 2194   -5.079250E-07
 2195   -5.074623E-07
 2196   -5.273017E-07
 2197   -5.268218E-07
 2198   -5.263426E-07
 2199   -5.258640E-07
 2200   -5.253860E-07
 2201   -5.211200E-07
 2202   -5.206468E-07
 2203   -5.201742E-07
 2204   -5.197023E-07
 2205   -5.192310E-07
 2206   -5.399294E-07
 2207   -5.394403E-07
 2208   -5.389517E-07
 2209   -5.384639E-07
 2210   -5.379767E-07
 2211   -5.400943E-07
 2212   -5.396061E-07
 2213   -5.391185E-07
 2214   -5.386316E-07
 2215   -5.381454E-07
 2216   -5.372943E-07
 2217   -5.368097E-07
 2218   -5.363258E-07
 2219   -5.358425E-07
 2220   -5.353599E-07
 2221   -5.504897E-07
 2222   -5.499943E-07
 2223   -5.494996E-07
 2224   -5.490055E-07
 2225   -5.485122E-07
 2226   -5.387549E-07
 2227   -5.382712E-07
 2228   -5.377881E-07
 2229   -5.373057E-07
 2230   -5.368239E-07
 2231   -5.482416E-07
 2232   -5.477504E-07
 2233   -5.472600E-07
 2234   -5.467701E-07
 2235   -5.462810E-07
 2236   -5.474361E-07
 2237   -5.469467E-07
 2238   -5.464581E-07
 2239   -5.459701E-07
 2240   -5.454827E-07
 2241   -5.348583E-07
 2242   -5.343813E-07
 2243   -5.339049E-07
 2244   -5.334292E-07
 2245   -5.329540E-07
 2246   -5.624818E-07
 2247   -5.619812E-07
 2248   -5.614814E-07
 2249   -5.609821E-07
 2250   -5.604836E-07
 2251   -5.435205E-07
 2252   -5.430379E-07
 2253   -5.425559E-07
 2254   -5.420746E-07
 2255   -5.415939E-07
 2256   -5.531114E-07
 2257   -5.526214E-07
 2258   -5.521321E-07
 2259   -5.516433E-07
 2260   -5.511553E-07
 2261   -5.495070E-07
 2262   -5.490213E-07
 2263   -5.485362E-07
 2264   -5.480517E-07
 2265   -5.475679E-07
 2266   -5.519663E-07
 2267   -5.514795E-07
 2268   -5.509933E-07
 2269   -5.505077E-07
 2270   -5.500228E-07
 2271   -5.593612E-07
 2272   -5.588689E-07
 2273   -5.583773E-07
 2274   -5.578863E-07
 2275   -5.573960E-07
 2276   -5.431551E-07
 2277   -5.426781E-07
 2278   -5.422018E-07
 2279   -5.417261E-07
 2280   -5.412510E-07
 2281   -5.609288E-07
 2282   -5.604373E-07
 2283   -5.599465E-07
 2284   -5.594563E-07
 2285   -5.589667E-07
 2286   -5.539745E-07
 2287   -5.534902E-07
 2288   -5.530065E-07
 2289   -5.525234E-07
 2290   -5.520409E-07
 2291   -5.525389E-07
 2292   -5.520569E-07
 2293   -5.515755E-07
 2294   -5.510947E-07
 2295   -5.506145E-07
 2296   -5.506316E-07
 2297   -5.501522E-07
 2298   -5.496735E-07
 2299   -5.491954E-07
 2300   -5.487180E-07
 2301   -5.428024E-07
 2302   -5.423309E-07
 2303   -5.418600E-07
 2304   -5.413898E-07
 2305   -5.409201E-07
 2306   -5.627740E-07
 2307   -5.622862E-07
 2308   -5.617991E-07
 2309   -5.613126E-07
 2310   -5.608267E-07
 2311   -5.467483E-07
 2312   -5.462755E-07
 2313   -5.458032E-07
 2314   -5.453316E-07
 2315   -5.448606E-07
 2316   -5.511423E-07
 2317   -5.506666E-07
 2318   -5.501916E-07
 2319   -5.497172E-07
 2320   -5.492434E-07
 2321   -5.454880E-07
 2322   -5.450183E-07
 2323   -5.445492E-07
 2324   -5.440806E-07
 2325   -5.436127E-07
 2326   -5.470927E-07
 2327   -5.466226E-07
 2328   -5.461531E-07
 2329   -5.456842E-07
 2330   -5.452159E-07
 2331   -5.521182E-07
 2332   -5.516448E-07
 2333   -5.511720E-07
 2334   -5.506998E-07
 2335   -5.502282E-07
 2336   -5.374937E-07
 2337   -5.370338E-07
 2338   -5.365745E-07
 2339   -5.361158E-07
 2340   -5.356577E-07
 2341   -5.427150E-07
 2342   -5.422516E-07
 2343   -5.417888E-07
 2344   -5.413266E-07
 2345   -5.408651E-07
 2346   -5.373678E-07
 2347   -5.369100E-07
 2348   -5.364528E-07
 2349   -5.359961E-07
 2350   -5.355400E-07
 2351   -5.362234E-07
 2352   -5.357675E-07
 2353   -5.353122E-07
 2354   -5.348575E-07
 2355   -5.344034E-07
 2356   -5.224113E-07
 2357   -5.219681E-07
 2358   -5.215255E-07
 2359   -5.210835E-07
 2360   -5.206420E-07
 2361   -5.183693E-07
 2362   -5.179305E-07
 2363   -5.174922E-07
 2364   -5.170545E-07
 2365   -5.166174E-07
 2366   -5.269136E-07
 2367   -5.264684E-07
 2368   -5.260239E-07
 2369   -5.255799E-07
 2370   -5.251364E-07
 2371   -5.212035E-07
 2372   -5.207641E-07
 2373   -5.203253E-07
 2374   -5.198870E-07
 2375   -5.194493E-07
 2376   -5.225930E-07
 2377   -5.221533E-07
 2378   -5.217143E-07
 2379   -5.212758E-07
 2380   -5.208378E-07
 2381   -5.213055E-07
 2382   -5.208679E-07
 2383   -5.204308E-07
 2384   -5.199943E-07
 2385   -5.195584E-07
 2386   -5.118902E-07
 2387   -5.114614E-07
 2388   -5.110331E-07
 2389   -5.106054E-07
 2390   -5.101782E-07
 2391   -5.209347E-07
 2392   -5.204992E-07
 2393   -5.200643E-07
 2394   -5.196299E-07
 2395   -5.191960E-07
 2396   -4.966026E-07
 2397   -4.961884E-07
 2398   -4.957746E-07
 2399   -4.953614E-07
 2400   -4.949487E-07
 2401   -4.971830E-07
 2402   -4.967691E-07
 2403   -4.963558E-07
 2404   -4.959429E-07
 2405   -4.955306E-07
 2406   -4.835804E-07
 2407   -4.831787E-07
 2408   -4.827775E-07
 2409   -4.823767E-07
 2410   -4.819765E-07
 2411   -4.819381E-07
 2412   -4.815385E-07
 2413   -4.811395E-07
 2414   -4.807410E-07
 2415   -4.803429E-07
 2416   -4.817213E-07
 2417   -4.813228E-07
 2418   -4.809247E-07
 2419   -4.805272E-07
 2420   -4.801301E-07
 2421   -4.716568E-07
 2422   -4.712674E-07
 2423   -4.708785E-07
 2424   -4.704900E-07
 2425   -4.701021E-07
 2426   -4.771063E-07
 2427   -4.767132E-07
 2428   -4.763206E-07
 2429   -4.759285E-07
 2430   -4.755368E-07
 2431   -4.650845E-07
 2432   -4.647021E-07
 2433   -4.643201E-07
 2434   -4.639387E-07
 2435   -4.635577E-07
 2436   -4.676944E-07
 2437   -4.673106E-07
 2438   -4.669274E-07
 2439   -4.665446E-07
 2440   -4.661622E-07
 2441   -4.633903E-07
 2442   -4.630108E-07
 2443   -4.626319E-07
 2444   -4.622533E-07
 2445   -4.618753E-07
 2446   -4.471580E-07
 2447   -4.467926E-07
 2448   -4.464277E-07
 2449   -4.460632E-07
 2450   -4.456991E-07
 2451   -4.457334E-07
 2452   -4.453699E-07
 2453   -4.450069E-07
 2454   -4.446443E-07
 2455   -4.442821E-07
 2456   -4.378070E-07
 2457   -4.374507E-07
 2458   -4.370949E-07
 2459   -4.367394E-07
 2460   -4.363844E-07
 2461   -4.336553E-07
 2462   -4.333031E-07
 2463   -4.329513E-07
 2464   -4.325999E-07
 2465   -4.322490E-07
 2466   -4.260373E-07
 2467   -4.256920E-07
 2468   -4.253471E-07
 2469   -4.250026E-07
 2470   -4.246585E-07
 2471   -4.170014E-07
 2472   -4.166641E-07
 2473   -4.163271E-07
 2474   -4.159907E-07
 2475   -4.156546E-07
 2476   -4.205716E-07
 2477   -4.202321E-07
 2478   -4.198930E-07
 2479   -4.195543E-07
 2480   -4.192160E-07
 2481   -4.102257E-07
 2482   -4.098952E-07
 2483   -4.095651E-07
 2484   -4.092354E-07
 2485   -4.089061E-07
 2486   -4.155025E-07
 2487   -4.151684E-07
 2488   -4.148347E-07
 2489   -4.145015E-07
 2490   -4.141686E-07
 2491   -4.059140E-07
 2492   -4.055883E-07
 2493   -4.052630E-07
 2494   -4.049381E-07
 2495   -4.046135E-07
 2496   -3.958955E-07
 2497   -3.955785E-07
 2498   -3.952618E-07
 2499   -3.949455E-07
 2500   -3.946296E-07
 2501   -3.845753E-07
 2502   -3.842679E-07
 2503   -3.839609E-07
 2504   -3.836543E-07
 2505   -3.833481E-07
 2506   -3.683158E-07
 2507   -3.680220E-07
 2508   -3.677286E-07
 2509   -3.674355E-07
 2510   -3.671428E-07
 2511   -3.748148E-07
 2512   -3.745164E-07
 2513   -3.742184E-07
 2514   -3.739208E-07
 2515   -3.736235E-07
 2516   -3.632956E-07
 2517   -3.630069E-07
 2518   -3.627187E-07
 2519   -3.624307E-07
 2520   -3.621432E-07
 2521   -3.625588E-07
 2522   -3.622714E-07
 2523   -3.619843E-07
 2524   -3.616975E-07
 2525   -3.614110E-07
 2526   -3.560561E-07
 2527   -3.557744E-07
 2528   -3.554930E-07
 2529   -3.552119E-07
 2530   -3.549312E-07
 2531   -3.528896E-07
 2532   -3.526109E-07
 2533   -3.523325E-07
 2534   -3.520545E-07
 2535   -3.517768E-07
 2536   -3.535313E-07
 2537   -3.532526E-07
 2538   -3.529743E-07
 2539   -3.526963E-07
 2540   -3.524187E-07
 2541   -3.437995E-07
 2542   -3.435290E-07
 2543   -3.432589E-07
 2544   -3.429891E-07
 2545   -3.427196E-07
 2546   -3.374640E-07
 2547   -3.371991E-07
 2548   -3.369344E-07
 2549   -3.366701E-07
 2550   -3.364061E-07
 2551   -3.175077E-07
 2552   -3.172589E-07
 2553   -3.170104E-07
 2554   -3.167622E-07
 2555   -3.165143E-07
 2556   -3.129377E-07
 2557   -3.126930E-07
 2558   -3.124485E-07
 2559   -3.122044E-07
 2560   -3.119605E-07
 2561   -3.064142E-07
 2562   -3.061751E-07
 2563   -3.059362E-07
 2564   -3.056976E-07
 2565   -3.054593E-07
 2566   -3.003703E-07
 2567   -3.001363E-07
 2568   -2.999026E-07
 2569   -2.996692E-07
 2570   -2.994360E-07
 2571   -3.029901E-07
 2572   -3.027545E-07
 2573   -3.025192E-07
 2574   -3.022842E-07
 2575   -3.020495E-07
 2576   -2.922665E-07
 2577   -2.920397E-07
 2578   -2.918132E-07
 2579   -2.915869E-07
 2580   -2.913609E-07
 2581   -2.947035E-07
 2582   -2.944752E-07
 2583   -2.942473E-07
 2584   -2.940196E-07
 2585   -2.937921E-07
 2586   -2.898373E-07
 2587   -2.896133E-07
 2588   -2.893895E-07
 2589   -2.891660E-07
 2590   -2.889427E-07
 2591   -2.833525E-07
 2592   -2.831339E-07
 2593   -2.829155E-07
 2594   -2.826974E-07
 2595   -2.824796E-07
 2596   -2.763594E-07
 2597   -2.761466E-07
 2598   -2.759341E-07
 2599   -2.757218E-07
 2600   -2.755097E-07
 2601   -2.599435E-07
 2602   -2.597437E-07
 2603   -2.595442E-07
 2604   -2.593449E-07
 2605   -2.591458E-07
 2606   -2.581304E-07
 2607   -2.579325E-07
 2608   -2.577347E-07
 2609   -2.575372E-07
 2610   -2.573399E-07
 2611   -2.478351E-07
 2612   -2.476454E-07
 2613   -2.474559E-07
 2614   -2.472666E-07
 2615   -2.470775E-07
 2616   -2.486032E-07
 2617   -2.484133E-07
 2618   -2.482235E-07
 2619   -2.480340E-07
 2620   -2.478447E-07
 2621   -2.398192E-07
 2622   -2.396363E-07
 2623   -2.394536E-07
 2624   -2.392712E-07
 2625   -2.390889E-07
 2626   -2.395466E-07
 2627   -2.393643E-07
 2628   -2.391821E-07
 2629   -2.390002E-07
 2630   -2.388185E-07
 2631   -2.413672E-07
 2632   -2.411838E-07
 2633   -2.410006E-07
 2634   -2.408177E-07
 2635   -2.406349E-07
 2636   -2.334865E-07
 2637   -2.333095E-07
 2638   -2.331326E-07
 2639   -2.329560E-07
 2640   -2.327796E-07
 2641   -2.289920E-07
 2642   -2.288187E-07
 2643   -2.286455E-07
 2644   -2.284726E-07
 2645   -2.282999E-07
 2646   -2.208466E-07
 2647   -2.206798E-07
 2648   -2.205131E-07
 2649   -2.203467E-07
 2650   -2.201804E-07
 2651   -2.102695E-07
 2652   -2.101110E-07
 2653   -2.099526E-07
 2654   -2.097944E-07
 2655   -2.096364E-07
 2656   -2.078524E-07
 2657   -2.076960E-07
 2658   -2.075397E-07
 2659   -2.073837E-07
 2660   -2.072278E-07
 2661   -1.957365E-07
 2662   -1.955895E-07
 2663   -1.954426E-07
 2664   -1.952959E-07
 2665   -1.951494E-07
 2666   -1.981717E-07
 2667   -1.980231E-07
 2668   -1.978747E-07
 2669   -1.977264E-07
 2670   -1.975783E-07
 2671   -1.929267E-07
 2672   -1.927823E-07
 2673   -1.926381E-07
 2674   -1.924940E-07
 2675   -1.923501E-07
 2676   -1.882099E-07
 2677   -1.880693E-07
 2678   -1.879288E-07
 2679   -1.877886E-07
 2680   -1.876485E-07
 2681   -1.904368E-07
 2682   -1.902949E-07
 2683   -1.901530E-07
 2684   -1.900114E-07
 2685   -1.898699E-07
 2686   -1.846255E-07
 2687   -1.844881E-07
 2688   -1.843509E-07
 2689   -1.842138E-07
 2690   -1.840768E-07
 2691   -1.836636E-07
 2692   -1.835272E-07
 2693   -1.833909E-07
 2694   -1.832548E-07
 2695   -1.831188E-07
 2696   -1.710713E-07
 2697   -1.709445E-07
 2698   -1.708178E-07
 2699   -1.706912E-07
 2700   -1.705648E-07
 2701   -1.658999E-07
 2702   -1.657771E-07
 2703   -1.656545E-07
 2704   -1.655320E-07
 2705   -1.654096E-07
 2706   -1.599972E-07
 2707   -1.598790E-07
 2708   -1.597610E-07
 2709   -1.596430E-07
 2710   -1.595252E-07
 2711   -1.547853E-07
 2712   -1.546712E-07
 2713   -1.545572E-07
 2714   -1.544433E-07
 2715   -1.543295E-07
 2716   -1.547755E-07
 2717   -1.546616E-07
 2718   -1.545479E-07
 2719   -1.544342E-07
 2720   -1.543207E-07
 2721   -1.467050E-07
 2722   -1.465972E-07
 2723   -1.464895E-07
 2724   -1.463820E-07
 2725   -1.462746E-07
 2726   -1.480087E-07
 2727   -1.479002E-07
 2728   -1.477918E-07
 2729   -1.476835E-07
 2730   -1.475753E-07
 2731   -1.460301E-07
 2732   -1.459232E-07
 2733   -1.458164E-07
 2734   -1.457098E-07
 2735   -1.456033E-07
 2736   -1.402476E-07
 2737   -1.401451E-07
 2738   -1.400428E-07
 2739   -1.399405E-07
 2740   -1.398384E-07
 2741   -1.399880E-07
 2742   -1.398859E-07
 2743   -1.397839E-07
 2744   -1.396821E-07
 2745   -1.395803E-07
 2746   -1.307858E-07
 2747   -1.306906E-07
 2748   -1.305955E-07
 2749   -1.305005E-07
 2750   -1.304056E-07
 2751   -1.266858E-07
 2752   -1.265938E-07
 2753   -1.265018E-07
 2754   -1.264100E-07
 2755   -1.263182E-07
 2756   -1.211915E-07
 2757   -1.211036E-07
 2758   -1.210158E-07
 2759   -1.209281E-07
 2760   -1.208405E-07
 2761   -1.169028E-07
 2762   -1.168182E-07
 2763   -1.167336E-07
 2764   -1.166492E-07
 2765   -1.165648E-07
 2766   -1.151906E-07
 2767   -1.151073E-07
 2768   -1.150242E-07
 2769   -1.149411E-07
 2770   -1.148581E-07
 2771   -1.102089E-07
 2772   -1.101294E-07
 2773   -1.100500E-07
 2774   -1.099707E-07
 2775   -1.098914E-07
 2776   -1.120721E-07
 2777   -1.119914E-07
 2778   -1.119108E-07
 2779   -1.118302E-07
 2780   -1.117498E-07
 2781   -1.075049E-07
 2782   -1.074276E-07
 2783   -1.073505E-07
 2784   -1.072733E-07
 2785   -1.071963E-07
 2786   -1.070205E-07
 2787   -1.069437E-07
 2788   -1.068670E-07
 2789   -1.067904E-07
 2790   -1.067138E-07
 2791   -1.041855E-07
 2792   -1.041109E-07
 2793   -1.040363E-07
 2794   -1.039619E-07
 2795   -1.038875E-07
 2796   -9.909015E-08
 2797   -9.901931E-08
 2798   -9.894854E-08
 2799   -9.887785E-08
 2800   -9.880724E-08
 2801   -9.492399E-08
 2802   -9.485624E-08
 2803   -9.478857E-08
 2804   -9.472098E-08
 2805   -9.465345E-08
 2806   -8.899204E-08
 2807   -8.892864E-08
 2808   -8.886531E-08
 2809   -8.880205E-08
 2810   -8.873886E-08
 2811   -8.696670E-08
 2812   -8.690486E-08
 2813   -8.684308E-08
 2814   -8.678137E-08
 2815   -8.671972E-08
 2816   -8.602395E-08
 2817   -8.596288E-08
 2818   -8.590188E-08
 2819   -8.584095E-08
 2820   -8.578008E-08
 2821   -8.398136E-08
 2822   -8.392185E-08
 2823   -8.386241E-08
 2824   -8.380303E-08
 2825   -8.374371E-08
 2826   -8.288086E-08
 2827   -8.282224E-08
 2828   -8.276367E-08
 2829   -8.270517E-08
 2830   -8.264674E-08
 2831   -8.104100E-08
 2832   -8.098378E-08
 2833   -8.092662E-08
 2834   -8.086952E-08
 2835   -8.081248E-08
 2836   -8.022510E-08
 2837   -8.016855E-08
 2838   -8.011207E-08
 2839   -8.005564E-08
 2840   -7.999927E-08
 2841   -7.712646E-08
 2842   -7.707219E-08
 2843   -7.701799E-08
 2844   -7.696383E-08
 2845   -7.690974E-08
 2846   -7.352550E-08
 2847   -7.347386E-08
 2848   -7.342227E-08
 2849   -7.337074E-08
 2850   -7.331926E-08
 2851   -6.938513E-08
 2852   -6.933648E-08
 2853   -6.928788E-08
 2854   -6.923934E-08
 2855   -6.919084E-08
 2856   -6.589040E-08
 2857   -6.584428E-08
 2858   -6.579821E-08
 2859   -6.575219E-08
 2860   -6.570622E-08
 2861   -6.400444E-08
 2862   -6.395972E-08
 2863   -6.391505E-08
 2864   -6.387042E-08
 2865   -6.382585E-08
 2866   -6.201217E-08
 2867   -6.196892E-08
 2868   -6.192571E-08
 2869   -6.188255E-08
 2870   -6.183943E-08
 2871   -6.070366E-08
 2872   -6.066139E-08
 2873   -6.061917E-08
 2874   -6.057699E-08
 2875   -6.053486E-08
 2876   -5.883969E-08
 2877   -5.879879E-08
 2878   -5.875794E-08
 2879   -5.871713E-08
 2880   -5.867636E-08
 2881   -5.823390E-08
 2882   -5.819350E-08
 2883   -5.815313E-08
 2884   -5.811281E-08
 2885   -5.807253E-08
 2886   -5.715790E-08
 2887   -5.711831E-08
 2888   -5.707876E-08
 2889   -5.703925E-08
 2890   -5.699979E-08
 2891   -5.567037E-08
 2892   -5.563188E-08
 2893   -5.559343E-08
 2894   -5.555501E-08
 2895   -5.551664E-08
 2896   -5.396291E-08
 2897   -5.392566E-08
 2898   -5.388845E-08
 2899   -5.385128E-08
 2900   -5.381415E-08
 2901   -5.056071E-08
 2902   -5.052587E-08
 2903   -5.049107E-08
 2904   -5.045630E-08
 2905   -5.042157E-08
 2906   -4.871087E-08
 2907   -4.867736E-08
 2908   -4.864389E-08
 2909   -4.861045E-08
 2910   -4.857705E-08
 2911   -4.604672E-08
 2912   -4.601510E-08
 2913   -4.598351E-08
 2914   -4.595196E-08
 2915   -4.592043E-08
 2916   -4.502628E-08
 2917   -4.499542E-08
 2918   -4.496458E-08
 2919   -4.493378E-08
 2920   -4.490301E-08
 2921   -4.515486E-08
 2922   -4.512396E-08
 2923   -4.509309E-08
 2924   -4.506225E-08
 2925   -4.503144E-08
 2926   -4.332622E-08
 2927   -4.329662E-08
 2928   -4.326706E-08
 2929   -4.323752E-08
 2930   -4.320801E-08
 2931   -4.351331E-08
 2932   -4.348364E-08
 2933   -4.345399E-08
 2934   -4.342437E-08
 2935   -4.339479E-08
 2936   -4.212978E-08
 2937   -4.210109E-08
 2938   -4.207244E-08
 2939   -4.204381E-08
 2940   -4.201522E-08
 2941   -4.050423E-08
 2942   -4.047669E-08
 2943   -4.044919E-08
 2944   -4.042172E-08
 2945   -4.039427E-08
 2946   -3.940475E-08
 2947   -3.937801E-08
 2948   -3.935130E-08
 2949   -3.932462E-08
 2950   -3.929796E-08
 2951   -3.602486E-08
 2952   -3.600045E-08
 2953   -3.597608E-08
 2954   -3.595172E-08
 2955   -3.592739E-08
 2956   -3.484823E-08
 2957   -3.482467E-08
 2958   -3.480113E-08
 2959   -3.477761E-08
 2960   -3.475411E-08
 2961   -3.329712E-08
 2962   -3.327465E-08
 2963   -3.325219E-08
 2964   -3.322976E-08
 2965   -3.320734E-08
 2966   -3.255985E-08
 2967   -3.253790E-08
 2968   -3.251598E-08
 2969   -3.249408E-08
 2970   -3.247220E-08
 2971   -3.222470E-08
 2972   -3.220302E-08
 2973   -3.218136E-08
 2974   -3.215972E-08
 2975   -3.213811E-08
 2976   -3.069049E-08
 2977   -3.066987E-08
 2978   -3.064928E-08
 2979   -3.062870E-08
 2980   -3.060815E-08
 2981   -3.112320E-08
 2982   -3.110233E-08
 2983   -3.108148E-08
 2984   -3.106065E-08
 2985   -3.103984E-08
 2986   -2.990905E-08
 2987   -2.988903E-08
 2988   -2.986903E-08
 2989   -2.984905E-08
 2990   -2.982908E-08
 2991   -2.931956E-08
 2992   -2.929997E-08
 2993   -2.928039E-08
 2994   -2.926083E-08
 2995   -2.924130E-08
 2996   -2.767915E-08
 2997   -2.766068E-08
 2998   -2.764223E-08
 2999   -2.762380E-08
 3000   -2.760539E-08
 3001   -2.577463E-08
 3002   -2.575746E-08
 3003   -2.574031E-08
 3004   -2.572317E-08
 3005   -2.570605E-08
 3006   -2.500475E-08
 3007   -2.498812E-08
 3008   -2.497151E-08
 3009   -2.495491E-08
 3010   -2.493833E-08
 3011   -2.353081E-08
 3012   -2.351519E-08
 3013   -2.349958E-08
 3014   -2.348399E-08
 3015   -2.346841E-08
 3016   -2.282845E-08
 3017   -2.281332E-08
 3018   -2.279820E-08
 3019   -2.278310E-08
 3020   -2.276802E-08
 3021   -2.234975E-08
 3022   -2.233497E-08
 3023   -2.232019E-08
 3024   -2.230543E-08
 3025   -2.229069E-08
 3026   -2.161940E-08
 3027   -2.160512E-08
 3028   -2.159085E-08
 3029   -2.157660E-08
 3030   -2.156236E-08
 3031   -2.206064E-08
 3032   -2.204609E-08
 3033   -2.203155E-08
 3034   -2.201703E-08
 3035   -2.200253E-08
 3036   -2.136190E-08
 3037   -2.134784E-08
 3038   -2.133379E-08
 3039   -2.131975E-08
 3040   -2.130572E-08
 3041   -2.105001E-08
 3042   -2.103617E-08
 3043   -2.102235E-08
 3044   -2.100854E-08
 3045   -2.099474E-08
 3046   -2.008277E-08
 3047   -2.006959E-08
 3048   -2.005642E-08
 3049   -2.004327E-08
 3050   -2.003013E-08
 3051   -1.936026E-08
 3052   -1.934758E-08
 3053   -1.933490E-08
 3054   -1.932224E-08
 3055   -1.930960E-08
 3056   -1.866940E-08
 3057   -1.865719E-08
 3058   -1.864499E-08
 3059   -1.863280E-08
 3060   -1.862062E-08
 3061   -1.766813E-08
 3062   -1.765659E-08
 3063   -1.764506E-08
 3064   -1.763355E-08
 3065   -1.762204E-08
 3066   -1.754749E-08
 3067   -1.753605E-08
 3068   -1.752462E-08
 3069   -1.751320E-08
 3070   -1.750179E-08
 3071   -1.705179E-08
 3072   -1.704069E-08
 3073   -1.702960E-08
 3074   -1.701852E-08
 3075   -1.700746E-08
 3076   -1.682152E-08
 3077   -1.681058E-08
 3078   -1.679966E-08
 3079   -1.678875E-08
 3080   -1.677785E-08
 3081   -1.579832E-08
 3082   -1.578807E-08
 3083   -1.577783E-08
 3084   -1.576760E-08
 3085   -1.575738E-08
 3086   -1.469034E-08
 3087   -1.468082E-08
 3088   -1.467131E-08
 3089   -1.466182E-08
 3090   -1.465233E-08
 3091   -1.307112E-08
 3092   -1.306266E-08
 3093   -1.305422E-08
 3094   -1.304578E-08
 3095   -1.303735E-08
 3096   -1.044259E-08
 3097   -1.043585E-08
 3098   -1.042911E-08
 3099   -1.042238E-08
 3100   -1.041566E-08
 3101   -7.830513E-09
 3102   -7.825465E-09
 3103   -7.820422E-09
 3104   -7.815384E-09
 3105   -7.810350E-09
 3106   -5.225585E-09
 3107   -5.222221E-09
 3108   -5.218861E-09
 3109   -5.215505E-09
 3110   -5.212151E-09
 3111   -3.617264E-09
 3112   -3.614940E-09
 3113   -3.612618E-09
 3114   -3.610298E-09
 3115   -3.607980E-09
 3116   -2.476735E-09
 3117   -2.475146E-09
 3118   -2.473559E-09
 3119   -2.471973E-09
 3120   -2.470388E-09
 3121   -1.819291E-09
 3122   -1.818126E-09
 3123   -1.816962E-09
 3124   -1.815799E-09
 3125   -1.814637E-09
 3126   -1.462109E-09
 3127   -1.461174E-09
 3128   -1.460240E-09
 3129   -1.459307E-09
 3130   -1.458375E-09
 3131   -1.211946E-09
 3132   -1.211172E-09
 3133   -1.210399E-09
 3134   -1.209626E-09
 3135   -1.208855E-09
 3136   -1.084412E-09
 3137   -1.083721E-09
 3138   -1.083030E-09
 3139   -1.082340E-09
 3140   -1.081651E-09
 3141   -9.382018E-10
 3142   -9.376047E-10
 3143   -9.370081E-10
 3144   -9.364122E-10
 3145   -9.358168E-10
 3146   -8.332133E-10
 3147   -8.326839E-10
 3148   -8.321549E-10
 3149   -8.316265E-10
 3150   -8.310986E-10
 3151   -7.630050E-10
 3152   -7.625210E-10
 3153   -7.620374E-10
 3154   -7.615542E-10
 3155   -7.610715E-10
 3156   -6.739043E-10
 3157   -6.734774E-10
 3158   -6.730509E-10
 3159   -6.726249E-10
 3160   -6.721993E-10
 3161   -6.215880E-10
 3162   -6.211949E-10
 3163   -6.208022E-10
 3164   -6.204098E-10
 3165   -6.200178E-10
 3166   -5.743226E-10
 3167   -5.739599E-10
 3168   -5.735976E-10
 3169   -5.732357E-10
 3170   -5.728741E-10
 3171   -5.445960E-10
 3172   -5.442527E-10
 3173   -5.439097E-10
 3174   -5.435670E-10
 3175   -5.432246E-10
 3176   -5.140153E-10
 3177   -5.136918E-10
 3178   -5.133686E-10
 3179   -5.130456E-10
 3180   -5.127230E-10
 3181   -4.664575E-10
 3182   -4.661644E-10
 3183   -4.658715E-10
 3184   -4.655790E-10
 3185   -4.652866E-10
 3186   -4.450722E-10
 3187   -4.447930E-10
 3188   -4.445140E-10
 3189   -4.442352E-10
 3190   -4.439568E-10
 3191   -4.039669E-10
 3192   -4.037139E-10
 3193   -4.034610E-10
 3194   -4.032084E-10
 3195   -4.029561E-10
 3196   -3.896849E-10
 3197   -3.894412E-10
 3198   -3.891976E-10
 3199   -3.889544E-10
 3200   -3.887113E-10
 3201   -3.638087E-10
 3202   -3.635815E-10
 3203   -3.633545E-10
 3204   -3.631277E-10
 3205   -3.629011E-10
 3206   -3.383316E-10
 3207   -3.381207E-10
 3208   -3.379099E-10
 3209   -3.376993E-10
 3210   -3.374890E-10
 3211   -3.265951E-10
 3212   -3.263918E-10
 3213   -3.261887E-10
 3214   -3.259857E-10
 3215   -3.257829E-10
 3216   -3.043143E-10
 3217   -3.041251E-10
 3218   -3.039361E-10
 3219   -3.037473E-10
 3220   -3.035587E-10
 3221   -2.931932E-10
 3222   -2.930112E-10
 3223   -2.928295E-10
 3224   -2.926478E-10
 3225   -2.924664E-10
 3226   -2.798012E-10
 3227   -2.796278E-10
 3228   -2.794545E-10
 3229   -2.792815E-10
 3230   -2.791086E-10
 3231   -2.593722E-10
 3232   -2.592117E-10
 3233   -2.590514E-10
 3234   -2.588912E-10
 3235   -2.587311E-10
 3236   -2.558277E-10
 3237   -2.556697E-10
 3238   -2.555118E-10
 3239   -2.553540E-10
 3240   -2.551964E-10
 3241   -2.356323E-10
 3242   -2.354869E-10
 3243   -2.353417E-10
 3244   -2.351967E-10
 3245   -2.350517E-10
 3246   -2.307912E-10
 3247   -2.306490E-10
 3248   -2.305070E-10
 3249   -2.303652E-10
 3250   -2.302234E-10
 3251   -2.183505E-10
 3252   -2.182163E-10
 3253   -2.180821E-10
 3254   -2.179481E-10
 3255   -2.178142E-10
 3256   -2.065804E-10
 3257   -2.064535E-10
 3258   -2.063268E-10
 3259   -2.062002E-10
 3260   -2.060737E-10
 3261   -2.024468E-10
 3262   -2.023227E-10
 3263   -2.021987E-10
 3264   -2.020748E-10
 3265   -2.019511E-10
 3266   -1.863607E-10
 3267   -1.862466E-10
 3268   -1.861326E-10
 3269   -1.860188E-10
 3270   -1.859050E-10
 3271   -1.836276E-10
 3272   -1.835153E-10
 3273   -1.834032E-10
 3274   -1.832912E-10
 3275   -1.831793E-10
 3276   -1.724791E-10
 3277   -1.723738E-10
 3278   -1.722687E-10
 3279   -1.721636E-10
 3280   -1.720587E-10
 3281   -1.658039E-10
 3282   -1.657029E-10
 3283   -1.656020E-10
 3284   -1.655011E-10
 3285   -1.654004E-10
 3286   -1.589712E-10
 3287   -1.588745E-10
 3288   -1.587779E-10
 3289   -1.586813E-10
 3290   -1.585849E-10
 3291   -1.473262E-10
 3292   -1.472367E-10
 3293   -1.471473E-10
 3294   -1.470579E-10
 3295   -1.469687E-10
 3296   -1.459461E-10
 3297   -1.458576E-10
 3298   -1.457691E-10
 3299   -1.456808E-10
 3300   -1.455925E-10
