   50    2.490077E-12
   51    1.768169E-12
   52    1.700823E-12
   53    1.637252E-12
   54    1.577179E-12
   55    1.520353E-12
   56    7.939625E-13
   57    7.663506E-13
   58    7.401544E-13
   59    7.152788E-13
   60    6.916365E-13
   61    4.243237E-13
   62    4.107471E-13
   63    3.978117E-13
   64    3.854780E-13
   65    3.737090E-13
   66    1.151116E-12
   67    1.117013E-12
   68    1.084403E-12
   69    1.053200E-12
   70    1.023325E-12
   71    7.456258E-13
   72    7.250588E-13
   73    7.053311E-13
   74    6.863978E-13
   75    6.682167E-13
   76    1.078700E-12
   77    1.050865E-12
   78    1.024094E-12
   79    9.983322E-13
   80    9.735309E-13
   81    1.545797E-12
   82    1.508326E-12
   83    1.472201E-12
   84    1.437359E-12
   85    1.403739E-12
   86    1.168817E-12
   87    1.142103E-12
   88    1.116295E-12
   89    1.091351E-12
   90    1.067234E-12
   91    1.198732E-12
   92    1.172815E-12
   93    1.147729E-12
   94    1.123440E-12
   95    1.099914E-12
   96    9.101256E-13
   97    8.914573E-13
   98    8.733576E-13
   99    8.558036E-13
  100    8.387735E-13
  101    3.622834E-13
  102    3.552148E-13
  103    3.483511E-13
  104    3.416844E-13
  105    3.352073E-13
  106    2.262339E-13
  107    2.220251E-13
  108    2.179326E-13
  109    2.139523E-13
  110    2.100800E-13
  111    5.372103E-13
  112    5.276602E-13
  113    5.183626E-13
  114    5.093086E-13
  115    5.004897E-13
  116    7.491761E-13
  117    7.364246E-13
  118    7.239959E-13
  119    7.118793E-13
  120    7.000643E-13
  121    1.299828E-12
  122    1.278607E-12
  123    1.257902E-12
  124    1.237695E-12
  125    1.217971E-12
  126    1.681992E-12
  127    1.655608E-12
  128    1.629841E-12
  129    1.604670E-12
  130    1.580078E-12
  131    1.514766E-12
  132    1.491902E-12
  133    1.469552E-12
  134    1.447701E-12
  135    1.426333E-12
  136    1.070854E-12
  137    1.055278E-12
  138    1.040040E-12
  139    1.025129E-12
  140    1.010537E-12
  141    5.885591E-13
  142    5.802988E-13
  143    5.722112E-13
  144    5.642915E-13
  145    5.565351E-13
  146    5.134472E-13
  147    5.064854E-13
  148    4.996642E-13
  149    4.929798E-13
  150    4.864288E-13
  151    8.067988E-13
  152    7.962181E-13
  153    7.858441E-13
  154    7.756716E-13
  155    7.656953E-13
  156    8.469529E-13
  157    8.361982E-13
  158    8.256470E-13
  159    8.152943E-13
  160    8.051350E-13
  161    1.996898E-12
  162    1.972321E-12
  163    1.948196E-12
  164    1.924510E-12
  165    1.901253E-12
  166    1.649414E-12
  167    1.629720E-12
  168    1.610376E-12
  169    1.591375E-12
  170    1.572708E-12
  171    1.911772E-12
  172    1.889607E-12
  173    1.867825E-12
  174    1.846417E-12
  175    1.825376E-12
  176    2.571238E-12
  177    2.542267E-12
  178    2.513782E-12
  179    2.485774E-12
  180    2.458231E-12
  181    1.471525E-12
  182    1.455399E-12
  183    1.439537E-12
  184    1.423932E-12
  185    1.408580E-12
  186    1.643456E-12
  187    1.625926E-12
  188    1.608675E-12
  189    1.591697E-12
  190    1.574986E-12
  191    1.372386E-12
  192    1.358127E-12
  193    1.344090E-12
  194    1.330269E-12
  195    1.316660E-12
  196    1.468722E-12
  197    1.453849E-12
  198    1.439201E-12
  199    1.424773E-12
  200    1.410561E-12
  201    1.404171E-12
  202    1.390303E-12
  203    1.376639E-12
  204    1.363176E-12
  205    1.349909E-12
  206    6.100869E-13
  207    6.042066E-13
  208    5.984109E-13
  209    5.926982E-13
  210    5.870670E-13
  211    6.638314E-14
  212    6.575837E-14
  213    6.514237E-14
  214    6.453499E-14
  215    6.393607E-14
  216    0.000000E+00
  217    0.000000E+00
  218    0.000000E+00
  219    0.000000E+00
  220    0.000000E+00
  221    0.000000E+00
  222    0.000000E+00
  223    0.000000E+00
  224    0.000000E+00
  225    0.000000E+00
  226    3.126257E-14
  227    3.098774E-14
  228    3.071651E-14
  229    3.044883E-14
  230    3.018464E-14
  231    0.000000E+00
  232    0.000000E+00
  233    0.000000E+00
  234    0.000000E+00
  235    0.000000E+00
  236    0.000000E+00
  237    0.000000E+00
  238    0.000000E+00
  239    0.000000E+00
  240    0.000000E+00
  241    0.000000E+00
  242    0.000000E+00
  243    0.000000E+00
  244    0.000000E+00
  245    0.000000E+00
  246    1.182794E-12
  247    1.173236E-12
  248    1.163794E-12
  249    1.154465E-12
  250    1.145248E-12
  251    1.344618E-11
  252    1.333968E-11
  253    1.323444E-11
  254    1.313044E-11
  255    1.302765E-11
  256    2.075944E-11
  257    2.059820E-11
  258    2.043884E-11
  259    2.028131E-11
  260    2.012560E-11
  261    4.098753E-11
  262    4.067525E-11
  263    4.036652E-11
  264    4.006129E-11
  265    3.975952E-11
  266    3.542192E-11
  267    3.515709E-11
  268    3.489521E-11
  269    3.463625E-11
  270    3.438016E-11
  271    7.325750E-11
  272    7.271983E-11
  273    7.218806E-11
  274    7.166210E-11
  275    7.114188E-11
  276    1.550520E-10
  277    1.539345E-10
  278    1.528291E-10
  279    1.517355E-10
  280    1.506536E-10
  281    6.888932E-10
  282    6.840162E-10
  283    6.791907E-10
  284    6.744161E-10
  285    6.696916E-10
  286    1.251840E-09
  287    1.243131E-09
  288    1.234513E-09
  289    1.225985E-09
  290    1.217544E-09
  291    2.078421E-09
  292    2.064210E-09
  293    2.050144E-09
  294    2.036221E-09
  295    2.022439E-09
  296    3.044604E-09
  297    3.024136E-09
  298    3.003874E-09
  299    2.983815E-09
  300    2.963956E-09
  301    3.665491E-09
  302    3.641256E-09
  303    3.617261E-09
  304    3.593503E-09
  305    3.569977E-09
  306    5.753465E-09
  307    5.716044E-09
  308    5.678987E-09
  309    5.642290E-09
  310    5.605947E-09
  311    5.757646E-09
  312    5.720797E-09
  313    5.684301E-09
  314    5.648153E-09
  315    5.612349E-09
  316    7.714496E-09
  317    7.665901E-09
  318    7.617764E-09
  319    7.570079E-09
  320    7.522840E-09
  321    9.525095E-09
  322    9.466025E-09
  323    9.407502E-09
  324    9.349521E-09
  325    9.292074E-09
  326    9.314606E-09
  327    9.257724E-09
  328    9.201360E-09
  329    9.145510E-09
  330    9.090167E-09
  331    1.261680E-08
  332    1.254091E-08
  333    1.246570E-08
  334    1.239117E-08
  335    1.231730E-08
  336    1.197377E-08
  337    1.190281E-08
  338    1.183249E-08
  339    1.176278E-08
  340    1.169369E-08
  341    1.633213E-08
  342    1.623676E-08
  343    1.614223E-08
  344    1.604851E-08
  345    1.595561E-08
  346    1.742757E-08
  347    1.732727E-08
  348    1.722783E-08
  349    1.712924E-08
  350    1.703150E-08
  351    1.763335E-08
  352    1.753331E-08
  353    1.743411E-08
  354    1.733575E-08
  355    1.723822E-08
  356    2.274709E-08
  357    2.261983E-08
  358    2.249364E-08
  359    2.236850E-08
  360    2.224440E-08
  361    2.193846E-08
  362    2.181742E-08
  363    2.169738E-08
  364    2.157833E-08
  365    2.146025E-08
  366    2.671735E-08
  367    2.657195E-08
  368    2.642773E-08
  369    2.628469E-08
  370    2.614280E-08
  371    2.712245E-08
  372    2.697683E-08
  373    2.683238E-08
  374    2.668908E-08
  375    2.654693E-08
  376    3.104302E-08
  377    3.087855E-08
  378    3.071539E-08
  379    3.055351E-08
  380    3.039292E-08
  381    3.580188E-08
  382    3.561468E-08
  383    3.542895E-08
  384    3.524466E-08
  385    3.506181E-08
  386    3.450042E-08
  387    3.432236E-08
  388    3.414567E-08
  389    3.397034E-08
  390    3.379635E-08
  391    4.231388E-08
  392    4.209827E-08
  393    4.188430E-08
  394    4.167196E-08
  395    4.146123E-08
  396    4.185327E-08
  397    4.164269E-08
  398    4.143369E-08
  399    4.122626E-08
  400    4.102039E-08
  401    4.977811E-08
  402    4.953076E-08
  403    4.928526E-08
  404    4.904157E-08
  405    4.879969E-08
  406    5.336740E-08
  407    5.310547E-08
  408    5.284547E-08
  409    5.258738E-08
  410    5.233117E-08
  411    5.584543E-08
  412    5.557466E-08
  413    5.530586E-08
  414    5.503900E-08
  415    5.477408E-08
  416    6.205320E-08
  417    6.175594E-08
  418    6.146081E-08
  419    6.116779E-08
  420    6.087686E-08
  421    6.756616E-08
  422    6.724632E-08
  423    6.692875E-08
  424    6.661342E-08
  425    6.630031E-08
  426    7.579410E-08
  427    7.543950E-08
  428    7.508740E-08
  429    7.473775E-08
  430    7.439053E-08
  431    8.301071E-08
  432    8.262685E-08
  433    8.224564E-08
  434    8.186707E-08
  435    8.149110E-08
  436    9.143632E-08
  437    9.101832E-08
  438    9.060319E-08
  439    9.019089E-08
  440    8.978140E-08
  441    9.326152E-08
  442    9.284000E-08
  443    9.242133E-08
  444    9.200548E-08
  445    9.159244E-08
  446    1.032823E-07
  447    1.028207E-07
  448    1.023622E-07
  449    1.019068E-07
  450    1.014543E-07
  451    1.104669E-07
  452    1.099786E-07
  453    1.094936E-07
  454    1.090118E-07
  455    1.085331E-07
  456    1.220080E-07
  457    1.214746E-07
  458    1.209447E-07
  459    1.204183E-07
  460    1.198953E-07
  461    1.288683E-07
  462    1.283111E-07
  463    1.277574E-07
  464    1.272073E-07
  465    1.266608E-07
  466    1.251255E-07
  467    1.245902E-07
  468    1.240583E-07
  469    1.235299E-07
  470    1.230048E-07
  471    1.529021E-07
  472    1.522549E-07
  473    1.516118E-07
  474    1.509728E-07
  475    1.503378E-07
  476    1.540750E-07
  477    1.534296E-07
  478    1.527884E-07
  479    1.521511E-07
  480    1.515178E-07
  481    1.787973E-07
  482    1.780562E-07
  483    1.773197E-07
  484    1.765877E-07
  485    1.758602E-07
  486    1.793128E-07
  487    1.785772E-07
  488    1.778460E-07
  489    1.771194E-07
  490    1.763972E-07
  491    1.821408E-07
  492    1.814011E-07
  493    1.806660E-07
  494    1.799353E-07
  495    1.792090E-07
  496    2.176148E-07
  497    2.167400E-07
  498    2.158704E-07
  499    2.150060E-07
  500    2.141469E-07
  501    2.112211E-07
  502    2.103804E-07
  503    2.095448E-07
  504    2.087141E-07
  505    2.078883E-07
  506    2.503585E-07
  507    2.493719E-07
  508    2.483911E-07
  509    2.474160E-07
  510    2.464467E-07
  511    2.580762E-07
  512    2.570691E-07
  513    2.560678E-07
  514    2.550724E-07
  515    2.540828E-07
  516    2.739969E-07
  517    2.729379E-07
  518    2.718851E-07
  519    2.708384E-07
  520    2.697977E-07
  521    3.138302E-07
  522    3.126289E-07
  523    3.114345E-07
  524    3.102470E-07
  525    3.090662E-07
  526    2.862160E-07
  527    2.851308E-07
  528    2.840518E-07
  529    2.829789E-07
  530    2.819121E-07
  531    3.550007E-07
  532    3.536674E-07
  533    3.523416E-07
  534    3.510232E-07
  535    3.497122E-07
  536    3.483608E-07
  537    3.470646E-07
  538    3.457756E-07
  539    3.444938E-07
  540    3.432191E-07
  541    3.961064E-07
  542    3.946461E-07
  543    3.931939E-07
  544    3.917496E-07
  545    3.903134E-07
  546    4.073642E-07
  547    4.058761E-07
  548    4.043962E-07
  549    4.029243E-07
  550    4.014604E-07
  551    3.973914E-07
  552    3.959529E-07
  553    3.945221E-07
  554    3.930992E-07
  555    3.916839E-07
  556    4.752692E-07
  557    4.735642E-07
  558    4.718683E-07
  559    4.701816E-07
  560    4.685039E-07
  561    4.525874E-07
  562    4.509782E-07
  563    4.493776E-07
  564    4.477855E-07
  565    4.462018E-07
  566    5.215850E-07
  567    5.197468E-07
  568    5.179184E-07
  569    5.160995E-07
  570    5.142902E-07
  571    5.133241E-07
  572    5.115308E-07
  573    5.097469E-07
  574    5.079723E-07
  575    5.062070E-07
  576    5.738356E-07
  577    5.718483E-07
  578    5.698713E-07
  579    5.679045E-07
  580    5.659479E-07
  581    6.015185E-07
  582    5.994532E-07
  583    5.973985E-07
  584    5.953543E-07
  585    5.933207E-07
  586    6.086566E-07
  587    6.065846E-07
  588    6.045231E-07
  589    6.024722E-07
  590    6.004316E-07
  591    6.901719E-07
  592    6.878423E-07
  593    6.855243E-07
  594    6.832181E-07
  595    6.809235E-07
  596    6.961887E-07
  597    6.938584E-07
  598    6.915397E-07
  599    6.892326E-07
  600    6.869371E-07
  601    7.653307E-07
  602    7.627901E-07
  603    7.602623E-07
  604    7.577469E-07
  605    7.552440E-07
  606    7.721435E-07
  607    7.696015E-07
  608    7.670720E-07
  609    7.645549E-07
  610    7.620502E-07
  611    7.791098E-07
  612    7.765658E-07
  613    7.740342E-07
  614    7.715150E-07
  615    7.690080E-07
  616    9.202177E-07
  617    9.172373E-07
  618    9.142713E-07
  619    9.113196E-07
  620    9.083823E-07
  621    8.928457E-07
  622    8.899771E-07
  623    8.871224E-07
  624    8.842813E-07
  625    8.814539E-07
  626    1.001009E-06
  627    9.978184E-07
  628    9.946432E-07
  629    9.914831E-07
  630    9.883380E-07
  631    9.846639E-07
  632    9.815503E-07
  633    9.784515E-07
  634    9.753673E-07
  635    9.722977E-07
  636    1.049324E-06
  637    1.046032E-06
  638    1.042755E-06
  639    1.039494E-06
  640    1.036248E-06
  641    1.161069E-06
  642    1.157455E-06
  643    1.153858E-06
  644    1.150277E-06
  645    1.146713E-06
  646    1.105825E-06
  647    1.102409E-06
  648    1.099009E-06
  649    1.095625E-06
  650    1.092257E-06
  651    1.253719E-06
  652    1.249876E-06
  653    1.246051E-06
  654    1.242244E-06
  655    1.238453E-06
  656    1.236095E-06
  657    1.232335E-06
  658    1.228593E-06
  659    1.224867E-06
  660    1.221158E-06
  661    1.302606E-06
  662    1.298674E-06
  663    1.294759E-06
  664    1.290862E-06
  665    1.286983E-06
  666    1.357808E-06
  667    1.353739E-06
  668    1.349689E-06
  669    1.345657E-06
  670    1.341643E-06
  671    1.316115E-06
  672    1.312201E-06
  673    1.308305E-06
  674    1.304425E-06
  675    1.300563E-06
  676    1.520323E-06
  677    1.515835E-06
  678    1.511366E-06
  679    1.506918E-06
  680    1.502489E-06
  681    1.453458E-06
  682    1.449198E-06
  683    1.444958E-06
  684    1.440736E-06
  685    1.436532E-06
  686    1.637439E-06
  687    1.632676E-06
  688    1.627933E-06
  689    1.623211E-06
  690    1.618509E-06
  691    1.636943E-06
  692    1.632216E-06
  693    1.627508E-06
  694    1.622822E-06
  695    1.618155E-06
  696    1.672412E-06
  697    1.667616E-06
  698    1.662841E-06
  699    1.658087E-06
  700    1.653353E-06
  701    1.842167E-06
  702    1.836923E-06
  703    1.831701E-06
  704    1.826501E-06
  705    1.821323E-06
  706    1.737836E-06
  707    1.732923E-06
  708    1.728031E-06
  709    1.723160E-06
  710    1.718310E-06
  711    1.973254E-06
  712    1.967715E-06
  713    1.962200E-06
  714    1.956707E-06
  715    1.951238E-06
  716    1.976906E-06
  717    1.971395E-06
  718    1.965908E-06
  719    1.960443E-06
  720    1.955001E-06
  721    2.148526E-06
  722    2.142578E-06
  723    2.136655E-06
  724    2.130757E-06
  725    2.124883E-06
  726    2.199186E-06
  727    2.193140E-06
  728    2.187119E-06
  729    2.181123E-06
  730    2.175151E-06
  731    2.161464E-06
  732    2.155562E-06
  733    2.149685E-06
  734    2.143831E-06
  735    2.138002E-06
  736    2.341644E-06
  737    2.335293E-06
  738    2.328969E-06
  739    2.322670E-06
  740    2.316397E-06
  741    2.349257E-06
  742    2.342929E-06
  743    2.336627E-06
  744    2.330350E-06
  745    2.324098E-06
  746    2.494711E-06
  747    2.488036E-06
  748    2.481388E-06
  749    2.474767E-06
  750    2.468172E-06
  751    2.555265E-06
  752    2.548474E-06
  753    2.541709E-06
  754    2.534972E-06
  755    2.528261E-06
  756    2.429069E-06
  757    2.422656E-06
  758    2.416268E-06
  759    2.409905E-06
  760    2.403568E-06
  761    2.820558E-06
  762    2.813160E-06
  763    2.805791E-06
  764    2.798451E-06
  765    2.791139E-06
  766    2.663655E-06
  767    2.656713E-06
  768    2.649799E-06
  769    2.642912E-06
  770    2.636052E-06
  771    2.789463E-06
  772    2.782241E-06
  773    2.775048E-06
  774    2.767882E-06
  775    2.760743E-06
  776    2.853901E-06
  777    2.846560E-06
  778    2.839247E-06
  779    2.831962E-06
  780    2.824706E-06
  781    3.004206E-06
  782    2.996527E-06
  783    2.988878E-06
  784    2.981258E-06
  785    2.973668E-06
  786    3.108089E-06
  787    3.100196E-06
  788    3.092332E-06
  789    3.084498E-06
  790    3.076694E-06
  791    3.131034E-06
  792    3.123132E-06
  793    3.115261E-06
  794    3.107419E-06
  795    3.099606E-06
  796    3.318048E-06
  797    3.309726E-06
  798    3.301437E-06
  799    3.293178E-06
  800    3.284950E-06
  801    3.301824E-06
  802    3.293595E-06
  803    3.285397E-06
  804    3.277229E-06
  805    3.269092E-06
  806    3.476400E-06
  807    3.467790E-06
  808    3.459212E-06
  809    3.450665E-06
  810    3.442150E-06
  811    3.520515E-06
  812    3.511849E-06
  813    3.503215E-06
  814    3.494613E-06
  815    3.486042E-06
  816    3.589650E-06
  817    3.580868E-06
  818    3.572118E-06
  819    3.563400E-06
  820    3.554715E-06
  821    3.787244E-06
  822    3.778035E-06
  823    3.768859E-06
  824    3.759717E-06
  825    3.750608E-06
  826    3.886074E-06
  827    3.876682E-06
  828    3.867324E-06
  829    3.857999E-06
  830    3.848708E-06
  831    4.073866E-06
  832    4.064079E-06
  833    4.054327E-06
  834    4.044610E-06
  835    4.034928E-06
  836    3.999564E-06
  837    3.990013E-06
  838    3.980496E-06
  839    3.971013E-06
  840    3.961564E-06
  841    4.037988E-06
  842    4.028402E-06
  843    4.018850E-06
  844    4.009333E-06
  845    3.999849E-06
  846    4.348708E-06
  847    4.338446E-06
  848    4.328220E-06
  849    4.318030E-06
  850    4.307876E-06
  851    4.149497E-06
  852    4.139762E-06
  853    4.130061E-06
  854    4.120395E-06
  855    4.110762E-06
  856    4.405638E-06
  857    4.395362E-06
  858    4.385123E-06
  859    4.374919E-06
  860    4.364751E-06
  861    4.258503E-06
  862    4.248628E-06
  863    4.238788E-06
  864    4.228981E-06
  865    4.219209E-06
  866    4.643563E-06
  867    4.632857E-06
  868    4.622189E-06
  869    4.611557E-06
  870    4.600962E-06
  871    4.713263E-06
  872    4.702459E-06
  873    4.691692E-06
  874    4.680962E-06
  875    4.670269E-06
  876    4.654900E-06
  877    4.644291E-06
  878    4.633717E-06
  879    4.623180E-06
  880    4.612679E-06
  881    4.907866E-06
  882    4.896743E-06
  883    4.885659E-06
  884    4.874611E-06
  885    4.863601E-06
  886    4.837701E-06
  887    4.826800E-06
  888    4.815935E-06
  889    4.805106E-06
  890    4.794314E-06
  891    5.040526E-06
  892    5.029231E-06
  893    5.017973E-06
  894    5.006754E-06
  895    4.995572E-06
  896    5.015756E-06
  897    5.004579E-06
  898    4.993439E-06
  899    4.982336E-06
  900    4.971271E-06
  901    4.959399E-06
  902    4.948409E-06
  903    4.937455E-06
  904    4.926538E-06
  905    4.915656E-06
  906    5.299533E-06
  907    5.287854E-06
  908    5.276213E-06
  909    5.264611E-06
  910    5.253046E-06
  911    5.092283E-06
  912    5.081122E-06
  913    5.069997E-06
  914    5.058909E-06
  915    5.047857E-06
  916    5.554774E-06
  917    5.542665E-06
  918    5.530596E-06
  919    5.518567E-06
  920    5.506576E-06
  921    5.332386E-06
  922    5.320825E-06
  923    5.309302E-06
  924    5.297816E-06
  925    5.286368E-06
  926    5.532859E-06
  927    5.520929E-06
  928    5.509037E-06
  929    5.497183E-06
  930    5.485367E-06
  931    5.951708E-06
  932    5.938943E-06
  933    5.926219E-06
  934    5.913536E-06
  935    5.900893E-06
  936    5.537249E-06
  937    5.525436E-06
  938    5.513661E-06
  939    5.501924E-06
  940    5.490224E-06
  941    5.989047E-06
  942    5.976338E-06
  943    5.963669E-06
  944    5.951041E-06
  945    5.938453E-06
  946    5.839986E-06
  947    5.827659E-06
  948    5.815371E-06
  949    5.803121E-06
  950    5.790911E-06
  951    6.032964E-06
  952    6.020296E-06
  953    6.007669E-06
  954    5.995081E-06
  955    5.982532E-06
  956    6.024496E-06
  957    6.011912E-06
  958    5.999368E-06
  959    5.986863E-06
  960    5.974397E-06
  961    5.878567E-06
  962    5.866352E-06
  963    5.854174E-06
  964    5.842035E-06
  965    5.829934E-06
  966    6.484376E-06
  967    6.470972E-06
  968    6.457609E-06
  969    6.444287E-06
  970    6.431007E-06
  971    6.093010E-06
  972    6.080479E-06
  973    6.067987E-06
  974    6.055534E-06
  975    6.043118E-06
  976    6.694898E-06
  977    6.681200E-06
  978    6.667544E-06
  979    6.653930E-06
  980    6.640357E-06
  981    6.630333E-06
  982    6.616836E-06
  983    6.603380E-06
  984    6.589966E-06
  985    6.576592E-06
  986    6.528138E-06
  987    6.514916E-06
  988    6.501735E-06
  989    6.488593E-06
  990    6.475491E-06
  991    6.891136E-06
  992    6.877250E-06
  993    6.863405E-06
  994    6.849602E-06
  995    6.835841E-06
  996    6.713748E-06
  997    6.700287E-06
  998    6.686867E-06
  999    6.673486E-06
 1000    6.660146E-06
 1001    6.922306E-06
 1002    6.908495E-06
 1003    6.894727E-06
 1004    6.880999E-06
 1005    6.867312E-06
 1006    6.828546E-06
 1007    6.814990E-06
 1008    6.801475E-06
 1009    6.788000E-06
 1010    6.774565E-06
 1011    6.939422E-06
 1012    6.925714E-06
 1013    6.912047E-06
 1014    6.898421E-06
 1015    6.884835E-06
 1016    7.602305E-06
 1017    7.587362E-06
 1018    7.572463E-06
 1019    7.557608E-06
 1020    7.542796E-06
 1021    7.239123E-06
 1022    7.224963E-06
 1023    7.210845E-06
 1024    7.196768E-06
 1025    7.182733E-06
 1026    7.533532E-06
 1027    7.518868E-06
 1028    7.504247E-06
 1029    7.489668E-06
 1030    7.475132E-06
 1031    7.603104E-06
 1032    7.588376E-06
 1033    7.573692E-06
 1034    7.559049E-06
 1035    7.544450E-06
 1036    7.695001E-06
 1037    7.680167E-06
 1038    7.665376E-06
 1039    7.650628E-06
 1040    7.635922E-06
 1041    7.979924E-06
 1042    7.964615E-06
 1043    7.949350E-06
 1044    7.934128E-06
 1045    7.918951E-06
 1046    7.757671E-06
 1047    7.742859E-06
 1048    7.728090E-06
 1049    7.713362E-06
 1050    7.698677E-06
 1051    7.946734E-06
 1052    7.931634E-06
 1053    7.916576E-06
 1054    7.901561E-06
 1055    7.886589E-06
 1056    7.941530E-06
 1057    7.926510E-06
 1058    7.911533E-06
 1059    7.896599E-06
 1060    7.881707E-06
 1061    8.248492E-06
 1062    8.232965E-06
 1063    8.217482E-06
 1064    8.202043E-06
 1065    8.186648E-06
 1066    8.642164E-06
 1067    8.625973E-06
 1068    8.609827E-06
 1069    8.593726E-06
 1070    8.577671E-06
 1071    8.891874E-06
 1072    8.875293E-06
 1073    8.858758E-06
 1074    8.842269E-06
 1075    8.825825E-06
 1076    8.743298E-06
 1077    8.727069E-06
 1078    8.710885E-06
 1079    8.694747E-06
 1080    8.678653E-06
 1081    9.437581E-06
 1082    9.420144E-06
 1083    9.402756E-06
 1084    9.385415E-06
 1085    9.368123E-06
 1086    9.466544E-06
 1087    9.449134E-06
 1088    9.431773E-06
 1089    9.414459E-06
 1090    9.397192E-06
 1091    9.401370E-06
 1092    9.384159E-06
 1093    9.366995E-06
 1094    9.349879E-06
 1095    9.332809E-06
 1096    9.454449E-06
 1097    9.437220E-06
 1098    9.420038E-06
 1099    9.402903E-06
 1100    9.385815E-06
 1101    9.299310E-06
 1102    9.282440E-06
 1103    9.265617E-06
 1104    9.248839E-06
 1105    9.232106E-06
 1106    8.679992E-06
 1107    8.664318E-06
 1108    8.648685E-06
 1109    8.633095E-06
 1110    8.617547E-06
 1111    8.879468E-06
 1112    8.863505E-06
 1113    8.847585E-06
 1114    8.831708E-06
 1115    8.815873E-06
 1116    9.243146E-06
 1117    9.226604E-06
 1118    9.210106E-06
 1119    9.193652E-06
 1120    9.177242E-06
 1121    1.073232E-05
 1122    1.071320E-05
 1123    1.069413E-05
 1124    1.067511E-05
 1125    1.065614E-05
 1126    1.139113E-05
 1127    1.137093E-05
 1128    1.135077E-05
 1129    1.133067E-05
 1130    1.131063E-05
 1131    1.304751E-05
 1132    1.302447E-05
 1133    1.300149E-05
 1134    1.297857E-05
 1135    1.295571E-05
 1136    1.407101E-05
 1137    1.404627E-05
 1138    1.402159E-05
 1139    1.399698E-05
 1140    1.397244E-05
 1141    1.495275E-05
 1142    1.492657E-05
 1143    1.490046E-05
 1144    1.487443E-05
 1145    1.484846E-05
 1146    1.617656E-05
 1147    1.614836E-05
 1148    1.612024E-05
 1149    1.609219E-05
 1150    1.606422E-05
 1151    1.612113E-05
 1152    1.609316E-05
 1153    1.606525E-05
 1154    1.603742E-05
 1155    1.600967E-05
 1156    1.776749E-05
 1157    1.773679E-05
 1158    1.770617E-05
 1159    1.767563E-05
 1160    1.764517E-05
 1161    1.882030E-05
 1162    1.878792E-05
 1163    1.875563E-05
 1164    1.872342E-05
 1165    1.869129E-05
 1166    2.019579E-05
 1167    2.016119E-05
 1168    2.012668E-05
 1169    2.009226E-05
 1170    2.005793E-05
 1171    2.152033E-05
 1172    2.148363E-05
 1173    2.144701E-05
 1174    2.141049E-05
 1175    2.137406E-05
 1176    1.937949E-05
 1177    1.934658E-05
 1178    1.931375E-05
 1179    1.928100E-05
 1180    1.924833E-05
 1181    1.871525E-05
 1182    1.868360E-05
 1183    1.865203E-05
 1184    1.862053E-05
 1185    1.858912E-05
 1186    1.607336E-05
 1187    1.604629E-05
 1188    1.601928E-05
 1189    1.599235E-05
 1190    1.596548E-05
 1191    1.169813E-05
 1192    1.167851E-05
 1193    1.165894E-05
 1194    1.163942E-05
 1195    1.161995E-05
 1196    6.104079E-06
 1197    6.093884E-06
 1198    6.083715E-06
 1199    6.073571E-06
 1200    6.063453E-06
 1201   -1.147991E-06
 1202   -1.146082E-06
 1203   -1.144177E-06
 1204   -1.142278E-06
 1205   -1.140382E-06
 1206   -8.126071E-06
 1207   -8.112612E-06
 1208   -8.099186E-06
 1209   -8.085793E-06
 1210   -8.072434E-06
 1211   -1.268043E-05
 1212   -1.265951E-05
 1213   -1.263865E-05
 1214   -1.261783E-05
 1215   -1.259707E-05
 1216   -1.436774E-05
 1217   -1.434414E-05
 1218   -1.432060E-05
 1219   -1.429711E-05
 1220   -1.427368E-05
 1221   -1.156420E-05
 1222   -1.154528E-05
 1223   -1.152641E-05
 1224   -1.150758E-05
 1225   -1.148880E-05
 1226   -2.982427E-07
 1227   -2.977568E-07
 1228   -2.972720E-07
 1229   -2.967885E-07
 1230   -2.963061E-07
 1231    2.153624E-05
 1232    2.150129E-05
 1233    2.146643E-05
 1234    2.143165E-05
 1235    2.139696E-05
 1236    5.266965E-05
 1237    5.258453E-05
 1238    5.249961E-05
 1239    5.241490E-05
 1240    5.233040E-05
 1241    9.610663E-05
 1242    9.595193E-05
 1243    9.579761E-05
 1244    9.564365E-05
 1245    9.549007E-05
 1246    1.563825E-04
 1247    1.561318E-04
 1248    1.558817E-04
 1249    1.556322E-04
 1250    1.553833E-04
 1251    2.118160E-04
 1252    2.114778E-04
 1253    2.111404E-04
 1254    2.108038E-04
 1255    2.104680E-04
 1256    2.851266E-04
 1257    2.846731E-04
 1258    2.842207E-04
 1259    2.837694E-04
 1260    2.833192E-04
 1261    3.087966E-04
 1262    3.083075E-04
 1263    3.078194E-04
 1264    3.073326E-04
 1265    3.068469E-04
 1266    3.482799E-04
 1267    3.477303E-04
 1268    3.471821E-04
 1269    3.466351E-04
 1270    3.460895E-04
 1271    3.532372E-04
 1272    3.526820E-04
 1273    3.521281E-04
 1274    3.515755E-04
 1275    3.510243E-04
 1276    2.873541E-04
 1277    2.869042E-04
 1278    2.864554E-04
 1279    2.860076E-04
 1280    2.855609E-04
 1281    1.613184E-04
 1282    1.610668E-04
 1283    1.608159E-04
 1284    1.605655E-04
 1285    1.603157E-04
 1286   -8.459339E-05
 1287   -8.446199E-05
 1288   -8.433088E-05
 1289   -8.420009E-05
 1290   -8.406960E-05
 1291   -4.890085E-04
 1292   -4.882518E-04
 1293   -4.874969E-04
 1294   -4.867437E-04
 1295   -4.859923E-04
 1296   -9.992632E-04
 1297   -9.977229E-04
 1298   -9.961862E-04
 1299   -9.946530E-04
 1300   -9.931234E-04
 1301   -1.588463E-03
 1302   -1.586024E-03
 1303   -1.583590E-03
 1304   -1.581162E-03
 1305   -1.578740E-03
 1306   -2.053260E-03
 1307   -2.050119E-03
 1308   -2.046986E-03
 1309   -2.043859E-03
 1310   -2.040740E-03
 1311   -2.332624E-03
 1312   -2.329070E-03
 1313   -2.325523E-03
 1314   -2.321985E-03
 1315   -2.318455E-03
 1316   -2.442472E-03
 1317   -2.438765E-03
 1318   -2.435065E-03
 1319   -2.431374E-03
 1320   -2.427692E-03
 1321   -2.201201E-03
 1322   -2.197872E-03
 1323   -2.194551E-03
 1324   -2.191237E-03
 1325   -2.187931E-03
 1326   -1.692756E-03
 1327   -1.690205E-03
 1328   -1.687661E-03
 1329   -1.685122E-03
 1330   -1.682589E-03
 1331   -6.222076E-04
 1332   -6.212737E-04
 1333   -6.203419E-04
 1334   -6.194122E-04
 1335   -6.184846E-04
 1336    1.303845E-03
 1337    1.301896E-03
 1338    1.299950E-03
 1339    1.298010E-03
 1340    1.296073E-03
 1341    4.517270E-03
 1342    4.510540E-03
 1343    4.503825E-03
 1344    4.497126E-03
 1345    4.490441E-03
 1346    8.842036E-03
 1347    8.828913E-03
 1348    8.815818E-03
 1349    8.802753E-03
 1350    8.789717E-03
 1351    1.398129E-02
 1352    1.396062E-02
 1353    1.393999E-02
 1354    1.391941E-02
 1355    1.389887E-02
 1356    1.838417E-02
 1357    1.835708E-02
 1358    1.833006E-02
 1359    1.830309E-02
 1360    1.827619E-02
 1361    2.121100E-02
 1362    2.117986E-02
 1363    2.114879E-02
 1364    2.111780E-02
 1365    2.108686E-02
 1366    2.282390E-02
 1367    2.279052E-02
 1368    2.275722E-02
 1369    2.272398E-02
 1370    2.269082E-02
 1371    2.359239E-02
 1372    2.355802E-02
 1373    2.352371E-02
 1374    2.348948E-02
 1375    2.345533E-02
 1376    2.458676E-02
 1377    2.455107E-02
 1378    2.451545E-02
 1379    2.447990E-02
 1380    2.444444E-02
 1381    2.284982E-02
 1382    2.281676E-02
 1383    2.278378E-02
 1384    2.275087E-02
 1385    2.271802E-02
 1386    2.155837E-02
 1387    2.152729E-02
 1388    2.149628E-02
 1389    2.146534E-02
 1390    2.143447E-02
 1391    1.767492E-02
 1392    1.764954E-02
 1393    1.762421E-02
 1394    1.759893E-02
 1395    1.757371E-02
 1396    1.390977E-02
 1397    1.388987E-02
 1398    1.387000E-02
 1399    1.385018E-02
 1400    1.383040E-02
 1401    8.805009E-03
 1402    8.792452E-03
 1403    8.779923E-03
 1404    8.767420E-03
 1405    8.754945E-03
 1406    4.089410E-03
 1407    4.083599E-03
 1408    4.077801E-03
 1409    4.072015E-03
 1410    4.066241E-03
 1411    9.140523E-04
 1412    9.127580E-04
 1413    9.114666E-04
 1414    9.101778E-04
 1415    9.088918E-04
 1416   -1.027761E-03
 1417   -1.026310E-03
 1418   -1.024863E-03
 1419   -1.023419E-03
 1420   -1.021978E-03
 1421   -2.103205E-03
 1422   -2.100248E-03
 1423   -2.097297E-03
 1424   -2.094353E-03
 1425   -2.091414E-03
 1426   -2.691249E-03
 1427   -2.687478E-03
 1428   -2.683716E-03
 1429   -2.679961E-03
 1430   -2.676214E-03
 1431   -2.786114E-03
 1432   -2.782224E-03
 1433   -2.778342E-03
 1434   -2.774469E-03
 1435   -2.770603E-03
 1436   -2.732836E-03
 1437   -2.729034E-03
 1438   -2.725240E-03
 1439   -2.721454E-03
 1440   -2.717675E-03
 1441   -2.383638E-03
 1442   -2.380333E-03
 1443   -2.377035E-03
 1444   -2.373744E-03
 1445   -2.370459E-03
 1446   -1.863949E-03
 1447   -1.861373E-03
 1448   -1.858803E-03
 1449   -1.856238E-03
 1450   -1.853679E-03
 1451   -1.203189E-03
 1452   -1.201532E-03
 1453   -1.199879E-03
 1454   -1.198229E-03
 1455   -1.196582E-03
 1456   -5.911148E-04
 1457   -5.903037E-04
 1458   -5.894942E-04
 1459   -5.886864E-04
 1460   -5.878802E-04
 1461   -1.830015E-04
 1462   -1.827513E-04
 1463   -1.825015E-04
 1464   -1.822523E-04
 1465   -1.820036E-04
 1466    9.108288E-05
 1467    9.095875E-05
 1468    9.083487E-05
 1469    9.071124E-05
 1470    9.058787E-05
 1471    2.388620E-04
 1472    2.385376E-04
 1473    2.382138E-04
 1474    2.378907E-04
 1475    2.375683E-04
 1476    2.876322E-04
 1477    2.872428E-04
 1478    2.868543E-04
 1479    2.864665E-04
 1480    2.860795E-04
 1481    2.999316E-04
 1482    2.995269E-04
 1483    2.991231E-04
 1484    2.987201E-04
 1485    2.983180E-04
 1486    2.826400E-04
 1487    2.822600E-04
 1488    2.818808E-04
 1489    2.815023E-04
 1490    2.811245E-04
 1491    2.304532E-04
 1492    2.301444E-04
 1493    2.298362E-04
 1494    2.295286E-04
 1495    2.292217E-04
 1496    1.714558E-04
 1497    1.712268E-04
 1498    1.709983E-04
 1499    1.707702E-04
 1500    1.705426E-04
 1501    1.031391E-04
 1502    1.030019E-04
 1503    1.028648E-04
 1504    1.027281E-04
 1505    1.025916E-04
 1506    4.218288E-05
 1507    4.212692E-05
 1508    4.207106E-05
 1509    4.201532E-05
 1510    4.195969E-05
 1511   -5.001131E-06
 1512   -4.994518E-06
 1513   -4.987918E-06
 1514   -4.981331E-06
 1515   -4.974757E-06
 1516   -3.762132E-05
 1517   -3.757173E-05
 1518   -3.752225E-05
 1519   -3.747286E-05
 1520   -3.742357E-05
 1521   -5.908181E-05
 1522   -5.900420E-05
 1523   -5.892674E-05
 1524   -5.884943E-05
 1525   -5.877228E-05
 1526   -7.169317E-05
 1527   -7.159930E-05
 1528   -7.150561E-05
 1529   -7.141211E-05
 1530   -7.131879E-05
 1531   -7.293100E-05
 1532   -7.283582E-05
 1533   -7.274083E-05
 1534   -7.264602E-05
 1535   -7.255140E-05
 1536   -6.868571E-05
 1537   -6.859636E-05
 1538   -6.850719E-05
 1539   -6.841819E-05
 1540   -6.832936E-05
 1541   -5.888221E-05
 1542   -5.880586E-05
 1543   -5.872966E-05
 1544   -5.865361E-05
 1545   -5.857771E-05
 1546   -5.120164E-05
 1547   -5.113546E-05
 1548   -5.106942E-05
 1549   -5.100350E-05
 1550   -5.093771E-05
 1551   -3.732401E-05
 1552   -3.727593E-05
 1553   -3.722794E-05
 1554   -3.718004E-05
 1555   -3.713224E-05
 1556   -2.784907E-05
 1557   -2.781331E-05
 1558   -2.777761E-05
 1559   -2.774199E-05
 1560   -2.770643E-05
 1561   -2.017484E-05
 1562   -2.014901E-05
 1563   -2.012324E-05
 1564   -2.009751E-05
 1565   -2.007184E-05
 1566   -1.522546E-05
 1567   -1.520603E-05
 1568   -1.518664E-05
 1569   -1.516729E-05
 1570   -1.514798E-05
 1571   -1.245795E-05
 1572   -1.244210E-05
 1573   -1.242629E-05
 1574   -1.241050E-05
 1575   -1.239475E-05
 1576   -1.118859E-05
 1577   -1.117441E-05
 1578   -1.116025E-05
 1579   -1.114612E-05
 1580   -1.113201E-05
 1581   -1.089545E-05
 1582   -1.088168E-05
 1583   -1.086794E-05
 1584   -1.085422E-05
 1585   -1.084053E-05
 1586   -1.144373E-05
 1587   -1.142932E-05
 1588   -1.141493E-05
 1589   -1.140056E-05
 1590   -1.138623E-05
 1591   -1.167820E-05
 1592   -1.166353E-05
 1593   -1.164889E-05
 1594   -1.163428E-05
 1595   -1.161970E-05
 1596   -1.169326E-05
 1597   -1.167862E-05
 1598   -1.166400E-05
 1599   -1.164942E-05
 1600   -1.163486E-05
 1601   -1.129989E-05
 1602   -1.128578E-05
 1603   -1.127171E-05
 1604   -1.125766E-05
 1605   -1.124363E-05
 1606   -1.097384E-05
 1607   -1.096019E-05
 1608   -1.094656E-05
 1609   -1.093296E-05
 1610   -1.091938E-05
 1611   -1.125845E-05
 1612   -1.124449E-05
 1613   -1.123055E-05
 1614   -1.121664E-05
 1615   -1.120275E-05
 1616   -1.147438E-05
 1617   -1.146019E-05
 1618   -1.144603E-05
 1619   -1.143189E-05
 1620   -1.141778E-05
 1621   -1.223278E-05
 1622   -1.221770E-05
 1623   -1.220265E-05
 1624   -1.218763E-05
 1625   -1.217263E-05
 1626   -1.269736E-05
 1627   -1.268176E-05
 1628   -1.266619E-05
 1629   -1.265064E-05
 1630   -1.263512E-05
 1631   -1.351334E-05
 1632   -1.349678E-05
 1633   -1.348026E-05
 1634   -1.346377E-05
 1635   -1.344730E-05
 1636   -1.322502E-05
 1637   -1.320887E-05
 1638   -1.319274E-05
 1639   -1.317665E-05
 1640   -1.316059E-05
 1641   -1.292370E-05
 1642   -1.290797E-05
 1643   -1.289226E-05
 1644   -1.287658E-05
 1645   -1.286093E-05
 1646   -1.179877E-05
 1647   -1.178445E-05
 1648   -1.177015E-05
 1649   -1.175588E-05
 1650   -1.174163E-05
 1651   -1.102376E-05
 1652   -1.101042E-05
 1653   -1.099710E-05
 1654   -1.098381E-05
 1655   -1.097054E-05
 1656   -1.003165E-05
 1657   -1.001955E-05
 1658   -1.000747E-05
 1659   -9.995405E-06
 1660   -9.983366E-06
 1661   -9.307212E-06
 1662   -9.296015E-06
 1663   -9.284839E-06
 1664   -9.273683E-06
 1665   -9.262546E-06
 1666   -9.382405E-06
 1667   -9.371152E-06
 1668   -9.359919E-06
 1669   -9.348706E-06
 1670   -9.337513E-06
 1671   -9.234100E-06
 1672   -9.223058E-06
 1673   -9.212035E-06
 1674   -9.201033E-06
 1675   -9.190050E-06
 1676   -9.420921E-06
 1677   -9.409689E-06
 1678   -9.398477E-06
 1679   -9.387285E-06
 1680   -9.376113E-06
 1681   -9.297970E-06
 1682   -9.286918E-06
 1683   -9.275885E-06
 1684   -9.264871E-06
 1685   -9.253878E-06
 1686   -9.301842E-06
 1687   -9.290818E-06
 1688   -9.279813E-06
 1689   -9.268828E-06
 1690   -9.257862E-06
 1691   -9.241805E-06
 1692   -9.230884E-06
 1693   -9.219983E-06
 1694   -9.209101E-06
 1695   -9.198238E-06
 1696   -9.028262E-06
 1697   -9.017625E-06
 1698   -9.007007E-06
 1699   -8.996407E-06
 1700   -8.985826E-06
 1701   -8.803916E-06
 1702   -8.793573E-06
 1703   -8.783249E-06
 1704   -8.772943E-06
 1705   -8.762655E-06
 1706   -8.400345E-06
 1707   -8.390506E-06
 1708   -8.380684E-06
 1709   -8.370879E-06
 1710   -8.361091E-06
 1711   -8.162868E-06
 1712   -8.153335E-06
 1713   -8.143818E-06
 1714   -8.134318E-06
 1715   -8.124835E-06
 1716   -8.211779E-06
 1717   -8.202217E-06
 1718   -8.192671E-06
 1719   -8.183142E-06
 1720   -8.173629E-06
 1721   -8.057417E-06
 1722   -8.048062E-06
 1723   -8.038722E-06
 1724   -8.029399E-06
 1725   -8.020093E-06
 1726   -8.393767E-06
 1727   -8.384049E-06
 1728   -8.374348E-06
 1729   -8.364664E-06
 1730   -8.354997E-06
 1731   -8.224158E-06
 1732   -8.214664E-06
 1733   -8.205187E-06
 1734   -8.195726E-06
 1735   -8.186281E-06
 1736   -8.339292E-06
 1737   -8.329693E-06
 1738   -8.320110E-06
 1739   -8.310544E-06
 1740   -8.300995E-06
 1741   -8.251989E-06
 1742   -8.242517E-06
 1743   -8.233062E-06
 1744   -8.223623E-06
 1745   -8.214201E-06
 1746   -7.881904E-06
 1747   -7.872883E-06
 1748   -7.863878E-06
 1749   -7.854888E-06
 1750   -7.845914E-06
 1751   -7.772149E-06
 1752   -7.763280E-06
 1753   -7.754425E-06
 1754   -7.745585E-06
 1755   -7.736761E-06
 1756   -7.446893E-06
 1757   -7.438419E-06
 1758   -7.429959E-06
 1759   -7.421513E-06
 1760   -7.413082E-06
 1761   -7.481140E-06
 1762   -7.472651E-06
 1763   -7.464176E-06
 1764   -7.455715E-06
 1765   -7.447269E-06
 1766   -7.254180E-06
 1767   -7.245972E-06
 1768   -7.237777E-06
 1769   -7.229597E-06
 1770   -7.221430E-06
 1771   -7.315092E-06
 1772   -7.306838E-06
 1773   -7.298598E-06
 1774   -7.290372E-06
 1775   -7.282160E-06
 1776   -7.522203E-06
 1777   -7.513739E-06
 1778   -7.505290E-06
 1779   -7.496855E-06
 1780   -7.488434E-06
 1781   -7.396039E-06
 1782   -7.387741E-06
 1783   -7.379456E-06
 1784   -7.371185E-06
 1785   -7.362929E-06
 1786   -7.469584E-06
 1787   -7.461227E-06
 1788   -7.452883E-06
 1789   -7.444553E-06
 1790   -7.436238E-06
 1791   -7.263971E-06
 1792   -7.255866E-06
 1793   -7.247775E-06
 1794   -7.239697E-06
 1795   -7.231633E-06
 1796   -7.192706E-06
 1797   -7.184703E-06
 1798   -7.176714E-06
 1799   -7.168737E-06
 1800   -7.160774E-06
 1801   -7.005049E-06
 1802   -6.997276E-06
 1803   -6.989517E-06
 1804   -6.981770E-06
 1805   -6.974036E-06
 1806   -6.734574E-06
 1807   -6.727122E-06
 1808   -6.719683E-06
 1809   -6.712256E-06
 1810   -6.704841E-06
 1811   -6.659042E-06
 1812   -6.651694E-06
 1813   -6.644358E-06
 1814   -6.637034E-06
 1815   -6.629723E-06
 1816   -6.540843E-06
 1817   -6.533645E-06
 1818   -6.526460E-06
 1819   -6.519286E-06
 1820   -6.512124E-06
 1821   -6.769208E-06
 1822   -6.761780E-06
 1823   -6.754363E-06
 1824   -6.746959E-06
 1825   -6.739567E-06
 1826   -6.679755E-06
 1827   -6.672445E-06
 1828   -6.665147E-06
 1829   -6.657860E-06
 1830   -6.650586E-06
 1831   -6.709082E-06
 1832   -6.701760E-06
 1833   -6.694449E-06
 1834   -6.687151E-06
 1835   -6.679864E-06
 1836   -6.764775E-06
 1837   -6.757412E-06
 1838   -6.750061E-06
 1839   -6.742722E-06
 1840   -6.735395E-06
 1841   -6.641830E-06
 1842   -6.634621E-06
 1843   -6.627423E-06
 1844   -6.620237E-06
 1845   -6.613062E-06
 1846   -6.552345E-06
 1847   -6.545251E-06
 1848   -6.538170E-06
 1849   -6.531100E-06
 1850   -6.524041E-06
 1851   -6.305913E-06
 1852   -6.299105E-06
 1853   -6.292308E-06
 1854   -6.285522E-06
 1855   -6.278747E-06
 1856   -6.156992E-06
 1857   -6.150362E-06
 1858   -6.143744E-06
 1859   -6.137136E-06
 1860   -6.130538E-06
 1861   -6.087480E-06
 1862   -6.080943E-06
 1863   -6.074417E-06
 1864   -6.067901E-06
 1865   -6.061396E-06
 1866   -6.049516E-06
 1867   -6.043037E-06
 1868   -6.036569E-06
 1869   -6.030111E-06
 1870   -6.023663E-06
 1871   -6.150968E-06
 1872   -6.144398E-06
 1873   -6.137839E-06
 1874   -6.131290E-06
 1875   -6.124752E-06
 1876   -6.019864E-06
 1877   -6.013451E-06
 1878   -6.007049E-06
 1879   -6.000657E-06
 1880   -5.994275E-06
 1881   -6.136548E-06
 1882   -6.130029E-06
 1883   -6.123520E-06
 1884   -6.117021E-06
 1885   -6.110532E-06
 1886   -6.031440E-06
 1887   -6.025049E-06
 1888   -6.018668E-06
 1889   -6.012298E-06
 1890   -6.005937E-06
 1891   -5.945604E-06
 1892   -5.939321E-06
 1893   -5.933048E-06
 1894   -5.926784E-06
 1895   -5.920531E-06
 1896   -5.923316E-06
 1897   -5.917073E-06
 1898   -5.910839E-06
 1899   -5.904616E-06
 1900   -5.898402E-06
 1901   -5.572109E-06
 1902   -5.566251E-06
 1903   -5.560403E-06
 1904   -5.554564E-06
 1905   -5.548734E-06
 1906   -5.499496E-06
 1907   -5.493730E-06
 1908   -5.487973E-06
 1909   -5.482225E-06
 1910   -5.476486E-06
 1911   -5.444778E-06
 1912   -5.439084E-06
 1913   -5.433399E-06
 1914   -5.427723E-06
 1915   -5.422056E-06
 1916   -5.348970E-06
 1917   -5.343391E-06
 1918   -5.337821E-06
 1919   -5.332259E-06
 1920   -5.326706E-06
 1921   -5.359230E-06
 1922   -5.353655E-06
 1923   -5.348089E-06
 1924   -5.342531E-06
 1925   -5.336981E-06
 1926   -5.336989E-06
 1927   -5.331452E-06
 1928   -5.325923E-06
 1929   -5.320402E-06
 1930   -5.314890E-06
 1931   -5.444436E-06
 1932   -5.438801E-06
 1933   -5.433175E-06
 1934   -5.427558E-06
 1935   -5.421950E-06
 1936   -5.295767E-06
 1937   -5.290300E-06
 1938   -5.284842E-06
 1939   -5.279392E-06
 1940   -5.273951E-06
 1941   -5.220203E-06
 1942   -5.214828E-06
 1943   -5.209461E-06
 1944   -5.204103E-06
 1945   -5.198753E-06
 1946   -5.064956E-06
 1947   -5.059754E-06
 1948   -5.054561E-06
 1949   -5.049375E-06
 1950   -5.044198E-06
 1951   -4.703820E-06
 1952   -4.699002E-06
 1953   -4.694191E-06
 1954   -4.689387E-06
 1955   -4.684591E-06
 1956   -4.711147E-06
 1957   -4.706334E-06
 1958   -4.701528E-06
 1959   -4.696729E-06
 1960   -4.691938E-06
 1961   -4.353487E-06
 1962   -4.349050E-06
 1963   -4.344620E-06
 1964   -4.340197E-06
 1965   -4.335781E-06
 1966   -4.429926E-06
 1967   -4.425422E-06
 1968   -4.420926E-06
 1969   -4.416437E-06
 1970   -4.411954E-06
 1971   -4.388367E-06
 1972   -4.383917E-06
 1973   -4.379475E-06
 1974   -4.375039E-06
 1975   -4.370609E-06
 1976   -4.343635E-06
 1977   -4.339242E-06
 1978   -4.334855E-06
 1979   -4.330475E-06
 1980   -4.326102E-06
 1981   -4.360822E-06
 1982   -4.356423E-06
 1983   -4.352030E-06
 1984   -4.347644E-06
 1985   -4.343265E-06
 1986   -4.274528E-06
 1987   -4.270226E-06
 1988   -4.265931E-06
 1989   -4.261643E-06
 1990   -4.257361E-06
 1991   -4.296883E-06
 1992   -4.292570E-06
 1993   -4.288264E-06
 1994   -4.283963E-06
 1995   -4.279670E-06
 1996   -4.083825E-06
 1997   -4.079736E-06
 1998   -4.075653E-06
 1999   -4.071576E-06
 2000   -4.067506E-06
 2001   -3.919952E-06
 2002   -3.916037E-06
 2003   -3.912128E-06
 2004   -3.908225E-06
 2005   -3.904327E-06
 2006   -3.816432E-06
 2007   -3.812630E-06
 2008   -3.808834E-06
 2009   -3.805043E-06
 2010   -3.801258E-06
 2011   -3.679196E-06
 2012   -3.675540E-06
 2013   -3.671889E-06
 2014   -3.668243E-06
 2015   -3.664603E-06
 2016   -3.704749E-06
 2017   -3.701076E-06
 2018   -3.697409E-06
 2019   -3.693747E-06
 2020   -3.690091E-06
 2021   -3.640721E-06
 2022   -3.637120E-06
 2023   -3.633526E-06
 2024   -3.629936E-06
 2025   -3.626352E-06
 2026   -3.584626E-06
 2027   -3.581090E-06
 2028   -3.577559E-06
 2029   -3.574033E-06
 2030   -3.570513E-06
 2031   -3.660032E-06
 2032   -3.656430E-06
 2033   -3.652834E-06
 2034   -3.649243E-06
 2035   -3.645657E-06
 2036   -3.525754E-06
 2037   -3.522294E-06
 2038   -3.518838E-06
 2039   -3.515387E-06
 2040   -3.511942E-06
 2041   -3.533254E-06
 2042   -3.529794E-06
 2043   -3.526339E-06
 2044   -3.522890E-06
 2045   -3.519445E-06
 2046   -3.280471E-06
 2047   -3.277267E-06
 2048   -3.274067E-06
 2049   -3.270872E-06
 2050   -3.267682E-06
 2051   -3.126842E-06
 2052   -3.123795E-06
 2053   -3.120752E-06
 2054   -3.117714E-06
 2055   -3.114681E-06
 2056   -2.995434E-06
 2057   -2.992522E-06
 2058   -2.989614E-06
 2059   -2.986711E-06
 2060   -2.983812E-06
 2061   -2.866996E-06
 2062   -2.864216E-06
 2063   -2.861440E-06
 2064   -2.858668E-06
 2065   -2.855900E-06
 2066   -2.828366E-06
 2067   -2.825630E-06
 2068   -2.822898E-06
 2069   -2.820170E-06
 2070   -2.817446E-06
 2071   -2.724729E-06
 2072   -2.722099E-06
 2073   -2.719474E-06
 2074   -2.716852E-06
 2075   -2.714234E-06
 2076   -2.780289E-06
 2077   -2.777613E-06
 2078   -2.774940E-06
 2079   -2.772271E-06
 2080   -2.769606E-06
 2081   -2.761029E-06
 2082   -2.758377E-06
 2083   -2.755729E-06
 2084   -2.753085E-06
 2085   -2.750445E-06
 2086   -2.760350E-06
 2087   -2.757705E-06
 2088   -2.755064E-06
 2089   -2.752427E-06
 2090   -2.749794E-06
 2091   -2.592179E-06
 2092   -2.589702E-06
 2093   -2.587228E-06
 2094   -2.584757E-06
 2095   -2.582290E-06
 2096   -2.522069E-06
 2097   -2.519664E-06
 2098   -2.517262E-06
 2099   -2.514864E-06
 2100   -2.512470E-06
 2101   -2.388489E-06
 2102   -2.386217E-06
 2103   -2.383948E-06
 2104   -2.381683E-06
 2105   -2.379420E-06
 2106   -2.242426E-06
 2107   -2.240298E-06
 2108   -2.238173E-06
 2109   -2.236051E-06
 2110   -2.233932E-06
 2111   -2.201477E-06
 2112   -2.199393E-06
 2113   -2.197312E-06
 2114   -2.195234E-06
 2115   -2.193158E-06
 2116   -2.154437E-06
 2117   -2.152402E-06
 2118   -2.150370E-06
 2119   -2.148341E-06
 2120   -2.146314E-06
 2121   -2.119768E-06
 2122   -2.117771E-06
 2123   -2.115776E-06
 2124   -2.113784E-06
 2125   -2.111795E-06
 2126   -2.087548E-06
 2127   -2.085586E-06
 2128   -2.083626E-06
 2129   -2.081669E-06
 2130   -2.079715E-06
 2131   -2.071534E-06
 2132   -2.069591E-06
 2133   -2.067651E-06
 2134   -2.065714E-06
 2135   -2.063779E-06
 2136   -2.068134E-06
 2137   -2.066199E-06
 2138   -2.064266E-06
 2139   -2.062337E-06
 2140   -2.060410E-06
 2141   -1.971974E-06
 2142   -1.970134E-06
 2143   -1.968295E-06
 2144   -1.966460E-06
 2145   -1.964627E-06
 2146   -1.857529E-06
 2147   -1.855799E-06
 2148   -1.854072E-06
 2149   -1.852346E-06
 2150   -1.850624E-06
 2151   -1.692838E-06
 2152   -1.691265E-06
 2153   -1.689694E-06
 2154   -1.688126E-06
 2155   -1.686559E-06
 2156   -1.594954E-06
 2157   -1.593475E-06
 2158   -1.591999E-06
 2159   -1.590524E-06
 2160   -1.589052E-06
 2161   -1.575722E-06
 2162   -1.574264E-06
 2163   -1.572809E-06
 2164   -1.571356E-06
 2165   -1.569904E-06
 2166   -1.485639E-06
 2167   -1.484268E-06
 2168   -1.482899E-06
 2169   -1.481532E-06
 2170   -1.480167E-06
 2171   -1.483463E-06
 2172   -1.482097E-06
 2173   -1.480734E-06
 2174   -1.479372E-06
 2175   -1.478012E-06
 2176   -1.434506E-06
 2177   -1.433188E-06
 2178   -1.431873E-06
 2179   -1.430559E-06
 2180   -1.429246E-06
 2181   -1.439494E-06
 2182   -1.438175E-06
 2183   -1.436858E-06
 2184   -1.435543E-06
 2185   -1.434229E-06
 2186   -1.418700E-06
 2187   -1.417403E-06
 2188   -1.416108E-06
 2189   -1.414814E-06
 2190   -1.413522E-06
 2191   -1.339547E-06
 2192   -1.338325E-06
 2193   -1.337105E-06
 2194   -1.335886E-06
 2195   -1.334669E-06
 2196   -1.292216E-06
 2197   -1.291040E-06
 2198   -1.289866E-06
 2199   -1.288693E-06
 2200   -1.287522E-06
 2201   -1.173252E-06
 2202   -1.172187E-06
 2203   -1.171123E-06
 2204   -1.170060E-06
 2205   -1.168999E-06
 2206   -1.124230E-06
 2207   -1.123211E-06
 2208   -1.122194E-06
 2209   -1.121178E-06
 2210   -1.120164E-06
 2211   -1.062780E-06
 2212   -1.061819E-06
 2213   -1.060860E-06
 2214   -1.059902E-06
 2215   -1.058945E-06
 2216   -1.021203E-06
 2217   -1.020282E-06
 2218   -1.019362E-06
 2219   -1.018444E-06
 2220   -1.017527E-06
 2221   -1.024955E-06
 2222   -1.024032E-06
 2223   -1.023111E-06
 2224   -1.022191E-06
 2225   -1.021273E-06
 2226   -9.875508E-07
 2227   -9.866641E-07
 2228   -9.857786E-07
 2229   -9.848943E-07
 2230   -9.840112E-07
 2231   -9.872379E-07
 2232   -9.863535E-07
 2233   -9.854703E-07
 2234   -9.845882E-07
 2235   -9.837073E-07
 2236   -9.573264E-07
 2237   -9.564707E-07
 2238   -9.556161E-07
 2239   -9.547627E-07
 2240   -9.539104E-07
 2241   -8.903253E-07
 2242   -8.895313E-07
 2243   -8.887383E-07
 2244   -8.879464E-07
 2245   -8.871555E-07
 2246   -8.693685E-07
 2247   -8.685949E-07
 2248   -8.678223E-07
 2249   -8.670507E-07
 2250   -8.662802E-07
 2251   -7.677160E-07
 2252   -7.670344E-07
 2253   -7.663536E-07
 2254   -7.656738E-07
 2255   -7.649949E-07
 2256   -7.167997E-07
 2257   -7.161647E-07
 2258   -7.155305E-07
 2259   -7.148971E-07
 2260   -7.142646E-07
 2261   -6.678232E-07
 2262   -6.672329E-07
 2263   -6.666433E-07
 2264   -6.660546E-07
 2265   -6.654666E-07
 2266   -6.442264E-07
 2267   -6.436582E-07
 2268   -6.430907E-07
 2269   -6.425240E-07
 2270   -6.419580E-07
 2271   -6.373264E-07
 2272   -6.367655E-07
 2273   -6.362053E-07
 2274   -6.356459E-07
 2275   -6.350872E-07
 2276   -6.085927E-07
 2277   -6.080583E-07
 2278   -6.075245E-07
 2279   -6.069915E-07
 2280   -6.064592E-07
 2281   -6.175615E-07
 2282   -6.170204E-07
 2283   -6.164800E-07
 2284   -6.159402E-07
 2285   -6.154012E-07
 2286   -5.938022E-07
 2287   -5.932831E-07
 2288   -5.927646E-07
 2289   -5.922468E-07
 2290   -5.917296E-07
 2291   -5.666709E-07
 2292   -5.661765E-07
 2293   -5.656828E-07
 2294   -5.651897E-07
 2295   -5.646973E-07
 2296   -5.298083E-07
 2297   -5.293471E-07
 2298   -5.288865E-07
 2299   -5.284265E-07
 2300   -5.279671E-07
 2301   -4.831157E-07
 2302   -4.826961E-07
 2303   -4.822770E-07
 2304   -4.818584E-07
 2305   -4.814404E-07
 2306   -4.656792E-07
 2307   -4.652756E-07
 2308   -4.648725E-07
 2309   -4.644699E-07
 2310   -4.640679E-07
 2311   -4.285748E-07
 2312   -4.282041E-07
 2313   -4.278339E-07
 2314   -4.274642E-07
 2315   -4.270950E-07
 2316   -4.175853E-07
 2317   -4.172250E-07
 2318   -4.168650E-07
 2319   -4.165056E-07
 2320   -4.161466E-07
 2321   -4.048184E-07
 2322   -4.044698E-07
 2323   -4.041217E-07
 2324   -4.037740E-07
 2325   -4.034267E-07
 2326   -3.996430E-07
 2327   -3.992996E-07
 2328   -3.989567E-07
 2329   -3.986141E-07
 2330   -3.982720E-07
 2331   -3.960935E-07
 2332   -3.957538E-07
 2333   -3.954146E-07
 2334   -3.950759E-07
 2335   -3.947376E-07
 2336   -3.749865E-07
 2337   -3.746657E-07
 2338   -3.743453E-07
 2339   -3.740252E-07
 2340   -3.737056E-07
 2341   -3.613439E-07
 2342   -3.610353E-07
 2343   -3.607272E-07
 2344   -3.604195E-07
 2345   -3.601122E-07
 2346   -3.327819E-07
 2347   -3.324984E-07
 2348   -3.322153E-07
 2349   -3.319325E-07
 2350   -3.316500E-07
 2351   -3.035783E-07
 2352   -3.033202E-07
 2353   -3.030624E-07
 2354   -3.028050E-07
 2355   -3.025479E-07
 2356   -2.710755E-07
 2357   -2.708455E-07
 2358   -2.706158E-07
 2359   -2.703864E-07
 2360   -2.701573E-07
 2361   -2.518144E-07
 2362   -2.516012E-07
 2363   -2.513883E-07
 2364   -2.511757E-07
 2365   -2.509633E-07
 2366   -2.453638E-07
 2367   -2.451566E-07
 2368   -2.449496E-07
 2369   -2.447428E-07
 2370   -2.445363E-07
 2371   -2.366175E-07
 2372   -2.364180E-07
 2373   -2.362188E-07
 2374   -2.360198E-07
 2375   -2.358211E-07
 2376   -2.331769E-07
 2377   -2.329808E-07
 2378   -2.327849E-07
 2379   -2.325892E-07
 2380   -2.323938E-07
 2381   -2.291121E-07
 2382   -2.289198E-07
 2383   -2.287277E-07
 2384   -2.285359E-07
 2385   -2.283443E-07
 2386   -2.204834E-07
 2387   -2.202987E-07
 2388   -2.201142E-07
 2389   -2.199300E-07
 2390   -2.197460E-07
 2391   -2.177533E-07
 2392   -2.175712E-07
 2393   -2.173894E-07
 2394   -2.172079E-07
 2395   -2.170265E-07
 2396   -1.986921E-07
 2397   -1.985264E-07
 2398   -1.983608E-07
 2399   -1.981955E-07
 2400   -1.980303E-07
 2401   -1.888899E-07
 2402   -1.887326E-07
 2403   -1.885756E-07
 2404   -1.884187E-07
 2405   -1.882621E-07
 2406   -1.747453E-07
 2407   -1.746001E-07
 2408   -1.744551E-07
 2409   -1.743103E-07
 2410   -1.741657E-07
 2411   -1.678900E-07
 2412   -1.677508E-07
 2413   -1.676118E-07
 2414   -1.674729E-07
 2415   -1.673343E-07
 2416   -1.640351E-07
 2417   -1.638994E-07
 2418   -1.637639E-07
 2419   -1.636285E-07
 2420   -1.634933E-07
 2421   -1.585946E-07
 2422   -1.584637E-07
 2423   -1.583329E-07
 2424   -1.582023E-07
 2425   -1.580719E-07
 2426   -1.593043E-07
 2427   -1.591731E-07
 2428   -1.590420E-07
 2429   -1.589111E-07
 2430   -1.587803E-07
 2431   -1.543060E-07
 2432   -1.541792E-07
 2433   -1.540524E-07
 2434   -1.539259E-07
 2435   -1.537995E-07
 2436   -1.540496E-07
 2437   -1.539232E-07
 2438   -1.537970E-07
 2439   -1.536709E-07
 2440   -1.535450E-07
 2441   -1.513655E-07
 2442   -1.512415E-07
 2443   -1.511178E-07
 2444   -1.509941E-07
 2445   -1.508706E-07
 2446   -1.445211E-07
 2447   -1.444030E-07
 2448   -1.442850E-07
 2449   -1.441672E-07
 2450   -1.440495E-07
 2451   -1.425433E-07
 2452   -1.424270E-07
 2453   -1.423109E-07
 2454   -1.421949E-07
 2455   -1.420791E-07
 2456   -1.385854E-07
 2457   -1.384726E-07
 2458   -1.383599E-07
 2459   -1.382474E-07
 2460   -1.381351E-07
 2461   -1.364406E-07
 2462   -1.363298E-07
 2463   -1.362191E-07
 2464   -1.361085E-07
 2465   -1.359981E-07
 2466   -1.334760E-07
 2467   -1.333678E-07
 2468   -1.332597E-07
 2469   -1.331518E-07
 2470   -1.330440E-07
 2471   -1.305806E-07
 2472   -1.304750E-07
 2473   -1.303695E-07
 2474   -1.302641E-07
 2475   -1.301589E-07
 2476   -1.317854E-07
 2477   -1.316790E-07
 2478   -1.315727E-07
 2479   -1.314666E-07
 2480   -1.313606E-07
 2481   -1.291610E-07
 2482   -1.290569E-07
 2483   -1.289530E-07
 2484   -1.288492E-07
 2485   -1.287455E-07
 2486   -1.321532E-07
 2487   -1.320470E-07
 2488   -1.319408E-07
 2489   -1.318348E-07
 2490   -1.317290E-07
 2491   -1.315392E-07
 2492   -1.314337E-07
 2493   -1.313282E-07
 2494   -1.312229E-07
 2495   -1.311178E-07
 2496   -1.320783E-07
 2497   -1.319725E-07
 2498   -1.318668E-07
 2499   -1.317613E-07
 2500   -1.316559E-07
 2501   -1.327111E-07
 2502   -1.326051E-07
 2503   -1.324991E-07
 2504   -1.323933E-07
 2505   -1.322877E-07
 2506   -1.309006E-07
 2507   -1.307962E-07
 2508   -1.306919E-07
 2509   -1.305878E-07
 2510   -1.304837E-07
 2511   -1.361217E-07
 2512   -1.360134E-07
 2513   -1.359052E-07
 2514   -1.357971E-07
 2515   -1.356891E-07
 2516   -1.338053E-07
 2517   -1.336990E-07
 2518   -1.335928E-07
 2519   -1.334868E-07
 2520   -1.333809E-07
 2521   -1.348913E-07
 2522   -1.347844E-07
 2523   -1.346776E-07
 2524   -1.345709E-07
 2525   -1.344643E-07
 2526   -1.338333E-07
 2527   -1.337274E-07
 2528   -1.336216E-07
 2529   -1.335160E-07
 2530   -1.334105E-07
 2531   -1.344593E-07
 2532   -1.343531E-07
 2533   -1.342470E-07
 2534   -1.341411E-07
 2535   -1.340353E-07
 2536   -1.378855E-07
 2537   -1.377768E-07
 2538   -1.376683E-07
 2539   -1.375599E-07
 2540   -1.374516E-07
 2541   -1.392053E-07
 2542   -1.390958E-07
 2543   -1.389864E-07
 2544   -1.388772E-07
 2545   -1.387680E-07
 2546   -1.441344E-07
 2547   -1.440212E-07
 2548   -1.439082E-07
 2549   -1.437953E-07
 2550   -1.436825E-07
 2551   -1.440282E-07
 2552   -1.439154E-07
 2553   -1.438026E-07
 2554   -1.436900E-07
 2555   -1.435776E-07
 2556   -1.497289E-07
 2557   -1.496118E-07
 2558   -1.494948E-07
 2559   -1.493780E-07
 2560   -1.492613E-07
 2561   -1.523123E-07
 2562   -1.521934E-07
 2563   -1.520747E-07
 2564   -1.519561E-07
 2565   -1.518376E-07
 2566   -1.531030E-07
 2567   -1.529837E-07
 2568   -1.528646E-07
 2569   -1.527456E-07
 2570   -1.526268E-07
 2571   -1.570253E-07
 2572   -1.569033E-07
 2573   -1.567813E-07
 2574   -1.566595E-07
 2575   -1.565379E-07
 2576   -1.536092E-07
 2577   -1.534900E-07
 2578   -1.533709E-07
 2579   -1.532520E-07
 2580   -1.531332E-07
 2581   -1.574965E-07
 2582   -1.573746E-07
 2583   -1.572527E-07
 2584   -1.571311E-07
 2585   -1.570095E-07
 2586   -1.588363E-07
 2587   -1.587135E-07
 2588   -1.585909E-07
 2589   -1.584684E-07
 2590   -1.583460E-07
 2591   -1.617067E-07
 2592   -1.615820E-07
 2593   -1.614574E-07
 2594   -1.613329E-07
 2595   -1.612086E-07
 2596   -1.670951E-07
 2597   -1.669664E-07
 2598   -1.668379E-07
 2599   -1.667095E-07
 2600   -1.665813E-07
 2601   -1.677911E-07
 2602   -1.676622E-07
 2603   -1.675334E-07
 2604   -1.674047E-07
 2605   -1.672762E-07
 2606   -1.766755E-07
 2607   -1.765400E-07
 2608   -1.764046E-07
 2609   -1.762694E-07
 2610   -1.761344E-07
 2611   -1.768023E-07
 2612   -1.766670E-07
 2613   -1.765318E-07
 2614   -1.763968E-07
 2615   -1.762619E-07
 2616   -1.820887E-07
 2617   -1.819495E-07
 2618   -1.818106E-07
 2619   -1.816718E-07
 2620   -1.815331E-07
 2621   -1.787011E-07
 2622   -1.785648E-07
 2623   -1.784287E-07
 2624   -1.782927E-07
 2625   -1.781569E-07
 2626   -1.810234E-07
 2627   -1.808857E-07
 2628   -1.807480E-07
 2629   -1.806105E-07
 2630   -1.804732E-07
 2631   -1.854239E-07
 2632   -1.852830E-07
 2633   -1.851423E-07
 2634   -1.850017E-07
 2635   -1.848614E-07
 2636   -1.839276E-07
 2637   -1.837881E-07
 2638   -1.836488E-07
 2639   -1.835096E-07
 2640   -1.833706E-07
 2641   -1.875665E-07
 2642   -1.874246E-07
 2643   -1.872828E-07
 2644   -1.871411E-07
 2645   -1.869996E-07
 2646   -1.909391E-07
 2647   -1.907949E-07
 2648   -1.906508E-07
 2649   -1.905069E-07
 2650   -1.903632E-07
 2651   -1.935103E-07
 2652   -1.933644E-07
 2653   -1.932187E-07
 2654   -1.930731E-07
 2655   -1.929277E-07
 2656   -2.022900E-07
 2657   -2.021378E-07
 2658   -2.019857E-07
 2659   -2.018338E-07
 2660   -2.016821E-07
 2661   -1.984149E-07
 2662   -1.982658E-07
 2663   -1.981170E-07
 2664   -1.979682E-07
 2665   -1.978197E-07
 2666   -2.062414E-07
 2667   -2.060868E-07
 2668   -2.059323E-07
 2669   -2.057780E-07
 2670   -2.056239E-07
 2671   -2.042281E-07
 2672   -2.040753E-07
 2673   -2.039226E-07
 2674   -2.037701E-07
 2675   -2.036178E-07
 2676   -2.020007E-07
 2677   -2.018498E-07
 2678   -2.016991E-07
 2679   -2.015486E-07
 2680   -2.013982E-07
 2681   -2.076145E-07
 2682   -2.074597E-07
 2683   -2.073051E-07
 2684   -2.071506E-07
 2685   -2.069964E-07
 2686   -2.059100E-07
 2687   -2.057568E-07
 2688   -2.056037E-07
 2689   -2.054509E-07
 2690   -2.052981E-07
 2691   -2.123598E-07
 2692   -2.122021E-07
 2693   -2.120445E-07
 2694   -2.118871E-07
 2695   -2.117299E-07
 2696   -2.080563E-07
 2697   -2.079020E-07
 2698   -2.077479E-07
 2699   -2.075940E-07
 2700   -2.074403E-07
 2701   -2.138526E-07
 2702   -2.136943E-07
 2703   -2.135362E-07
 2704   -2.133783E-07
 2705   -2.132206E-07
 2706   -2.174075E-07
 2707   -2.172469E-07
 2708   -2.170865E-07
 2709   -2.169263E-07
 2710   -2.167662E-07
 2711   -2.186279E-07
 2712   -2.184667E-07
 2713   -2.183057E-07
 2714   -2.181448E-07
 2715   -2.179842E-07
 2716   -2.241978E-07
 2717   -2.240328E-07
 2718   -2.238680E-07
 2719   -2.237034E-07
 2720   -2.235389E-07
 2721   -2.160879E-07
 2722   -2.159292E-07
 2723   -2.157706E-07
 2724   -2.156122E-07
 2725   -2.154540E-07
 2726   -2.209966E-07
 2727   -2.208345E-07
 2728   -2.206726E-07
 2729   -2.205109E-07
 2730   -2.203494E-07
 2731   -2.213432E-07
 2732   -2.211811E-07
 2733   -2.210193E-07
 2734   -2.208577E-07
 2735   -2.206962E-07
 2736   -2.169780E-07
 2737   -2.168195E-07
 2738   -2.166611E-07
 2739   -2.165029E-07
 2740   -2.163449E-07
 2741   -2.235715E-07
 2742   -2.234085E-07
 2743   -2.232456E-07
 2744   -2.230829E-07
 2745   -2.229204E-07
 2746   -2.182843E-07
 2747   -2.181254E-07
 2748   -2.179667E-07
 2749   -2.178082E-07
 2750   -2.176498E-07
 2751   -2.226571E-07
 2752   -2.224953E-07
 2753   -2.223337E-07
 2754   -2.221723E-07
 2755   -2.220110E-07
 2756   -2.234723E-07
 2757   -2.233102E-07
 2758   -2.231483E-07
 2759   -2.229866E-07
 2760   -2.228250E-07
 2761   -2.233985E-07
 2762   -2.232368E-07
 2763   -2.230752E-07
 2764   -2.229138E-07
 2765   -2.227526E-07
 2766   -2.253729E-07
 2767   -2.252100E-07
 2768   -2.250473E-07
 2769   -2.248848E-07
 2770   -2.247225E-07
 2771   -2.189163E-07
 2772   -2.187584E-07
 2773   -2.186007E-07
 2774   -2.184431E-07
 2775   -2.182857E-07
 2776   -2.253764E-07
 2777   -2.252141E-07
 2778   -2.250520E-07
 2779   -2.248900E-07
 2780   -2.247283E-07
 2781   -2.191415E-07
 2782   -2.189840E-07
 2783   -2.188266E-07
 2784   -2.186694E-07
 2785   -2.185124E-07
 2786   -2.223066E-07
 2787   -2.221471E-07
 2788   -2.219878E-07
 2789   -2.218286E-07
 2790   -2.216696E-07
 2791   -2.227724E-07
 2792   -2.226128E-07
 2793   -2.224535E-07
 2794   -2.222943E-07
 2795   -2.221352E-07
 2796   -2.206412E-07
 2797   -2.204834E-07
 2798   -2.203259E-07
 2799   -2.201685E-07
 2800   -2.200112E-07
 2801   -2.216082E-07
 2802   -2.214501E-07
 2803   -2.212921E-07
 2804   -2.211343E-07
 2805   -2.209766E-07
 2806   -2.171401E-07
 2807   -2.169854E-07
 2808   -2.168309E-07
 2809   -2.166766E-07
 2810   -2.165224E-07
 2811   -2.192501E-07
 2812   -2.190942E-07
 2813   -2.189384E-07
 2814   -2.187828E-07
 2815   -2.186274E-07
 2816   -2.215694E-07
 2817   -2.214121E-07
 2818   -2.212550E-07
 2819   -2.210980E-07
 2820   -2.209412E-07
 2821   -2.194616E-07
 2822   -2.193061E-07
 2823   -2.191508E-07
 2824   -2.189956E-07
 2825   -2.188406E-07
 2826   -2.190921E-07
 2827   -2.189371E-07
 2828   -2.187823E-07
 2829   -2.186276E-07
 2830   -2.184732E-07
 2831   -2.170610E-07
 2832   -2.169078E-07
 2833   -2.167547E-07
 2834   -2.166017E-07
 2835   -2.164490E-07
 2836   -2.187552E-07
 2837   -2.186010E-07
 2838   -2.184469E-07
 2839   -2.182931E-07
 2840   -2.181394E-07
 2841   -2.161773E-07
 2842   -2.160252E-07
 2843   -2.158732E-07
 2844   -2.157215E-07
 2845   -2.155698E-07
 2846   -2.143459E-07
 2847   -2.141954E-07
 2848   -2.140450E-07
 2849   -2.138948E-07
 2850   -2.137447E-07
 2851   -2.118601E-07
 2852   -2.117116E-07
 2853   -2.115632E-07
 2854   -2.114149E-07
 2855   -2.112669E-07
 2856   -2.102154E-07
 2857   -2.100683E-07
 2858   -2.099213E-07
 2859   -2.097745E-07
 2860   -2.096278E-07
 2861   -2.111875E-07
 2862   -2.110399E-07
 2863   -2.108925E-07
 2864   -2.107453E-07
 2865   -2.105982E-07
 2866   -2.091061E-07
 2867   -2.089603E-07
 2868   -2.088146E-07
 2869   -2.086690E-07
 2870   -2.085236E-07
 2871   -2.076180E-07
 2872   -2.074734E-07
 2873   -2.073290E-07
 2874   -2.071848E-07
 2875   -2.070407E-07
 2876   -2.034526E-07
 2877   -2.033112E-07
 2878   -2.031699E-07
 2879   -2.030288E-07
 2880   -2.028878E-07
 2881   -2.035662E-07
 2882   -2.034250E-07
 2883   -2.032839E-07
 2884   -2.031429E-07
 2885   -2.030021E-07
 2886   -2.025628E-07
 2887   -2.024224E-07
 2888   -2.022823E-07
 2889   -2.021423E-07
 2890   -2.020024E-07
 2891   -2.015228E-07
 2892   -2.013835E-07
 2893   -2.012443E-07
 2894   -2.011052E-07
 2895   -2.009663E-07
 2896   -2.011159E-07
 2897   -2.009771E-07
 2898   -2.008384E-07
 2899   -2.006999E-07
 2900   -2.005615E-07
 2901   -1.949929E-07
 2902   -1.948585E-07
 2903   -1.947243E-07
 2904   -1.945902E-07
 2905   -1.944563E-07
 2906   -1.939205E-07
 2907   -1.937872E-07
 2908   -1.936539E-07
 2909   -1.935208E-07
 2910   -1.933878E-07
 2911   -1.877614E-07
 2912   -1.876325E-07
 2913   -1.875037E-07
 2914   -1.873750E-07
 2915   -1.872465E-07
 2916   -1.868290E-07
 2917   -1.867009E-07
 2918   -1.865729E-07
 2919   -1.864451E-07
 2920   -1.863174E-07
 2921   -1.893937E-07
 2922   -1.892641E-07
 2923   -1.891346E-07
 2924   -1.890052E-07
 2925   -1.888760E-07
 2926   -1.835642E-07
 2927   -1.834388E-07
 2928   -1.833135E-07
 2929   -1.831884E-07
 2930   -1.830634E-07
 2931   -1.861483E-07
 2932   -1.860214E-07
 2933   -1.858945E-07
 2934   -1.857678E-07
 2935   -1.856413E-07
 2936   -1.828124E-07
 2937   -1.826879E-07
 2938   -1.825636E-07
 2939   -1.824393E-07
 2940   -1.823153E-07
 2941   -1.795563E-07
 2942   -1.794343E-07
 2943   -1.793123E-07
 2944   -1.791905E-07
 2945   -1.790689E-07
 2946   -1.799385E-07
 2947   -1.798164E-07
 2948   -1.796944E-07
 2949   -1.795726E-07
 2950   -1.794509E-07
 2951   -1.705302E-07
 2952   -1.704147E-07
 2953   -1.702993E-07
 2954   -1.701840E-07
 2955   -1.700689E-07
 2956   -1.707012E-07
 2957   -1.705858E-07
 2958   -1.704705E-07
 2959   -1.703553E-07
 2960   -1.702402E-07
 2961   -1.675351E-07
 2962   -1.674220E-07
 2963   -1.673090E-07
 2964   -1.671961E-07
 2965   -1.670833E-07
 2966   -1.667351E-07
 2967   -1.666227E-07
 2968   -1.665105E-07
 2969   -1.663983E-07
 2970   -1.662863E-07
 2971   -1.669148E-07
 2972   -1.668025E-07
 2973   -1.666903E-07
 2974   -1.665782E-07
 2975   -1.664663E-07
 2976   -1.604024E-07
 2977   -1.602947E-07
 2978   -1.601870E-07
 2979   -1.600795E-07
 2980   -1.599721E-07
 2981   -1.641839E-07
 2982   -1.640738E-07
 2983   -1.639638E-07
 2984   -1.638539E-07
 2985   -1.637442E-07
 2986   -1.595922E-07
 2987   -1.594853E-07
 2988   -1.593786E-07
 2989   -1.592720E-07
 2990   -1.591655E-07
 2991   -1.594236E-07
 2992   -1.593170E-07
 2993   -1.592106E-07
 2994   -1.591042E-07
 2995   -1.589980E-07
 2996   -1.543467E-07
 2997   -1.542438E-07
 2998   -1.541409E-07
 2999   -1.540381E-07
 3000   -1.539354E-07
 3001   -1.480381E-07
 3002   -1.479395E-07
 3003   -1.478410E-07
 3004   -1.477426E-07
 3005   -1.476442E-07
 3006   -1.478128E-07
 3007   -1.477146E-07
 3008   -1.476164E-07
 3009   -1.475183E-07
 3010   -1.474203E-07
 3011   -1.421256E-07
 3012   -1.420312E-07
 3013   -1.419369E-07
 3014   -1.418428E-07
 3015   -1.417487E-07
 3016   -1.399359E-07
 3017   -1.398431E-07
 3018   -1.397505E-07
 3019   -1.396579E-07
 3020   -1.395654E-07
 3021   -1.384536E-07
 3022   -1.383619E-07
 3023   -1.382704E-07
 3024   -1.381790E-07
 3025   -1.380876E-07
 3026   -1.350036E-07
 3027   -1.349144E-07
 3028   -1.348253E-07
 3029   -1.347363E-07
 3030   -1.346473E-07
 3031   -1.390107E-07
 3032   -1.389190E-07
 3033   -1.388274E-07
 3034   -1.387359E-07
 3035   -1.386445E-07
 3036   -1.361529E-07
 3037   -1.360632E-07
 3038   -1.359736E-07
 3039   -1.358842E-07
 3040   -1.357948E-07
 3041   -1.363820E-07
 3042   -1.362924E-07
 3043   -1.362028E-07
 3044   -1.361133E-07
 3045   -1.360240E-07
 3046   -1.329081E-07
 3047   -1.328209E-07
 3048   -1.327338E-07
 3049   -1.326467E-07
 3050   -1.325597E-07
 3051   -1.312466E-07
 3052   -1.311606E-07
 3053   -1.310747E-07
 3054   -1.309888E-07
 3055   -1.309031E-07
 3056   -1.296292E-07
 3057   -1.295444E-07
 3058   -1.294597E-07
 3059   -1.293750E-07
 3060   -1.292905E-07
 3061   -1.250200E-07
 3062   -1.249384E-07
 3063   -1.248568E-07
 3064   -1.247753E-07
 3065   -1.246939E-07
 3066   -1.257615E-07
 3067   -1.256795E-07
 3068   -1.255976E-07
 3069   -1.255157E-07
 3070   -1.254340E-07
 3071   -1.229933E-07
 3072   -1.229133E-07
 3073   -1.228333E-07
 3074   -1.227534E-07
 3075   -1.226736E-07
 3076   -1.217416E-07
 3077   -1.216625E-07
 3078   -1.215835E-07
 3079   -1.215045E-07
 3080   -1.214256E-07
 3081   -1.146427E-07
 3082   -1.145683E-07
 3083   -1.144940E-07
 3084   -1.144197E-07
 3085   -1.143456E-07
 3086   -1.066494E-07
 3087   -1.065803E-07
 3088   -1.065113E-07
 3089   -1.064424E-07
 3090   -1.063735E-07
 3091   -9.454406E-08
 3092   -9.448292E-08
 3093   -9.442183E-08
 3094   -9.436081E-08
 3095   -9.429984E-08
 3096   -7.426266E-08
 3097   -7.421471E-08
 3098   -7.416681E-08
 3099   -7.411895E-08
 3100   -7.407114E-08
 3101   -5.370220E-08
 3102   -5.366758E-08
 3103   -5.363300E-08
 3104   -5.359845E-08
 3105   -5.356393E-08
 3106   -3.362849E-08
 3107   -3.360684E-08
 3108   -3.358522E-08
 3109   -3.356362E-08
 3110   -3.354204E-08
 3111   -2.116526E-08
 3112   -2.115166E-08
 3113   -2.113807E-08
 3114   -2.112449E-08
 3115   -2.111093E-08
 3116   -1.282531E-08
 3117   -1.281708E-08
 3118   -1.280886E-08
 3119   -1.280065E-08
 3120   -1.279244E-08
 3121   -8.190743E-09
 3122   -8.185497E-09
 3123   -8.180255E-09
 3124   -8.175019E-09
 3125   -8.169788E-09
 3126   -5.699447E-09
 3127   -5.695803E-09
 3128   -5.692162E-09
 3129   -5.688524E-09
 3130   -5.684889E-09
 3131   -4.128273E-09
 3132   -4.125638E-09
 3133   -4.123004E-09
 3134   -4.120374E-09
 3135   -4.117745E-09
 3136   -3.234922E-09
 3137   -3.232860E-09
 3138   -3.230800E-09
 3139   -3.228741E-09
 3140   -3.226685E-09
 3141   -2.400120E-09
 3142   -2.398593E-09
 3143   -2.397067E-09
 3144   -2.395542E-09
 3145   -2.394019E-09
 3146   -1.771332E-09
 3147   -1.770206E-09
 3148   -1.769082E-09
 3149   -1.767958E-09
 3150   -1.766836E-09
 3151   -1.301138E-09
 3152   -1.300312E-09
 3153   -1.299488E-09
 3154   -1.298664E-09
 3155   -1.297841E-09
 3156   -8.939308E-10
 3157   -8.933646E-10
 3158   -8.927989E-10
 3159   -8.922337E-10
 3160   -8.916691E-10
 3161   -6.439316E-10
 3162   -6.435244E-10
 3163   -6.431175E-10
 3164   -6.427111E-10
 3165   -6.423050E-10
 3166   -4.724094E-10
 3167   -4.721111E-10
 3168   -4.718131E-10
 3169   -4.715154E-10
 3170   -4.712180E-10
 3171   -3.396516E-10
 3172   -3.394375E-10
 3173   -3.392236E-10
 3174   -3.390099E-10
 3175   -3.387964E-10
 3176   -2.022199E-10
 3177   -2.020927E-10
 3178   -2.019655E-10
 3179   -2.018385E-10
 3180   -2.017115E-10
 3181   -5.567645E-11
 3182   -5.564147E-11
 3183   -5.560651E-11
 3184   -5.557159E-11
 3185   -5.553670E-11
 3186    7.434284E-11
 3187    7.429619E-11
 3188    7.424959E-11
 3189    7.420303E-11
 3190    7.415652E-11
 3191    1.772234E-10
 3192    1.771123E-10
 3193    1.770014E-10
 3194    1.768906E-10
 3195    1.767799E-10
 3196    2.603291E-10
 3197    2.601662E-10
 3198    2.600036E-10
 3199    2.598410E-10
 3200    2.596787E-10
 3201    3.125397E-10
 3202    3.123446E-10
 3203    3.121496E-10
 3204    3.119547E-10
 3205    3.117601E-10
 3206    3.459971E-10
 3207    3.457813E-10
 3208    3.455658E-10
 3209    3.453504E-10
 3210    3.451353E-10
 3211    3.840403E-10
 3212    3.838012E-10
 3213    3.835624E-10
 3214    3.833237E-10
 3215    3.830853E-10
 3216    4.050879E-10
 3217    4.048361E-10
 3218    4.045846E-10
 3219    4.043332E-10
 3220    4.040821E-10
 3221    4.331104E-10
 3222    4.328416E-10
 3223    4.325731E-10
 3224    4.323048E-10
 3225    4.320367E-10
 3226    4.459350E-10
 3227    4.456586E-10
 3228    4.453826E-10
 3229    4.451067E-10
 3230    4.448312E-10
 3231    4.360688E-10
 3232    4.357990E-10
 3233    4.355295E-10
 3234    4.352602E-10
 3235    4.349911E-10
 3236    4.482208E-10
 3237    4.479439E-10
 3238    4.476673E-10
 3239    4.473909E-10
 3240    4.471148E-10
 3241    4.281196E-10
 3242    4.278556E-10
 3243    4.275917E-10
 3244    4.273282E-10
 3245    4.270648E-10
 3246    4.379384E-10
 3247    4.376687E-10
 3248    4.373992E-10
 3249    4.371300E-10
 3250    4.368610E-10
 3251    4.324223E-10
 3252    4.321564E-10
 3253    4.318907E-10
 3254    4.316253E-10
 3255    4.313601E-10
 3256    4.289441E-10
 3257    4.286808E-10
 3258    4.284176E-10
 3259    4.281548E-10
 3260    4.278921E-10
 3261    4.380755E-10
 3262    4.378070E-10
 3263    4.375387E-10
 3264    4.372706E-10
 3265    4.370028E-10
 3266    4.144713E-10
 3267    4.142177E-10
 3268    4.139642E-10
 3269    4.137110E-10
 3270    4.134580E-10
 3271    4.188892E-10
 3272    4.186332E-10
 3273    4.183775E-10
 3274    4.181219E-10
 3275    4.178666E-10
 3276    4.005531E-10
 3277    4.003087E-10
 3278    4.000645E-10
 3279    3.998205E-10
 3280    3.995767E-10
 3281    3.928216E-10
 3282    3.925823E-10
 3283    3.923431E-10
 3284    3.921042E-10
 3285    3.918655E-10
 3286    3.851405E-10
 3287    3.849062E-10
 3288    3.846721E-10
 3289    3.844382E-10
 3290    3.842045E-10
 3291    3.640178E-10
 3292    3.637967E-10
 3293    3.635757E-10
 3294    3.633550E-10
 3295    3.631345E-10
 3296    3.669144E-10
 3297    3.666918E-10
 3298    3.664695E-10
 3299    3.662473E-10
 3300    3.660254E-10
