   50    3.066229E-14
   51    2.233698E-14
   52    2.148620E-14
   53    2.068312E-14
   54    1.992424E-14
   55    1.920636E-14
   56    1.014909E-14
   57    9.796128E-15
   58    9.461267E-15
   59    9.143287E-15
   60    8.841071E-15
   61    5.453582E-15
   62    5.279090E-15
   63    5.112840E-15
   64    4.954321E-15
   65    4.803062E-15
   66    1.422708E-14
   67    1.380559E-14
   68    1.340255E-14
   69    1.301690E-14
   70    1.264767E-14
   71    9.343939E-15
   72    9.086200E-15
   73    8.838979E-15
   74    8.601713E-15
   75    8.373873E-15
   76    1.418903E-14
   77    1.382289E-14
   78    1.347074E-14
   79    1.313188E-14
   80    1.280565E-14
   81    2.168211E-14
   82    2.115652E-14
   83    2.064982E-14
   84    2.016110E-14
   85    1.968953E-14
   86    1.674133E-14
   87    1.635870E-14
   88    1.598903E-14
   89    1.563176E-14
   90    1.528633E-14
   91    1.770790E-14
   92    1.732505E-14
   93    1.695448E-14
   94    1.659567E-14
   95    1.624814E-14
   96    1.291174E-14
   97    1.264690E-14
   98    1.239013E-14
   99    1.214109E-14
  100    1.189949E-14
  101    4.994633E-15
  102    4.897181E-15
  103    4.802554E-15
  104    4.710643E-15
  105    4.621346E-15
  106    3.644520E-15
  107    3.576718E-15
  108    3.510790E-15
  109    3.446669E-15
  110    3.384288E-15
  111    8.985329E-15
  112    8.825596E-15
  113    8.670085E-15
  114    8.518649E-15
  115    8.371145E-15
  116    1.307265E-14
  117    1.285015E-14
  118    1.263327E-14
  119    1.242185E-14
  120    1.221568E-14
  121    2.375182E-14
  122    2.336404E-14
  123    2.298569E-14
  124    2.261646E-14
  125    2.225605E-14
  126    3.235393E-14
  127    3.184643E-14
  128    3.135078E-14
  129    3.086661E-14
  130    3.039357E-14
  131    2.963007E-14
  132    2.918284E-14
  133    2.874565E-14
  134    2.831822E-14
  135    2.790025E-14
  136    2.179154E-14
  137    2.147458E-14
  138    2.116449E-14
  139    2.086106E-14
  140    2.056411E-14
  141    1.310887E-14
  142    1.292489E-14
  143    1.274476E-14
  144    1.256836E-14
  145    1.239561E-14
  146    1.235502E-14
  147    1.218750E-14
  148    1.202336E-14
  149    1.186252E-14
  150    1.170488E-14
  151    2.062811E-14
  152    2.035758E-14
  153    2.009234E-14
  154    1.983225E-14
  155    1.957718E-14
  156    2.297895E-14
  157    2.268716E-14
  158    2.240089E-14
  159    2.212001E-14
  160    2.184437E-14
  161    5.725616E-14
  162    5.655148E-14
  163    5.585973E-14
  164    5.518060E-14
  165    5.451378E-14
  166    4.963974E-14
  167    4.904704E-14
  168    4.846489E-14
  169    4.789304E-14
  170    4.733125E-14
  171    5.986391E-14
  172    5.916985E-14
  173    5.848779E-14
  174    5.781745E-14
  175    5.715857E-14
  176    8.298335E-14
  177    8.204834E-14
  178    8.112905E-14
  179    8.022512E-14
  180    7.933621E-14
  181    4.851431E-14
  182    4.798266E-14
  183    4.745969E-14
  184    4.694523E-14
  185    4.643909E-14
  186    5.493746E-14
  187    5.435147E-14
  188    5.377480E-14
  189    5.320727E-14
  190    5.264867E-14
  191    4.624879E-14
  192    4.576829E-14
  193    4.529524E-14
  194    4.482949E-14
  195    4.437088E-14
  196    4.969044E-14
  197    4.918725E-14
  198    4.869167E-14
  199    4.820354E-14
  200    4.772271E-14
  201    4.542156E-14
  202    4.497296E-14
  203    4.453097E-14
  204    4.409547E-14
  205    4.366632E-14
  206    2.066029E-14
  207    2.046116E-14
  208    2.026489E-14
  209    2.007143E-14
  210    1.988073E-14
  211    2.248599E-15
  212    2.227436E-15
  213    2.206571E-15
  214    2.185997E-15
  215    2.165709E-15
  216    0.000000E+00
  217    0.000000E+00
  218    0.000000E+00
  219    0.000000E+00
  220    0.000000E+00
  221    0.000000E+00
  222    0.000000E+00
  223    0.000000E+00
  224    0.000000E+00
  225    0.000000E+00
  226    4.033907E-16
  227    3.998445E-16
  228    3.963448E-16
  229    3.928908E-16
  230    3.894818E-16
  231    0.000000E+00
  232    0.000000E+00
  233    0.000000E+00
  234    0.000000E+00
  235    0.000000E+00
  236    0.000000E+00
  237    0.000000E+00
  238    0.000000E+00
  239    0.000000E+00
  240    0.000000E+00
  241    0.000000E+00
  242    0.000000E+00
  243    0.000000E+00
  244    0.000000E+00
  245    0.000000E+00
  246    4.608187E-14
  247    4.570950E-14
  248    4.534162E-14
  249    4.497816E-14
  250    4.461905E-14
  251    5.137172E-13
  252    5.096481E-13
  253    5.056273E-13
  254    5.016538E-13
  255    4.977270E-13
  256    7.832555E-13
  257    7.771720E-13
  258    7.711591E-13
  259    7.652158E-13
  260    7.593408E-13
  261    1.627787E-12
  262    1.615385E-12
  263    1.603124E-12
  264    1.591002E-12
  265    1.579017E-12
  266    1.523721E-12
  267    1.512329E-12
  268    1.501064E-12
  269    1.489924E-12
  270    1.478908E-12
  271    2.890293E-12
  272    2.869080E-12
  273    2.848100E-12
  274    2.827349E-12
  275    2.806824E-12
  276    4.182247E-12
  277    4.152105E-12
  278    4.122288E-12
  279    4.092790E-12
  280    4.063608E-12
  281    1.448575E-11
  282    1.438320E-11
  283    1.428173E-11
  284    1.418133E-11
  285    1.408199E-11
  286    2.546362E-11
  287    2.528648E-11
  288    2.511119E-11
  289    2.493771E-11
  290    2.476602E-11
  291    4.014972E-11
  292    3.987519E-11
  293    3.960347E-11
  294    3.933452E-11
  295    3.906830E-11
  296    5.733845E-11
  297    5.695299E-11
  298    5.657139E-11
  299    5.619362E-11
  300    5.581962E-11
  301    6.648317E-11
  302    6.604361E-11
  303    6.560840E-11
  304    6.517748E-11
  305    6.475078E-11
  306    1.024519E-10
  307    1.017855E-10
  308    1.011257E-10
  309    1.004722E-10
  310    9.982503E-11
  311    1.005368E-10
  312    9.989337E-11
  313    9.925610E-11
  314    9.862490E-11
  315    9.799971E-11
  316    1.322006E-10
  317    1.313678E-10
  318    1.305429E-10
  319    1.297257E-10
  320    1.289162E-10
  321    1.597825E-10
  322    1.587916E-10
  323    1.578099E-10
  324    1.568373E-10
  325    1.558736E-10
  326    1.526988E-10
  327    1.517662E-10
  328    1.508423E-10
  329    1.499267E-10
  330    1.490194E-10
  331    2.020953E-10
  332    2.008797E-10
  333    1.996750E-10
  334    1.984811E-10
  335    1.972979E-10
  336    1.858646E-10
  337    1.847632E-10
  338    1.836715E-10
  339    1.825895E-10
  340    1.815170E-10
  341    2.457314E-10
  342    2.442965E-10
  343    2.428741E-10
  344    2.414641E-10
  345    2.400664E-10
  346    2.541064E-10
  347    2.526439E-10
  348    2.511940E-10
  349    2.497566E-10
  350    2.483314E-10
  351    2.493877E-10
  352    2.479727E-10
  353    2.465697E-10
  354    2.451787E-10
  355    2.437993E-10
  356    3.096051E-10
  357    3.078730E-10
  358    3.061555E-10
  359    3.044522E-10
  360    3.027632E-10
  361    2.885991E-10
  362    2.870068E-10
  363    2.854277E-10
  364    2.838616E-10
  365    2.823083E-10
  366    3.412719E-10
  367    3.394146E-10
  368    3.375725E-10
  369    3.357453E-10
  370    3.339329E-10
  371    3.340349E-10
  372    3.322414E-10
  373    3.304623E-10
  374    3.286975E-10
  375    3.269468E-10
  376    3.677253E-10
  377    3.657771E-10
  378    3.638443E-10
  379    3.619268E-10
  380    3.600244E-10
  381    4.094991E-10
  382    4.073579E-10
  383    4.052335E-10
  384    4.031257E-10
  385    4.010342E-10
  386    3.801683E-10
  387    3.782061E-10
  388    3.762591E-10
  389    3.743271E-10
  390    3.724100E-10
  391    4.532104E-10
  392    4.509011E-10
  393    4.486093E-10
  394    4.463350E-10
  395    4.440780E-10
  396    4.307110E-10
  397    4.285439E-10
  398    4.263931E-10
  399    4.242585E-10
  400    4.221399E-10
  401    4.957477E-10
  402    4.932844E-10
  403    4.908393E-10
  404    4.884125E-10
  405    4.860035E-10
  406    5.121971E-10
  407    5.096833E-10
  408    5.071879E-10
  409    5.047108E-10
  410    5.022518E-10
  411    5.148807E-10
  412    5.123843E-10
  413    5.099060E-10
  414    5.074457E-10
  415    5.050031E-10
  416    5.535788E-10
  417    5.509269E-10
  418    5.482941E-10
  419    5.456801E-10
  420    5.430847E-10
  421    5.804046E-10
  422    5.776571E-10
  423    5.749291E-10
  424    5.722204E-10
  425    5.695308E-10
  426    6.252089E-10
  427    6.222839E-10
  428    6.193794E-10
  429    6.164953E-10
  430    6.136312E-10
  431    6.622621E-10
  432    6.591996E-10
  433    6.561583E-10
  434    6.531380E-10
  435    6.501386E-10
  436    7.107596E-10
  437    7.075105E-10
  438    7.042835E-10
  439    7.010786E-10
  440    6.978955E-10
  441    7.075049E-10
  442    7.043071E-10
  443    7.011310E-10
  444    6.979763E-10
  445    6.948429E-10
  446    7.688739E-10
  447    7.654376E-10
  448    7.620243E-10
  449    7.586338E-10
  450    7.552658E-10
  451    7.979898E-10
  452    7.944628E-10
  453    7.909591E-10
  454    7.874785E-10
  455    7.840209E-10
  456    8.676511E-10
  457    8.638581E-10
  458    8.600900E-10
  459    8.563464E-10
  460    8.526272E-10
  461    8.995745E-10
  462    8.956845E-10
  463    8.918196E-10
  464    8.879797E-10
  465    8.841646E-10
  466    8.565249E-10
  467    8.528606E-10
  468    8.492198E-10
  469    8.456023E-10
  470    8.420078E-10
  471    1.039091E-09
  472    1.034692E-09
  473    1.030322E-09
  474    1.025979E-09
  475    1.021664E-09
  476    1.018922E-09
  477    1.014654E-09
  478    1.010413E-09
  479    1.006198E-09
  480    1.002010E-09
  481    1.166012E-09
  482    1.161178E-09
  483    1.156375E-09
  484    1.151602E-09
  485    1.146858E-09
  486    1.130010E-09
  487    1.125374E-09
  488    1.120766E-09
  489    1.116187E-09
  490    1.111636E-09
  491    1.125719E-09
  492    1.121147E-09
  493    1.116604E-09
  494    1.112088E-09
  495    1.107599E-09
  496    1.323009E-09
  497    1.317690E-09
  498    1.312404E-09
  499    1.307149E-09
  500    1.301925E-09
  501    1.250709E-09
  502    1.245731E-09
  503    1.240783E-09
  504    1.235864E-09
  505    1.230974E-09
  506    1.453305E-09
  507    1.447578E-09
  508    1.441884E-09
  509    1.436224E-09
  510    1.430597E-09
  511    1.457565E-09
  512    1.451877E-09
  513    1.446222E-09
  514    1.440600E-09
  515    1.435011E-09
  516    1.517395E-09
  517    1.511531E-09
  518    1.505700E-09
  519    1.499904E-09
  520    1.494140E-09
  521    1.707867E-09
  522    1.701330E-09
  523    1.694830E-09
  524    1.688367E-09
  525    1.681941E-09
  526    1.520915E-09
  527    1.515149E-09
  528    1.509415E-09
  529    1.503714E-09
  530    1.498045E-09
  531    1.868263E-09
  532    1.861246E-09
  533    1.854268E-09
  534    1.847330E-09
  535    1.840431E-09
  536    1.808995E-09
  537    1.802264E-09
  538    1.795571E-09
  539    1.788914E-09
  540    1.782295E-09
  541    2.050677E-09
  542    2.043117E-09
  543    2.035599E-09
  544    2.028122E-09
  545    2.020686E-09
  546    2.094205E-09
  547    2.086555E-09
  548    2.078946E-09
  549    2.071380E-09
  550    2.063854E-09
  551    2.021940E-09
  552    2.014621E-09
  553    2.007341E-09
  554    2.000101E-09
  555    1.992900E-09
  556    2.415272E-09
  557    2.406608E-09
  558    2.397990E-09
  559    2.389418E-09
  560    2.380892E-09
  561    2.276404E-09
  562    2.268310E-09
  563    2.260260E-09
  564    2.252252E-09
  565    2.244286E-09
  566    2.615201E-09
  567    2.605985E-09
  568    2.596817E-09
  569    2.587697E-09
  570    2.578626E-09
  571    2.546488E-09
  572    2.537592E-09
  573    2.528743E-09
  574    2.519940E-09
  575    2.511182E-09
  576    2.832250E-09
  577    2.822441E-09
  578    2.812683E-09
  579    2.802976E-09
  580    2.793319E-09
  581    2.953073E-09
  582    2.942934E-09
  583    2.932846E-09
  584    2.922811E-09
  585    2.912827E-09
  586    2.971626E-09
  587    2.961510E-09
  588    2.951445E-09
  589    2.941432E-09
  590    2.931470E-09
  591    3.346974E-09
  592    3.335677E-09
  593    3.324436E-09
  594    3.313252E-09
  595    3.302124E-09
  596    3.367468E-09
  597    3.356196E-09
  598    3.344981E-09
  599    3.333822E-09
  600    3.322718E-09
  601    3.698644E-09
  602    3.686366E-09
  603    3.674150E-09
  604    3.661994E-09
  605    3.649898E-09
  606    3.715719E-09
  607    3.703486E-09
  608    3.691314E-09
  609    3.679201E-09
  610    3.667148E-09
  611    3.728706E-09
  612    3.716531E-09
  613    3.704415E-09
  614    3.692358E-09
  615    3.680360E-09
  616    4.381706E-09
  617    4.367514E-09
  618    4.353392E-09
  619    4.339337E-09
  620    4.325350E-09
  621    4.231321E-09
  622    4.217726E-09
  623    4.204197E-09
  624    4.190733E-09
  625    4.177333E-09
  626    4.745702E-09
  627    4.730576E-09
  628    4.715523E-09
  629    4.700541E-09
  630    4.685631E-09
  631    4.647859E-09
  632    4.633163E-09
  633    4.618535E-09
  634    4.603977E-09
  635    4.589488E-09
  636    4.950964E-09
  637    4.935432E-09
  638    4.919973E-09
  639    4.904586E-09
  640    4.889271E-09
  641    5.504931E-09
  642    5.487795E-09
  643    5.470739E-09
  644    5.453762E-09
  645    5.436864E-09
  646    5.278494E-09
  647    5.262190E-09
  648    5.245961E-09
  649    5.229807E-09
  650    5.213728E-09
  651    6.028305E-09
  652    6.009827E-09
  653    5.991434E-09
  654    5.973126E-09
  655    5.954901E-09
  656    5.981437E-09
  657    5.963243E-09
  658    5.945131E-09
  659    5.927102E-09
  660    5.909155E-09
  661    6.360010E-09
  662    6.340809E-09
  663    6.321696E-09
  664    6.302669E-09
  665    6.283728E-09
  666    6.683957E-09
  667    6.663930E-09
  668    6.643993E-09
  669    6.624145E-09
  670    6.604386E-09
  671    6.514664E-09
  672    6.495290E-09
  673    6.476002E-09
  674    6.456799E-09
  675    6.437682E-09
  676    7.561120E-09
  677    7.538799E-09
  678    7.516577E-09
  679    7.494454E-09
  680    7.472427E-09
  681    7.270618E-09
  682    7.249312E-09
  683    7.228100E-09
  684    7.206980E-09
  685    7.185953E-09
  686    8.231952E-09
  687    8.208004E-09
  688    8.184161E-09
  689    8.160422E-09
  690    8.136785E-09
  691    8.270865E-09
  692    8.246978E-09
  693    8.223194E-09
  694    8.199513E-09
  695    8.175935E-09
  696    8.487875E-09
  697    8.463537E-09
  698    8.439304E-09
  699    8.415174E-09
  700    8.391148E-09
  701    9.395699E-09
  702    9.368950E-09
  703    9.342315E-09
  704    9.315793E-09
  705    9.289384E-09
  706    8.887497E-09
  707    8.862374E-09
  708    8.837356E-09
  709    8.812445E-09
  710    8.787639E-09
  711    1.010955E-08
  712    1.008117E-08
  713    1.005291E-08
  714    1.002477E-08
  715    9.996751E-09
  716    1.013425E-08
  717    1.010600E-08
  718    1.007787E-08
  719    1.004986E-08
  720    1.002196E-08
  721    1.104379E-08
  722    1.101321E-08
  723    1.098277E-08
  724    1.095245E-08
  725    1.092226E-08
  726    1.134972E-08
  727    1.131852E-08
  728    1.128744E-08
  729    1.125650E-08
  730    1.122568E-08
  731    1.122429E-08
  732    1.119365E-08
  733    1.116313E-08
  734    1.113273E-08
  735    1.110246E-08
  736    1.226533E-08
  737    1.223206E-08
  738    1.219894E-08
  739    1.216594E-08
  740    1.213309E-08
  741    1.244253E-08
  742    1.240901E-08
  743    1.237563E-08
  744    1.234239E-08
  745    1.230928E-08
  746    1.336039E-08
  747    1.332465E-08
  748    1.328904E-08
  749    1.325358E-08
  750    1.321826E-08
  751    1.387201E-08
  752    1.383514E-08
  753    1.379842E-08
  754    1.376184E-08
  755    1.372541E-08
  756    1.336548E-08
  757    1.333019E-08
  758    1.329504E-08
  759    1.326003E-08
  760    1.322516E-08
  761    1.573727E-08
  762    1.569599E-08
  763    1.565487E-08
  764    1.561392E-08
  765    1.557312E-08
  766    1.503494E-08
  767    1.499576E-08
  768    1.495673E-08
  769    1.491786E-08
  770    1.487914E-08
  771    1.584728E-08
  772    1.580625E-08
  773    1.576538E-08
  774    1.572467E-08
  775    1.568412E-08
  776    1.629676E-08
  777    1.625484E-08
  778    1.621308E-08
  779    1.617148E-08
  780    1.613005E-08
  781    1.722871E-08
  782    1.718467E-08
  783    1.714081E-08
  784    1.709711E-08
  785    1.705358E-08
  786    1.793089E-08
  787    1.788535E-08
  788    1.783999E-08
  789    1.779479E-08
  790    1.774977E-08
  791    1.819866E-08
  792    1.815273E-08
  793    1.810698E-08
  794    1.806140E-08
  795    1.801599E-08
  796    1.948140E-08
  797    1.943254E-08
  798    1.938387E-08
  799    1.933538E-08
  800    1.928707E-08
  801    1.960965E-08
  802    1.956078E-08
  803    1.951209E-08
  804    1.946358E-08
  805    1.941525E-08
  806    2.089118E-08
  807    2.083943E-08
  808    2.078788E-08
  809    2.073652E-08
  810    2.068535E-08
  811    2.140450E-08
  812    2.135181E-08
  813    2.129932E-08
  814    2.124702E-08
  815    2.119491E-08
  816    2.203898E-08
  817    2.198506E-08
  818    2.193134E-08
  819    2.187781E-08
  820    2.182449E-08
  821    2.348560E-08
  822    2.342849E-08
  823    2.337159E-08
  824    2.331490E-08
  825    2.325841E-08
  826    2.439580E-08
  827    2.433684E-08
  828    2.427809E-08
  829    2.421955E-08
  830    2.416123E-08
  831    2.588706E-08
  832    2.582486E-08
  833    2.576290E-08
  834    2.570115E-08
  835    2.563963E-08
  836    2.574876E-08
  837    2.568727E-08
  838    2.562600E-08
  839    2.556495E-08
  840    2.550412E-08
  841    2.637051E-08
  842    2.630791E-08
  843    2.624553E-08
  844    2.618338E-08
  845    2.612144E-08
  846    2.887447E-08
  847    2.880633E-08
  848    2.873843E-08
  849    2.867077E-08
  850    2.860335E-08
  851    2.801267E-08
  852    2.794695E-08
  853    2.788147E-08
  854    2.781621E-08
  855    2.775118E-08
  856    3.019009E-08
  857    3.011968E-08
  858    3.004951E-08
  859    2.997959E-08
  860    2.990991E-08
  861    2.960708E-08
  862    2.953843E-08
  863    2.947001E-08
  864    2.940184E-08
  865    2.933389E-08
  866    3.271772E-08
  867    3.264229E-08
  868    3.256712E-08
  869    3.249221E-08
  870    3.241756E-08
  871    3.356480E-08
  872    3.348786E-08
  873    3.341119E-08
  874    3.333478E-08
  875    3.325863E-08
  876    3.346174E-08
  877    3.338548E-08
  878    3.330947E-08
  879    3.323373E-08
  880    3.315824E-08
  881    3.573459E-08
  882    3.565361E-08
  883    3.557290E-08
  884    3.549246E-08
  885    3.541230E-08
  886    3.576628E-08
  887    3.568568E-08
  888    3.560535E-08
  889    3.552530E-08
  890    3.544551E-08
  891    3.794873E-08
  892    3.786369E-08
  893    3.777894E-08
  894    3.769447E-08
  895    3.761028E-08
  896    3.859693E-08
  897    3.851092E-08
  898    3.842520E-08
  899    3.833976E-08
  900    3.825461E-08
  901    3.903985E-08
  902    3.895333E-08
  903    3.886710E-08
  904    3.878116E-08
  905    3.869551E-08
  906    4.264232E-08
  907    4.254834E-08
  908    4.245467E-08
  909    4.236132E-08
  910    4.226827E-08
  911    4.170743E-08
  912    4.161602E-08
  913    4.152490E-08
  914    4.143409E-08
  915    4.134357E-08
  916    4.607732E-08
  917    4.597688E-08
  918    4.587677E-08
  919    4.577698E-08
  920    4.567752E-08
  921    4.466154E-08
  922    4.456471E-08
  923    4.446820E-08
  924    4.437200E-08
  925    4.427611E-08
  926    4.678959E-08
  927    4.668870E-08
  928    4.658813E-08
  929    4.648788E-08
  930    4.638796E-08
  931    5.080293E-08
  932    5.069396E-08
  933    5.058535E-08
  934    5.047709E-08
  935    5.036918E-08
  936    4.769679E-08
  937    4.759504E-08
  938    4.749361E-08
  939    4.739251E-08
  940    4.729173E-08
  941    5.237812E-08
  942    5.226697E-08
  943    5.215618E-08
  944    5.204574E-08
  945    5.193565E-08
  946    5.199547E-08
  947    5.188572E-08
  948    5.177631E-08
  949    5.166725E-08
  950    5.155854E-08
  951    5.475452E-08
  952    5.463955E-08
  953    5.452494E-08
  954    5.441069E-08
  955    5.429680E-08
  956    5.559326E-08
  957    5.547714E-08
  958    5.536138E-08
  959    5.524599E-08
  960    5.513095E-08
  961    5.490876E-08
  962    5.479467E-08
  963    5.468093E-08
  964    5.456754E-08
  965    5.445450E-08
  966    6.118711E-08
  967    6.106062E-08
  968    6.093453E-08
  969    6.080882E-08
  970    6.068351E-08
  971    5.797409E-08
  972    5.785487E-08
  973    5.773601E-08
  974    5.761751E-08
  975    5.749938E-08
  976    6.432035E-08
  977    6.418875E-08
  978    6.405755E-08
  979    6.392675E-08
  980    6.379635E-08
  981    6.428321E-08
  982    6.415235E-08
  983    6.402189E-08
  984    6.389183E-08
  985    6.376217E-08
  986    6.390579E-08
  987    6.377636E-08
  988    6.364733E-08
  989    6.351868E-08
  990    6.339043E-08
  991    6.820331E-08
  992    6.806588E-08
  993    6.792885E-08
  994    6.779225E-08
  995    6.765605E-08
  996    6.733577E-08
  997    6.720076E-08
  998    6.706616E-08
  999    6.693196E-08
 1000    6.679816E-08
 1001    7.049241E-08
 1002    7.035177E-08
 1003    7.021156E-08
 1004    7.007177E-08
 1005    6.993239E-08
 1006    7.041089E-08
 1007    7.027112E-08
 1008    7.013176E-08
 1009    6.999281E-08
 1010    6.985428E-08
 1011    7.207837E-08
 1012    7.193599E-08
 1013    7.179404E-08
 1014    7.165250E-08
 1015    7.151139E-08
 1016    7.923826E-08
 1017    7.908251E-08
 1018    7.892721E-08
 1019    7.877238E-08
 1020    7.861800E-08
 1021    7.548397E-08
 1022    7.533633E-08
 1023    7.518911E-08
 1024    7.504233E-08
 1025    7.489598E-08
 1026    7.858783E-08
 1027    7.843486E-08
 1028    7.828234E-08
 1029    7.813026E-08
 1030    7.797862E-08
 1031    7.954708E-08
 1032    7.939300E-08
 1033    7.923936E-08
 1034    7.908617E-08
 1035    7.893342E-08
 1036    8.121344E-08
 1037    8.105689E-08
 1038    8.090078E-08
 1039    8.074513E-08
 1040    8.058992E-08
 1041    8.554979E-08
 1042    8.538567E-08
 1043    8.522202E-08
 1044    8.505883E-08
 1045    8.489612E-08
 1046    8.459862E-08
 1047    8.443710E-08
 1048    8.427603E-08
 1049    8.411543E-08
 1050    8.395529E-08
 1051    8.754684E-08
 1052    8.738048E-08
 1053    8.721460E-08
 1054    8.704918E-08
 1055    8.688424E-08
 1056    8.766495E-08
 1057    8.749915E-08
 1058    8.733382E-08
 1059    8.716897E-08
 1060    8.700457E-08
 1061    9.054546E-08
 1062    9.037502E-08
 1063    9.020506E-08
 1064    9.003559E-08
 1065    8.986658E-08
 1066    9.401191E-08
 1067    9.383577E-08
 1068    9.366013E-08
 1069    9.348498E-08
 1070    9.331033E-08
 1071    9.590147E-08
 1072    9.572264E-08
 1073    9.554430E-08
 1074    9.536646E-08
 1075    9.518912E-08
 1076    9.383520E-08
 1077    9.366103E-08
 1078    9.348734E-08
 1079    9.331414E-08
 1080    9.314141E-08
 1081    1.009692E-07
 1082    1.007827E-07
 1083    1.005966E-07
 1084    1.004111E-07
 1085    1.002261E-07
 1086    1.011142E-07
 1087    1.009283E-07
 1088    1.007428E-07
 1089    1.005579E-07
 1090    1.003735E-07
 1091    1.015636E-07
 1092    1.013777E-07
 1093    1.011923E-07
 1094    1.010074E-07
 1095    1.008230E-07
 1096    1.056408E-07
 1097    1.054483E-07
 1098    1.052563E-07
 1099    1.050648E-07
 1100    1.048739E-07
 1101    1.093440E-07
 1102    1.091457E-07
 1103    1.089479E-07
 1104    1.087506E-07
 1105    1.085538E-07
 1106    1.066815E-07
 1107    1.064888E-07
 1108    1.062967E-07
 1109    1.061051E-07
 1110    1.059140E-07
 1111    1.103965E-07
 1112    1.101980E-07
 1113    1.100001E-07
 1114    1.098027E-07
 1115    1.096058E-07
 1116    1.107855E-07
 1117    1.105872E-07
 1118    1.103894E-07
 1119    1.101922E-07
 1120    1.099955E-07
 1121    1.186048E-07
 1122    1.183934E-07
 1123    1.181827E-07
 1124    1.179725E-07
 1125    1.177628E-07
 1126    1.138305E-07
 1127    1.136286E-07
 1128    1.134272E-07
 1129    1.132264E-07
 1130    1.130261E-07
 1131    1.188921E-07
 1132    1.186821E-07
 1133    1.184727E-07
 1134    1.182639E-07
 1135    1.180556E-07
 1136    1.201304E-07
 1137    1.199192E-07
 1138    1.197085E-07
 1139    1.194984E-07
 1140    1.192888E-07
 1141    1.226756E-07
 1142    1.224609E-07
 1143    1.222467E-07
 1144    1.220331E-07
 1145    1.218200E-07
 1146    1.287895E-07
 1147    1.285650E-07
 1148    1.283411E-07
 1149    1.281178E-07
 1150    1.278951E-07
 1151    1.237451E-07
 1152    1.235304E-07
 1153    1.233162E-07
 1154    1.231026E-07
 1155    1.228895E-07
 1156    1.288711E-07
 1157    1.286485E-07
 1158    1.284264E-07
 1159    1.282048E-07
 1160    1.279839E-07
 1161    1.279205E-07
 1162    1.277005E-07
 1163    1.274809E-07
 1164    1.272620E-07
 1165    1.270436E-07
 1166    1.311462E-07
 1167    1.309215E-07
 1168    1.306974E-07
 1169    1.304739E-07
 1170    1.302510E-07
 1171    1.386559E-07
 1172    1.384194E-07
 1173    1.381835E-07
 1174    1.379482E-07
 1175    1.377135E-07
 1176    1.305175E-07
 1177    1.302959E-07
 1178    1.300747E-07
 1179    1.298542E-07
 1180    1.296342E-07
 1181    1.396920E-07
 1182    1.394557E-07
 1183    1.392201E-07
 1184    1.389850E-07
 1185    1.387505E-07
 1186    1.423552E-07
 1187    1.421154E-07
 1188    1.418762E-07
 1189    1.416377E-07
 1190    1.413998E-07
 1191    1.398063E-07
 1192    1.395718E-07
 1193    1.393379E-07
 1194    1.391046E-07
 1195    1.388719E-07
 1196    1.444170E-07
 1197    1.441758E-07
 1198    1.439352E-07
 1199    1.436952E-07
 1200    1.434559E-07
 1201    1.416793E-07
 1202    1.414437E-07
 1203    1.412086E-07
 1204    1.409742E-07
 1205    1.407403E-07
 1206    1.487288E-07
 1207    1.484825E-07
 1208    1.482368E-07
 1209    1.479916E-07
 1210    1.477471E-07
 1211    1.454927E-07
 1212    1.452527E-07
 1213    1.450133E-07
 1214    1.447745E-07
 1215    1.445363E-07
 1216    1.470477E-07
 1217    1.468062E-07
 1218    1.465652E-07
 1219    1.463248E-07
 1220    1.460850E-07
 1221    1.535169E-07
 1222    1.532657E-07
 1223    1.530152E-07
 1224    1.527652E-07
 1225    1.525159E-07
 1226    1.461811E-07
 1227    1.459429E-07
 1228    1.457053E-07
 1229    1.454683E-07
 1230    1.452318E-07
 1231    1.577170E-07
 1232    1.574610E-07
 1233    1.572057E-07
 1234    1.569510E-07
 1235    1.566970E-07
 1236    1.525416E-07
 1237    1.522950E-07
 1238    1.520491E-07
 1239    1.518037E-07
 1240    1.515590E-07
 1241    1.538916E-07
 1242    1.536439E-07
 1243    1.533968E-07
 1244    1.531503E-07
 1245    1.529043E-07
 1246    1.599569E-07
 1247    1.597004E-07
 1248    1.594446E-07
 1249    1.591894E-07
 1250    1.589348E-07
 1251    1.553557E-07
 1252    1.551077E-07
 1253    1.548602E-07
 1254    1.546133E-07
 1255    1.543670E-07
 1256    1.660336E-07
 1257    1.657696E-07
 1258    1.655061E-07
 1259    1.652433E-07
 1260    1.649811E-07
 1261    1.558583E-07
 1262    1.556114E-07
 1263    1.553651E-07
 1264    1.551193E-07
 1265    1.548742E-07
 1266    1.628336E-07
 1267    1.625766E-07
 1268    1.623203E-07
 1269    1.620646E-07
 1270    1.618095E-07
 1271    1.662697E-07
 1272    1.660084E-07
 1273    1.657477E-07
 1274    1.654876E-07
 1275    1.652281E-07
 1276    1.607683E-07
 1277    1.605166E-07
 1278    1.602655E-07
 1279    1.600150E-07
 1280    1.597650E-07
 1281    1.650453E-07
 1282    1.647879E-07
 1283    1.645312E-07
 1284    1.642750E-07
 1285    1.640194E-07
 1286    1.634096E-07
 1287    1.631558E-07
 1288    1.629025E-07
 1289    1.626498E-07
 1290    1.623978E-07
 1291    1.712207E-07
 1292    1.709557E-07
 1293    1.706914E-07
 1294    1.704277E-07
 1295    1.701646E-07
 1296    1.669903E-07
 1297    1.667329E-07
 1298    1.664761E-07
 1299    1.662199E-07
 1300    1.659643E-07
 1301    1.683783E-07
 1302    1.681198E-07
 1303    1.678618E-07
 1304    1.676044E-07
 1305    1.673477E-07
 1306    1.674226E-07
 1307    1.671665E-07
 1308    1.669110E-07
 1309    1.666561E-07
 1310    1.664017E-07
 1311    1.675523E-07
 1312    1.672970E-07
 1313    1.670422E-07
 1314    1.667881E-07
 1315    1.665345E-07
 1316    1.709262E-07
 1317    1.706667E-07
 1318    1.704078E-07
 1319    1.701495E-07
 1320    1.698918E-07
 1321    1.665539E-07
 1322    1.663020E-07
 1323    1.660507E-07
 1324    1.657999E-07
 1325    1.655498E-07
 1326    1.676366E-07
 1327    1.673841E-07
 1328    1.671321E-07
 1329    1.668806E-07
 1330    1.666298E-07
 1331    1.663420E-07
 1332    1.660923E-07
 1333    1.658432E-07
 1334    1.655947E-07
 1335    1.653467E-07
 1336    1.675064E-07
 1337    1.672560E-07
 1338    1.670061E-07
 1339    1.667567E-07
 1340    1.665079E-07
 1341    1.701611E-07
 1342    1.699077E-07
 1343    1.696547E-07
 1344    1.694023E-07
 1345    1.691505E-07
 1346    1.675225E-07
 1347    1.672739E-07
 1348    1.670258E-07
 1349    1.667783E-07
 1350    1.665313E-07
 1351    1.698904E-07
 1352    1.696392E-07
 1353    1.693885E-07
 1354    1.691384E-07
 1355    1.688889E-07
 1356    1.700100E-07
 1357    1.697595E-07
 1358    1.695096E-07
 1359    1.692602E-07
 1360    1.690114E-07
 1361    1.679268E-07
 1362    1.676803E-07
 1363    1.674343E-07
 1364    1.671889E-07
 1365    1.669440E-07
 1366    1.663891E-07
 1367    1.661457E-07
 1368    1.659029E-07
 1369    1.656606E-07
 1370    1.654189E-07
 1371    1.658567E-07
 1372    1.656150E-07
 1373    1.653739E-07
 1374    1.651332E-07
 1375    1.648931E-07
 1376    1.723404E-07
 1377    1.720902E-07
 1378    1.718405E-07
 1379    1.715914E-07
 1380    1.713428E-07
 1381    1.651394E-07
 1382    1.649005E-07
 1383    1.646621E-07
 1384    1.644243E-07
 1385    1.641869E-07
 1386    1.685458E-07
 1387    1.683028E-07
 1388    1.680604E-07
 1389    1.678185E-07
 1390    1.675771E-07
 1391    1.617562E-07
 1392    1.615239E-07
 1393    1.612921E-07
 1394    1.610607E-07
 1395    1.608299E-07
 1396    1.683718E-07
 1397    1.681309E-07
 1398    1.678904E-07
 1399    1.676505E-07
 1400    1.674111E-07
 1401    1.687491E-07
 1402    1.685085E-07
 1403    1.682684E-07
 1404    1.680288E-07
 1405    1.677897E-07
 1406    1.635611E-07
 1407    1.633287E-07
 1408    1.630968E-07
 1409    1.628654E-07
 1410    1.626345E-07
 1411    1.649397E-07
 1412    1.647062E-07
 1413    1.644731E-07
 1414    1.642406E-07
 1415    1.640085E-07
 1416    1.608171E-07
 1417    1.605902E-07
 1418    1.603637E-07
 1419    1.601378E-07
 1420    1.599123E-07
 1421    1.611342E-07
 1422    1.609077E-07
 1423    1.606816E-07
 1424    1.604560E-07
 1425    1.602309E-07
 1426    1.648893E-07
 1427    1.646582E-07
 1428    1.644277E-07
 1429    1.641977E-07
 1430    1.639681E-07
 1431    1.601232E-07
 1432    1.598997E-07
 1433    1.596766E-07
 1434    1.594540E-07
 1435    1.592318E-07
 1436    1.617149E-07
 1437    1.614900E-07
 1438    1.612654E-07
 1439    1.610414E-07
 1440    1.608178E-07
 1441    1.584753E-07
 1442    1.582556E-07
 1443    1.580363E-07
 1444    1.578175E-07
 1445    1.575991E-07
 1446    1.578510E-07
 1447    1.576329E-07
 1448    1.574152E-07
 1449    1.571980E-07
 1450    1.569813E-07
 1451    1.558701E-07
 1452    1.556555E-07
 1453    1.554413E-07
 1454    1.552276E-07
 1455    1.550143E-07
 1456    1.496680E-07
 1457    1.494626E-07
 1458    1.492577E-07
 1459    1.490532E-07
 1460    1.488490E-07
 1461    1.578089E-07
 1462    1.575930E-07
 1463    1.573777E-07
 1464    1.571628E-07
 1465    1.569483E-07
 1466    1.488819E-07
 1467    1.486790E-07
 1468    1.484765E-07
 1469    1.482744E-07
 1470    1.480727E-07
 1471    1.510847E-07
 1472    1.508795E-07
 1473    1.506747E-07
 1474    1.504704E-07
 1475    1.502664E-07
 1476    1.436347E-07
 1477    1.434402E-07
 1478    1.432462E-07
 1479    1.430526E-07
 1480    1.428593E-07
 1481    1.441465E-07
 1482    1.439521E-07
 1483    1.437580E-07
 1484    1.435643E-07
 1485    1.433710E-07
 1486    1.463403E-07
 1487    1.461436E-07
 1488    1.459472E-07
 1489    1.457512E-07
 1490    1.455556E-07
 1491    1.405051E-07
 1492    1.403168E-07
 1493    1.401289E-07
 1494    1.399414E-07
 1495    1.397543E-07
 1496    1.398232E-07
 1497    1.396365E-07
 1498    1.394501E-07
 1499    1.392641E-07
 1500    1.390785E-07
 1501    1.374372E-07
 1502    1.372542E-07
 1503    1.370716E-07
 1504    1.368894E-07
 1505    1.367076E-07
 1506    1.363300E-07
 1507    1.361491E-07
 1508    1.359686E-07
 1509    1.357885E-07
 1510    1.356087E-07
 1511    1.362242E-07
 1512    1.360441E-07
 1513    1.358643E-07
 1514    1.356849E-07
 1515    1.355058E-07
 1516    1.296602E-07
 1517    1.294894E-07
 1518    1.293188E-07
 1519    1.291486E-07
 1520    1.289787E-07
 1521    1.294961E-07
 1522    1.293260E-07
 1523    1.291562E-07
 1524    1.289868E-07
 1525    1.288177E-07
 1526    1.313948E-07
 1527    1.312228E-07
 1528    1.310511E-07
 1529    1.308797E-07
 1530    1.307087E-07
 1531    1.269369E-07
 1532    1.267712E-07
 1533    1.266059E-07
 1534    1.264409E-07
 1535    1.262762E-07
 1536    1.235800E-07
 1537    1.234192E-07
 1538    1.232588E-07
 1539    1.230986E-07
 1540    1.229388E-07
 1541    1.175950E-07
 1542    1.174425E-07
 1543    1.172903E-07
 1544    1.171384E-07
 1545    1.169868E-07
 1546    1.229560E-07
 1547    1.227971E-07
 1548    1.226385E-07
 1549    1.224802E-07
 1550    1.223223E-07
 1551    1.164684E-07
 1552    1.163184E-07
 1553    1.161686E-07
 1554    1.160192E-07
 1555    1.158700E-07
 1556    1.176840E-07
 1557    1.175329E-07
 1558    1.173820E-07
 1559    1.172315E-07
 1560    1.170812E-07
 1561    1.141410E-07
 1562    1.139949E-07
 1563    1.138491E-07
 1564    1.137036E-07
 1565    1.135583E-07
 1566    1.109829E-07
 1567    1.108413E-07
 1568    1.107000E-07
 1569    1.105589E-07
 1570    1.104181E-07
 1571    1.096313E-07
 1572    1.094918E-07
 1573    1.093527E-07
 1574    1.092138E-07
 1575    1.090751E-07
 1576    1.083565E-07
 1577    1.082191E-07
 1578    1.080820E-07
 1579    1.079452E-07
 1580    1.078086E-07
 1581    1.054446E-07
 1582    1.053113E-07
 1583    1.051783E-07
 1584    1.050455E-07
 1585    1.049130E-07
 1586    1.052995E-07
 1587    1.051668E-07
 1588    1.050344E-07
 1589    1.049022E-07
 1590    1.047703E-07
 1591    1.024200E-07
 1592    1.022913E-07
 1593    1.021629E-07
 1594    1.020348E-07
 1595    1.019069E-07
 1596    1.011948E-07
 1597    1.010681E-07
 1598    1.009416E-07
 1599    1.008154E-07
 1600    1.006894E-07
 1601    9.931479E-08
 1602    9.919084E-08
 1603    9.906712E-08
 1604    9.894363E-08
 1605    9.882038E-08
 1606    9.784150E-08
 1607    9.771976E-08
 1608    9.759826E-08
 1609    9.747698E-08
 1610    9.735593E-08
 1611    9.879974E-08
 1612    9.867720E-08
 1613    9.855488E-08
 1614    9.843280E-08
 1615    9.831094E-08
 1616    9.533271E-08
 1617    9.521483E-08
 1618    9.509717E-08
 1619    9.497973E-08
 1620    9.486251E-08
 1621    9.437810E-08
 1622    9.426176E-08
 1623    9.414564E-08
 1624    9.402973E-08
 1625    9.391404E-08
 1626    9.172094E-08
 1627    9.160823E-08
 1628    9.149572E-08
 1629    9.138343E-08
 1630    9.127133E-08
 1631    9.348859E-08
 1632    9.337406E-08
 1633    9.325973E-08
 1634    9.314562E-08
 1635    9.303171E-08
 1636    9.061166E-08
 1637    9.050099E-08
 1638    9.039052E-08
 1639    9.028025E-08
 1640    9.017019E-08
 1641    9.163291E-08
 1642    9.152133E-08
 1643    9.140996E-08
 1644    9.129879E-08
 1645    9.118782E-08
 1646    8.966893E-08
 1647    8.956007E-08
 1648    8.945142E-08
 1649    8.934296E-08
 1650    8.923470E-08
 1651    9.160720E-08
 1652    9.149633E-08
 1653    9.138566E-08
 1654    9.127519E-08
 1655    9.116493E-08
 1656    9.046158E-08
 1657    9.035243E-08
 1658    9.024347E-08
 1659    9.013471E-08
 1660    9.002615E-08
 1661    8.854205E-08
 1662    8.843553E-08
 1663    8.832921E-08
 1664    8.822307E-08
 1665    8.811713E-08
 1666    9.177531E-08
 1667    9.166523E-08
 1668    9.155536E-08
 1669    9.144568E-08
 1670    9.133619E-08
 1671    9.157095E-08
 1672    9.146145E-08
 1673    9.135215E-08
 1674    9.124304E-08
 1675    9.113412E-08
 1676    9.407880E-08
 1677    9.396663E-08
 1678    9.385466E-08
 1679    9.374290E-08
 1680    9.363133E-08
 1681    9.343941E-08
 1682    9.332834E-08
 1683    9.321746E-08
 1684    9.310679E-08
 1685    9.299631E-08
 1686    9.457287E-08
 1687    9.446078E-08
 1688    9.434889E-08
 1689    9.423721E-08
 1690    9.412572E-08
 1691    9.616495E-08
 1692    9.605131E-08
 1693    9.593788E-08
 1694    9.582464E-08
 1695    9.571161E-08
 1696    9.756840E-08
 1697    9.745344E-08
 1698    9.733869E-08
 1699    9.722414E-08
 1700    9.710979E-08
 1701    9.983786E-08
 1702    9.972058E-08
 1703    9.960350E-08
 1704    9.948663E-08
 1705    9.936997E-08
 1706    1.002683E-07
 1707    1.001509E-07
 1708    1.000336E-07
 1709    9.991660E-08
 1710    9.979977E-08
 1711    1.016093E-07
 1712    1.014907E-07
 1713    1.013722E-07
 1714    1.012540E-07
 1715    1.011359E-07
 1716    1.056552E-07
 1717    1.055321E-07
 1718    1.054093E-07
 1719    1.052867E-07
 1720    1.051643E-07
 1721    1.065049E-07
 1722    1.063813E-07
 1723    1.062578E-07
 1724    1.061346E-07
 1725    1.060116E-07
 1726    1.138979E-07
 1727    1.137660E-07
 1728    1.136344E-07
 1729    1.135030E-07
 1730    1.133718E-07
 1731    1.149231E-07
 1732    1.147905E-07
 1733    1.146580E-07
 1734    1.145258E-07
 1735    1.143938E-07
 1736    1.209502E-07
 1737    1.208110E-07
 1738    1.206720E-07
 1739    1.205332E-07
 1740    1.203947E-07
 1741    1.254267E-07
 1742    1.252827E-07
 1743    1.251390E-07
 1744    1.249955E-07
 1745    1.248523E-07
 1746    1.269868E-07
 1747    1.268415E-07
 1748    1.266964E-07
 1749    1.265515E-07
 1750    1.264070E-07
 1751    1.336229E-07
 1752    1.334704E-07
 1753    1.333182E-07
 1754    1.331662E-07
 1755    1.330145E-07
 1756    1.365291E-07
 1757    1.363737E-07
 1758    1.362186E-07
 1759    1.360638E-07
 1760    1.359092E-07
 1761    1.452792E-07
 1762    1.451144E-07
 1763    1.449498E-07
 1764    1.447855E-07
 1765    1.446215E-07
 1766    1.480476E-07
 1767    1.478801E-07
 1768    1.477128E-07
 1769    1.475459E-07
 1770    1.473792E-07
 1771    1.563433E-07
 1772    1.561669E-07
 1773    1.559908E-07
 1774    1.558150E-07
 1775    1.556395E-07
 1776    1.681909E-07
 1777    1.680016E-07
 1778    1.678127E-07
 1779    1.676241E-07
 1780    1.674358E-07
 1781    1.737055E-07
 1782    1.735106E-07
 1783    1.733161E-07
 1784    1.731218E-07
 1785    1.729279E-07
 1786    1.850123E-07
 1787    1.848052E-07
 1788    1.845986E-07
 1789    1.843923E-07
 1790    1.841863E-07
 1791    1.908762E-07
 1792    1.906633E-07
 1793    1.904507E-07
 1794    1.902384E-07
 1795    1.900265E-07
 1796    2.021980E-07
 1797    2.019730E-07
 1798    2.017484E-07
 1799    2.015242E-07
 1800    2.013003E-07
 1801    2.121858E-07
 1802    2.119504E-07
 1803    2.117154E-07
 1804    2.114807E-07
 1805    2.112464E-07
 1806    2.197674E-07
 1807    2.195242E-07
 1808    2.192814E-07
 1809    2.190391E-07
 1810    2.187971E-07
 1811    2.328031E-07
 1812    2.325462E-07
 1813    2.322898E-07
 1814    2.320337E-07
 1815    2.317781E-07
 1816    2.430895E-07
 1817    2.428220E-07
 1818    2.425549E-07
 1819    2.422883E-07
 1820    2.420221E-07
 1821    2.659241E-07
 1822    2.656323E-07
 1823    2.653409E-07
 1824    2.650501E-07
 1825    2.647597E-07
 1826    2.766031E-07
 1827    2.763004E-07
 1828    2.759982E-07
 1829    2.756965E-07
 1830    2.753953E-07
 1831    2.921556E-07
 1832    2.918368E-07
 1833    2.915184E-07
 1834    2.912006E-07
 1835    2.908833E-07
 1836    3.094066E-07
 1837    3.090698E-07
 1838    3.087336E-07
 1839    3.083979E-07
 1840    3.080628E-07
 1841    3.198941E-07
 1842    3.195468E-07
 1843    3.192002E-07
 1844    3.188540E-07
 1845    3.185085E-07
 1846    3.333287E-07
 1847    3.329678E-07
 1848    3.326076E-07
 1849    3.322479E-07
 1850    3.318888E-07
 1851    3.395896E-07
 1852    3.392230E-07
 1853    3.388569E-07
 1854    3.384915E-07
 1855    3.381266E-07
 1856    3.504098E-07
 1857    3.500325E-07
 1858    3.496558E-07
 1859    3.492798E-07
 1860    3.489043E-07
 1861    3.645558E-07
 1862    3.641643E-07
 1863    3.637735E-07
 1864    3.633832E-07
 1865    3.629937E-07
 1866    3.797856E-07
 1867    3.793789E-07
 1868    3.789728E-07
 1869    3.785674E-07
 1870    3.781626E-07
 1871    4.043102E-07
 1872    4.038783E-07
 1873    4.034472E-07
 1874    4.030167E-07
 1875    4.025869E-07
 1876    4.144293E-07
 1877    4.139879E-07
 1878    4.135471E-07
 1879    4.131070E-07
 1880    4.126677E-07
 1881    4.436667E-07
 1882    4.431953E-07
 1883    4.427247E-07
 1884    4.422549E-07
 1885    4.417858E-07
 1886    4.599580E-07
 1887    4.594706E-07
 1888    4.589840E-07
 1889    4.584982E-07
 1890    4.580132E-07
 1891    4.812563E-07
 1892    4.807477E-07
 1893    4.802399E-07
 1894    4.797330E-07
 1895    4.792268E-07
 1896    5.122512E-07
 1897    5.117113E-07
 1898    5.111722E-07
 1899    5.106340E-07
 1900    5.100966E-07
 1901    5.165445E-07
 1902    5.160015E-07
 1903    5.154593E-07
 1904    5.149180E-07
 1905    5.143775E-07
 1906    5.452593E-07
 1907    5.446876E-07
 1908    5.441168E-07
 1909    5.435469E-07
 1910    5.429779E-07
 1911    5.747205E-07
 1912    5.741195E-07
 1913    5.735194E-07
 1914    5.729202E-07
 1915    5.723221E-07
 1916    5.978167E-07
 1917    5.971932E-07
 1918    5.965706E-07
 1919    5.959490E-07
 1920    5.953284E-07
 1921    6.310749E-07
 1922    6.304184E-07
 1923    6.297629E-07
 1924    6.291084E-07
 1925    6.284550E-07
 1926    6.601082E-07
 1927    6.594232E-07
 1928    6.587393E-07
 1929    6.580565E-07
 1930    6.573748E-07
 1931    7.067257E-07
 1932    7.059943E-07
 1933    7.052640E-07
 1934    7.045349E-07
 1935    7.038068E-07
 1936    7.223209E-07
 1937    7.215753E-07
 1938    7.208308E-07
 1939    7.200875E-07
 1940    7.193454E-07
 1941    7.519003E-07
 1942    7.511261E-07
 1943    7.503532E-07
 1944    7.495814E-07
 1945    7.488108E-07
 1946    7.773334E-07
 1947    7.765351E-07
 1948    7.757380E-07
 1949    7.749422E-07
 1950    7.741476E-07
 1951    7.735513E-07
 1952    7.727589E-07
 1953    7.719678E-07
 1954    7.711778E-07
 1955    7.703891E-07
 1956    8.295958E-07
 1957    8.287482E-07
 1958    8.279018E-07
 1959    8.270568E-07
 1960    8.262131E-07
 1961    8.148471E-07
 1962    8.140167E-07
 1963    8.131875E-07
 1964    8.123596E-07
 1965    8.115330E-07
 1966    8.744143E-07
 1967    8.735255E-07
 1968    8.726380E-07
 1969    8.717518E-07
 1970    8.708670E-07
 1971    9.077746E-07
 1972    9.068542E-07
 1973    9.059352E-07
 1974    9.050175E-07
 1975    9.041013E-07
 1976    9.388343E-07
 1977    9.378848E-07
 1978    9.369367E-07
 1979    9.359901E-07
 1980    9.350449E-07
 1981    9.846931E-07
 1982    9.836997E-07
 1983    9.827078E-07
 1984    9.817175E-07
 1985    9.807286E-07
 1986    1.010771E-06
 1987    1.009754E-06
 1988    1.008739E-06
 1989    1.007725E-06
 1990    1.006712E-06
 1991    1.070615E-06
 1992    1.069540E-06
 1993    1.068467E-06
 1994    1.067396E-06
 1995    1.066326E-06
 1996    1.080867E-06
 1997    1.079784E-06
 1998    1.078704E-06
 1999    1.077625E-06
 2000    1.076548E-06
 2001    1.108295E-06
 2002    1.107188E-06
 2003    1.106083E-06
 2004    1.104979E-06
 2005    1.103877E-06
 2006    1.152092E-06
 2007    1.150944E-06
 2008    1.149798E-06
 2009    1.148654E-06
 2010    1.147511E-06
 2011    1.178886E-06
 2012    1.177714E-06
 2013    1.176544E-06
 2014    1.175376E-06
 2015    1.174210E-06
 2016    1.249954E-06
 2017    1.248715E-06
 2018    1.247478E-06
 2019    1.246242E-06
 2020    1.245009E-06
 2021    1.286484E-06
 2022    1.285212E-06
 2023    1.283941E-06
 2024    1.282673E-06
 2025    1.281406E-06
 2026    1.322577E-06
 2027    1.321272E-06
 2028    1.319970E-06
 2029    1.318669E-06
 2030    1.317370E-06
 2031    1.410489E-06
 2032    1.409101E-06
 2033    1.407715E-06
 2034    1.406331E-06
 2035    1.404950E-06
 2036    1.425582E-06
 2037    1.424183E-06
 2038    1.422785E-06
 2039    1.421390E-06
 2040    1.419997E-06
 2041    1.510638E-06
 2042    1.509158E-06
 2043    1.507681E-06
 2044    1.506207E-06
 2045    1.504734E-06
 2046    1.497166E-06
 2047    1.495704E-06
 2048    1.494244E-06
 2049    1.492785E-06
 2050    1.491329E-06
 2051    1.531900E-06
 2052    1.530407E-06
 2053    1.528917E-06
 2054    1.527428E-06
 2055    1.525942E-06
 2056    1.569918E-06
 2057    1.568392E-06
 2058    1.566868E-06
 2059    1.565347E-06
 2060    1.563827E-06
 2061    1.590231E-06
 2062    1.588689E-06
 2063    1.587149E-06
 2064    1.585612E-06
 2065    1.584076E-06
 2066    1.642542E-06
 2067    1.640953E-06
 2068    1.639366E-06
 2069    1.637782E-06
 2070    1.636200E-06
 2071    1.647017E-06
 2072    1.645428E-06
 2073    1.643841E-06
 2074    1.642256E-06
 2075    1.640673E-06
 2076    1.746956E-06
 2077    1.745274E-06
 2078    1.743595E-06
 2079    1.741918E-06
 2080    1.740243E-06
 2081    1.805576E-06
 2082    1.803842E-06
 2083    1.802110E-06
 2084    1.800381E-06
 2085    1.798654E-06
 2086    1.885556E-06
 2087    1.883750E-06
 2088    1.881946E-06
 2089    1.880144E-06
 2090    1.878346E-06
 2091    1.862927E-06
 2092    1.861146E-06
 2093    1.859368E-06
 2094    1.857592E-06
 2095    1.855820E-06
 2096    1.926200E-06
 2097    1.924364E-06
 2098    1.922530E-06
 2099    1.920698E-06
 2100    1.918869E-06
 2101    1.954771E-06
 2102    1.952911E-06
 2103    1.951054E-06
 2104    1.949200E-06
 2105    1.947349E-06
 2106    1.968030E-06
 2107    1.966162E-06
 2108    1.964297E-06
 2109    1.962435E-06
 2110    1.960575E-06
 2111    2.060231E-06
 2112    2.058280E-06
 2113    2.056332E-06
 2114    2.054387E-06
 2115    2.052445E-06
 2116    2.130260E-06
 2117    2.128248E-06
 2118    2.126238E-06
 2119    2.124232E-06
 2120    2.122229E-06
 2121    2.197735E-06
 2122    2.195664E-06
 2123    2.193596E-06
 2124    2.191531E-06
 2125    2.189469E-06
 2126    2.254915E-06
 2127    2.252795E-06
 2128    2.250678E-06
 2129    2.248564E-06
 2130    2.246453E-06
 2131    2.326519E-06
 2132    2.324337E-06
 2133    2.322158E-06
 2134    2.319982E-06
 2135    2.317809E-06
 2136    2.424427E-06
 2137    2.422159E-06
 2138    2.419893E-06
 2139    2.417631E-06
 2140    2.415372E-06
 2141    2.436833E-06
 2142    2.434559E-06
 2143    2.432287E-06
 2144    2.430019E-06
 2145    2.427753E-06
 2146    2.450554E-06
 2147    2.448272E-06
 2148    2.445993E-06
 2149    2.443717E-06
 2150    2.441445E-06
 2151    2.405081E-06
 2152    2.402846E-06
 2153    2.400615E-06
 2154    2.398386E-06
 2155    2.396161E-06
 2156    2.436342E-06
 2157    2.434084E-06
 2158    2.431828E-06
 2159    2.429576E-06
 2160    2.427327E-06
 2161    2.556012E-06
 2162    2.553648E-06
 2163    2.551287E-06
 2164    2.548930E-06
 2165    2.546576E-06
 2166    2.525712E-06
 2167    2.523381E-06
 2168    2.521054E-06
 2169    2.518730E-06
 2170    2.516409E-06
 2171    2.623929E-06
 2172    2.621514E-06
 2173    2.619102E-06
 2174    2.616693E-06
 2175    2.614287E-06
 2176    2.637844E-06
 2177    2.635421E-06
 2178    2.633002E-06
 2179    2.630586E-06
 2180    2.628173E-06
 2181    2.759671E-06
 2182    2.757142E-06
 2183    2.754616E-06
 2184    2.752094E-06
 2185    2.749576E-06
 2186    2.851677E-06
 2187    2.849070E-06
 2188    2.846467E-06
 2189    2.843866E-06
 2190    2.841270E-06
 2191    2.849952E-06
 2192    2.847352E-06
 2193    2.844756E-06
 2194    2.842163E-06
 2195    2.839574E-06
 2196    2.947278E-06
 2197    2.944596E-06
 2198    2.941917E-06
 2199    2.939242E-06
 2200    2.936570E-06
 2201    2.897923E-06
 2202    2.895291E-06
 2203    2.892663E-06
 2204    2.890039E-06
 2205    2.887418E-06
 2206    3.003357E-06
 2207    3.000636E-06
 2208    2.997918E-06
 2209    2.995205E-06
 2210    2.992495E-06
 2211    3.036757E-06
 2212    3.034012E-06
 2213    3.031271E-06
 2214    3.028533E-06
 2215    3.025799E-06
 2216    3.080661E-06
 2217    3.077883E-06
 2218    3.075108E-06
 2219    3.072337E-06
 2220    3.069570E-06
 2221    3.229464E-06
 2222    3.226557E-06
 2223    3.223655E-06
 2224    3.220757E-06
 2225    3.217862E-06
 2226    3.231349E-06
 2227    3.228448E-06
 2228    3.225550E-06
 2229    3.222657E-06
 2230    3.219767E-06
 2231    3.351381E-06
 2232    3.348378E-06
 2233    3.345380E-06
 2234    3.342386E-06
 2235    3.339395E-06
 2236    3.396539E-06
 2237    3.393503E-06
 2238    3.390471E-06
 2239    3.387443E-06
 2240    3.384419E-06
 2241    3.343419E-06
 2242    3.340437E-06
 2243    3.337459E-06
 2244    3.334485E-06
 2245    3.331515E-06
 2246    3.514460E-06
 2247    3.511332E-06
 2248    3.508209E-06
 2249    3.505090E-06
 2250    3.501975E-06
 2251    3.380895E-06
 2252    3.377893E-06
 2253    3.374895E-06
 2254    3.371901E-06
 2255    3.368912E-06
 2256    3.435312E-06
 2257    3.432269E-06
 2258    3.429229E-06
 2259    3.426194E-06
 2260    3.423163E-06
 2261    3.431187E-06
 2262    3.428154E-06
 2263    3.425125E-06
 2264    3.422100E-06
 2265    3.419079E-06
 2266    3.491853E-06
 2267    3.488773E-06
 2268    3.485697E-06
 2269    3.482625E-06
 2270    3.479558E-06
 2271    3.601418E-06
 2272    3.598248E-06
 2273    3.595083E-06
 2274    3.591921E-06
 2275    3.588764E-06
 2276    3.566542E-06
 2277    3.563410E-06
 2278    3.560282E-06
 2279    3.557158E-06
 2280    3.554038E-06
 2281    3.750053E-06
 2282    3.746767E-06
 2283    3.743485E-06
 2284    3.740208E-06
 2285    3.736935E-06
 2286    3.749376E-06
 2287    3.746098E-06
 2288    3.742824E-06
 2289    3.739554E-06
 2290    3.736289E-06
 2291    3.757486E-06
 2292    3.754208E-06
 2293    3.750934E-06
 2294    3.747665E-06
 2295    3.744400E-06
 2296    3.735078E-06
 2297    3.731827E-06
 2298    3.728580E-06
 2299    3.725337E-06
 2300    3.722098E-06
 2301    3.662812E-06
 2302    3.659631E-06
 2303    3.656453E-06
 2304    3.653280E-06
 2305    3.650111E-06
 2306    3.792278E-06
 2307    3.788991E-06
 2308    3.785708E-06
 2309    3.782430E-06
 2310    3.779156E-06
 2311    3.711019E-06
 2312    3.707810E-06
 2313    3.704604E-06
 2314    3.701403E-06
 2315    3.698206E-06
 2316    3.802779E-06
 2317    3.799497E-06
 2318    3.796220E-06
 2319    3.792946E-06
 2320    3.789677E-06
 2321    3.850015E-06
 2322    3.846700E-06
 2323    3.843389E-06
 2324    3.840082E-06
 2325    3.836779E-06
 2326    3.958962E-06
 2327    3.955560E-06
 2328    3.952163E-06
 2329    3.948770E-06
 2330    3.945381E-06
 2331    4.096468E-06
 2332    4.092955E-06
 2333    4.089447E-06
 2334    4.085944E-06
 2335    4.082445E-06
 2336    4.068518E-06
 2337    4.065037E-06
 2338    4.061560E-06
 2339    4.058088E-06
 2340    4.054620E-06
 2341    4.158105E-06
 2342    4.154555E-06
 2343    4.151009E-06
 2344    4.147468E-06
 2345    4.143932E-06
 2346    4.126435E-06
 2347    4.122920E-06
 2348    4.119409E-06
 2349    4.115902E-06
 2350    4.112400E-06
 2351    4.114512E-06
 2352    4.111014E-06
 2353    4.107521E-06
 2354    4.104032E-06
 2355    4.100547E-06
 2356    4.025778E-06
 2357    4.022363E-06
 2358    4.018952E-06
 2359    4.015546E-06
 2360    4.012143E-06
 2361    4.046166E-06
 2362    4.042741E-06
 2363    4.039320E-06
 2364    4.035903E-06
 2365    4.032491E-06
 2366    4.196073E-06
 2367    4.192529E-06
 2368    4.188989E-06
 2369    4.185453E-06
 2370    4.181921E-06
 2371    4.248879E-06
 2372    4.245297E-06
 2373    4.241720E-06
 2374    4.238147E-06
 2375    4.234579E-06
 2376    4.364857E-06
 2377    4.361185E-06
 2378    4.357518E-06
 2379    4.353855E-06
 2380    4.350197E-06
 2381    4.458673E-06
 2382    4.454930E-06
 2383    4.451192E-06
 2384    4.447458E-06
 2385    4.443729E-06
 2386    4.474168E-06
 2387    4.470420E-06
 2388    4.466677E-06
 2389    4.462938E-06
 2390    4.459204E-06
 2391    4.640687E-06
 2392    4.636807E-06
 2393    4.632933E-06
 2394    4.629063E-06
 2395    4.625199E-06
 2396    4.486550E-06
 2397    4.482807E-06
 2398    4.479069E-06
 2399    4.475336E-06
 2400    4.471607E-06
 2401    4.540081E-06
 2402    4.536302E-06
 2403    4.532527E-06
 2404    4.528757E-06
 2405    4.524991E-06
 2406    4.480014E-06
 2407    4.476292E-06
 2408    4.472575E-06
 2409    4.468863E-06
 2410    4.465155E-06
 2411    4.564697E-06
 2412    4.560913E-06
 2413    4.557133E-06
 2414    4.553358E-06
 2415    4.549588E-06
 2416    4.696299E-06
 2417    4.692413E-06
 2418    4.688533E-06
 2419    4.684657E-06
 2420    4.680786E-06
 2421    4.746176E-06
 2422    4.742258E-06
 2423    4.738344E-06
 2424    4.734436E-06
 2425    4.730532E-06
 2426    4.947811E-06
 2427    4.943735E-06
 2428    4.939663E-06
 2429    4.935597E-06
 2430    4.931536E-06
 2431    4.941161E-06
 2432    4.937098E-06
 2433    4.933040E-06
 2434    4.928988E-06
 2435    4.924940E-06
 2436    5.043009E-06
 2437    5.038871E-06
 2438    5.034738E-06
 2439    5.030610E-06
 2440    5.026488E-06
 2441    5.028519E-06
 2442    5.024401E-06
 2443    5.020289E-06
 2444    5.016181E-06
 2445    5.012079E-06
 2446    4.881057E-06
 2447    4.877068E-06
 2448    4.873084E-06
 2449    4.869105E-06
 2450    4.865131E-06
 2451    4.947056E-06
 2452    4.943022E-06
 2453    4.938993E-06
 2454    4.934968E-06
 2455    4.930949E-06
 2456    5.016002E-06
 2457    5.011920E-06
 2458    5.007843E-06
 2459    5.003770E-06
 2460    4.999703E-06
 2461    5.189462E-06
 2462    5.185247E-06
 2463    5.181038E-06
 2464    5.176833E-06
 2465    5.172634E-06
 2466    5.345738E-06
 2467    5.341405E-06
 2468    5.337077E-06
 2469    5.332755E-06
 2470    5.328438E-06
 2471    5.474440E-06
 2472    5.470012E-06
 2473    5.465589E-06
 2474    5.461171E-06
 2475    5.456759E-06
 2476    5.737742E-06
 2477    5.733110E-06
 2478    5.728484E-06
 2479    5.723863E-06
 2480    5.719248E-06
 2481    5.790229E-06
 2482    5.785565E-06
 2483    5.780905E-06
 2484    5.776252E-06
 2485    5.771604E-06
 2486    6.011688E-06
 2487    6.006855E-06
 2488    6.002027E-06
 2489    5.997205E-06
 2490    5.992389E-06
 2491    5.879029E-06
 2492    5.874311E-06
 2493    5.869600E-06
 2494    5.864893E-06
 2495    5.860193E-06
 2496    5.525312E-06
 2497    5.520888E-06
 2498    5.516468E-06
 2499    5.512054E-06
 2500    5.507646E-06
 2501    4.990606E-06
 2502    4.986618E-06
 2503    4.982634E-06
 2504    4.978655E-06
 2505    4.974681E-06
 2506    4.470219E-06
 2507    4.466653E-06
 2508    4.463092E-06
 2509    4.459535E-06
 2510    4.455982E-06
 2511    4.545026E-06
 2512    4.541408E-06
 2513    4.537795E-06
 2514    4.534186E-06
 2515    4.530581E-06
 2516    4.864937E-06
 2517    4.861072E-06
 2518    4.857212E-06
 2519    4.853356E-06
 2520    4.849505E-06
 2521    5.797808E-06
 2522    5.793211E-06
 2523    5.788620E-06
 2524    5.784034E-06
 2525    5.779453E-06
 2526    6.963610E-06
 2527    6.958100E-06
 2528    6.952596E-06
 2529    6.947099E-06
 2530    6.941609E-06
 2531    8.218925E-06
 2532    8.212435E-06
 2533    8.205952E-06
 2534    8.199476E-06
 2535    8.193008E-06
 2536    9.359151E-06
 2537    9.351774E-06
 2538    9.344406E-06
 2539    9.337047E-06
 2540    9.329696E-06
 2541    9.923839E-06
 2542    9.916033E-06
 2543    9.908236E-06
 2544    9.900448E-06
 2545    9.892669E-06
 2546    1.045974E-05
 2547    1.045153E-05
 2548    1.044333E-05
 2549    1.043513E-05
 2550    1.042695E-05
 2551    1.069241E-05
 2552    1.068404E-05
 2553    1.067567E-05
 2554    1.066731E-05
 2555    1.065896E-05
 2556    1.178493E-05
 2557    1.177571E-05
 2558    1.176650E-05
 2559    1.175731E-05
 2560    1.174813E-05
 2561    1.299162E-05
 2562    1.298148E-05
 2563    1.297135E-05
 2564    1.296124E-05
 2565    1.295113E-05
 2566    1.393340E-05
 2567    1.392255E-05
 2568    1.391170E-05
 2569    1.390088E-05
 2570    1.389006E-05
 2571    1.448352E-05
 2572    1.447226E-05
 2573    1.446101E-05
 2574    1.444978E-05
 2575    1.443856E-05
 2576    1.323679E-05
 2577    1.322652E-05
 2578    1.321626E-05
 2579    1.320601E-05
 2580    1.319577E-05
 2581    1.138540E-05
 2582    1.137658E-05
 2583    1.136778E-05
 2584    1.135898E-05
 2585    1.135019E-05
 2586    7.995767E-06
 2587    7.989587E-06
 2588    7.983414E-06
 2589    7.977248E-06
 2590    7.971089E-06
 2591    3.061188E-06
 2592    3.058827E-06
 2593    3.056468E-06
 2594    3.054112E-06
 2595    3.051758E-06
 2596   -4.017005E-06
 2597   -4.013912E-06
 2598   -4.010822E-06
 2599   -4.007737E-06
 2600   -4.004654E-06
 2601   -1.223132E-05
 2602   -1.222192E-05
 2603   -1.221253E-05
 2604   -1.220315E-05
 2605   -1.219378E-05
 2606   -2.057687E-05
 2607   -2.056109E-05
 2608   -2.054533E-05
 2609   -2.052958E-05
 2610   -2.051385E-05
 2611   -2.589322E-05
 2612   -2.587340E-05
 2613   -2.585360E-05
 2614   -2.583382E-05
 2615   -2.581406E-05
 2616   -2.861286E-05
 2617   -2.859100E-05
 2618   -2.856916E-05
 2619   -2.854735E-05
 2620   -2.852556E-05
 2621   -2.478563E-05
 2622   -2.476673E-05
 2623   -2.474784E-05
 2624   -2.472899E-05
 2625   -2.471015E-05
 2626   -1.364793E-05
 2627   -1.363754E-05
 2628   -1.362717E-05
 2629   -1.361680E-05
 2630   -1.360645E-05
 2631    8.172546E-06
 2632    8.166337E-06
 2633    8.160135E-06
 2634    8.153940E-06
 2635    8.147752E-06
 2636    4.134250E-05
 2637    4.131115E-05
 2638    4.127983E-05
 2639    4.124855E-05
 2640    4.121731E-05
 2641    8.727936E-05
 2642    8.721331E-05
 2643    8.714732E-05
 2644    8.708141E-05
 2645    8.701558E-05
 2646    1.451719E-04
 2647    1.450622E-04
 2648    1.449527E-04
 2649    1.448432E-04
 2650    1.447339E-04
 2651    2.073477E-04
 2652    2.071914E-04
 2653    2.070352E-04
 2654    2.068793E-04
 2655    2.067234E-04
 2656    2.721522E-04
 2657    2.719474E-04
 2658    2.717428E-04
 2659    2.715384E-04
 2660    2.713343E-04
 2661    3.083254E-04
 2662    3.080938E-04
 2663    3.078625E-04
 2664    3.076314E-04
 2665    3.074006E-04
 2666    3.452210E-04
 2667    3.449622E-04
 2668    3.447036E-04
 2669    3.444454E-04
 2670    3.441874E-04
 2671    3.377500E-04
 2672    3.374973E-04
 2673    3.372448E-04
 2674    3.369926E-04
 2675    3.367407E-04
 2676    2.791633E-04
 2677    2.789548E-04
 2678    2.787465E-04
 2679    2.785384E-04
 2680    2.783306E-04
 2681    1.467968E-04
 2682    1.466874E-04
 2683    1.465780E-04
 2684    1.464688E-04
 2685    1.463598E-04
 2686   -1.098236E-04
 2687   -1.097418E-04
 2688   -1.096602E-04
 2689   -1.095787E-04
 2690   -1.094972E-04
 2691   -5.229747E-04
 2692   -5.225862E-04
 2693   -5.221982E-04
 2694   -5.218106E-04
 2695   -5.214234E-04
 2696   -1.048167E-03
 2697   -1.047390E-03
 2698   -1.046614E-03
 2699   -1.045838E-03
 2700   -1.045064E-03
 2701   -1.660036E-03
 2702   -1.658807E-03
 2703   -1.657580E-03
 2704   -1.656355E-03
 2705   -1.655130E-03
 2706   -2.160433E-03
 2707   -2.158837E-03
 2708   -2.157243E-03
 2709   -2.155650E-03
 2710   -2.154060E-03
 2711   -2.441280E-03
 2712   -2.439480E-03
 2713   -2.437682E-03
 2714   -2.435886E-03
 2715   -2.434092E-03
 2716   -2.561293E-03
 2717   -2.559408E-03
 2718   -2.557525E-03
 2719   -2.555644E-03
 2720   -2.553766E-03
 2721   -2.288389E-03
 2722   -2.286708E-03
 2723   -2.285029E-03
 2724   -2.283351E-03
 2725   -2.281676E-03
 2726   -1.801249E-03
 2727   -1.799929E-03
 2728   -1.798609E-03
 2729   -1.797291E-03
 2730   -1.795975E-03
 2731   -7.078732E-04
 2732   -7.073551E-04
 2733   -7.068376E-04
 2734   -7.063206E-04
 2735   -7.058042E-04
 2736    1.240589E-03
 2737    1.239683E-03
 2738    1.238778E-03
 2739    1.237873E-03
 2740    1.236970E-03
 2741    4.504754E-03
 2742    4.501469E-03
 2743    4.498187E-03
 2744    4.494909E-03
 2745    4.491635E-03
 2746    8.785594E-03
 2747    8.779199E-03
 2748    8.772811E-03
 2749    8.766429E-03
 2750    8.760055E-03
 2751    1.398270E-02
 2752    1.397254E-02
 2753    1.396239E-02
 2754    1.395225E-02
 2755    1.394213E-02
 2756    1.838172E-02
 2757    1.836839E-02
 2758    1.835507E-02
 2759    1.834177E-02
 2760    1.832848E-02
 2761    2.139960E-02
 2762    2.138411E-02
 2763    2.136863E-02
 2764    2.135317E-02
 2765    2.133773E-02
 2766    2.332424E-02
 2767    2.330739E-02
 2768    2.329055E-02
 2769    2.327373E-02
 2770    2.325693E-02
 2771    2.345855E-02
 2772    2.344162E-02
 2773    2.342472E-02
 2774    2.340783E-02
 2775    2.339097E-02
 2776    2.415391E-02
 2777    2.413651E-02
 2778    2.411914E-02
 2779    2.410178E-02
 2780    2.408445E-02
 2781    2.265736E-02
 2782    2.264107E-02
 2783    2.262480E-02
 2784    2.260855E-02
 2785    2.259232E-02
 2786    2.118019E-02
 2787    2.116499E-02
 2788    2.114981E-02
 2789    2.113465E-02
 2790    2.111950E-02
 2791    1.813850E-02
 2792    1.812550E-02
 2793    1.811253E-02
 2794    1.809956E-02
 2795    1.808662E-02
 2796    1.359828E-02
 2797    1.358856E-02
 2798    1.357884E-02
 2799    1.356914E-02
 2800    1.355945E-02
 2801    8.641513E-03
 2802    8.635346E-03
 2803    8.629186E-03
 2804    8.623032E-03
 2805    8.616885E-03
 2806    4.091459E-03
 2807    4.088544E-03
 2808    4.085632E-03
 2809    4.082724E-03
 2810    4.079819E-03
 2811    9.912046E-04
 2812    9.904997E-04
 2813    9.897956E-04
 2814    9.890922E-04
 2815    9.883896E-04
 2816   -9.459571E-04
 2817   -9.452857E-04
 2818   -9.446149E-04
 2819   -9.439448E-04
 2820   -9.432755E-04
 2821   -1.999755E-03
 2822   -1.998338E-03
 2823   -1.996922E-03
 2824   -1.995508E-03
 2825   -1.994096E-03
 2826   -2.511591E-03
 2827   -2.509815E-03
 2828   -2.508040E-03
 2829   -2.506267E-03
 2830   -2.504496E-03
 2831   -2.651061E-03
 2832   -2.649189E-03
 2833   -2.647319E-03
 2834   -2.645451E-03
 2835   -2.643585E-03
 2836   -2.599278E-03
 2837   -2.597445E-03
 2838   -2.595615E-03
 2839   -2.593787E-03
 2840   -2.591961E-03
 2841   -2.273262E-03
 2842   -2.271662E-03
 2843   -2.270064E-03
 2844   -2.268468E-03
 2845   -2.266874E-03
 2846   -1.753324E-03
 2847   -1.752093E-03
 2848   -1.750862E-03
 2849   -1.749633E-03
 2850   -1.748406E-03
 2851   -1.130077E-03
 2852   -1.129285E-03
 2853   -1.128493E-03
 2854   -1.127702E-03
 2855   -1.126913E-03
 2856   -5.653039E-04
 2857   -5.649083E-04
 2858   -5.645130E-04
 2859   -5.641182E-04
 2860   -5.637238E-04
 2861   -1.531871E-04
 2862   -1.530800E-04
 2863   -1.529731E-04
 2864   -1.528663E-04
 2865   -1.527596E-04
 2866    1.074299E-04
 2867    1.073549E-04
 2868    1.072801E-04
 2869    1.072053E-04
 2870    1.071306E-04
 2871    2.459716E-04
 2872    2.458003E-04
 2873    2.456292E-04
 2874    2.454583E-04
 2875    2.452876E-04
 2876    2.972868E-04
 2877    2.970801E-04
 2878    2.968737E-04
 2879    2.966675E-04
 2880    2.964615E-04
 2881    3.025770E-04
 2882    3.023671E-04
 2883    3.021574E-04
 2884    3.019479E-04
 2885    3.017386E-04
 2886    2.780841E-04
 2887    2.778915E-04
 2888    2.776991E-04
 2889    2.775069E-04
 2890    2.773149E-04
 2891    2.349103E-04
 2892    2.347479E-04
 2893    2.345856E-04
 2894    2.344235E-04
 2895    2.342616E-04
 2896    1.785133E-04
 2897    1.783901E-04
 2898    1.782670E-04
 2899    1.781440E-04
 2900    1.780212E-04
 2901    1.114699E-04
 2902    1.113931E-04
 2903    1.113164E-04
 2904    1.112398E-04
 2905    1.111632E-04
 2906    5.394121E-05
 2907    5.390410E-05
 2908    5.386703E-05
 2909    5.383001E-05
 2910    5.379302E-05
 2911    8.024953E-06
 2912    8.019442E-06
 2913    8.013937E-06
 2914    8.008437E-06
 2915    8.002944E-06
 2916   -2.408914E-05
 2917   -2.407262E-05
 2918   -2.405613E-05
 2919   -2.403965E-05
 2920   -2.402318E-05
 2921   -4.533483E-05
 2922   -4.530381E-05
 2923   -4.527282E-05
 2924   -4.524185E-05
 2925   -4.521093E-05
 2926   -5.408278E-05
 2927   -5.404583E-05
 2928   -5.400892E-05
 2929   -5.397205E-05
 2930   -5.393521E-05
 2931   -5.759232E-05
 2932   -5.755304E-05
 2933   -5.751380E-05
 2934   -5.747460E-05
 2935   -5.743544E-05
 2936   -5.390972E-05
 2937   -5.387301E-05
 2938   -5.383635E-05
 2939   -5.379972E-05
 2940   -5.376312E-05
 2941   -4.683837E-05
 2942   -4.680653E-05
 2943   -4.677473E-05
 2944   -4.674296E-05
 2945   -4.671122E-05
 2946   -3.798675E-05
 2947   -3.796097E-05
 2948   -3.793522E-05
 2949   -3.790950E-05
 2950   -3.788380E-05
 2951   -2.632819E-05
 2952   -2.631035E-05
 2953   -2.629253E-05
 2954   -2.627474E-05
 2955   -2.625696E-05
 2956   -1.781088E-05
 2957   -1.779884E-05
 2958   -1.778681E-05
 2959   -1.777479E-05
 2960   -1.776278E-05
 2961   -1.132982E-05
 2962   -1.132217E-05
 2963   -1.131453E-05
 2964   -1.130690E-05
 2965   -1.129927E-05
 2966   -7.177516E-06
 2967   -7.172679E-06
 2968   -7.167846E-06
 2969   -7.163018E-06
 2970   -7.158196E-06
 2971   -4.691657E-06
 2972   -4.688500E-06
 2973   -4.685347E-06
 2974   -4.682196E-06
 2975   -4.679049E-06
 2976   -3.428128E-06
 2977   -3.425826E-06
 2978   -3.423525E-06
 2979   -3.421227E-06
 2980   -3.418931E-06
 2981   -3.478507E-06
 2982   -3.476174E-06
 2983   -3.473844E-06
 2984   -3.471516E-06
 2985   -3.469190E-06
 2986   -3.918394E-06
 2987   -3.915771E-06
 2988   -3.913150E-06
 2989   -3.910533E-06
 2990   -3.907917E-06
 2991   -4.534006E-06
 2992   -4.530976E-06
 2993   -4.527949E-06
 2994   -4.524924E-06
 2995   -4.521903E-06
 2996   -4.745756E-06
 2997   -4.742589E-06
 2998   -4.739426E-06
 2999   -4.736266E-06
 3000   -4.733109E-06
 3001   -4.625668E-06
 3002   -4.622587E-06
 3003   -4.619509E-06
 3004   -4.616434E-06
 3005   -4.613362E-06
 3006   -4.640660E-06
 3007   -4.637574E-06
 3008   -4.634491E-06
 3009   -4.631411E-06
 3010   -4.628335E-06
 3011   -4.733396E-06
 3012   -4.730254E-06
 3013   -4.727114E-06
 3014   -4.723978E-06
 3015   -4.720845E-06
 3016   -5.293140E-06
 3017   -5.289632E-06
 3018   -5.286127E-06
 3019   -5.282626E-06
 3020   -5.279128E-06
 3021   -6.096689E-06
 3022   -6.092655E-06
 3023   -6.088624E-06
 3024   -6.084598E-06
 3025   -6.080576E-06
 3026   -6.776839E-06
 3027   -6.772362E-06
 3028   -6.767889E-06
 3029   -6.763421E-06
 3030   -6.758958E-06
 3031   -7.577453E-06
 3032   -7.572456E-06
 3033   -7.567463E-06
 3034   -7.562476E-06
 3035   -7.557493E-06
 3036   -7.648565E-06
 3037   -7.643529E-06
 3038   -7.638498E-06
 3039   -7.633472E-06
 3040   -7.628450E-06
 3041   -7.515296E-06
 3042   -7.510356E-06
 3043   -7.505421E-06
 3044   -7.500490E-06
 3045   -7.495565E-06
 3046   -6.912162E-06
 3047   -6.907625E-06
 3048   -6.903093E-06
 3049   -6.898566E-06
 3050   -6.894043E-06
 3051   -6.340016E-06
 3052   -6.335862E-06
 3053   -6.331712E-06
 3054   -6.327566E-06
 3055   -6.323425E-06
 3056   -5.884598E-06
 3057   -5.880748E-06
 3058   -5.876903E-06
 3059   -5.873061E-06
 3060   -5.869223E-06
 3061   -5.498610E-06
 3062   -5.495019E-06
 3063   -5.491431E-06
 3064   -5.487847E-06
 3065   -5.484267E-06
 3066   -5.484573E-06
 3067   -5.480997E-06
 3068   -5.477425E-06
 3069   -5.473856E-06
 3070   -5.470291E-06
 3071   -5.363565E-06
 3072   -5.360074E-06
 3073   -5.356586E-06
 3074   -5.353102E-06
 3075   -5.349620E-06
 3076   -5.292754E-06
 3077   -5.289315E-06
 3078   -5.285878E-06
 3079   -5.282445E-06
 3080   -5.279016E-06
 3081   -4.887617E-06
 3082   -4.884446E-06
 3083   -4.881278E-06
 3084   -4.878113E-06
 3085   -4.874951E-06
 3086   -4.252224E-06
 3087   -4.249470E-06
 3088   -4.246718E-06
 3089   -4.243969E-06
 3090   -4.241222E-06
 3091   -3.122301E-06
 3092   -3.120282E-06
 3093   -3.118265E-06
 3094   -3.116249E-06
 3095   -3.114236E-06
 3096   -1.330456E-06
 3097   -1.329597E-06
 3098   -1.328739E-06
 3099   -1.327881E-06
 3100   -1.327025E-06
 3101    7.082969E-07
 3102    7.078403E-07
 3103    7.073842E-07
 3104    7.069285E-07
 3105    7.064732E-07
 3106    2.474272E-06
 3107    2.472680E-06
 3108    2.471089E-06
 3109    2.469499E-06
 3110    2.467911E-06
 3111    3.852999E-06
 3112    3.850523E-06
 3113    3.848050E-06
 3114    3.845579E-06
 3115    3.843110E-06
 3116    4.544746E-06
 3117    4.541830E-06
 3118    4.538917E-06
 3119    4.536007E-06
 3120    4.533100E-06
 3121    4.858264E-06
 3122    4.855153E-06
 3123    4.852044E-06
 3124    4.848938E-06
 3125    4.845835E-06
 3126    5.028540E-06
 3127    5.025324E-06
 3128    5.022112E-06
 3129    5.018902E-06
 3130    5.015696E-06
 3131    4.942819E-06
 3132    4.939663E-06
 3133    4.936510E-06
 3134    4.933361E-06
 3135    4.930214E-06
 3136    5.012860E-06
 3137    5.009665E-06
 3138    5.006473E-06
 3139    5.003283E-06
 3140    5.000097E-06
 3141    4.845847E-06
 3142    4.842763E-06
 3143    4.839681E-06
 3144    4.836603E-06
 3145    4.833528E-06
 3146    4.771307E-06
 3147    4.768275E-06
 3148    4.765246E-06
 3149    4.762220E-06
 3150    4.759197E-06
 3151    4.790723E-06
 3152    4.787683E-06
 3153    4.784647E-06
 3154    4.781614E-06
 3155    4.778583E-06
 3156    4.567163E-06
 3157    4.564270E-06
 3158    4.561380E-06
 3159    4.558492E-06
 3160    4.555607E-06
 3161    4.467540E-06
 3162    4.464715E-06
 3163    4.461892E-06
 3164    4.459072E-06
 3165    4.456255E-06
 3166    4.321146E-06
 3167    4.318418E-06
 3168    4.315692E-06
 3169    4.312968E-06
 3170    4.310248E-06
 3171    4.281962E-06
 3172    4.279262E-06
 3173    4.276566E-06
 3174    4.273871E-06
 3175    4.271179E-06
 3176    4.236640E-06
 3177    4.233973E-06
 3178    4.231309E-06
 3179    4.228648E-06
 3180    4.225989E-06
 3181    4.050800E-06
 3182    4.048254E-06
 3183    4.045711E-06
 3184    4.043170E-06
 3185    4.040632E-06
 3186    4.072657E-06
 3187    4.070101E-06
 3188    4.067548E-06
 3189    4.064998E-06
 3190    4.062449E-06
 3191    3.878057E-06
 3192    3.875628E-06
 3193    3.873201E-06
 3194    3.870776E-06
 3195    3.868353E-06
 3196    3.902073E-06
 3197    3.899632E-06
 3198    3.897193E-06
 3199    3.894757E-06
 3200    3.892323E-06
 3201    3.781680E-06
 3202    3.779318E-06
 3203    3.776959E-06
 3204    3.774602E-06
 3205    3.772247E-06
 3206    3.634999E-06
 3207    3.632732E-06
 3208    3.630468E-06
 3209    3.628205E-06
 3210    3.625945E-06
 3211    3.616235E-06
 3212    3.613983E-06
 3213    3.611734E-06
 3214    3.609487E-06
 3215    3.607242E-06
 3216    3.467542E-06
 3217    3.465386E-06
 3218    3.463233E-06
 3219    3.461081E-06
 3220    3.458932E-06
 3221    3.435114E-06
 3222    3.432982E-06
 3223    3.430852E-06
 3224    3.428724E-06
 3225    3.426598E-06
 3226    3.361546E-06
 3227    3.359462E-06
 3228    3.357381E-06
 3229    3.355302E-06
 3230    3.353225E-06
 3231    3.187415E-06
 3232    3.185443E-06
 3233    3.183473E-06
 3234    3.181504E-06
 3235    3.179537E-06
 3236    3.214479E-06
 3237    3.212493E-06
 3238    3.210509E-06
 3239    3.208527E-06
 3240    3.206547E-06
 3241    3.030099E-06
 3242    3.028230E-06
 3243    3.026363E-06
 3244    3.024497E-06
 3245    3.022634E-06
 3246    3.047189E-06
 3247    3.045312E-06
 3248    3.043437E-06
 3249    3.041564E-06
 3250    3.039693E-06
 3251    2.958697E-06
 3252    2.956878E-06
 3253    2.955060E-06
 3254    2.953244E-06
 3255    2.951430E-06
 3256    2.877545E-06
 3257    2.875779E-06
 3258    2.874014E-06
 3259    2.872250E-06
 3260    2.870488E-06
 3261    2.894965E-06
 3262    2.893190E-06
 3263    2.891417E-06
 3264    2.889645E-06
 3265    2.887876E-06
 3266    2.726023E-06
 3267    2.724355E-06
 3268    2.722688E-06
 3269    2.721022E-06
 3270    2.719358E-06
 3271    2.746199E-06
 3272    2.744521E-06
 3273    2.742844E-06
 3274    2.741169E-06
 3275    2.739495E-06
 3276    2.629550E-06
 3277    2.627946E-06
 3278    2.626343E-06
 3279    2.624741E-06
 3280    2.623141E-06
 3281    2.580411E-06
 3282    2.578839E-06
 3283    2.577268E-06
 3284    2.575699E-06
 3285    2.574131E-06
 3286    2.530466E-06
 3287    2.528927E-06
 3288    2.527389E-06
 3289    2.525852E-06
 3290    2.524317E-06
 3291    2.395857E-06
 3292    2.394401E-06
 3293    2.392947E-06
 3294    2.391495E-06
 3295    2.390043E-06
 3296    2.422366E-06
 3297    2.420896E-06
 3298    2.419428E-06
 3299    2.417962E-06
 3300    2.416497E-06
