   50    3.393211E-14
   51    2.473056E-14
   52    2.378862E-14
   53    2.289948E-14
   54    2.205927E-14
   55    2.126447E-14
   56    1.121500E-14
   57    1.082497E-14
   58    1.045494E-14
   59    1.010357E-14
   60    9.769610E-15
   61    6.047208E-15
   62    5.853722E-15
   63    5.669376E-15
   64    5.493602E-15
   65    5.325878E-15
   66    1.573668E-14
   67    1.527046E-14
   68    1.482466E-14
   69    1.439809E-14
   70    1.398968E-14
   71    1.017677E-14
   72    9.896060E-15
   73    9.626805E-15
   74    9.368390E-15
   75    9.120243E-15
   76    1.516320E-14
   77    1.477193E-14
   78    1.439560E-14
   79    1.403348E-14
   80    1.368485E-14
   81    2.256569E-14
   82    2.201868E-14
   83    2.149133E-14
   84    2.098269E-14
   85    2.049190E-14
   86    1.710139E-14
   87    1.671052E-14
   88    1.633291E-14
   89    1.596795E-14
   90    1.561509E-14
   91    1.767303E-14
   92    1.729093E-14
   93    1.692109E-14
   94    1.656299E-14
   95    1.621614E-14
   96    1.268998E-14
   97    1.242968E-14
   98    1.217732E-14
   99    1.193256E-14
  100    1.169511E-14
  101    4.837850E-15
  102    4.743458E-15
  103    4.651801E-15
  104    4.562775E-15
  105    4.476281E-15
  106    3.352052E-15
  107    3.289691E-15
  108    3.229054E-15
  109    3.170078E-15
  110    3.112703E-15
  111    8.003592E-15
  112    7.861311E-15
  113    7.722791E-15
  114    7.587901E-15
  115    7.456513E-15
  116    1.126651E-14
  117    1.107475E-14
  118    1.088784E-14
  119    1.070562E-14
  120    1.052794E-14
  121    1.984931E-14
  122    1.952525E-14
  123    1.920907E-14
  124    1.890050E-14
  125    1.859930E-14
  126    2.638461E-14
  127    2.597074E-14
  128    2.556654E-14
  129    2.517170E-14
  130    2.478594E-14
  131    2.365151E-14
  132    2.329452E-14
  133    2.294555E-14
  134    2.260436E-14
  135    2.227072E-14
  136    1.700719E-14
  137    1.675981E-14
  138    1.651780E-14
  139    1.628099E-14
  140    1.604924E-14
  141    9.821742E-15
  142    9.683896E-15
  143    9.548932E-15
  144    9.416770E-15
  145    9.287333E-15
  146    8.968694E-15
  147    8.847087E-15
  148    8.727937E-15
  149    8.611178E-15
  150    8.496746E-15
  151    1.466855E-14
  152    1.447618E-14
  153    1.428757E-14
  154    1.410262E-14
  155    1.392124E-14
  156    1.608639E-14
  157    1.588213E-14
  158    1.568172E-14
  159    1.548509E-14
  160    1.529214E-14
  161    3.971388E-14
  162    3.922510E-14
  163    3.874529E-14
  164    3.827424E-14
  165    3.781172E-14
  166    3.437123E-14
  167    3.396084E-14
  168    3.355775E-14
  169    3.316179E-14
  170    3.277280E-14
  171    4.171505E-14
  172    4.123140E-14
  173    4.075612E-14
  174    4.028901E-14
  175    3.982988E-14
  176    5.867938E-14
  177    5.801821E-14
  178    5.736816E-14
  179    5.672897E-14
  180    5.610040E-14
  181    3.509643E-14
  182    3.471182E-14
  183    3.433349E-14
  184    3.396132E-14
  185    3.359517E-14
  186    4.096631E-14
  187    4.052934E-14
  188    4.009933E-14
  189    3.967612E-14
  190    3.925958E-14
  191    3.577535E-14
  192    3.540366E-14
  193    3.503774E-14
  194    3.467745E-14
  195    3.432270E-14
  196    4.005584E-14
  197    3.965021E-14
  198    3.925072E-14
  199    3.885723E-14
  200    3.846963E-14
  201    3.772451E-14
  202    3.735192E-14
  203    3.698483E-14
  204    3.662313E-14
  205    3.626670E-14
  206    1.815420E-14
  207    1.797922E-14
  208    1.780676E-14
  209    1.763677E-14
  210    1.746920E-14
  211    2.054344E-15
  212    2.035009E-15
  213    2.015946E-15
  214    1.997150E-15
  215    1.978615E-15
  216    0.000000E+00
  217    0.000000E+00
  218    0.000000E+00
  219    0.000000E+00
  220    0.000000E+00
  221    0.000000E+00
  222    0.000000E+00
  223    0.000000E+00
  224    0.000000E+00
  225    0.000000E+00
  226    4.800824E-16
  227    4.758619E-16
  228    4.716969E-16
  229    4.675863E-16
  230    4.635292E-16
  231    0.000000E+00
  232    0.000000E+00
  233    0.000000E+00
  234    0.000000E+00
  235    0.000000E+00
  236    0.000000E+00
  237    0.000000E+00
  238    0.000000E+00
  239    0.000000E+00
  240    0.000000E+00
  241    0.000000E+00
  242    0.000000E+00
  243    0.000000E+00
  244    0.000000E+00
  245    0.000000E+00
  246    4.147988E-14
  247    4.114469E-14
  248    4.081355E-14
  249    4.048639E-14
  250    4.016315E-14
  251    4.499043E-13
  252    4.463407E-13
  253    4.428193E-13
  254    4.393394E-13
  255    4.359004E-13
  256    6.680833E-13
  257    6.628944E-13
  258    6.577656E-13
  259    6.526962E-13
  260    6.476851E-13
  261    1.345614E-12
  262    1.335362E-12
  263    1.325227E-12
  264    1.315206E-12
  265    1.305299E-12
  266    1.224930E-12
  267    1.215771E-12
  268    1.206715E-12
  269    1.197760E-12
  270    1.188904E-12
  271    2.347694E-12
  272    2.330463E-12
  273    2.313421E-12
  274    2.296566E-12
  275    2.279894E-12
  276    3.675733E-12
  277    3.649242E-12
  278    3.623036E-12
  279    3.597111E-12
  280    3.571463E-12
  281    1.373269E-11
  282    1.363546E-11
  283    1.353927E-11
  284    1.344409E-11
  285    1.334991E-11
  286    2.437632E-11
  287    2.420674E-11
  288    2.403893E-11
  289    2.387286E-11
  290    2.370851E-11
  291    3.886255E-11
  292    3.859683E-11
  293    3.833382E-11
  294    3.807349E-11
  295    3.781580E-11
  296    5.582044E-11
  297    5.544518E-11
  298    5.507369E-11
  299    5.470592E-11
  300    5.434183E-11
  301    6.505376E-11
  302    6.462366E-11
  303    6.419780E-11
  304    6.377615E-11
  305    6.335863E-11
  306    1.006523E-10
  307    9.999769E-11
  308    9.934941E-11
  309    9.870741E-11
  310    9.807162E-11
  311    9.940876E-11
  312    9.877254E-11
  313    9.814242E-11
  314    9.751830E-11
  315    9.690013E-11
  316    1.313660E-10
  317    1.305385E-10
  318    1.297188E-10
  319    1.289068E-10
  320    1.281024E-10
  321    1.599110E-10
  322    1.589193E-10
  323    1.579368E-10
  324    1.569634E-10
  325    1.559989E-10
  326    1.538606E-10
  327    1.529210E-10
  328    1.519900E-10
  329    1.510674E-10
  330    1.501532E-10
  331    2.062727E-10
  332    2.050319E-10
  333    2.038024E-10
  334    2.025838E-10
  335    2.013762E-10
  336    1.921940E-10
  337    1.910551E-10
  338    1.899263E-10
  339    1.888074E-10
  340    1.876984E-10
  341    2.565633E-10
  342    2.550651E-10
  343    2.535800E-10
  344    2.521079E-10
  345    2.506485E-10
  346    2.677760E-10
  347    2.662348E-10
  348    2.647070E-10
  349    2.631922E-10
  350    2.616904E-10
  351    2.648992E-10
  352    2.633962E-10
  353    2.619060E-10
  354    2.604284E-10
  355    2.589633E-10
  356    3.302443E-10
  357    3.283968E-10
  358    3.265648E-10
  359    3.247480E-10
  360    3.229464E-10
  361    3.084284E-10
  362    3.067267E-10
  363    3.050391E-10
  364    3.033654E-10
  365    3.017054E-10
  366    3.645828E-10
  367    3.625986E-10
  368    3.606307E-10
  369    3.586787E-10
  370    3.567425E-10
  371    3.555905E-10
  372    3.536813E-10
  373    3.517874E-10
  374    3.499088E-10
  375    3.480451E-10
  376    3.891819E-10
  377    3.871200E-10
  378    3.850744E-10
  379    3.830451E-10
  380    3.810317E-10
  381    4.299111E-10
  382    4.276632E-10
  383    4.254329E-10
  384    4.232200E-10
  385    4.210243E-10
  386    3.949143E-10
  387    3.928760E-10
  388    3.908535E-10
  389    3.888465E-10
  390    3.868550E-10
  391    4.659988E-10
  392    4.636243E-10
  393    4.612679E-10
  394    4.589294E-10
  395    4.566086E-10
  396    4.366469E-10
  397    4.344499E-10
  398    4.322695E-10
  399    4.301055E-10
  400    4.279576E-10
  401    4.967212E-10
  402    4.942531E-10
  403    4.918033E-10
  404    4.893716E-10
  405    4.869579E-10
  406    5.068949E-10
  407    5.044071E-10
  408    5.019375E-10
  409    4.994861E-10
  410    4.970525E-10
  411    5.031078E-10
  412    5.006685E-10
  413    4.982469E-10
  414    4.958428E-10
  415    4.934561E-10
  416    5.360156E-10
  417    5.334478E-10
  418    5.308985E-10
  419    5.283674E-10
  420    5.258544E-10
  421    5.565384E-10
  422    5.539039E-10
  423    5.512881E-10
  424    5.486907E-10
  425    5.461117E-10
  426    5.947577E-10
  427    5.919752E-10
  428    5.892122E-10
  429    5.864685E-10
  430    5.837439E-10
  431    6.255722E-10
  432    6.226794E-10
  433    6.198066E-10
  434    6.169536E-10
  435    6.141203E-10
  436    6.657649E-10
  437    6.627214E-10
  438    6.596987E-10
  439    6.566967E-10
  440    6.537151E-10
  441    6.580481E-10
  442    6.550738E-10
  443    6.521197E-10
  444    6.491856E-10
  445    6.462712E-10
  446    7.099851E-10
  447    7.068120E-10
  448    7.036602E-10
  449    7.005293E-10
  450    6.974193E-10
  451    7.297698E-10
  452    7.265443E-10
  453    7.233401E-10
  454    7.201571E-10
  455    7.169951E-10
  456    7.867214E-10
  457    7.832822E-10
  458    7.798655E-10
  459    7.764711E-10
  460    7.730988E-10
  461    8.077666E-10
  462    8.042736E-10
  463    8.008032E-10
  464    7.973552E-10
  465    7.939294E-10
  466    7.614566E-10
  467    7.581990E-10
  468    7.549623E-10
  469    7.517463E-10
  470    7.485508E-10
  471    9.140976E-10
  472    9.102285E-10
  473    9.063838E-10
  474    9.025634E-10
  475    8.987672E-10
  476    8.862531E-10
  477    8.825410E-10
  478    8.788522E-10
  479    8.751865E-10
  480    8.715437E-10
  481    1.004275E-09
  482    1.000112E-09
  483    9.959754E-10
  484    9.918640E-10
  485    9.877781E-10
  486    9.638008E-10
  487    9.598467E-10
  488    9.559170E-10
  489    9.520113E-10
  490    9.481295E-10
  491    9.514166E-10
  492    9.475530E-10
  493    9.437129E-10
  494    9.398960E-10
  495    9.361023E-10
  496    1.108024E-09
  497    1.103570E-09
  498    1.099142E-09
  499    1.094741E-09
  500    1.090367E-09
  501    1.038121E-09
  502    1.033990E-09
  503    1.029882E-09
  504    1.025800E-09
  505    1.021741E-09
  506    1.196694E-09
  507    1.191978E-09
  508    1.187290E-09
  509    1.182629E-09
  510    1.177996E-09
  511    1.191018E-09
  512    1.186370E-09
  513    1.181749E-09
  514    1.177155E-09
  515    1.172588E-09
  516    1.232639E-09
  517    1.227875E-09
  518    1.223139E-09
  519    1.218430E-09
  520    1.213748E-09
  521    1.380502E-09
  522    1.375218E-09
  523    1.369964E-09
  524    1.364740E-09
  525    1.359546E-09
  526    1.222059E-09
  527    1.217426E-09
  528    1.212819E-09
  529    1.208238E-09
  530    1.203683E-09
  531    1.492976E-09
  532    1.487368E-09
  533    1.481793E-09
  534    1.476248E-09
  535    1.470734E-09
  536    1.436512E-09
  537    1.431167E-09
  538    1.425852E-09
  539    1.420566E-09
  540    1.415310E-09
  541    1.619939E-09
  542    1.613967E-09
  543    1.608028E-09
  544    1.602121E-09
  545    1.596247E-09
  546    1.645020E-09
  547    1.639011E-09
  548    1.633034E-09
  549    1.627091E-09
  550    1.621179E-09
  551    1.579322E-09
  552    1.573605E-09
  553    1.567919E-09
  554    1.562264E-09
  555    1.556639E-09
  556    1.877439E-09
  557    1.870704E-09
  558    1.864005E-09
  559    1.857342E-09
  560    1.850714E-09
  561    1.758090E-09
  562    1.751839E-09
  563    1.745621E-09
  564    1.739436E-09
  565    1.733285E-09
  566    2.007246E-09
  567    2.000172E-09
  568    1.993136E-09
  569    1.986136E-09
  570    1.979173E-09
  571    1.939020E-09
  572    1.932246E-09
  573    1.925508E-09
  574    1.918805E-09
  575    1.912136E-09
  576    2.143701E-09
  577    2.136277E-09
  578    2.128892E-09
  579    2.121544E-09
  580    2.114235E-09
  581    2.224029E-09
  582    2.216393E-09
  583    2.208796E-09
  584    2.201238E-09
  585    2.193719E-09
  586    2.228910E-09
  587    2.221322E-09
  588    2.213773E-09
  589    2.206262E-09
  590    2.198790E-09
  591    2.501158E-09
  592    2.492715E-09
  593    2.484315E-09
  594    2.475957E-09
  595    2.467642E-09
  596    2.508983E-09
  597    2.500585E-09
  598    2.492229E-09
  599    2.483914E-09
  600    2.475642E-09
  601    2.746121E-09
  602    2.737005E-09
  603    2.727935E-09
  604    2.718909E-09
  605    2.709928E-09
  606    2.747492E-09
  607    2.738447E-09
  608    2.729446E-09
  609    2.720490E-09
  610    2.711577E-09
  611    2.745585E-09
  612    2.736620E-09
  613    2.727699E-09
  614    2.718821E-09
  615    2.709987E-09
  616    3.215672E-09
  617    3.205257E-09
  618    3.194893E-09
  619    3.184578E-09
  620    3.174314E-09
  621    3.094724E-09
  622    3.084781E-09
  623    3.074886E-09
  624    3.065039E-09
  625    3.055239E-09
  626    3.465211E-09
  627    3.454166E-09
  628    3.443175E-09
  629    3.432235E-09
  630    3.421348E-09
  631    3.382919E-09
  632    3.372222E-09
  633    3.361575E-09
  634    3.350979E-09
  635    3.340434E-09
  636    3.592289E-09
  637    3.581019E-09
  638    3.569802E-09
  639    3.558638E-09
  640    3.547526E-09
  641    3.982896E-09
  642    3.970498E-09
  643    3.958158E-09
  644    3.945875E-09
  645    3.933649E-09
  646    3.809852E-09
  647    3.798084E-09
  648    3.786371E-09
  649    3.774711E-09
  650    3.763106E-09
  651    4.344276E-09
  652    4.330960E-09
  653    4.317706E-09
  654    4.304512E-09
  655    4.291378E-09
  656    4.306884E-09
  657    4.293784E-09
  658    4.280743E-09
  659    4.267761E-09
  660    4.254838E-09
  661    4.579367E-09
  662    4.565542E-09
  663    4.551781E-09
  664    4.538081E-09
  665    4.524443E-09
  666    4.814858E-09
  667    4.800432E-09
  668    4.786070E-09
  669    4.771773E-09
  670    4.757539E-09
  671    4.693698E-09
  672    4.679739E-09
  673    4.665843E-09
  674    4.652008E-09
  675    4.638234E-09
  676    5.448595E-09
  677    5.432510E-09
  678    5.416497E-09
  679    5.400554E-09
  680    5.384682E-09
  681    5.238131E-09
  682    5.222781E-09
  683    5.207499E-09
  684    5.192283E-09
  685    5.177135E-09
  686    5.933221E-09
  687    5.915961E-09
  688    5.898776E-09
  689    5.881665E-09
  690    5.864629E-09
  691    5.971355E-09
  692    5.954109E-09
  693    5.936938E-09
  694    5.919841E-09
  695    5.902818E-09
  696    6.139731E-09
  697    6.122126E-09
  698    6.104597E-09
  699    6.087143E-09
  700    6.069763E-09
  701    6.806479E-09
  702    6.787101E-09
  703    6.767806E-09
  704    6.748593E-09
  705    6.729461E-09
  706    6.440198E-09
  707    6.421992E-09
  708    6.403864E-09
  709    6.385812E-09
  710    6.367836E-09
  711    7.327109E-09
  712    7.306541E-09
  713    7.286060E-09
  714    7.265666E-09
  715    7.245356E-09
  716    7.344490E-09
  717    7.324017E-09
  718    7.303630E-09
  719    7.283328E-09
  720    7.263111E-09
  721    8.008825E-09
  722    7.986656E-09
  723    7.964578E-09
  724    7.942591E-09
  725    7.920696E-09
  726    8.233715E-09
  727    8.211079E-09
  728    8.188537E-09
  729    8.166087E-09
  730    8.143729E-09
  731    8.155252E-09
  732    8.132985E-09
  733    8.110809E-09
  734    8.088724E-09
  735    8.066729E-09
  736    8.927713E-09
  737    8.903502E-09
  738    8.879390E-09
  739    8.855375E-09
  740    8.831458E-09
  741    9.074932E-09
  742    9.050488E-09
  743    9.026143E-09
  744    9.001895E-09
  745    8.977745E-09
  746    9.764286E-09
  747    9.738161E-09
  748    9.712140E-09
  749    9.686224E-09
  750    9.660411E-09
  751    1.015685E-08
  752    1.012986E-08
  753    1.010297E-08
  754    1.007619E-08
  755    1.004952E-08
  756    9.809134E-09
  757    9.783235E-09
  758    9.757439E-09
  759    9.731745E-09
  760    9.706152E-09
  761    1.159041E-08
  762    1.156001E-08
  763    1.152973E-08
  764    1.149957E-08
  765    1.146952E-08
  766    1.111911E-08
  767    1.109014E-08
  768    1.106128E-08
  769    1.103253E-08
  770    1.100389E-08
  771    1.176657E-08
  772    1.173611E-08
  773    1.170576E-08
  774    1.167553E-08
  775    1.164542E-08
  776    1.214368E-08
  777    1.211245E-08
  778    1.208133E-08
  779    1.205033E-08
  780    1.201945E-08
  781    1.287326E-08
  782    1.284035E-08
  783    1.280758E-08
  784    1.277493E-08
  785    1.274240E-08
  786    1.341202E-08
  787    1.337796E-08
  788    1.334403E-08
  789    1.331022E-08
  790    1.327655E-08
  791    1.359973E-08
  792    1.356541E-08
  793    1.353122E-08
  794    1.349715E-08
  795    1.346322E-08
  796    1.453293E-08
  797    1.449648E-08
  798    1.446017E-08
  799    1.442400E-08
  800    1.438796E-08
  801    1.458449E-08
  802    1.454814E-08
  803    1.451193E-08
  804    1.447585E-08
  805    1.443991E-08
  806    1.547999E-08
  807    1.544165E-08
  808    1.540345E-08
  809    1.536539E-08
  810    1.532748E-08
  811    1.578765E-08
  812    1.574879E-08
  813    1.571007E-08
  814    1.567150E-08
  815    1.563306E-08
  816    1.617890E-08
  817    1.613932E-08
  818    1.609988E-08
  819    1.606059E-08
  820    1.602144E-08
  821    1.716358E-08
  822    1.712185E-08
  823    1.708026E-08
  824    1.703883E-08
  825    1.699755E-08
  826    1.778204E-08
  827    1.773906E-08
  828    1.769624E-08
  829    1.765357E-08
  830    1.761106E-08
  831    1.883594E-08
  832    1.879069E-08
  833    1.874560E-08
  834    1.870067E-08
  835    1.865591E-08
  836    1.872460E-08
  837    1.867989E-08
  838    1.863533E-08
  839    1.859093E-08
  840    1.854670E-08
  841    1.920518E-08
  842    1.915959E-08
  843    1.911416E-08
  844    1.906889E-08
  845    1.902378E-08
  846    2.111048E-08
  847    2.106066E-08
  848    2.101102E-08
  849    2.096155E-08
  850    2.091226E-08
  851    2.057805E-08
  852    2.052977E-08
  853    2.048166E-08
  854    2.043372E-08
  855    2.038595E-08
  856    2.230692E-08
  857    2.225489E-08
  858    2.220305E-08
  859    2.215138E-08
  860    2.209990E-08
  861    2.203400E-08
  862    2.198290E-08
  863    2.193199E-08
  864    2.188125E-08
  865    2.183069E-08
  866    2.451845E-08
  867    2.446192E-08
  868    2.440559E-08
  869    2.434946E-08
  870    2.429351E-08
  871    2.530913E-08
  872    2.525112E-08
  873    2.519330E-08
  874    2.513568E-08
  875    2.507826E-08
  876    2.535031E-08
  877    2.529253E-08
  878    2.523495E-08
  879    2.517756E-08
  880    2.512037E-08
  881    2.717340E-08
  882    2.711182E-08
  883    2.705044E-08
  884    2.698928E-08
  885    2.692832E-08
  886    2.727012E-08
  887    2.720866E-08
  888    2.714742E-08
  889    2.708638E-08
  890    2.702554E-08
  891    2.895522E-08
  892    2.889033E-08
  893    2.882566E-08
  894    2.876121E-08
  895    2.869698E-08
  896    2.942725E-08
  897    2.936168E-08
  898    2.929632E-08
  899    2.923118E-08
  900    2.916626E-08
  901    2.970688E-08
  902    2.964105E-08
  903    2.957544E-08
  904    2.951004E-08
  905    2.944486E-08
  906    3.236900E-08
  907    3.229766E-08
  908    3.222656E-08
  909    3.215569E-08
  910    3.208506E-08
  911    3.159356E-08
  912    3.152431E-08
  913    3.145530E-08
  914    3.138650E-08
  915    3.131794E-08
  916    3.483426E-08
  917    3.475833E-08
  918    3.468264E-08
  919    3.460720E-08
  920    3.453201E-08
  921    3.373620E-08
  922    3.366306E-08
  923    3.359016E-08
  924    3.351749E-08
  925    3.344506E-08
  926    3.532100E-08
  927    3.524484E-08
  928    3.516892E-08
  929    3.509325E-08
  930    3.501782E-08
  931    3.837110E-08
  932    3.828880E-08
  933    3.820677E-08
  934    3.812500E-08
  935    3.804349E-08
  936    3.609596E-08
  937    3.601896E-08
  938    3.594220E-08
  939    3.586569E-08
  940    3.578942E-08
  941    3.973752E-08
  942    3.965320E-08
  943    3.956914E-08
  944    3.948536E-08
  945    3.940183E-08
  946    3.960709E-08
  947    3.952348E-08
  948    3.944014E-08
  949    3.935707E-08
  950    3.927425E-08
  951    4.191185E-08
  952    4.182385E-08
  953    4.173612E-08
  954    4.164867E-08
  955    4.156150E-08
  956    4.276500E-08
  957    4.267568E-08
  958    4.258663E-08
  959    4.249786E-08
  960    4.240937E-08
  961    4.241985E-08
  962    4.233171E-08
  963    4.224384E-08
  964    4.215624E-08
  965    4.206892E-08
  966    4.742784E-08
  967    4.732980E-08
  968    4.723206E-08
  969    4.713462E-08
  970    4.703749E-08
  971    4.504945E-08
  972    4.495680E-08
  973    4.486444E-08
  974    4.477236E-08
  975    4.468057E-08
  976    5.010184E-08
  977    4.999933E-08
  978    4.989714E-08
  979    4.979525E-08
  980    4.969368E-08
  981    5.016865E-08
  982    5.006653E-08
  983    4.996471E-08
  984    4.986321E-08
  985    4.976202E-08
  986    4.995736E-08
  987    4.985618E-08
  988    4.975531E-08
  989    4.965474E-08
  990    4.955448E-08
  991    5.339167E-08
  992    5.328408E-08
  993    5.317681E-08
  994    5.306987E-08
  995    5.296325E-08
  996    5.278037E-08
  997    5.267454E-08
  998    5.256903E-08
  999    5.246384E-08
 1000    5.235897E-08
 1001    5.529280E-08
 1002    5.518249E-08
 1003    5.507251E-08
 1004    5.496286E-08
 1005    5.485354E-08
 1006    5.531380E-08
 1007    5.520399E-08
 1008    5.509452E-08
 1009    5.498536E-08
 1010    5.487654E-08
 1011    5.674467E-08
 1012    5.663258E-08
 1013    5.652082E-08
 1014    5.640940E-08
 1015    5.629830E-08
 1016    6.258951E-08
 1017    6.246649E-08
 1018    6.234382E-08
 1019    6.222152E-08
 1020    6.209958E-08
 1021    5.989269E-08
 1022    5.977554E-08
 1023    5.965874E-08
 1024    5.954227E-08
 1025    5.942615E-08
 1026    6.269759E-08
 1027    6.257556E-08
 1028    6.245387E-08
 1029    6.233254E-08
 1030    6.221157E-08
 1031    6.383937E-08
 1032    6.371571E-08
 1033    6.359241E-08
 1034    6.346947E-08
 1035    6.334688E-08
 1036    6.555972E-08
 1037    6.543334E-08
 1038    6.530733E-08
 1039    6.518168E-08
 1040    6.505639E-08
 1041    6.939854E-08
 1042    6.926540E-08
 1043    6.913264E-08
 1044    6.900027E-08
 1045    6.886827E-08
 1046    6.885446E-08
 1047    6.872300E-08
 1048    6.859191E-08
 1049    6.846119E-08
 1050    6.833085E-08
 1051    7.141611E-08
 1052    7.128040E-08
 1053    7.114508E-08
 1054    7.101014E-08
 1055    7.087559E-08
 1056    7.161893E-08
 1057    7.148348E-08
 1058    7.134841E-08
 1059    7.121373E-08
 1060    7.107943E-08
 1061    7.405074E-08
 1062    7.391135E-08
 1063    7.377235E-08
 1064    7.363375E-08
 1065    7.349553E-08
 1066    7.693267E-08
 1067    7.678854E-08
 1068    7.664480E-08
 1069    7.650148E-08
 1070    7.635855E-08
 1071    7.850353E-08
 1072    7.835714E-08
 1073    7.821116E-08
 1074    7.806558E-08
 1075    7.792041E-08
 1076    7.675923E-08
 1077    7.661675E-08
 1078    7.647467E-08
 1079    7.633298E-08
 1080    7.619169E-08
 1081    8.247873E-08
 1082    8.232635E-08
 1083    8.217438E-08
 1084    8.202284E-08
 1085    8.187171E-08
 1086    8.250030E-08
 1087    8.234858E-08
 1088    8.219727E-08
 1089    8.204638E-08
 1090    8.189591E-08
 1091    8.286459E-08
 1092    8.271289E-08
 1093    8.256161E-08
 1094    8.241074E-08
 1095    8.226029E-08
 1096    8.635521E-08
 1097    8.619784E-08
 1098    8.604090E-08
 1099    8.588440E-08
 1100    8.572831E-08
 1101    8.964408E-08
 1102    8.948146E-08
 1103    8.931928E-08
 1104    8.915754E-08
 1105    8.899624E-08
 1106    8.781806E-08
 1107    8.765947E-08
 1108    8.750131E-08
 1109    8.734358E-08
 1110    8.718627E-08
 1111    9.118855E-08
 1112    9.102461E-08
 1113    9.086112E-08
 1114    9.069807E-08
 1115    9.053545E-08
 1116    9.176804E-08
 1117    9.160380E-08
 1118    9.144000E-08
 1119    9.127664E-08
 1120    9.111372E-08
 1121    9.847155E-08
 1122    9.829610E-08
 1123    9.812112E-08
 1124    9.794660E-08
 1125    9.777255E-08
 1126    9.475304E-08
 1127    9.458496E-08
 1128    9.441733E-08
 1129    9.425015E-08
 1130    9.408341E-08
 1131    9.919461E-08
 1132    9.901943E-08
 1133    9.884472E-08
 1134    9.867047E-08
 1135    9.849667E-08
 1136    1.004625E-07
 1137    1.002859E-07
 1138    1.001097E-07
 1139    9.993398E-08
 1140    9.975873E-08
 1141    1.028214E-07
 1142    1.026414E-07
 1143    1.024619E-07
 1144    1.022828E-07
 1145    1.021042E-07
 1146    1.081698E-07
 1147    1.079813E-07
 1148    1.077932E-07
 1149    1.076057E-07
 1150    1.074186E-07
 1151    1.041997E-07
 1152    1.040188E-07
 1153    1.038385E-07
 1154    1.036586E-07
 1155    1.034792E-07
 1156    1.088056E-07
 1157    1.086176E-07
 1158    1.084301E-07
 1159    1.082430E-07
 1160    1.080565E-07
 1161    1.083675E-07
 1162    1.081811E-07
 1163    1.079951E-07
 1164    1.078097E-07
 1165    1.076247E-07
 1166    1.115318E-07
 1167    1.113407E-07
 1168    1.111502E-07
 1169    1.109601E-07
 1170    1.107705E-07
 1171    1.184040E-07
 1172    1.182020E-07
 1173    1.180006E-07
 1174    1.177997E-07
 1175    1.175992E-07
 1176    1.119770E-07
 1177    1.117868E-07
 1178    1.115971E-07
 1179    1.114078E-07
 1180    1.112191E-07
 1181    1.203293E-07
 1182    1.201258E-07
 1183    1.199228E-07
 1184    1.197203E-07
 1185    1.195183E-07
 1186    1.231622E-07
 1187    1.229548E-07
 1188    1.227479E-07
 1189    1.225415E-07
 1190    1.223356E-07
 1191    1.214856E-07
 1192    1.212818E-07
 1193    1.210786E-07
 1194    1.208759E-07
 1195    1.206737E-07
 1196    1.259839E-07
 1197    1.257734E-07
 1198    1.255636E-07
 1199    1.253542E-07
 1200    1.251454E-07
 1201    1.239715E-07
 1202    1.237653E-07
 1203    1.235596E-07
 1204    1.233545E-07
 1205    1.231498E-07
 1206    1.303629E-07
 1207    1.301470E-07
 1208    1.299316E-07
 1209    1.297167E-07
 1210    1.295024E-07
 1211    1.277357E-07
 1212    1.275250E-07
 1213    1.273148E-07
 1214    1.271051E-07
 1215    1.268960E-07
 1216    1.293290E-07
 1217    1.291166E-07
 1218    1.289046E-07
 1219    1.286932E-07
 1220    1.284823E-07
 1221    1.353588E-07
 1222    1.351373E-07
 1223    1.349164E-07
 1224    1.346961E-07
 1225    1.344762E-07
 1226    1.293752E-07
 1227    1.291644E-07
 1228    1.289541E-07
 1229    1.287443E-07
 1230    1.285351E-07
 1231    1.401624E-07
 1232    1.399349E-07
 1233    1.397080E-07
 1234    1.394817E-07
 1235    1.392559E-07
 1236    1.360338E-07
 1237    1.358139E-07
 1238    1.355946E-07
 1239    1.353758E-07
 1240    1.351576E-07
 1241    1.376047E-07
 1242    1.373832E-07
 1243    1.371623E-07
 1244    1.369418E-07
 1245    1.367219E-07
 1246    1.433827E-07
 1247    1.431529E-07
 1248    1.429235E-07
 1249    1.426948E-07
 1250    1.424665E-07
 1251    1.395839E-07
 1252    1.393610E-07
 1253    1.391386E-07
 1254    1.389168E-07
 1255    1.386955E-07
 1256    1.496757E-07
 1257    1.494376E-07
 1258    1.492002E-07
 1259    1.489632E-07
 1260    1.487269E-07
 1261    1.409953E-07
 1262    1.407720E-07
 1263    1.405491E-07
 1264    1.403268E-07
 1265    1.401051E-07
 1266    1.478063E-07
 1267    1.475731E-07
 1268    1.473404E-07
 1269    1.471083E-07
 1270    1.468767E-07
 1271    1.512417E-07
 1272    1.510040E-07
 1273    1.507668E-07
 1274    1.505302E-07
 1275    1.502942E-07
 1276    1.464067E-07
 1277    1.461775E-07
 1278    1.459488E-07
 1279    1.457207E-07
 1280    1.454931E-07
 1281    1.504485E-07
 1282    1.502139E-07
 1283    1.499798E-07
 1284    1.497463E-07
 1285    1.495133E-07
 1286    1.492504E-07
 1287    1.490185E-07
 1288    1.487872E-07
 1289    1.485565E-07
 1290    1.483262E-07
 1291    1.568491E-07
 1292    1.566063E-07
 1293    1.563642E-07
 1294    1.561226E-07
 1295    1.558816E-07
 1296    1.536102E-07
 1297    1.533734E-07
 1298    1.531372E-07
 1299    1.529015E-07
 1300    1.526664E-07
 1301    1.557048E-07
 1302    1.554657E-07
 1303    1.552271E-07
 1304    1.549891E-07
 1305    1.547517E-07
 1306    1.557271E-07
 1307    1.554889E-07
 1308    1.552513E-07
 1309    1.550141E-07
 1310    1.547776E-07
 1311    1.567428E-07
 1312    1.565039E-07
 1313    1.562656E-07
 1314    1.560279E-07
 1315    1.557906E-07
 1316    1.607652E-07
 1317    1.605212E-07
 1318    1.602777E-07
 1319    1.600348E-07
 1320    1.597924E-07
 1321    1.574525E-07
 1322    1.572144E-07
 1323    1.569769E-07
 1324    1.567398E-07
 1325    1.565033E-07
 1326    1.594288E-07
 1327    1.591886E-07
 1328    1.589489E-07
 1329    1.587098E-07
 1330    1.584712E-07
 1331    1.591547E-07
 1332    1.589159E-07
 1333    1.586775E-07
 1334    1.584397E-07
 1335    1.582024E-07
 1336    1.612969E-07
 1337    1.610557E-07
 1338    1.608151E-07
 1339    1.605750E-07
 1340    1.603354E-07
 1341    1.647245E-07
 1342    1.644791E-07
 1343    1.642343E-07
 1344    1.639899E-07
 1345    1.637462E-07
 1346    1.627894E-07
 1347    1.625478E-07
 1348    1.623067E-07
 1349    1.620662E-07
 1350    1.618262E-07
 1351    1.655585E-07
 1352    1.653137E-07
 1353    1.650694E-07
 1354    1.648256E-07
 1355    1.645824E-07
 1356    1.660547E-07
 1357    1.658101E-07
 1358    1.655660E-07
 1359    1.653224E-07
 1360    1.650794E-07
 1361    1.644265E-07
 1362    1.641851E-07
 1363    1.639443E-07
 1364    1.637040E-07
 1365    1.634642E-07
 1366    1.634278E-07
 1367    1.631888E-07
 1368    1.629503E-07
 1369    1.627123E-07
 1370    1.624748E-07
 1371    1.634606E-07
 1372    1.632224E-07
 1373    1.629848E-07
 1374    1.627476E-07
 1375    1.625110E-07
 1376    1.703979E-07
 1377    1.701505E-07
 1378    1.699036E-07
 1379    1.696573E-07
 1380    1.694115E-07
 1381    1.636215E-07
 1382    1.633848E-07
 1383    1.631486E-07
 1384    1.629129E-07
 1385    1.626778E-07
 1386    1.672732E-07
 1387    1.670321E-07
 1388    1.667915E-07
 1389    1.665514E-07
 1390    1.663119E-07
 1391    1.608280E-07
 1392    1.605970E-07
 1393    1.603666E-07
 1394    1.601366E-07
 1395    1.599070E-07
 1396    1.677486E-07
 1397    1.675085E-07
 1398    1.672690E-07
 1399    1.670299E-07
 1400    1.667914E-07
 1401    1.685223E-07
 1402    1.682820E-07
 1403    1.680422E-07
 1404    1.678029E-07
 1405    1.675641E-07
 1406    1.638191E-07
 1407    1.635863E-07
 1408    1.633540E-07
 1409    1.631223E-07
 1410    1.628910E-07
 1411    1.657330E-07
 1412    1.654983E-07
 1413    1.652642E-07
 1414    1.650305E-07
 1415    1.647973E-07
 1416    1.621145E-07
 1417    1.618857E-07
 1418    1.616575E-07
 1419    1.614297E-07
 1420    1.612024E-07
 1421    1.630126E-07
 1422    1.627834E-07
 1423    1.625547E-07
 1424    1.623265E-07
 1425    1.620988E-07
 1426    1.674245E-07
 1427    1.671899E-07
 1428    1.669559E-07
 1429    1.667223E-07
 1430    1.664892E-07
 1431    1.633152E-07
 1432    1.630872E-07
 1433    1.628596E-07
 1434    1.626326E-07
 1435    1.624060E-07
 1436    1.657439E-07
 1437    1.655133E-07
 1438    1.652831E-07
 1439    1.650535E-07
 1440    1.648243E-07
 1441    1.633346E-07
 1442    1.631081E-07
 1443    1.628822E-07
 1444    1.626566E-07
 1445    1.624316E-07
 1446    1.636936E-07
 1447    1.634674E-07
 1448    1.632417E-07
 1449    1.630164E-07
 1450    1.627917E-07
 1451    1.626654E-07
 1452    1.624415E-07
 1453    1.622179E-07
 1454    1.619949E-07
 1455    1.617723E-07
 1456    1.572212E-07
 1457    1.570055E-07
 1458    1.567902E-07
 1459    1.565753E-07
 1460    1.563609E-07
 1461    1.668891E-07
 1462    1.666609E-07
 1463    1.664331E-07
 1464    1.662058E-07
 1465    1.659790E-07
 1466    1.585541E-07
 1467    1.583380E-07
 1468    1.581224E-07
 1469    1.579072E-07
 1470    1.576924E-07
 1471    1.619603E-07
 1472    1.617403E-07
 1473    1.615208E-07
 1474    1.613017E-07
 1475    1.610830E-07
 1476    1.549688E-07
 1477    1.547591E-07
 1478    1.545497E-07
 1479    1.543408E-07
 1480    1.541323E-07
 1481    1.564328E-07
 1482    1.562217E-07
 1483    1.560111E-07
 1484    1.558009E-07
 1485    1.555912E-07
 1486    1.596739E-07
 1487    1.594592E-07
 1488    1.592450E-07
 1489    1.590312E-07
 1490    1.588178E-07
 1491    1.540375E-07
 1492    1.538311E-07
 1493    1.536251E-07
 1494    1.534195E-07
 1495    1.532144E-07
 1496    1.538433E-07
 1497    1.536378E-07
 1498    1.534328E-07
 1499    1.532281E-07
 1500    1.530239E-07
 1501    1.517951E-07
 1502    1.515930E-07
 1503    1.513913E-07
 1504    1.511901E-07
 1505    1.509892E-07
 1506    1.511560E-07
 1507    1.509554E-07
 1508    1.507553E-07
 1509    1.505555E-07
 1510    1.503562E-07
 1511    1.515586E-07
 1512    1.513581E-07
 1513    1.511581E-07
 1514    1.509585E-07
 1515    1.507593E-07
 1516    1.448069E-07
 1517    1.446160E-07
 1518    1.444255E-07
 1519    1.442354E-07
 1520    1.440457E-07
 1521    1.452020E-07
 1522    1.450112E-07
 1523    1.448209E-07
 1524    1.446309E-07
 1525    1.444412E-07
 1526    1.479495E-07
 1527    1.477558E-07
 1528    1.475625E-07
 1529    1.473695E-07
 1530    1.471770E-07
 1531    1.435256E-07
 1532    1.433383E-07
 1533    1.431514E-07
 1534    1.429648E-07
 1535    1.427786E-07
 1536    1.402702E-07
 1537    1.400877E-07
 1538    1.399056E-07
 1539    1.397239E-07
 1540    1.395425E-07
 1541    1.339842E-07
 1542    1.338104E-07
 1543    1.336371E-07
 1544    1.334640E-07
 1545    1.332913E-07
 1546    1.406512E-07
 1547    1.404694E-07
 1548    1.402880E-07
 1549    1.401069E-07
 1550    1.399262E-07
 1551    1.336685E-07
 1552    1.334963E-07
 1553    1.333245E-07
 1554    1.331529E-07
 1555    1.329817E-07
 1556    1.354817E-07
 1557    1.353077E-07
 1558    1.351341E-07
 1559    1.349608E-07
 1560    1.347878E-07
 1561    1.317819E-07
 1562    1.316132E-07
 1563    1.314449E-07
 1564    1.312768E-07
 1565    1.311091E-07
 1566    1.284720E-07
 1567    1.283081E-07
 1568    1.281445E-07
 1569    1.279812E-07
 1570    1.278182E-07
 1571    1.271790E-07
 1572    1.270172E-07
 1573    1.268558E-07
 1574    1.266946E-07
 1575    1.265338E-07
 1576    1.258724E-07
 1577    1.257128E-07
 1578    1.255536E-07
 1579    1.253946E-07
 1580    1.252359E-07
 1581    1.226327E-07
 1582    1.224778E-07
 1583    1.223231E-07
 1584    1.221687E-07
 1585    1.220146E-07
 1586    1.224881E-07
 1587    1.223338E-07
 1588    1.221798E-07
 1589    1.220261E-07
 1590    1.218726E-07
 1591    1.191365E-07
 1592    1.189869E-07
 1593    1.188375E-07
 1594    1.186885E-07
 1595    1.185397E-07
 1596    1.176023E-07
 1597    1.174551E-07
 1598    1.173081E-07
 1599    1.171615E-07
 1600    1.170151E-07
 1601    1.151831E-07
 1602    1.150393E-07
 1603    1.148958E-07
 1604    1.147526E-07
 1605    1.146097E-07
 1606    1.131090E-07
 1607    1.129683E-07
 1608    1.128278E-07
 1609    1.126876E-07
 1610    1.125477E-07
 1611    1.137580E-07
 1612    1.136169E-07
 1613    1.134761E-07
 1614    1.133355E-07
 1615    1.131952E-07
 1616    1.092753E-07
 1617    1.091402E-07
 1618    1.090054E-07
 1619    1.088707E-07
 1620    1.087364E-07
 1621    1.075443E-07
 1622    1.074117E-07
 1623    1.072794E-07
 1624    1.071473E-07
 1625    1.070155E-07
 1626    1.038223E-07
 1627    1.036948E-07
 1628    1.035674E-07
 1629    1.034403E-07
 1630    1.033134E-07
 1631    1.049698E-07
 1632    1.048412E-07
 1633    1.047128E-07
 1634    1.045847E-07
 1635    1.044568E-07
 1636    1.008658E-07
 1637    1.007426E-07
 1638    1.006197E-07
 1639    1.004969E-07
 1640    1.003744E-07
 1641    1.010206E-07
 1642    1.008975E-07
 1643    1.007748E-07
 1644    1.006522E-07
 1645    1.005299E-07
 1646    9.780261E-08
 1647    9.768388E-08
 1648    9.756537E-08
 1649    9.744707E-08
 1650    9.732899E-08
 1651    9.875386E-08
 1652    9.863434E-08
 1653    9.851504E-08
 1654    9.839595E-08
 1655    9.827708E-08
 1656    9.624815E-08
 1657    9.613201E-08
 1658    9.601608E-08
 1659    9.590037E-08
 1660    9.578486E-08
 1661    9.280402E-08
 1662    9.269238E-08
 1663    9.258094E-08
 1664    9.246970E-08
 1665    9.235865E-08
 1666    9.456657E-08
 1667    9.445315E-08
 1668    9.433993E-08
 1669    9.422691E-08
 1670    9.411410E-08
 1671    9.264314E-08
 1672    9.253236E-08
 1673    9.242177E-08
 1674    9.231139E-08
 1675    9.220120E-08
 1676    9.336539E-08
 1677    9.325408E-08
 1678    9.314296E-08
 1679    9.303204E-08
 1680    9.292132E-08
 1681    9.085933E-08
 1682    9.075132E-08
 1683    9.064351E-08
 1684    9.053589E-08
 1685    9.042846E-08
 1686    9.006943E-08
 1687    8.996268E-08
 1688    8.985612E-08
 1689    8.974975E-08
 1690    8.964357E-08
 1691    8.971688E-08
 1692    8.961086E-08
 1693    8.950503E-08
 1694    8.939939E-08
 1695    8.929393E-08
 1696    8.923608E-08
 1697    8.913094E-08
 1698    8.902599E-08
 1699    8.892122E-08
 1700    8.881664E-08
 1701    8.959995E-08
 1702    8.949469E-08
 1703    8.938962E-08
 1704    8.928474E-08
 1705    8.918003E-08
 1706    8.826290E-08
 1707    8.815952E-08
 1708    8.805632E-08
 1709    8.795330E-08
 1710    8.785046E-08
 1711    8.769204E-08
 1712    8.758963E-08
 1713    8.748739E-08
 1714    8.738534E-08
 1715    8.728346E-08
 1716    8.935697E-08
 1717    8.925292E-08
 1718    8.914904E-08
 1719    8.904535E-08
 1720    8.894184E-08
 1721    8.821157E-08
 1722    8.810915E-08
 1723    8.800690E-08
 1724    8.790484E-08
 1725    8.780295E-08
 1726    9.229165E-08
 1727    9.218480E-08
 1728    9.207814E-08
 1729    9.197166E-08
 1730    9.186537E-08
 1731    9.113257E-08
 1732    9.102737E-08
 1733    9.092235E-08
 1734    9.081751E-08
 1735    9.071285E-08
 1736    9.389001E-08
 1737    9.378193E-08
 1738    9.367404E-08
 1739    9.356634E-08
 1740    9.345882E-08
 1741    9.549815E-08
 1742    9.538854E-08
 1743    9.527911E-08
 1744    9.516988E-08
 1745    9.506083E-08
 1746    9.501642E-08
 1747    9.490767E-08
 1748    9.479911E-08
 1749    9.469074E-08
 1750    9.458255E-08
 1751    9.830946E-08
 1752    9.819727E-08
 1753    9.808527E-08
 1754    9.797346E-08
 1755    9.786184E-08
 1756    9.866834E-08
 1757    9.855606E-08
 1758    9.844396E-08
 1759    9.833206E-08
 1760    9.822036E-08
 1761    1.029281E-07
 1762    1.028113E-07
 1763    1.026947E-07
 1764    1.025783E-07
 1765    1.024621E-07
 1766    1.027379E-07
 1767    1.026217E-07
 1768    1.025056E-07
 1769    1.023898E-07
 1770    1.022741E-07
 1771    1.062692E-07
 1772    1.061493E-07
 1773    1.060296E-07
 1774    1.059101E-07
 1775    1.057908E-07
 1776    1.121722E-07
 1777    1.120460E-07
 1778    1.119200E-07
 1779    1.117942E-07
 1780    1.116686E-07
 1781    1.138708E-07
 1782    1.137431E-07
 1783    1.136155E-07
 1784    1.134882E-07
 1785    1.133611E-07
 1786    1.194040E-07
 1787    1.192704E-07
 1788    1.191371E-07
 1789    1.190039E-07
 1790    1.188710E-07
 1791    1.215804E-07
 1792    1.214447E-07
 1793    1.213093E-07
 1794    1.211741E-07
 1795    1.210391E-07
 1796    1.272212E-07
 1797    1.270797E-07
 1798    1.269383E-07
 1799    1.267973E-07
 1800    1.266564E-07
 1801    1.318454E-07
 1802    1.316991E-07
 1803    1.315530E-07
 1804    1.314072E-07
 1805    1.312617E-07
 1806    1.348900E-07
 1807    1.347407E-07
 1808    1.345917E-07
 1809    1.344429E-07
 1810    1.342944E-07
 1811    1.411387E-07
 1812    1.409830E-07
 1813    1.408275E-07
 1814    1.406723E-07
 1815    1.405173E-07
 1816    1.456636E-07
 1817    1.455033E-07
 1818    1.453433E-07
 1819    1.451835E-07
 1820    1.450240E-07
 1821    1.578603E-07
 1822    1.576871E-07
 1823    1.575142E-07
 1824    1.573415E-07
 1825    1.571691E-07
 1826    1.630621E-07
 1827    1.628836E-07
 1828    1.627055E-07
 1829    1.625276E-07
 1830    1.623500E-07
 1831    1.717446E-07
 1832    1.715571E-07
 1833    1.713700E-07
 1834    1.711832E-07
 1835    1.709966E-07
 1836    1.822221E-07
 1837    1.820238E-07
 1838    1.818258E-07
 1839    1.816281E-07
 1840    1.814307E-07
 1841    1.896821E-07
 1842    1.894762E-07
 1843    1.892706E-07
 1844    1.890654E-07
 1845    1.888605E-07
 1846    1.999652E-07
 1847    1.997487E-07
 1848    1.995326E-07
 1849    1.993168E-07
 1850    1.991014E-07
 1851    2.068932E-07
 1852    2.066698E-07
 1853    2.064468E-07
 1854    2.062242E-07
 1855    2.060019E-07
 1856    2.171391E-07
 1857    2.169053E-07
 1858    2.166718E-07
 1859    2.164388E-07
 1860    2.162061E-07
 1861    2.297663E-07
 1862    2.295195E-07
 1863    2.292732E-07
 1864    2.290273E-07
 1865    2.287817E-07
 1866    2.431791E-07
 1867    2.429187E-07
 1868    2.426587E-07
 1869    2.423991E-07
 1870    2.421399E-07
 1871    2.621906E-07
 1872    2.619106E-07
 1873    2.616310E-07
 1874    2.613518E-07
 1875    2.610731E-07
 1876    2.709845E-07
 1877    2.706959E-07
 1878    2.704077E-07
 1879    2.701199E-07
 1880    2.698326E-07
 1881    2.910265E-07
 1882    2.907173E-07
 1883    2.904086E-07
 1884    2.901004E-07
 1885    2.897927E-07
 1886    3.012950E-07
 1887    3.009758E-07
 1888    3.006570E-07
 1889    3.003388E-07
 1890    3.000211E-07
 1891    3.137732E-07
 1892    3.134416E-07
 1893    3.131105E-07
 1894    3.127800E-07
 1895    3.124500E-07
 1896    3.315256E-07
 1897    3.311762E-07
 1898    3.308273E-07
 1899    3.304790E-07
 1900    3.301312E-07
 1901    3.313984E-07
 1902    3.310501E-07
 1903    3.307022E-07
 1904    3.303549E-07
 1905    3.300082E-07
 1906    3.469990E-07
 1907    3.466352E-07
 1908    3.462720E-07
 1909    3.459093E-07
 1910    3.455472E-07
 1911    3.628355E-07
 1912    3.624561E-07
 1913    3.620772E-07
 1914    3.616990E-07
 1915    3.613213E-07
 1916    3.748955E-07
 1917    3.745045E-07
 1918    3.741140E-07
 1919    3.737242E-07
 1920    3.733350E-07
 1921    3.938112E-07
 1922    3.934015E-07
 1923    3.929924E-07
 1924    3.925840E-07
 1925    3.921762E-07
 1926    4.116321E-07
 1927    4.112049E-07
 1928    4.107785E-07
 1929    4.103527E-07
 1930    4.099276E-07
 1931    4.428593E-07
 1932    4.424010E-07
 1933    4.419434E-07
 1934    4.414865E-07
 1935    4.410303E-07
 1936    4.568676E-07
 1937    4.563960E-07
 1938    4.559251E-07
 1939    4.554549E-07
 1940    4.549855E-07
 1941    4.810099E-07
 1942    4.805147E-07
 1943    4.800202E-07
 1944    4.795265E-07
 1945    4.790335E-07
 1946    5.034274E-07
 1947    5.029105E-07
 1948    5.023942E-07
 1949    5.018788E-07
 1950    5.013642E-07
 1951    5.073342E-07
 1952    5.068145E-07
 1953    5.062956E-07
 1954    5.057776E-07
 1955    5.052603E-07
 1956    5.504344E-07
 1957    5.498720E-07
 1958    5.493105E-07
 1959    5.487498E-07
 1960    5.481900E-07
 1961    5.471869E-07
 1962    5.466293E-07
 1963    5.460725E-07
 1964    5.455166E-07
 1965    5.449615E-07
 1966    5.936567E-07
 1967    5.930532E-07
 1968    5.924507E-07
 1969    5.918490E-07
 1970    5.912483E-07
 1971    6.222275E-07
 1972    6.215966E-07
 1973    6.209666E-07
 1974    6.203376E-07
 1975    6.197096E-07
 1976    6.479349E-07
 1977    6.472796E-07
 1978    6.466253E-07
 1979    6.459720E-07
 1980    6.453197E-07
 1981    6.834009E-07
 1982    6.827114E-07
 1983    6.820230E-07
 1984    6.813357E-07
 1985    6.806494E-07
 1986    7.042670E-07
 1987    7.035583E-07
 1988    7.028507E-07
 1989    7.021441E-07
 1990    7.014386E-07
 1991    7.473717E-07
 1992    7.466216E-07
 1993    7.458725E-07
 1994    7.451246E-07
 1995    7.443778E-07
 1996    7.543196E-07
 1997    7.535644E-07
 1998    7.528102E-07
 1999    7.520573E-07
 2000    7.513054E-07
 2001    7.722921E-07
 2002    7.715207E-07
 2003    7.707506E-07
 2004    7.699816E-07
 2005    7.692137E-07
 2006    8.012382E-07
 2007    8.004400E-07
 2008    7.996429E-07
 2009    7.988471E-07
 2010    7.980524E-07
 2011    8.189877E-07
 2012    8.181738E-07
 2013    8.173611E-07
 2014    8.165496E-07
 2015    8.157393E-07
 2016    8.691513E-07
 2017    8.682897E-07
 2018    8.674294E-07
 2019    8.665703E-07
 2020    8.657126E-07
 2021    8.963805E-07
 2022    8.954941E-07
 2023    8.946090E-07
 2024    8.937253E-07
 2025    8.928428E-07
 2026    9.236088E-07
 2027    9.226977E-07
 2028    9.217880E-07
 2029    9.208796E-07
 2030    9.199725E-07
 2031    9.868756E-07
 2032    9.859045E-07
 2033    9.849349E-07
 2034    9.839667E-07
 2035    9.829998E-07
 2036    9.986814E-07
 2037    9.977011E-07
 2038    9.967222E-07
 2039    9.957448E-07
 2040    9.947688E-07
 2041    1.061991E-06
 2042    1.060951E-06
 2043    1.059912E-06
 2044    1.058875E-06
 2045    1.057840E-06
 2046    1.059271E-06
 2047    1.058236E-06
 2048    1.057203E-06
 2049    1.056171E-06
 2050    1.055141E-06
 2051    1.095460E-06
 2052    1.094393E-06
 2053    1.093327E-06
 2054    1.092262E-06
 2055    1.091200E-06
 2056    1.137894E-06
 2057    1.136788E-06
 2058    1.135684E-06
 2059    1.134581E-06
 2060    1.133480E-06
 2061    1.170264E-06
 2062    1.169129E-06
 2063    1.167996E-06
 2064    1.166865E-06
 2065    1.165735E-06
 2066    1.224951E-06
 2067    1.223766E-06
 2068    1.222583E-06
 2069    1.221401E-06
 2070    1.220222E-06
 2071    1.241936E-06
 2072    1.240737E-06
 2073    1.239540E-06
 2074    1.238345E-06
 2075    1.237152E-06
 2076    1.328685E-06
 2077    1.327406E-06
 2078    1.326129E-06
 2079    1.324854E-06
 2080    1.323580E-06
 2081    1.383896E-06
 2082    1.382567E-06
 2083    1.381240E-06
 2084    1.379915E-06
 2085    1.378592E-06
 2086    1.455568E-06
 2087    1.454174E-06
 2088    1.452781E-06
 2089    1.451390E-06
 2090    1.450002E-06
 2091    1.447452E-06
 2092    1.446068E-06
 2093    1.444687E-06
 2094    1.443307E-06
 2095    1.441930E-06
 2096    1.502448E-06
 2097    1.501015E-06
 2098    1.499585E-06
 2099    1.498156E-06
 2100    1.496730E-06
 2101    1.524619E-06
 2102    1.523169E-06
 2103    1.521720E-06
 2104    1.520274E-06
 2105    1.518830E-06
 2106    1.528038E-06
 2107    1.526587E-06
 2108    1.525139E-06
 2109    1.523693E-06
 2110    1.522250E-06
 2111    1.585479E-06
 2112    1.583977E-06
 2113    1.582479E-06
 2114    1.580982E-06
 2115    1.579487E-06
 2116    1.623988E-06
 2117    1.622455E-06
 2118    1.620923E-06
 2119    1.619393E-06
 2120    1.617866E-06
 2121    1.664413E-06
 2122    1.662844E-06
 2123    1.661278E-06
 2124    1.659714E-06
 2125    1.658153E-06
 2126    1.706444E-06
 2127    1.704840E-06
 2128    1.703238E-06
 2129    1.701638E-06
 2130    1.700041E-06
 2131    1.766751E-06
 2132    1.765094E-06
 2133    1.763439E-06
 2134    1.761787E-06
 2135    1.760137E-06
 2136    1.850481E-06
 2137    1.848750E-06
 2138    1.847021E-06
 2139    1.845294E-06
 2140    1.843570E-06
 2141    1.871645E-06
 2142    1.869898E-06
 2143    1.868153E-06
 2144    1.866411E-06
 2145    1.864671E-06
 2146    1.896874E-06
 2147    1.895108E-06
 2148    1.893344E-06
 2149    1.891582E-06
 2150    1.889823E-06
 2151    1.880619E-06
 2152    1.878872E-06
 2153    1.877127E-06
 2154    1.875384E-06
 2155    1.873644E-06
 2156    1.930868E-06
 2157    1.929078E-06
 2158    1.927290E-06
 2159    1.925505E-06
 2160    1.923723E-06
 2161    2.062792E-06
 2162    2.060884E-06
 2163    2.058979E-06
 2164    2.057077E-06
 2165    2.055177E-06
 2166    2.076584E-06
 2167    2.074667E-06
 2168    2.072754E-06
 2169    2.070843E-06
 2170    2.068935E-06
 2171    2.187124E-06
 2172    2.185110E-06
 2173    2.183100E-06
 2174    2.181092E-06
 2175    2.179087E-06
 2176    2.211059E-06
 2177    2.209028E-06
 2178    2.207000E-06
 2179    2.204975E-06
 2180    2.202953E-06
 2181    2.312315E-06
 2182    2.310196E-06
 2183    2.308080E-06
 2184    2.305966E-06
 2185    2.303856E-06
 2186    2.381881E-06
 2187    2.379703E-06
 2188    2.377528E-06
 2189    2.375357E-06
 2190    2.373188E-06
 2191    2.372495E-06
 2192    2.370331E-06
 2193    2.368169E-06
 2194    2.366011E-06
 2195    2.363856E-06
 2196    2.445076E-06
 2197    2.442850E-06
 2198    2.440628E-06
 2199    2.438409E-06
 2200    2.436193E-06
 2201    2.394233E-06
 2202    2.392059E-06
 2203    2.389888E-06
 2204    2.387720E-06
 2205    2.385555E-06
 2206    2.466797E-06
 2207    2.464562E-06
 2208    2.462330E-06
 2209    2.460101E-06
 2210    2.457876E-06
 2211    2.475040E-06
 2212    2.472802E-06
 2213    2.470568E-06
 2214    2.468337E-06
 2215    2.466109E-06
 2216    2.491082E-06
 2217    2.488836E-06
 2218    2.486592E-06
 2219    2.484351E-06
 2220    2.482113E-06
 2221    2.602887E-06
 2222    2.600545E-06
 2223    2.598206E-06
 2224    2.595870E-06
 2225    2.593537E-06
 2226    2.612303E-06
 2227    2.609957E-06
 2228    2.607615E-06
 2229    2.605276E-06
 2230    2.602940E-06
 2231    2.729248E-06
 2232    2.726803E-06
 2233    2.724361E-06
 2234    2.721923E-06
 2235    2.719488E-06
 2236    2.791549E-06
 2237    2.789053E-06
 2238    2.786561E-06
 2239    2.784073E-06
 2240    2.781588E-06
 2241    2.772492E-06
 2242    2.770020E-06
 2243    2.767550E-06
 2244    2.765084E-06
 2245    2.762622E-06
 2246    2.938246E-06
 2247    2.935631E-06
 2248    2.933020E-06
 2249    2.930412E-06
 2250    2.927808E-06
 2251    2.853218E-06
 2252    2.850685E-06
 2253    2.848155E-06
 2254    2.845628E-06
 2255    2.843105E-06
 2256    2.929126E-06
 2257    2.926531E-06
 2258    2.923939E-06
 2259    2.921351E-06
 2260    2.918767E-06
 2261    2.957902E-06
 2262    2.955288E-06
 2263    2.952676E-06
 2264    2.950069E-06
 2265    2.947464E-06
 2266    3.042427E-06
 2267    3.039743E-06
 2268    3.037064E-06
 2269    3.034387E-06
 2270    3.031714E-06
 2271    3.162216E-06
 2272    3.159433E-06
 2273    3.156653E-06
 2274    3.153878E-06
 2275    3.151106E-06
 2276    3.145997E-06
 2277    3.143234E-06
 2278    3.140475E-06
 2279    3.137720E-06
 2280    3.134968E-06
 2281    3.318927E-06
 2282    3.316019E-06
 2283    3.313114E-06
 2284    3.310214E-06
 2285    3.307317E-06
 2286    3.333072E-06
 2287    3.330158E-06
 2288    3.327247E-06
 2289    3.324341E-06
 2290    3.321438E-06
 2291    3.359522E-06
 2292    3.356591E-06
 2293    3.353664E-06
 2294    3.350740E-06
 2295    3.347821E-06
 2296    3.360998E-06
 2297    3.358072E-06
 2298    3.355150E-06
 2299    3.352232E-06
 2300    3.349317E-06
 2301    3.314576E-06
 2302    3.311697E-06
 2303    3.308821E-06
 2304    3.305950E-06
 2305    3.303082E-06
 2306    3.446800E-06
 2307    3.443812E-06
 2308    3.440829E-06
 2309    3.437849E-06
 2310    3.434873E-06
 2311    3.379890E-06
 2312    3.376967E-06
 2313    3.374048E-06
 2314    3.371132E-06
 2315    3.368221E-06
 2316    3.459979E-06
 2317    3.456993E-06
 2318    3.454011E-06
 2319    3.451033E-06
 2320    3.448059E-06
 2321    3.492485E-06
 2322    3.489477E-06
 2323    3.486473E-06
 2324    3.483474E-06
 2325    3.480478E-06
 2326    3.576331E-06
 2327    3.573258E-06
 2328    3.570189E-06
 2329    3.567124E-06
 2330    3.564063E-06
 2331    3.681442E-06
 2332    3.678285E-06
 2333    3.675132E-06
 2334    3.671984E-06
 2335    3.668839E-06
 2336    3.638957E-06
 2337    3.635843E-06
 2338    3.632733E-06
 2339    3.629628E-06
 2340    3.626526E-06
 2341    3.712591E-06
 2342    3.709422E-06
 2343    3.706256E-06
 2344    3.703094E-06
 2345    3.699937E-06
 2346    3.689132E-06
 2347    3.685989E-06
 2348    3.682850E-06
 2349    3.679715E-06
 2350    3.676584E-06
 2351    3.685147E-06
 2352    3.682014E-06
 2353    3.678885E-06
 2354    3.675761E-06
 2355    3.672640E-06
 2356    3.605831E-06
 2357    3.602772E-06
 2358    3.599716E-06
 2359    3.596665E-06
 2360    3.593618E-06
 2361    3.621219E-06
 2362    3.618153E-06
 2363    3.615091E-06
 2364    3.612034E-06
 2365    3.608980E-06
 2366    3.754356E-06
 2367    3.751185E-06
 2368    3.748017E-06
 2369    3.744854E-06
 2370    3.741694E-06
 2371    3.807025E-06
 2372    3.803816E-06
 2373    3.800611E-06
 2374    3.797410E-06
 2375    3.794213E-06
 2376    3.925286E-06
 2377    3.921984E-06
 2378    3.918686E-06
 2379    3.915392E-06
 2380    3.912102E-06
 2381    4.023218E-06
 2382    4.019840E-06
 2383    4.016467E-06
 2384    4.013099E-06
 2385    4.009734E-06
 2386    4.046184E-06
 2387    4.042794E-06
 2388    4.039409E-06
 2389    4.036028E-06
 2390    4.032651E-06
 2391    4.187179E-06
 2392    4.183679E-06
 2393    4.180183E-06
 2394    4.176691E-06
 2395    4.173204E-06
 2396    4.029709E-06
 2397    4.026348E-06
 2398    4.022990E-06
 2399    4.019637E-06
 2400    4.016288E-06
 2401    4.064142E-06
 2402    4.060758E-06
 2403    4.057379E-06
 2404    4.054005E-06
 2405    4.050634E-06
 2406    3.997611E-06
 2407    3.994290E-06
 2408    3.990973E-06
 2409    3.987660E-06
 2410    3.984352E-06
 2411    4.057420E-06
 2412    4.054056E-06
 2413    4.050697E-06
 2414    4.047341E-06
 2415    4.043990E-06
 2416    4.152735E-06
 2417    4.149300E-06
 2418    4.145869E-06
 2419    4.142442E-06
 2420    4.139019E-06
 2421    4.172615E-06
 2422    4.169171E-06
 2423    4.165730E-06
 2424    4.162294E-06
 2425    4.158862E-06
 2426    4.332472E-06
 2427    4.328903E-06
 2428    4.325338E-06
 2429    4.321777E-06
 2430    4.318221E-06
 2431    4.330791E-06
 2432    4.327231E-06
 2433    4.323674E-06
 2434    4.320122E-06
 2435    4.316575E-06
 2436    4.460377E-06
 2437    4.456718E-06
 2438    4.453062E-06
 2439    4.449412E-06
 2440    4.445765E-06
 2441    4.514150E-06
 2442    4.510454E-06
 2443    4.506762E-06
 2444    4.503075E-06
 2445    4.499392E-06
 2446    4.431842E-06
 2447    4.428221E-06
 2448    4.424604E-06
 2449    4.420991E-06
 2450    4.417383E-06
 2451    4.483482E-06
 2452    4.479826E-06
 2453    4.476174E-06
 2454    4.472527E-06
 2455    4.468884E-06
 2456    4.488190E-06
 2457    4.484538E-06
 2458    4.480890E-06
 2459    4.477246E-06
 2460    4.473606E-06
 2461    4.561203E-06
 2462    4.557499E-06
 2463    4.553799E-06
 2464    4.550103E-06
 2465    4.546412E-06
 2466    4.622713E-06
 2467    4.618967E-06
 2468    4.615224E-06
 2469    4.611486E-06
 2470    4.607753E-06
 2471    4.675737E-06
 2472    4.671955E-06
 2473    4.668177E-06
 2474    4.664404E-06
 2475    4.660636E-06
 2476    4.864438E-06
 2477    4.860511E-06
 2478    4.856589E-06
 2479    4.852672E-06
 2480    4.848759E-06
 2481    4.871106E-06
 2482    4.867182E-06
 2483    4.863262E-06
 2484    4.859348E-06
 2485    4.855437E-06
 2486    5.016684E-06
 2487    5.012651E-06
 2488    5.008622E-06
 2489    5.004598E-06
 2490    5.000579E-06
 2491    4.946568E-06
 2492    4.942599E-06
 2493    4.938635E-06
 2494    4.934675E-06
 2495    4.930720E-06
 2496    4.869316E-06
 2497    4.865416E-06
 2498    4.861522E-06
 2499    4.857632E-06
 2500    4.853746E-06
 2501    4.835771E-06
 2502    4.831906E-06
 2503    4.828046E-06
 2504    4.824190E-06
 2505    4.820339E-06
 2506    4.804051E-06
 2507    4.800219E-06
 2508    4.796392E-06
 2509    4.792570E-06
 2510    4.788751E-06
 2511    5.124132E-06
 2512    5.120053E-06
 2513    5.115979E-06
 2514    5.111910E-06
 2515    5.107846E-06
 2516    5.225598E-06
 2517    5.221446E-06
 2518    5.217300E-06
 2519    5.213158E-06
 2520    5.209022E-06
 2521    5.470677E-06
 2522    5.466340E-06
 2523    5.462007E-06
 2524    5.457680E-06
 2525    5.453358E-06
 2526    5.600230E-06
 2527    5.595798E-06
 2528    5.591372E-06
 2529    5.586951E-06
 2530    5.582535E-06
 2531    5.748711E-06
 2532    5.744171E-06
 2533    5.739637E-06
 2534    5.735108E-06
 2535    5.730584E-06
 2536    5.915529E-06
 2537    5.910867E-06
 2538    5.906210E-06
 2539    5.901558E-06
 2540    5.896913E-06
 2541    5.772027E-06
 2542    5.767486E-06
 2543    5.762951E-06
 2544    5.758421E-06
 2545    5.753897E-06
 2546    5.473399E-06
 2547    5.469102E-06
 2548    5.464810E-06
 2549    5.460523E-06
 2550    5.456241E-06
 2551    4.807880E-06
 2552    4.804113E-06
 2553    4.800350E-06
 2554    4.796592E-06
 2555    4.792838E-06
 2556    4.437042E-06
 2557    4.433572E-06
 2558    4.430106E-06
 2559    4.426644E-06
 2560    4.423187E-06
 2561    4.348031E-06
 2562    4.344637E-06
 2563    4.341248E-06
 2564    4.337862E-06
 2565    4.334480E-06
 2566    4.728057E-06
 2567    4.724374E-06
 2568    4.720696E-06
 2569    4.717021E-06
 2570    4.713351E-06
 2571    5.726030E-06
 2572    5.721578E-06
 2573    5.717131E-06
 2574    5.712690E-06
 2575    5.708254E-06
 2576    6.772969E-06
 2577    6.767713E-06
 2578    6.762464E-06
 2579    6.757221E-06
 2580    6.751983E-06
 2581    8.165449E-06
 2582    8.159126E-06
 2583    8.152809E-06
 2584    8.146500E-06
 2585    8.140199E-06
 2586    9.154359E-06
 2587    9.147283E-06
 2588    9.140215E-06
 2589    9.133156E-06
 2590    9.126104E-06
 2591    9.776061E-06
 2592    9.768520E-06
 2593    9.760987E-06
 2594    9.753462E-06
 2595    9.745947E-06
 2596    1.026734E-05
 2597    1.025943E-05
 2598    1.025154E-05
 2599    1.024365E-05
 2600    1.023577E-05
 2601    1.051182E-05
 2602    1.050374E-05
 2603    1.049568E-05
 2604    1.048762E-05
 2605    1.047957E-05
 2606    1.169556E-05
 2607    1.168659E-05
 2608    1.167763E-05
 2609    1.166868E-05
 2610    1.165974E-05
 2611    1.268057E-05
 2612    1.267086E-05
 2613    1.266117E-05
 2614    1.265148E-05
 2615    1.264181E-05
 2616    1.396340E-05
 2617    1.395273E-05
 2618    1.394207E-05
 2619    1.393142E-05
 2620    1.392079E-05
 2621    1.391296E-05
 2622    1.390235E-05
 2623    1.389175E-05
 2624    1.388116E-05
 2625    1.387059E-05
 2626    1.317285E-05
 2627    1.316283E-05
 2628    1.315281E-05
 2629    1.314281E-05
 2630    1.313282E-05
 2631    1.132376E-05
 2632    1.131516E-05
 2633    1.130657E-05
 2634    1.129798E-05
 2635    1.128941E-05
 2636    7.798194E-06
 2637    7.792281E-06
 2638    7.786374E-06
 2639    7.780474E-06
 2640    7.774581E-06
 2641    2.918035E-06
 2642    2.915826E-06
 2643    2.913620E-06
 2644    2.911417E-06
 2645    2.909216E-06
 2646   -4.082897E-06
 2647   -4.079813E-06
 2648   -4.076732E-06
 2649   -4.073654E-06
 2650   -4.070581E-06
 2651   -1.243632E-05
 2652   -1.242694E-05
 2653   -1.241757E-05
 2654   -1.240822E-05
 2655   -1.239887E-05
 2656   -2.078635E-05
 2657   -2.077070E-05
 2658   -2.075508E-05
 2659   -2.073947E-05
 2660   -2.072388E-05
 2661   -2.572079E-05
 2662   -2.570147E-05
 2663   -2.568217E-05
 2664   -2.566289E-05
 2665   -2.564363E-05
 2666   -2.871329E-05
 2667   -2.869176E-05
 2668   -2.867026E-05
 2669   -2.864878E-05
 2670   -2.862732E-05
 2671   -2.514502E-05
 2672   -2.512621E-05
 2673   -2.510741E-05
 2674   -2.508863E-05
 2675   -2.506988E-05
 2676   -1.363878E-05
 2677   -1.362859E-05
 2678   -1.361842E-05
 2679   -1.360825E-05
 2680   -1.359810E-05
 2681    8.002704E-06
 2682    7.996737E-06
 2683    7.990777E-06
 2684    7.984824E-06
 2685    7.978878E-06
 2686    4.103052E-05
 2687    4.099999E-05
 2688    4.096949E-05
 2689    4.093902E-05
 2690    4.090859E-05
 2691    8.820117E-05
 2692    8.813565E-05
 2693    8.807021E-05
 2694    8.800484E-05
 2695    8.793954E-05
 2696    1.427360E-04
 2697    1.426301E-04
 2698    1.425244E-04
 2699    1.424188E-04
 2700    1.423133E-04
 2701    2.088432E-04
 2702    2.086886E-04
 2703    2.085342E-04
 2704    2.083800E-04
 2705    2.082260E-04
 2706    2.687478E-04
 2707    2.685493E-04
 2708    2.683510E-04
 2709    2.681529E-04
 2710    2.679550E-04
 2711    3.132550E-04
 2712    3.130241E-04
 2713    3.127934E-04
 2714    3.125629E-04
 2715    3.123327E-04
 2716    3.475066E-04
 2717    3.472508E-04
 2718    3.469954E-04
 2719    3.467402E-04
 2720    3.464853E-04
 2721    3.321456E-04
 2722    3.319016E-04
 2723    3.316578E-04
 2724    3.314144E-04
 2725    3.311712E-04
 2726    2.842356E-04
 2727    2.840272E-04
 2728    2.838190E-04
 2729    2.836110E-04
 2730    2.834033E-04
 2731    1.462152E-04
 2732    1.461082E-04
 2733    1.460013E-04
 2734    1.458945E-04
 2735    1.457878E-04
 2736   -1.081529E-04
 2737   -1.080739E-04
 2738   -1.079950E-04
 2739   -1.079161E-04
 2740   -1.078374E-04
 2741   -5.195718E-04
 2742   -5.191929E-04
 2743   -5.188144E-04
 2744   -5.184363E-04
 2745   -5.180586E-04
 2746   -1.046706E-03
 2747   -1.045945E-03
 2748   -1.045183E-03
 2749   -1.044423E-03
 2750   -1.043664E-03
 2751   -1.668814E-03
 2752   -1.667601E-03
 2753   -1.666390E-03
 2754   -1.665180E-03
 2755   -1.663971E-03
 2756   -2.161702E-03
 2757   -2.160134E-03
 2758   -2.158568E-03
 2759   -2.157004E-03
 2760   -2.155441E-03
 2761   -2.444190E-03
 2762   -2.442420E-03
 2763   -2.440653E-03
 2764   -2.438887E-03
 2765   -2.437123E-03
 2766   -2.530630E-03
 2767   -2.528801E-03
 2768   -2.526974E-03
 2769   -2.525149E-03
 2770   -2.523327E-03
 2771   -2.287925E-03
 2772   -2.286275E-03
 2773   -2.284626E-03
 2774   -2.282979E-03
 2775   -2.281334E-03
 2776   -1.816465E-03
 2777   -1.815157E-03
 2778   -1.813850E-03
 2779   -1.812545E-03
 2780   -1.811241E-03
 2781   -6.927788E-04
 2782   -6.922809E-04
 2783   -6.917835E-04
 2784   -6.912866E-04
 2785   -6.907902E-04
 2786    1.262581E-03
 2787    1.261675E-03
 2788    1.260770E-03
 2789    1.259866E-03
 2790    1.258963E-03
 2791    4.470665E-03
 2792    4.467463E-03
 2793    4.464264E-03
 2794    4.461069E-03
 2795    4.457878E-03
 2796    8.889355E-03
 2797    8.883000E-03
 2798    8.876652E-03
 2799    8.870310E-03
 2800    8.863975E-03
 2801    1.398356E-02
 2802    1.397358E-02
 2803    1.396361E-02
 2804    1.395366E-02
 2805    1.394371E-02
 2806    1.802123E-02
 2807    1.800839E-02
 2808    1.799557E-02
 2809    1.798276E-02
 2810    1.796996E-02
 2811    2.128941E-02
 2812    2.127427E-02
 2813    2.125915E-02
 2814    2.124404E-02
 2815    2.122895E-02
 2816    2.330341E-02
 2817    2.328687E-02
 2818    2.327035E-02
 2819    2.325384E-02
 2820    2.323735E-02
 2821    2.387047E-02
 2822    2.385356E-02
 2823    2.383666E-02
 2824    2.381978E-02
 2825    2.380292E-02
 2826    2.384918E-02
 2827    2.383231E-02
 2828    2.381546E-02
 2829    2.379863E-02
 2830    2.378181E-02
 2831    2.285537E-02
 2832    2.283924E-02
 2833    2.282312E-02
 2834    2.280701E-02
 2835    2.279092E-02
 2836    2.133873E-02
 2837    2.132369E-02
 2838    2.130866E-02
 2839    2.129365E-02
 2840    2.127866E-02
 2841    1.810626E-02
 2842    1.809352E-02
 2843    1.808080E-02
 2844    1.806808E-02
 2845    1.805538E-02
 2846    1.366414E-02
 2847    1.365454E-02
 2848    1.364496E-02
 2849    1.363538E-02
 2850    1.362581E-02
 2851    8.611262E-03
 2852    8.605224E-03
 2853    8.599193E-03
 2854    8.593168E-03
 2855    8.587149E-03
 2856    4.156853E-03
 2857    4.153944E-03
 2858    4.151037E-03
 2859    4.148134E-03
 2860    4.145234E-03
 2861    9.914953E-04
 2862    9.908026E-04
 2863    9.901105E-04
 2864    9.894192E-04
 2865    9.887287E-04
 2866   -9.589272E-04
 2867   -9.582583E-04
 2868   -9.575902E-04
 2869   -9.569228E-04
 2870   -9.562561E-04
 2871   -2.018574E-03
 2872   -2.017169E-03
 2873   -2.015765E-03
 2874   -2.014362E-03
 2875   -2.012961E-03
 2876   -2.487164E-03
 2877   -2.485435E-03
 2878   -2.483708E-03
 2879   -2.481983E-03
 2880   -2.480260E-03
 2881   -2.654186E-03
 2882   -2.652344E-03
 2883   -2.650505E-03
 2884   -2.648667E-03
 2885   -2.646831E-03
 2886   -2.571771E-03
 2887   -2.569990E-03
 2888   -2.568211E-03
 2889   -2.566433E-03
 2890   -2.564657E-03
 2891   -2.274457E-03
 2892   -2.272885E-03
 2893   -2.271314E-03
 2894   -2.269744E-03
 2895   -2.268177E-03
 2896   -1.780789E-03
 2897   -1.779560E-03
 2898   -1.778332E-03
 2899   -1.777105E-03
 2900   -1.775880E-03
 2901   -1.133668E-03
 2902   -1.132887E-03
 2903   -1.132106E-03
 2904   -1.131327E-03
 2905   -1.130548E-03
 2906   -5.741120E-04
 2907   -5.737171E-04
 2908   -5.733226E-04
 2909   -5.729285E-04
 2910   -5.725348E-04
 2911   -1.522778E-04
 2912   -1.521732E-04
 2913   -1.520687E-04
 2914   -1.519644E-04
 2915   -1.518601E-04
 2916    1.061154E-04
 2917    1.060426E-04
 2918    1.059700E-04
 2919    1.058974E-04
 2920    1.058248E-04
 2921    2.492038E-04
 2922    2.490333E-04
 2923    2.488629E-04
 2924    2.486927E-04
 2925    2.485227E-04
 2926    2.975663E-04
 2927    2.973630E-04
 2928    2.971599E-04
 2929    2.969571E-04
 2930    2.967544E-04
 2931    3.087018E-04
 2932    3.084913E-04
 2933    3.082809E-04
 2934    3.080708E-04
 2935    3.078609E-04
 2936    2.802034E-04
 2937    2.800126E-04
 2938    2.798220E-04
 2939    2.796316E-04
 2940    2.794414E-04
 2941    2.351155E-04
 2942    2.349557E-04
 2943    2.347961E-04
 2944    2.346366E-04
 2945    2.344773E-04
 2946    1.805282E-04
 2947    1.804057E-04
 2948    1.802833E-04
 2949    1.801611E-04
 2950    1.800390E-04
 2951    1.107861E-04
 2952    1.107110E-04
 2953    1.106361E-04
 2954    1.105612E-04
 2955    1.104864E-04
 2956    5.419494E-05
 2957    5.415829E-05
 2958    5.412168E-05
 2959    5.408510E-05
 2960    5.404857E-05
 2961    8.518442E-06
 2962    8.512691E-06
 2963    8.506946E-06
 2964    8.501207E-06
 2965    8.495474E-06
 2966   -2.396665E-05
 2967   -2.395050E-05
 2968   -2.393436E-05
 2969   -2.391824E-05
 2970   -2.390214E-05
 2971   -4.496975E-05
 2972   -4.493949E-05
 2973   -4.490927E-05
 2974   -4.487907E-05
 2975   -4.484890E-05
 2976   -5.361630E-05
 2977   -5.358029E-05
 2978   -5.354431E-05
 2979   -5.350837E-05
 2980   -5.347246E-05
 2981   -5.763668E-05
 2982   -5.759803E-05
 2983   -5.755941E-05
 2984   -5.752084E-05
 2985   -5.748231E-05
 2986   -5.379560E-05
 2987   -5.375958E-05
 2988   -5.372361E-05
 2989   -5.368767E-05
 2990   -5.365176E-05
 2991   -4.755021E-05
 2992   -4.751843E-05
 2993   -4.748668E-05
 2994   -4.745497E-05
 2995   -4.742328E-05
 2996   -3.732689E-05
 2997   -3.730198E-05
 2998   -3.727710E-05
 2999   -3.725225E-05
 3000   -3.722742E-05
 3001   -2.626821E-05
 3002   -2.625071E-05
 3003   -2.623323E-05
 3004   -2.621577E-05
 3005   -2.619832E-05
 3006   -1.772471E-05
 3007   -1.771292E-05
 3008   -1.770114E-05
 3009   -1.768938E-05
 3010   -1.767763E-05
 3011   -1.100553E-05
 3012   -1.099822E-05
 3013   -1.099092E-05
 3014   -1.098363E-05
 3015   -1.097635E-05
 3016   -6.783863E-06
 3017   -6.779367E-06
 3018   -6.774875E-06
 3019   -6.770387E-06
 3020   -6.765904E-06
 3021   -4.276033E-06
 3022   -4.273204E-06
 3023   -4.270377E-06
 3024   -4.267553E-06
 3025   -4.264732E-06
 3026   -3.105572E-06
 3027   -3.103521E-06
 3028   -3.101471E-06
 3029   -3.099424E-06
 3030   -3.097378E-06
 3031   -3.226093E-06
 3032   -3.223965E-06
 3033   -3.221839E-06
 3034   -3.219716E-06
 3035   -3.217594E-06
 3036   -3.838960E-06
 3037   -3.836432E-06
 3038   -3.833907E-06
 3039   -3.831385E-06
 3040   -3.828864E-06
 3041   -4.645843E-06
 3042   -4.642790E-06
 3043   -4.639739E-06
 3044   -4.636691E-06
 3045   -4.633646E-06
 3046   -5.123115E-06
 3047   -5.119753E-06
 3048   -5.116394E-06
 3049   -5.113038E-06
 3050   -5.109686E-06
 3051   -5.377673E-06
 3052   -5.374150E-06
 3053   -5.370630E-06
 3054   -5.367113E-06
 3055   -5.363600E-06
 3056   -5.561593E-06
 3057   -5.557955E-06
 3058   -5.554320E-06
 3059   -5.550689E-06
 3060   -5.547062E-06
 3061   -5.762972E-06
 3062   -5.759209E-06
 3063   -5.755449E-06
 3064   -5.751693E-06
 3065   -5.747940E-06
 3066   -6.479175E-06
 3067   -6.474951E-06
 3068   -6.470730E-06
 3069   -6.466514E-06
 3070   -6.462302E-06
 3071   -7.164073E-06
 3072   -7.159410E-06
 3073   -7.154751E-06
 3074   -7.150097E-06
 3075   -7.145447E-06
 3076   -7.817575E-06
 3077   -7.812495E-06
 3078   -7.807419E-06
 3079   -7.802349E-06
 3080   -7.797283E-06
 3081   -7.697527E-06
 3082   -7.692533E-06
 3083   -7.687544E-06
 3084   -7.682559E-06
 3085   -7.677579E-06
 3086   -6.939517E-06
 3087   -6.935021E-06
 3088   -6.930531E-06
 3089   -6.926044E-06
 3090   -6.921562E-06
 3091   -5.205471E-06
 3092   -5.202104E-06
 3093   -5.198741E-06
 3094   -5.195381E-06
 3095   -5.192024E-06
 3096   -2.406657E-06
 3097   -2.405103E-06
 3098   -2.403550E-06
 3099   -2.401999E-06
 3100   -2.400450E-06
 3101    7.017095E-07
 3102    7.012571E-07
 3103    7.008052E-07
 3104    7.003537E-07
 3105    6.999027E-07
 3106    3.301675E-06
 3107    3.299550E-06
 3108    3.297427E-06
 3109    3.295306E-06
 3110    3.293187E-06
 3111    5.233288E-06
 3112    5.229925E-06
 3113    5.226565E-06
 3114    5.223209E-06
 3115    5.219856E-06
 3116    6.185869E-06
 3117    6.181901E-06
 3118    6.177936E-06
 3119    6.173975E-06
 3120    6.170018E-06
 3121    6.617112E-06
 3122    6.612873E-06
 3123    6.608639E-06
 3124    6.604409E-06
 3125    6.600183E-06
 3126    6.849334E-06
 3127    6.844953E-06
 3128    6.840578E-06
 3129    6.836206E-06
 3130    6.831838E-06
 3131    6.710776E-06
 3132    6.706491E-06
 3133    6.702211E-06
 3134    6.697934E-06
 3135    6.693662E-06
 3136    6.763372E-06
 3137    6.759060E-06
 3138    6.754753E-06
 3139    6.750450E-06
 3140    6.746151E-06
 3141    6.479444E-06
 3142    6.475320E-06
 3143    6.471201E-06
 3144    6.467085E-06
 3145    6.462973E-06
 3146    6.325122E-06
 3147    6.321103E-06
 3148    6.317088E-06
 3149    6.313077E-06
 3150    6.309069E-06
 3151    6.324846E-06
 3152    6.320833E-06
 3153    6.316824E-06
 3154    6.312819E-06
 3155    6.308818E-06
 3156    6.049013E-06
 3157    6.045182E-06
 3158    6.041354E-06
 3159    6.037530E-06
 3160    6.033709E-06
 3161    5.954116E-06
 3162    5.950350E-06
 3163    5.946588E-06
 3164    5.942830E-06
 3165    5.939075E-06
 3166    5.786593E-06
 3167    5.782940E-06
 3168    5.779289E-06
 3169    5.775643E-06
 3170    5.771999E-06
 3171    5.739750E-06
 3172    5.736131E-06
 3173    5.732516E-06
 3174    5.728905E-06
 3175    5.725297E-06
 3176    5.674781E-06
 3177    5.671209E-06
 3178    5.667640E-06
 3179    5.664075E-06
 3180    5.660513E-06
 3181    5.415104E-06
 3182    5.411701E-06
 3183    5.408302E-06
 3184    5.404905E-06
 3185    5.401511E-06
 3186    5.427335E-06
 3187    5.423930E-06
 3188    5.420528E-06
 3189    5.417129E-06
 3190    5.413733E-06
 3191    5.149834E-06
 3192    5.146608E-06
 3193    5.143385E-06
 3194    5.140165E-06
 3195    5.136948E-06
 3196    5.157292E-06
 3197    5.154066E-06
 3198    5.150844E-06
 3199    5.147624E-06
 3200    5.144407E-06
 3201    4.965293E-06
 3202    4.962192E-06
 3203    4.959094E-06
 3204    4.955999E-06
 3205    4.952907E-06
 3206    4.741008E-06
 3207    4.738052E-06
 3208    4.735098E-06
 3209    4.732148E-06
 3210    4.729200E-06
 3211    4.696156E-06
 3212    4.693233E-06
 3213    4.690312E-06
 3214    4.687394E-06
 3215    4.684478E-06
 3216    4.499865E-06
 3217    4.497068E-06
 3218    4.494274E-06
 3219    4.491482E-06
 3220    4.488692E-06
 3221    4.465525E-06
 3222    4.462754E-06
 3223    4.459985E-06
 3224    4.457218E-06
 3225    4.454455E-06
 3226    4.375591E-06
 3227    4.372880E-06
 3228    4.370171E-06
 3229    4.367464E-06
 3230    4.364761E-06
 3231    4.151463E-06
 3232    4.148894E-06
 3233    4.146328E-06
 3234    4.143764E-06
 3235    4.141203E-06
 3236    4.183992E-06
 3237    4.181407E-06
 3238    4.178825E-06
 3239    4.176245E-06
 3240    4.173667E-06
 3241    3.935021E-06
 3242    3.932594E-06
 3243    3.930169E-06
 3244    3.927746E-06
 3245    3.925326E-06
 3246    3.951218E-06
 3247    3.948785E-06
 3248    3.946354E-06
 3249    3.943925E-06
 3250    3.941498E-06
 3251    3.831339E-06
 3252    3.828984E-06
 3253    3.826630E-06
 3254    3.824278E-06
 3255    3.821929E-06
 3256    3.721063E-06
 3257    3.718778E-06
 3258    3.716496E-06
 3259    3.714215E-06
 3260    3.711937E-06
 3261    3.735097E-06
 3262    3.732808E-06
 3263    3.730520E-06
 3264    3.728235E-06
 3265    3.725951E-06
 3266    3.504877E-06
 3267    3.502732E-06
 3268    3.500588E-06
 3269    3.498447E-06
 3270    3.496308E-06
 3271    3.520787E-06
 3272    3.518635E-06
 3273    3.516485E-06
 3274    3.514337E-06
 3275    3.512192E-06
 3276    3.364067E-06
 3277    3.362014E-06
 3278    3.359963E-06
 3279    3.357914E-06
 3280    3.355867E-06
 3281    3.297171E-06
 3282    3.295162E-06
 3283    3.293155E-06
 3284    3.291149E-06
 3285    3.289146E-06
 3286    3.231767E-06
 3287    3.229801E-06
 3288    3.227837E-06
 3289    3.225874E-06
 3290    3.223913E-06
 3291    3.062997E-06
 3292    3.061136E-06
 3293    3.059277E-06
 3294    3.057420E-06
 3295    3.055564E-06
 3296    3.104800E-06
 3297    3.102917E-06
 3298    3.101036E-06
 3299    3.099156E-06
 3300    3.097278E-06
