   50    4.821672E-11
   51    3.536605E-11
   52    3.401902E-11
   53    3.274750E-11
   54    3.154596E-11
   55    3.040936E-11
   56    1.628871E-11
   57    1.572223E-11
   58    1.518480E-11
   59    1.467446E-11
   60    1.418942E-11
   61    9.103286E-12
   62    8.812018E-12
   63    8.534509E-12
   64    8.269905E-12
   65    8.017418E-12
   66    2.346287E-11
   67    2.276775E-11
   68    2.210307E-11
   69    2.146708E-11
   70    2.085814E-11
   71    1.624156E-11
   72    1.579356E-11
   73    1.536384E-11
   74    1.495143E-11
   75    1.455540E-11
   76    2.372646E-11
   77    2.311421E-11
   78    2.252536E-11
   79    2.195873E-11
   80    2.141321E-11
   81    3.446372E-11
   82    3.362830E-11
   83    3.282289E-11
   84    3.204607E-11
   85    3.129650E-11
   86    2.627121E-11
   87    2.567076E-11
   88    2.509067E-11
   89    2.453002E-11
   90    2.398795E-11
   91    2.712648E-11
   92    2.653999E-11
   93    2.597232E-11
   94    2.542268E-11
   95    2.489029E-11
   96    1.892220E-11
   97    1.853408E-11
   98    1.815777E-11
   99    1.779281E-11
  100    1.743874E-11
  101    7.147930E-12
  102    7.008465E-12
  103    6.873042E-12
  104    6.741506E-12
  105    6.613711E-12
  106    5.196011E-12
  107    5.099345E-12
  108    5.005352E-12
  109    4.913934E-12
  110    4.824997E-12
  111    1.237500E-11
  112    1.215501E-11
  113    1.194083E-11
  114    1.173227E-11
  115    1.152912E-11
  116    1.731720E-11
  117    1.702245E-11
  118    1.673516E-11
  119    1.645508E-11
  120    1.618198E-11
  121    3.030387E-11
  122    2.980913E-11
  123    2.932641E-11
  124    2.885531E-11
  125    2.839548E-11
  126    4.009876E-11
  127    3.946978E-11
  128    3.885548E-11
  129    3.825541E-11
  130    3.766914E-11
  131    3.556102E-11
  132    3.502427E-11
  133    3.449958E-11
  134    3.398658E-11
  135    3.348495E-11
  136    2.640696E-11
  137    2.602287E-11
  138    2.564710E-11
  139    2.527941E-11
  140    2.491957E-11
  141    1.489497E-11
  142    1.468593E-11
  143    1.448125E-11
  144    1.428082E-11
  145    1.408453E-11
  146    1.344658E-11
  147    1.326425E-11
  148    1.308561E-11
  149    1.291056E-11
  150    1.273899E-11
  151    2.203370E-11
  152    2.174474E-11
  153    2.146143E-11
  154    2.118362E-11
  155    2.091116E-11
  156    2.424310E-11
  157    2.393525E-11
  158    2.363324E-11
  159    2.333690E-11
  160    2.304611E-11
  161    6.010570E-11
  162    5.936595E-11
  163    5.863978E-11
  164    5.792685E-11
  165    5.722684E-11
  166    5.219792E-11
  167    5.157467E-11
  168    5.096252E-11
  169    5.036120E-11
  170    4.977047E-11
  171    6.332153E-11
  172    6.258738E-11
  173    6.186593E-11
  174    6.115687E-11
  175    6.045994E-11
  176    8.839022E-11
  177    8.739429E-11
  178    8.641510E-11
  179    8.545227E-11
  180    8.450545E-11
  181    5.195988E-11
  182    5.139046E-11
  183    5.083036E-11
  184    5.027936E-11
  185    4.973727E-11
  186    5.900875E-11
  187    5.837933E-11
  188    5.775993E-11
  189    5.715034E-11
  190    5.655034E-11
  191    4.970158E-11
  192    4.918521E-11
  193    4.867684E-11
  194    4.817632E-11
  195    4.768347E-11
  196    5.334917E-11
  197    5.280893E-11
  198    5.227686E-11
  199    5.175279E-11
  200    5.123656E-11
  201    5.077845E-11
  202    5.027694E-11
  203    4.978282E-11
  204    4.929596E-11
  205    4.881620E-11
  206    2.206811E-11
  207    2.185541E-11
  208    2.164577E-11
  209    2.143913E-11
  210    2.123543E-11
  211    2.387106E-12
  212    2.364640E-12
  213    2.342489E-12
  214    2.320648E-12
  215    2.299111E-12
  216    0.000000E+00
  217    0.000000E+00
  218    0.000000E+00
  219    0.000000E+00
  220    0.000000E+00
  221    0.000000E+00
  222    0.000000E+00
  223    0.000000E+00
  224    0.000000E+00
  225    0.000000E+00
  226    1.358438E-12
  227    1.346496E-12
  228    1.334711E-12
  229    1.323079E-12
  230    1.311599E-12
  231    0.000000E+00
  232    0.000000E+00
  233    0.000000E+00
  234    0.000000E+00
  235    0.000000E+00
  236    0.000000E+00
  237    0.000000E+00
  238    0.000000E+00
  239    0.000000E+00
  240    0.000000E+00
  241    0.000000E+00
  242    0.000000E+00
  243    0.000000E+00
  244    0.000000E+00
  245    0.000000E+00
  246    4.221307E-11
  247    4.187196E-11
  248    4.153497E-11
  249    4.120202E-11
  250    4.087307E-11
  251    4.838034E-10
  252    4.799713E-10
  253    4.761846E-10
  254    4.724425E-10
  255    4.687443E-10
  256    7.127280E-10
  257    7.071923E-10
  258    7.017208E-10
  259    6.963126E-10
  260    6.909667E-10
  261    1.423056E-09
  262    1.412214E-09
  263    1.401495E-09
  264    1.390898E-09
  265    1.380420E-09
  266    1.333370E-09
  267    1.323401E-09
  268    1.313543E-09
  269    1.303795E-09
  270    1.294155E-09
  271    2.784860E-09
  272    2.764421E-09
  273    2.744206E-09
  274    2.724212E-09
  275    2.704435E-09
  276    5.773651E-09
  277    5.732040E-09
  278    5.690876E-09
  279    5.650155E-09
  280    5.609869E-09
  281    2.545564E-08
  282    2.527543E-08
  283    2.509712E-08
  284    2.492069E-08
  285    2.474611E-08
  286    4.569429E-08
  287    4.537641E-08
  288    4.506185E-08
  289    4.475054E-08
  290    4.444245E-08
  291    7.412670E-08
  292    7.361986E-08
  293    7.311819E-08
  294    7.262164E-08
  295    7.213012E-08
  296    1.080915E-07
  297    1.073648E-07
  298    1.066455E-07
  299    1.059333E-07
  300    1.052283E-07
  301    1.309421E-07
  302    1.300763E-07
  303    1.292192E-07
  304    1.283704E-07
  305    1.275300E-07
  306    2.097439E-07
  307    2.083798E-07
  308    2.070289E-07
  309    2.056910E-07
  310    2.043661E-07
  311    2.155948E-07
  312    2.142150E-07
  313    2.128484E-07
  314    2.114949E-07
  315    2.101542E-07
  316    2.930943E-07
  317    2.912480E-07
  318    2.894192E-07
  319    2.876075E-07
  320    2.858128E-07
  321    3.630734E-07
  322    3.608218E-07
  323    3.585911E-07
  324    3.563810E-07
  325    3.541913E-07
  326    3.517164E-07
  327    3.495685E-07
  328    3.474402E-07
  329    3.453314E-07
  330    3.432416E-07
  331    4.719322E-07
  332    4.690936E-07
  333    4.662804E-07
  334    4.634925E-07
  335    4.607295E-07
  336    4.443917E-07
  337    4.417583E-07
  338    4.391482E-07
  339    4.365612E-07
  340    4.339970E-07
  341    5.979057E-07
  342    5.944143E-07
  343    5.909534E-07
  344    5.875226E-07
  345    5.841216E-07
  346    6.299038E-07
  347    6.262784E-07
  348    6.226843E-07
  349    6.191210E-07
  350    6.155883E-07
  351    6.276819E-07
  352    6.241206E-07
  353    6.205895E-07
  354    6.170883E-07
  355    6.136167E-07
  356    7.986884E-07
  357    7.942203E-07
  358    7.897895E-07
  359    7.853957E-07
  360    7.810384E-07
  361    7.568917E-07
  362    7.527157E-07
  363    7.485742E-07
  364    7.444669E-07
  365    7.403932E-07
  366    8.993204E-07
  367    8.944261E-07
  368    8.895717E-07
  369    8.847567E-07
  370    8.799807E-07
  371    8.915637E-07
  372    8.867768E-07
  373    8.820283E-07
  374    8.773179E-07
  375    8.726451E-07
  376    9.964393E-07
  377    9.911602E-07
  378    9.859229E-07
  379    9.807270E-07
  380    9.755721E-07
  381    1.122296E-06
  382    1.116428E-06
  383    1.110605E-06
  384    1.104829E-06
  385    1.099097E-06
  386    1.055863E-06
  387    1.050414E-06
  388    1.045006E-06
  389    1.039640E-06
  390    1.034315E-06
  391    1.256679E-06
  392    1.250276E-06
  393    1.243921E-06
  394    1.237615E-06
  395    1.231357E-06
  396    1.202532E-06
  397    1.196481E-06
  398    1.190476E-06
  399    1.184516E-06
  400    1.178601E-06
  401    1.384922E-06
  402    1.378040E-06
  403    1.371210E-06
  404    1.364430E-06
  405    1.357700E-06
  406    1.437599E-06
  407    1.430543E-06
  408    1.423539E-06
  409    1.416587E-06
  410    1.409685E-06
  411    1.445569E-06
  412    1.438560E-06
  413    1.431602E-06
  414    1.424694E-06
  415    1.417837E-06
  416    1.553447E-06
  417    1.546006E-06
  418    1.538617E-06
  419    1.531282E-06
  420    1.523999E-06
  421    1.630885E-06
  422    1.623165E-06
  423    1.615500E-06
  424    1.607889E-06
  425    1.600331E-06
  426    1.777774E-06
  427    1.769457E-06
  428    1.761198E-06
  429    1.752997E-06
  430    1.744853E-06
  431    1.890746E-06
  432    1.882002E-06
  433    1.873319E-06
  434    1.864697E-06
  435    1.856133E-06
  436    2.023653E-06
  437    2.014402E-06
  438    2.005214E-06
  439    1.996089E-06
  440    1.987026E-06
  441    2.016390E-06
  442    2.007277E-06
  443    1.998225E-06
  444    1.989234E-06
  445    1.980304E-06
  446    2.184482E-06
  447    2.174719E-06
  448    2.165021E-06
  449    2.155388E-06
  450    2.145819E-06
  451    2.287478E-06
  452    2.277368E-06
  453    2.267324E-06
  454    2.257347E-06
  455    2.247435E-06
  456    2.475034E-06
  457    2.464214E-06
  458    2.453465E-06
  459    2.442786E-06
  460    2.432177E-06
  461    2.561337E-06
  462    2.550261E-06
  463    2.539257E-06
  464    2.528324E-06
  465    2.517461E-06
  466    2.433136E-06
  467    2.422727E-06
  468    2.412384E-06
  469    2.402108E-06
  470    2.391897E-06
  471    2.910858E-06
  472    2.898537E-06
  473    2.886294E-06
  474    2.874129E-06
  475    2.862040E-06
  476    2.855425E-06
  477    2.843465E-06
  478    2.831580E-06
  479    2.819770E-06
  480    2.808033E-06
  481    3.214722E-06
  482    3.201396E-06
  483    3.188154E-06
  484    3.174993E-06
  485    3.161914E-06
  486    3.112798E-06
  487    3.100027E-06
  488    3.087335E-06
  489    3.074721E-06
  490    3.062184E-06
  491    3.045635E-06
  492    3.033267E-06
  493    3.020974E-06
  494    3.008756E-06
  495    2.996612E-06
  496    3.509946E-06
  497    3.495835E-06
  498    3.481810E-06
  499    3.467869E-06
  500    3.454011E-06
  501    3.315897E-06
  502    3.302699E-06
  503    3.289580E-06
  504    3.276539E-06
  505    3.263576E-06
  506    3.839135E-06
  507    3.824006E-06
  508    3.808966E-06
  509    3.794014E-06
  510    3.779150E-06
  511    3.877775E-06
  512    3.862642E-06
  513    3.847597E-06
  514    3.832641E-06
  515    3.817771E-06
  516    4.036642E-06
  517    4.021041E-06
  518    4.005531E-06
  519    3.990110E-06
  520    3.974778E-06
  521    4.534099E-06
  522    4.516744E-06
  523    4.499488E-06
  524    4.482331E-06
  525    4.465272E-06
  526    4.056091E-06
  527    4.040712E-06
  528    4.025421E-06
  529    4.010216E-06
  530    3.995098E-06
  531    4.926917E-06
  532    4.908412E-06
  533    4.890011E-06
  534    4.871714E-06
  535    4.853519E-06
  536    4.746181E-06
  537    4.728521E-06
  538    4.710959E-06
  539    4.693495E-06
  540    4.676128E-06
  541    5.276095E-06
  542    5.256644E-06
  543    5.237301E-06
  544    5.218064E-06
  545    5.198932E-06
  546    5.223741E-06
  547    5.204659E-06
  548    5.185681E-06
  549    5.166807E-06
  550    5.148035E-06
  551    4.835542E-06
  552    4.818037E-06
  553    4.800628E-06
  554    4.783313E-06
  555    4.766091E-06
  556    5.500311E-06
  557    5.480579E-06
  558    5.460953E-06
  559    5.441433E-06
  560    5.422016E-06
  561    5.096724E-06
  562    5.078603E-06
  563    5.060577E-06
  564    5.042648E-06
  565    5.024814E-06
  566    5.929724E-06
  567    5.908826E-06
  568    5.888039E-06
  569    5.867361E-06
  570    5.846792E-06
  571    6.083945E-06
  572    6.062691E-06
  573    6.041548E-06
  574    6.020516E-06
  575    5.999593E-06
  576    7.251342E-06
  577    7.226230E-06
  578    7.201247E-06
  579    7.176394E-06
  580    7.151669E-06
  581    8.079182E-06
  582    8.051442E-06
  583    8.023845E-06
  584    7.996390E-06
  585    7.969075E-06
  586    8.515582E-06
  587    8.486593E-06
  588    8.457752E-06
  589    8.429057E-06
  590    8.400508E-06
  591    9.895789E-06
  592    9.862385E-06
  593    9.829151E-06
  594    9.796084E-06
  595    9.763183E-06
  596    1.019529E-05
  597    1.016116E-05
  598    1.012720E-05
  599    1.009342E-05
  600    1.005980E-05
  601    1.154765E-05
  602    1.150932E-05
  603    1.147117E-05
  604    1.143322E-05
  605    1.139546E-05
  606    1.209778E-05
  607    1.205795E-05
  608    1.201832E-05
  609    1.197888E-05
  610    1.193964E-05
  611    1.260988E-05
  612    1.256871E-05
  613    1.252774E-05
  614    1.248696E-05
  615    1.244639E-05
  616    1.512919E-05
  617    1.508019E-05
  618    1.503143E-05
  619    1.498290E-05
  620    1.493461E-05
  621    1.438891E-05
  622    1.434268E-05
  623    1.429667E-05
  624    1.425089E-05
  625    1.420532E-05
  626    1.528341E-05
  627    1.523470E-05
  628    1.518622E-05
  629    1.513797E-05
  630    1.508995E-05
  631    1.348343E-05
  632    1.344080E-05
  633    1.339836E-05
  634    1.335613E-05
  635    1.331410E-05
  636    1.219746E-05
  637    1.215919E-05
  638    1.212111E-05
  639    1.208320E-05
  640    1.204547E-05
  641    1.050352E-05
  642    1.047082E-05
  643    1.043828E-05
  644    1.040589E-05
  645    1.037364E-05
  646    6.260123E-06
  647    6.240787E-06
  648    6.221540E-06
  649    6.202382E-06
  650    6.183312E-06
  651    2.130163E-06
  652    2.123633E-06
  653    2.117134E-06
  654    2.110665E-06
  655    2.104225E-06
  656   -2.468065E-06
  657   -2.460558E-06
  658   -2.453085E-06
  659   -2.445645E-06
  660   -2.438240E-06
  661   -6.071174E-06
  662   -6.052846E-06
  663   -6.034601E-06
  664   -6.016438E-06
  665   -5.998357E-06
  666   -7.701689E-06
  667   -7.678613E-06
  668   -7.655641E-06
  669   -7.632771E-06
  670   -7.610004E-06
  671   -5.353554E-06
  672   -5.337632E-06
  673   -5.321782E-06
  674   -5.306002E-06
  675   -5.290292E-06
  676    2.117013E-06
  677    2.110763E-06
  678    2.104541E-06
  679    2.098347E-06
  680    2.092180E-06
  681    1.667077E-05
  682    1.662192E-05
  683    1.657328E-05
  684    1.652485E-05
  685    1.647664E-05
  686    4.323340E-05
  687    4.310763E-05
  688    4.298241E-05
  689    4.285773E-05
  690    4.273360E-05
  691    7.561896E-05
  692    7.540056E-05
  693    7.518311E-05
  694    7.496660E-05
  695    7.475103E-05
  696    1.185635E-04
  697    1.182235E-04
  698    1.178850E-04
  699    1.175480E-04
  700    1.172124E-04
  701    1.794943E-04
  702    1.789833E-04
  703    1.784744E-04
  704    1.779678E-04
  705    1.774632E-04
  706    2.087651E-04
  707    2.081750E-04
  708    2.075873E-04
  709    2.070021E-04
  710    2.064194E-04
  711    2.673453E-04
  712    2.665949E-04
  713    2.658476E-04
  714    2.651034E-04
  715    2.643624E-04
  716    2.841469E-04
  717    2.833549E-04
  718    2.825661E-04
  719    2.817807E-04
  720    2.809985E-04
  721    3.026229E-04
  722    3.017852E-04
  723    3.009510E-04
  724    3.001202E-04
  725    2.992929E-04
  726    2.614686E-04
  727    2.607498E-04
  728    2.600340E-04
  729    2.593211E-04
  730    2.586111E-04
  731    1.483663E-04
  732    1.479612E-04
  733    1.475578E-04
  734    1.471560E-04
  735    1.467559E-04
  736   -4.784744E-05
  737   -4.771768E-05
  738   -4.758845E-05
  739   -4.745975E-05
  740   -4.733156E-05
  741   -3.692245E-04
  742   -3.682299E-04
  743   -3.672394E-04
  744   -3.662529E-04
  745   -3.652703E-04
  746   -8.457767E-04
  747   -8.435137E-04
  748   -8.412598E-04
  749   -8.390150E-04
  750   -8.367791E-04
  751   -1.360732E-03
  752   -1.357115E-03
  753   -1.353513E-03
  754   -1.349925E-03
  755   -1.346352E-03
  756   -1.667059E-03
  757   -1.662657E-03
  758   -1.658273E-03
  759   -1.653906E-03
  760   -1.649557E-03
  761   -2.176636E-03
  762   -2.170927E-03
  763   -2.165240E-03
  764   -2.159576E-03
  765   -2.153934E-03
  766   -2.101921E-03
  767   -2.096443E-03
  768   -2.090987E-03
  769   -2.085553E-03
  770   -2.080139E-03
  771   -2.013699E-03
  772   -2.008486E-03
  773   -2.003292E-03
  774   -1.998119E-03
  775   -1.992966E-03
  776   -1.564772E-03
  777   -1.560747E-03
  778   -1.556737E-03
  779   -1.552743E-03
  780   -1.548764E-03
  781   -6.364191E-04
  782   -6.347924E-04
  783   -6.331720E-04
  784   -6.315578E-04
  785   -6.299498E-04
  786    1.174002E-03
  787    1.171021E-03
  788    1.168050E-03
  789    1.165091E-03
  790    1.162144E-03
  791    4.071280E-03
  792    4.061005E-03
  793    4.050769E-03
  794    4.040572E-03
  795    4.030414E-03
  796    8.463246E-03
  797    8.442021E-03
  798    8.420877E-03
  799    8.399811E-03
  800    8.378825E-03
  801    1.294260E-02
  802    1.291035E-02
  803    1.287821E-02
  804    1.284620E-02
  805    1.281430E-02
  806    1.759591E-02
  807    1.755233E-02
  808    1.750891E-02
  809    1.746565E-02
  810    1.742255E-02
  811    2.054253E-02
  812    2.049196E-02
  813    2.044158E-02
  814    2.039139E-02
  815    2.034138E-02
  816    2.228858E-02
  817    2.223405E-02
  818    2.217972E-02
  819    2.212559E-02
  820    2.207166E-02
  821    2.386997E-02
  822    2.381193E-02
  823    2.375410E-02
  824    2.369648E-02
  825    2.363906E-02
  826    2.422175E-02
  827    2.416321E-02
  828    2.410488E-02
  829    2.404676E-02
  830    2.398885E-02
  831    2.422797E-02
  832    2.416977E-02
  833    2.411177E-02
  834    2.405398E-02
  835    2.399640E-02
  836    2.172569E-02
  837    2.167380E-02
  838    2.162211E-02
  839    2.157059E-02
  840    2.151927E-02
  841    1.854941E-02
  842    1.850537E-02
  843    1.846149E-02
  844    1.841777E-02
  845    1.837421E-02
  846    1.500925E-02
  847    1.497383E-02
  848    1.493853E-02
  849    1.490336E-02
  850    1.486832E-02
  851    8.978574E-03
  852    8.957510E-03
  853    8.936520E-03
  854    8.915604E-03
  855    8.894761E-03
  856    4.538865E-03
  857    4.528279E-03
  858    4.517729E-03
  859    4.507217E-03
  860    4.496741E-03
  861    1.021147E-03
  862    1.018780E-03
  863    1.016420E-03
  864    1.014068E-03
  865    1.011725E-03
  866   -1.094726E-03
  867   -1.092203E-03
  868   -1.089687E-03
  869   -1.087181E-03
  870   -1.084683E-03
  871   -2.313982E-03
  872   -2.308678E-03
  873   -2.303392E-03
  874   -2.298124E-03
  875   -2.292874E-03
  876   -2.830653E-03
  877   -2.824201E-03
  878   -2.817771E-03
  879   -2.811364E-03
  880   -2.804978E-03
  881   -3.158419E-03
  882   -3.151261E-03
  883   -3.144128E-03
  884   -3.137018E-03
  885   -3.129933E-03
  886   -2.998629E-03
  887   -2.991872E-03
  888   -2.985137E-03
  889   -2.978425E-03
  890   -2.971736E-03
  891   -2.734166E-03
  892   -2.728039E-03
  893   -2.721933E-03
  894   -2.715847E-03
  895   -2.709781E-03
  896   -2.105699E-03
  897   -2.101007E-03
  898   -2.096330E-03
  899   -2.091669E-03
  900   -2.087024E-03
  901   -1.358260E-03
  902   -1.355250E-03
  903   -1.352250E-03
  904   -1.349260E-03
  905   -1.346279E-03
  906   -7.486928E-04
  907   -7.470428E-04
  908   -7.453982E-04
  909   -7.437591E-04
  910   -7.421253E-04
  911   -2.303130E-04
  912   -2.298082E-04
  913   -2.293051E-04
  914   -2.288036E-04
  915   -2.283037E-04
  916    8.150613E-05
  917    8.132846E-05
  918    8.115137E-05
  919    8.097486E-05
  920    8.079892E-05
  921    2.448921E-04
  922    2.443612E-04
  923    2.438320E-04
  924    2.433045E-04
  925    2.427787E-04
  926    3.209730E-04
  927    3.202809E-04
  928    3.195910E-04
  929    3.189034E-04
  930    3.182179E-04
  931    3.488976E-04
  932    3.481493E-04
  933    3.474034E-04
  934    3.466599E-04
  935    3.459188E-04
  936    2.934059E-04
  937    2.927800E-04
  938    2.921561E-04
  939    2.915341E-04
  940    2.909142E-04
  941    2.617182E-04
  942    2.611628E-04
  943    2.606092E-04
  944    2.600574E-04
  945    2.595073E-04
  946    1.842781E-04
  947    1.838892E-04
  948    1.835014E-04
  949    1.831149E-04
  950    1.827296E-04
  951    1.105269E-04
  952    1.102948E-04
  953    1.100634E-04
  954    1.098328E-04
  955    1.096029E-04
  956    3.983483E-05
  957    3.975163E-05
  958    3.966868E-05
  959    3.958600E-05
  960    3.950357E-05
  961   -1.545196E-05
  962   -1.541985E-05
  963   -1.538784E-05
  964   -1.535593E-05
  965   -1.532412E-05
  966   -5.889383E-05
  967   -5.877209E-05
  968   -5.865072E-05
  969   -5.852973E-05
  970   -5.840911E-05
  971   -7.896087E-05
  972   -7.879849E-05
  973   -7.863660E-05
  974   -7.847521E-05
  975   -7.831432E-05
  976   -9.917129E-05
  977   -9.896839E-05
  978   -9.876610E-05
  979   -9.856443E-05
  980   -9.836339E-05
  981   -1.000194E-04
  982   -9.981580E-05
  983   -9.961282E-05
  984   -9.941046E-05
  985   -9.920871E-05
  986   -9.340310E-05
  987   -9.321393E-05
  988   -9.302534E-05
  989   -9.283731E-05
  990   -9.264986E-05
  991   -8.746379E-05
  992   -8.728754E-05
  993   -8.711182E-05
  994   -8.693664E-05
  995   -8.676198E-05
  996   -7.050751E-05
  997   -7.036614E-05
  998   -7.022519E-05
  999   -7.008467E-05
 1000   -6.994457E-05
 1001   -5.627969E-05
 1002   -5.616741E-05
 1003   -5.605547E-05
 1004   -5.594386E-05
 1005   -5.583259E-05
 1006   -4.185444E-05
 1007   -4.177136E-05
 1008   -4.168852E-05
 1009   -4.160593E-05
 1010   -4.152358E-05
 1011   -3.282003E-05
 1012   -3.275520E-05
 1013   -3.269056E-05
 1014   -3.262612E-05
 1015   -3.256186E-05
 1016   -2.891521E-05
 1017   -2.885838E-05
 1018   -2.880171E-05
 1019   -2.874521E-05
 1020   -2.868887E-05
 1021   -2.353441E-05
 1022   -2.348838E-05
 1023   -2.344248E-05
 1024   -2.339672E-05
 1025   -2.335109E-05
 1026   -2.243495E-05
 1027   -2.239128E-05
 1028   -2.234774E-05
 1029   -2.230432E-05
 1030   -2.226103E-05
 1031   -2.206993E-05
 1032   -2.202718E-05
 1033   -2.198455E-05
 1034   -2.194205E-05
 1035   -2.189967E-05
 1036   -2.253973E-05
 1037   -2.249628E-05
 1038   -2.245296E-05
 1039   -2.240976E-05
 1040   -2.236668E-05
 1041   -2.353164E-05
 1042   -2.348649E-05
 1043   -2.344148E-05
 1044   -2.339659E-05
 1045   -2.335184E-05
 1046   -2.244633E-05
 1047   -2.240347E-05
 1048   -2.236074E-05
 1049   -2.231813E-05
 1050   -2.227564E-05
 1051   -2.191549E-05
 1052   -2.187385E-05
 1053   -2.183232E-05
 1054   -2.179091E-05
 1055   -2.174962E-05
 1056   -2.073463E-05
 1057   -2.069541E-05
 1058   -2.065631E-05
 1059   -2.061732E-05
 1060   -2.057844E-05
 1061   -2.078382E-05
 1062   -2.074470E-05
 1063   -2.070568E-05
 1064   -2.066678E-05
 1065   -2.062799E-05
 1066   -2.167756E-05
 1067   -2.163695E-05
 1068   -2.159645E-05
 1069   -2.155607E-05
 1070   -2.151579E-05
 1071   -2.261349E-05
 1072   -2.257132E-05
 1073   -2.252927E-05
 1074   -2.248733E-05
 1075   -2.244552E-05
 1076   -2.258642E-05
 1077   -2.254450E-05
 1078   -2.250269E-05
 1079   -2.246100E-05
 1080   -2.241943E-05
 1081   -2.442054E-05
 1082   -2.437543E-05
 1083   -2.433043E-05
 1084   -2.428556E-05
 1085   -2.424082E-05
 1086   -2.399633E-05
 1087   -2.395220E-05
 1088   -2.390819E-05
 1089   -2.386430E-05
 1090   -2.382053E-05
 1091   -2.296357E-05
 1092   -2.292153E-05
 1093   -2.287961E-05
 1094   -2.283780E-05
 1095   -2.279610E-05
 1096   -2.212033E-05
 1097   -2.208002E-05
 1098   -2.203982E-05
 1099   -2.199973E-05
 1100   -2.195974E-05
 1101   -2.091372E-05
 1102   -2.087578E-05
 1103   -2.083794E-05
 1104   -2.080021E-05
 1105   -2.076258E-05
 1106   -1.878460E-05
 1107   -1.875068E-05
 1108   -1.871685E-05
 1109   -1.868311E-05
 1110   -1.864946E-05
 1111   -1.832797E-05
 1112   -1.829502E-05
 1113   -1.826216E-05
 1114   -1.822939E-05
 1115   -1.819670E-05
 1116   -1.775709E-05
 1117   -1.772531E-05
 1118   -1.769362E-05
 1119   -1.766201E-05
 1120   -1.763048E-05
 1121   -1.860507E-05
 1122   -1.857192E-05
 1123   -1.853886E-05
 1124   -1.850589E-05
 1125   -1.847300E-05
 1126   -1.761863E-05
 1127   -1.758738E-05
 1128   -1.755621E-05
 1129   -1.752512E-05
 1130   -1.749412E-05
 1131   -1.818113E-05
 1132   -1.814902E-05
 1133   -1.811700E-05
 1134   -1.808506E-05
 1135   -1.805320E-05
 1136   -1.809805E-05
 1137   -1.806623E-05
 1138   -1.803449E-05
 1139   -1.800284E-05
 1140   -1.797127E-05
 1141   -1.804270E-05
 1142   -1.801111E-05
 1143   -1.797961E-05
 1144   -1.794819E-05
 1145   -1.791685E-05
 1146   -1.830695E-05
 1147   -1.827504E-05
 1148   -1.824322E-05
 1149   -1.821148E-05
 1150   -1.817982E-05
 1151   -1.687514E-05
 1152   -1.684586E-05
 1153   -1.681665E-05
 1154   -1.678752E-05
 1155   -1.675846E-05
 1156   -1.690465E-05
 1157   -1.687544E-05
 1158   -1.684631E-05
 1159   -1.681725E-05
 1160   -1.678827E-05
 1161   -1.628924E-05
 1162   -1.626122E-05
 1163   -1.623326E-05
 1164   -1.620538E-05
 1165   -1.617758E-05
 1166   -1.639480E-05
 1167   -1.636671E-05
 1168   -1.633870E-05
 1169   -1.631076E-05
 1170   -1.628289E-05
 1171   -1.715304E-05
 1172   -1.712379E-05
 1173   -1.709460E-05
 1174   -1.706549E-05
 1175   -1.703646E-05
 1176   -1.604094E-05
 1177   -1.601369E-05
 1178   -1.598652E-05
 1179   -1.595941E-05
 1180   -1.593237E-05
 1181   -1.702046E-05
 1182   -1.699167E-05
 1183   -1.696296E-05
 1184   -1.693432E-05
 1185   -1.690575E-05
 1186   -1.713167E-05
 1187   -1.710282E-05
 1188   -1.707404E-05
 1189   -1.704533E-05
 1190   -1.701670E-05
 1191   -1.647702E-05
 1192   -1.644938E-05
 1193   -1.642182E-05
 1194   -1.639432E-05
 1195   -1.636689E-05
 1196   -1.651372E-05
 1197   -1.648614E-05
 1198   -1.645862E-05
 1199   -1.643118E-05
 1200   -1.640381E-05
 1201   -1.563410E-05
 1202   -1.560809E-05
 1203   -1.558216E-05
 1204   -1.555628E-05
 1205   -1.553047E-05
 1206   -1.588471E-05
 1207   -1.585840E-05
 1208   -1.583216E-05
 1209   -1.580598E-05
 1210   -1.577986E-05
 1211   -1.518933E-05
 1212   -1.516428E-05
 1213   -1.513928E-05
 1214   -1.511435E-05
 1215   -1.508948E-05
 1216   -1.515741E-05
 1217   -1.513251E-05
 1218   -1.510768E-05
 1219   -1.508290E-05
 1220   -1.505818E-05
 1221   -1.572812E-05
 1222   -1.570239E-05
 1223   -1.567672E-05
 1224   -1.565112E-05
 1225   -1.562557E-05
 1226   -1.491674E-05
 1227   -1.489243E-05
 1228   -1.486819E-05
 1229   -1.484400E-05
 1230   -1.481988E-05
 1231   -1.601937E-05
 1232   -1.599338E-05
 1233   -1.596745E-05
 1234   -1.594158E-05
 1235   -1.591577E-05
 1236   -1.534015E-05
 1237   -1.531536E-05
 1238   -1.529063E-05
 1239   -1.526596E-05
 1240   -1.524134E-05
 1241   -1.520272E-05
 1242   -1.517825E-05
 1243   -1.515383E-05
 1244   -1.512948E-05
 1245   -1.510519E-05
 1246   -1.537983E-05
 1247   -1.535517E-05
 1248   -1.533057E-05
 1249   -1.530604E-05
 1250   -1.528156E-05
 1251   -1.447980E-05
 1252   -1.445668E-05
 1253   -1.443361E-05
 1254   -1.441060E-05
 1255   -1.438765E-05
 1256   -1.506862E-05
 1257   -1.504465E-05
 1258   -1.502074E-05
 1259   -1.499689E-05
 1260   -1.497309E-05
 1261   -1.389479E-05
 1262   -1.387278E-05
 1263   -1.385082E-05
 1264   -1.382891E-05
 1265   -1.380706E-05
 1266   -1.438745E-05
 1267   -1.436475E-05
 1268   -1.434210E-05
 1269   -1.431951E-05
 1270   -1.429696E-05
 1271   -1.462471E-05
 1272   -1.460172E-05
 1273   -1.457879E-05
 1274   -1.455591E-05
 1275   -1.453309E-05
 1276   -1.411495E-05
 1277   -1.409285E-05
 1278   -1.407081E-05
 1279   -1.404881E-05
 1280   -1.402687E-05
 1281   -1.443211E-05
 1282   -1.440960E-05
 1283   -1.438715E-05
 1284   -1.436475E-05
 1285   -1.434240E-05
 1286   -1.419173E-05
 1287   -1.416968E-05
 1288   -1.414769E-05
 1289   -1.412575E-05
 1290   -1.410385E-05
 1291   -1.466744E-05
 1292   -1.464474E-05
 1293   -1.462210E-05
 1294   -1.459951E-05
 1295   -1.457697E-05
 1296   -1.401792E-05
 1297   -1.399631E-05
 1298   -1.397475E-05
 1299   -1.395324E-05
 1300   -1.393179E-05
 1301   -1.381841E-05
 1302   -1.379719E-05
 1303   -1.377602E-05
 1304   -1.375490E-05
 1305   -1.373383E-05
 1306   -1.347955E-05
 1307   -1.345893E-05
 1308   -1.343836E-05
 1309   -1.341783E-05
 1310   -1.339736E-05
 1311   -1.333997E-05
 1312   -1.331965E-05
 1313   -1.329936E-05
 1314   -1.327913E-05
 1315   -1.325894E-05
 1316   -1.354987E-05
 1317   -1.352930E-05
 1318   -1.350877E-05
 1319   -1.348830E-05
 1320   -1.346787E-05
 1321   -1.319971E-05
 1322   -1.317974E-05
 1323   -1.315983E-05
 1324   -1.313996E-05
 1325   -1.312013E-05
 1326   -1.329961E-05
 1327   -1.327957E-05
 1328   -1.325958E-05
 1329   -1.323963E-05
 1330   -1.321973E-05
 1331   -1.320783E-05
 1332   -1.318801E-05
 1333   -1.316823E-05
 1334   -1.314849E-05
 1335   -1.312880E-05
 1336   -1.325472E-05
 1337   -1.323490E-05
 1338   -1.321512E-05
 1339   -1.319539E-05
 1340   -1.317570E-05
 1341   -1.331244E-05
 1342   -1.329261E-05
 1343   -1.327282E-05
 1344   -1.325308E-05
 1345   -1.323338E-05
 1346   -1.283415E-05
 1347   -1.281510E-05
 1348   -1.279609E-05
 1349   -1.277713E-05
 1350   -1.275821E-05
 1351   -1.268741E-05
 1352   -1.266865E-05
 1353   -1.264993E-05
 1354   -1.263125E-05
 1355   -1.261261E-05
 1356   -1.242525E-05
 1357   -1.240694E-05
 1358   -1.238868E-05
 1359   -1.237045E-05
 1360   -1.235227E-05
 1361   -1.212054E-05
 1362   -1.210275E-05
 1363   -1.208500E-05
 1364   -1.206728E-05
 1365   -1.204961E-05
 1366   -1.195757E-05
 1367   -1.194008E-05
 1368   -1.192263E-05
 1369   -1.190522E-05
 1370   -1.188785E-05
 1371   -1.192738E-05
 1372   -1.191000E-05
 1373   -1.189266E-05
 1374   -1.187535E-05
 1375   -1.185808E-05
 1376   -1.241255E-05
 1377   -1.239453E-05
 1378   -1.237654E-05
 1379   -1.235860E-05
 1380   -1.234070E-05
 1381   -1.187894E-05
 1382   -1.186176E-05
 1383   -1.184461E-05
 1384   -1.182750E-05
 1385   -1.181042E-05
 1386   -1.203566E-05
 1387   -1.201831E-05
 1388   -1.200100E-05
 1389   -1.198373E-05
 1390   -1.196649E-05
 1391   -1.134575E-05
 1392   -1.132946E-05
 1393   -1.131319E-05
 1394   -1.129697E-05
 1395   -1.128078E-05
 1396   -1.146271E-05
 1397   -1.144630E-05
 1398   -1.142994E-05
 1399   -1.141360E-05
 1400   -1.139730E-05
 1401   -1.108173E-05
 1402   -1.106593E-05
 1403   -1.105016E-05
 1404   -1.103442E-05
 1405   -1.101872E-05
 1406   -1.040515E-05
 1407   -1.039036E-05
 1408   -1.037561E-05
 1409   -1.036089E-05
 1410   -1.034620E-05
 1411   -1.027856E-05
 1412   -1.026401E-05
 1413   -1.024949E-05
 1414   -1.023499E-05
 1415   -1.022053E-05
 1416   -9.940892E-06
 1417   -9.926866E-06
 1418   -9.912870E-06
 1419   -9.898903E-06
 1420   -9.884966E-06
 1421   -9.959881E-06
 1422   -9.945878E-06
 1423   -9.931904E-06
 1424   -9.917960E-06
 1425   -9.904045E-06
 1426   -1.021837E-05
 1427   -1.020406E-05
 1428   -1.018977E-05
 1429   -1.017551E-05
 1430   -1.016129E-05
 1431   -9.951391E-06
 1432   -9.937497E-06
 1433   -9.923632E-06
 1434   -9.909797E-06
 1435   -9.895990E-06
 1436   -1.002867E-05
 1437   -1.001472E-05
 1438   -1.000080E-05
 1439   -9.986901E-06
 1440   -9.973035E-06
 1441   -9.722272E-06
 1442   -9.708792E-06
 1443   -9.695341E-06
 1444   -9.681917E-06
 1445   -9.668521E-06
 1446   -9.492767E-06
 1447   -9.479651E-06
 1448   -9.466562E-06
 1449   -9.453501E-06
 1450   -9.440466E-06
 1451   -9.139892E-06
 1452   -9.127307E-06
 1453   -9.114748E-06
 1454   -9.102214E-06
 1455   -9.089707E-06
 1456   -8.598155E-06
 1457   -8.586357E-06
 1458   -8.574582E-06
 1459   -8.562832E-06
 1460   -8.551106E-06
 1461   -8.974269E-06
 1462   -8.961997E-06
 1463   -8.949749E-06
 1464   -8.937527E-06
 1465   -8.925330E-06
 1466   -8.469387E-06
 1467   -8.457844E-06
 1468   -8.446325E-06
 1469   -8.434830E-06
 1470   -8.423358E-06
 1471   -8.647047E-06
 1472   -8.635302E-06
 1473   -8.623581E-06
 1474   -8.611884E-06
 1475   -8.600211E-06
 1476   -8.283949E-06
 1477   -8.272735E-06
 1478   -8.261545E-06
 1479   -8.250377E-06
 1480   -8.239231E-06
 1481   -8.359141E-06
 1482   -8.347864E-06
 1483   -8.336610E-06
 1484   -8.325378E-06
 1485   -8.314169E-06
 1486   -8.474314E-06
 1487   -8.462920E-06
 1488   -8.451549E-06
 1489   -8.440201E-06
 1490   -8.428876E-06
 1491   -8.024830E-06
 1492   -8.014076E-06
 1493   -8.003344E-06
 1494   -7.992634E-06
 1495   -7.981945E-06
 1496   -7.758652E-06
 1497   -7.748290E-06
 1498   -7.737949E-06
 1499   -7.727628E-06
 1500   -7.717328E-06
 1501   -7.348988E-06
 1502   -7.339206E-06
 1503   -7.329443E-06
 1504   -7.319699E-06
 1505   -7.309975E-06
 1506   -7.055781E-06
 1507   -7.046420E-06
 1508   -7.037078E-06
 1509   -7.027754E-06
 1510   -7.018449E-06
 1511   -6.919779E-06
 1512   -6.910629E-06
 1513   -6.901497E-06
 1514   -6.892383E-06
 1515   -6.883287E-06
 1516   -6.562488E-06
 1517   -6.553839E-06
 1518   -6.545207E-06
 1519   -6.536592E-06
 1520   -6.527994E-06
 1521   -6.590386E-06
 1522   -6.581729E-06
 1523   -6.573089E-06
 1524   -6.564466E-06
 1525   -6.555859E-06
 1526   -6.747290E-06
 1527   -6.738456E-06
 1528   -6.729639E-06
 1529   -6.720839E-06
 1530   -6.712056E-06
 1531   -6.569076E-06
 1532   -6.560503E-06
 1533   -6.551947E-06
 1534   -6.543408E-06
 1535   -6.534885E-06
 1536   -6.397229E-06
 1537   -6.388908E-06
 1538   -6.380602E-06
 1539   -6.372313E-06
 1540   -6.364040E-06
 1541   -6.018596E-06
 1542   -6.010792E-06
 1543   -6.003003E-06
 1544   -5.995230E-06
 1545   -5.987472E-06
 1546   -6.144484E-06
 1547   -6.136542E-06
 1548   -6.128617E-06
 1549   -6.120706E-06
 1550   -6.112811E-06
 1551   -5.632496E-06
 1552   -5.625240E-06
 1553   -5.617998E-06
 1554   -5.610770E-06
 1555   -5.603556E-06
 1556   -5.533506E-06
 1557   -5.526400E-06
 1558   -5.519308E-06
 1559   -5.512230E-06
 1560   -5.505165E-06
 1561   -5.285966E-06
 1562   -5.279200E-06
 1563   -5.272447E-06
 1564   -5.265707E-06
 1565   -5.258979E-06
 1566   -5.132223E-06
 1567   -5.125674E-06
 1568   -5.119139E-06
 1569   -5.112615E-06
 1570   -5.106105E-06
 1571   -5.102700E-06
 1572   -5.096210E-06
 1573   -5.089733E-06
 1574   -5.083268E-06
 1575   -5.076815E-06
 1576   -5.088806E-06
 1577   -5.082354E-06
 1578   -5.075914E-06
 1579   -5.069487E-06
 1580   -5.063072E-06
 1581   -4.981836E-06
 1582   -4.975540E-06
 1583   -4.969255E-06
 1584   -4.962983E-06
 1585   -4.956723E-06
 1586   -4.952842E-06
 1587   -4.946602E-06
 1588   -4.940374E-06
 1589   -4.934158E-06
 1590   -4.927954E-06
 1591   -4.723453E-06
 1592   -4.717521E-06
 1593   -4.711600E-06
 1594   -4.705690E-06
 1595   -4.699792E-06
 1596   -4.490251E-06
 1597   -4.484629E-06
 1598   -4.479018E-06
 1599   -4.473418E-06
 1600   -4.467828E-06
 1601   -4.188469E-06
 1602   -4.183242E-06
 1603   -4.178024E-06
 1604   -4.172816E-06
 1605   -4.167618E-06
 1606   -3.932417E-06
 1607   -3.927524E-06
 1608   -3.922641E-06
 1609   -3.917766E-06
 1610   -3.912901E-06
 1611   -3.845845E-06
 1612   -3.841075E-06
 1613   -3.836314E-06
 1614   -3.831562E-06
 1615   -3.826818E-06
 1616   -3.660682E-06
 1617   -3.656156E-06
 1618   -3.651638E-06
 1619   -3.647128E-06
 1620   -3.642627E-06
 1621   -3.609266E-06
 1622   -3.604817E-06
 1623   -3.600376E-06
 1624   -3.595943E-06
 1625   -3.591519E-06
 1626   -3.504438E-06
 1627   -3.500131E-06
 1628   -3.495832E-06
 1629   -3.491542E-06
 1630   -3.487259E-06
 1631   -3.553723E-06
 1632   -3.549370E-06
 1633   -3.545024E-06
 1634   -3.540686E-06
 1635   -3.536356E-06
 1636   -3.401166E-06
 1637   -3.397012E-06
 1638   -3.392866E-06
 1639   -3.388727E-06
 1640   -3.384595E-06
 1641   -3.334387E-06
 1642   -3.330327E-06
 1643   -3.326274E-06
 1644   -3.322229E-06
 1645   -3.318191E-06
 1646   -3.101608E-06
 1647   -3.097843E-06
 1648   -3.094085E-06
 1649   -3.090333E-06
 1650   -3.086588E-06
 1651   -2.971947E-06
 1652   -2.968350E-06
 1653   -2.964759E-06
 1654   -2.961175E-06
 1655   -2.957598E-06
 1656   -2.758019E-06
 1657   -2.754691E-06
 1658   -2.751369E-06
 1659   -2.748053E-06
 1660   -2.744743E-06
 1661   -2.575116E-06
 1662   -2.572019E-06
 1663   -2.568926E-06
 1664   -2.565840E-06
 1665   -2.562758E-06
 1666   -2.583559E-06
 1667   -2.580460E-06
 1668   -2.577367E-06
 1669   -2.574279E-06
 1670   -2.571197E-06
 1671   -2.518676E-06
 1672   -2.515664E-06
 1673   -2.512658E-06
 1674   -2.509657E-06
 1675   -2.506661E-06
 1676   -2.532938E-06
 1677   -2.529918E-06
 1678   -2.526904E-06
 1679   -2.523895E-06
 1680   -2.520891E-06
 1681   -2.445605E-06
 1682   -2.442698E-06
 1683   -2.439796E-06
 1684   -2.436900E-06
 1685   -2.434008E-06
 1686   -2.376594E-06
 1687   -2.373778E-06
 1688   -2.370966E-06
 1689   -2.368159E-06
 1690   -2.365358E-06
 1691   -2.274022E-06
 1692   -2.271335E-06
 1693   -2.268653E-06
 1694   -2.265975E-06
 1695   -2.263302E-06
 1696   -2.123888E-06
 1697   -2.121385E-06
 1698   -2.118887E-06
 1699   -2.116394E-06
 1700   -2.113905E-06
 1701   -1.972115E-06
 1702   -1.969799E-06
 1703   -1.967486E-06
 1704   -1.965177E-06
 1705   -1.962873E-06
 1706   -1.796797E-06
 1707   -1.794693E-06
 1708   -1.792592E-06
 1709   -1.790495E-06
 1710   -1.788401E-06
 1711   -1.680771E-06
 1712   -1.678808E-06
 1713   -1.676848E-06
 1714   -1.674892E-06
 1715   -1.672940E-06
 1716   -1.640562E-06
 1717   -1.638651E-06
 1718   -1.636744E-06
 1719   -1.634840E-06
 1720   -1.632940E-06
 1721   -1.569388E-06
 1722   -1.567566E-06
 1723   -1.565747E-06
 1724   -1.563931E-06
 1725   -1.562118E-06
 1726   -1.599591E-06
 1727   -1.597739E-06
 1728   -1.595890E-06
 1729   -1.594045E-06
 1730   -1.592202E-06
 1731   -1.533977E-06
 1732   -1.532206E-06
 1733   -1.530438E-06
 1734   -1.528673E-06
 1735   -1.526912E-06
 1736   -1.519998E-06
 1737   -1.518248E-06
 1738   -1.516502E-06
 1739   -1.514758E-06
 1740   -1.513018E-06
 1741   -1.462326E-06
 1742   -1.460647E-06
 1743   -1.458972E-06
 1744   -1.457299E-06
 1745   -1.455629E-06
 1746   -1.346981E-06
 1747   -1.345439E-06
 1748   -1.343900E-06
 1749   -1.342364E-06
 1750   -1.340830E-06
 1751   -1.271936E-06
 1752   -1.270484E-06
 1753   -1.269035E-06
 1754   -1.267588E-06
 1755   -1.266144E-06
 1756   -1.165504E-06
 1757   -1.164178E-06
 1758   -1.162854E-06
 1759   -1.161532E-06
 1760   -1.160213E-06
 1761   -1.127168E-06
 1762   -1.125889E-06
 1763   -1.124612E-06
 1764   -1.123338E-06
 1765   -1.122065E-06
 1766   -1.060984E-06
 1767   -1.059783E-06
 1768   -1.058585E-06
 1769   -1.057388E-06
 1770   -1.056194E-06
 1771   -1.044828E-06
 1772   -1.043649E-06
 1773   -1.042472E-06
 1774   -1.041297E-06
 1775   -1.040124E-06
 1776   -1.051313E-06
 1777   -1.050131E-06
 1778   -1.048950E-06
 1779   -1.047771E-06
 1780   -1.046594E-06
 1781   -1.012276E-06
 1782   -1.011140E-06
 1783   -1.010007E-06
 1784   -1.008875E-06
 1785   -1.007745E-06
 1786   -9.951050E-07
 1787   -9.939916E-07
 1788   -9.928800E-07
 1789   -9.917704E-07
 1790   -9.906626E-07
 1791   -9.312909E-07
 1792   -9.302518E-07
 1793   -9.292145E-07
 1794   -9.281788E-07
 1795   -9.271450E-07
 1796   -8.745127E-07
 1797   -8.735397E-07
 1798   -8.725683E-07
 1799   -8.715985E-07
 1800   -8.706303E-07
 1801   -7.986350E-07
 1802   -7.977489E-07
 1803   -7.968642E-07
 1804   -7.959810E-07
 1805   -7.950993E-07
 1806   -7.198184E-07
 1807   -7.190219E-07
 1808   -7.182268E-07
 1809   -7.174329E-07
 1810   -7.166404E-07
 1811   -6.745856E-07
 1812   -6.738413E-07
 1813   -6.730981E-07
 1814   -6.723562E-07
 1815   -6.716155E-07
 1816   -6.361710E-07
 1817   -6.354709E-07
 1818   -6.347720E-07
 1819   -6.340743E-07
 1820   -6.333777E-07
 1821   -6.390853E-07
 1822   -6.383840E-07
 1823   -6.376838E-07
 1824   -6.369848E-07
 1825   -6.362869E-07
 1826   -6.157391E-07
 1827   -6.150653E-07
 1828   -6.143925E-07
 1829   -6.137209E-07
 1830   -6.130503E-07
 1831   -6.053023E-07
 1832   -6.046417E-07
 1833   -6.039822E-07
 1834   -6.033237E-07
 1835   -6.026663E-07
 1836   -5.963176E-07
 1837   -5.956685E-07
 1838   -5.950205E-07
 1839   -5.943736E-07
 1840   -5.937277E-07
 1841   -5.699744E-07
 1842   -5.693557E-07
 1843   -5.687380E-07
 1844   -5.681214E-07
 1845   -5.675057E-07
 1846   -5.440396E-07
 1847   -5.434507E-07
 1848   -5.428627E-07
 1849   -5.422757E-07
 1850   -5.416896E-07
 1851   -5.042088E-07
 1852   -5.036644E-07
 1853   -5.031210E-07
 1854   -5.025784E-07
 1855   -5.020366E-07
 1856   -4.745635E-07
 1857   -4.740525E-07
 1858   -4.735424E-07
 1859   -4.730331E-07
 1860   -4.725246E-07
 1861   -4.546904E-07
 1862   -4.542021E-07
 1863   -4.537146E-07
 1864   -4.532279E-07
 1865   -4.527420E-07
 1866   -4.416332E-07
 1867   -4.411602E-07
 1868   -4.406880E-07
 1869   -4.402166E-07
 1870   -4.397459E-07
 1871   -4.413382E-07
 1872   -4.408668E-07
 1873   -4.403962E-07
 1874   -4.399263E-07
 1875   -4.394572E-07
 1876   -4.256008E-07
 1877   -4.251474E-07
 1878   -4.246948E-07
 1879   -4.242428E-07
 1880   -4.237916E-07
 1881   -4.287565E-07
 1882   -4.283010E-07
 1883   -4.278462E-07
 1884   -4.273921E-07
 1885   -4.269388E-07
 1886   -4.175400E-07
 1887   -4.170975E-07
 1888   -4.166558E-07
 1889   -4.162148E-07
 1890   -4.157745E-07
 1891   -4.100637E-07
 1892   -4.096304E-07
 1893   -4.091977E-07
 1894   -4.087657E-07
 1895   -4.083344E-07
 1896   -4.082511E-07
 1897   -4.078207E-07
 1898   -4.073911E-07
 1899   -4.069622E-07
 1900   -4.065339E-07
 1901   -3.846474E-07
 1902   -3.842430E-07
 1903   -3.838393E-07
 1904   -3.834362E-07
 1905   -3.830337E-07
 1906   -3.797095E-07
 1907   -3.793114E-07
 1908   -3.789139E-07
 1909   -3.785170E-07
 1910   -3.781208E-07
 1911   -3.749720E-07
 1912   -3.745799E-07
 1913   -3.741884E-07
 1914   -3.737975E-07
 1915   -3.734072E-07
 1916   -3.665904E-07
 1917   -3.662081E-07
 1918   -3.658263E-07
 1919   -3.654451E-07
 1920   -3.650646E-07
 1921   -3.653823E-07
 1922   -3.650022E-07
 1923   -3.646227E-07
 1924   -3.642438E-07
 1925   -3.638654E-07
 1926   -3.624360E-07
 1927   -3.620599E-07
 1928   -3.616844E-07
 1929   -3.613095E-07
 1930   -3.609352E-07
 1931   -3.707672E-07
 1932   -3.703834E-07
 1933   -3.700003E-07
 1934   -3.696178E-07
 1935   -3.692359E-07
 1936   -3.646490E-07
 1937   -3.642726E-07
 1938   -3.638968E-07
 1939   -3.635216E-07
 1940   -3.631469E-07
 1941   -3.683807E-07
 1942   -3.680014E-07
 1943   -3.676227E-07
 1944   -3.672446E-07
 1945   -3.668671E-07
 1946   -3.725240E-07
 1947   -3.721414E-07
 1948   -3.717594E-07
 1949   -3.713780E-07
 1950   -3.709972E-07
 1951   -3.638517E-07
 1952   -3.634790E-07
 1953   -3.631069E-07
 1954   -3.627353E-07
 1955   -3.623644E-07
 1956   -3.816816E-07
 1957   -3.812916E-07
 1958   -3.809023E-07
 1959   -3.805135E-07
 1960   -3.801253E-07
 1961   -3.641961E-07
 1962   -3.638249E-07
 1963   -3.634544E-07
 1964   -3.630843E-07
 1965   -3.627149E-07
 1966   -3.769718E-07
 1967   -3.765886E-07
 1968   -3.762060E-07
 1969   -3.758240E-07
 1970   -3.754425E-07
 1971   -3.766103E-07
 1972   -3.762285E-07
 1973   -3.758472E-07
 1974   -3.754665E-07
 1975   -3.750864E-07
 1976   -3.747771E-07
 1977   -3.743980E-07
 1978   -3.740196E-07
 1979   -3.736417E-07
 1980   -3.732644E-07
 1981   -3.799671E-07
 1982   -3.795838E-07
 1983   -3.792010E-07
 1984   -3.788189E-07
 1985   -3.784373E-07
 1986   -3.802153E-07
 1987   -3.798327E-07
 1988   -3.794507E-07
 1989   -3.790692E-07
 1990   -3.786883E-07
 1991   -3.972644E-07
 1992   -3.968656E-07
 1993   -3.964674E-07
 1994   -3.960699E-07
 1995   -3.956729E-07
 1996   -4.001129E-07
 1997   -3.997123E-07
 1998   -3.993123E-07
 1999   -3.989128E-07
 2000   -3.985140E-07
 2001   -4.104373E-07
 2002   -4.100274E-07
 2003   -4.096181E-07
 2004   -4.092094E-07
 2005   -4.088013E-07
 2006   -4.235642E-07
 2007   -4.231422E-07
 2008   -4.227208E-07
 2009   -4.223001E-07
 2010   -4.218800E-07
 2011   -4.250020E-07
 2012   -4.245796E-07
 2013   -4.241579E-07
 2014   -4.237368E-07
 2015   -4.233163E-07
 2016   -4.380919E-07
 2017   -4.376576E-07
 2018   -4.372240E-07
 2019   -4.367910E-07
 2020   -4.363586E-07
 2021   -4.360996E-07
 2022   -4.356684E-07
 2023   -4.352378E-07
 2024   -4.348078E-07
 2025   -4.343785E-07
 2026   -4.338085E-07
 2027   -4.333806E-07
 2028   -4.329533E-07
 2029   -4.325266E-07
 2030   -4.321006E-07
 2031   -4.492291E-07
 2032   -4.487870E-07
 2033   -4.483456E-07
 2034   -4.479049E-07
 2035   -4.474648E-07
 2036   -4.442368E-07
 2037   -4.438008E-07
 2038   -4.433653E-07
 2039   -4.429306E-07
 2040   -4.424964E-07
 2041   -4.664910E-07
 2042   -4.660342E-07
 2043   -4.655781E-07
 2044   -4.651226E-07
 2045   -4.646679E-07
 2046   -4.652634E-07
 2047   -4.648089E-07
 2048   -4.643551E-07
 2049   -4.639020E-07
 2050   -4.634495E-07
 2051   -4.822362E-07
 2052   -4.817663E-07
 2053   -4.812971E-07
 2054   -4.808286E-07
 2055   -4.803607E-07
 2056   -4.984315E-07
 2057   -4.979470E-07
 2058   -4.974632E-07
 2059   -4.969802E-07
 2060   -4.964978E-07
 2061   -5.033556E-07
 2062   -5.028675E-07
 2063   -5.023801E-07
 2064   -5.018934E-07
 2065   -5.014075E-07
 2066   -5.122557E-07
 2067   -5.117602E-07
 2068   -5.112654E-07
 2069   -5.107713E-07
 2070   -5.102779E-07
 2071   -5.022658E-07
 2072   -5.017811E-07
 2073   -5.012971E-07
 2074   -5.008138E-07
 2075   -5.003312E-07
 2076   -5.194790E-07
 2077   -5.189789E-07
 2078   -5.184795E-07
 2079   -5.179808E-07
 2080   -5.174829E-07
 2081   -5.241347E-07
 2082   -5.236313E-07
 2083   -5.231287E-07
 2084   -5.226267E-07
 2085   -5.221255E-07
 2086   -5.382414E-07
 2087   -5.377257E-07
 2088   -5.372108E-07
 2089   -5.366966E-07
 2090   -5.361831E-07
 2091   -5.284584E-07
 2092   -5.279533E-07
 2093   -5.274489E-07
 2094   -5.269453E-07
 2095   -5.264423E-07
 2096   -5.486769E-07
 2097   -5.481537E-07
 2098   -5.476313E-07
 2099   -5.471096E-07
 2100   -5.465887E-07
 2101   -5.605672E-07
 2102   -5.600340E-07
 2103   -5.595015E-07
 2104   -5.589698E-07
 2105   -5.584388E-07
 2106   -5.634279E-07
 2107   -5.628932E-07
 2108   -5.623593E-07
 2109   -5.618261E-07
 2110   -5.612937E-07
 2111   -5.805193E-07
 2112   -5.799697E-07
 2113   -5.794208E-07
 2114   -5.788728E-07
 2115   -5.783255E-07
 2116   -5.844640E-07
 2117   -5.839119E-07
 2118   -5.833607E-07
 2119   -5.828102E-07
 2120   -5.822605E-07
 2121   -5.846564E-07
 2122   -5.841055E-07
 2123   -5.835553E-07
 2124   -5.830060E-07
 2125   -5.824574E-07
 2126   -5.833690E-07
 2127   -5.828206E-07
 2128   -5.822729E-07
 2129   -5.817261E-07
 2130   -5.811800E-07
 2131   -5.880797E-07
 2132   -5.875281E-07
 2133   -5.869774E-07
 2134   -5.864274E-07
 2135   -5.858782E-07
 2136   -6.033697E-07
 2137   -6.028052E-07
 2138   -6.022414E-07
 2139   -6.016784E-07
 2140   -6.011162E-07
 2141   -6.031532E-07
 2142   -6.025902E-07
 2143   -6.020279E-07
 2144   -6.014665E-07
 2145   -6.009058E-07
 2146   -6.093694E-07
 2147   -6.088018E-07
 2148   -6.082351E-07
 2149   -6.076692E-07
 2150   -6.071040E-07
 2151   -6.036691E-07
 2152   -6.031082E-07
 2153   -6.025481E-07
 2154   -6.019887E-07
 2155   -6.014302E-07
 2156   -6.147550E-07
 2157   -6.141852E-07
 2158   -6.136161E-07
 2159   -6.130478E-07
 2160   -6.124803E-07
 2161   -6.429429E-07
 2162   -6.423483E-07
 2163   -6.417545E-07
 2164   -6.411615E-07
 2165   -6.405693E-07
 2166   -6.275499E-07
 2167   -6.269709E-07
 2168   -6.263926E-07
 2169   -6.258152E-07
 2170   -6.252385E-07
 2171   -6.394473E-07
 2172   -6.388586E-07
 2173   -6.382707E-07
 2174   -6.376837E-07
 2175   -6.370974E-07
 2176   -6.270654E-07
 2177   -6.264895E-07
 2178   -6.259143E-07
 2179   -6.253399E-07
 2180   -6.247664E-07
 2181   -6.390644E-07
 2182   -6.384788E-07
 2183   -6.378940E-07
 2184   -6.373099E-07
 2185   -6.367267E-07
 2186   -6.450078E-07
 2187   -6.444181E-07
 2188   -6.438292E-07
 2189   -6.432411E-07
 2190   -6.426538E-07
 2191   -6.342760E-07
 2192   -6.336974E-07
 2193   -6.331196E-07
 2194   -6.325426E-07
 2195   -6.319664E-07
 2196   -6.503643E-07
 2197   -6.497724E-07
 2198   -6.491813E-07
 2199   -6.485910E-07
 2200   -6.480015E-07
 2201   -6.358414E-07
 2202   -6.352640E-07
 2203   -6.346874E-07
 2204   -6.341116E-07
 2205   -6.335366E-07
 2206   -6.526383E-07
 2207   -6.520470E-07
 2208   -6.514565E-07
 2209   -6.508668E-07
 2210   -6.502779E-07
 2211   -6.484669E-07
 2212   -6.478807E-07
 2213   -6.472953E-07
 2214   -6.467107E-07
 2215   -6.461269E-07
 2216   -6.424678E-07
 2217   -6.418884E-07
 2218   -6.413097E-07
 2219   -6.407318E-07
 2220   -6.401547E-07
 2221   -6.565738E-07
 2222   -6.559830E-07
 2223   -6.553929E-07
 2224   -6.548037E-07
 2225   -6.542152E-07
 2226   -6.414902E-07
 2227   -6.409143E-07
 2228   -6.403391E-07
 2229   -6.397646E-07
 2230   -6.391910E-07
 2231   -6.518392E-07
 2232   -6.512553E-07
 2233   -6.506721E-07
 2234   -6.500897E-07
 2235   -6.495081E-07
 2236   -6.495961E-07
 2237   -6.490154E-07
 2238   -6.484355E-07
 2239   -6.478565E-07
 2240   -6.472781E-07
 2241   -6.327508E-07
 2242   -6.321864E-07
 2243   -6.316229E-07
 2244   -6.310600E-07
 2245   -6.304980E-07
 2246   -6.626558E-07
 2247   -6.620661E-07
 2248   -6.614772E-07
 2249   -6.608891E-07
 2250   -6.603018E-07
 2251   -6.374116E-07
 2252   -6.368456E-07
 2253   -6.362804E-07
 2254   -6.357160E-07
 2255   -6.351523E-07
 2256   -6.459964E-07
 2257   -6.454241E-07
 2258   -6.448526E-07
 2259   -6.442818E-07
 2260   -6.437117E-07
 2261   -6.397698E-07
 2262   -6.392042E-07
 2263   -6.386394E-07
 2264   -6.380754E-07
 2265   -6.375121E-07
 2266   -6.413834E-07
 2267   -6.408177E-07
 2268   -6.402527E-07
 2269   -6.396885E-07
 2270   -6.391250E-07
 2271   -6.490810E-07
 2272   -6.485098E-07
 2273   -6.479393E-07
 2274   -6.473696E-07
 2275   -6.468006E-07
 2276   -6.293799E-07
 2277   -6.288273E-07
 2278   -6.282753E-07
 2279   -6.277240E-07
 2280   -6.271735E-07
 2281   -6.487735E-07
 2282   -6.482050E-07
 2283   -6.476373E-07
 2284   -6.470703E-07
 2285   -6.465040E-07
 2286   -6.389035E-07
 2287   -6.383449E-07
 2288   -6.377870E-07
 2289   -6.372299E-07
 2290   -6.366735E-07
 2291   -6.343542E-07
 2292   -6.338008E-07
 2293   -6.332481E-07
 2294   -6.326962E-07
 2295   -6.321449E-07
 2296   -6.284118E-07
 2297   -6.278647E-07
 2298   -6.273184E-07
 2299   -6.267728E-07
 2300   -6.262279E-07
 2301   -6.153094E-07
 2302   -6.147749E-07
 2303   -6.142411E-07
 2304   -6.137080E-07
 2305   -6.131756E-07
 2306   -6.340477E-07
 2307   -6.334982E-07
 2308   -6.329493E-07
 2309   -6.324012E-07
 2310   -6.318538E-07
 2311   -6.132223E-07
 2312   -6.126920E-07
 2313   -6.121623E-07
 2314   -6.116333E-07
 2315   -6.111050E-07
 2316   -6.163887E-07
 2317   -6.158568E-07
 2318   -6.153255E-07
 2319   -6.147950E-07
 2320   -6.142651E-07
 2321   -6.087829E-07
 2322   -6.082586E-07
 2323   -6.077351E-07
 2324   -6.072122E-07
 2325   -6.066899E-07
 2326   -6.094863E-07
 2327   -6.089626E-07
 2328   -6.084395E-07
 2329   -6.079171E-07
 2330   -6.073954E-07
 2331   -6.136557E-07
 2332   -6.131295E-07
 2333   -6.126040E-07
 2334   -6.120792E-07
 2335   -6.115550E-07
 2336   -5.955010E-07
 2337   -5.949915E-07
 2338   -5.944826E-07
 2339   -5.939744E-07
 2340   -5.934668E-07
 2341   -5.984701E-07
 2342   -5.979592E-07
 2343   -5.974489E-07
 2344   -5.969392E-07
 2345   -5.964302E-07
 2346   -5.885717E-07
 2347   -5.880702E-07
 2348   -5.875694E-07
 2349   -5.870693E-07
 2350   -5.865697E-07
 2351   -5.827702E-07
 2352   -5.822748E-07
 2353   -5.817800E-07
 2354   -5.812858E-07
 2355   -5.807922E-07
 2356   -5.637766E-07
 2357   -5.632983E-07
 2358   -5.628206E-07
 2359   -5.623435E-07
 2360   -5.618671E-07
 2361   -5.564385E-07
 2362   -5.559674E-07
 2363   -5.554970E-07
 2364   -5.550271E-07
 2365   -5.545578E-07
 2366   -5.636137E-07
 2367   -5.631375E-07
 2368   -5.626620E-07
 2369   -5.621871E-07
 2370   -5.617128E-07
 2371   -5.563710E-07
 2372   -5.559020E-07
 2373   -5.554336E-07
 2374   -5.549657E-07
 2375   -5.544985E-07
 2376   -5.570195E-07
 2377   -5.565509E-07
 2378   -5.560829E-07
 2379   -5.556156E-07
 2380   -5.551487E-07
 2381   -5.547804E-07
 2382   -5.543147E-07
 2383   -5.538496E-07
 2384   -5.533850E-07
 2385   -5.529211E-07
 2386   -5.437846E-07
 2387   -5.433291E-07
 2388   -5.428742E-07
 2389   -5.424198E-07
 2390   -5.419660E-07
 2391   -5.519846E-07
 2392   -5.515232E-07
 2393   -5.510623E-07
 2394   -5.506021E-07
 2395   -5.501424E-07
 2396   -5.242565E-07
 2397   -5.238192E-07
 2398   -5.233824E-07
 2399   -5.229461E-07
 2400   -5.225104E-07
 2401   -5.226138E-07
 2402   -5.221787E-07
 2403   -5.217442E-07
 2404   -5.213103E-07
 2405   -5.208768E-07
 2406   -5.063363E-07
 2407   -5.059157E-07
 2408   -5.054955E-07
 2409   -5.050760E-07
 2410   -5.046569E-07
 2411   -5.032158E-07
 2412   -5.027987E-07
 2413   -5.023820E-07
 2414   -5.019659E-07
 2415   -5.015503E-07
 2416   -5.020844E-07
 2417   -5.016690E-07
 2418   -5.012541E-07
 2419   -5.008398E-07
 2420   -5.004259E-07
 2421   -4.909596E-07
 2422   -4.905543E-07
 2423   -4.901494E-07
 2424   -4.897451E-07
 2425   -4.893413E-07
 2426   -4.960378E-07
 2427   -4.956291E-07
 2428   -4.952209E-07
 2429   -4.948133E-07
 2430   -4.944061E-07
 2431   -4.828534E-07
 2432   -4.824564E-07
 2433   -4.820599E-07
 2434   -4.816638E-07
 2435   -4.812683E-07
 2436   -4.844682E-07
 2437   -4.840707E-07
 2438   -4.836737E-07
 2439   -4.832772E-07
 2440   -4.828811E-07
 2441   -4.783034E-07
 2442   -4.779117E-07
 2443   -4.775206E-07
 2444   -4.771299E-07
 2445   -4.767397E-07
 2446   -4.591344E-07
 2447   -4.587592E-07
 2448   -4.583845E-07
 2449   -4.580102E-07
 2450   -4.576364E-07
 2451   -4.548671E-07
 2452   -4.544962E-07
 2453   -4.541257E-07
 2454   -4.537557E-07
 2455   -4.533861E-07
 2456   -4.442706E-07
 2457   -4.439090E-07
 2458   -4.435479E-07
 2459   -4.431872E-07
 2460   -4.428270E-07
 2461   -4.382808E-07
 2462   -4.379248E-07
 2463   -4.375693E-07
 2464   -4.372142E-07
 2465   -4.368595E-07
 2466   -4.294025E-07
 2467   -4.290544E-07
 2468   -4.287068E-07
 2469   -4.283596E-07
 2470   -4.280128E-07
 2471   -4.195529E-07
 2472   -4.192135E-07
 2473   -4.188745E-07
 2474   -4.185360E-07
 2475   -4.181979E-07
 2476   -4.225372E-07
 2477   -4.221961E-07
 2478   -4.218554E-07
 2479   -4.215152E-07
 2480   -4.211753E-07
 2481   -4.114960E-07
 2482   -4.111645E-07
 2483   -4.108334E-07
 2484   -4.105027E-07
 2485   -4.101724E-07
 2486   -4.159122E-07
 2487   -4.155778E-07
 2488   -4.152438E-07
 2489   -4.149102E-07
 2490   -4.145770E-07
 2491   -4.049308E-07
 2492   -4.046059E-07
 2493   -4.042814E-07
 2494   -4.039573E-07
 2495   -4.036335E-07
 2496   -3.931684E-07
 2497   -3.928536E-07
 2498   -3.925391E-07
 2499   -3.922250E-07
 2500   -3.919113E-07
 2501   -3.798358E-07
 2502   -3.795323E-07
 2503   -3.792291E-07
 2504   -3.789262E-07
 2505   -3.786238E-07
 2506   -3.619240E-07
 2507   -3.616353E-07
 2508   -3.613470E-07
 2509   -3.610590E-07
 2510   -3.607713E-07
 2511   -3.668048E-07
 2512   -3.665128E-07
 2513   -3.662212E-07
 2514   -3.659299E-07
 2515   -3.656390E-07
 2516   -3.546396E-07
 2517   -3.543579E-07
 2518   -3.540765E-07
 2519   -3.537954E-07
 2520   -3.535147E-07
 2521   -3.533360E-07
 2522   -3.530558E-07
 2523   -3.527760E-07
 2524   -3.524965E-07
 2525   -3.522174E-07
 2526   -3.466974E-07
 2527   -3.464230E-07
 2528   -3.461490E-07
 2529   -3.458753E-07
 2530   -3.456020E-07
 2531   -3.434058E-07
 2532   -3.431346E-07
 2533   -3.428638E-07
 2534   -3.425932E-07
 2535   -3.423230E-07
 2536   -3.436266E-07
 2537   -3.433558E-07
 2538   -3.430853E-07
 2539   -3.428151E-07
 2540   -3.425452E-07
 2541   -3.336059E-07
 2542   -3.333435E-07
 2543   -3.330813E-07
 2544   -3.328195E-07
 2545   -3.325580E-07
 2546   -3.266804E-07
 2547   -3.264239E-07
 2548   -3.261677E-07
 2549   -3.259119E-07
 2550   -3.256563E-07
 2551   -3.065178E-07
 2552   -3.062776E-07
 2553   -3.060377E-07
 2554   -3.057981E-07
 2555   -3.055588E-07
 2556   -3.013317E-07
 2557   -3.010961E-07
 2558   -3.008607E-07
 2559   -3.006256E-07
 2560   -3.003908E-07
 2561   -2.944737E-07
 2562   -2.942438E-07
 2563   -2.940143E-07
 2564   -2.937850E-07
 2565   -2.935559E-07
 2566   -2.883419E-07
 2567   -2.881173E-07
 2568   -2.878929E-07
 2569   -2.876688E-07
 2570   -2.874450E-07
 2571   -2.906848E-07
 2572   -2.904588E-07
 2573   -2.902331E-07
 2574   -2.900076E-07
 2575   -2.897824E-07
 2576   -2.801669E-07
 2577   -2.799495E-07
 2578   -2.797324E-07
 2579   -2.795155E-07
 2580   -2.792989E-07
 2581   -2.821586E-07
 2582   -2.819400E-07
 2583   -2.817218E-07
 2584   -2.815038E-07
 2585   -2.812860E-07
 2586   -2.769936E-07
 2587   -2.767795E-07
 2588   -2.765657E-07
 2589   -2.763521E-07
 2590   -2.761387E-07
 2591   -2.700963E-07
 2592   -2.698880E-07
 2593   -2.696798E-07
 2594   -2.694719E-07
 2595   -2.692643E-07
 2596   -2.625917E-07
 2597   -2.623895E-07
 2598   -2.621876E-07
 2599   -2.619859E-07
 2600   -2.617844E-07
 2601   -2.459850E-07
 2602   -2.457959E-07
 2603   -2.456071E-07
 2604   -2.454185E-07
 2605   -2.452301E-07
 2606   -2.433356E-07
 2607   -2.431490E-07
 2608   -2.429626E-07
 2609   -2.427763E-07
 2610   -2.425903E-07
 2611   -2.329457E-07
 2612   -2.327674E-07
 2613   -2.325892E-07
 2614   -2.324113E-07
 2615   -2.322336E-07
 2616   -2.331238E-07
 2617   -2.329457E-07
 2618   -2.327677E-07
 2619   -2.325900E-07
 2620   -2.324125E-07
 2621   -2.245462E-07
 2622   -2.243750E-07
 2623   -2.242039E-07
 2624   -2.240331E-07
 2625   -2.238624E-07
 2626   -2.240461E-07
 2627   -2.238755E-07
 2628   -2.237052E-07
 2629   -2.235350E-07
 2630   -2.233651E-07
 2631   -2.255159E-07
 2632   -2.253446E-07
 2633   -2.251734E-07
 2634   -2.250025E-07
 2635   -2.248317E-07
 2636   -2.178053E-07
 2637   -2.176402E-07
 2638   -2.174752E-07
 2639   -2.173104E-07
 2640   -2.171458E-07
 2641   -2.130501E-07
 2642   -2.128888E-07
 2643   -2.127278E-07
 2644   -2.125669E-07
 2645   -2.124062E-07
 2646   -2.045692E-07
 2647   -2.044147E-07
 2648   -2.042603E-07
 2649   -2.041061E-07
 2650   -2.039521E-07
 2651   -1.938029E-07
 2652   -1.936568E-07
 2653   -1.935108E-07
 2654   -1.933650E-07
 2655   -1.932194E-07
 2656   -1.906673E-07
 2657   -1.905238E-07
 2658   -1.903805E-07
 2659   -1.902373E-07
 2660   -1.900943E-07
 2661   -1.789662E-07
 2662   -1.788318E-07
 2663   -1.786975E-07
 2664   -1.785634E-07
 2665   -1.784294E-07
 2666   -1.807932E-07
 2667   -1.806577E-07
 2668   -1.805223E-07
 2669   -1.803870E-07
 2670   -1.802519E-07
 2671   -1.757440E-07
 2672   -1.756125E-07
 2673   -1.754811E-07
 2674   -1.753499E-07
 2675   -1.752188E-07
 2676   -1.712277E-07
 2677   -1.710998E-07
 2678   -1.709720E-07
 2679   -1.708444E-07
 2680   -1.707169E-07
 2681   -1.729771E-07
 2682   -1.728482E-07
 2683   -1.727193E-07
 2684   -1.725907E-07
 2685   -1.724621E-07
 2686   -1.673213E-07
 2687   -1.671968E-07
 2688   -1.670724E-07
 2689   -1.669482E-07
 2690   -1.668241E-07
 2691   -1.659764E-07
 2692   -1.658531E-07
 2693   -1.657299E-07
 2694   -1.656069E-07
 2695   -1.654840E-07
 2696   -1.540224E-07
 2697   -1.539082E-07
 2698   -1.537941E-07
 2699   -1.536801E-07
 2700   -1.535663E-07
 2701   -1.487218E-07
 2702   -1.486117E-07
 2703   -1.485018E-07
 2704   -1.483920E-07
 2705   -1.482823E-07
 2706   -1.428059E-07
 2707   -1.427004E-07
 2708   -1.425950E-07
 2709   -1.424898E-07
 2710   -1.423846E-07
 2711   -1.376486E-07
 2712   -1.375471E-07
 2713   -1.374457E-07
 2714   -1.373445E-07
 2715   -1.372433E-07
 2716   -1.373196E-07
 2717   -1.372185E-07
 2718   -1.371176E-07
 2719   -1.370167E-07
 2720   -1.369160E-07
 2721   -1.299614E-07
 2722   -1.298660E-07
 2723   -1.297706E-07
 2724   -1.296753E-07
 2725   -1.295802E-07
 2726   -1.310087E-07
 2727   -1.309126E-07
 2728   -1.308166E-07
 2729   -1.307208E-07
 2730   -1.306250E-07
 2731   -1.292031E-07
 2732   -1.291085E-07
 2733   -1.290140E-07
 2734   -1.289197E-07
 2735   -1.288254E-07
 2736   -1.240443E-07
 2737   -1.239537E-07
 2738   -1.238632E-07
 2739   -1.237727E-07
 2740   -1.236824E-07
 2741   -1.237947E-07
 2742   -1.237044E-07
 2743   -1.236143E-07
 2744   -1.235242E-07
 2745   -1.234342E-07
 2746   -1.156507E-07
 2747   -1.155665E-07
 2748   -1.154824E-07
 2749   -1.153984E-07
 2750   -1.153145E-07
 2751   -1.120073E-07
 2752   -1.119259E-07
 2753   -1.118446E-07
 2754   -1.117634E-07
 2755   -1.116823E-07
 2756   -1.071202E-07
 2757   -1.070425E-07
 2758   -1.069649E-07
 2759   -1.068874E-07
 2760   -1.068100E-07
 2761   -1.033106E-07
 2762   -1.032358E-07
 2763   -1.031611E-07
 2764   -1.030865E-07
 2765   -1.030119E-07
 2766   -1.017897E-07
 2767   -1.017161E-07
 2768   -1.016427E-07
 2769   -1.015693E-07
 2770   -1.014959E-07
 2771   -9.736853E-08
 2772   -9.729829E-08
 2773   -9.722813E-08
 2774   -9.715805E-08
 2775   -9.708803E-08
 2776   -9.896596E-08
 2777   -9.889469E-08
 2778   -9.882351E-08
 2779   -9.875240E-08
 2780   -9.868137E-08
 2781   -9.481802E-08
 2782   -9.474987E-08
 2783   -9.468179E-08
 2784   -9.461378E-08
 2785   -9.454585E-08
 2786   -9.418522E-08
 2787   -9.411764E-08
 2788   -9.405014E-08
 2789   -9.398270E-08
 2790   -9.391534E-08
 2791   -9.136387E-08
 2792   -9.129844E-08
 2793   -9.123307E-08
 2794   -9.116778E-08
 2795   -9.110255E-08
 2796   -8.646530E-08
 2797   -8.640348E-08
 2798   -8.634173E-08
 2799   -8.628005E-08
 2800   -8.621843E-08
 2801   -8.231453E-08
 2802   -8.225578E-08
 2803   -8.219710E-08
 2804   -8.213848E-08
 2805   -8.207993E-08
 2806   -7.669879E-08
 2807   -7.664416E-08
 2808   -7.658958E-08
 2809   -7.653505E-08
 2810   -7.648059E-08
 2811   -7.461033E-08
 2812   -7.455728E-08
 2813   -7.450428E-08
 2814   -7.445133E-08
 2815   -7.439845E-08
 2816   -7.356553E-08
 2817   -7.351331E-08
 2818   -7.346114E-08
 2819   -7.340904E-08
 2820   -7.335698E-08
 2821   -7.168414E-08
 2822   -7.163335E-08
 2823   -7.158261E-08
 2824   -7.153192E-08
 2825   -7.148129E-08
 2826   -7.068558E-08
 2827   -7.063558E-08
 2828   -7.058563E-08
 2829   -7.053574E-08
 2830   -7.048590E-08
 2831   -6.912737E-08
 2832   -6.907856E-08
 2833   -6.902981E-08
 2834   -6.898110E-08
 2835   -6.893244E-08
 2836   -6.851420E-08
 2837   -6.846591E-08
 2838   -6.841767E-08
 2839   -6.836948E-08
 2840   -6.832134E-08
 2841   -6.600909E-08
 2842   -6.596264E-08
 2843   -6.591625E-08
 2844   -6.586990E-08
 2845   -6.582360E-08
 2846   -6.315213E-08
 2847   -6.310777E-08
 2848   -6.306346E-08
 2849   -6.301920E-08
 2850   -6.297499E-08
 2851   -5.985952E-08
 2852   -5.981755E-08
 2853   -5.977562E-08
 2854   -5.973374E-08
 2855   -5.969191E-08
 2856   -5.708939E-08
 2857   -5.704943E-08
 2858   -5.700952E-08
 2859   -5.696964E-08
 2860   -5.692981E-08
 2861   -5.562884E-08
 2862   -5.558998E-08
 2863   -5.555115E-08
 2864   -5.551236E-08
 2865   -5.547362E-08
 2866   -5.400854E-08
 2867   -5.397087E-08
 2868   -5.393324E-08
 2869   -5.389565E-08
 2870   -5.385809E-08
 2871   -5.293304E-08
 2872   -5.289618E-08
 2873   -5.285937E-08
 2874   -5.282259E-08
 2875   -5.278585E-08
 2876   -5.131322E-08
 2877   -5.127756E-08
 2878   -5.124193E-08
 2879   -5.120634E-08
 2880   -5.117078E-08
 2881   -5.074373E-08
 2882   -5.070852E-08
 2883   -5.067335E-08
 2884   -5.063822E-08
 2885   -5.060312E-08
 2886   -4.972256E-08
 2887   -4.968812E-08
 2888   -4.965372E-08
 2889   -4.961935E-08
 2890   -4.958502E-08
 2891   -4.825343E-08
 2892   -4.822006E-08
 2893   -4.818673E-08
 2894   -4.815344E-08
 2895   -4.812018E-08
 2896   -4.655849E-08
 2897   -4.652636E-08
 2898   -4.649425E-08
 2899   -4.646218E-08
 2900   -4.643014E-08
 2901   -4.337629E-08
 2902   -4.334640E-08
 2903   -4.331655E-08
 2904   -4.328672E-08
 2905   -4.325692E-08
 2906   -4.156457E-08
 2907   -4.153597E-08
 2908   -4.150741E-08
 2909   -4.147888E-08
 2910   -4.145038E-08
 2911   -3.910548E-08
 2912   -3.907863E-08
 2913   -3.905180E-08
 2914   -3.902500E-08
 2915   -3.899823E-08
 2916   -3.810584E-08
 2917   -3.807972E-08
 2918   -3.805363E-08
 2919   -3.802756E-08
 2920   -3.800152E-08
 2921   -3.814871E-08
 2922   -3.812260E-08
 2923   -3.809652E-08
 2924   -3.807047E-08
 2925   -3.804444E-08
 2926   -3.655112E-08
 2927   -3.652615E-08
 2928   -3.650120E-08
 2929   -3.647628E-08
 2930   -3.645139E-08
 2931   -3.668475E-08
 2932   -3.665973E-08
 2933   -3.663474E-08
 2934   -3.660977E-08
 2935   -3.658482E-08
 2936   -3.548451E-08
 2937   -3.546035E-08
 2938   -3.543622E-08
 2939   -3.541211E-08
 2940   -3.538802E-08
 2941   -3.410086E-08
 2942   -3.407768E-08
 2943   -3.405452E-08
 2944   -3.403139E-08
 2945   -3.400829E-08
 2946   -3.317153E-08
 2947   -3.314903E-08
 2948   -3.312654E-08
 2949   -3.310408E-08
 2950   -3.308164E-08
 2951   -3.031038E-08
 2952   -3.028985E-08
 2953   -3.026934E-08
 2954   -3.024885E-08
 2955   -3.022838E-08
 2956   -2.931687E-08
 2957   -2.929705E-08
 2958   -2.927724E-08
 2959   -2.925746E-08
 2960   -2.923769E-08
 2961   -2.799952E-08
 2962   -2.798062E-08
 2963   -2.796173E-08
 2964   -2.794287E-08
 2965   -2.792402E-08
 2966   -2.737791E-08
 2967   -2.735945E-08
 2968   -2.734102E-08
 2969   -2.732261E-08
 2970   -2.730421E-08
 2971   -2.709181E-08
 2972   -2.707358E-08
 2973   -2.705537E-08
 2974   -2.703718E-08
 2975   -2.701901E-08
 2976   -2.580349E-08
 2977   -2.578616E-08
 2978   -2.576884E-08
 2979   -2.575154E-08
 2980   -2.573426E-08
 2981   -2.617097E-08
 2982   -2.615342E-08
 2983   -2.613588E-08
 2984   -2.611837E-08
 2985   -2.610087E-08
 2986   -2.516711E-08
 2987   -2.515026E-08
 2988   -2.513343E-08
 2989   -2.511662E-08
 2990   -2.509982E-08
 2991   -2.468375E-08
 2992   -2.466725E-08
 2993   -2.465077E-08
 2994   -2.463431E-08
 2995   -2.461786E-08
 2996   -2.333178E-08
 2997   -2.331621E-08
 2998   -2.330066E-08
 2999   -2.328512E-08
 3000   -2.326960E-08
 3001   -2.176767E-08
 3002   -2.175317E-08
 3003   -2.173868E-08
 3004   -2.172421E-08
 3005   -2.170976E-08
 3006   -2.115170E-08
 3007   -2.113764E-08
 3008   -2.112358E-08
 3009   -2.110955E-08
 3010   -2.109552E-08
 3011   -1.993109E-08
 3012   -1.991786E-08
 3013   -1.990464E-08
 3014   -1.989143E-08
 3015   -1.987824E-08
 3016   -1.935325E-08
 3017   -1.934042E-08
 3018   -1.932761E-08
 3019   -1.931481E-08
 3020   -1.930202E-08
 3021   -1.896026E-08
 3022   -1.894771E-08
 3023   -1.893518E-08
 3024   -1.892266E-08
 3025   -1.891015E-08
 3026   -1.836255E-08
 3027   -1.835042E-08
 3028   -1.833830E-08
 3029   -1.832620E-08
 3030   -1.831410E-08
 3031   -1.877115E-08
 3032   -1.875877E-08
 3033   -1.874640E-08
 3034   -1.873404E-08
 3035   -1.872170E-08
 3036   -1.823426E-08
 3037   -1.822225E-08
 3038   -1.821026E-08
 3039   -1.819827E-08
 3040   -1.818630E-08
 3041   -1.805845E-08
 3042   -1.804658E-08
 3043   -1.803472E-08
 3044   -1.802287E-08
 3045   -1.801103E-08
 3046   -1.736006E-08
 3047   -1.734867E-08
 3048   -1.733729E-08
 3049   -1.732592E-08
 3050   -1.731456E-08
 3051   -1.689237E-08
 3052   -1.688131E-08
 3053   -1.687025E-08
 3054   -1.685920E-08
 3055   -1.684817E-08
 3056   -1.642954E-08
 3057   -1.641879E-08
 3058   -1.640805E-08
 3059   -1.639733E-08
 3060   -1.638661E-08
 3061   -1.564816E-08
 3062   -1.563794E-08
 3063   -1.562773E-08
 3064   -1.561753E-08
 3065   -1.560734E-08
 3066   -1.560226E-08
 3067   -1.559209E-08
 3068   -1.558192E-08
 3069   -1.557177E-08
 3070   -1.556163E-08
 3071   -1.519960E-08
 3072   -1.518971E-08
 3073   -1.517983E-08
 3074   -1.516995E-08
 3075   -1.516009E-08
 3076   -1.501454E-08
 3077   -1.500478E-08
 3078   -1.499503E-08
 3079   -1.498529E-08
 3080   -1.497556E-08
 3081   -1.410387E-08
 3082   -1.409472E-08
 3083   -1.408558E-08
 3084   -1.407645E-08
 3085   -1.406732E-08
 3086   -1.311288E-08
 3087   -1.310438E-08
 3088   -1.309590E-08
 3089   -1.308742E-08
 3090   -1.307895E-08
 3091   -1.166656E-08
 3092   -1.165901E-08
 3093   -1.165148E-08
 3094   -1.164395E-08
 3095   -1.163642E-08
 3096   -9.337455E-09
 3097   -9.331426E-09
 3098   -9.325403E-09
 3099   -9.319385E-09
 3100   -9.313374E-09
 3101   -7.022679E-09
 3102   -7.018152E-09
 3103   -7.013629E-09
 3104   -7.009111E-09
 3105   -7.004597E-09
 3106   -4.707878E-09
 3107   -4.704848E-09
 3108   -4.701821E-09
 3109   -4.698797E-09
 3110   -4.695775E-09
 3111   -3.273251E-09
 3112   -3.271148E-09
 3113   -3.269047E-09
 3114   -3.266947E-09
 3115   -3.264850E-09
 3116   -2.245989E-09
 3117   -2.244548E-09
 3118   -2.243108E-09
 3119   -2.241670E-09
 3120   -2.240233E-09
 3121   -1.648970E-09
 3122   -1.647913E-09
 3123   -1.646858E-09
 3124   -1.645804E-09
 3125   -1.644751E-09
 3126   -1.323205E-09
 3127   -1.322359E-09
 3128   -1.321514E-09
 3129   -1.320669E-09
 3130   -1.319825E-09
 3131   -1.095441E-09
 3132   -1.094742E-09
 3133   -1.094043E-09
 3134   -1.093345E-09
 3135   -1.092648E-09
 3136   -9.804060E-10
 3137   -9.797810E-10
 3138   -9.791567E-10
 3139   -9.785329E-10
 3140   -9.779097E-10
 3141   -8.493326E-10
 3142   -8.487921E-10
 3143   -8.482521E-10
 3144   -8.477125E-10
 3145   -8.471735E-10
 3146   -7.552612E-10
 3147   -7.547813E-10
 3148   -7.543018E-10
 3149   -7.538228E-10
 3150   -7.533443E-10
 3151   -6.921863E-10
 3152   -6.917472E-10
 3153   -6.913084E-10
 3154   -6.908701E-10
 3155   -6.904323E-10
 3156   -6.114542E-10
 3157   -6.110669E-10
 3158   -6.106800E-10
 3159   -6.102934E-10
 3160   -6.099072E-10
 3161   -5.637226E-10
 3162   -5.633661E-10
 3163   -5.630100E-10
 3164   -5.626541E-10
 3165   -5.622986E-10
 3166   -5.204907E-10
 3167   -5.201621E-10
 3168   -5.198337E-10
 3169   -5.195057E-10
 3170   -5.191780E-10
 3171   -4.933218E-10
 3172   -4.930108E-10
 3173   -4.927001E-10
 3174   -4.923897E-10
 3175   -4.920796E-10
 3176   -4.655001E-10
 3177   -4.652071E-10
 3178   -4.649144E-10
 3179   -4.646219E-10
 3180   -4.643297E-10
 3181   -4.222204E-10
 3182   -4.219550E-10
 3183   -4.216899E-10
 3184   -4.214251E-10
 3185   -4.211605E-10
 3186   -4.024962E-10
 3187   -4.022436E-10
 3188   -4.019913E-10
 3189   -4.017392E-10
 3190   -4.014874E-10
 3191   -3.648644E-10
 3192   -3.646358E-10
 3193   -3.644075E-10
 3194   -3.641793E-10
 3195   -3.639514E-10
 3196   -3.515558E-10
 3197   -3.513359E-10
 3198   -3.511162E-10
 3199   -3.508967E-10
 3200   -3.506775E-10
 3201   -3.277985E-10
 3202   -3.275938E-10
 3203   -3.273893E-10
 3204   -3.271850E-10
 3205   -3.269808E-10
 3206   -3.045057E-10
 3207   -3.043158E-10
 3208   -3.041261E-10
 3209   -3.039366E-10
 3210   -3.037473E-10
 3211   -2.936616E-10
 3212   -2.934787E-10
 3213   -2.932961E-10
 3214   -2.931136E-10
 3215   -2.929313E-10
 3216   -2.733259E-10
 3217   -2.731560E-10
 3218   -2.729863E-10
 3219   -2.728167E-10
 3220   -2.726473E-10
 3221   -2.630335E-10
 3222   -2.628703E-10
 3223   -2.627072E-10
 3224   -2.625442E-10
 3225   -2.623814E-10
 3226   -2.506136E-10
 3227   -2.504583E-10
 3228   -2.503032E-10
 3229   -2.501481E-10
 3230   -2.499933E-10
 3231   -2.318659E-10
 3232   -2.317225E-10
 3233   -2.315792E-10
 3234   -2.314360E-10
 3235   -2.312929E-10
 3236   -2.282020E-10
 3237   -2.280610E-10
 3238   -2.279202E-10
 3239   -2.277795E-10
 3240   -2.276389E-10
 3241   -2.096673E-10
 3242   -2.095380E-10
 3243   -2.094088E-10
 3244   -2.092797E-10
 3245   -2.091507E-10
 3246   -2.047936E-10
 3247   -2.046675E-10
 3248   -2.045414E-10
 3249   -2.044156E-10
 3250   -2.042898E-10
 3251   -1.931426E-10
 3252   -1.930239E-10
 3253   -1.929052E-10
 3254   -1.927867E-10
 3255   -1.926682E-10
 3256   -1.821080E-10
 3257   -1.819962E-10
 3258   -1.818845E-10
 3259   -1.817729E-10
 3260   -1.816614E-10
 3261   -1.778100E-10
 3262   -1.777010E-10
 3263   -1.775921E-10
 3264   -1.774833E-10
 3265   -1.773746E-10
 3266   -1.630938E-10
 3267   -1.629940E-10
 3268   -1.628943E-10
 3269   -1.627946E-10
 3270   -1.626951E-10
 3271   -1.601509E-10
 3272   -1.600530E-10
 3273   -1.599552E-10
 3274   -1.598575E-10
 3275   -1.597599E-10
 3276   -1.499924E-10
 3277   -1.499009E-10
 3278   -1.498094E-10
 3279   -1.497181E-10
 3280   -1.496268E-10
 3281   -1.438361E-10
 3282   -1.437485E-10
 3283   -1.436609E-10
 3284   -1.435734E-10
 3285   -1.434860E-10
 3286   -1.376433E-10
 3287   -1.375596E-10
 3288   -1.374759E-10
 3289   -1.373924E-10
 3290   -1.373088E-10
 3291   -1.274029E-10
 3292   -1.273255E-10
 3293   -1.272481E-10
 3294   -1.271709E-10
 3295   -1.270937E-10
 3296   -1.261110E-10
 3297   -1.260345E-10
 3298   -1.259581E-10
 3299   -1.258818E-10
 3300   -1.258055E-10
