   50    3.133053E-12
   51    2.312158E-12
   52    2.224092E-12
   53    2.140963E-12
   54    2.062409E-12
   55    1.988100E-12
   56    1.060494E-12
   57    1.023613E-12
   58    9.886231E-13
   59    9.553968E-13
   60    9.238177E-13
   61    5.453379E-13
   62    5.278893E-13
   63    5.112649E-13
   64    4.954137E-13
   65    4.802883E-13
   66    1.455984E-12
   67    1.412848E-12
   68    1.371601E-12
   69    1.332135E-12
   70    1.294348E-12
   71    1.010563E-12
   72    9.826878E-13
   73    9.559505E-13
   74    9.302897E-13
   75    9.056484E-13
   76    1.460904E-12
   77    1.423207E-12
   78    1.386950E-12
   79    1.352061E-12
   80    1.318472E-12
   81    2.095731E-12
   82    2.044929E-12
   83    1.995952E-12
   84    1.948714E-12
   85    1.903133E-12
   86    1.574367E-12
   87    1.538384E-12
   88    1.503620E-12
   89    1.470022E-12
   90    1.437537E-12
   91    1.590974E-12
   92    1.556576E-12
   93    1.523282E-12
   94    1.491045E-12
   95    1.459821E-12
   96    1.142568E-12
   97    1.119132E-12
   98    1.096410E-12
   99    1.074372E-12
  100    1.052993E-12
  101    4.401373E-13
  102    4.315497E-13
  103    4.232109E-13
  104    4.151116E-13
  105    4.072425E-13
  106    2.878967E-13
  107    2.825407E-13
  108    2.773328E-13
  109    2.722676E-13
  110    2.673399E-13
  111    6.748775E-13
  112    6.628801E-13
  113    6.511999E-13
  114    6.398256E-13
  115    6.287468E-13
  116    9.327057E-13
  117    9.168305E-13
  118    9.013571E-13
  119    8.862721E-13
  120    8.715627E-13
  121    1.609482E-12
  122    1.583206E-12
  123    1.557568E-12
  124    1.532548E-12
  125    1.508125E-12
  126    2.071358E-12
  127    2.038867E-12
  128    2.007135E-12
  129    1.976138E-12
  130    1.945853E-12
  131    1.854307E-12
  132    1.826319E-12
  133    1.798959E-12
  134    1.772209E-12
  135    1.746052E-12
  136    1.333757E-12
  137    1.314357E-12
  138    1.295378E-12
  139    1.276806E-12
  140    1.258632E-12
  141    7.385883E-13
  142    7.282224E-13
  143    7.180732E-13
  144    7.081347E-13
  145    6.984011E-13
  146    6.492898E-13
  147    6.404861E-13
  148    6.318602E-13
  149    6.234074E-13
  150    6.151231E-13
  151    1.027916E-12
  152    1.014435E-12
  153    1.001218E-12
  154    9.882579E-13
  155    9.755474E-13
  156    1.087002E-12
  157    1.073199E-12
  158    1.059657E-12
  159    1.046370E-12
  160    1.033332E-12
  161    2.578900E-12
  162    2.547160E-12
  163    2.516003E-12
  164    2.485414E-12
  165    2.455379E-12
  166    2.138801E-12
  167    2.113263E-12
  168    2.088180E-12
  169    2.063542E-12
  170    2.039336E-12
  171    2.481611E-12
  172    2.452839E-12
  173    2.424565E-12
  174    2.396777E-12
  175    2.369464E-12
  176    3.330731E-12
  177    3.293202E-12
  178    3.256304E-12
  179    3.220023E-12
  180    3.184345E-12
  181    1.897632E-12
  182    1.876836E-12
  183    1.856381E-12
  184    1.836258E-12
  185    1.816460E-12
  186    2.107191E-12
  187    2.084715E-12
  188    2.062596E-12
  189    2.040828E-12
  190    2.019402E-12
  191    1.749096E-12
  192    1.730924E-12
  193    1.713033E-12
  194    1.695419E-12
  195    1.678075E-12
  196    1.860792E-12
  197    1.841948E-12
  198    1.823390E-12
  199    1.805111E-12
  200    1.787105E-12
  201    1.748716E-12
  202    1.731445E-12
  203    1.714429E-12
  204    1.697662E-12
  205    1.681140E-12
  206    7.623548E-13
  207    7.550069E-13
  208    7.477647E-13
  209    7.406262E-13
  210    7.335894E-13
  211    8.218253E-14
  212    8.140905E-14
  213    8.064645E-14
  214    7.989451E-14
  215    7.915304E-14
  216    0.000000E+00
  217    0.000000E+00
  218    0.000000E+00
  219    0.000000E+00
  220    0.000000E+00
  221    0.000000E+00
  222    0.000000E+00
  223    0.000000E+00
  224    0.000000E+00
  225    0.000000E+00
  226    3.569148E-14
  227    3.537771E-14
  228    3.506806E-14
  229    3.476246E-14
  230    3.446083E-14
  231    0.000000E+00
  232    0.000000E+00
  233    0.000000E+00
  234    0.000000E+00
  235    0.000000E+00
  236    0.000000E+00
  237    0.000000E+00
  238    0.000000E+00
  239    0.000000E+00
  240    0.000000E+00
  241    0.000000E+00
  242    0.000000E+00
  243    0.000000E+00
  244    0.000000E+00
  245    0.000000E+00
  246    1.316570E-12
  247    1.305931E-12
  248    1.295420E-12
  249    1.285036E-12
  250    1.274777E-12
  251    1.467256E-11
  252    1.455634E-11
  253    1.444150E-11
  254    1.432801E-11
  255    1.421586E-11
  256    2.231056E-11
  257    2.213727E-11
  258    2.196600E-11
  259    2.179670E-11
  260    2.162936E-11
  261    4.334852E-11
  262    4.301824E-11
  263    4.269173E-11
  264    4.236892E-11
  265    4.204976E-11
  266    3.685515E-11
  267    3.657960E-11
  268    3.630712E-11
  269    3.603769E-11
  270    3.577124E-11
  271    7.526037E-11
  272    7.470800E-11
  273    7.416169E-11
  274    7.362136E-11
  275    7.308691E-11
  276    1.573945E-10
  277    1.562601E-10
  278    1.551380E-10
  279    1.540279E-10
  280    1.529297E-10
  281    6.917446E-10
  282    6.868473E-10
  283    6.820018E-10
  284    6.772075E-10
  285    6.724635E-10
  286    1.234093E-09
  287    1.225508E-09
  288    1.217013E-09
  289    1.208605E-09
  290    1.200284E-09
  291    2.010972E-09
  292    1.997222E-09
  293    1.983612E-09
  294    1.970142E-09
  295    1.956807E-09
  296    2.889324E-09
  297    2.869900E-09
  298    2.850672E-09
  299    2.831636E-09
  300    2.812790E-09
  301    3.414389E-09
  302    3.391815E-09
  303    3.369464E-09
  304    3.347333E-09
  305    3.325419E-09
  306    5.267583E-09
  307    5.233322E-09
  308    5.199395E-09
  309    5.165797E-09
  310    5.132523E-09
  311    5.184822E-09
  312    5.151639E-09
  313    5.118774E-09
  314    5.086222E-09
  315    5.053980E-09
  316    6.839371E-09
  317    6.796288E-09
  318    6.753612E-09
  319    6.711336E-09
  320    6.669456E-09
  321    8.311367E-09
  322    8.259824E-09
  323    8.208758E-09
  324    8.158165E-09
  325    8.108039E-09
  326    7.997891E-09
  327    7.949050E-09
  328    7.900654E-09
  329    7.852699E-09
  330    7.805179E-09
  331    1.066472E-08
  332    1.060057E-08
  333    1.053700E-08
  334    1.047400E-08
  335    1.041156E-08
  336    9.972810E-09
  337    9.913712E-09
  338    9.855138E-09
  339    9.797082E-09
  340    9.739537E-09
  341    1.338174E-08
  342    1.330360E-08
  343    1.322614E-08
  344    1.314936E-08
  345    1.307324E-08
  346    1.405383E-08
  347    1.397295E-08
  348    1.389276E-08
  349    1.381326E-08
  350    1.373444E-08
  351    1.400251E-08
  352    1.392306E-08
  353    1.384429E-08
  354    1.376619E-08
  355    1.368874E-08
  356    1.775793E-08
  357    1.765859E-08
  358    1.756008E-08
  359    1.746239E-08
  360    1.736551E-08
  361    1.683157E-08
  362    1.673870E-08
  363    1.664661E-08
  364    1.655527E-08
  365    1.646468E-08
  366    2.014458E-08
  367    2.003495E-08
  368    1.992621E-08
  369    1.981836E-08
  370    1.971138E-08
  371    2.009348E-08
  372    1.998560E-08
  373    1.987858E-08
  374    1.977242E-08
  375    1.966711E-08
  376    2.260582E-08
  377    2.248606E-08
  378    2.236724E-08
  379    2.224936E-08
  380    2.213241E-08
  381    2.565333E-08
  382    2.551920E-08
  383    2.538611E-08
  384    2.525407E-08
  385    2.512305E-08
  386    2.428421E-08
  387    2.415888E-08
  388    2.403451E-08
  389    2.391109E-08
  390    2.378863E-08
  391    2.933017E-08
  392    2.918072E-08
  393    2.903241E-08
  394    2.888522E-08
  395    2.873915E-08
  396    2.850043E-08
  397    2.835703E-08
  398    2.821471E-08
  399    2.807346E-08
  400    2.793327E-08
  401    3.341227E-08
  402    3.324624E-08
  403    3.308145E-08
  404    3.291789E-08
  405    3.275553E-08
  406    3.533853E-08
  407    3.516509E-08
  408    3.499293E-08
  409    3.482202E-08
  410    3.465236E-08
  411    3.640408E-08
  412    3.622757E-08
  413    3.605235E-08
  414    3.587839E-08
  415    3.570570E-08
  416    4.000793E-08
  417    3.981628E-08
  418    3.962600E-08
  419    3.943708E-08
  420    3.924951E-08
  421    4.310162E-08
  422    4.289759E-08
  423    4.269501E-08
  424    4.249385E-08
  425    4.229412E-08
  426    4.796261E-08
  427    4.773822E-08
  428    4.751541E-08
  429    4.729415E-08
  430    4.707443E-08
  431    5.228226E-08
  432    5.204049E-08
  433    5.180040E-08
  434    5.156196E-08
  435    5.132517E-08
  436    5.756284E-08
  437    5.729970E-08
  438    5.703835E-08
  439    5.677879E-08
  440    5.652100E-08
  441    5.890095E-08
  442    5.863473E-08
  443    5.837031E-08
  444    5.810768E-08
  445    5.784682E-08
  446    6.579040E-08
  447    6.549637E-08
  448    6.520430E-08
  449    6.491418E-08
  450    6.462599E-08
  451    7.101018E-08
  452    7.069632E-08
  453    7.038454E-08
  454    7.007482E-08
  455    6.976713E-08
  456    7.945374E-08
  457    7.910640E-08
  458    7.876134E-08
  459    7.841853E-08
  460    7.807795E-08
  461    8.489114E-08
  462    8.452405E-08
  463    8.415933E-08
  464    8.379696E-08
  465    8.343693E-08
  466    8.317936E-08
  467    8.282352E-08
  468    8.246995E-08
  469    8.211864E-08
  470    8.176957E-08
  471    1.026720E-07
  472    1.022374E-07
  473    1.018056E-07
  474    1.013765E-07
  475    1.009501E-07
  476    1.038386E-07
  477    1.034036E-07
  478    1.029714E-07
  479    1.025419E-07
  480    1.021151E-07
  481    1.207283E-07
  482    1.202279E-07
  483    1.197306E-07
  484    1.192363E-07
  485    1.187451E-07
  486    1.206259E-07
  487    1.201310E-07
  488    1.196392E-07
  489    1.191504E-07
  490    1.186646E-07
  491    1.217918E-07
  492    1.212973E-07
  493    1.208057E-07
  494    1.203171E-07
  495    1.198314E-07
  496    1.441849E-07
  497    1.436053E-07
  498    1.430291E-07
  499    1.424564E-07
  500    1.418872E-07
  501    1.386594E-07
  502    1.381076E-07
  503    1.375590E-07
  504    1.370136E-07
  505    1.364716E-07
  506    1.629375E-07
  507    1.622954E-07
  508    1.616571E-07
  509    1.610225E-07
  510    1.603917E-07
  511    1.667401E-07
  512    1.660894E-07
  513    1.654425E-07
  514    1.647994E-07
  515    1.641600E-07
  516    1.757488E-07
  517    1.750696E-07
  518    1.743943E-07
  519    1.737229E-07
  520    1.730554E-07
  521    2.004204E-07
  522    1.996532E-07
  523    1.988905E-07
  524    1.981321E-07
  525    1.973780E-07
  526    1.828416E-07
  527    1.821483E-07
  528    1.814590E-07
  529    1.807736E-07
  530    1.800921E-07
  531    2.274278E-07
  532    2.265736E-07
  533    2.257242E-07
  534    2.248796E-07
  535    2.240397E-07
  536    2.248807E-07
  537    2.240439E-07
  538    2.232118E-07
  539    2.223843E-07
  540    2.215614E-07
  541    2.581961E-07
  542    2.572442E-07
  543    2.562976E-07
  544    2.553562E-07
  545    2.544200E-07
  546    2.684897E-07
  547    2.675089E-07
  548    2.665335E-07
  549    2.655634E-07
  550    2.645986E-07
  551    2.646919E-07
  552    2.637337E-07
  553    2.627808E-07
  554    2.618329E-07
  555    2.608903E-07
  556    3.200757E-07
  557    3.189275E-07
  558    3.177854E-07
  559    3.166494E-07
  560    3.155196E-07
  561    3.073512E-07
  562    3.062584E-07
  563    3.051714E-07
  564    3.040902E-07
  565    3.030148E-07
  566    3.575593E-07
  567    3.562992E-07
  568    3.550458E-07
  569    3.537989E-07
  570    3.525586E-07
  571    3.545665E-07
  572    3.533278E-07
  573    3.520957E-07
  574    3.508699E-07
  575    3.496506E-07
  576    3.987153E-07
  577    3.973344E-07
  578    3.959608E-07
  579    3.945942E-07
  580    3.932347E-07
  581    4.197407E-07
  582    4.182995E-07
  583    4.168658E-07
  584    4.154394E-07
  585    4.140203E-07
  586    4.259816E-07
  587    4.245314E-07
  588    4.230887E-07
  589    4.216533E-07
  590    4.202251E-07
  591    4.831213E-07
  592    4.814906E-07
  593    4.798680E-07
  594    4.782537E-07
  595    4.766474E-07
  596    4.870566E-07
  597    4.854263E-07
  598    4.838042E-07
  599    4.821901E-07
  600    4.805842E-07
  601    5.346804E-07
  602    5.329055E-07
  603    5.311395E-07
  604    5.293822E-07
  605    5.276336E-07
  606    5.385862E-07
  607    5.368130E-07
  608    5.350487E-07
  609    5.332930E-07
  610    5.315459E-07
  611    5.426521E-07
  612    5.408801E-07
  613    5.391169E-07
  614    5.373622E-07
  615    5.356161E-07
  616    6.410065E-07
  617    6.389304E-07
  618    6.368644E-07
  619    6.348083E-07
  620    6.327622E-07
  621    6.232439E-07
  622    6.212415E-07
  623    6.192487E-07
  624    6.172656E-07
  625    6.152919E-07
  626    7.001230E-07
  627    6.978916E-07
  628    6.956708E-07
  629    6.934605E-07
  630    6.912608E-07
  631    6.904109E-07
  632    6.882278E-07
  633    6.860550E-07
  634    6.838925E-07
  635    6.817403E-07
  636    7.376259E-07
  637    7.353117E-07
  638    7.330085E-07
  639    7.307161E-07
  640    7.284344E-07
  641    8.205457E-07
  642    8.179915E-07
  643    8.154492E-07
  644    8.129187E-07
  645    8.103999E-07
  646    7.883041E-07
  647    7.858692E-07
  648    7.834455E-07
  649    7.810330E-07
  650    7.786317E-07
  651    9.030847E-07
  652    9.003166E-07
  653    8.975613E-07
  654    8.948185E-07
  655    8.920883E-07
  656    9.014840E-07
  657    8.987418E-07
  658    8.960122E-07
  659    8.932949E-07
  660    8.905900E-07
  661    9.621914E-07
  662    9.592866E-07
  663    9.563950E-07
  664    9.535165E-07
  665    9.506509E-07
  666    1.014368E-06
  667    1.011328E-06
  668    1.008303E-06
  669    1.005291E-06
  670    1.002292E-06
  671    9.919641E-07
  672    9.890140E-07
  673    9.860771E-07
  674    9.831532E-07
  675    9.802423E-07
  676    1.153807E-06
  677    1.150401E-06
  678    1.147010E-06
  679    1.143634E-06
  680    1.140273E-06
  681    1.109990E-06
  682    1.106737E-06
  683    1.103499E-06
  684    1.100274E-06
  685    1.097064E-06
  686    1.257784E-06
  687    1.254125E-06
  688    1.250482E-06
  689    1.246854E-06
  690    1.243243E-06
  691    1.263361E-06
  692    1.259712E-06
  693    1.256080E-06
  694    1.252462E-06
  695    1.248861E-06
  696    1.293720E-06
  697    1.290010E-06
  698    1.286317E-06
  699    1.282639E-06
  700    1.278977E-06
  701    1.424179E-06
  702    1.420125E-06
  703    1.416087E-06
  704    1.412067E-06
  705    1.408064E-06
  706    1.337826E-06
  707    1.334044E-06
  708    1.330278E-06
  709    1.326528E-06
  710    1.322794E-06
  711    1.509097E-06
  712    1.504861E-06
  713    1.500643E-06
  714    1.496443E-06
  715    1.492260E-06
  716    1.501528E-06
  717    1.497342E-06
  718    1.493175E-06
  719    1.489024E-06
  720    1.484891E-06
  721    1.625593E-06
  722    1.621093E-06
  723    1.616612E-06
  724    1.612149E-06
  725    1.607705E-06
  726    1.662879E-06
  727    1.658308E-06
  728    1.653755E-06
  729    1.649221E-06
  730    1.644706E-06
  731    1.640940E-06
  732    1.636459E-06
  733    1.631997E-06
  734    1.627553E-06
  735    1.623128E-06
  736    1.786634E-06
  737    1.781789E-06
  738    1.776964E-06
  739    1.772158E-06
  740    1.767371E-06
  741    1.805641E-06
  742    1.800778E-06
  743    1.795934E-06
  744    1.791109E-06
  745    1.786304E-06
  746    1.933659E-06
  747    1.928485E-06
  748    1.923332E-06
  749    1.918200E-06
  750    1.913088E-06
  751    2.002091E-06
  752    1.996769E-06
  753    1.991469E-06
  754    1.986191E-06
  755    1.980933E-06
  756    1.928168E-06
  757    1.923077E-06
  758    1.918006E-06
  759    1.912956E-06
  760    1.907925E-06
  761    2.274420E-06
  762    2.268454E-06
  763    2.262512E-06
  764    2.256593E-06
  765    2.250697E-06
  766    2.180924E-06
  767    2.175241E-06
  768    2.169580E-06
  769    2.163941E-06
  770    2.158324E-06
  771    2.308540E-06
  772    2.302564E-06
  773    2.296610E-06
  774    2.290679E-06
  775    2.284772E-06
  776    2.373549E-06
  777    2.367443E-06
  778    2.361361E-06
  779    2.355302E-06
  780    2.349267E-06
  781    2.499396E-06
  782    2.493008E-06
  783    2.486644E-06
  784    2.480305E-06
  785    2.473990E-06
  786    2.579456E-06
  787    2.572905E-06
  788    2.566379E-06
  789    2.559878E-06
  790    2.553401E-06
  791    2.587880E-06
  792    2.581349E-06
  793    2.574843E-06
  794    2.568361E-06
  795    2.561904E-06
  796    2.729530E-06
  797    2.722685E-06
  798    2.715866E-06
  799    2.709072E-06
  800    2.702303E-06
  801    2.700975E-06
  802    2.694244E-06
  803    2.687538E-06
  804    2.680856E-06
  805    2.674200E-06
  806    2.826914E-06
  807    2.819912E-06
  808    2.812936E-06
  809    2.805986E-06
  810    2.799062E-06
  811    2.845399E-06
  812    2.838395E-06
  813    2.831416E-06
  814    2.824464E-06
  815    2.817537E-06
  816    2.886435E-06
  817    2.879374E-06
  818    2.872338E-06
  819    2.865328E-06
  820    2.858344E-06
  821    3.039471E-06
  822    3.032080E-06
  823    3.024716E-06
  824    3.017379E-06
  825    3.010069E-06
  826    3.128247E-06
  827    3.120686E-06
  828    3.113153E-06
  829    3.105647E-06
  830    3.098168E-06
  831    3.299572E-06
  832    3.291645E-06
  833    3.283747E-06
  834    3.275877E-06
  835    3.268035E-06
  836    3.266420E-06
  837    3.258619E-06
  838    3.250847E-06
  839    3.243102E-06
  840    3.235385E-06
  841    3.326112E-06
  842    3.318216E-06
  843    3.310348E-06
  844    3.302509E-06
  845    3.294697E-06
  846    3.613773E-06
  847    3.605244E-06
  848    3.596747E-06
  849    3.588279E-06
  850    3.579841E-06
  851    3.481225E-06
  852    3.473058E-06
  853    3.464920E-06
  854    3.456810E-06
  855    3.448729E-06
  856    3.731953E-06
  857    3.723249E-06
  858    3.714575E-06
  859    3.705932E-06
  860    3.697318E-06
  861    3.647061E-06
  862    3.638604E-06
  863    3.630176E-06
  864    3.621778E-06
  865    3.613409E-06
  866    4.013902E-06
  867    4.004648E-06
  868    3.995426E-06
  869    3.986236E-06
  870    3.977077E-06
  871    4.103193E-06
  872    4.093787E-06
  873    4.084414E-06
  874    4.075073E-06
  875    4.065764E-06
  876    4.066839E-06
  877    4.057570E-06
  878    4.048332E-06
  879    4.039126E-06
  880    4.029952E-06
  881    4.305015E-06
  882    4.295258E-06
  883    4.285535E-06
  884    4.275845E-06
  885    4.266187E-06
  886    4.264368E-06
  887    4.254758E-06
  888    4.245181E-06
  889    4.235636E-06
  890    4.226123E-06
  891    4.464369E-06
  892    4.454365E-06
  893    4.444394E-06
  894    4.434457E-06
  895    4.424553E-06
  896    4.459266E-06
  897    4.449329E-06
  898    4.439425E-06
  899    4.429554E-06
  900    4.419716E-06
  901    4.423977E-06
  902    4.414173E-06
  903    4.404402E-06
  904    4.394663E-06
  905    4.384957E-06
  906    4.746429E-06
  907    4.735969E-06
  908    4.725543E-06
  909    4.715152E-06
  910    4.704794E-06
  911    4.566487E-06
  912    4.556479E-06
  913    4.546503E-06
  914    4.536560E-06
  915    4.526649E-06
  916    4.978295E-06
  917    4.967443E-06
  918    4.956626E-06
  919    4.945845E-06
  920    4.935099E-06
  921    4.768640E-06
  922    4.758302E-06
  923    4.747997E-06
  924    4.737725E-06
  925    4.727487E-06
  926    4.940388E-06
  927    4.929735E-06
  928    4.919116E-06
  929    4.908532E-06
  930    4.897981E-06
  931    5.299406E-06
  932    5.288040E-06
  933    5.276710E-06
  934    5.265417E-06
  935    5.254160E-06
  936    4.914408E-06
  937    4.903924E-06
  938    4.893473E-06
  939    4.883056E-06
  940    4.872672E-06
  941    5.307570E-06
  942    5.296307E-06
  943    5.285080E-06
  944    5.273889E-06
  945    5.262733E-06
  946    5.176720E-06
  947    5.165793E-06
  948    5.154900E-06
  949    5.144042E-06
  950    5.133218E-06
  951    5.343621E-06
  952    5.332401E-06
  953    5.321216E-06
  954    5.310066E-06
  955    5.298951E-06
  956    5.331003E-06
  957    5.319868E-06
  958    5.308767E-06
  959    5.297702E-06
  960    5.286671E-06
  961    5.194738E-06
  962    5.183944E-06
  963    5.173183E-06
  964    5.162456E-06
  965    5.151762E-06
  966    5.726953E-06
  967    5.715114E-06
  968    5.703312E-06
  969    5.691547E-06
  970    5.679818E-06
  971    5.386158E-06
  972    5.375081E-06
  973    5.364038E-06
  974    5.353029E-06
  975    5.342054E-06
  976    5.938100E-06
  977    5.925951E-06
  978    5.913838E-06
  979    5.901763E-06
  980    5.889725E-06
  981    5.902633E-06
  982    5.890617E-06
  983    5.878638E-06
  984    5.866696E-06
  985    5.854790E-06
  986    5.820185E-06
  987    5.808397E-06
  988    5.796645E-06
  989    5.784929E-06
  990    5.773248E-06
  991    6.126575E-06
  992    6.114230E-06
  993    6.101921E-06
  994    6.089650E-06
  995    6.077416E-06
  996    5.940694E-06
  997    5.928783E-06
  998    5.916907E-06
  999    5.905068E-06
 1000    5.893263E-06
 1001    6.102414E-06
 1002    6.090239E-06
 1003    6.078101E-06
 1004    6.066000E-06
 1005    6.053934E-06
 1006    5.999676E-06
 1007    5.987766E-06
 1008    5.975892E-06
 1009    5.964052E-06
 1010    5.952248E-06
 1011    6.074611E-06
 1012    6.062611E-06
 1013    6.050648E-06
 1014    6.038719E-06
 1015    6.026826E-06
 1016    6.634208E-06
 1017    6.621167E-06
 1018    6.608166E-06
 1019    6.595202E-06
 1020    6.582277E-06
 1021    6.291847E-06
 1022    6.279540E-06
 1023    6.267270E-06
 1024    6.255035E-06
 1025    6.242836E-06
 1026    6.535628E-06
 1027    6.522907E-06
 1028    6.510223E-06
 1029    6.497575E-06
 1030    6.484965E-06
 1031    6.602927E-06
 1032    6.590137E-06
 1033    6.577384E-06
 1034    6.564668E-06
 1035    6.551989E-06
 1036    6.719822E-06
 1037    6.706869E-06
 1038    6.693952E-06
 1039    6.681073E-06
 1040    6.668231E-06
 1041    7.030577E-06
 1042    7.017089E-06
 1043    7.003640E-06
 1044    6.990230E-06
 1045    6.976857E-06
 1046    6.877784E-06
 1047    6.864652E-06
 1048    6.851558E-06
 1049    6.838501E-06
 1050    6.825482E-06
 1051    7.028515E-06
 1052    7.015159E-06
 1053    7.001841E-06
 1054    6.988561E-06
 1055    6.975319E-06
 1056    6.959735E-06
 1057    6.946573E-06
 1058    6.933447E-06
 1059    6.920359E-06
 1060    6.907308E-06
 1061    7.147216E-06
 1062    7.133763E-06
 1063    7.120347E-06
 1064    7.106969E-06
 1065    7.093629E-06
 1066    7.403549E-06
 1067    7.389678E-06
 1068    7.375846E-06
 1069    7.362053E-06
 1070    7.348299E-06
 1071    7.543093E-06
 1072    7.529027E-06
 1073    7.515000E-06
 1074    7.501012E-06
 1075    7.487063E-06
 1076    7.366259E-06
 1077    7.352586E-06
 1078    7.338951E-06
 1079    7.325354E-06
 1080    7.311795E-06
 1081    7.886639E-06
 1082    7.872068E-06
 1083    7.857537E-06
 1084    7.843046E-06
 1085    7.828596E-06
 1086    7.817761E-06
 1087    7.803383E-06
 1088    7.789045E-06
 1089    7.774747E-06
 1090    7.760488E-06
 1091    7.735617E-06
 1092    7.721456E-06
 1093    7.707333E-06
 1094    7.693250E-06
 1095    7.679204E-06
 1096    7.924231E-06
 1097    7.909790E-06
 1098    7.895389E-06
 1099    7.881027E-06
 1100    7.866705E-06
 1101    8.137112E-06
 1102    8.122351E-06
 1103    8.107630E-06
 1104    8.092949E-06
 1105    8.078308E-06
 1106    7.953695E-06
 1107    7.939332E-06
 1108    7.925008E-06
 1109    7.910722E-06
 1110    7.896475E-06
 1111    8.298853E-06
 1112    8.283934E-06
 1113    8.269054E-06
 1114    8.254215E-06
 1115    8.239416E-06
 1116    8.430175E-06
 1117    8.415087E-06
 1118    8.400040E-06
 1119    8.385033E-06
 1120    8.370067E-06
 1121    9.125387E-06
 1122    9.109128E-06
 1123    9.092912E-06
 1124    9.076740E-06
 1125    9.060611E-06
 1126    8.842211E-06
 1127    8.826526E-06
 1128    8.810883E-06
 1129    8.795282E-06
 1130    8.779722E-06
 1131    9.288375E-06
 1132    9.271972E-06
 1133    9.255612E-06
 1134    9.239295E-06
 1135    9.223022E-06
 1136    9.413893E-06
 1137    9.397341E-06
 1138    9.380833E-06
 1139    9.364368E-06
 1140    9.347947E-06
 1141    9.516065E-06
 1142    9.499406E-06
 1143    9.482792E-06
 1144    9.466221E-06
 1145    9.449693E-06
 1146    9.671796E-06
 1147    9.654938E-06
 1148    9.638125E-06
 1149    9.621356E-06
 1150    9.604631E-06
 1151    8.838528E-06
 1152    8.823190E-06
 1153    8.807892E-06
 1154    8.792634E-06
 1155    8.777415E-06
 1156    8.831705E-06
 1157    8.816445E-06
 1158    8.801224E-06
 1159    8.786043E-06
 1160    8.770902E-06
 1161    8.679837E-06
 1162    8.664904E-06
 1163    8.650009E-06
 1164    8.635153E-06
 1165    8.620335E-06
 1166    9.280268E-06
 1167    9.264370E-06
 1168    9.248513E-06
 1169    9.232697E-06
 1170    9.216921E-06
 1171    1.071025E-05
 1172    1.069198E-05
 1173    1.067376E-05
 1174    1.065559E-05
 1175    1.063746E-05
 1176    1.121442E-05
 1177    1.119538E-05
 1178    1.117638E-05
 1179    1.115743E-05
 1180    1.113852E-05
 1181    1.321508E-05
 1182    1.319273E-05
 1183    1.317043E-05
 1184    1.314819E-05
 1185    1.312601E-05
 1186    1.443682E-05
 1187    1.441251E-05
 1188    1.438825E-05
 1189    1.436406E-05
 1190    1.433993E-05
 1191    1.479270E-05
 1192    1.476789E-05
 1193    1.474314E-05
 1194    1.471846E-05
 1195    1.469383E-05
 1196    1.585788E-05
 1197    1.583140E-05
 1198    1.580498E-05
 1199    1.577863E-05
 1200    1.575234E-05
 1201    1.625415E-05
 1202    1.622711E-05
 1203    1.620015E-05
 1204    1.617325E-05
 1205    1.614641E-05
 1206    1.801943E-05
 1207    1.798959E-05
 1208    1.795982E-05
 1209    1.793012E-05
 1210    1.790049E-05
 1211    1.877121E-05
 1212    1.874025E-05
 1213    1.870936E-05
 1214    1.867855E-05
 1215    1.864782E-05
 1216    1.986456E-05
 1217    1.983193E-05
 1218    1.979938E-05
 1219    1.976691E-05
 1220    1.973451E-05
 1221    2.096031E-05
 1222    2.092602E-05
 1223    2.089181E-05
 1224    2.085769E-05
 1225    2.082365E-05
 1226    1.918366E-05
 1227    1.915241E-05
 1228    1.912122E-05
 1229    1.909012E-05
 1230    1.905909E-05
 1231    1.876700E-05
 1232    1.873655E-05
 1233    1.870617E-05
 1234    1.867586E-05
 1235    1.864563E-05
 1236    1.522344E-05
 1237    1.519884E-05
 1238    1.517429E-05
 1239    1.514981E-05
 1240    1.512538E-05
 1241    1.124634E-05
 1242    1.122824E-05
 1243    1.121018E-05
 1244    1.119217E-05
 1245    1.117419E-05
 1246    5.644430E-06
 1247    5.635380E-06
 1248    5.626353E-06
 1249    5.617347E-06
 1250    5.608363E-06
 1251   -1.654200E-06
 1252   -1.651559E-06
 1253   -1.648923E-06
 1254   -1.646295E-06
 1255   -1.643672E-06
 1256   -8.965875E-06
 1257   -8.951615E-06
 1258   -8.937389E-06
 1259   -8.923198E-06
 1260   -8.909039E-06
 1261   -1.308165E-05
 1262   -1.306093E-05
 1263   -1.304025E-05
 1264   -1.301963E-05
 1265   -1.299905E-05
 1266   -1.537889E-05
 1267   -1.535463E-05
 1268   -1.533042E-05
 1269   -1.530626E-05
 1270   -1.528217E-05
 1271   -1.232649E-05
 1272   -1.230712E-05
 1273   -1.228779E-05
 1274   -1.226851E-05
 1275   -1.224927E-05
 1276   -7.878074E-07
 1277   -7.865740E-07
 1278   -7.853436E-07
 1279   -7.841160E-07
 1280   -7.828913E-07
 1281    2.041179E-05
 1282    2.037996E-05
 1283    2.034820E-05
 1284    2.031652E-05
 1285    2.028491E-05
 1286    5.213993E-05
 1287    5.205894E-05
 1288    5.197813E-05
 1289    5.189751E-05
 1290    5.181708E-05
 1291    9.969514E-05
 1292    9.954087E-05
 1293    9.938696E-05
 1294    9.923341E-05
 1295    9.908021E-05
 1296    1.521217E-04
 1297    1.518872E-04
 1298    1.516532E-04
 1299    1.514198E-04
 1300    1.511870E-04
 1301    2.159619E-04
 1302    2.156303E-04
 1303    2.152994E-04
 1304    2.149693E-04
 1305    2.146400E-04
 1306    2.725230E-04
 1307    2.721061E-04
 1308    2.716902E-04
 1309    2.712753E-04
 1310    2.708613E-04
 1311    3.182757E-04
 1312    3.177907E-04
 1313    3.173068E-04
 1314    3.168241E-04
 1315    3.163424E-04
 1316    3.522334E-04
 1317    3.516987E-04
 1318    3.511653E-04
 1319    3.506330E-04
 1320    3.501019E-04
 1321    3.413339E-04
 1322    3.408177E-04
 1323    3.403027E-04
 1324    3.397888E-04
 1325    3.392762E-04
 1326    2.918867E-04
 1327    2.914469E-04
 1328    2.910082E-04
 1329    2.905704E-04
 1330    2.901336E-04
 1331    1.589008E-04
 1332    1.586623E-04
 1333    1.584243E-04
 1334    1.581869E-04
 1335    1.579500E-04
 1336   -8.455262E-05
 1337   -8.442619E-05
 1338   -8.430004E-05
 1339   -8.417417E-05
 1340   -8.404859E-05
 1341   -4.795096E-04
 1342   -4.787952E-04
 1343   -4.780825E-04
 1344   -4.773713E-04
 1345   -4.766617E-04
 1346   -1.000002E-03
 1347   -9.985175E-04
 1348   -9.970366E-04
 1349   -9.955589E-04
 1350   -9.940846E-04
 1351   -1.599434E-03
 1352   -1.597069E-03
 1353   -1.594709E-03
 1354   -1.592354E-03
 1355   -1.590005E-03
 1356   -2.081759E-03
 1357   -2.078692E-03
 1358   -2.075632E-03
 1359   -2.072578E-03
 1360   -2.069531E-03
 1361   -2.333513E-03
 1362   -2.330087E-03
 1363   -2.326669E-03
 1364   -2.323259E-03
 1365   -2.319856E-03
 1366   -2.381392E-03
 1367   -2.377909E-03
 1368   -2.374434E-03
 1369   -2.370967E-03
 1370   -2.367507E-03
 1371   -2.205093E-03
 1372   -2.201880E-03
 1373   -2.198674E-03
 1374   -2.195474E-03
 1375   -2.192282E-03
 1376   -1.756538E-03
 1377   -1.753987E-03
 1378   -1.751443E-03
 1379   -1.748903E-03
 1380   -1.746370E-03
 1381   -6.230630E-04
 1382   -6.221616E-04
 1383   -6.212622E-04
 1384   -6.203648E-04
 1385   -6.194693E-04
 1386    1.336782E-03
 1387    1.334855E-03
 1388    1.332932E-03
 1389    1.331014E-03
 1390    1.329099E-03
 1391    4.354841E-03
 1392    4.348586E-03
 1393    4.342345E-03
 1394    4.336117E-03
 1395    4.329903E-03
 1396    9.023100E-03
 1397    9.010186E-03
 1398    8.997301E-03
 1399    8.984443E-03
 1400    8.971613E-03
 1401    1.415378E-02
 1402    1.413360E-02
 1403    1.411345E-02
 1404    1.409336E-02
 1405    1.407330E-02
 1406    1.809288E-02
 1407    1.806717E-02
 1408    1.804151E-02
 1409    1.801592E-02
 1410    1.799037E-02
 1411    2.135667E-02
 1412    2.132643E-02
 1413    2.129625E-02
 1414    2.126614E-02
 1415    2.123609E-02
 1416    2.265899E-02
 1417    2.262702E-02
 1418    2.259512E-02
 1419    2.256329E-02
 1420    2.253152E-02
 1421    2.364998E-02
 1422    2.361673E-02
 1423    2.358354E-02
 1424    2.355043E-02
 1425    2.351739E-02
 1426    2.431516E-02
 1427    2.428109E-02
 1428    2.424710E-02
 1429    2.421317E-02
 1430    2.417932E-02
 1431    2.295081E-02
 1432    2.291876E-02
 1433    2.288679E-02
 1434    2.285488E-02
 1435    2.282304E-02
 1436    2.148188E-02
 1437    2.145199E-02
 1438    2.142216E-02
 1439    2.139240E-02
 1440    2.136270E-02
 1441    1.810554E-02
 1442    1.808044E-02
 1443    1.805539E-02
 1444    1.803039E-02
 1445    1.800544E-02
 1446    1.376256E-02
 1447    1.374354E-02
 1448    1.372457E-02
 1449    1.370563E-02
 1450    1.368673E-02
 1451    8.621891E-03
 1452    8.610019E-03
 1453    8.598172E-03
 1454    8.586349E-03
 1455    8.574550E-03
 1456    3.995421E-03
 1457    3.989938E-03
 1458    3.984467E-03
 1459    3.979007E-03
 1460    3.973558E-03
 1461    9.404535E-04
 1462    9.391674E-04
 1463    9.378840E-04
 1464    9.366032E-04
 1465    9.353250E-04
 1466   -1.029860E-03
 1467   -1.028457E-03
 1468   -1.027056E-03
 1469   -1.025658E-03
 1470   -1.024263E-03
 1471   -2.134824E-03
 1472   -2.131924E-03
 1473   -2.129030E-03
 1474   -2.126143E-03
 1475   -2.123261E-03
 1476   -2.556973E-03
 1477   -2.553512E-03
 1478   -2.550058E-03
 1479   -2.546611E-03
 1480   -2.543170E-03
 1481   -2.769700E-03
 1482   -2.765963E-03
 1483   -2.762234E-03
 1484   -2.758513E-03
 1485   -2.754799E-03
 1486   -2.751783E-03
 1487   -2.748083E-03
 1488   -2.744390E-03
 1489   -2.740706E-03
 1490   -2.737028E-03
 1491   -2.360945E-03
 1492   -2.357781E-03
 1493   -2.354624E-03
 1494   -2.351473E-03
 1495   -2.348328E-03
 1496   -1.842548E-03
 1497   -1.840087E-03
 1498   -1.837631E-03
 1499   -1.835180E-03
 1500   -1.832734E-03
 1501   -1.191722E-03
 1502   -1.190136E-03
 1503   -1.188553E-03
 1504   -1.186973E-03
 1505   -1.185396E-03
 1506   -6.061222E-04
 1507   -6.053181E-04
 1508   -6.045155E-04
 1509   -6.037146E-04
 1510   -6.029152E-04
 1511   -1.797620E-04
 1512   -1.795243E-04
 1513   -1.792871E-04
 1514   -1.790503E-04
 1515   -1.788140E-04
 1516    8.917068E-05
 1517    8.905315E-05
 1518    8.893586E-05
 1519    8.881880E-05
 1520    8.870198E-05
 1521    2.330033E-04
 1522    2.326972E-04
 1523    2.323917E-04
 1524    2.320868E-04
 1525    2.317826E-04
 1526    3.010448E-04
 1527    3.006506E-04
 1528    3.002572E-04
 1529    2.998646E-04
 1530    2.994727E-04
 1531    3.032529E-04
 1532    3.028571E-04
 1533    3.024621E-04
 1534    3.020679E-04
 1535    3.016745E-04
 1536    2.753803E-04
 1537    2.750221E-04
 1538    2.746646E-04
 1539    2.743078E-04
 1540    2.739516E-04
 1541    2.226917E-04
 1542    2.224030E-04
 1543    2.221148E-04
 1544    2.218272E-04
 1545    2.215401E-04
 1546    1.744446E-04
 1547    1.742191E-04
 1548    1.739941E-04
 1549    1.737695E-04
 1550    1.735454E-04
 1551    1.017174E-04
 1552    1.015863E-04
 1553    1.014556E-04
 1554    1.013250E-04
 1555    1.011947E-04
 1556    4.317222E-05
 1557    4.311678E-05
 1558    4.306145E-05
 1559    4.300622E-05
 1560    4.295111E-05
 1561   -4.148062E-06
 1562   -4.142752E-06
 1563   -4.137453E-06
 1564   -4.132164E-06
 1565   -4.126885E-06
 1566   -3.722406E-05
 1567   -3.717656E-05
 1568   -3.712916E-05
 1569   -3.708184E-05
 1570   -3.703462E-05
 1571   -5.846874E-05
 1572   -5.839438E-05
 1573   -5.832016E-05
 1574   -5.824608E-05
 1575   -5.817214E-05
 1576   -6.939964E-05
 1577   -6.931165E-05
 1578   -6.922384E-05
 1579   -6.913618E-05
 1580   -6.904870E-05
 1581   -7.075757E-05
 1582   -7.066814E-05
 1583   -7.057889E-05
 1584   -7.048980E-05
 1585   -7.040088E-05
 1586   -6.841683E-05
 1587   -6.833064E-05
 1588   -6.824461E-05
 1589   -6.815874E-05
 1590   -6.807303E-05
 1591   -5.984739E-05
 1592   -5.977223E-05
 1593   -5.969721E-05
 1594   -5.962233E-05
 1595   -5.954759E-05
 1596   -4.910242E-05
 1597   -4.904094E-05
 1598   -4.897959E-05
 1599   -4.891834E-05
 1600   -4.885721E-05
 1601   -3.687479E-05
 1602   -3.682877E-05
 1603   -3.678283E-05
 1604   -3.673698E-05
 1605   -3.669122E-05
 1606   -2.671242E-05
 1607   -2.667918E-05
 1608   -2.664601E-05
 1609   -2.661290E-05
 1610   -2.657985E-05
 1611   -1.992507E-05
 1612   -1.990036E-05
 1613   -1.987569E-05
 1614   -1.985107E-05
 1615   -1.982650E-05
 1616   -1.475500E-05
 1617   -1.473676E-05
 1618   -1.471855E-05
 1619   -1.470037E-05
 1620   -1.468223E-05
 1621   -1.199913E-05
 1622   -1.198434E-05
 1623   -1.196958E-05
 1624   -1.195484E-05
 1625   -1.194013E-05
 1626   -1.050636E-05
 1627   -1.049345E-05
 1628   -1.048056E-05
 1629   -1.046769E-05
 1630   -1.045486E-05
 1631   -1.061476E-05
 1632   -1.060176E-05
 1633   -1.058878E-05
 1634   -1.057582E-05
 1635   -1.056289E-05
 1636   -1.076317E-05
 1637   -1.075002E-05
 1638   -1.073690E-05
 1639   -1.072380E-05
 1640   -1.071073E-05
 1641   -1.129408E-05
 1642   -1.128032E-05
 1643   -1.126660E-05
 1644   -1.125290E-05
 1645   -1.123922E-05
 1646   -1.110238E-05
 1647   -1.108891E-05
 1648   -1.107545E-05
 1649   -1.106202E-05
 1650   -1.104862E-05
 1651   -1.103502E-05
 1652   -1.102166E-05
 1653   -1.100833E-05
 1654   -1.099502E-05
 1655   -1.098174E-05
 1656   -1.057120E-05
 1657   -1.055844E-05
 1658   -1.054571E-05
 1659   -1.053300E-05
 1660   -1.052031E-05
 1661   -1.035978E-05
 1662   -1.034732E-05
 1663   -1.033488E-05
 1664   -1.032246E-05
 1665   -1.031007E-05
 1666   -1.116728E-05
 1667   -1.115389E-05
 1668   -1.114052E-05
 1669   -1.112717E-05
 1670   -1.111385E-05
 1671   -1.180641E-05
 1672   -1.179229E-05
 1673   -1.177820E-05
 1674   -1.176413E-05
 1675   -1.175009E-05
 1676   -1.274613E-05
 1677   -1.273093E-05
 1678   -1.271576E-05
 1679   -1.270062E-05
 1680   -1.268550E-05
 1681   -1.294665E-05
 1682   -1.293126E-05
 1683   -1.291590E-05
 1684   -1.290057E-05
 1685   -1.288526E-05
 1686   -1.292620E-05
 1687   -1.291088E-05
 1688   -1.289559E-05
 1689   -1.288032E-05
 1690   -1.286509E-05
 1691   -1.246529E-05
 1692   -1.245056E-05
 1693   -1.243586E-05
 1694   -1.242118E-05
 1695   -1.240653E-05
 1696   -1.157110E-05
 1697   -1.155747E-05
 1698   -1.154386E-05
 1699   -1.153027E-05
 1700   -1.151671E-05
 1701   -1.061058E-05
 1702   -1.059812E-05
 1703   -1.058567E-05
 1704   -1.057325E-05
 1705   -1.056085E-05
 1706   -9.632154E-06
 1707   -9.620871E-06
 1708   -9.609609E-06
 1709   -9.598366E-06
 1710   -9.587144E-06
 1711   -9.075525E-06
 1712   -9.064926E-06
 1713   -9.054346E-06
 1714   -9.043784E-06
 1715   -9.033240E-06
 1716   -8.981488E-06
 1717   -8.971029E-06
 1718   -8.960589E-06
 1719   -8.950166E-06
 1720   -8.939762E-06
 1721   -8.736474E-06
 1722   -8.726330E-06
 1723   -8.716204E-06
 1724   -8.706095E-06
 1725   -8.696004E-06
 1726   -9.071750E-06
 1727   -9.061248E-06
 1728   -9.050763E-06
 1729   -9.040297E-06
 1730   -9.029849E-06
 1731   -8.897569E-06
 1732   -8.887297E-06
 1733   -8.877044E-06
 1734   -8.866808E-06
 1735   -8.856590E-06
 1736   -9.061370E-06
 1737   -9.050939E-06
 1738   -9.040527E-06
 1739   -9.030132E-06
 1740   -9.019756E-06
 1741   -9.003322E-06
 1742   -8.992988E-06
 1743   -8.982672E-06
 1744   -8.972374E-06
 1745   -8.962093E-06
 1746   -8.617140E-06
 1747   -8.607278E-06
 1748   -8.597433E-06
 1749   -8.587604E-06
 1750   -8.577793E-06
 1751   -8.480719E-06
 1752   -8.471041E-06
 1753   -8.461379E-06
 1754   -8.451734E-06
 1755   -8.442105E-06
 1756   -8.076957E-06
 1757   -8.067765E-06
 1758   -8.058589E-06
 1759   -8.049429E-06
 1760   -8.040285E-06
 1761   -8.056456E-06
 1762   -8.047314E-06
 1763   -8.038187E-06
 1764   -8.029076E-06
 1765   -8.019981E-06
 1766   -7.778343E-06
 1767   -7.769542E-06
 1768   -7.760755E-06
 1769   -7.751984E-06
 1770   -7.743227E-06
 1771   -7.837583E-06
 1772   -7.828740E-06
 1773   -7.819911E-06
 1774   -7.811097E-06
 1775   -7.802299E-06
 1776   -8.070587E-06
 1777   -8.061506E-06
 1778   -8.052440E-06
 1779   -8.043390E-06
 1780   -8.034355E-06
 1781   -7.951287E-06
 1782   -7.942366E-06
 1783   -7.933459E-06
 1784   -7.924568E-06
 1785   -7.915691E-06
 1786   -8.037728E-06
 1787   -8.028735E-06
 1788   -8.019757E-06
 1789   -8.010793E-06
 1790   -8.001845E-06
 1791   -7.810523E-06
 1792   -7.801808E-06
 1793   -7.793108E-06
 1794   -7.784423E-06
 1795   -7.775752E-06
 1796   -7.712920E-06
 1797   -7.704338E-06
 1798   -7.695770E-06
 1799   -7.687217E-06
 1800   -7.678678E-06
 1801   -7.484218E-06
 1802   -7.475914E-06
 1803   -7.467623E-06
 1804   -7.459347E-06
 1805   -7.451084E-06
 1806   -7.177987E-06
 1807   -7.170044E-06
 1808   -7.162115E-06
 1809   -7.154199E-06
 1810   -7.146296E-06
 1811   -7.091056E-06
 1812   -7.083232E-06
 1813   -7.075420E-06
 1814   -7.067621E-06
 1815   -7.059835E-06
 1816   -6.958911E-06
 1817   -6.951254E-06
 1818   -6.943608E-06
 1819   -6.935976E-06
 1820   -6.928356E-06
 1821   -7.198163E-06
 1822   -7.190263E-06
 1823   -7.182377E-06
 1824   -7.174504E-06
 1825   -7.166644E-06
 1826   -7.101745E-06
 1827   -7.093973E-06
 1828   -7.086214E-06
 1829   -7.078467E-06
 1830   -7.070733E-06
 1831   -7.131930E-06
 1832   -7.124147E-06
 1833   -7.116375E-06
 1834   -7.108617E-06
 1835   -7.100871E-06
 1836   -7.186505E-06
 1837   -7.178683E-06
 1838   -7.170874E-06
 1839   -7.163077E-06
 1840   -7.155294E-06
 1841   -7.044276E-06
 1842   -7.036630E-06
 1843   -7.028996E-06
 1844   -7.021374E-06
 1845   -7.013765E-06
 1846   -6.936908E-06
 1847   -6.929398E-06
 1848   -6.921901E-06
 1849   -6.914416E-06
 1850   -6.906943E-06
 1851   -6.661271E-06
 1852   -6.654080E-06
 1853   -6.646900E-06
 1854   -6.639731E-06
 1855   -6.632574E-06
 1856   -6.488599E-06
 1857   -6.481613E-06
 1858   -6.474638E-06
 1859   -6.467674E-06
 1860   -6.460721E-06
 1861   -6.406942E-06
 1862   -6.400063E-06
 1863   -6.393194E-06
 1864   -6.386336E-06
 1865   -6.379489E-06
 1866   -6.374534E-06
 1867   -6.367707E-06
 1868   -6.360891E-06
 1869   -6.354086E-06
 1870   -6.347292E-06
 1871   -6.498358E-06
 1872   -6.491417E-06
 1873   -6.484487E-06
 1874   -6.477569E-06
 1875   -6.470661E-06
 1876   -6.377283E-06
 1877   -6.370490E-06
 1878   -6.363707E-06
 1879   -6.356936E-06
 1880   -6.350175E-06
 1881   -6.515626E-06
 1882   -6.508703E-06
 1883   -6.501792E-06
 1884   -6.494892E-06
 1885   -6.488002E-06
 1886   -6.417958E-06
 1887   -6.411158E-06
 1888   -6.404368E-06
 1889   -6.397589E-06
 1890   -6.390821E-06
 1891   -6.344567E-06
 1892   -6.337862E-06
 1893   -6.331167E-06
 1894   -6.324484E-06
 1895   -6.317811E-06
 1896   -6.341825E-06
 1897   -6.335141E-06
 1898   -6.328467E-06
 1899   -6.321804E-06
 1900   -6.315151E-06
 1901   -5.987360E-06
 1902   -5.981065E-06
 1903   -5.974781E-06
 1904   -5.968507E-06
 1905   -5.962242E-06
 1906   -5.928136E-06
 1907   -5.921921E-06
 1908   -5.915715E-06
 1909   -5.909519E-06
 1910   -5.903333E-06
 1911   -5.885670E-06
 1912   -5.879515E-06
 1913   -5.873369E-06
 1914   -5.867234E-06
 1915   -5.861108E-06
 1916   -5.795489E-06
 1917   -5.789444E-06
 1918   -5.783409E-06
 1919   -5.777383E-06
 1920   -5.771367E-06
 1921   -5.817900E-06
 1922   -5.811848E-06
 1923   -5.805805E-06
 1924   -5.799771E-06
 1925   -5.793747E-06
 1926   -5.805143E-06
 1927   -5.799120E-06
 1928   -5.793106E-06
 1929   -5.787101E-06
 1930   -5.781106E-06
 1931   -5.942845E-06
 1932   -5.936694E-06
 1933   -5.930554E-06
 1934   -5.924422E-06
 1935   -5.918300E-06
 1936   -5.812487E-06
 1937   -5.806487E-06
 1938   -5.800497E-06
 1939   -5.794515E-06
 1940   -5.788543E-06
 1941   -5.774196E-06
 1942   -5.768251E-06
 1943   -5.762315E-06
 1944   -5.756388E-06
 1945   -5.750471E-06
 1946   -5.665062E-06
 1947   -5.659245E-06
 1948   -5.653436E-06
 1949   -5.647636E-06
 1950   -5.641845E-06
 1951   -5.329617E-06
 1952   -5.324158E-06
 1953   -5.318707E-06
 1954   -5.313264E-06
 1955   -5.307830E-06
 1956   -5.408628E-06
 1957   -5.403102E-06
 1958   -5.397584E-06
 1959   -5.392075E-06
 1960   -5.386575E-06
 1961   -5.052683E-06
 1962   -5.047534E-06
 1963   -5.042393E-06
 1964   -5.037259E-06
 1965   -5.032134E-06
 1966   -5.178110E-06
 1967   -5.172846E-06
 1968   -5.167591E-06
 1969   -5.162343E-06
 1970   -5.157103E-06
 1971   -5.150866E-06
 1972   -5.145643E-06
 1973   -5.140428E-06
 1974   -5.135221E-06
 1975   -5.130022E-06
 1976   -5.110541E-06
 1977   -5.105372E-06
 1978   -5.100211E-06
 1979   -5.095058E-06
 1980   -5.089913E-06
 1981   -5.137110E-06
 1982   -5.131928E-06
 1983   -5.126753E-06
 1984   -5.121586E-06
 1985   -5.116427E-06
 1986   -5.036660E-06
 1987   -5.031592E-06
 1988   -5.026531E-06
 1989   -5.021478E-06
 1990   -5.016433E-06
 1991   -5.053225E-06
 1992   -5.048153E-06
 1993   -5.043088E-06
 1994   -5.038031E-06
 1995   -5.032982E-06
 1996   -4.783916E-06
 1997   -4.779126E-06
 1998   -4.774344E-06
 1999   -4.769568E-06
 2000   -4.764800E-06
 2001   -4.569847E-06
 2002   -4.565282E-06
 2003   -4.560725E-06
 2004   -4.556175E-06
 2005   -4.551631E-06
 2006   -4.426489E-06
 2007   -4.422079E-06
 2008   -4.417676E-06
 2009   -4.413279E-06
 2010   -4.408889E-06
 2011   -4.251974E-06
 2012   -4.247748E-06
 2013   -4.243529E-06
 2014   -4.239316E-06
 2015   -4.235109E-06
 2016   -4.275186E-06
 2017   -4.270948E-06
 2018   -4.266716E-06
 2019   -4.262491E-06
 2020   -4.258272E-06
 2021   -4.203045E-06
 2022   -4.198889E-06
 2023   -4.194739E-06
 2024   -4.190595E-06
 2025   -4.186457E-06
 2026   -4.142381E-06
 2027   -4.138295E-06
 2028   -4.134215E-06
 2029   -4.130141E-06
 2030   -4.126073E-06
 2031   -4.237200E-06
 2032   -4.233031E-06
 2033   -4.228867E-06
 2034   -4.224710E-06
 2035   -4.220559E-06
 2036   -4.096122E-06
 2037   -4.092101E-06
 2038   -4.088086E-06
 2039   -4.084077E-06
 2040   -4.080074E-06
 2041   -4.135372E-06
 2042   -4.131323E-06
 2043   -4.127280E-06
 2044   -4.123242E-06
 2045   -4.119211E-06
 2046   -3.884129E-06
 2047   -3.880335E-06
 2048   -3.876547E-06
 2049   -3.872764E-06
 2050   -3.868986E-06
 2051   -3.758135E-06
 2052   -3.754473E-06
 2053   -3.750817E-06
 2054   -3.747165E-06
 2055   -3.743519E-06
 2056   -3.654369E-06
 2057   -3.650817E-06
 2058   -3.647270E-06
 2059   -3.643728E-06
 2060   -3.640191E-06
 2061   -3.539952E-06
 2062   -3.536519E-06
 2063   -3.533091E-06
 2064   -3.529669E-06
 2065   -3.526251E-06
 2066   -3.520357E-06
 2067   -3.516951E-06
 2068   -3.513551E-06
 2069   -3.510155E-06
 2070   -3.506765E-06
 2071   -3.408902E-06
 2072   -3.405613E-06
 2073   -3.402328E-06
 2074   -3.399048E-06
 2075   -3.395772E-06
 2076   -3.492661E-06
 2077   -3.489299E-06
 2078   -3.485941E-06
 2079   -3.482588E-06
 2080   -3.479241E-06
 2081   -3.480980E-06
 2082   -3.477637E-06
 2083   -3.474298E-06
 2084   -3.470965E-06
 2085   -3.467636E-06
 2086   -3.489189E-06
 2087   -3.485846E-06
 2088   -3.482508E-06
 2089   -3.479174E-06
 2090   -3.475846E-06
 2091   -3.280586E-06
 2092   -3.277451E-06
 2093   -3.274320E-06
 2094   -3.271193E-06
 2095   -3.268071E-06
 2096   -3.190197E-06
 2097   -3.187155E-06
 2098   -3.184118E-06
 2099   -3.181085E-06
 2100   -3.178056E-06
 2101   -3.016495E-06
 2102   -3.013625E-06
 2103   -3.010760E-06
 2104   -3.007899E-06
 2105   -3.005041E-06
 2106   -2.826015E-06
 2107   -2.823334E-06
 2108   -2.820656E-06
 2109   -2.817981E-06
 2110   -2.815311E-06
 2111   -2.770006E-06
 2112   -2.767383E-06
 2113   -2.764764E-06
 2114   -2.762149E-06
 2115   -2.759538E-06
 2116   -2.708807E-06
 2117   -2.706249E-06
 2118   -2.703694E-06
 2119   -2.701143E-06
 2120   -2.698595E-06
 2121   -2.667093E-06
 2122   -2.664580E-06
 2123   -2.662071E-06
 2124   -2.659564E-06
 2125   -2.657062E-06
 2126   -2.630868E-06
 2127   -2.628395E-06
 2128   -2.625925E-06
 2129   -2.623459E-06
 2130   -2.620996E-06
 2131   -2.616884E-06
 2132   -2.614430E-06
 2133   -2.611979E-06
 2134   -2.609531E-06
 2135   -2.607087E-06
 2136   -2.623548E-06
 2137   -2.621093E-06
 2138   -2.618642E-06
 2139   -2.616194E-06
 2140   -2.613749E-06
 2141   -2.522059E-06
 2142   -2.519705E-06
 2143   -2.517354E-06
 2144   -2.515006E-06
 2145   -2.512661E-06
 2146   -2.405126E-06
 2147   -2.402886E-06
 2148   -2.400649E-06
 2149   -2.398416E-06
 2150   -2.396185E-06
 2151   -2.227155E-06
 2152   -2.225085E-06
 2153   -2.223019E-06
 2154   -2.220955E-06
 2155   -2.218895E-06
 2156   -2.134133E-06
 2157   -2.132154E-06
 2158   -2.130179E-06
 2159   -2.128206E-06
 2160   -2.126236E-06
 2161   -2.137923E-06
 2162   -2.135946E-06
 2163   -2.133971E-06
 2164   -2.131999E-06
 2165   -2.130030E-06
 2166   -2.034749E-06
 2167   -2.032871E-06
 2168   -2.030996E-06
 2169   -2.029124E-06
 2170   -2.027254E-06
 2171   -2.043842E-06
 2172   -2.041960E-06
 2173   -2.040081E-06
 2174   -2.038205E-06
 2175   -2.036331E-06
 2176   -1.984072E-06
 2177   -1.982250E-06
 2178   -1.980430E-06
 2179   -1.978612E-06
 2180   -1.976798E-06
 2181   -1.995913E-06
 2182   -1.994084E-06
 2183   -1.992258E-06
 2184   -1.990434E-06
 2185   -1.988612E-06
 2186   -1.969025E-06
 2187   -1.967225E-06
 2188   -1.965427E-06
 2189   -1.963631E-06
 2190   -1.961839E-06
 2191   -1.860254E-06
 2192   -1.858557E-06
 2193   -1.856862E-06
 2194   -1.855170E-06
 2195   -1.853480E-06
 2196   -1.795347E-06
 2197   -1.793713E-06
 2198   -1.792081E-06
 2199   -1.790451E-06
 2200   -1.788824E-06
 2201   -1.631433E-06
 2202   -1.629952E-06
 2203   -1.628472E-06
 2204   -1.626995E-06
 2205   -1.625520E-06
 2206   -1.563439E-06
 2207   -1.562023E-06
 2208   -1.560608E-06
 2209   -1.559196E-06
 2210   -1.557785E-06
 2211   -1.476646E-06
 2212   -1.475311E-06
 2213   -1.473978E-06
 2214   -1.472647E-06
 2215   -1.471317E-06
 2216   -1.418160E-06
 2217   -1.416881E-06
 2218   -1.415604E-06
 2219   -1.414328E-06
 2220   -1.413055E-06
 2221   -1.423697E-06
 2222   -1.422416E-06
 2223   -1.421137E-06
 2224   -1.419859E-06
 2225   -1.418583E-06
 2226   -1.374197E-06
 2227   -1.372963E-06
 2228   -1.371731E-06
 2229   -1.370500E-06
 2230   -1.369271E-06
 2231   -1.378011E-06
 2232   -1.376777E-06
 2233   -1.375544E-06
 2234   -1.374313E-06
 2235   -1.373083E-06
 2236   -1.343985E-06
 2237   -1.342784E-06
 2238   -1.341584E-06
 2239   -1.340386E-06
 2240   -1.339190E-06
 2241   -1.261061E-06
 2242   -1.259936E-06
 2243   -1.258813E-06
 2244   -1.257691E-06
 2245   -1.256571E-06
 2246   -1.247224E-06
 2247   -1.246114E-06
 2248   -1.245006E-06
 2249   -1.243899E-06
 2250   -1.242793E-06
 2251   -1.119185E-06
 2252   -1.118192E-06
 2253   -1.117199E-06
 2254   -1.116208E-06
 2255   -1.115218E-06
 2256   -1.062644E-06
 2257   -1.061702E-06
 2258   -1.060762E-06
 2259   -1.059823E-06
 2260   -1.058885E-06
 2261   -1.003990E-06
 2262   -1.003103E-06
 2263   -1.002216E-06
 2264   -1.001331E-06
 2265   -1.000447E-06
 2266   -9.785626E-07
 2267   -9.776995E-07
 2268   -9.768375E-07
 2269   -9.759767E-07
 2270   -9.751170E-07
 2271   -9.745510E-07
 2272   -9.736933E-07
 2273   -9.728367E-07
 2274   -9.719813E-07
 2275   -9.711270E-07
 2276   -9.339194E-07
 2277   -9.330992E-07
 2278   -9.322802E-07
 2279   -9.314622E-07
 2280   -9.306453E-07
 2281   -9.491757E-07
 2282   -9.483440E-07
 2283   -9.475134E-07
 2284   -9.466839E-07
 2285   -9.458555E-07
 2286   -9.119809E-07
 2287   -9.111836E-07
 2288   -9.103873E-07
 2289   -9.095920E-07
 2290   -9.087978E-07
 2291   -8.676372E-07
 2292   -8.668802E-07
 2293   -8.661243E-07
 2294   -8.653693E-07
 2295   -8.646154E-07
 2296   -8.063158E-07
 2297   -8.056139E-07
 2298   -8.049129E-07
 2299   -8.042128E-07
 2300   -8.035137E-07
 2301   -7.296256E-07
 2302   -7.289918E-07
 2303   -7.283589E-07
 2304   -7.277267E-07
 2305   -7.270954E-07
 2306   -6.974744E-07
 2307   -6.968699E-07
 2308   -6.962662E-07
 2309   -6.956632E-07
 2310   -6.950610E-07
 2311   -6.373272E-07
 2312   -6.367760E-07
 2313   -6.362255E-07
 2314   -6.356757E-07
 2315   -6.351266E-07
 2316   -6.179863E-07
 2317   -6.174529E-07
 2318   -6.169203E-07
 2319   -6.163884E-07
 2320   -6.158571E-07
 2321   -5.978360E-07
 2322   -5.973212E-07
 2323   -5.968071E-07
 2324   -5.962936E-07
 2325   -5.957807E-07
 2326   -5.904588E-07
 2327   -5.899514E-07
 2328   -5.894447E-07
 2329   -5.889386E-07
 2330   -5.884332E-07
 2331   -5.865318E-07
 2332   -5.860289E-07
 2333   -5.855266E-07
 2334   -5.850250E-07
 2335   -5.845240E-07
 2336   -5.577725E-07
 2337   -5.572952E-07
 2338   -5.568186E-07
 2339   -5.563426E-07
 2340   -5.558672E-07
 2341   -5.417247E-07
 2342   -5.412622E-07
 2343   -5.408003E-07
 2344   -5.403389E-07
 2345   -5.398782E-07
 2346   -5.058634E-07
 2347   -5.054324E-07
 2348   -5.050020E-07
 2349   -5.045721E-07
 2350   -5.041427E-07
 2351   -4.699896E-07
 2352   -4.695901E-07
 2353   -4.691910E-07
 2354   -4.687925E-07
 2355   -4.683944E-07
 2356   -4.278638E-07
 2357   -4.275008E-07
 2358   -4.271383E-07
 2359   -4.267763E-07
 2360   -4.264147E-07
 2361   -4.038539E-07
 2362   -4.035120E-07
 2363   -4.031705E-07
 2364   -4.028295E-07
 2365   -4.024889E-07
 2366   -3.979436E-07
 2367   -3.976075E-07
 2368   -3.972717E-07
 2369   -3.969364E-07
 2370   -3.966015E-07
 2371   -3.864896E-07
 2372   -3.861638E-07
 2373   -3.858384E-07
 2374   -3.855135E-07
 2375   -3.851889E-07
 2376   -3.823918E-07
 2377   -3.820701E-07
 2378   -3.817488E-07
 2379   -3.814280E-07
 2380   -3.811075E-07
 2381   -3.755946E-07
 2382   -3.752793E-07
 2383   -3.749644E-07
 2384   -3.746499E-07
 2385   -3.743358E-07
 2386   -3.597788E-07
 2387   -3.594774E-07
 2388   -3.591764E-07
 2389   -3.588758E-07
 2390   -3.585755E-07
 2391   -3.509351E-07
 2392   -3.506418E-07
 2393   -3.503488E-07
 2394   -3.500562E-07
 2395   -3.497639E-07
 2396   -3.134838E-07
 2397   -3.132223E-07
 2398   -3.129611E-07
 2399   -3.127003E-07
 2400   -3.124398E-07
 2401   -2.891416E-07
 2402   -2.889009E-07
 2403   -2.886605E-07
 2404   -2.884204E-07
 2405   -2.881806E-07
 2406   -2.593826E-07
 2407   -2.591671E-07
 2408   -2.589519E-07
 2409   -2.587370E-07
 2410   -2.585223E-07
 2411   -2.431194E-07
 2412   -2.429179E-07
 2413   -2.427166E-07
 2414   -2.425155E-07
 2415   -2.423147E-07
 2416   -2.337063E-07
 2417   -2.335130E-07
 2418   -2.333199E-07
 2419   -2.331270E-07
 2420   -2.329344E-07
 2421   -2.236614E-07
 2422   -2.234768E-07
 2423   -2.232924E-07
 2424   -2.231082E-07
 2425   -2.229242E-07
 2426   -2.229493E-07
 2427   -2.227657E-07
 2428   -2.225822E-07
 2429   -2.223990E-07
 2430   -2.222160E-07
 2431   -2.143470E-07
 2432   -2.141707E-07
 2433   -2.139947E-07
 2434   -2.138189E-07
 2435   -2.136433E-07
 2436   -2.116159E-07
 2437   -2.114423E-07
 2438   -2.112689E-07
 2439   -2.110956E-07
 2440   -2.109227E-07
 2441   -2.039932E-07
 2442   -2.038262E-07
 2443   -2.036594E-07
 2444   -2.034927E-07
 2445   -2.033263E-07
 2446   -1.891310E-07
 2447   -1.889764E-07
 2448   -1.888221E-07
 2449   -1.886679E-07
 2450   -1.885139E-07
 2451   -1.797424E-07
 2452   -1.795959E-07
 2453   -1.794495E-07
 2454   -1.793032E-07
 2455   -1.791572E-07
 2456   -1.686311E-07
 2457   -1.684939E-07
 2458   -1.683568E-07
 2459   -1.682199E-07
 2460   -1.680832E-07
 2461   -1.615122E-07
 2462   -1.613811E-07
 2463   -1.612500E-07
 2464   -1.611192E-07
 2465   -1.609885E-07
 2466   -1.552788E-07
 2467   -1.551529E-07
 2468   -1.550272E-07
 2469   -1.549017E-07
 2470   -1.547763E-07
 2471   -1.502904E-07
 2472   -1.501688E-07
 2473   -1.500474E-07
 2474   -1.499261E-07
 2475   -1.498050E-07
 2476   -1.504482E-07
 2477   -1.503268E-07
 2478   -1.502055E-07
 2479   -1.500843E-07
 2480   -1.499633E-07
 2481   -1.460351E-07
 2482   -1.459175E-07
 2483   -1.458000E-07
 2484   -1.456826E-07
 2485   -1.455654E-07
 2486   -1.472382E-07
 2487   -1.471198E-07
 2488   -1.470016E-07
 2489   -1.468835E-07
 2490   -1.467655E-07
 2491   -1.431130E-07
 2492   -1.429981E-07
 2493   -1.428835E-07
 2494   -1.427689E-07
 2495   -1.426545E-07
 2496   -1.389636E-07
 2497   -1.388523E-07
 2498   -1.387412E-07
 2499   -1.386302E-07
 2500   -1.385193E-07
 2501   -1.343711E-07
 2502   -1.342637E-07
 2503   -1.341564E-07
 2504   -1.340493E-07
 2505   -1.339423E-07
 2506   -1.280457E-07
 2507   -1.279435E-07
 2508   -1.278415E-07
 2509   -1.277396E-07
 2510   -1.276379E-07
 2511   -1.299105E-07
 2512   -1.298071E-07
 2513   -1.297038E-07
 2514   -1.296007E-07
 2515   -1.294976E-07
 2516   -1.257938E-07
 2517   -1.256939E-07
 2518   -1.255941E-07
 2519   -1.254944E-07
 2520   -1.253948E-07
 2521   -1.256384E-07
 2522   -1.255388E-07
 2523   -1.254393E-07
 2524   -1.253399E-07
 2525   -1.252406E-07
 2526   -1.237888E-07
 2527   -1.236908E-07
 2528   -1.235930E-07
 2529   -1.234953E-07
 2530   -1.233977E-07
 2531   -1.234283E-07
 2532   -1.233309E-07
 2533   -1.232335E-07
 2534   -1.231363E-07
 2535   -1.230391E-07
 2536   -1.252771E-07
 2537   -1.251783E-07
 2538   -1.250797E-07
 2539   -1.249812E-07
 2540   -1.248828E-07
 2541   -1.245512E-07
 2542   -1.244533E-07
 2543   -1.243554E-07
 2544   -1.242577E-07
 2545   -1.241600E-07
 2546   -1.263966E-07
 2547   -1.262974E-07
 2548   -1.261983E-07
 2549   -1.260993E-07
 2550   -1.260004E-07
 2551   -1.235641E-07
 2552   -1.234673E-07
 2553   -1.233706E-07
 2554   -1.232740E-07
 2555   -1.231775E-07
 2556   -1.260823E-07
 2557   -1.259837E-07
 2558   -1.258853E-07
 2559   -1.257869E-07
 2560   -1.256886E-07
 2561   -1.266038E-07
 2562   -1.265050E-07
 2563   -1.264063E-07
 2564   -1.263077E-07
 2565   -1.262093E-07
 2566   -1.262655E-07
 2567   -1.261672E-07
 2568   -1.260689E-07
 2569   -1.259708E-07
 2570   -1.258728E-07
 2571   -1.288869E-07
 2572   -1.287867E-07
 2573   -1.286866E-07
 2574   -1.285866E-07
 2575   -1.284868E-07
 2576   -1.257351E-07
 2577   -1.256375E-07
 2578   -1.255401E-07
 2579   -1.254428E-07
 2580   -1.253455E-07
 2581   -1.286427E-07
 2582   -1.285430E-07
 2583   -1.284435E-07
 2584   -1.283441E-07
 2585   -1.282449E-07
 2586   -1.294798E-07
 2587   -1.293797E-07
 2588   -1.292798E-07
 2589   -1.291799E-07
 2590   -1.290802E-07
 2591   -1.315718E-07
 2592   -1.314703E-07
 2593   -1.313690E-07
 2594   -1.312677E-07
 2595   -1.311665E-07
 2596   -1.357053E-07
 2597   -1.356008E-07
 2598   -1.354964E-07
 2599   -1.353922E-07
 2600   -1.352881E-07
 2601   -1.360165E-07
 2602   -1.359120E-07
 2603   -1.358076E-07
 2604   -1.357033E-07
 2605   -1.355991E-07
 2606   -1.430200E-07
 2607   -1.429103E-07
 2608   -1.428008E-07
 2609   -1.426913E-07
 2610   -1.425820E-07
 2611   -1.429852E-07
 2612   -1.428758E-07
 2613   -1.427664E-07
 2614   -1.426572E-07
 2615   -1.425481E-07
 2616   -1.471771E-07
 2617   -1.470646E-07
 2618   -1.469523E-07
 2619   -1.468401E-07
 2620   -1.467280E-07
 2621   -1.444017E-07
 2622   -1.442915E-07
 2623   -1.441815E-07
 2624   -1.440717E-07
 2625   -1.439619E-07
 2626   -1.463078E-07
 2627   -1.461965E-07
 2628   -1.460852E-07
 2629   -1.459741E-07
 2630   -1.458631E-07
 2631   -1.500252E-07
 2632   -1.499113E-07
 2633   -1.497974E-07
 2634   -1.496837E-07
 2635   -1.495701E-07
 2636   -1.492088E-07
 2637   -1.490957E-07
 2638   -1.489827E-07
 2639   -1.488698E-07
 2640   -1.487570E-07
 2641   -1.528601E-07
 2642   -1.527444E-07
 2643   -1.526289E-07
 2644   -1.525134E-07
 2645   -1.523981E-07
 2646   -1.566120E-07
 2647   -1.564937E-07
 2648   -1.563755E-07
 2649   -1.562575E-07
 2650   -1.561396E-07
 2651   -1.598532E-07
 2652   -1.597327E-07
 2653   -1.596123E-07
 2654   -1.594920E-07
 2655   -1.593719E-07
 2656   -1.681275E-07
 2657   -1.680010E-07
 2658   -1.678746E-07
 2659   -1.677483E-07
 2660   -1.676222E-07
 2661   -1.656142E-07
 2662   -1.654898E-07
 2663   -1.653655E-07
 2664   -1.652414E-07
 2665   -1.651174E-07
 2666   -1.726085E-07
 2667   -1.724791E-07
 2668   -1.723498E-07
 2669   -1.722207E-07
 2670   -1.720917E-07
 2671   -1.712115E-07
 2672   -1.710833E-07
 2673   -1.709553E-07
 2674   -1.708275E-07
 2675   -1.706998E-07
 2676   -1.695931E-07
 2677   -1.694664E-07
 2678   -1.693399E-07
 2679   -1.692135E-07
 2680   -1.690872E-07
 2681   -1.746346E-07
 2682   -1.745044E-07
 2683   -1.743744E-07
 2684   -1.742445E-07
 2685   -1.741147E-07
 2686   -1.737722E-07
 2687   -1.736428E-07
 2688   -1.735137E-07
 2689   -1.733846E-07
 2690   -1.732557E-07
 2691   -1.802692E-07
 2692   -1.801353E-07
 2693   -1.800015E-07
 2694   -1.798679E-07
 2695   -1.797345E-07
 2696   -1.780808E-07
 2697   -1.779488E-07
 2698   -1.778169E-07
 2699   -1.776852E-07
 2700   -1.775536E-07
 2701   -1.847125E-07
 2702   -1.845758E-07
 2703   -1.844393E-07
 2704   -1.843029E-07
 2705   -1.841666E-07
 2706   -1.892233E-07
 2707   -1.890835E-07
 2708   -1.889439E-07
 2709   -1.888044E-07
 2710   -1.886651E-07
 2711   -1.912867E-07
 2712   -1.911457E-07
 2713   -1.910048E-07
 2714   -1.908641E-07
 2715   -1.907235E-07
 2716   -1.967768E-07
 2717   -1.966320E-07
 2718   -1.964873E-07
 2719   -1.963428E-07
 2720   -1.961985E-07
 2721   -1.900207E-07
 2722   -1.898811E-07
 2723   -1.897416E-07
 2724   -1.896024E-07
 2725   -1.894632E-07
 2726   -1.947006E-07
 2727   -1.945578E-07
 2728   -1.944152E-07
 2729   -1.942727E-07
 2730   -1.941304E-07
 2731   -1.955274E-07
 2732   -1.953842E-07
 2733   -1.952413E-07
 2734   -1.950985E-07
 2735   -1.949558E-07
 2736   -1.925147E-07
 2737   -1.923740E-07
 2738   -1.922335E-07
 2739   -1.920932E-07
 2740   -1.919530E-07
 2741   -1.997904E-07
 2742   -1.996447E-07
 2743   -1.994991E-07
 2744   -1.993537E-07
 2745   -1.992085E-07
 2746   -1.970156E-07
 2747   -1.968722E-07
 2748   -1.967289E-07
 2749   -1.965858E-07
 2750   -1.964429E-07
 2751   -2.032176E-07
 2752   -2.030700E-07
 2753   -2.029225E-07
 2754   -2.027751E-07
 2755   -2.026280E-07
 2756   -2.059359E-07
 2757   -2.057866E-07
 2758   -2.056374E-07
 2759   -2.054883E-07
 2760   -2.053394E-07
 2761   -2.072570E-07
 2762   -2.071069E-07
 2763   -2.069570E-07
 2764   -2.068073E-07
 2765   -2.066578E-07
 2766   -2.099598E-07
 2767   -2.098081E-07
 2768   -2.096565E-07
 2769   -2.095051E-07
 2770   -2.093539E-07
 2771   -2.044611E-07
 2772   -2.043136E-07
 2773   -2.041663E-07
 2774   -2.040191E-07
 2775   -2.038721E-07
 2776   -2.108810E-07
 2777   -2.107292E-07
 2778   -2.105775E-07
 2779   -2.104260E-07
 2780   -2.102746E-07
 2781   -2.053592E-07
 2782   -2.052116E-07
 2783   -2.050641E-07
 2784   -2.049169E-07
 2785   -2.047697E-07
 2786   -2.087351E-07
 2787   -2.085853E-07
 2788   -2.084357E-07
 2789   -2.082863E-07
 2790   -2.081370E-07
 2791   -2.098165E-07
 2792   -2.096662E-07
 2793   -2.095161E-07
 2794   -2.093662E-07
 2795   -2.092164E-07
 2796   -2.086587E-07
 2797   -2.085096E-07
 2798   -2.083606E-07
 2799   -2.082117E-07
 2800   -2.080630E-07
 2801   -2.105593E-07
 2802   -2.104091E-07
 2803   -2.102590E-07
 2804   -2.101090E-07
 2805   -2.099592E-07
 2806   -2.071555E-07
 2807   -2.070079E-07
 2808   -2.068605E-07
 2809   -2.067132E-07
 2810   -2.065661E-07
 2811   -2.098246E-07
 2812   -2.096754E-07
 2813   -2.095263E-07
 2814   -2.093774E-07
 2815   -2.092287E-07
 2816   -2.124754E-07
 2817   -2.123246E-07
 2818   -2.121739E-07
 2819   -2.120234E-07
 2820   -2.118731E-07
 2821   -2.107729E-07
 2822   -2.106236E-07
 2823   -2.104744E-07
 2824   -2.103253E-07
 2825   -2.101764E-07
 2826   -2.107200E-07
 2827   -2.105709E-07
 2828   -2.104220E-07
 2829   -2.102733E-07
 2830   -2.101247E-07
 2831   -2.091581E-07
 2832   -2.090105E-07
 2833   -2.088629E-07
 2834   -2.087156E-07
 2835   -2.085683E-07
 2836   -2.114277E-07
 2837   -2.112786E-07
 2838   -2.111298E-07
 2839   -2.109811E-07
 2840   -2.108325E-07
 2841   -2.098797E-07
 2842   -2.097320E-07
 2843   -2.095845E-07
 2844   -2.094371E-07
 2845   -2.092899E-07
 2846   -2.094164E-07
 2847   -2.092693E-07
 2848   -2.091223E-07
 2849   -2.089756E-07
 2850   -2.088289E-07
 2851   -2.084165E-07
 2852   -2.082704E-07
 2853   -2.081244E-07
 2854   -2.079786E-07
 2855   -2.078329E-07
 2856   -2.081028E-07
 2857   -2.079571E-07
 2858   -2.078116E-07
 2859   -2.076663E-07
 2860   -2.075211E-07
 2861   -2.100132E-07
 2862   -2.098664E-07
 2863   -2.097198E-07
 2864   -2.095734E-07
 2865   -2.094271E-07
 2866   -2.085438E-07
 2867   -2.083983E-07
 2868   -2.082530E-07
 2869   -2.081079E-07
 2870   -2.079629E-07
 2871   -2.074626E-07
 2872   -2.073181E-07
 2873   -2.071738E-07
 2874   -2.070297E-07
 2875   -2.068857E-07
 2876   -2.036498E-07
 2877   -2.035082E-07
 2878   -2.033668E-07
 2879   -2.032256E-07
 2880   -2.030845E-07
 2881   -2.041984E-07
 2882   -2.040567E-07
 2883   -2.039152E-07
 2884   -2.037738E-07
 2885   -2.036325E-07
 2886   -2.038662E-07
 2887   -2.037250E-07
 2888   -2.035839E-07
 2889   -2.034430E-07
 2890   -2.033022E-07
 2891   -2.037967E-07
 2892   -2.036558E-07
 2893   -2.035150E-07
 2894   -2.033744E-07
 2895   -2.032339E-07
 2896   -2.047739E-07
 2897   -2.046326E-07
 2898   -2.044914E-07
 2899   -2.043503E-07
 2900   -2.042094E-07
 2901   -2.001083E-07
 2902   -1.999704E-07
 2903   -1.998327E-07
 2904   -1.996951E-07
 2905   -1.995576E-07
 2906   -2.004678E-07
 2907   -2.003299E-07
 2908   -2.001921E-07
 2909   -2.000545E-07
 2910   -1.999171E-07
 2911   -1.951449E-07
 2912   -1.950109E-07
 2913   -1.948771E-07
 2914   -1.947433E-07
 2915   -1.946097E-07
 2916   -1.948369E-07
 2917   -1.947033E-07
 2918   -1.945699E-07
 2919   -1.944366E-07
 2920   -1.943034E-07
 2921   -1.979738E-07
 2922   -1.978383E-07
 2923   -1.977029E-07
 2924   -1.975677E-07
 2925   -1.974327E-07
 2926   -1.921946E-07
 2927   -1.920633E-07
 2928   -1.919321E-07
 2929   -1.918011E-07
 2930   -1.916702E-07
 2931   -1.952135E-07
 2932   -1.950804E-07
 2933   -1.949474E-07
 2934   -1.948145E-07
 2935   -1.946818E-07
 2936   -1.920398E-07
 2937   -1.919090E-07
 2938   -1.917784E-07
 2939   -1.916479E-07
 2940   -1.915176E-07
 2941   -1.891393E-07
 2942   -1.890108E-07
 2943   -1.888824E-07
 2944   -1.887541E-07
 2945   -1.886259E-07
 2946   -1.902297E-07
 2947   -1.901006E-07
 2948   -1.899717E-07
 2949   -1.898429E-07
 2950   -1.897142E-07
 2951   -1.810678E-07
 2952   -1.809452E-07
 2953   -1.808227E-07
 2954   -1.807003E-07
 2955   -1.805780E-07
 2956   -1.819555E-07
 2957   -1.818325E-07
 2958   -1.817096E-07
 2959   -1.815868E-07
 2960   -1.814641E-07
 2961   -1.791012E-07
 2962   -1.789803E-07
 2963   -1.788595E-07
 2964   -1.787388E-07
 2965   -1.786183E-07
 2966   -1.785637E-07
 2967   -1.784434E-07
 2968   -1.783231E-07
 2969   -1.782030E-07
 2970   -1.780831E-07
 2971   -1.789759E-07
 2972   -1.788555E-07
 2973   -1.787352E-07
 2974   -1.786150E-07
 2975   -1.784950E-07
 2976   -1.721914E-07
 2977   -1.720758E-07
 2978   -1.719602E-07
 2979   -1.718448E-07
 2980   -1.717295E-07
 2981   -1.764760E-07
 2982   -1.763577E-07
 2983   -1.762394E-07
 2984   -1.761213E-07
 2985   -1.760033E-07
 2986   -1.719348E-07
 2987   -1.718197E-07
 2988   -1.717047E-07
 2989   -1.715898E-07
 2990   -1.714750E-07
 2991   -1.723731E-07
 2992   -1.722579E-07
 2993   -1.721428E-07
 2994   -1.720278E-07
 2995   -1.719130E-07
 2996   -1.677503E-07
 2997   -1.676384E-07
 2998   -1.675266E-07
 2999   -1.674148E-07
 3000   -1.673033E-07
 3001   -1.618956E-07
 3002   -1.617877E-07
 3003   -1.616800E-07
 3004   -1.615724E-07
 3005   -1.614649E-07
 3006   -1.625662E-07
 3007   -1.624581E-07
 3008   -1.623501E-07
 3009   -1.622422E-07
 3010   -1.621344E-07
 3011   -1.569694E-07
 3012   -1.568652E-07
 3013   -1.567611E-07
 3014   -1.566571E-07
 3015   -1.565532E-07
 3016   -1.549620E-07
 3017   -1.548593E-07
 3018   -1.547567E-07
 3019   -1.546542E-07
 3020   -1.545518E-07
 3021   -1.535992E-07
 3022   -1.534976E-07
 3023   -1.533960E-07
 3024   -1.532946E-07
 3025   -1.531933E-07
 3026   -1.499894E-07
 3027   -1.498904E-07
 3028   -1.497914E-07
 3029   -1.496925E-07
 3030   -1.495937E-07
 3031   -1.546965E-07
 3032   -1.545945E-07
 3033   -1.544925E-07
 3034   -1.543907E-07
 3035   -1.542890E-07
 3036   -1.518590E-07
 3037   -1.517590E-07
 3038   -1.516591E-07
 3039   -1.515593E-07
 3040   -1.514596E-07
 3041   -1.526996E-07
 3042   -1.525992E-07
 3043   -1.524989E-07
 3044   -1.523987E-07
 3045   -1.522987E-07
 3046   -1.496053E-07
 3047   -1.495071E-07
 3048   -1.494090E-07
 3049   -1.493110E-07
 3050   -1.492131E-07
 3051   -1.486283E-07
 3052   -1.485309E-07
 3053   -1.484336E-07
 3054   -1.483364E-07
 3055   -1.482393E-07
 3056   -1.476041E-07
 3057   -1.475075E-07
 3058   -1.474111E-07
 3059   -1.473147E-07
 3060   -1.472185E-07
 3061   -1.429322E-07
 3062   -1.428389E-07
 3063   -1.427456E-07
 3064   -1.426525E-07
 3065   -1.425594E-07
 3066   -1.441472E-07
 3067   -1.440532E-07
 3068   -1.439594E-07
 3069   -1.438656E-07
 3070   -1.437718E-07
 3071   -1.411837E-07
 3072   -1.410918E-07
 3073   -1.410000E-07
 3074   -1.409083E-07
 3075   -1.408166E-07
 3076   -1.398229E-07
 3077   -1.397321E-07
 3078   -1.396413E-07
 3079   -1.395506E-07
 3080   -1.394600E-07
 3081   -1.317117E-07
 3082   -1.316263E-07
 3083   -1.315409E-07
 3084   -1.314556E-07
 3085   -1.313704E-07
 3086   -1.225047E-07
 3087   -1.224253E-07
 3088   -1.223461E-07
 3089   -1.222669E-07
 3090   -1.221877E-07
 3091   -1.085175E-07
 3092   -1.084473E-07
 3093   -1.083772E-07
 3094   -1.083071E-07
 3095   -1.082371E-07
 3096   -8.509418E-08
 3097   -8.503924E-08
 3098   -8.498435E-08
 3099   -8.492951E-08
 3100   -8.487473E-08
 3101   -6.129648E-08
 3102   -6.125697E-08
 3103   -6.121749E-08
 3104   -6.117805E-08
 3105   -6.113865E-08
 3106   -3.809557E-08
 3107   -3.807105E-08
 3108   -3.804655E-08
 3109   -3.802208E-08
 3110   -3.799764E-08
 3111   -2.365484E-08
 3112   -2.363964E-08
 3113   -2.362446E-08
 3114   -2.360928E-08
 3115   -2.359413E-08
 3116   -1.402490E-08
 3117   -1.401590E-08
 3118   -1.400691E-08
 3119   -1.399793E-08
 3120   -1.398896E-08
 3121   -8.688865E-09
 3122   -8.683299E-09
 3123   -8.677739E-09
 3124   -8.672185E-09
 3125   -8.666635E-09
 3126   -5.822448E-09
 3127   -5.818725E-09
 3128   -5.815005E-09
 3129   -5.811289E-09
 3130   -5.807576E-09
 3131   -4.045862E-09
 3132   -4.043279E-09
 3133   -4.040698E-09
 3134   -4.038120E-09
 3135   -4.035544E-09
 3136   -3.021567E-09
 3137   -3.019641E-09
 3138   -3.017717E-09
 3139   -3.015794E-09
 3140   -3.013874E-09
 3141   -2.094154E-09
 3142   -2.092821E-09
 3143   -2.091490E-09
 3144   -2.090159E-09
 3145   -2.088830E-09
 3146   -1.386327E-09
 3147   -1.385446E-09
 3148   -1.384566E-09
 3149   -1.383687E-09
 3150   -1.382809E-09
 3151   -8.431902E-10
 3152   -8.426553E-10
 3153   -8.421209E-10
 3154   -8.415869E-10
 3155   -8.410535E-10
 3156   -4.004411E-10
 3157   -4.001874E-10
 3158   -3.999340E-10
 3159   -3.996809E-10
 3160   -3.994279E-10
 3161   -1.170209E-10
 3162   -1.169469E-10
 3163   -1.168729E-10
 3164   -1.167991E-10
 3165   -1.167253E-10
 3166    7.093977E-11
 3167    7.089498E-11
 3168    7.085023E-11
 3169    7.080552E-11
 3170    7.076086E-11
 3171    2.291921E-10
 3172    2.290476E-10
 3173    2.289033E-10
 3174    2.287591E-10
 3175    2.286150E-10
 3176    3.909305E-10
 3177    3.906844E-10
 3178    3.904386E-10
 3179    3.901930E-10
 3180    3.899476E-10
 3181    5.388954E-10
 3182    5.385567E-10
 3183    5.382183E-10
 3184    5.378803E-10
 3185    5.375426E-10
 3186    6.960377E-10
 3187    6.956010E-10
 3188    6.951647E-10
 3189    6.947287E-10
 3190    6.942932E-10
 3191    7.863012E-10
 3192    7.858086E-10
 3193    7.853165E-10
 3194    7.848248E-10
 3195    7.843336E-10
 3196    8.848732E-10
 3197    8.843197E-10
 3198    8.837668E-10
 3199    8.832143E-10
 3200    8.826624E-10
 3201    9.246416E-10
 3202    9.240642E-10
 3203    9.234873E-10
 3204    9.229109E-10
 3205    9.223351E-10
 3206    9.389268E-10
 3207    9.383413E-10
 3208    9.377564E-10
 3209    9.371721E-10
 3210    9.365882E-10
 3211    9.783736E-10
 3212    9.777645E-10
 3213    9.771560E-10
 3214    9.765480E-10
 3215    9.759406E-10
 3216    9.798705E-10
 3217    9.792614E-10
 3218    9.786529E-10
 3219    9.780449E-10
 3220    9.774375E-10
 3221    1.007055E-09
 3222    1.006430E-09
 3223    1.005806E-09
 3224    1.005182E-09
 3225    1.004559E-09
 3226    1.011112E-09
 3227    1.010486E-09
 3228    1.009860E-09
 3229    1.009234E-09
 3230    1.008609E-09
 3231    9.742358E-10
 3232    9.736330E-10
 3233    9.730308E-10
 3234    9.724291E-10
 3235    9.718280E-10
 3236    9.929657E-10
 3237    9.923522E-10
 3238    9.917394E-10
 3239    9.911271E-10
 3240    9.905154E-10
 3241    9.445261E-10
 3242    9.439435E-10
 3243    9.433614E-10
 3244    9.427799E-10
 3245    9.421989E-10
 3246    9.612506E-10
 3247    9.606587E-10
 3248    9.600672E-10
 3249    9.594763E-10
 3250    9.588859E-10
 3251    9.452515E-10
 3252    9.446702E-10
 3253    9.440895E-10
 3254    9.435094E-10
 3255    9.429297E-10
 3256    9.302333E-10
 3257    9.296622E-10
 3258    9.290916E-10
 3259    9.285215E-10
 3260    9.279519E-10
 3261    9.431663E-10
 3262    9.425881E-10
 3263    9.420104E-10
 3264    9.414333E-10
 3265    9.408567E-10
 3266    8.891137E-10
 3267    8.885695E-10
 3268    8.880258E-10
 3269    8.874826E-10
 3270    8.869398E-10
 3271    8.940072E-10
 3272    8.934609E-10
 3273    8.929150E-10
 3274    8.923696E-10
 3275    8.918247E-10
 3276    8.509035E-10
 3277    8.503842E-10
 3278    8.498655E-10
 3279    8.493472E-10
 3280    8.488294E-10
 3281    8.291547E-10
 3282    8.286495E-10
 3283    8.281447E-10
 3284    8.276405E-10
 3285    8.271366E-10
 3286    8.072545E-10
 3287    8.067634E-10
 3288    8.062727E-10
 3289    8.057825E-10
 3290    8.052927E-10
 3291    7.575818E-10
 3292    7.571216E-10
 3293    7.566618E-10
 3294    7.562025E-10
 3295    7.557436E-10
 3296    7.588420E-10
 3297    7.583817E-10
 3298    7.579219E-10
 3299    7.574625E-10
 3300    7.570035E-10
