   50    1.127451E-13
   51    8.625147E-14
   52    8.296630E-14
   53    7.986530E-14
   54    7.693496E-14
   55    7.416298E-14
   56    3.927030E-14
   57    3.790458E-14
   58    3.660889E-14
   59    3.537851E-14
   60    3.420913E-14
   61    2.006688E-14
   62    1.942482E-14
   63    1.881309E-14
   64    1.822981E-14
   65    1.767324E-14
   66    5.905491E-14
   67    5.730533E-14
   68    5.563236E-14
   69    5.403159E-14
   70    5.249894E-14
   71    4.038645E-14
   72    3.927245E-14
   73    3.820391E-14
   74    3.717839E-14
   75    3.619362E-14
   76    5.809731E-14
   77    5.659815E-14
   78    5.515627E-14
   79    5.376881E-14
   80    5.243304E-14
   81    8.295697E-14
   82    8.094604E-14
   83    7.900735E-14
   84    7.713749E-14
   85    7.533322E-14
   86    6.414784E-14
   87    6.268170E-14
   88    6.126526E-14
   89    5.989629E-14
   90    5.857269E-14
   91    6.701998E-14
   92    6.557099E-14
   93    6.416848E-14
   94    6.281049E-14
   95    6.149516E-14
   96    5.324543E-14
   97    5.215327E-14
   98    5.109437E-14
   99    5.006740E-14
  100    4.907109E-14
  101    2.192294E-14
  102    2.149519E-14
  103    2.107985E-14
  104    2.067642E-14
  105    2.028447E-14
  106    1.368169E-14
  107    1.342716E-14
  108    1.317967E-14
  109    1.293895E-14
  110    1.270477E-14
  111    3.346324E-14
  112    3.286836E-14
  113    3.228921E-14
  114    3.172523E-14
  115    3.117589E-14
  116    4.819535E-14
  117    4.737504E-14
  118    4.657549E-14
  119    4.579601E-14
  120    4.503593E-14
  121    8.645681E-14
  122    8.504532E-14
  123    8.366811E-14
  124    8.232409E-14
  125    8.101219E-14
  126    1.152193E-13
  127    1.134120E-13
  128    1.116469E-13
  129    1.099227E-13
  130    1.082381E-13
  131    1.080162E-13
  132    1.063858E-13
  133    1.047920E-13
  134    1.032338E-13
  135    1.017101E-13
  136    8.059358E-14
  137    7.942134E-14
  138    7.827449E-14
  139    7.715231E-14
  140    7.605408E-14
  141    4.596875E-14
  142    4.532359E-14
  143    4.469191E-14
  144    4.407336E-14
  145    4.346755E-14
  146    4.175363E-14
  147    4.118750E-14
  148    4.063279E-14
  149    4.008922E-14
  150    3.955649E-14
  151    6.842081E-14
  152    6.752351E-14
  153    6.664374E-14
  154    6.578106E-14
  155    6.493502E-14
  156    7.481132E-14
  157    7.386136E-14
  158    7.292937E-14
  159    7.201492E-14
  160    7.111755E-14
  161    1.833444E-13
  162    1.810879E-13
  163    1.788728E-13
  164    1.766981E-13
  165    1.745628E-13
  166    1.570588E-13
  167    1.551835E-13
  168    1.533416E-13
  169    1.515323E-13
  170    1.497548E-13
  171    1.884446E-13
  172    1.862598E-13
  173    1.841127E-13
  174    1.820026E-13
  175    1.799285E-13
  176    2.620921E-13
  177    2.591390E-13
  178    2.562355E-13
  179    2.533806E-13
  180    2.505731E-13
  181    1.550774E-13
  182    1.533779E-13
  183    1.517063E-13
  184    1.500618E-13
  185    1.484439E-13
  186    1.791113E-13
  187    1.772008E-13
  188    1.753207E-13
  189    1.734704E-13
  190    1.716492E-13
  191    1.547255E-13
  192    1.531180E-13
  193    1.515354E-13
  194    1.499772E-13
  195    1.484430E-13
  196    1.713031E-13
  197    1.695684E-13
  198    1.678599E-13
  199    1.661771E-13
  200    1.645195E-13
  201    1.712409E-13
  202    1.695496E-13
  203    1.678833E-13
  204    1.662415E-13
  205    1.646236E-13
  206    7.604461E-14
  207    7.531166E-14
  208    7.458925E-14
  209    7.387719E-14
  210    7.317528E-14
  211    8.541827E-15
  212    8.461434E-15
  213    8.382171E-15
  214    8.304016E-15
  215    8.226950E-15
  216    0.000000E+00
  217    0.000000E+00
  218    0.000000E+00
  219    0.000000E+00
  220    0.000000E+00
  221    0.000000E+00
  222    0.000000E+00
  223    0.000000E+00
  224    0.000000E+00
  225    0.000000E+00
  226    3.375708E-15
  227    3.346032E-15
  228    3.316745E-15
  229    3.287842E-15
  230    3.259314E-15
  231    0.000000E+00
  232    0.000000E+00
  233    0.000000E+00
  234    0.000000E+00
  235    0.000000E+00
  236    0.000000E+00
  237    0.000000E+00
  238    0.000000E+00
  239    0.000000E+00
  240    0.000000E+00
  241    0.000000E+00
  242    0.000000E+00
  243    0.000000E+00
  244    0.000000E+00
  245    0.000000E+00
  246    1.824673E-13
  247    1.809929E-13
  248    1.795362E-13
  249    1.780970E-13
  250    1.766751E-13
  251    2.086939E-12
  252    2.070409E-12
  253    2.054074E-12
  254    2.037932E-12
  255    2.021980E-12
  256    3.286709E-12
  257    3.261182E-12
  258    3.235950E-12
  259    3.211011E-12
  260    3.186358E-12
  261    6.693440E-12
  262    6.642443E-12
  263    6.592026E-12
  264    6.542181E-12
  265    6.492900E-12
  266    5.992908E-12
  267    5.948102E-12
  268    5.903796E-12
  269    5.859983E-12
  270    5.816657E-12
  271    1.244781E-11
  272    1.235645E-11
  273    1.226610E-11
  274    1.217673E-11
  275    1.208833E-11
  276    2.500148E-11
  277    2.482129E-11
  278    2.464305E-11
  279    2.446671E-11
  280    2.429226E-11
  281    1.086798E-10
  282    1.079104E-10
  283    1.071491E-10
  284    1.063959E-10
  285    1.056505E-10
  286    1.987907E-10
  287    1.974078E-10
  288    1.960393E-10
  289    1.946850E-10
  290    1.933446E-10
  291    3.316120E-10
  292    3.293445E-10
  293    3.271003E-10
  294    3.248789E-10
  295    3.226801E-10
  296    4.924336E-10
  297    4.891231E-10
  298    4.858459E-10
  299    4.826016E-10
  300    4.793896E-10
  301    5.990835E-10
  302    5.951226E-10
  303    5.912009E-10
  304    5.873178E-10
  305    5.834729E-10
  306    9.502103E-10
  307    9.440301E-10
  308    9.379100E-10
  309    9.318492E-10
  310    9.258470E-10
  311    9.593997E-10
  312    9.532595E-10
  313    9.471782E-10
  314    9.411548E-10
  315    9.351887E-10
  316    1.294291E-09
  317    1.286139E-09
  318    1.278062E-09
  319    1.270062E-09
  320    1.262137E-09
  321    1.608607E-09
  322    1.598631E-09
  323    1.588748E-09
  324    1.578956E-09
  325    1.569255E-09
  326    1.579432E-09
  327    1.569787E-09
  328    1.560229E-09
  329    1.550759E-09
  330    1.541375E-09
  331    2.152795E-09
  332    2.139846E-09
  333    2.127014E-09
  334    2.114296E-09
  335    2.101692E-09
  336    2.050932E-09
  337    2.038779E-09
  338    2.026733E-09
  339    2.014793E-09
  340    2.002959E-09
  341    2.797315E-09
  342    2.780980E-09
  343    2.764788E-09
  344    2.748737E-09
  345    2.732826E-09
  346    2.983219E-09
  347    2.966049E-09
  348    2.949027E-09
  349    2.932152E-09
  350    2.915421E-09
  351    3.013573E-09
  352    2.996475E-09
  353    2.979522E-09
  354    2.962712E-09
  355    2.946045E-09
  356    3.869294E-09
  357    3.847648E-09
  358    3.826183E-09
  359    3.804897E-09
  360    3.783788E-09
  361    3.705582E-09
  362    3.685138E-09
  363    3.664862E-09
  364    3.644753E-09
  365    3.624809E-09
  366    4.465394E-09
  367    4.441092E-09
  368    4.416989E-09
  369    4.393081E-09
  370    4.369367E-09
  371    4.481695E-09
  372    4.457632E-09
  373    4.433763E-09
  374    4.410085E-09
  375    4.386596E-09
  376    5.071294E-09
  377    5.044426E-09
  378    5.017771E-09
  379    4.991327E-09
  380    4.965092E-09
  381    5.778399E-09
  382    5.748185E-09
  383    5.718208E-09
  384    5.688464E-09
  385    5.658952E-09
  386    5.494433E-09
  387    5.466074E-09
  388    5.437935E-09
  389    5.410013E-09
  390    5.382304E-09
  391    6.642410E-09
  392    6.608563E-09
  393    6.574975E-09
  394    6.541641E-09
  395    6.508561E-09
  396    6.453594E-09
  397    6.421124E-09
  398    6.388897E-09
  399    6.356913E-09
  400    6.325168E-09
  401    7.558941E-09
  402    7.521382E-09
  403    7.484101E-09
  404    7.447097E-09
  405    7.410367E-09
  406    7.971563E-09
  407    7.932439E-09
  408    7.893602E-09
  409    7.855050E-09
  410    7.816780E-09
  411    8.149353E-09
  412    8.109841E-09
  413    8.070616E-09
  414    8.031674E-09
  415    7.993014E-09
  416    8.879976E-09
  417    8.837437E-09
  418    8.795203E-09
  419    8.753272E-09
  420    8.711639E-09
  421    9.468449E-09
  422    9.423628E-09
  423    9.379125E-09
  424    9.334936E-09
  425    9.291058E-09
  426    1.045763E-08
  427    1.040870E-08
  428    1.036012E-08
  429    1.031188E-08
  430    1.026397E-08
  431    1.127795E-08
  432    1.122579E-08
  433    1.117400E-08
  434    1.112257E-08
  435    1.107149E-08
  436    1.221193E-08
  437    1.215611E-08
  438    1.210066E-08
  439    1.204560E-08
  440    1.199091E-08
  441    1.226747E-08
  442    1.221202E-08
  443    1.215695E-08
  444    1.210225E-08
  445    1.204792E-08
  446    1.342243E-08
  447    1.336244E-08
  448    1.330285E-08
  449    1.324366E-08
  450    1.318487E-08
  451    1.419900E-08
  452    1.413624E-08
  453    1.407390E-08
  454    1.401197E-08
  455    1.395044E-08
  456    1.552107E-08
  457    1.545322E-08
  458    1.538581E-08
  459    1.531884E-08
  460    1.525231E-08
  461    1.619346E-08
  462    1.612344E-08
  463    1.605386E-08
  464    1.598474E-08
  465    1.591606E-08
  466    1.550167E-08
  467    1.543535E-08
  468    1.536946E-08
  469    1.530399E-08
  470    1.523893E-08
  471    1.866018E-08
  472    1.858120E-08
  473    1.850271E-08
  474    1.842473E-08
  475    1.834723E-08
  476    1.848265E-08
  477    1.840524E-08
  478    1.832831E-08
  479    1.825186E-08
  480    1.817589E-08
  481    2.105114E-08
  482    2.096388E-08
  483    2.087716E-08
  484    2.079098E-08
  485    2.070533E-08
  486    2.066305E-08
  487    2.057828E-08
  488    2.049403E-08
  489    2.041030E-08
  490    2.032707E-08
  491    2.052855E-08
  492    2.044518E-08
  493    2.036232E-08
  494    2.027997E-08
  495    2.019811E-08
  496    2.399172E-08
  497    2.389527E-08
  498    2.379940E-08
  499    2.370411E-08
  500    2.360938E-08
  501    2.282947E-08
  502    2.273860E-08
  503    2.264828E-08
  504    2.255850E-08
  505    2.246925E-08
  506    2.645011E-08
  507    2.634587E-08
  508    2.624225E-08
  509    2.613924E-08
  510    2.603683E-08
  511    2.665314E-08
  512    2.654912E-08
  513    2.644572E-08
  514    2.634292E-08
  515    2.624071E-08
  516    2.759221E-08
  517    2.748557E-08
  518    2.737955E-08
  519    2.727415E-08
  520    2.716935E-08
  521    3.084540E-08
  522    3.072733E-08
  523    3.060994E-08
  524    3.049322E-08
  525    3.037716E-08
  526    2.752797E-08
  527    2.742360E-08
  528    2.731982E-08
  529    2.721663E-08
  530    2.711402E-08
  531    3.336486E-08
  532    3.323955E-08
  533    3.311494E-08
  534    3.299103E-08
  535    3.286781E-08
  536    3.210571E-08
  537    3.198624E-08
  538    3.186745E-08
  539    3.174931E-08
  540    3.163183E-08
  541    3.587926E-08
  542    3.574699E-08
  543    3.561545E-08
  544    3.548463E-08
  545    3.535453E-08
  546    3.639191E-08
  547    3.625897E-08
  548    3.612676E-08
  549    3.599527E-08
  550    3.586450E-08
  551    3.503650E-08
  552    3.490967E-08
  553    3.478353E-08
  554    3.465807E-08
  555    3.453329E-08
  556    4.132430E-08
  557    4.117605E-08
  558    4.102860E-08
  559    4.088194E-08
  560    4.073606E-08
  561    3.873380E-08
  562    3.859608E-08
  563    3.845909E-08
  564    3.832283E-08
  565    3.818730E-08
  566    4.393206E-08
  567    4.377724E-08
  568    4.362323E-08
  569    4.347003E-08
  570    4.331764E-08
  571    4.249584E-08
  572    4.234738E-08
  573    4.219970E-08
  574    4.205279E-08
  575    4.190665E-08
  576    4.668926E-08
  577    4.652756E-08
  578    4.636671E-08
  579    4.620669E-08
  580    4.604749E-08
  581    4.812222E-08
  582    4.795699E-08
  583    4.779262E-08
  584    4.762908E-08
  585    4.746639E-08
  586    4.791875E-08
  587    4.775562E-08
  588    4.759332E-08
  589    4.743185E-08
  590    4.727120E-08
  591    5.344822E-08
  592    5.326780E-08
  593    5.308830E-08
  594    5.290970E-08
  595    5.273200E-08
  596    5.299729E-08
  597    5.281989E-08
  598    5.264338E-08
  599    5.246776E-08
  600    5.229301E-08
  601    5.722608E-08
  602    5.703612E-08
  603    5.684710E-08
  604    5.665902E-08
  605    5.647187E-08
  606    5.664677E-08
  607    5.646028E-08
  608    5.627471E-08
  609    5.609005E-08
  610    5.590630E-08
  611    5.607873E-08
  612    5.589561E-08
  613    5.571340E-08
  614    5.553207E-08
  615    5.535162E-08
  616    6.499247E-08
  617    6.478196E-08
  618    6.457248E-08
  619    6.436402E-08
  620    6.415656E-08
  621    6.195780E-08
  622    6.175874E-08
  623    6.156064E-08
  624    6.136348E-08
  625    6.116728E-08
  626    6.820042E-08
  627    6.798305E-08
  628    6.776671E-08
  629    6.755141E-08
  630    6.733713E-08
  631    6.590881E-08
  632    6.570040E-08
  633    6.549298E-08
  634    6.528654E-08
  635    6.508108E-08
  636    6.910054E-08
  637    6.888376E-08
  638    6.866799E-08
  639    6.845323E-08
  640    6.823948E-08
  641    7.543823E-08
  642    7.520340E-08
  643    7.496967E-08
  644    7.473702E-08
  645    7.450546E-08
  646    7.110539E-08
  647    7.088576E-08
  648    7.066715E-08
  649    7.044954E-08
  650    7.023294E-08
  651    7.984610E-08
  652    7.960136E-08
  653    7.935774E-08
  654    7.911524E-08
  655    7.887385E-08
  656    7.792551E-08
  657    7.768848E-08
  658    7.745252E-08
  659    7.721764E-08
  660    7.698383E-08
  661    8.122077E-08
  662    8.097558E-08
  663    8.073149E-08
  664    8.048851E-08
  665    8.024662E-08
  666    8.371075E-08
  667    8.345993E-08
  668    8.321024E-08
  669    8.296166E-08
  670    8.271420E-08
  671    8.006943E-08
  672    7.983130E-08
  673    7.959424E-08
  674    7.935823E-08
  675    7.912327E-08
  676    9.122391E-08
  677    9.095462E-08
  678    9.068651E-08
  679    9.041959E-08
  680    9.015385E-08
  681    8.593019E-08
  682    8.567838E-08
  683    8.542768E-08
  684    8.517807E-08
  685    8.492956E-08
  686    9.539112E-08
  687    9.511362E-08
  688    9.483732E-08
  689    9.456223E-08
  690    9.428834E-08
  691    9.406230E-08
  692    9.379064E-08
  693    9.352015E-08
  694    9.325083E-08
  695    9.298268E-08
  696    9.479975E-08
  697    9.452793E-08
  698    9.425727E-08
  699    9.398777E-08
  700    9.371942E-08
  701    1.029801E-07
  702    1.026870E-07
  703    1.023950E-07
  704    1.021043E-07
  705    1.018149E-07
  706    9.565778E-08
  707    9.538736E-08
  708    9.511810E-08
  709    9.484997E-08
  710    9.458298E-08
  711    1.066781E-07
  712    1.063787E-07
  713    1.060805E-07
  714    1.057836E-07
  715    1.054879E-07
  716    1.047091E-07
  717    1.044173E-07
  718    1.041266E-07
  719    1.038372E-07
  720    1.035489E-07
  721    1.115365E-07
  722    1.112277E-07
  723    1.109203E-07
  724    1.106141E-07
  725    1.103091E-07
  726    1.120731E-07
  727    1.117650E-07
  728    1.114582E-07
  729    1.111526E-07
  730    1.108483E-07
  731    1.085256E-07
  732    1.082292E-07
  733    1.079341E-07
  734    1.076402E-07
  735    1.073475E-07
  736    1.161113E-07
  737    1.157964E-07
  738    1.154828E-07
  739    1.151705E-07
  740    1.148594E-07
  741    1.153969E-07
  742    1.150861E-07
  743    1.147765E-07
  744    1.144682E-07
  745    1.141611E-07
  746    1.216484E-07
  747    1.213229E-07
  748    1.209988E-07
  749    1.206759E-07
  750    1.203543E-07
  751    1.239373E-07
  752    1.236079E-07
  753    1.232798E-07
  754    1.229530E-07
  755    1.226275E-07
  756    1.171531E-07
  757    1.168437E-07
  758    1.165357E-07
  759    1.162288E-07
  760    1.159231E-07
  761    1.352225E-07
  762    1.348678E-07
  763    1.345145E-07
  764    1.341626E-07
  765    1.338121E-07
  766    1.266493E-07
  767    1.263193E-07
  768    1.259905E-07
  769    1.256631E-07
  770    1.253369E-07
  771    1.310476E-07
  772    1.307083E-07
  773    1.303704E-07
  774    1.300337E-07
  775    1.296984E-07
  776    1.321620E-07
  777    1.318220E-07
  778    1.314833E-07
  779    1.311460E-07
  780    1.308099E-07
  781    1.368616E-07
  782    1.365118E-07
  783    1.361634E-07
  784    1.358162E-07
  785    1.354704E-07
  786    1.391845E-07
  787    1.388310E-07
  788    1.384789E-07
  789    1.381281E-07
  790    1.377786E-07
  791    1.379181E-07
  792    1.375700E-07
  793    1.372233E-07
  794    1.368778E-07
  795    1.365337E-07
  796    1.439067E-07
  797    1.435458E-07
  798    1.431862E-07
  799    1.428281E-07
  800    1.424712E-07
  801    1.409369E-07
  802    1.405857E-07
  803    1.402357E-07
  804    1.398871E-07
  805    1.395398E-07
  806    1.458848E-07
  807    1.455235E-07
  808    1.451635E-07
  809    1.448049E-07
  810    1.444476E-07
  811    1.449815E-07
  812    1.446247E-07
  813    1.442691E-07
  814    1.439149E-07
  815    1.435619E-07
  816    1.450106E-07
  817    1.446559E-07
  818    1.443024E-07
  819    1.439502E-07
  820    1.435993E-07
  821    1.502117E-07
  822    1.498465E-07
  823    1.494826E-07
  824    1.491199E-07
  825    1.487587E-07
  826    1.515836E-07
  827    1.512173E-07
  828    1.508522E-07
  829    1.504885E-07
  830    1.501261E-07
  831    1.563029E-07
  832    1.559274E-07
  833    1.555532E-07
  834    1.551804E-07
  835    1.548090E-07
  836    1.511296E-07
  837    1.507687E-07
  838    1.504091E-07
  839    1.500507E-07
  840    1.496937E-07
  841    1.506216E-07
  842    1.502641E-07
  843    1.499078E-07
  844    1.495527E-07
  845    1.491990E-07
  846    1.605677E-07
  847    1.601887E-07
  848    1.598111E-07
  849    1.594349E-07
  850    1.590600E-07
  851    1.518566E-07
  852    1.515004E-07
  853    1.511454E-07
  854    1.507916E-07
  855    1.504391E-07
  856    1.596548E-07
  857    1.592824E-07
  858    1.589114E-07
  859    1.585416E-07
  860    1.581731E-07
  861    1.526740E-07
  862    1.523199E-07
  863    1.519671E-07
  864    1.516156E-07
  865    1.512652E-07
  866    1.643849E-07
  867    1.640059E-07
  868    1.636283E-07
  869    1.632519E-07
  870    1.628768E-07
  871    1.644192E-07
  872    1.640423E-07
  873    1.636667E-07
  874    1.632924E-07
  875    1.629194E-07
  876    1.597192E-07
  877    1.593552E-07
  878    1.589924E-07
  879    1.586308E-07
  880    1.582705E-07
  881    1.658956E-07
  882    1.655196E-07
  883    1.651449E-07
  884    1.647715E-07
  885    1.643994E-07
  886    1.614985E-07
  887    1.611346E-07
  888    1.607719E-07
  889    1.604104E-07
  890    1.600501E-07
  891    1.664973E-07
  892    1.661242E-07
  893    1.657523E-07
  894    1.653817E-07
  895    1.650124E-07
  896    1.643883E-07
  897    1.640220E-07
  898    1.636569E-07
  899    1.632930E-07
  900    1.629304E-07
  901    1.613672E-07
  902    1.610096E-07
  903    1.606532E-07
  904    1.602980E-07
  905    1.599439E-07
  906    1.710572E-07
  907    1.706802E-07
  908    1.703045E-07
  909    1.699300E-07
  910    1.695567E-07
  911    1.624347E-07
  912    1.620787E-07
  913    1.617238E-07
  914    1.613701E-07
  915    1.610176E-07
  916    1.741733E-07
  917    1.737936E-07
  918    1.734152E-07
  919    1.730380E-07
  920    1.726620E-07
  921    1.637857E-07
  922    1.634306E-07
  923    1.630766E-07
  924    1.627239E-07
  925    1.623722E-07
  926    1.663276E-07
  927    1.659690E-07
  928    1.656115E-07
  929    1.652551E-07
  930    1.648999E-07
  931    1.750003E-07
  932    1.746250E-07
  933    1.742509E-07
  934    1.738779E-07
  935    1.735062E-07
  936    1.592885E-07
  937    1.589487E-07
  938    1.586099E-07
  939    1.582723E-07
  940    1.579357E-07
  941    1.694301E-07
  942    1.690706E-07
  943    1.687122E-07
  944    1.683549E-07
  945    1.679988E-07
  946    1.630766E-07
  947    1.627324E-07
  948    1.623893E-07
  949    1.620472E-07
  950    1.617062E-07
  951    1.664517E-07
  952    1.661022E-07
  953    1.657538E-07
  954    1.654065E-07
  955    1.650603E-07
  956    1.638425E-07
  957    1.635003E-07
  958    1.631591E-07
  959    1.628190E-07
  960    1.624800E-07
  961    1.566719E-07
  962    1.563463E-07
  963    1.560218E-07
  964    1.556982E-07
  965    1.553757E-07
  966    1.688270E-07
  967    1.684780E-07
  968    1.681301E-07
  969    1.677833E-07
  970    1.674375E-07
  971    1.546106E-07
  972    1.542926E-07
  973    1.539756E-07
  974    1.536596E-07
  975    1.533446E-07
  976    1.655011E-07
  977    1.651625E-07
  978    1.648249E-07
  979    1.644884E-07
  980    1.641529E-07
  981    1.597076E-07
  982    1.593825E-07
  983    1.590584E-07
  984    1.587353E-07
  985    1.584131E-07
  986    1.532858E-07
  987    1.529754E-07
  988    1.526658E-07
  989    1.523573E-07
  990    1.520496E-07
  991    1.579990E-07
  992    1.576806E-07
  993    1.573632E-07
  994    1.570467E-07
  995    1.567312E-07
  996    1.508308E-07
  997    1.505284E-07
  998    1.502269E-07
  999    1.499263E-07
 1000    1.496266E-07
 1001    1.526417E-07
 1002    1.523372E-07
 1003    1.520336E-07
 1004    1.517309E-07
 1005    1.514291E-07
 1006    1.472877E-07
 1007    1.469953E-07
 1008    1.467038E-07
 1009    1.464131E-07
 1010    1.461233E-07
 1011    1.457666E-07
 1012    1.454787E-07
 1013    1.451916E-07
 1014    1.449054E-07
 1015    1.446200E-07
 1016    1.549201E-07
 1017    1.546156E-07
 1018    1.543119E-07
 1019    1.540092E-07
 1020    1.537074E-07
 1021    1.427264E-07
 1022    1.424472E-07
 1023    1.421688E-07
 1024    1.418913E-07
 1025    1.416146E-07
 1026    1.437496E-07
 1027    1.434698E-07
 1028    1.431908E-07
 1029    1.429126E-07
 1030    1.426352E-07
 1031    1.408691E-07
 1032    1.405962E-07
 1033    1.403241E-07
 1034    1.400528E-07
 1035    1.397823E-07
 1036    1.391358E-07
 1037    1.388676E-07
 1038    1.386001E-07
 1039    1.383335E-07
 1040    1.380676E-07
 1041    1.418099E-07
 1042    1.415379E-07
 1043    1.412666E-07
 1044    1.409961E-07
 1045    1.407264E-07
 1046    1.354835E-07
 1047    1.352248E-07
 1048    1.349669E-07
 1049    1.347097E-07
 1050    1.344532E-07
 1051    1.353502E-07
 1052    1.350930E-07
 1053    1.348365E-07
 1054    1.345808E-07
 1055    1.343258E-07
 1056    1.307507E-07
 1057    1.305034E-07
 1058    1.302568E-07
 1059    1.300109E-07
 1060    1.297657E-07
 1061    1.302595E-07
 1062    1.300143E-07
 1063    1.297698E-07
 1064    1.295260E-07
 1065    1.292829E-07
 1066    1.304849E-07
 1067    1.302404E-07
 1068    1.299967E-07
 1069    1.297536E-07
 1070    1.295111E-07
 1071    1.283090E-07
 1072    1.280698E-07
 1073    1.278312E-07
 1074    1.275932E-07
 1075    1.273560E-07
 1076    1.212354E-07
 1077    1.210103E-07
 1078    1.207859E-07
 1079    1.205621E-07
 1080    1.203390E-07
 1081    1.259893E-07
 1082    1.257566E-07
 1083    1.255244E-07
 1084    1.252929E-07
 1085    1.250621E-07
 1086    1.219455E-07
 1087    1.217212E-07
 1088    1.214976E-07
 1089    1.212746E-07
 1090    1.210521E-07
 1091    1.185705E-07
 1092    1.183535E-07
 1093    1.181370E-07
 1094    1.179211E-07
 1095    1.177058E-07
 1096    1.194515E-07
 1097    1.192339E-07
 1098    1.190168E-07
 1099    1.188003E-07
 1100    1.185844E-07
 1101    1.200588E-07
 1102    1.198410E-07
 1103    1.196238E-07
 1104    1.194072E-07
 1105    1.191912E-07
 1106    1.137692E-07
 1107    1.135638E-07
 1108    1.133589E-07
 1109    1.131546E-07
 1110    1.129508E-07
 1111    1.143157E-07
 1112    1.141101E-07
 1113    1.139052E-07
 1114    1.137008E-07
 1115    1.134969E-07
 1116    1.115259E-07
 1117    1.113263E-07
 1118    1.111273E-07
 1119    1.109287E-07
 1120    1.107307E-07
 1121    1.162485E-07
 1122    1.160413E-07
 1123    1.158348E-07
 1124    1.156288E-07
 1125    1.154233E-07
 1126    1.087732E-07
 1127    1.085803E-07
 1128    1.083878E-07
 1129    1.081959E-07
 1130    1.080045E-07
 1131    1.106789E-07
 1132    1.104834E-07
 1133    1.102885E-07
 1134    1.100941E-07
 1135    1.099002E-07
 1136    1.092478E-07
 1137    1.090558E-07
 1138    1.088642E-07
 1139    1.086731E-07
 1140    1.084825E-07
 1141    1.091846E-07
 1142    1.089935E-07
 1143    1.088028E-07
 1144    1.086127E-07
 1145    1.084231E-07
 1146    1.125219E-07
 1147    1.123258E-07
 1148    1.121302E-07
 1149    1.119351E-07
 1150    1.117405E-07
 1151    1.063894E-07
 1152    1.062047E-07
 1153    1.060206E-07
 1154    1.058369E-07
 1155    1.056537E-07
 1156    1.094259E-07
 1157    1.092368E-07
 1158    1.090482E-07
 1159    1.088601E-07
 1160    1.086725E-07
 1161    1.076608E-07
 1162    1.074756E-07
 1163    1.072908E-07
 1164    1.071065E-07
 1165    1.069227E-07
 1166    1.094626E-07
 1167    1.092751E-07
 1168    1.090880E-07
 1169    1.089015E-07
 1170    1.087154E-07
 1171    1.150932E-07
 1172    1.148969E-07
 1173    1.147011E-07
 1174    1.145057E-07
 1175    1.143109E-07
 1176    1.078686E-07
 1177    1.076854E-07
 1178    1.075027E-07
 1179    1.073204E-07
 1180    1.071385E-07
 1181    1.151389E-07
 1182    1.149442E-07
 1183    1.147499E-07
 1184    1.145562E-07
 1185    1.143629E-07
 1186    1.173422E-07
 1187    1.171446E-07
 1188    1.169475E-07
 1189    1.167508E-07
 1190    1.165547E-07
 1191    1.155199E-07
 1192    1.153262E-07
 1193    1.151329E-07
 1194    1.149402E-07
 1195    1.147479E-07
 1196    1.201337E-07
 1197    1.199331E-07
 1198    1.197329E-07
 1199    1.195333E-07
 1200    1.193342E-07
 1201    1.186871E-07
 1202    1.184897E-07
 1203    1.182928E-07
 1204    1.180964E-07
 1205    1.179004E-07
 1206    1.255692E-07
 1207    1.253612E-07
 1208    1.251537E-07
 1209    1.249468E-07
 1210    1.247403E-07
 1211    1.240906E-07
 1212    1.238859E-07
 1213    1.236817E-07
 1214    1.234780E-07
 1215    1.232749E-07
 1216    1.270828E-07
 1217    1.268740E-07
 1218    1.266657E-07
 1219    1.264580E-07
 1220    1.262508E-07
 1221    1.348696E-07
 1222    1.346489E-07
 1223    1.344288E-07
 1224    1.342092E-07
 1225    1.339902E-07
 1226    1.312506E-07
 1227    1.310368E-07
 1228    1.308234E-07
 1229    1.306106E-07
 1230    1.303983E-07
 1231    1.450571E-07
 1232    1.448217E-07
 1233    1.445869E-07
 1234    1.443527E-07
 1235    1.441190E-07
 1236    1.437647E-07
 1237    1.435323E-07
 1238    1.433005E-07
 1239    1.430693E-07
 1240    1.428386E-07
 1241    1.486473E-07
 1242    1.484080E-07
 1243    1.481693E-07
 1244    1.479312E-07
 1245    1.476937E-07
 1246    1.585088E-07
 1247    1.582546E-07
 1248    1.580011E-07
 1249    1.577482E-07
 1250    1.574959E-07
 1251    1.581018E-07
 1252    1.578493E-07
 1253    1.575974E-07
 1254    1.573462E-07
 1255    1.570955E-07
 1256    1.741856E-07
 1257    1.739085E-07
 1258    1.736322E-07
 1259    1.733564E-07
 1260    1.730814E-07
 1261    1.692350E-07
 1262    1.689669E-07
 1263    1.686994E-07
 1264    1.684326E-07
 1265    1.681664E-07
 1266    1.834412E-07
 1267    1.831517E-07
 1268    1.828630E-07
 1269    1.825749E-07
 1270    1.822875E-07
 1271    1.948789E-07
 1272    1.945726E-07
 1273    1.942670E-07
 1274    1.939622E-07
 1275    1.936580E-07
 1276    1.959094E-07
 1277    1.956027E-07
 1278    1.952967E-07
 1279    1.949914E-07
 1280    1.946868E-07
 1281    2.094366E-07
 1282    2.091100E-07
 1283    2.087842E-07
 1284    2.084591E-07
 1285    2.081348E-07
 1286    2.163371E-07
 1287    2.160010E-07
 1288    2.156657E-07
 1289    2.153313E-07
 1290    2.149975E-07
 1291    2.363587E-07
 1292    2.359930E-07
 1293    2.356281E-07
 1294    2.352640E-07
 1295    2.349008E-07
 1296    2.403767E-07
 1297    2.400062E-07
 1298    2.396365E-07
 1299    2.392677E-07
 1300    2.388997E-07
 1301    2.538373E-07
 1302    2.534475E-07
 1303    2.530586E-07
 1304    2.526706E-07
 1305    2.522835E-07
 1306    2.652989E-07
 1307    2.648931E-07
 1308    2.644882E-07
 1309    2.640842E-07
 1310    2.636812E-07
 1311    2.798937E-07
 1312    2.794672E-07
 1313    2.790416E-07
 1314    2.786171E-07
 1315    2.781935E-07
 1316    3.010177E-07
 1317    3.005607E-07
 1318    3.001048E-07
 1319    2.996499E-07
 1320    2.991961E-07
 1321    3.092270E-07
 1322    3.087594E-07
 1323    3.082928E-07
 1324    3.078273E-07
 1325    3.073628E-07
 1326    3.280738E-07
 1327    3.275795E-07
 1328    3.270863E-07
 1329    3.265943E-07
 1330    3.261034E-07
 1331    3.420319E-07
 1332    3.415185E-07
 1333    3.410063E-07
 1334    3.404952E-07
 1335    3.399853E-07
 1336    3.608965E-07
 1337    3.603568E-07
 1338    3.598184E-07
 1339    3.592811E-07
 1340    3.587451E-07
 1341    3.819530E-07
 1342    3.813840E-07
 1343    3.808162E-07
 1344    3.802497E-07
 1345    3.796845E-07
 1346    3.896962E-07
 1347    3.891178E-07
 1348    3.885407E-07
 1349    3.879648E-07
 1350    3.873903E-07
 1351    4.084296E-07
 1352    4.078256E-07
 1353    4.072230E-07
 1354    4.066217E-07
 1355    4.060217E-07
 1356    4.230598E-07
 1357    4.224365E-07
 1358    4.218146E-07
 1359    4.211940E-07
 1360    4.205748E-07
 1361    4.342903E-07
 1362    4.336528E-07
 1363    4.330167E-07
 1364    4.323821E-07
 1365    4.317488E-07
 1366    4.490808E-07
 1367    4.484240E-07
 1368    4.477687E-07
 1369    4.471148E-07
 1370    4.464623E-07
 1371    4.684768E-07
 1372    4.677941E-07
 1373    4.671129E-07
 1374    4.664332E-07
 1375    4.657550E-07
 1376    5.103752E-07
 1377    5.096342E-07
 1378    5.088948E-07
 1379    5.081570E-07
 1380    5.074208E-07
 1381    5.137125E-07
 1382    5.129694E-07
 1383    5.122278E-07
 1384    5.114879E-07
 1385    5.107495E-07
 1386    5.505990E-07
 1387    5.498054E-07
 1388    5.490134E-07
 1389    5.482232E-07
 1390    5.474347E-07
 1391    5.540262E-07
 1392    5.532305E-07
 1393    5.524364E-07
 1394    5.516441E-07
 1395    5.508535E-07
 1396    6.033620E-07
 1397    6.024985E-07
 1398    6.016369E-07
 1399    6.007771E-07
 1400    5.999191E-07
 1401    6.319489E-07
 1402    6.310477E-07
 1403    6.301484E-07
 1404    6.292511E-07
 1405    6.283557E-07
 1406    6.412259E-07
 1407    6.403147E-07
 1408    6.394055E-07
 1409    6.384982E-07
 1410    6.375929E-07
 1411    6.790049E-07
 1412    6.780435E-07
 1413    6.770841E-07
 1414    6.761268E-07
 1415    6.751715E-07
 1416    6.975760E-07
 1417    6.965917E-07
 1418    6.956096E-07
 1419    6.946295E-07
 1420    6.936515E-07
 1421    7.374693E-07
 1422    7.364324E-07
 1423    7.353978E-07
 1424    7.343653E-07
 1425    7.333349E-07
 1426    7.945160E-07
 1427    7.934028E-07
 1428    7.922920E-07
 1429    7.911835E-07
 1430    7.900774E-07
 1431    8.104172E-07
 1432    8.092858E-07
 1433    8.081567E-07
 1434    8.070299E-07
 1435    8.059055E-07
 1436    8.562376E-07
 1437    8.550464E-07
 1438    8.538575E-07
 1439    8.526712E-07
 1440    8.514874E-07
 1441    8.746234E-07
 1442    8.734107E-07
 1443    8.722006E-07
 1444    8.709930E-07
 1445    8.697879E-07
 1446    9.053007E-07
 1447    9.040498E-07
 1448    9.028016E-07
 1449    9.015559E-07
 1450    9.003128E-07
 1451    9.279673E-07
 1452    9.266896E-07
 1453    9.254145E-07
 1454    9.241420E-07
 1455    9.228721E-07
 1456    9.280493E-07
 1457    9.267758E-07
 1458    9.255049E-07
 1459    9.242367E-07
 1460    9.229710E-07
 1461    1.023856E-06
 1462    1.022456E-06
 1463    1.021059E-06
 1464    1.019664E-06
 1465    1.018273E-06
 1466    1.015077E-06
 1467    1.013694E-06
 1468    1.012313E-06
 1469    1.010936E-06
 1470    1.009561E-06
 1471    1.084100E-06
 1472    1.082628E-06
 1473    1.081158E-06
 1474    1.079692E-06
 1475    1.078228E-06
 1476    1.084735E-06
 1477    1.083266E-06
 1478    1.081801E-06
 1479    1.080338E-06
 1480    1.078879E-06
 1481    1.143923E-06
 1482    1.142380E-06
 1483    1.140840E-06
 1484    1.139303E-06
 1485    1.137769E-06
 1486    1.217235E-06
 1487    1.215599E-06
 1488    1.213965E-06
 1489    1.212335E-06
 1490    1.210709E-06
 1491    1.222451E-06
 1492    1.220813E-06
 1493    1.219178E-06
 1494    1.217547E-06
 1495    1.215919E-06
 1496    1.268662E-06
 1497    1.266967E-06
 1498    1.265276E-06
 1499    1.263589E-06
 1500    1.261905E-06
 1501    1.300797E-06
 1502    1.299066E-06
 1503    1.297338E-06
 1504    1.295613E-06
 1505    1.293892E-06
 1506    1.350072E-06
 1507    1.348281E-06
 1508    1.346494E-06
 1509    1.344710E-06
 1510    1.342929E-06
 1511    1.416508E-06
 1512    1.414635E-06
 1513    1.412765E-06
 1514    1.410900E-06
 1515    1.409038E-06
 1516    1.420591E-06
 1517    1.418719E-06
 1518    1.416850E-06
 1519    1.414985E-06
 1520    1.413124E-06
 1521    1.497293E-06
 1522    1.495326E-06
 1523    1.493363E-06
 1524    1.491404E-06
 1525    1.489448E-06
 1526    1.602498E-06
 1527    1.600400E-06
 1528    1.598306E-06
 1529    1.596216E-06
 1530    1.594130E-06
 1531    1.631020E-06
 1532    1.628891E-06
 1533    1.626767E-06
 1534    1.624647E-06
 1535    1.622531E-06
 1536    1.667838E-06
 1537    1.665668E-06
 1538    1.663503E-06
 1539    1.661342E-06
 1540    1.659185E-06
 1541    1.658408E-06
 1542    1.656258E-06
 1543    1.654112E-06
 1544    1.651970E-06
 1545    1.649832E-06
 1546    1.802923E-06
 1547    1.800592E-06
 1548    1.798267E-06
 1549    1.795946E-06
 1550    1.793629E-06
 1551    1.766718E-06
 1552    1.764442E-06
 1553    1.762170E-06
 1554    1.759903E-06
 1555    1.757640E-06
 1556    1.849123E-06
 1557    1.846749E-06
 1558    1.844379E-06
 1559    1.842013E-06
 1560    1.839653E-06
 1561    1.862876E-06
 1562    1.860491E-06
 1563    1.858111E-06
 1564    1.855736E-06
 1565    1.853365E-06
 1566    1.889165E-06
 1567    1.886754E-06
 1568    1.884348E-06
 1569    1.881947E-06
 1570    1.879551E-06
 1571    1.953007E-06
 1572    1.950523E-06
 1573    1.948044E-06
 1574    1.945569E-06
 1575    1.943100E-06
 1576    2.022737E-06
 1577    2.020173E-06
 1578    2.017613E-06
 1579    2.015058E-06
 1580    2.012508E-06
 1581    2.063034E-06
 1582    2.060427E-06
 1583    2.057824E-06
 1584    2.055227E-06
 1585    2.052635E-06
 1586    2.150154E-06
 1587    2.147445E-06
 1588    2.144742E-06
 1589    2.142043E-06
 1590    2.139349E-06
 1591    2.173285E-06
 1592    2.170555E-06
 1593    2.167831E-06
 1594    2.165112E-06
 1595    2.162398E-06
 1596    2.220185E-06
 1597    2.217405E-06
 1598    2.214631E-06
 1599    2.211862E-06
 1600    2.209098E-06
 1601    2.248800E-06
 1602    2.245993E-06
 1603    2.243192E-06
 1604    2.240396E-06
 1605    2.237605E-06
 1606    2.295205E-06
 1607    2.292350E-06
 1608    2.289499E-06
 1609    2.286654E-06
 1610    2.283815E-06
 1611    2.416751E-06
 1612    2.413754E-06
 1613    2.410762E-06
 1614    2.407776E-06
 1615    2.404795E-06
 1616    2.444291E-06
 1617    2.441269E-06
 1618    2.438252E-06
 1619    2.435241E-06
 1620    2.432235E-06
 1621    2.532801E-06
 1622    2.529679E-06
 1623    2.526563E-06
 1624    2.523452E-06
 1625    2.520347E-06
 1626    2.565087E-06
 1627    2.561934E-06
 1628    2.558788E-06
 1629    2.555648E-06
 1630    2.552513E-06
 1631    2.706228E-06
 1632    2.702913E-06
 1633    2.699604E-06
 1634    2.696300E-06
 1635    2.693003E-06
 1636    2.701715E-06
 1637    2.698415E-06
 1638    2.695121E-06
 1639    2.691833E-06
 1640    2.688552E-06
 1641    2.790927E-06
 1642    2.787528E-06
 1643    2.784136E-06
 1644    2.780750E-06
 1645    2.777370E-06
 1646    2.769481E-06
 1647    2.766119E-06
 1648    2.762763E-06
 1649    2.759413E-06
 1650    2.756069E-06
 1651    2.857024E-06
 1652    2.853566E-06
 1653    2.850114E-06
 1654    2.846669E-06
 1655    2.843230E-06
 1656    2.847535E-06
 1657    2.844099E-06
 1658    2.840670E-06
 1659    2.837246E-06
 1660    2.833829E-06
 1661    2.816730E-06
 1662    2.813342E-06
 1663    2.809959E-06
 1664    2.806583E-06
 1665    2.803213E-06
 1666    2.955384E-06
 1667    2.951839E-06
 1668    2.948301E-06
 1669    2.944769E-06
 1670    2.941243E-06
 1671    2.994303E-06
 1672    2.990723E-06
 1673    2.987148E-06
 1674    2.983581E-06
 1675    2.980019E-06
 1676    3.129657E-06
 1677    3.125925E-06
 1678    3.122201E-06
 1679    3.118483E-06
 1680    3.114771E-06
 1681    3.152599E-06
 1682    3.148852E-06
 1683    3.145111E-06
 1684    3.141377E-06
 1685    3.137649E-06
 1686    3.224991E-06
 1687    3.221169E-06
 1688    3.217353E-06
 1689    3.213545E-06
 1690    3.209743E-06
 1691    3.293786E-06
 1692    3.289894E-06
 1693    3.286008E-06
 1694    3.282130E-06
 1695    3.278258E-06
 1696    3.335062E-06
 1697    3.331132E-06
 1698    3.327210E-06
 1699    3.323294E-06
 1700    3.319386E-06
 1701    3.399557E-06
 1702    3.395564E-06
 1703    3.391577E-06
 1704    3.387598E-06
 1705    3.383625E-06
 1706    3.395547E-06
 1707    3.391570E-06
 1708    3.387600E-06
 1709    3.383637E-06
 1710    3.379680E-06
 1711    3.436346E-06
 1712    3.432332E-06
 1713    3.428326E-06
 1714    3.424327E-06
 1715    3.420335E-06
 1716    3.568016E-06
 1717    3.563861E-06
 1718    3.559713E-06
 1719    3.555573E-06
 1720    3.551440E-06
 1721    3.580048E-06
 1722    3.575891E-06
 1723    3.571741E-06
 1724    3.567599E-06
 1725    3.563464E-06
 1726    3.792513E-06
 1727    3.788122E-06
 1728    3.783739E-06
 1729    3.779363E-06
 1730    3.774996E-06
 1731    3.773123E-06
 1732    3.768768E-06
 1733    3.764419E-06
 1734    3.760079E-06
 1735    3.755746E-06
 1736    3.897119E-06
 1737    3.892633E-06
 1738    3.888155E-06
 1739    3.883684E-06
 1740    3.879222E-06
 1741    3.949549E-06
 1742    3.945016E-06
 1743    3.940490E-06
 1744    3.935973E-06
 1745    3.931463E-06
 1746    3.891151E-06
 1747    3.886698E-06
 1748    3.882252E-06
 1749    3.877814E-06
 1750    3.873383E-06
 1751    3.970130E-06
 1752    3.965599E-06
 1753    3.961076E-06
 1754    3.956561E-06
 1755    3.952053E-06
 1756    3.921242E-06
 1757    3.916779E-06
 1758    3.912325E-06
 1759    3.907878E-06
 1760    3.903438E-06
 1761    4.032295E-06
 1762    4.027720E-06
 1763    4.023152E-06
 1764    4.018592E-06
 1765    4.014039E-06
 1766    3.979024E-06
 1767    3.974522E-06
 1768    3.970027E-06
 1769    3.965540E-06
 1770    3.961060E-06
 1771    4.071542E-06
 1772    4.066948E-06
 1773    4.062362E-06
 1774    4.057783E-06
 1775    4.053212E-06
 1776    4.245219E-06
 1777    4.240443E-06
 1778    4.235674E-06
 1779    4.230913E-06
 1780    4.226161E-06
 1781    4.232168E-06
 1782    4.227419E-06
 1783    4.222679E-06
 1784    4.217946E-06
 1785    4.213221E-06
 1786    4.340578E-06
 1787    4.335721E-06
 1788    4.330873E-06
 1789    4.326032E-06
 1790    4.321200E-06
 1791    4.298324E-06
 1792    4.293528E-06
 1793    4.288740E-06
 1794    4.283960E-06
 1795    4.279189E-06
 1796    4.350551E-06
 1797    4.345711E-06
 1798    4.340878E-06
 1799    4.336054E-06
 1800    4.331237E-06
 1801    4.341795E-06
 1802    4.336978E-06
 1803    4.332168E-06
 1804    4.327367E-06
 1805    4.322573E-06
 1806    4.276723E-06
 1807    4.271991E-06
 1808    4.267266E-06
 1809    4.262550E-06
 1810    4.257841E-06
 1811    4.318546E-06
 1812    4.313781E-06
 1813    4.309023E-06
 1814    4.304274E-06
 1815    4.299532E-06
 1816    4.318540E-06
 1817    4.313788E-06
 1818    4.309043E-06
 1819    4.304307E-06
 1820    4.299578E-06
 1821    4.542836E-06
 1822    4.537851E-06
 1823    4.532874E-06
 1824    4.527905E-06
 1825    4.522944E-06
 1826    4.558729E-06
 1827    4.553740E-06
 1828    4.548760E-06
 1829    4.543787E-06
 1830    4.538822E-06
 1831    4.660554E-06
 1832    4.655467E-06
 1833    4.650389E-06
 1834    4.645319E-06
 1835    4.640258E-06
 1836    4.786164E-06
 1837    4.780955E-06
 1838    4.775754E-06
 1839    4.770561E-06
 1840    4.765377E-06
 1841    4.786214E-06
 1842    4.781019E-06
 1843    4.775832E-06
 1844    4.770654E-06
 1845    4.765484E-06
 1846    4.813301E-06
 1847    4.808090E-06
 1848    4.802888E-06
 1849    4.797694E-06
 1850    4.792509E-06
 1851    4.731533E-06
 1852    4.726425E-06
 1853    4.721325E-06
 1854    4.716233E-06
 1855    4.711150E-06
 1856    4.721741E-06
 1857    4.716657E-06
 1858    4.711581E-06
 1859    4.706514E-06
 1860    4.701454E-06
 1861    4.767658E-06
 1862    4.762538E-06
 1863    4.757427E-06
 1864    4.752324E-06
 1865    4.747229E-06
 1866    4.829265E-06
 1867    4.824093E-06
 1868    4.818929E-06
 1869    4.813774E-06
 1870    4.808627E-06
 1871    4.995622E-06
 1872    4.990286E-06
 1873    4.984959E-06
 1874    4.979640E-06
 1875    4.974330E-06
 1876    4.967318E-06
 1877    4.962027E-06
 1878    4.956744E-06
 1879    4.951470E-06
 1880    4.946203E-06
 1881    5.150784E-06
 1882    5.145312E-06
 1883    5.139849E-06
 1884    5.134394E-06
 1885    5.128948E-06
 1886    5.161224E-06
 1887    5.155755E-06
 1888    5.150295E-06
 1889    5.144843E-06
 1890    5.139400E-06
 1891    5.212445E-06
 1892    5.206936E-06
 1893    5.201437E-06
 1894    5.195946E-06
 1895    5.190463E-06
 1896    5.341428E-06
 1897    5.335798E-06
 1898    5.330177E-06
 1899    5.324565E-06
 1900    5.318961E-06
 1901    5.173132E-06
 1902    5.167694E-06
 1903    5.162264E-06
 1904    5.156843E-06
 1905    5.151431E-06
 1906    5.253639E-06
 1907    5.248131E-06
 1908    5.242631E-06
 1909    5.237140E-06
 1910    5.231657E-06
 1911    5.345560E-06
 1912    5.339970E-06
 1913    5.334388E-06
 1914    5.328816E-06
 1915    5.323252E-06
 1916    5.393373E-06
 1917    5.387747E-06
 1918    5.382131E-06
 1919    5.376523E-06
 1920    5.370924E-06
 1921    5.537152E-06
 1922    5.531392E-06
 1923    5.525641E-06
 1924    5.519898E-06
 1925    5.514165E-06
 1926    5.636096E-06
 1927    5.630248E-06
 1928    5.624409E-06
 1929    5.618579E-06
 1930    5.612758E-06
 1931    5.862663E-06
 1932    5.856596E-06
 1933    5.850538E-06
 1934    5.844489E-06
 1935    5.838450E-06
 1936    5.798591E-06
 1937    5.792606E-06
 1938    5.786629E-06
 1939    5.780662E-06
 1940    5.774704E-06
 1941    5.814875E-06
 1942    5.808888E-06
 1943    5.802910E-06
 1944    5.796942E-06
 1945    5.790982E-06
 1946    5.798778E-06
 1947    5.792823E-06
 1948    5.786877E-06
 1949    5.780940E-06
 1950    5.775012E-06
 1951    5.618977E-06
 1952    5.613221E-06
 1953    5.607474E-06
 1954    5.601736E-06
 1955    5.596007E-06
 1956    5.936094E-06
 1957    5.930029E-06
 1958    5.923973E-06
 1959    5.917927E-06
 1960    5.911890E-06
 1961    5.785756E-06
 1962    5.779859E-06
 1963    5.773972E-06
 1964    5.768094E-06
 1965    5.762225E-06
 1966    6.175281E-06
 1967    6.169004E-06
 1968    6.162736E-06
 1969    6.156478E-06
 1970    6.150230E-06
 1971    6.363989E-06
 1972    6.357537E-06
 1973    6.351094E-06
 1974    6.344661E-06
 1975    6.338237E-06
 1976    6.498663E-06
 1977    6.492090E-06
 1978    6.485527E-06
 1979    6.478975E-06
 1980    6.472432E-06
 1981    6.719471E-06
 1982    6.712692E-06
 1983    6.705924E-06
 1984    6.699165E-06
 1985    6.692417E-06
 1986    6.764340E-06
 1987    6.757533E-06
 1988    6.750736E-06
 1989    6.743950E-06
 1990    6.737174E-06
 1991    6.888484E-06
 1992    6.881569E-06
 1993    6.874665E-06
 1994    6.867772E-06
 1995    6.860889E-06
 1996    6.465594E-06
 1997    6.459120E-06
 1998    6.452656E-06
 1999    6.446202E-06
 2000    6.439757E-06
 2001    5.976278E-06
 2002    5.970310E-06
 2003    5.964350E-06
 2004    5.958399E-06
 2005    5.952457E-06
 2006    5.621706E-06
 2007    5.616106E-06
 2008    5.610513E-06
 2009    5.604929E-06
 2010    5.599354E-06
 2011    5.491941E-06
 2012    5.486483E-06
 2013    5.481033E-06
 2014    5.475592E-06
 2015    5.470158E-06
 2016    6.041052E-06
 2017    6.035064E-06
 2018    6.029084E-06
 2019    6.023113E-06
 2020    6.017151E-06
 2021    6.890001E-06
 2022    6.883187E-06
 2023    6.876384E-06
 2024    6.869591E-06
 2025    6.862808E-06
 2026    8.046243E-06
 2027    8.038306E-06
 2028    8.030381E-06
 2029    8.022467E-06
 2030    8.014565E-06
 2031    9.579186E-06
 2032    9.569760E-06
 2033    9.560347E-06
 2034    9.550949E-06
 2035    9.541565E-06
 2036    1.037628E-05
 2037    1.036610E-05
 2038    1.035593E-05
 2039    1.034577E-05
 2040    1.033563E-05
 2041    1.138174E-05
 2042    1.137059E-05
 2043    1.135947E-05
 2044    1.134835E-05
 2045    1.133726E-05
 2046    1.156392E-05
 2047    1.155262E-05
 2048    1.154135E-05
 2049    1.153008E-05
 2050    1.151884E-05
 2051    1.225419E-05
 2052    1.224225E-05
 2053    1.223033E-05
 2054    1.221842E-05
 2055    1.220653E-05
 2056    1.331857E-05
 2057    1.330562E-05
 2058    1.329270E-05
 2059    1.327979E-05
 2060    1.326690E-05
 2061    1.443623E-05
 2062    1.442223E-05
 2063    1.440825E-05
 2064    1.439429E-05
 2065    1.438036E-05
 2066    1.562312E-05
 2067    1.560801E-05
 2068    1.559291E-05
 2069    1.557785E-05
 2070    1.556280E-05
 2071    1.551384E-05
 2072    1.549887E-05
 2073    1.548392E-05
 2074    1.546899E-05
 2075    1.545409E-05
 2076    1.512326E-05
 2077    1.510870E-05
 2078    1.509417E-05
 2079    1.507965E-05
 2080    1.506515E-05
 2081    1.314158E-05
 2082    1.312896E-05
 2083    1.311635E-05
 2084    1.310377E-05
 2085    1.309120E-05
 2086    1.011614E-05
 2087    1.010644E-05
 2088    1.009677E-05
 2089    1.008710E-05
 2090    1.007745E-05
 2091    5.139666E-06
 2092    5.134753E-06
 2093    5.129848E-06
 2094    5.124950E-06
 2095    5.120058E-06
 2096   -1.531647E-06
 2097   -1.530187E-06
 2098   -1.528728E-06
 2099   -1.527272E-06
 2100   -1.525818E-06
 2101   -9.779690E-06
 2102   -9.770387E-06
 2103   -9.761098E-06
 2104   -9.751821E-06
 2105   -9.742558E-06
 2106   -1.731615E-05
 2107   -1.729971E-05
 2108   -1.728330E-05
 2109   -1.726692E-05
 2110   -1.725056E-05
 2111   -2.299882E-05
 2112   -2.297705E-05
 2113   -2.295530E-05
 2114   -2.293359E-05
 2115   -2.291191E-05
 2116   -2.496126E-05
 2117   -2.493768E-05
 2118   -2.491414E-05
 2119   -2.489063E-05
 2120   -2.486715E-05
 2121   -2.160752E-05
 2122   -2.158716E-05
 2123   -2.156683E-05
 2124   -2.154652E-05
 2125   -2.152625E-05
 2126   -1.024735E-05
 2127   -1.023772E-05
 2128   -1.022810E-05
 2129   -1.021850E-05
 2130   -1.020890E-05
 2131    1.139900E-05
 2132    1.138831E-05
 2133    1.137764E-05
 2134    1.136698E-05
 2135    1.135633E-05
 2136    4.530129E-05
 2137    4.525890E-05
 2138    4.521657E-05
 2139    4.517430E-05
 2140    4.513209E-05
 2141    9.049908E-05
 2142    9.041460E-05
 2143    9.033024E-05
 2144    9.024599E-05
 2145    9.016187E-05
 2146    1.484598E-04
 2147    1.483215E-04
 2148    1.481834E-04
 2149    1.480455E-04
 2150    1.479079E-04
 2151    2.084537E-04
 2152    2.082601E-04
 2153    2.080666E-04
 2154    2.078735E-04
 2155    2.076806E-04
 2156    2.674439E-04
 2157    2.671960E-04
 2158    2.669484E-04
 2159    2.667012E-04
 2160    2.664543E-04
 2161    3.238239E-04
 2162    3.235244E-04
 2163    3.232253E-04
 2164    3.229267E-04
 2165    3.226284E-04
 2166    3.410746E-04
 2167    3.407599E-04
 2168    3.404456E-04
 2169    3.401318E-04
 2170    3.398184E-04
 2171    3.443456E-04
 2172    3.440286E-04
 2173    3.437121E-04
 2174    3.433959E-04
 2175    3.430802E-04
 2176    2.831971E-04
 2177    2.829370E-04
 2178    2.826773E-04
 2179    2.824179E-04
 2180    2.821588E-04
 2181    1.509466E-04
 2182    1.508083E-04
 2183    1.506702E-04
 2184    1.505322E-04
 2185    1.503945E-04
 2186   -1.048007E-04
 2187   -1.047049E-04
 2188   -1.046092E-04
 2189   -1.045136E-04
 2190   -1.044182E-04
 2191   -5.016465E-04
 2192   -5.011889E-04
 2193   -5.007320E-04
 2194   -5.002756E-04
 2195   -4.998199E-04
 2196   -1.067463E-03
 2197   -1.066491E-03
 2198   -1.065521E-03
 2199   -1.064552E-03
 2200   -1.063585E-03
 2201   -1.626935E-03
 2202   -1.625458E-03
 2203   -1.623983E-03
 2204   -1.622509E-03
 2205   -1.621038E-03
 2206   -2.160284E-03
 2207   -2.158326E-03
 2208   -2.156372E-03
 2209   -2.154420E-03
 2210   -2.152471E-03
 2211   -2.429224E-03
 2212   -2.427028E-03
 2213   -2.424835E-03
 2214   -2.422645E-03
 2215   -2.420458E-03
 2216   -2.468480E-03
 2217   -2.466254E-03
 2218   -2.464031E-03
 2219   -2.461810E-03
 2220   -2.459593E-03
 2221   -2.340316E-03
 2222   -2.338210E-03
 2223   -2.336107E-03
 2224   -2.334007E-03
 2225   -2.331909E-03
 2226   -1.755788E-03
 2227   -1.754211E-03
 2228   -1.752637E-03
 2229   -1.751065E-03
 2230   -1.749495E-03
 2231   -6.853273E-04
 2232   -6.847134E-04
 2233   -6.841003E-04
 2234   -6.834880E-04
 2235   -6.828765E-04
 2236    1.290729E-03
 2237    1.289575E-03
 2238    1.288423E-03
 2239    1.287272E-03
 2240    1.286123E-03
 2241    4.374856E-03
 2242    4.370954E-03
 2243    4.367057E-03
 2244    4.363166E-03
 2245    4.359280E-03
 2246    9.163688E-03
 2247    9.155533E-03
 2248    9.147389E-03
 2249    9.139257E-03
 2250    9.131135E-03
 2251    1.378487E-02
 2252    1.377263E-02
 2253    1.376041E-02
 2254    1.374820E-02
 2255    1.373601E-02
 2256    1.839240E-02
 2257    1.837610E-02
 2258    1.835983E-02
 2259    1.834358E-02
 2260    1.832735E-02
 2261    2.126500E-02
 2262    2.124620E-02
 2263    2.122743E-02
 2264    2.120868E-02
 2265    2.118995E-02
 2266    2.306678E-02
 2267    2.304643E-02
 2268    2.302612E-02
 2269    2.300582E-02
 2270    2.298556E-02
 2271    2.414433E-02
 2272    2.412308E-02
 2273    2.410186E-02
 2274    2.408066E-02
 2275    2.405950E-02
 2276    2.341330E-02
 2277    2.339274E-02
 2278    2.337221E-02
 2279    2.335170E-02
 2280    2.333122E-02
 2281    2.336426E-02
 2282    2.334379E-02
 2283    2.332335E-02
 2284    2.330293E-02
 2285    2.328253E-02
 2286    2.124371E-02
 2287    2.122513E-02
 2288    2.120658E-02
 2289    2.118806E-02
 2290    2.116956E-02
 2291    1.808153E-02
 2292    1.806576E-02
 2293    1.805000E-02
 2294    1.803427E-02
 2295    1.801856E-02
 2296    1.362298E-02
 2297    1.361112E-02
 2298    1.359928E-02
 2299    1.358745E-02
 2300    1.357564E-02
 2301    8.477944E-03
 2302    8.470580E-03
 2303    8.463225E-03
 2304    8.455880E-03
 2305    8.448545E-03
 2306    4.244484E-03
 2307    4.240806E-03
 2308    4.237132E-03
 2309    4.233462E-03
 2310    4.229798E-03
 2311    9.768641E-04
 2312    9.760193E-04
 2313    9.751755E-04
 2314    9.743328E-04
 2315    9.734913E-04
 2316   -9.651167E-04
 2317   -9.642838E-04
 2318   -9.634520E-04
 2319   -9.626213E-04
 2320   -9.617916E-04
 2321   -2.012435E-03
 2322   -2.010702E-03
 2323   -2.008971E-03
 2324   -2.007243E-03
 2325   -2.005516E-03
 2326   -2.530996E-03
 2327   -2.528821E-03
 2328   -2.526649E-03
 2329   -2.524479E-03
 2330   -2.522313E-03
 2331   -2.720622E-03
 2332   -2.718289E-03
 2333   -2.715959E-03
 2334   -2.713632E-03
 2335   -2.711308E-03
 2336   -2.576225E-03
 2337   -2.574021E-03
 2338   -2.571819E-03
 2339   -2.569621E-03
 2340   -2.567425E-03
 2341   -2.305016E-03
 2342   -2.303048E-03
 2343   -2.301083E-03
 2344   -2.299120E-03
 2345   -2.297159E-03
 2346   -1.773603E-03
 2347   -1.772092E-03
 2348   -1.770583E-03
 2349   -1.769076E-03
 2350   -1.767570E-03
 2351   -1.152443E-03
 2352   -1.151463E-03
 2353   -1.150484E-03
 2354   -1.149507E-03
 2355   -1.148531E-03
 2356   -5.687274E-04
 2357   -5.682449E-04
 2358   -5.677630E-04
 2359   -5.672818E-04
 2360   -5.668011E-04
 2361   -1.571074E-04
 2362   -1.569744E-04
 2363   -1.568416E-04
 2364   -1.567089E-04
 2365   -1.565764E-04
 2366    1.030735E-04
 2367    1.029865E-04
 2368    1.028995E-04
 2369    1.028126E-04
 2370    1.027259E-04
 2371    2.414127E-04
 2372    2.412092E-04
 2373    2.410059E-04
 2374    2.408029E-04
 2375    2.406002E-04
 2376    2.990739E-04
 2377    2.988223E-04
 2378    2.985710E-04
 2379    2.983201E-04
 2380    2.980694E-04
 2381    3.047934E-04
 2382    3.045376E-04
 2383    3.042820E-04
 2384    3.040268E-04
 2385    3.037719E-04
 2386    2.770393E-04
 2387    2.768073E-04
 2388    2.765755E-04
 2389    2.763440E-04
 2390    2.761128E-04
 2391    2.393554E-04
 2392    2.391553E-04
 2393    2.389555E-04
 2394    2.387559E-04
 2395    2.385566E-04
 2396    1.730847E-04
 2397    1.729403E-04
 2398    1.727961E-04
 2399    1.726521E-04
 2400    1.725083E-04
 2401    1.101583E-04
 2402    1.100666E-04
 2403    1.099750E-04
 2404    1.098836E-04
 2405    1.097922E-04
 2406    5.044372E-05
 2407    5.040182E-05
 2408    5.035997E-05
 2409    5.031816E-05
 2410    5.027642E-05
 2411    5.270030E-06
 2412    5.265661E-06
 2413    5.261297E-06
 2414    5.256939E-06
 2415    5.252586E-06
 2416   -2.736455E-05
 2417   -2.734191E-05
 2418   -2.731930E-05
 2419   -2.729672E-05
 2420   -2.727416E-05
 2421   -4.733582E-05
 2422   -4.729674E-05
 2423   -4.725771E-05
 2424   -4.721872E-05
 2425   -4.717979E-05
 2426   -5.857900E-05
 2427   -5.853074E-05
 2428   -5.848253E-05
 2429   -5.843439E-05
 2430   -5.838630E-05
 2431   -5.980690E-05
 2432   -5.975773E-05
 2433   -5.970862E-05
 2434   -5.965956E-05
 2435   -5.961057E-05
 2436   -5.737063E-05
 2437   -5.732356E-05
 2438   -5.727654E-05
 2439   -5.722959E-05
 2440   -5.718269E-05
 2441   -5.042540E-05
 2442   -5.038411E-05
 2443   -5.034287E-05
 2444   -5.030168E-05
 2445   -5.026054E-05
 2446   -3.947070E-05
 2447   -3.943845E-05
 2448   -3.940624E-05
 2449   -3.937406E-05
 2450   -3.934193E-05
 2451   -2.921348E-05
 2452   -2.918966E-05
 2453   -2.916587E-05
 2454   -2.914210E-05
 2455   -2.911837E-05
 2456   -1.989183E-05
 2457   -1.987565E-05
 2458   -1.985948E-05
 2459   -1.984333E-05
 2460   -1.982720E-05
 2461   -1.335667E-05
 2462   -1.334582E-05
 2463   -1.333499E-05
 2464   -1.332417E-05
 2465   -1.331336E-05
 2466   -8.881789E-06
 2467   -8.874590E-06
 2468   -8.867400E-06
 2469   -8.860218E-06
 2470   -8.853045E-06
 2471   -6.197968E-06
 2472   -6.192954E-06
 2473   -6.187947E-06
 2474   -6.182946E-06
 2475   -6.177950E-06
 2476   -5.130128E-06
 2477   -5.125987E-06
 2478   -5.121850E-06
 2479   -5.117719E-06
 2480   -5.113593E-06
 2481   -4.957976E-06
 2482   -4.953982E-06
 2483   -4.949992E-06
 2484   -4.946008E-06
 2485   -4.942028E-06
 2486   -5.575925E-06
 2487   -5.571442E-06
 2488   -5.566964E-06
 2489   -5.562492E-06
 2490   -5.558025E-06
 2491   -6.035352E-06
 2492   -6.030509E-06
 2493   -6.025672E-06
 2494   -6.020841E-06
 2495   -6.016016E-06
 2496   -6.212980E-06
 2497   -6.208005E-06
 2498   -6.203036E-06
 2499   -6.198072E-06
 2500   -6.193115E-06
 2501   -6.100004E-06
 2502   -6.095128E-06
 2503   -6.090259E-06
 2504   -6.085396E-06
 2505   -6.080538E-06
 2506   -5.870101E-06
 2507   -5.865419E-06
 2508   -5.860743E-06
 2509   -5.856072E-06
 2510   -5.851407E-06
 2511   -6.247594E-06
 2512   -6.242621E-06
 2513   -6.237654E-06
 2514   -6.232692E-06
 2515   -6.227737E-06
 2516   -6.687226E-06
 2517   -6.681913E-06
 2518   -6.676607E-06
 2519   -6.671307E-06
 2520   -6.666014E-06
 2521   -7.533886E-06
 2522   -7.527913E-06
 2523   -7.521946E-06
 2524   -7.515987E-06
 2525   -7.510035E-06
 2526   -8.225812E-06
 2527   -8.219303E-06
 2528   -8.212801E-06
 2529   -8.206308E-06
 2530   -8.199822E-06
 2531   -8.707005E-06
 2532   -8.700129E-06
 2533   -8.693261E-06
 2534   -8.686401E-06
 2535   -8.679549E-06
 2536   -8.900162E-06
 2537   -8.893148E-06
 2538   -8.886141E-06
 2539   -8.879143E-06
 2540   -8.872153E-06
 2541   -8.431458E-06
 2542   -8.424826E-06
 2543   -8.418201E-06
 2544   -8.411585E-06
 2545   -8.404976E-06
 2546   -7.749070E-06
 2547   -7.742986E-06
 2548   -7.736909E-06
 2549   -7.730840E-06
 2550   -7.724778E-06
 2551   -6.671531E-06
 2552   -6.666304E-06
 2553   -6.661083E-06
 2554   -6.655867E-06
 2555   -6.650658E-06
 2556   -6.087422E-06
 2557   -6.082662E-06
 2558   -6.077907E-06
 2559   -6.073157E-06
 2560   -6.068414E-06
 2561   -5.704188E-06
 2562   -5.699736E-06
 2563   -5.695289E-06
 2564   -5.690847E-06
 2565   -5.686411E-06
 2566   -5.526610E-06
 2567   -5.522305E-06
 2568   -5.518005E-06
 2569   -5.513710E-06
 2570   -5.509420E-06
 2571   -5.611164E-06
 2572   -5.606802E-06
 2573   -5.602444E-06
 2574   -5.598092E-06
 2575   -5.593745E-06
 2576   -5.501304E-06
 2577   -5.497036E-06
 2578   -5.492772E-06
 2579   -5.488513E-06
 2580   -5.484259E-06
 2581   -5.669054E-06
 2582   -5.664663E-06
 2583   -5.660278E-06
 2584   -5.655898E-06
 2585   -5.651523E-06
 2586   -5.691123E-06
 2587   -5.686724E-06
 2588   -5.682330E-06
 2589   -5.677942E-06
 2590   -5.673558E-06
 2591   -5.646079E-06
 2592   -5.641723E-06
 2593   -5.637372E-06
 2594   -5.633027E-06
 2595   -5.628686E-06
 2596   -5.542241E-06
 2597   -5.537973E-06
 2598   -5.533711E-06
 2599   -5.529453E-06
 2600   -5.525201E-06
 2601   -5.192417E-06
 2602   -5.188427E-06
 2603   -5.184441E-06
 2604   -5.180460E-06
 2605   -5.176483E-06
 2606   -5.115303E-06
 2607   -5.111379E-06
 2608   -5.107460E-06
 2609   -5.103546E-06
 2610   -5.099636E-06
 2611   -4.896180E-06
 2612   -4.892432E-06
 2613   -4.888688E-06
 2614   -4.884948E-06
 2615   -4.881213E-06
 2616   -4.944378E-06
 2617   -4.940600E-06
 2618   -4.936826E-06
 2619   -4.933057E-06
 2620   -4.929292E-06
 2621   -4.843775E-06
 2622   -4.840081E-06
 2623   -4.836391E-06
 2624   -4.832706E-06
 2625   -4.829024E-06
 2626   -4.931864E-06
 2627   -4.928110E-06
 2628   -4.924360E-06
 2629   -4.920615E-06
 2630   -4.916873E-06
 2631   -5.065326E-06
 2632   -5.061478E-06
 2633   -5.057634E-06
 2634   -5.053794E-06
 2635   -5.049959E-06
 2636   -4.977656E-06
 2637   -4.973882E-06
 2638   -4.970112E-06
 2639   -4.966346E-06
 2640   -4.962584E-06
 2641   -4.930770E-06
 2642   -4.927038E-06
 2643   -4.923310E-06
 2644   -4.919587E-06
 2645   -4.915868E-06
 2646   -4.773185E-06
 2647   -4.769579E-06
 2648   -4.765977E-06
 2649   -4.762380E-06
 2650   -4.758786E-06
 2651   -4.547019E-06
 2652   -4.543591E-06
 2653   -4.540166E-06
 2654   -4.536745E-06
 2655   -4.533328E-06
 2656   -4.514576E-06
 2657   -4.511178E-06
 2658   -4.507785E-06
 2659   -4.504395E-06
 2660   -4.501008E-06
 2661   -4.295436E-06
 2662   -4.292209E-06
 2663   -4.288986E-06
 2664   -4.285767E-06
 2665   -4.282551E-06
 2666   -4.417088E-06
 2667   -4.413776E-06
 2668   -4.410468E-06
 2669   -4.407164E-06
 2670   -4.403863E-06
 2671   -4.375996E-06
 2672   -4.372721E-06
 2673   -4.369450E-06
 2674   -4.366182E-06
 2675   -4.362918E-06
 2676   -4.349141E-06
 2677   -4.345892E-06
 2678   -4.342647E-06
 2679   -4.339406E-06
 2680   -4.336168E-06
 2681   -4.476361E-06
 2682   -4.473023E-06
 2683   -4.469690E-06
 2684   -4.466360E-06
 2685   -4.463033E-06
 2686   -4.405404E-06
 2687   -4.402126E-06
 2688   -4.398851E-06
 2689   -4.395580E-06
 2690   -4.392313E-06
 2691   -4.438248E-06
 2692   -4.434951E-06
 2693   -4.431658E-06
 2694   -4.428369E-06
 2695   -4.425083E-06
 2696   -4.175793E-06
 2697   -4.172697E-06
 2698   -4.169604E-06
 2699   -4.166515E-06
 2700   -4.163429E-06
 2701   -4.087244E-06
 2702   -4.084220E-06
 2703   -4.081198E-06
 2704   -4.078180E-06
 2705   -4.075165E-06
 2706   -3.983611E-06
 2707   -3.980669E-06
 2708   -3.977729E-06
 2709   -3.974793E-06
 2710   -3.971860E-06
 2711   -3.909877E-06
 2712   -3.906994E-06
 2713   -3.904114E-06
 2714   -3.901238E-06
 2715   -3.898364E-06
 2716   -3.981750E-06
 2717   -3.978819E-06
 2718   -3.975892E-06
 2719   -3.972968E-06
 2720   -3.970047E-06
 2721   -3.853954E-06
 2722   -3.851123E-06
 2723   -3.848294E-06
 2724   -3.845469E-06
 2725   -3.842648E-06
 2726   -3.970546E-06
 2727   -3.967634E-06
 2728   -3.964726E-06
 2729   -3.961821E-06
 2730   -3.958919E-06
 2731   -3.995809E-06
 2732   -3.992885E-06
 2733   -3.989963E-06
 2734   -3.987045E-06
 2735   -3.984130E-06
 2736   -3.907630E-06
 2737   -3.904775E-06
 2738   -3.901923E-06
 2739   -3.899075E-06
 2740   -3.896229E-06
 2741   -3.966884E-06
 2742   -3.963991E-06
 2743   -3.961101E-06
 2744   -3.958214E-06
 2745   -3.955331E-06
 2746   -3.766030E-06
 2747   -3.763288E-06
 2748   -3.760550E-06
 2749   -3.757814E-06
 2750   -3.755082E-06
 2751   -3.707376E-06
 2752   -3.704682E-06
 2753   -3.701991E-06
 2754   -3.699303E-06
 2755   -3.696618E-06
 2756   -3.611914E-06
 2757   -3.609294E-06
 2758   -3.606677E-06
 2759   -3.604063E-06
 2760   -3.601452E-06
 2761   -3.550732E-06
 2762   -3.548161E-06
 2763   -3.545593E-06
 2764   -3.543028E-06
 2765   -3.540466E-06
 2766   -3.567030E-06
 2767   -3.564452E-06
 2768   -3.561877E-06
 2769   -3.559305E-06
 2770   -3.556735E-06
 2771   -3.473247E-06
 2772   -3.470741E-06
 2773   -3.468238E-06
 2774   -3.465738E-06
 2775   -3.463241E-06
 2776   -3.594857E-06
 2777   -3.592269E-06
 2778   -3.589683E-06
 2779   -3.587100E-06
 2780   -3.584520E-06
 2781   -3.508316E-06
 2782   -3.505795E-06
 2783   -3.503276E-06
 2784   -3.500759E-06
 2785   -3.498246E-06
 2786   -3.547763E-06
 2787   -3.545218E-06
 2788   -3.542675E-06
 2789   -3.540135E-06
 2790   -3.537598E-06
 2791   -3.504065E-06
 2792   -3.501555E-06
 2793   -3.499048E-06
 2794   -3.496544E-06
 2795   -3.494042E-06
 2796   -3.375133E-06
 2797   -3.372720E-06
 2798   -3.370310E-06
 2799   -3.367902E-06
 2800   -3.365497E-06
 2801   -3.275646E-06
 2802   -3.273309E-06
 2803   -3.270973E-06
 2804   -3.268641E-06
 2805   -3.266311E-06
 2806   -3.117918E-06
 2807   -3.115697E-06
 2808   -3.113478E-06
 2809   -3.111261E-06
 2810   -3.109047E-06
 2811   -3.098632E-06
 2812   -3.096428E-06
 2813   -3.094227E-06
 2814   -3.092028E-06
 2815   -3.089832E-06
 2816   -3.118338E-06
 2817   -3.116125E-06
 2818   -3.113913E-06
 2819   -3.111705E-06
 2820   -3.109498E-06
 2821   -3.097545E-06
 2822   -3.095351E-06
 2823   -3.093158E-06
 2824   -3.090968E-06
 2825   -3.088780E-06
 2826   -3.107496E-06
 2827   -3.105298E-06
 2828   -3.103102E-06
 2829   -3.100909E-06
 2830   -3.098717E-06
 2831   -3.087037E-06
 2832   -3.084857E-06
 2833   -3.082679E-06
 2834   -3.080504E-06
 2835   -3.078332E-06
 2836   -3.096265E-06
 2837   -3.094083E-06
 2838   -3.091903E-06
 2839   -3.089725E-06
 2840   -3.087549E-06
 2841   -3.007043E-06
 2842   -3.004927E-06
 2843   -3.002813E-06
 2844   -3.000702E-06
 2845   -2.998593E-06
 2846   -2.886860E-06
 2847   -2.884833E-06
 2848   -2.882807E-06
 2849   -2.880784E-06
 2850   -2.878762E-06
 2851   -2.738256E-06
 2852   -2.736336E-06
 2853   -2.734418E-06
 2854   -2.732502E-06
 2855   -2.730589E-06
 2856   -2.618572E-06
 2857   -2.616739E-06
 2858   -2.614909E-06
 2859   -2.613080E-06
 2860   -2.611253E-06
 2861   -2.571373E-06
 2862   -2.569577E-06
 2863   -2.567782E-06
 2864   -2.565989E-06
 2865   -2.564198E-06
 2866   -2.525795E-06
 2867   -2.524034E-06
 2868   -2.522274E-06
 2869   -2.520516E-06
 2870   -2.518760E-06
 2871   -2.510663E-06
 2872   -2.508915E-06
 2873   -2.507169E-06
 2874   -2.505424E-06
 2875   -2.503682E-06
 2876   -2.470975E-06
 2877   -2.469258E-06
 2878   -2.467542E-06
 2879   -2.465828E-06
 2880   -2.464116E-06
 2881   -2.478855E-06
 2882   -2.477135E-06
 2883   -2.475417E-06
 2884   -2.473701E-06
 2885   -2.471986E-06
 2886   -2.460599E-06
 2887   -2.458895E-06
 2888   -2.457192E-06
 2889   -2.455492E-06
 2890   -2.453793E-06
 2891   -2.420303E-06
 2892   -2.418629E-06
 2893   -2.416958E-06
 2894   -2.415288E-06
 2895   -2.413619E-06
 2896   -2.361742E-06
 2897   -2.360111E-06
 2898   -2.358483E-06
 2899   -2.356856E-06
 2900   -2.355231E-06
 2901   -2.225982E-06
 2902   -2.224448E-06
 2903   -2.222916E-06
 2904   -2.221385E-06
 2905   -2.219856E-06
 2906   -2.160667E-06
 2907   -2.159181E-06
 2908   -2.157696E-06
 2909   -2.156213E-06
 2910   -2.154731E-06
 2911   -2.063495E-06
 2912   -2.062078E-06
 2913   -2.060662E-06
 2914   -2.059248E-06
 2915   -2.057836E-06
 2916   -2.046071E-06
 2917   -2.044669E-06
 2918   -2.043267E-06
 2919   -2.041868E-06
 2920   -2.040469E-06
 2921   -2.080773E-06
 2922   -2.079349E-06
 2923   -2.077926E-06
 2924   -2.076505E-06
 2925   -2.075086E-06
 2926   -2.028349E-06
 2927   -2.026963E-06
 2928   -2.025579E-06
 2929   -2.024196E-06
 2930   -2.022815E-06
 2931   -2.065908E-06
 2932   -2.064499E-06
 2933   -2.063091E-06
 2934   -2.061685E-06
 2935   -2.060281E-06
 2936   -2.023282E-06
 2937   -2.021904E-06
 2938   -2.020528E-06
 2939   -2.019153E-06
 2940   -2.017780E-06
 2941   -1.957752E-06
 2942   -1.956421E-06
 2943   -1.955092E-06
 2944   -1.953764E-06
 2945   -1.952437E-06
 2946   -1.903687E-06
 2947   -1.902395E-06
 2948   -1.901105E-06
 2949   -1.899816E-06
 2950   -1.898528E-06
 2951   -1.733954E-06
 2952   -1.732780E-06
 2953   -1.731606E-06
 2954   -1.730434E-06
 2955   -1.729263E-06
 2956   -1.672836E-06
 2957   -1.671705E-06
 2958   -1.670574E-06
 2959   -1.669445E-06
 2960   -1.668318E-06
 2961   -1.602562E-06
 2962   -1.601480E-06
 2963   -1.600399E-06
 2964   -1.599320E-06
 2965   -1.598241E-06
 2966   -1.578990E-06
 2967   -1.577926E-06
 2968   -1.576863E-06
 2969   -1.575801E-06
 2970   -1.574740E-06
 2971   -1.579292E-06
 2972   -1.578229E-06
 2973   -1.577168E-06
 2974   -1.576107E-06
 2975   -1.575048E-06
 2976   -1.520995E-06
 2977   -1.519973E-06
 2978   -1.518952E-06
 2979   -1.517933E-06
 2980   -1.516914E-06
 2981   -1.558091E-06
 2982   -1.557047E-06
 2983   -1.556003E-06
 2984   -1.554960E-06
 2985   -1.553918E-06
 2986   -1.507834E-06
 2987   -1.506825E-06
 2988   -1.505816E-06
 2989   -1.504809E-06
 2990   -1.503803E-06
 2991   -1.485695E-06
 2992   -1.484702E-06
 2993   -1.483711E-06
 2994   -1.482720E-06
 2995   -1.481730E-06
 2996   -1.403474E-06
 2997   -1.402538E-06
 2998   -1.401602E-06
 2999   -1.400668E-06
 3000   -1.399734E-06
 3001   -1.304806E-06
 3002   -1.303937E-06
 3003   -1.303069E-06
 3004   -1.302201E-06
 3005   -1.301335E-06
 3006   -1.266828E-06
 3007   -1.265985E-06
 3008   -1.265144E-06
 3009   -1.264303E-06
 3010   -1.263463E-06
 3011   -1.197564E-06
 3012   -1.196769E-06
 3013   -1.195974E-06
 3014   -1.195181E-06
 3015   -1.194388E-06
 3016   -1.172139E-06
 3017   -1.171362E-06
 3018   -1.170586E-06
 3019   -1.169811E-06
 3020   -1.169036E-06
 3021   -1.160797E-06
 3022   -1.160029E-06
 3023   -1.159261E-06
 3024   -1.158495E-06
 3025   -1.157729E-06
 3026   -1.135276E-06
 3027   -1.134526E-06
 3028   -1.133777E-06
 3029   -1.133028E-06
 3030   -1.132281E-06
 3031   -1.169881E-06
 3032   -1.169109E-06
 3033   -1.168338E-06
 3034   -1.167568E-06
 3035   -1.166799E-06
 3036   -1.138276E-06
 3037   -1.137527E-06
 3038   -1.136778E-06
 3039   -1.136030E-06
 3040   -1.135283E-06
 3041   -1.119312E-06
 3042   -1.118576E-06
 3043   -1.117841E-06
 3044   -1.117107E-06
 3045   -1.116373E-06
 3046   -1.054969E-06
 3047   -1.054276E-06
 3048   -1.053585E-06
 3049   -1.052894E-06
 3050   -1.052204E-06
 3051   -9.988032E-07
 3052   -9.981488E-07
 3053   -9.974950E-07
 3054   -9.968419E-07
 3055   -9.961894E-07
 3056   -9.489079E-07
 3057   -9.482872E-07
 3058   -9.476671E-07
 3059   -9.470476E-07
 3060   -9.464288E-07
 3061   -8.911998E-07
 3062   -8.906178E-07
 3063   -8.900363E-07
 3064   -8.894555E-07
 3065   -8.888752E-07
 3066   -8.850464E-07
 3067   -8.844693E-07
 3068   -8.838928E-07
 3069   -8.833169E-07
 3070   -8.827416E-07
 3071   -8.623839E-07
 3072   -8.618225E-07
 3073   -8.612617E-07
 3074   -8.607014E-07
 3075   -8.601417E-07
 3076   -8.533596E-07
 3077   -8.528050E-07
 3078   -8.522510E-07
 3079   -8.516975E-07
 3080   -8.511445E-07
 3081   -8.023258E-07
 3082   -8.018052E-07
 3083   -8.012851E-07
 3084   -8.007656E-07
 3085   -8.002465E-07
 3086   -7.392766E-07
 3087   -7.387978E-07
 3088   -7.383193E-07
 3089   -7.378414E-07
 3090   -7.373639E-07
 3091   -6.377938E-07
 3092   -6.373813E-07
 3093   -6.369692E-07
 3094   -6.365576E-07
 3095   -6.361463E-07
 3096   -4.695921E-07
 3097   -4.692889E-07
 3098   -4.689859E-07
 3099   -4.686833E-07
 3100   -4.683810E-07
 3101   -2.931481E-07
 3102   -2.929591E-07
 3103   -2.927703E-07
 3104   -2.925817E-07
 3105   -2.923933E-07
 3106   -1.287611E-07
 3107   -1.286782E-07
 3108   -1.285954E-07
 3109   -1.285127E-07
 3110   -1.284301E-07
 3111   -2.123420E-08
 3112   -2.122056E-08
 3113   -2.120693E-08
 3114   -2.119331E-08
 3115   -2.117971E-08
 3116    4.256291E-08
 3117    4.253561E-08
 3118    4.250833E-08
 3119    4.248107E-08
 3120    4.245385E-08
 3121    7.429116E-08
 3122    7.424357E-08
 3123    7.419603E-08
 3124    7.414854E-08
 3125    7.410109E-08
 3126    8.940451E-08
 3127    8.934733E-08
 3128    8.929021E-08
 3129    8.923315E-08
 3130    8.917614E-08
 3131    9.266808E-08
 3132    9.260891E-08
 3133    9.254980E-08
 3134    9.249075E-08
 3135    9.243176E-08
 3136    9.571459E-08
 3137    9.565357E-08
 3138    9.559262E-08
 3139    9.553172E-08
 3140    9.547088E-08
 3141    9.327998E-08
 3142    9.322062E-08
 3143    9.316131E-08
 3144    9.310205E-08
 3145    9.304286E-08
 3146    9.196396E-08
 3147    9.190552E-08
 3148    9.184714E-08
 3149    9.178882E-08
 3150    9.173055E-08
 3151    9.173667E-08
 3152    9.167847E-08
 3153    9.162032E-08
 3154    9.156224E-08
 3155    9.150420E-08
 3156    8.632398E-08
 3157    8.626930E-08
 3158    8.621467E-08
 3159    8.616010E-08
 3160    8.610558E-08
 3161    8.253228E-08
 3162    8.248009E-08
 3163    8.242794E-08
 3164    8.237585E-08
 3165    8.232380E-08
 3166    7.764455E-08
 3167    7.759552E-08
 3168    7.754654E-08
 3169    7.749761E-08
 3170    7.744872E-08
 3171    7.478951E-08
 3172    7.474236E-08
 3173    7.469526E-08
 3174    7.464820E-08
 3175    7.460118E-08
 3176    7.228520E-08
 3177    7.223971E-08
 3178    7.219425E-08
 3179    7.214884E-08
 3180    7.210347E-08
 3181    6.782278E-08
 3182    6.778016E-08
 3183    6.773758E-08
 3184    6.769504E-08
 3185    6.765253E-08
 3186    6.701667E-08
 3187    6.697462E-08
 3188    6.693261E-08
 3189    6.689063E-08
 3190    6.684870E-08
 3191    6.271796E-08
 3192    6.267867E-08
 3193    6.263942E-08
 3194    6.260020E-08
 3195    6.256102E-08
 3196    6.189047E-08
 3197    6.185175E-08
 3198    6.181308E-08
 3199    6.177444E-08
 3200    6.173584E-08
 3201    5.864704E-08
 3202    5.861042E-08
 3203    5.857383E-08
 3204    5.853727E-08
 3205    5.850075E-08
 3206    5.500009E-08
 3207    5.496579E-08
 3208    5.493153E-08
 3209    5.489730E-08
 3210    5.486310E-08
 3211    5.323013E-08
 3212    5.319699E-08
 3213    5.316389E-08
 3214    5.313081E-08
 3215    5.309776E-08
 3216    4.955735E-08
 3217    4.952654E-08
 3218    4.949577E-08
 3219    4.946502E-08
 3220    4.943430E-08
 3221    4.749343E-08
 3222    4.746396E-08
 3223    4.743451E-08
 3224    4.740509E-08
 3225    4.737569E-08
 3226    4.472027E-08
 3227    4.469256E-08
 3228    4.466487E-08
 3229    4.463721E-08
 3230    4.460958E-08
 3231    4.062211E-08
 3232    4.059698E-08
 3233    4.057187E-08
 3234    4.054678E-08
 3235    4.052172E-08
 3236    3.906714E-08
 3237    3.904300E-08
 3238    3.901889E-08
 3239    3.899480E-08
 3240    3.897073E-08
 3241    3.501493E-08
 3242    3.499334E-08
 3243    3.497176E-08
 3244    3.495020E-08
 3245    3.492866E-08
 3246    3.349547E-08
 3247    3.347485E-08
 3248    3.345424E-08
 3249    3.343365E-08
 3250    3.341308E-08
 3251    3.093569E-08
 3252    3.091667E-08
 3253    3.089767E-08
 3254    3.087868E-08
 3255    3.085971E-08
 3256    2.868786E-08
 3257    2.867025E-08
 3258    2.865265E-08
 3259    2.863507E-08
 3260    2.861751E-08
 3261    2.761495E-08
 3262    2.759802E-08
 3263    2.758111E-08
 3264    2.756421E-08
 3265    2.754733E-08
 3266    2.490831E-08
 3267    2.489306E-08
 3268    2.487783E-08
 3269    2.486261E-08
 3270    2.484741E-08
 3271    2.412917E-08
 3272    2.411442E-08
 3273    2.409969E-08
 3274    2.408497E-08
 3275    2.407026E-08
 3276    2.222546E-08
 3277    2.221190E-08
 3278    2.219835E-08
 3279    2.218481E-08
 3280    2.217129E-08
 3281    2.103763E-08
 3282    2.102482E-08
 3283    2.101201E-08
 3284    2.099922E-08
 3285    2.098643E-08
 3286    1.993599E-08
 3287    1.992386E-08
 3288    1.991174E-08
 3289    1.989963E-08
 3290    1.988754E-08
 3291    1.826817E-08
 3292    1.825707E-08
 3293    1.824599E-08
 3294    1.823491E-08
 3295    1.822384E-08
 3296    1.792026E-08
 3297    1.790939E-08
 3298    1.789854E-08
 3299    1.788769E-08
 3300    1.787685E-08
