   50    3.173918E-12
   51    2.335001E-12
   52    2.246065E-12
   53    2.162114E-12
   54    2.082784E-12
   55    2.007741E-12
   56    1.063149E-12
   57    1.026176E-12
   58    9.910982E-13
   59    9.577887E-13
   60    9.261306E-13
   61    5.719560E-13
   62    5.536558E-13
   63    5.362200E-13
   64    5.195950E-13
   65    5.037314E-13
   66    1.451674E-12
   67    1.408667E-12
   68    1.367542E-12
   69    1.328192E-12
   70    1.290517E-12
   71    9.930532E-13
   72    9.656612E-13
   73    9.393872E-13
   74    9.141710E-13
   75    8.899567E-13
   76    1.456374E-12
   77    1.418793E-12
   78    1.382648E-12
   79    1.347867E-12
   80    1.314383E-12
   81    2.118901E-12
   82    2.067538E-12
   83    2.018020E-12
   84    1.970259E-12
   85    1.924174E-12
   86    1.605639E-12
   87    1.568942E-12
   88    1.533488E-12
   89    1.499222E-12
   90    1.466092E-12
   91    1.641541E-12
   92    1.606050E-12
   93    1.571698E-12
   94    1.538437E-12
   95    1.506220E-12
   96    1.132713E-12
   97    1.109479E-12
   98    1.086953E-12
   99    1.065105E-12
  100    1.043910E-12
  101    4.251735E-13
  102    4.168778E-13
  103    4.088226E-13
  104    4.009986E-13
  105    3.933970E-13
  106    3.065318E-13
  107    3.008292E-13
  108    2.952842E-13
  109    2.898911E-13
  110    2.846444E-13
  111    7.249057E-13
  112    7.120190E-13
  113    6.994729E-13
  114    6.872555E-13
  115    6.753554E-13
  116    1.007269E-12
  117    9.901243E-13
  118    9.734139E-13
  119    9.571230E-13
  120    9.412377E-13
  121    1.742175E-12
  122    1.713733E-12
  123    1.685981E-12
  124    1.658898E-12
  125    1.632462E-12
  126    2.249420E-12
  127    2.214136E-12
  128    2.179676E-12
  129    2.146014E-12
  130    2.113126E-12
  131    1.976676E-12
  132    1.946840E-12
  133    1.917675E-12
  134    1.889160E-12
  135    1.861277E-12
  136    1.440000E-12
  137    1.419056E-12
  138    1.398564E-12
  139    1.378514E-12
  140    1.358891E-12
  141    8.009848E-13
  142    7.897432E-13
  143    7.787365E-13
  144    7.679584E-13
  145    7.574026E-13
  146    7.109674E-13
  147    7.013274E-13
  148    6.918821E-13
  149    6.826264E-13
  150    6.735552E-13
  151    1.141884E-12
  152    1.126909E-12
  153    1.112226E-12
  154    1.097829E-12
  155    1.083709E-12
  156    1.229026E-12
  157    1.213419E-12
  158    1.198108E-12
  159    1.183085E-12
  160    1.168343E-12
  161    2.971895E-12
  162    2.935318E-12
  163    2.899413E-12
  164    2.864162E-12
  165    2.829551E-12
  166    2.511573E-12
  167    2.481584E-12
  168    2.452130E-12
  169    2.423197E-12
  170    2.394773E-12
  171    2.965968E-12
  172    2.931581E-12
  173    2.897788E-12
  174    2.864576E-12
  175    2.831932E-12
  176    4.044932E-12
  177    3.999356E-12
  178    3.954546E-12
  179    3.910485E-12
  180    3.867156E-12
  181    2.337138E-12
  182    2.311526E-12
  183    2.286332E-12
  184    2.261548E-12
  185    2.237166E-12
  186    2.625886E-12
  187    2.597877E-12
  188    2.570314E-12
  189    2.543187E-12
  190    2.516487E-12
  191    2.199303E-12
  192    2.176454E-12
  193    2.153958E-12
  194    2.131810E-12
  195    2.110001E-12
  196    2.353780E-12
  197    2.329944E-12
  198    2.306469E-12
  199    2.283347E-12
  200    2.260571E-12
  201    2.223606E-12
  202    2.201645E-12
  203    2.180008E-12
  204    2.158687E-12
  205    2.137679E-12
  206    9.692355E-13
  207    9.598936E-13
  208    9.506861E-13
  209    9.416105E-13
  210    9.326641E-13
  211    1.046585E-13
  212    1.036735E-13
  213    1.027023E-13
  214    1.017448E-13
  215    1.008005E-13
  216    0.000000E+00
  217    0.000000E+00
  218    0.000000E+00
  219    0.000000E+00
  220    0.000000E+00
  221    0.000000E+00
  222    0.000000E+00
  223    0.000000E+00
  224    0.000000E+00
  225    0.000000E+00
  226    4.934772E-14
  227    4.891389E-14
  228    4.848577E-14
  229    4.806324E-14
  230    4.764621E-14
  231    0.000000E+00
  232    0.000000E+00
  233    0.000000E+00
  234    0.000000E+00
  235    0.000000E+00
  236    0.000000E+00
  237    0.000000E+00
  238    0.000000E+00
  239    0.000000E+00
  240    0.000000E+00
  241    0.000000E+00
  242    0.000000E+00
  243    0.000000E+00
  244    0.000000E+00
  245    0.000000E+00
  246    1.756216E-12
  247    1.742024E-12
  248    1.728004E-12
  249    1.714152E-12
  250    1.700467E-12
  251    1.968498E-11
  252    1.952906E-11
  253    1.937498E-11
  254    1.922272E-11
  255    1.907225E-11
  256    3.007937E-11
  257    2.984575E-11
  258    2.961483E-11
  259    2.938659E-11
  260    2.916097E-11
  261    5.877514E-11
  262    5.832733E-11
  263    5.788462E-11
  264    5.744694E-11
  265    5.701419E-11
  266    5.055910E-11
  267    5.018110E-11
  268    4.980731E-11
  269    4.943768E-11
  270    4.907216E-11
  271    1.051643E-10
  272    1.043924E-10
  273    1.036290E-10
  274    1.028740E-10
  275    1.021272E-10
  276    2.228022E-10
  277    2.211964E-10
  278    2.196080E-10
  279    2.180365E-10
  280    2.164819E-10
  281    9.919942E-10
  282    9.849713E-10
  283    9.780227E-10
  284    9.711473E-10
  285    9.643442E-10
  286    1.769083E-09
  287    1.756777E-09
  288    1.744598E-09
  289    1.732546E-09
  290    1.720618E-09
  291    2.866985E-09
  292    2.847382E-09
  293    2.827979E-09
  294    2.808774E-09
  295    2.789764E-09
  296    4.097639E-09
  297    4.070092E-09
  298    4.042822E-09
  299    4.015825E-09
  300    3.989098E-09
  301    4.823176E-09
  302    4.791288E-09
  303    4.759714E-09
  304    4.728452E-09
  305    4.697497E-09
  306    7.399220E-09
  307    7.351095E-09
  308    7.303438E-09
  309    7.256243E-09
  310    7.209504E-09
  311    7.226641E-09
  312    7.180390E-09
  313    7.134583E-09
  314    7.089212E-09
  315    7.044273E-09
  316    9.428244E-09
  317    9.368854E-09
  318    9.310023E-09
  319    9.251745E-09
  320    9.194012E-09
  321    1.132368E-08
  322    1.125345E-08
  323    1.118388E-08
  324    1.111495E-08
  325    1.104666E-08
  326    1.074516E-08
  327    1.067954E-08
  328    1.061452E-08
  329    1.055009E-08
  330    1.048625E-08
  331    1.412997E-08
  332    1.404498E-08
  333    1.396075E-08
  334    1.387728E-08
  335    1.379456E-08
  336    1.301898E-08
  337    1.294183E-08
  338    1.286536E-08
  339    1.278957E-08
  340    1.271445E-08
  341    1.714518E-08
  342    1.704506E-08
  343    1.694582E-08
  344    1.684744E-08
  345    1.674992E-08
  346    1.766511E-08
  347    1.756344E-08
  348    1.746264E-08
  349    1.736272E-08
  350    1.726364E-08
  351    1.723217E-08
  352    1.713440E-08
  353    1.703746E-08
  354    1.694134E-08
  355    1.684603E-08
  356    2.140366E-08
  357    2.128392E-08
  358    2.116519E-08
  359    2.104744E-08
  360    2.093067E-08
  361    1.980401E-08
  362    1.969474E-08
  363    1.958638E-08
  364    1.947891E-08
  365    1.937232E-08
  366    2.301950E-08
  367    2.289423E-08
  368    2.276997E-08
  369    2.264672E-08
  370    2.252448E-08
  371    2.226868E-08
  372    2.214911E-08
  373    2.203051E-08
  374    2.191286E-08
  375    2.179615E-08
  376    2.427980E-08
  377    2.415116E-08
  378    2.402355E-08
  379    2.389694E-08
  380    2.377133E-08
  381    2.667255E-08
  382    2.653309E-08
  383    2.639471E-08
  384    2.625742E-08
  385    2.612119E-08
  386    2.441526E-08
  387    2.428925E-08
  388    2.416421E-08
  389    2.404013E-08
  390    2.391701E-08
  391    2.839995E-08
  392    2.825524E-08
  393    2.811163E-08
  394    2.796911E-08
  395    2.782768E-08
  396    2.654535E-08
  397    2.641179E-08
  398    2.627923E-08
  399    2.614767E-08
  400    2.601710E-08
  401    2.991305E-08
  402    2.976441E-08
  403    2.961688E-08
  404    2.947044E-08
  405    2.932509E-08
  406    3.035024E-08
  407    3.020128E-08
  408    3.005342E-08
  409    2.990664E-08
  410    2.976093E-08
  411    2.978487E-08
  412    2.964045E-08
  413    2.949709E-08
  414    2.935477E-08
  415    2.921347E-08
  416    3.119678E-08
  417    3.104734E-08
  418    3.089896E-08
  419    3.075165E-08
  420    3.060539E-08
  421    3.191820E-08
  422    3.176711E-08
  423    3.161709E-08
  424    3.146813E-08
  425    3.132021E-08
  426    3.384121E-08
  427    3.368289E-08
  428    3.352567E-08
  429    3.336956E-08
  430    3.321453E-08
  431    3.500739E-08
  432    3.484551E-08
  433    3.468474E-08
  434    3.452509E-08
  435    3.436654E-08
  436    3.642850E-08
  437    3.626197E-08
  438    3.609658E-08
  439    3.593232E-08
  440    3.576917E-08
  441    3.522569E-08
  442    3.506648E-08
  443    3.490834E-08
  444    3.475127E-08
  445    3.459526E-08
  446    3.707157E-08
  447    3.690589E-08
  448    3.674131E-08
  449    3.657784E-08
  450    3.641545E-08
  451    3.773885E-08
  452    3.757205E-08
  453    3.740635E-08
  454    3.724175E-08
  455    3.707823E-08
  456    3.970631E-08
  457    3.953273E-08
  458    3.936028E-08
  459    3.918897E-08
  460    3.901876E-08
  461    3.985390E-08
  462    3.968156E-08
  463    3.951033E-08
  464    3.934021E-08
  465    3.917119E-08
  466    3.671286E-08
  467    3.655580E-08
  468    3.639974E-08
  469    3.624469E-08
  470    3.609062E-08
  471    4.259306E-08
  472    4.241277E-08
  473    4.223363E-08
  474    4.205562E-08
  475    4.187873E-08
  476    4.053214E-08
  477    4.036237E-08
  478    4.019367E-08
  479    4.002602E-08
  480    3.985942E-08
  481    4.444924E-08
  482    4.426499E-08
  483    4.408189E-08
  484    4.389992E-08
  485    4.371908E-08
  486    4.192212E-08
  487    4.175013E-08
  488    4.157920E-08
  489    4.140931E-08
  490    4.124047E-08
  491    4.020416E-08
  492    4.004089E-08
  493    3.987862E-08
  494    3.971733E-08
  495    3.955702E-08
  496    4.538564E-08
  497    4.520318E-08
  498    4.502182E-08
  499    4.484156E-08
  500    4.466237E-08
  501    4.164561E-08
  502    4.147986E-08
  503    4.131509E-08
  504    4.115131E-08
  505    4.098849E-08
  506    4.661455E-08
  507    4.643085E-08
  508    4.624823E-08
  509    4.606669E-08
  510    4.588621E-08
  511    4.539800E-08
  512    4.522084E-08
  513    4.504471E-08
  514    4.486961E-08
  515    4.469553E-08
  516    4.556504E-08
  517    4.538895E-08
  518    4.521387E-08
  519    4.503980E-08
  520    4.486674E-08
  521    4.945358E-08
  522    4.926429E-08
  523    4.907608E-08
  524    4.888894E-08
  525    4.870288E-08
  526    4.280428E-08
  527    4.264198E-08
  528    4.248061E-08
  529    4.232016E-08
  530    4.216061E-08
  531    5.066649E-08
  532    5.047619E-08
  533    5.028696E-08
  534    5.009880E-08
  535    4.991169E-08
  536    4.755409E-08
  537    4.737714E-08
  538    4.720118E-08
  539    4.702620E-08
  540    4.685219E-08
  541    5.198910E-08
  542    5.179743E-08
  543    5.160683E-08
  544    5.141727E-08
  545    5.122876E-08
  546    5.145500E-08
  547    5.126704E-08
  548    5.108010E-08
  549    5.089419E-08
  550    5.070929E-08
  551    4.829245E-08
  552    4.811764E-08
  553    4.794377E-08
  554    4.777084E-08
  555    4.759885E-08
  556    5.584719E-08
  557    5.564684E-08
  558    5.544757E-08
  559    5.524937E-08
  560    5.505222E-08
  561    5.126911E-08
  562    5.108682E-08
  563    5.090550E-08
  564    5.072515E-08
  565    5.054575E-08
  566    5.730759E-08
  567    5.710563E-08
  568    5.690473E-08
  569    5.670489E-08
  570    5.650610E-08
  571    5.459480E-08
  572    5.440408E-08
  573    5.421435E-08
  574    5.402562E-08
  575    5.383786E-08
  576    5.926803E-08
  577    5.906278E-08
  578    5.885858E-08
  579    5.865545E-08
  580    5.845336E-08
  581    6.050040E-08
  582    6.029268E-08
  583    6.008602E-08
  584    5.988042E-08
  585    5.967588E-08
  586    5.971101E-08
  587    5.950774E-08
  588    5.930550E-08
  589    5.910430E-08
  590    5.890411E-08
  591    6.614126E-08
  592    6.591800E-08
  593    6.569587E-08
  594    6.547486E-08
  595    6.525496E-08
  596    6.534994E-08
  597    6.513120E-08
  598    6.491355E-08
  599    6.469699E-08
  600    6.448151E-08
  601    7.058027E-08
  602    7.034598E-08
  603    7.011285E-08
  604    6.988088E-08
  605    6.965006E-08
  606    6.988711E-08
  607    6.965703E-08
  608    6.942809E-08
  609    6.920027E-08
  610    6.897357E-08
  611    6.937123E-08
  612    6.914472E-08
  613    6.891931E-08
  614    6.869500E-08
  615    6.847178E-08
  616    8.076262E-08
  617    8.050104E-08
  618    8.024073E-08
  619    7.998168E-08
  620    7.972388E-08
  621    7.731254E-08
  622    7.706414E-08
  623    7.681695E-08
  624    7.657094E-08
  625    7.632611E-08
  626    8.618360E-08
  627    8.590892E-08
  628    8.563554E-08
  629    8.536346E-08
  630    8.509268E-08
  631    8.401311E-08
  632    8.374746E-08
  633    8.348306E-08
  634    8.321991E-08
  635    8.295801E-08
  636    8.922999E-08
  637    8.895006E-08
  638    8.867144E-08
  639    8.839412E-08
  640    8.811810E-08
  641    9.899732E-08
  642    9.868916E-08
  643    9.838243E-08
  644    9.807714E-08
  645    9.777326E-08
  646    9.497668E-08
  647    9.468331E-08
  648    9.439130E-08
  649    9.410065E-08
  650    9.381133E-08
  651    1.086992E-07
  652    1.083661E-07
  653    1.080344E-07
  654    1.077043E-07
  655    1.073757E-07
  656    1.084629E-07
  657    1.081329E-07
  658    1.078045E-07
  659    1.074776E-07
  660    1.071522E-07
  661    1.162054E-07
  662    1.158546E-07
  663    1.155053E-07
  664    1.151577E-07
  665    1.148116E-07
  666    1.231440E-07
  667    1.227750E-07
  668    1.224077E-07
  669    1.220420E-07
  670    1.216780E-07
  671    1.212453E-07
  672    1.208847E-07
  673    1.205258E-07
  674    1.201684E-07
  675    1.198126E-07
  676    1.422362E-07
  677    1.418163E-07
  678    1.413983E-07
  679    1.409821E-07
  680    1.405677E-07
  681    1.385131E-07
  682    1.381072E-07
  683    1.377031E-07
  684    1.373008E-07
  685    1.369002E-07
  686    1.591362E-07
  687    1.586733E-07
  688    1.582124E-07
  689    1.577534E-07
  690    1.572965E-07
  691    1.625636E-07
  692    1.620941E-07
  693    1.616266E-07
  694    1.611612E-07
  695    1.606978E-07
  696    1.700075E-07
  697    1.695200E-07
  698    1.690347E-07
  699    1.685513E-07
  700    1.680701E-07
  701    1.917086E-07
  702    1.911628E-07
  703    1.906193E-07
  704    1.900782E-07
  705    1.895393E-07
  706    1.850620E-07
  707    1.845388E-07
  708    1.840179E-07
  709    1.834992E-07
  710    1.829826E-07
  711    2.146855E-07
  712    2.140829E-07
  713    2.134828E-07
  714    2.128852E-07
  715    2.122901E-07
  716    2.197562E-07
  717    2.191437E-07
  718    2.185337E-07
  719    2.179262E-07
  720    2.173213E-07
  721    2.442728E-07
  722    2.435966E-07
  723    2.429232E-07
  724    2.422526E-07
  725    2.415848E-07
  726    2.559319E-07
  727    2.552283E-07
  728    2.545276E-07
  729    2.538298E-07
  730    2.531349E-07
  731    2.576707E-07
  732    2.569671E-07
  733    2.562665E-07
  734    2.555687E-07
  735    2.548737E-07
  736    2.857831E-07
  737    2.850081E-07
  738    2.842363E-07
  739    2.834675E-07
  740    2.827019E-07
  741    2.935664E-07
  742    2.927757E-07
  743    2.919881E-07
  744    2.912037E-07
  745    2.904225E-07
  746    3.185043E-07
  747    3.176521E-07
  748    3.168033E-07
  749    3.159580E-07
  750    3.151160E-07
  751    3.332990E-07
  752    3.324132E-07
  753    3.315309E-07
  754    3.306521E-07
  755    3.297767E-07
  756    3.237494E-07
  757    3.228946E-07
  758    3.220432E-07
  759    3.211952E-07
  760    3.203505E-07
  761    3.849253E-07
  762    3.839157E-07
  763    3.829100E-07
  764    3.819083E-07
  765    3.809105E-07
  766    3.723441E-07
  767    3.713739E-07
  768    3.704074E-07
  769    3.694447E-07
  770    3.684857E-07
  771    3.986197E-07
  772    3.975877E-07
  773    3.965597E-07
  774    3.955357E-07
  775    3.945156E-07
  776    4.168762E-07
  777    4.158038E-07
  778    4.147356E-07
  779    4.136715E-07
  780    4.126115E-07
  781    4.483311E-07
  782    4.471852E-07
  783    4.460437E-07
  784    4.449065E-07
  785    4.437737E-07
  786    4.749552E-07
  787    4.737489E-07
  788    4.725473E-07
  789    4.713502E-07
  790    4.701577E-07
  791    4.904126E-07
  792    4.891750E-07
  793    4.879420E-07
  794    4.867137E-07
  795    4.854900E-07
  796    5.330877E-07
  797    5.317508E-07
  798    5.304190E-07
  799    5.290921E-07
  800    5.277702E-07
  801    5.444686E-07
  802    5.431116E-07
  803    5.417598E-07
  804    5.404129E-07
  805    5.390711E-07
  806    5.876515E-07
  807    5.861961E-07
  808    5.847460E-07
  809    5.833013E-07
  810    5.818619E-07
  811    6.102401E-07
  812    6.087380E-07
  813    6.072414E-07
  814    6.057503E-07
  815    6.042647E-07
  816    6.378718E-07
  817    6.363113E-07
  818    6.347565E-07
  819    6.332073E-07
  820    6.316639E-07
  821    6.898581E-07
  822    6.881807E-07
  823    6.865093E-07
  824    6.848440E-07
  825    6.831848E-07
  826    7.263446E-07
  827    7.245891E-07
  828    7.228400E-07
  829    7.210971E-07
  830    7.193606E-07
  831    7.794780E-07
  832    7.776054E-07
  833    7.757395E-07
  834    7.738803E-07
  835    7.720278E-07
  836    7.824597E-07
  837    7.805911E-07
  838    7.787292E-07
  839    7.768740E-07
  840    7.750254E-07
  841    8.075792E-07
  842    8.056621E-07
  843    8.037518E-07
  844    8.018483E-07
  845    7.999516E-07
  846    8.901283E-07
  847    8.880277E-07
  848    8.859345E-07
  849    8.838487E-07
  850    8.817703E-07
  851    8.698587E-07
  852    8.678179E-07
  853    8.657844E-07
  854    8.637580E-07
  855    8.617387E-07
  856    9.452583E-07
  857    9.430536E-07
  858    9.408566E-07
  859    9.386673E-07
  860    9.364857E-07
  861    9.363850E-07
  862    9.342136E-07
  863    9.320499E-07
  864    9.298936E-07
  865    9.277448E-07
  866    1.046559E-06
  867    1.044146E-06
  868    1.041742E-06
  869    1.039345E-06
  870    1.036957E-06
  871    1.088011E-06
  872    1.085517E-06
  873    1.083031E-06
  874    1.080554E-06
  875    1.078086E-06
  876    1.098696E-06
  877    1.096192E-06
  878    1.093697E-06
  879    1.091210E-06
  880    1.088731E-06
  881    1.185723E-06
  882    1.183036E-06
  883    1.180358E-06
  884    1.177689E-06
  885    1.175029E-06
  886    1.196976E-06
  887    1.194278E-06
  888    1.191590E-06
  889    1.188911E-06
  890    1.186241E-06
  891    1.279401E-06
  892    1.276534E-06
  893    1.273676E-06
  894    1.270828E-06
  895    1.267990E-06
  896    1.309278E-06
  897    1.306360E-06
  898    1.303453E-06
  899    1.300554E-06
  900    1.297666E-06
  901    1.332416E-06
  902    1.329464E-06
  903    1.326521E-06
  904    1.323587E-06
  905    1.320664E-06
  906    1.466487E-06
  907    1.463256E-06
  908    1.460034E-06
  909    1.456824E-06
  910    1.453624E-06
  911    1.447507E-06
  912    1.444334E-06
  913    1.441172E-06
  914    1.438020E-06
  915    1.434878E-06
  916    1.616345E-06
  917    1.612822E-06
  918    1.609310E-06
  919    1.605809E-06
  920    1.602320E-06
  921    1.582352E-06
  922    1.578921E-06
  923    1.575502E-06
  924    1.572093E-06
  925    1.568696E-06
  926    1.671901E-06
  927    1.668296E-06
  928    1.664702E-06
  929    1.661120E-06
  930    1.657550E-06
  931    1.830046E-06
  932    1.826121E-06
  933    1.822209E-06
  934    1.818309E-06
  935    1.814421E-06
  936    1.732029E-06
  937    1.728334E-06
  938    1.724651E-06
  939    1.720980E-06
  940    1.717320E-06
  941    1.911215E-06
  942    1.907160E-06
  943    1.903117E-06
  944    1.899087E-06
  945    1.895070E-06
  946    1.901282E-06
  947    1.897269E-06
  948    1.893268E-06
  949    1.889280E-06
  950    1.885305E-06
  951    2.001750E-06
  952    1.997546E-06
  953    1.993356E-06
  954    1.989180E-06
  955    1.985016E-06
  956    2.032865E-06
  957    2.028619E-06
  958    2.024386E-06
  959    2.020166E-06
  960    2.015960E-06
  961    2.008052E-06
  962    2.003879E-06
  963    1.999720E-06
  964    1.995573E-06
  965    1.991439E-06
  966    2.240579E-06
  967    2.235947E-06
  968    2.231330E-06
  969    2.226727E-06
  970    2.222138E-06
  971    2.128067E-06
  972    2.123691E-06
  973    2.119328E-06
  974    2.114978E-06
  975    2.110642E-06
  976    2.370089E-06
  977    2.365240E-06
  978    2.360405E-06
  979    2.355586E-06
  980    2.350781E-06
  981    2.379347E-06
  982    2.374504E-06
  983    2.369675E-06
  984    2.364861E-06
  985    2.360062E-06
  986    2.374422E-06
  987    2.369613E-06
  988    2.364819E-06
  989    2.360039E-06
  990    2.355274E-06
  991    2.538124E-06
  992    2.533009E-06
  993    2.527910E-06
  994    2.522826E-06
  995    2.517758E-06
  996    2.507943E-06
  997    2.502914E-06
  998    2.497901E-06
  999    2.492902E-06
 1000    2.487919E-06
 1001    2.628234E-06
 1002    2.622991E-06
 1003    2.617763E-06
 1004    2.612551E-06
 1005    2.607354E-06
 1006    2.638134E-06
 1007    2.632897E-06
 1008    2.627676E-06
 1009    2.622470E-06
 1010    2.617280E-06
 1011    2.725708E-06
 1012    2.720324E-06
 1013    2.714956E-06
 1014    2.709604E-06
 1015    2.704267E-06
 1016    3.030046E-06
 1017    3.024090E-06
 1018    3.018152E-06
 1019    3.012231E-06
 1020    3.006327E-06
 1021    2.921115E-06
 1022    2.915401E-06
 1023    2.909704E-06
 1024    2.904024E-06
 1025    2.898361E-06
 1026    3.069448E-06
 1027    3.063473E-06
 1028    3.057516E-06
 1029    3.051576E-06
 1030    3.045654E-06
 1031    3.128764E-06
 1032    3.122703E-06
 1033    3.116660E-06
 1034    3.110635E-06
 1035    3.104627E-06
 1036    3.207223E-06
 1037    3.201041E-06
 1038    3.194876E-06
 1039    3.188729E-06
 1040    3.182600E-06
 1041    3.375837E-06
 1042    3.369361E-06
 1043    3.362903E-06
 1044    3.356464E-06
 1045    3.350043E-06
 1046    3.321246E-06
 1047    3.314905E-06
 1048    3.308582E-06
 1049    3.302277E-06
 1050    3.295990E-06
 1051    3.412290E-06
 1052    3.405805E-06
 1053    3.399340E-06
 1054    3.392892E-06
 1055    3.386463E-06
 1056    3.393240E-06
 1057    3.386822E-06
 1058    3.380423E-06
 1059    3.374042E-06
 1060    3.367679E-06
 1061    3.485788E-06
 1062    3.479226E-06
 1063    3.472683E-06
 1064    3.466159E-06
 1065    3.459653E-06
 1066    3.607981E-06
 1067    3.601221E-06
 1068    3.594480E-06
 1069    3.587759E-06
 1070    3.581056E-06
 1071    3.681558E-06
 1072    3.674692E-06
 1073    3.667846E-06
 1074    3.661019E-06
 1075    3.654211E-06
 1076    3.613396E-06
 1077    3.606689E-06
 1078    3.600001E-06
 1079    3.593331E-06
 1080    3.586680E-06
 1081    3.909358E-06
 1082    3.902135E-06
 1083    3.894932E-06
 1084    3.887749E-06
 1085    3.880586E-06
 1086    3.936975E-06
 1087    3.929735E-06
 1088    3.922515E-06
 1089    3.915314E-06
 1090    3.908133E-06
 1091    3.969817E-06
 1092    3.962549E-06
 1093    3.955302E-06
 1094    3.948074E-06
 1095    3.940867E-06
 1096    4.135621E-06
 1097    4.128084E-06
 1098    4.120568E-06
 1099    4.113073E-06
 1100    4.105598E-06
 1101    4.279972E-06
 1102    4.272208E-06
 1103    4.264465E-06
 1104    4.256743E-06
 1105    4.249042E-06
 1106    4.184805E-06
 1107    4.177247E-06
 1108    4.169711E-06
 1109    4.162194E-06
 1110    4.154698E-06
 1111    4.348368E-06
 1112    4.340550E-06
 1113    4.332754E-06
 1114    4.324979E-06
 1115    4.317225E-06
 1116    4.388304E-06
 1117    4.380450E-06
 1118    4.372618E-06
 1119    4.364806E-06
 1120    4.357015E-06
 1121    4.720760E-06
 1122    4.712348E-06
 1123    4.703960E-06
 1124    4.695593E-06
 1125    4.687249E-06
 1126    4.544891E-06
 1127    4.536829E-06
 1128    4.528789E-06
 1129    4.520770E-06
 1130    4.512772E-06
 1131    4.754481E-06
 1132    4.746084E-06
 1133    4.737710E-06
 1134    4.729358E-06
 1135    4.721028E-06
 1136    4.802230E-06
 1137    4.793786E-06
 1138    4.785365E-06
 1139    4.776966E-06
 1140    4.768589E-06
 1141    4.890277E-06
 1142    4.881717E-06
 1143    4.873178E-06
 1144    4.864663E-06
 1145    4.856169E-06
 1146    5.104636E-06
 1147    5.095739E-06
 1148    5.086866E-06
 1149    5.078015E-06
 1150    5.069188E-06
 1151    4.870303E-06
 1152    4.861851E-06
 1153    4.853422E-06
 1154    4.845014E-06
 1155    4.836628E-06
 1156    5.041838E-06
 1157    5.033127E-06
 1158    5.024438E-06
 1159    5.015771E-06
 1160    5.007127E-06
 1161    4.990458E-06
 1162    4.981872E-06
 1163    4.973309E-06
 1164    4.964767E-06
 1165    4.956248E-06
 1166    5.116405E-06
 1167    5.107640E-06
 1168    5.098898E-06
 1169    5.090178E-06
 1170    5.081481E-06
 1171    5.422355E-06
 1172    5.413106E-06
 1173    5.403880E-06
 1174    5.394678E-06
 1175    5.385500E-06
 1176    5.119220E-06
 1177    5.110525E-06
 1178    5.101852E-06
 1179    5.093201E-06
 1180    5.084572E-06
 1181    5.489210E-06
 1182    5.479926E-06
 1183    5.470666E-06
 1184    5.461429E-06
 1185    5.452215E-06
 1186    5.591474E-06
 1187    5.582057E-06
 1188    5.572664E-06
 1189    5.563294E-06
 1190    5.553948E-06
 1191    5.471318E-06
 1192    5.462142E-06
 1193    5.452989E-06
 1194    5.443859E-06
 1195    5.434752E-06
 1196    5.608690E-06
 1197    5.599323E-06
 1198    5.589979E-06
 1199    5.580659E-06
 1200    5.571361E-06
 1201    5.452042E-06
 1202    5.442975E-06
 1203    5.433929E-06
 1204    5.424907E-06
 1205    5.415906E-06
 1206    5.679201E-06
 1207    5.669794E-06
 1208    5.660411E-06
 1209    5.651051E-06
 1210    5.641714E-06
 1211    5.539653E-06
 1212    5.530515E-06
 1213    5.521401E-06
 1214    5.512308E-06
 1215    5.503238E-06
 1216    5.612922E-06
 1217    5.603701E-06
 1218    5.594504E-06
 1219    5.585328E-06
 1220    5.576176E-06
 1221    5.898707E-06
 1222    5.889057E-06
 1223    5.879430E-06
 1224    5.869827E-06
 1225    5.860248E-06
 1226    5.671219E-06
 1227    5.661979E-06
 1228    5.652761E-06
 1229    5.643566E-06
 1230    5.634393E-06
 1231    6.179003E-06
 1232    6.168976E-06
 1233    6.158974E-06
 1234    6.148996E-06
 1235    6.139042E-06
 1236    6.014085E-06
 1237    6.004366E-06
 1238    5.994669E-06
 1239    5.984997E-06
 1240    5.975347E-06
 1241    6.071527E-06
 1242    6.061754E-06
 1243    6.052004E-06
 1244    6.042278E-06
 1245    6.032576E-06
 1246    6.274021E-06
 1247    6.263963E-06
 1248    6.253928E-06
 1249    6.243918E-06
 1250    6.233932E-06
 1251    6.041748E-06
 1252    6.032100E-06
 1253    6.022476E-06
 1254    6.012874E-06
 1255    6.003296E-06
 1256    6.432089E-06
 1257    6.421859E-06
 1258    6.411654E-06
 1259    6.401472E-06
 1260    6.391315E-06
 1261    6.049210E-06
 1262    6.039627E-06
 1263    6.030067E-06
 1264    6.020530E-06
 1265    6.011015E-06
 1266    6.363309E-06
 1267    6.353269E-06
 1268    6.343252E-06
 1269    6.333258E-06
 1270    6.323289E-06
 1271    6.546827E-06
 1272    6.536537E-06
 1273    6.526272E-06
 1274    6.516030E-06
 1275    6.505813E-06
 1276    6.385137E-06
 1277    6.375141E-06
 1278    6.365168E-06
 1279    6.355219E-06
 1280    6.345293E-06
 1281    6.606431E-06
 1282    6.596129E-06
 1283    6.585850E-06
 1284    6.575596E-06
 1285    6.565366E-06
 1286    6.590389E-06
 1287    6.580152E-06
 1288    6.569938E-06
 1289    6.559748E-06
 1290    6.549582E-06
 1291    6.935000E-06
 1292    6.924269E-06
 1293    6.913563E-06
 1294    6.902882E-06
 1295    6.892225E-06
 1296    6.772737E-06
 1297    6.762297E-06
 1298    6.751882E-06
 1299    6.741490E-06
 1300    6.731123E-06
 1301    6.834773E-06
 1302    6.824278E-06
 1303    6.813808E-06
 1304    6.803361E-06
 1305    6.792938E-06
 1306    6.823997E-06
 1307    6.813558E-06
 1308    6.803144E-06
 1309    6.792754E-06
 1310    6.782387E-06
 1311    6.902337E-06
 1312    6.891819E-06
 1313    6.881325E-06
 1314    6.870855E-06
 1315    6.860409E-06
 1316    7.151645E-06
 1317    7.140789E-06
 1318    7.129957E-06
 1319    7.119150E-06
 1320    7.108368E-06
 1321    7.089290E-06
 1322    7.078569E-06
 1323    7.067872E-06
 1324    7.057200E-06
 1325    7.046551E-06
 1326    7.259711E-06
 1327    7.248774E-06
 1328    7.237861E-06
 1329    7.226973E-06
 1330    7.216109E-06
 1331    7.297654E-06
 1332    7.286701E-06
 1333    7.275772E-06
 1334    7.264868E-06
 1335    7.253988E-06
 1336    7.403071E-06
 1337    7.392001E-06
 1338    7.380956E-06
 1339    7.369936E-06
 1340    7.358940E-06
 1341    7.520455E-06
 1342    7.509251E-06
 1343    7.498073E-06
 1344    7.486919E-06
 1345    7.475790E-06
 1346    7.390225E-06
 1347    7.379256E-06
 1348    7.368312E-06
 1349    7.357392E-06
 1350    7.346496E-06
 1351    7.535983E-06
 1352    7.524840E-06
 1353    7.513720E-06
 1354    7.502626E-06
 1355    7.491556E-06
 1356    7.665355E-06
 1357    7.654062E-06
 1358    7.642793E-06
 1359    7.631550E-06
 1360    7.620331E-06
 1361    7.764636E-06
 1362    7.753238E-06
 1363    7.741866E-06
 1364    7.730518E-06
 1365    7.719196E-06
 1366    7.931090E-06
 1367    7.919491E-06
 1368    7.907917E-06
 1369    7.896368E-06
 1370    7.884845E-06
 1371    8.154658E-06
 1372    8.142775E-06
 1373    8.130918E-06
 1374    8.119087E-06
 1375    8.107282E-06
 1376    8.708674E-06
 1377    8.696030E-06
 1378    8.683413E-06
 1379    8.670824E-06
 1380    8.658262E-06
 1381    8.559892E-06
 1382    8.547509E-06
 1383    8.535153E-06
 1384    8.522823E-06
 1385    8.510520E-06
 1386    8.909805E-06
 1387    8.896962E-06
 1388    8.884147E-06
 1389    8.871360E-06
 1390    8.858600E-06
 1391    8.567966E-06
 1392    8.555661E-06
 1393    8.543381E-06
 1394    8.531128E-06
 1395    8.518902E-06
 1396    8.709092E-06
 1397    8.696628E-06
 1398    8.684191E-06
 1399    8.671781E-06
 1400    8.659397E-06
 1401    8.344926E-06
 1402    8.333026E-06
 1403    8.321151E-06
 1404    8.309302E-06
 1405    8.297478E-06
 1406    7.786394E-06
 1407    7.775329E-06
 1408    7.764289E-06
 1409    7.753272E-06
 1410    7.742278E-06
 1411    7.886013E-06
 1412    7.874847E-06
 1413    7.863705E-06
 1414    7.852586E-06
 1415    7.841491E-06
 1416    8.182977E-06
 1417    8.171432E-06
 1418    8.159910E-06
 1419    8.148414E-06
 1420    8.136941E-06
 1421    9.205298E-06
 1422    9.192355E-06
 1423    9.179440E-06
 1424    9.166552E-06
 1425    9.153691E-06
 1426    1.078625E-05
 1427    1.077114E-05
 1428    1.075606E-05
 1429    1.074101E-05
 1430    1.072599E-05
 1431    1.186693E-05
 1432    1.185037E-05
 1433    1.183383E-05
 1434    1.181733E-05
 1435    1.180087E-05
 1436    1.316092E-05
 1437    1.314261E-05
 1438    1.312434E-05
 1439    1.310610E-05
 1440    1.308791E-05
 1441    1.379742E-05
 1442    1.377829E-05
 1443    1.375920E-05
 1444    1.374015E-05
 1445    1.372114E-05
 1446    1.453256E-05
 1447    1.451248E-05
 1448    1.449244E-05
 1449    1.447245E-05
 1450    1.445249E-05
 1451    1.522416E-05
 1452    1.520320E-05
 1453    1.518228E-05
 1454    1.516140E-05
 1455    1.514057E-05
 1456    1.578277E-05
 1457    1.576112E-05
 1458    1.573950E-05
 1459    1.571794E-05
 1460    1.569641E-05
 1461    1.813082E-05
 1462    1.810603E-05
 1463    1.808129E-05
 1464    1.805659E-05
 1465    1.803195E-05
 1466    1.840370E-05
 1467    1.837862E-05
 1468    1.835359E-05
 1469    1.832861E-05
 1470    1.830368E-05
 1471    1.920256E-05
 1472    1.917647E-05
 1473    1.915045E-05
 1474    1.912447E-05
 1475    1.909855E-05
 1476    1.777218E-05
 1477    1.774812E-05
 1478    1.772411E-05
 1479    1.770015E-05
 1480    1.767624E-05
 1481    1.626436E-05
 1482    1.624242E-05
 1483    1.622052E-05
 1484    1.619867E-05
 1485    1.617686E-05
 1486    1.369182E-05
 1487    1.367342E-05
 1488    1.365504E-05
 1489    1.363671E-05
 1490    1.361841E-05
 1491    9.059217E-06
 1492    9.047077E-06
 1493    9.034962E-06
 1494    9.022871E-06
 1495    9.010804E-06
 1496    2.885775E-06
 1497    2.881921E-06
 1498    2.878074E-06
 1499    2.874236E-06
 1500    2.870405E-06
 1501   -4.697297E-06
 1502   -4.691045E-06
 1503   -4.684805E-06
 1504   -4.678577E-06
 1505   -4.672361E-06
 1506   -1.185194E-05
 1507   -1.183622E-05
 1508   -1.182052E-05
 1509   -1.180486E-05
 1510   -1.178923E-05
 1511   -1.723299E-05
 1512   -1.721021E-05
 1513   -1.718746E-05
 1514   -1.716477E-05
 1515   -1.714211E-05
 1516   -1.851765E-05
 1517   -1.849324E-05
 1518   -1.846888E-05
 1519   -1.844457E-05
 1520   -1.842031E-05
 1521   -1.553682E-05
 1522   -1.551641E-05
 1523   -1.549604E-05
 1524   -1.547571E-05
 1525   -1.545542E-05
 1526   -4.530038E-06
 1527   -4.524107E-06
 1528   -4.518187E-06
 1529   -4.512279E-06
 1530   -4.506383E-06
 1531    1.717796E-05
 1532    1.715554E-05
 1533    1.713316E-05
 1534    1.711083E-05
 1535    1.708855E-05
 1536    4.975620E-05
 1537    4.969147E-05
 1538    4.962688E-05
 1539    4.956241E-05
 1540    4.949806E-05
 1541    9.118959E-05
 1542    9.107135E-05
 1543    9.095335E-05
 1544    9.083557E-05
 1545    9.071802E-05
 1546    1.549619E-04
 1547    1.547616E-04
 1548    1.545618E-04
 1549    1.543623E-04
 1550    1.541631E-04
 1551    2.115379E-04
 1552    2.112654E-04
 1553    2.109934E-04
 1554    2.107219E-04
 1555    2.104510E-04
 1556    2.759042E-04
 1557    2.755499E-04
 1558    2.751963E-04
 1559    2.748434E-04
 1560    2.744912E-04
 1561    3.186495E-04
 1562    3.182416E-04
 1563    3.178345E-04
 1564    3.174282E-04
 1565    3.170227E-04
 1566    3.433459E-04
 1567    3.429078E-04
 1568    3.424705E-04
 1569    3.420341E-04
 1570    3.415986E-04
 1571    3.435300E-04
 1572    3.430931E-04
 1573    3.426570E-04
 1574    3.422218E-04
 1575    3.417873E-04
 1576    2.919047E-04
 1577    2.915346E-04
 1578    2.911652E-04
 1579    2.907965E-04
 1580    2.904286E-04
 1581    1.548709E-04
 1582    1.546752E-04
 1583    1.544798E-04
 1584    1.542848E-04
 1585    1.540902E-04
 1586   -9.615931E-05
 1587   -9.603816E-05
 1588   -9.591725E-05
 1589   -9.579656E-05
 1590   -9.567610E-05
 1591   -4.901660E-04
 1592   -4.895504E-04
 1593   -4.889360E-04
 1594   -4.883227E-04
 1595   -4.877106E-04
 1596   -1.030050E-03
 1597   -1.028760E-03
 1598   -1.027473E-03
 1599   -1.026188E-03
 1600   -1.024906E-03
 1601   -1.607088E-03
 1602   -1.605083E-03
 1603   -1.603081E-03
 1604   -1.601082E-03
 1605   -1.599088E-03
 1606   -2.084540E-03
 1607   -2.081947E-03
 1608   -2.079358E-03
 1609   -2.076774E-03
 1610   -2.074195E-03
 1611   -2.416968E-03
 1612   -2.413970E-03
 1613   -2.410978E-03
 1614   -2.407991E-03
 1615   -2.405010E-03
 1616   -2.427299E-03
 1617   -2.424298E-03
 1618   -2.421302E-03
 1619   -2.418312E-03
 1620   -2.415327E-03
 1621   -2.254407E-03
 1622   -2.251628E-03
 1623   -2.248854E-03
 1624   -2.246085E-03
 1625   -2.243322E-03
 1626   -1.697463E-03
 1627   -1.695377E-03
 1628   -1.693295E-03
 1629   -1.691216E-03
 1630   -1.689142E-03
 1631   -6.575773E-04
 1632   -6.567717E-04
 1633   -6.559675E-04
 1634   -6.551649E-04
 1635   -6.543637E-04
 1636    1.297132E-03
 1637    1.295547E-03
 1638    1.293966E-03
 1639    1.292388E-03
 1640    1.290812E-03
 1641    4.514410E-03
 1642    4.508913E-03
 1643    4.503426E-03
 1644    4.497950E-03
 1645    4.492483E-03
 1646    8.824124E-03
 1647    8.813412E-03
 1648    8.802719E-03
 1649    8.792046E-03
 1650    8.781392E-03
 1651    1.408158E-02
 1652    1.406454E-02
 1653    1.404753E-02
 1654    1.403055E-02
 1655    1.401360E-02
 1656    1.822432E-02
 1657    1.820233E-02
 1658    1.818038E-02
 1659    1.815847E-02
 1660    1.813660E-02
 1661    2.077073E-02
 1662    2.074574E-02
 1663    2.072080E-02
 1664    2.069590E-02
 1665    2.067105E-02
 1666    2.321976E-02
 1667    2.319191E-02
 1668    2.316412E-02
 1669    2.313637E-02
 1670    2.310867E-02
 1671    2.381862E-02
 1672    2.379014E-02
 1673    2.376171E-02
 1674    2.373333E-02
 1675    2.370500E-02
 1676    2.425910E-02
 1677    2.423018E-02
 1678    2.420131E-02
 1679    2.417249E-02
 1680    2.414372E-02
 1681    2.302157E-02
 1682    2.299420E-02
 1683    2.296689E-02
 1684    2.293962E-02
 1685    2.291240E-02
 1686    2.121744E-02
 1687    2.119230E-02
 1688    2.116719E-02
 1689    2.114214E-02
 1690    2.111712E-02
 1691    1.815696E-02
 1692    1.813550E-02
 1693    1.811408E-02
 1694    1.809270E-02
 1695    1.807136E-02
 1696    1.368740E-02
 1697    1.367127E-02
 1698    1.365518E-02
 1699    1.363911E-02
 1700    1.362307E-02
 1701    8.672826E-03
 1702    8.662637E-03
 1703    8.652467E-03
 1704    8.642315E-03
 1705    8.632180E-03
 1706    4.094028E-03
 1707    4.089233E-03
 1708    4.084446E-03
 1709    4.079667E-03
 1710    4.074897E-03
 1711    9.250690E-04
 1712    9.239886E-04
 1713    9.229102E-04
 1714    9.218336E-04
 1715    9.207589E-04
 1716   -1.011064E-03
 1717   -1.009886E-03
 1718   -1.008711E-03
 1719   -1.007538E-03
 1720   -1.006366E-03
 1721   -2.037661E-03
 1722   -2.035295E-03
 1723   -2.032933E-03
 1724   -2.030575E-03
 1725   -2.028221E-03
 1726   -2.638026E-03
 1727   -2.634972E-03
 1728   -2.631923E-03
 1729   -2.628879E-03
 1730   -2.625841E-03
 1731   -2.731678E-03
 1732   -2.728525E-03
 1733   -2.725377E-03
 1734   -2.722234E-03
 1735   -2.719097E-03
 1736   -2.690508E-03
 1737   -2.687411E-03
 1738   -2.684319E-03
 1739   -2.681233E-03
 1740   -2.678152E-03
 1741   -2.375760E-03
 1742   -2.373033E-03
 1743   -2.370311E-03
 1744   -2.367594E-03
 1745   -2.364881E-03
 1746   -1.799695E-03
 1747   -1.797635E-03
 1748   -1.795579E-03
 1749   -1.793526E-03
 1750   -1.791477E-03
 1751   -1.182904E-03
 1752   -1.181554E-03
 1753   -1.180206E-03
 1754   -1.178861E-03
 1755   -1.177518E-03
 1756   -5.901407E-04
 1757   -5.894692E-04
 1758   -5.887987E-04
 1759   -5.881295E-04
 1760   -5.874613E-04
 1761   -1.726879E-04
 1762   -1.724919E-04
 1763   -1.722963E-04
 1764   -1.721010E-04
 1765   -1.719060E-04
 1766    9.407401E-05
 1767    9.396757E-05
 1768    9.386130E-05
 1769    9.375521E-05
 1770    9.364930E-05
 1771    2.355780E-04
 1772    2.353121E-04
 1773    2.350468E-04
 1774    2.347819E-04
 1775    2.345174E-04
 1776    3.007144E-04
 1777    3.003760E-04
 1778    3.000382E-04
 1779    2.997010E-04
 1780    2.993644E-04
 1781    3.020073E-04
 1782    3.016685E-04
 1783    3.013302E-04
 1784    3.009925E-04
 1785    3.006553E-04
 1786    2.807970E-04
 1787    2.804829E-04
 1788    2.801692E-04
 1789    2.798561E-04
 1790    2.795435E-04
 1791    2.318217E-04
 1792    2.315631E-04
 1793    2.313049E-04
 1794    2.310471E-04
 1795    2.307897E-04
 1796    1.736446E-04
 1797    1.734514E-04
 1798    1.732585E-04
 1799    1.730660E-04
 1800    1.728737E-04
 1801    1.070389E-04
 1802    1.069202E-04
 1803    1.068016E-04
 1804    1.066832E-04
 1805    1.065650E-04
 1806    4.604424E-05
 1807    4.599329E-05
 1808    4.594243E-05
 1809    4.589165E-05
 1810    4.584095E-05
 1811   -1.886662E-07
 1812   -1.884580E-07
 1813   -1.882501E-07
 1814   -1.880427E-07
 1815   -1.878355E-07
 1816   -3.269643E-05
 1817   -3.266045E-05
 1818   -3.262453E-05
 1819   -3.258867E-05
 1820   -3.255287E-05
 1821   -5.485257E-05
 1822   -5.479237E-05
 1823   -5.473227E-05
 1824   -5.467228E-05
 1825   -5.461238E-05
 1826   -6.423211E-05
 1827   -6.416181E-05
 1828   -6.409163E-05
 1829   -6.402157E-05
 1830   -6.395162E-05
 1831   -6.673625E-05
 1832   -6.666342E-05
 1833   -6.659070E-05
 1834   -6.651810E-05
 1835   -6.644562E-05
 1836   -6.406541E-05
 1837   -6.399568E-05
 1838   -6.392606E-05
 1839   -6.385656E-05
 1840   -6.378717E-05
 1841   -5.620982E-05
 1842   -5.614881E-05
 1843   -5.608789E-05
 1844   -5.602707E-05
 1845   -5.596636E-05
 1846   -4.606627E-05
 1847   -4.601640E-05
 1848   -4.596661E-05
 1849   -4.591691E-05
 1850   -4.586728E-05
 1851   -3.385940E-05
 1852   -3.382284E-05
 1853   -3.378635E-05
 1854   -3.374991E-05
 1855   -3.371353E-05
 1856   -2.390213E-05
 1857   -2.387640E-05
 1858   -2.385070E-05
 1859   -2.382505E-05
 1860   -2.379944E-05
 1861   -1.687561E-05
 1862   -1.685749E-05
 1863   -1.683940E-05
 1864   -1.682134E-05
 1865   -1.680330E-05
 1866   -1.226284E-05
 1867   -1.224971E-05
 1868   -1.223660E-05
 1869   -1.222351E-05
 1870   -1.221044E-05
 1871   -9.713467E-06
 1872   -9.703092E-06
 1873   -9.692734E-06
 1874   -9.682392E-06
 1875   -9.672067E-06
 1876   -8.257170E-06
 1877   -8.248374E-06
 1878   -8.239592E-06
 1879   -8.230824E-06
 1880   -8.222070E-06
 1881   -8.273364E-06
 1882   -8.264574E-06
 1883   -8.255799E-06
 1884   -8.247037E-06
 1885   -8.238289E-06
 1886   -8.602935E-06
 1887   -8.593819E-06
 1888   -8.584718E-06
 1889   -8.575631E-06
 1890   -8.566559E-06
 1891   -9.008305E-06
 1892   -8.998785E-06
 1893   -8.989280E-06
 1894   -8.979790E-06
 1895   -8.970315E-06
 1896   -9.273143E-06
 1897   -9.263369E-06
 1898   -9.253610E-06
 1899   -9.243867E-06
 1900   -9.234139E-06
 1901   -8.769925E-06
 1902   -8.760706E-06
 1903   -8.751501E-06
 1904   -8.742311E-06
 1905   -8.733135E-06
 1906   -8.664561E-06
 1907   -8.655477E-06
 1908   -8.646406E-06
 1909   -8.637350E-06
 1910   -8.628308E-06
 1911   -8.806414E-06
 1912   -8.797204E-06
 1913   -8.788010E-06
 1914   -8.778829E-06
 1915   -8.769663E-06
 1916   -9.210733E-06
 1917   -9.201126E-06
 1918   -9.191534E-06
 1919   -9.181957E-06
 1920   -9.172395E-06
 1921   -1.000869E-05
 1922   -9.998273E-06
 1923   -9.987877E-06
 1924   -9.977498E-06
 1925   -9.967134E-06
 1926   -1.070712E-05
 1927   -1.069601E-05
 1928   -1.068491E-05
 1929   -1.067384E-05
 1930   -1.066278E-05
 1931   -1.144114E-05
 1932   -1.142930E-05
 1933   -1.141748E-05
 1934   -1.140567E-05
 1935   -1.139389E-05
 1936   -1.126064E-05
 1937   -1.124902E-05
 1938   -1.123741E-05
 1939   -1.122582E-05
 1940   -1.121425E-05
 1941   -1.086799E-05
 1942   -1.085680E-05
 1943   -1.084563E-05
 1944   -1.083448E-05
 1945   -1.082334E-05
 1946   -1.009409E-05
 1947   -1.008372E-05
 1948   -1.007337E-05
 1949   -1.006304E-05
 1950   -1.005272E-05
 1951   -8.848949E-06
 1952   -8.839885E-06
 1953   -8.830834E-06
 1954   -8.821798E-06
 1955   -8.812776E-06
 1956   -8.430197E-06
 1957   -8.421584E-06
 1958   -8.412984E-06
 1959   -8.404397E-06
 1960   -8.395823E-06
 1961   -7.562470E-06
 1962   -7.554763E-06
 1963   -7.547068E-06
 1964   -7.539385E-06
 1965   -7.531713E-06
 1966   -7.608309E-06
 1967   -7.600575E-06
 1968   -7.592852E-06
 1969   -7.585142E-06
 1970   -7.577443E-06
 1971   -7.527506E-06
 1972   -7.519873E-06
 1973   -7.512253E-06
 1974   -7.504643E-06
 1975   -7.497046E-06
 1976   -7.489119E-06
 1977   -7.481544E-06
 1978   -7.473982E-06
 1979   -7.466430E-06
 1980   -7.458890E-06
 1981   -7.603891E-06
 1982   -7.596220E-06
 1983   -7.588560E-06
 1984   -7.580912E-06
 1985   -7.573276E-06
 1986   -7.556019E-06
 1987   -7.548415E-06
 1988   -7.540823E-06
 1989   -7.533242E-06
 1990   -7.525673E-06
 1991   -7.688396E-06
 1992   -7.680678E-06
 1993   -7.672972E-06
 1994   -7.665278E-06
 1995   -7.657596E-06
 1996   -7.379497E-06
 1997   -7.372108E-06
 1998   -7.364730E-06
 1999   -7.357364E-06
 2000   -7.350008E-06
 2001   -7.111695E-06
 2002   -7.104592E-06
 2003   -7.097500E-06
 2004   -7.090418E-06
 2005   -7.083347E-06
 2006   -6.918701E-06
 2007   -6.911808E-06
 2008   -6.904925E-06
 2009   -6.898053E-06
 2010   -6.891191E-06
 2011   -6.665447E-06
 2012   -6.658823E-06
 2013   -6.652209E-06
 2014   -6.645604E-06
 2015   -6.639010E-06
 2016   -6.733475E-06
 2017   -6.726800E-06
 2018   -6.720135E-06
 2019   -6.713479E-06
 2020   -6.706834E-06
 2021   -6.669292E-06
 2022   -6.662697E-06
 2023   -6.656112E-06
 2024   -6.649536E-06
 2025   -6.642970E-06
 2026   -6.632792E-06
 2027   -6.626249E-06
 2028   -6.619716E-06
 2029   -6.613193E-06
 2030   -6.606679E-06
 2031   -6.850105E-06
 2032   -6.843365E-06
 2033   -6.836634E-06
 2034   -6.829913E-06
 2035   -6.823202E-06
 2036   -6.678552E-06
 2037   -6.671996E-06
 2038   -6.665450E-06
 2039   -6.658914E-06
 2040   -6.652387E-06
 2041   -6.789335E-06
 2042   -6.782687E-06
 2043   -6.776048E-06
 2044   -6.769420E-06
 2045   -6.762801E-06
 2046   -6.412841E-06
 2047   -6.406577E-06
 2048   -6.400322E-06
 2049   -6.394076E-06
 2050   -6.387840E-06
 2051   -6.240385E-06
 2052   -6.234304E-06
 2053   -6.228232E-06
 2054   -6.222169E-06
 2055   -6.216115E-06
 2056   -6.112957E-06
 2057   -6.107015E-06
 2058   -6.101081E-06
 2059   -6.095156E-06
 2060   -6.089240E-06
 2061   -5.974010E-06
 2062   -5.968217E-06
 2063   -5.962432E-06
 2064   -5.956656E-06
 2065   -5.950888E-06
 2066   -5.987420E-06
 2067   -5.981628E-06
 2068   -5.975844E-06
 2069   -5.970069E-06
 2070   -5.964302E-06
 2071   -5.843505E-06
 2072   -5.837866E-06
 2073   -5.832235E-06
 2074   -5.826612E-06
 2075   -5.820997E-06
 2076   -6.035432E-06
 2077   -6.029622E-06
 2078   -6.023820E-06
 2079   -6.018027E-06
 2080   -6.012241E-06
 2081   -6.068892E-06
 2082   -6.063063E-06
 2083   -6.057243E-06
 2084   -6.051431E-06
 2085   -6.045628E-06
 2086   -6.150449E-06
 2087   -6.144557E-06
 2088   -6.138672E-06
 2089   -6.132797E-06
 2090   -6.126929E-06
 2091   -5.869632E-06
 2092   -5.864022E-06
 2093   -5.858420E-06
 2094   -5.852826E-06
 2095   -5.847240E-06
 2096   -5.826237E-06
 2097   -5.820682E-06
 2098   -5.815134E-06
 2099   -5.809595E-06
 2100   -5.804063E-06
 2101   -5.642731E-06
 2102   -5.637364E-06
 2103   -5.632004E-06
 2104   -5.626651E-06
 2105   -5.621307E-06
 2106   -5.413597E-06
 2107   -5.408459E-06
 2108   -5.403329E-06
 2109   -5.398206E-06
 2110   -5.393091E-06
 2111   -5.421501E-06
 2112   -5.416369E-06
 2113   -5.411243E-06
 2114   -5.406125E-06
 2115   -5.401014E-06
 2116   -5.393769E-06
 2117   -5.388675E-06
 2118   -5.383587E-06
 2119   -5.378507E-06
 2120   -5.373434E-06
 2121   -5.386497E-06
 2122   -5.381421E-06
 2123   -5.376353E-06
 2124   -5.371292E-06
 2125   -5.366238E-06
 2126   -5.381135E-06
 2127   -5.376076E-06
 2128   -5.371024E-06
 2129   -5.365980E-06
 2130   -5.360943E-06
 2131   -5.420940E-06
 2132   -5.415855E-06
 2133   -5.410778E-06
 2134   -5.405709E-06
 2135   -5.400646E-06
 2136   -5.515807E-06
 2137   -5.510646E-06
 2138   -5.505492E-06
 2139   -5.500346E-06
 2140   -5.495207E-06
 2141   -5.396773E-06
 2142   -5.391735E-06
 2143   -5.386704E-06
 2144   -5.381680E-06
 2145   -5.376664E-06
 2146   -5.260472E-06
 2147   -5.255573E-06
 2148   -5.250681E-06
 2149   -5.245795E-06
 2150   -5.240917E-06
 2151   -4.993013E-06
 2152   -4.988374E-06
 2153   -4.983741E-06
 2154   -4.979115E-06
 2155   -4.974495E-06
 2156   -4.902535E-06
 2157   -4.897990E-06
 2158   -4.893452E-06
 2159   -4.888920E-06
 2160   -4.884394E-06
 2161   -5.012068E-06
 2162   -5.007433E-06
 2163   -5.002804E-06
 2164   -4.998181E-06
 2165   -4.993565E-06
 2166   -4.846051E-06
 2167   -4.841580E-06
 2168   -4.837114E-06
 2169   -4.832655E-06
 2170   -4.828202E-06
 2171   -4.927848E-06
 2172   -4.923312E-06
 2173   -4.918781E-06
 2174   -4.914257E-06
 2175   -4.909739E-06
 2176   -4.836173E-06
 2177   -4.831731E-06
 2178   -4.827295E-06
 2179   -4.822866E-06
 2180   -4.818442E-06
 2181   -4.923936E-06
 2182   -4.919424E-06
 2183   -4.914918E-06
 2184   -4.910418E-06
 2185   -4.905924E-06
 2186   -4.935726E-06
 2187   -4.931213E-06
 2188   -4.926707E-06
 2189   -4.922207E-06
 2190   -4.917712E-06
 2191   -4.769429E-06
 2192   -4.765078E-06
 2193   -4.760734E-06
 2194   -4.756395E-06
 2195   -4.752062E-06
 2196   -4.747618E-06
 2197   -4.743297E-06
 2198   -4.738982E-06
 2199   -4.734673E-06
 2200   -4.730370E-06
 2201   -4.479219E-06
 2202   -4.475152E-06
 2203   -4.471090E-06
 2204   -4.467034E-06
 2205   -4.462983E-06
 2206   -4.456637E-06
 2207   -4.452599E-06
 2208   -4.448567E-06
 2209   -4.444540E-06
 2210   -4.440519E-06
 2211   -4.345377E-06
 2212   -4.341449E-06
 2213   -4.337526E-06
 2214   -4.333609E-06
 2215   -4.329697E-06
 2216   -4.273290E-06
 2217   -4.269436E-06
 2218   -4.265587E-06
 2219   -4.261743E-06
 2220   -4.257904E-06
 2221   -4.362833E-06
 2222   -4.358907E-06
 2223   -4.354986E-06
 2224   -4.351071E-06
 2225   -4.347160E-06
 2226   -4.264952E-06
 2227   -4.261122E-06
 2228   -4.257298E-06
 2229   -4.253479E-06
 2230   -4.249665E-06
 2231   -4.323593E-06
 2232   -4.319719E-06
 2233   -4.315851E-06
 2234   -4.311988E-06
 2235   -4.308131E-06
 2236   -4.269363E-06
 2237   -4.265547E-06
 2238   -4.261736E-06
 2239   -4.257930E-06
 2240   -4.254129E-06
 2241   -4.067080E-06
 2242   -4.063453E-06
 2243   -4.059831E-06
 2244   -4.056213E-06
 2245   -4.052600E-06
 2246   -4.105381E-06
 2247   -4.101728E-06
 2248   -4.098080E-06
 2249   -4.094436E-06
 2250   -4.090797E-06
 2251   -3.776781E-06
 2252   -3.773428E-06
 2253   -3.770079E-06
 2254   -3.766734E-06
 2255   -3.763394E-06
 2256   -3.676989E-06
 2257   -3.673732E-06
 2258   -3.670478E-06
 2259   -3.667229E-06
 2260   -3.663985E-06
 2261   -3.545560E-06
 2262   -3.542426E-06
 2263   -3.539295E-06
 2264   -3.536170E-06
 2265   -3.533048E-06
 2266   -3.510872E-06
 2267   -3.507776E-06
 2268   -3.504683E-06
 2269   -3.501595E-06
 2270   -3.498510E-06
 2271   -3.539416E-06
 2272   -3.536301E-06
 2273   -3.533190E-06
 2274   -3.530083E-06
 2275   -3.526980E-06
 2276   -3.432044E-06
 2277   -3.429030E-06
 2278   -3.426020E-06
 2279   -3.423014E-06
 2280   -3.420012E-06
 2281   -3.532621E-06
 2282   -3.529526E-06
 2283   -3.526434E-06
 2284   -3.523347E-06
 2285   -3.520264E-06
 2286   -3.453143E-06
 2287   -3.450124E-06
 2288   -3.447108E-06
 2289   -3.444097E-06
 2290   -3.441090E-06
 2291   -3.372083E-06
 2292   -3.369142E-06
 2293   -3.366204E-06
 2294   -3.363269E-06
 2295   -3.360339E-06
 2296   -3.251558E-06
 2297   -3.248727E-06
 2298   -3.245900E-06
 2299   -3.243077E-06
 2300   -3.240258E-06
 2301   -3.080745E-06
 2302   -3.078069E-06
 2303   -3.075397E-06
 2304   -3.072728E-06
 2305   -3.070062E-06
 2306   -3.083310E-06
 2307   -3.080637E-06
 2308   -3.077968E-06
 2309   -3.075303E-06
 2310   -3.072641E-06
 2311   -2.927492E-06
 2312   -2.924960E-06
 2313   -2.922431E-06
 2314   -2.919906E-06
 2315   -2.917384E-06
 2316   -2.919249E-06
 2317   -2.916730E-06
 2318   -2.914214E-06
 2319   -2.911701E-06
 2320   -2.909191E-06
 2321   -2.879263E-06
 2322   -2.876783E-06
 2323   -2.874307E-06
 2324   -2.871834E-06
 2325   -2.869364E-06
 2326   -2.884271E-06
 2327   -2.881793E-06
 2328   -2.879317E-06
 2329   -2.876845E-06
 2330   -2.874376E-06
 2331   -2.902075E-06
 2332   -2.899587E-06
 2333   -2.897102E-06
 2334   -2.894620E-06
 2335   -2.892141E-06
 2336   -2.796967E-06
 2337   -2.794574E-06
 2338   -2.792184E-06
 2339   -2.789797E-06
 2340   -2.787413E-06
 2341   -2.760371E-06
 2342   -2.758014E-06
 2343   -2.755661E-06
 2344   -2.753310E-06
 2345   -2.750962E-06
 2346   -2.629286E-06
 2347   -2.627046E-06
 2348   -2.624809E-06
 2349   -2.622574E-06
 2350   -2.620343E-06
 2351   -2.498360E-06
 2352   -2.496236E-06
 2353   -2.494114E-06
 2354   -2.491996E-06
 2355   -2.489880E-06
 2356   -2.327254E-06
 2357   -2.325280E-06
 2358   -2.323308E-06
 2359   -2.321339E-06
 2360   -2.319372E-06
 2361   -2.239102E-06
 2362   -2.237207E-06
 2363   -2.235314E-06
 2364   -2.233423E-06
 2365   -2.231535E-06
 2366   -2.239222E-06
 2367   -2.237331E-06
 2368   -2.235441E-06
 2369   -2.233554E-06
 2370   -2.231670E-06
 2371   -2.199767E-06
 2372   -2.197913E-06
 2373   -2.196061E-06
 2374   -2.194211E-06
 2375   -2.192364E-06
 2376   -2.198664E-06
 2377   -2.196815E-06
 2378   -2.194967E-06
 2379   -2.193122E-06
 2380   -2.191280E-06
 2381   -2.183173E-06
 2382   -2.181340E-06
 2383   -2.179510E-06
 2384   -2.177682E-06
 2385   -2.175856E-06
 2386   -2.122701E-06
 2387   -2.120923E-06
 2388   -2.119147E-06
 2389   -2.117373E-06
 2390   -2.115602E-06
 2391   -2.117841E-06
 2392   -2.116071E-06
 2393   -2.114302E-06
 2394   -2.112536E-06
 2395   -2.110773E-06
 2396   -1.955274E-06
 2397   -1.953643E-06
 2398   -1.952014E-06
 2399   -1.950387E-06
 2400   -1.948762E-06
 2401   -1.882247E-06
 2402   -1.880680E-06
 2403   -1.879115E-06
 2404   -1.877552E-06
 2405   -1.875991E-06
 2406   -1.767122E-06
 2407   -1.765654E-06
 2408   -1.764188E-06
 2409   -1.762723E-06
 2410   -1.761261E-06
 2411   -1.719433E-06
 2412   -1.718008E-06
 2413   -1.716584E-06
 2414   -1.715162E-06
 2415   -1.713742E-06
 2416   -1.698590E-06
 2417   -1.697185E-06
 2418   -1.695782E-06
 2419   -1.694380E-06
 2420   -1.692980E-06
 2421   -1.655204E-06
 2422   -1.653837E-06
 2423   -1.652472E-06
 2424   -1.651109E-06
 2425   -1.649748E-06
 2426   -1.669879E-06
 2427   -1.668503E-06
 2428   -1.667129E-06
 2429   -1.665756E-06
 2430   -1.664386E-06
 2431   -1.619923E-06
 2432   -1.618591E-06
 2433   -1.617260E-06
 2434   -1.615932E-06
 2435   -1.614605E-06
 2436   -1.609191E-06
 2437   -1.607871E-06
 2438   -1.606552E-06
 2439   -1.605235E-06
 2440   -1.603920E-06
 2441   -1.555788E-06
 2442   -1.554514E-06
 2443   -1.553242E-06
 2444   -1.551971E-06
 2445   -1.550702E-06
 2446   -1.441549E-06
 2447   -1.440372E-06
 2448   -1.439195E-06
 2449   -1.438020E-06
 2450   -1.436846E-06
 2451   -1.365032E-06
 2452   -1.363918E-06
 2453   -1.362807E-06
 2454   -1.361696E-06
 2455   -1.360587E-06
 2456   -1.276167E-06
 2457   -1.275128E-06
 2458   -1.274091E-06
 2459   -1.273055E-06
 2460   -1.272020E-06
 2461   -1.220039E-06
 2462   -1.219048E-06
 2463   -1.218059E-06
 2464   -1.217070E-06
 2465   -1.216083E-06
 2466   -1.174468E-06
 2467   -1.173516E-06
 2468   -1.172565E-06
 2469   -1.171615E-06
 2470   -1.170667E-06
 2471   -1.138384E-06
 2472   -1.137463E-06
 2473   -1.136543E-06
 2474   -1.135625E-06
 2475   -1.134707E-06
 2476   -1.142706E-06
 2477   -1.141784E-06
 2478   -1.140862E-06
 2479   -1.139942E-06
 2480   -1.139023E-06
 2481   -1.108931E-06
 2482   -1.108037E-06
 2483   -1.107145E-06
 2484   -1.106254E-06
 2485   -1.105363E-06
 2486   -1.110940E-06
 2487   -1.110047E-06
 2488   -1.109155E-06
 2489   -1.108264E-06
 2490   -1.107374E-06
 2491   -1.061363E-06
 2492   -1.060512E-06
 2493   -1.059661E-06
 2494   -1.058811E-06
 2495   -1.057963E-06
 2496   -9.981856E-07
 2497   -9.973863E-07
 2498   -9.965879E-07
 2499   -9.957905E-07
 2500   -9.949940E-07
 2501   -9.263321E-07
 2502   -9.255918E-07
 2503   -9.248523E-07
 2504   -9.241138E-07
 2505   -9.233761E-07
 2506   -8.493419E-07
 2507   -8.486645E-07
 2508   -8.479878E-07
 2509   -8.473120E-07
 2510   -8.466370E-07
 2511   -8.378777E-07
 2512   -8.372107E-07
 2513   -8.365445E-07
 2514   -8.358792E-07
 2515   -8.352146E-07
 2516   -7.988177E-07
 2517   -7.981831E-07
 2518   -7.975492E-07
 2519   -7.969161E-07
 2520   -7.962838E-07
 2521   -7.911356E-07
 2522   -7.905083E-07
 2523   -7.898818E-07
 2524   -7.892560E-07
 2525   -7.886310E-07
 2526   -7.736055E-07
 2527   -7.729933E-07
 2528   -7.723819E-07
 2529   -7.717712E-07
 2530   -7.711612E-07
 2531   -7.613904E-07
 2532   -7.607891E-07
 2533   -7.601885E-07
 2534   -7.595886E-07
 2535   -7.589895E-07
 2536   -7.519225E-07
 2537   -7.513299E-07
 2538   -7.507379E-07
 2539   -7.501467E-07
 2540   -7.495561E-07
 2541   -7.109861E-07
 2542   -7.104268E-07
 2543   -7.098682E-07
 2544   -7.093102E-07
 2545   -7.087529E-07
 2546   -6.678545E-07
 2547   -6.673302E-07
 2548   -6.668065E-07
 2549   -6.662834E-07
 2550   -6.657609E-07
 2551   -5.939331E-07
 2552   -5.934677E-07
 2553   -5.930029E-07
 2554   -5.925386E-07
 2555   -5.920749E-07
 2556   -5.538878E-07
 2557   -5.534546E-07
 2558   -5.530220E-07
 2559   -5.525899E-07
 2560   -5.521582E-07
 2561   -5.203082E-07
 2562   -5.199021E-07
 2563   -5.194965E-07
 2564   -5.190914E-07
 2565   -5.186867E-07
 2566   -4.975510E-07
 2567   -4.971634E-07
 2568   -4.967763E-07
 2569   -4.963896E-07
 2570   -4.960034E-07
 2571   -4.953713E-07
 2572   -4.949861E-07
 2573   -4.946015E-07
 2574   -4.942172E-07
 2575   -4.938334E-07
 2576   -4.744471E-07
 2577   -4.740789E-07
 2578   -4.737112E-07
 2579   -4.733439E-07
 2580   -4.729771E-07
 2581   -4.749350E-07
 2582   -4.745672E-07
 2583   -4.741998E-07
 2584   -4.738329E-07
 2585   -4.734664E-07
 2586   -4.613442E-07
 2587   -4.609876E-07
 2588   -4.606315E-07
 2589   -4.602757E-07
 2590   -4.599203E-07
 2591   -4.408335E-07
 2592   -4.404934E-07
 2593   -4.401537E-07
 2594   -4.398144E-07
 2595   -4.394755E-07
 2596   -4.145458E-07
 2597   -4.142266E-07
 2598   -4.139078E-07
 2599   -4.135893E-07
 2600   -4.132712E-07
 2601   -3.722040E-07
 2602   -3.719180E-07
 2603   -3.716323E-07
 2604   -3.713469E-07
 2605   -3.710618E-07
 2606   -3.532725E-07
 2607   -3.530015E-07
 2608   -3.527309E-07
 2609   -3.524605E-07
 2610   -3.521905E-07
 2611   -3.283351E-07
 2612   -3.280837E-07
 2613   -3.278327E-07
 2614   -3.275819E-07
 2615   -3.273314E-07
 2616   -3.233311E-07
 2617   -3.230840E-07
 2618   -3.228373E-07
 2619   -3.225908E-07
 2620   -3.223446E-07
 2621   -3.088336E-07
 2622   -3.085981E-07
 2623   -3.083629E-07
 2624   -3.081279E-07
 2625   -3.078931E-07
 2626   -3.066684E-07
 2627   -3.064350E-07
 2628   -3.062018E-07
 2629   -3.059689E-07
 2630   -3.057363E-07
 2631   -3.067348E-07
 2632   -3.065018E-07
 2633   -3.062690E-07
 2634   -3.060365E-07
 2635   -3.058043E-07
 2636   -2.922233E-07
 2637   -2.920017E-07
 2638   -2.917804E-07
 2639   -2.915593E-07
 2640   -2.913384E-07
 2641   -2.785298E-07
 2642   -2.783190E-07
 2643   -2.781084E-07
 2644   -2.778981E-07
 2645   -2.776880E-07
 2646   -2.564149E-07
 2647   -2.562212E-07
 2648   -2.560277E-07
 2649   -2.558345E-07
 2650   -2.556414E-07
 2651   -2.296159E-07
 2652   -2.294428E-07
 2653   -2.292698E-07
 2654   -2.290971E-07
 2655   -2.289245E-07
 2656   -2.135519E-07
 2657   -2.133912E-07
 2658   -2.132307E-07
 2659   -2.130703E-07
 2660   -2.129102E-07
 2661   -1.921289E-07
 2662   -1.919846E-07
 2663   -1.918404E-07
 2664   -1.916964E-07
 2665   -1.915526E-07
 2666   -1.889974E-07
 2667   -1.888557E-07
 2668   -1.887142E-07
 2669   -1.885728E-07
 2670   -1.884315E-07
 2671   -1.811167E-07
 2672   -1.809812E-07
 2673   -1.808458E-07
 2674   -1.807106E-07
 2675   -1.805755E-07
 2676   -1.751179E-07
 2677   -1.749871E-07
 2678   -1.748564E-07
 2679   -1.747259E-07
 2680   -1.745955E-07
 2681   -1.759449E-07
 2682   -1.758138E-07
 2683   -1.756827E-07
 2684   -1.755518E-07
 2685   -1.754211E-07
 2686   -1.690601E-07
 2687   -1.689343E-07
 2688   -1.688086E-07
 2689   -1.686831E-07
 2690   -1.685577E-07
 2691   -1.658653E-07
 2692   -1.657421E-07
 2693   -1.656190E-07
 2694   -1.654961E-07
 2695   -1.653733E-07
 2696   -1.513138E-07
 2697   -1.512016E-07
 2698   -1.510895E-07
 2699   -1.509776E-07
 2700   -1.508658E-07
 2701   -1.430114E-07
 2702   -1.429056E-07
 2703   -1.427998E-07
 2704   -1.426942E-07
 2705   -1.425887E-07
 2706   -1.344730E-07
 2707   -1.343737E-07
 2708   -1.342745E-07
 2709   -1.341754E-07
 2710   -1.340764E-07
 2711   -1.277529E-07
 2712   -1.276587E-07
 2713   -1.275646E-07
 2714   -1.274706E-07
 2715   -1.273767E-07
 2716   -1.265487E-07
 2717   -1.264556E-07
 2718   -1.263625E-07
 2719   -1.262696E-07
 2720   -1.261768E-07
 2721   -1.194275E-07
 2722   -1.193398E-07
 2723   -1.192521E-07
 2724   -1.191646E-07
 2725   -1.190771E-07
 2726   -1.204023E-07
 2727   -1.203140E-07
 2728   -1.202258E-07
 2729   -1.201377E-07
 2730   -1.200497E-07
 2731   -1.189981E-07
 2732   -1.189110E-07
 2733   -1.188240E-07
 2734   -1.187371E-07
 2735   -1.186503E-07
 2736   -1.147901E-07
 2737   -1.147063E-07
 2738   -1.146225E-07
 2739   -1.145388E-07
 2740   -1.144552E-07
 2741   -1.155943E-07
 2742   -1.155100E-07
 2743   -1.154258E-07
 2744   -1.153417E-07
 2745   -1.152577E-07
 2746   -1.093600E-07
 2747   -1.092804E-07
 2748   -1.092009E-07
 2749   -1.091214E-07
 2750   -1.090421E-07
 2751   -1.076514E-07
 2752   -1.075732E-07
 2753   -1.074951E-07
 2754   -1.074170E-07
 2755   -1.073391E-07
 2756   -1.045477E-07
 2757   -1.044718E-07
 2758   -1.043961E-07
 2759   -1.043204E-07
 2760   -1.042448E-07
 2761   -1.021632E-07
 2762   -1.020892E-07
 2763   -1.020153E-07
 2764   -1.019415E-07
 2765   -1.018678E-07
 2766   -1.015622E-07
 2767   -1.014888E-07
 2768   -1.014155E-07
 2769   -1.013422E-07
 2770   -1.012691E-07
 2771   -9.795254E-08
 2772   -9.788188E-08
 2773   -9.781130E-08
 2774   -9.774079E-08
 2775   -9.767036E-08
 2776   -1.004346E-07
 2777   -1.003623E-07
 2778   -1.002901E-07
 2779   -1.002179E-07
 2780   -1.001458E-07
 2781   -9.741733E-08
 2782   -9.734730E-08
 2783   -9.727736E-08
 2784   -9.720749E-08
 2785   -9.713769E-08
 2786   -9.882917E-08
 2787   -9.875826E-08
 2788   -9.868743E-08
 2789   -9.861667E-08
 2790   -9.854599E-08
 2791   -9.940078E-08
 2792   -9.932958E-08
 2793   -9.925847E-08
 2794   -9.918743E-08
 2795   -9.911647E-08
 2796   -9.909255E-08
 2797   -9.902171E-08
 2798   -9.895094E-08
 2799   -9.888025E-08
 2800   -9.880963E-08
 2801   -1.003764E-07
 2802   -1.003047E-07
 2803   -1.002332E-07
 2804   -1.001617E-07
 2805   -1.000903E-07
 2806   -9.900520E-08
 2807   -9.893467E-08
 2808   -9.886422E-08
 2809   -9.879384E-08
 2810   -9.872354E-08
 2811   -1.005021E-07
 2812   -1.004307E-07
 2813   -1.003593E-07
 2814   -1.002880E-07
 2815   -1.002167E-07
 2816   -1.018995E-07
 2817   -1.018271E-07
 2818   -1.017549E-07
 2819   -1.016827E-07
 2820   -1.016106E-07
 2821   -1.011954E-07
 2822   -1.011237E-07
 2823   -1.010521E-07
 2824   -1.009805E-07
 2825   -1.009090E-07
 2826   -1.014293E-07
 2827   -1.013575E-07
 2828   -1.012858E-07
 2829   -1.012142E-07
 2830   -1.011427E-07
 2831   -1.011660E-07
 2832   -1.010946E-07
 2833   -1.010232E-07
 2834   -1.009520E-07
 2835   -1.008808E-07
 2836   -1.033377E-07
 2837   -1.032649E-07
 2838   -1.031921E-07
 2839   -1.031194E-07
 2840   -1.030468E-07
 2841   -1.045048E-07
 2842   -1.044313E-07
 2843   -1.043578E-07
 2844   -1.042845E-07
 2845   -1.042112E-07
 2846   -1.071812E-07
 2847   -1.071059E-07
 2848   -1.070307E-07
 2849   -1.069556E-07
 2850   -1.068805E-07
 2851   -1.099529E-07
 2852   -1.098758E-07
 2853   -1.097988E-07
 2854   -1.097218E-07
 2855   -1.096450E-07
 2856   -1.126938E-07
 2857   -1.126149E-07
 2858   -1.125361E-07
 2859   -1.124574E-07
 2860   -1.123788E-07
 2861   -1.157919E-07
 2862   -1.157110E-07
 2863   -1.156302E-07
 2864   -1.155495E-07
 2865   -1.154688E-07
 2866   -1.162819E-07
 2867   -1.162008E-07
 2868   -1.161198E-07
 2869   -1.160389E-07
 2870   -1.159580E-07
 2871   -1.165793E-07
 2872   -1.164982E-07
 2873   -1.164171E-07
 2874   -1.163361E-07
 2875   -1.162552E-07
 2876   -1.151880E-07
 2877   -1.151080E-07
 2878   -1.150280E-07
 2879   -1.149481E-07
 2880   -1.148683E-07
 2881   -1.165446E-07
 2882   -1.164637E-07
 2883   -1.163829E-07
 2884   -1.163022E-07
 2885   -1.162216E-07
 2886   -1.181604E-07
 2887   -1.180785E-07
 2888   -1.179968E-07
 2889   -1.179151E-07
 2890   -1.178335E-07
 2891   -1.210518E-07
 2892   -1.209681E-07
 2893   -1.208845E-07
 2894   -1.208010E-07
 2895   -1.207175E-07
 2896   -1.260345E-07
 2897   -1.259476E-07
 2898   -1.258606E-07
 2899   -1.257738E-07
 2900   -1.256871E-07
 2901   -1.281051E-07
 2902   -1.280168E-07
 2903   -1.279286E-07
 2904   -1.278406E-07
 2905   -1.277526E-07
 2906   -1.328252E-07
 2907   -1.327338E-07
 2908   -1.326426E-07
 2909   -1.325514E-07
 2910   -1.324603E-07
 2911   -1.324192E-07
 2912   -1.323283E-07
 2913   -1.322374E-07
 2914   -1.321467E-07
 2915   -1.320560E-07
 2916   -1.341532E-07
 2917   -1.340612E-07
 2918   -1.339693E-07
 2919   -1.338775E-07
 2920   -1.337859E-07
 2921   -1.376184E-07
 2922   -1.375243E-07
 2923   -1.374302E-07
 2924   -1.373362E-07
 2925   -1.372423E-07
 2926   -1.346285E-07
 2927   -1.345365E-07
 2928   -1.344447E-07
 2929   -1.343529E-07
 2930   -1.342612E-07
 2931   -1.381203E-07
 2932   -1.380261E-07
 2933   -1.379320E-07
 2934   -1.378380E-07
 2935   -1.377441E-07
 2936   -1.380320E-07
 2937   -1.379380E-07
 2938   -1.378441E-07
 2939   -1.377503E-07
 2940   -1.376566E-07
 2941   -1.394977E-07
 2942   -1.394029E-07
 2943   -1.393082E-07
 2944   -1.392135E-07
 2945   -1.391190E-07
 2946   -1.454337E-07
 2947   -1.453350E-07
 2948   -1.452364E-07
 2949   -1.451379E-07
 2950   -1.450396E-07
 2951   -1.441227E-07
 2952   -1.440251E-07
 2953   -1.439276E-07
 2954   -1.438301E-07
 2955   -1.437328E-07
 2956   -1.500774E-07
 2957   -1.499759E-07
 2958   -1.498745E-07
 2959   -1.497732E-07
 2960   -1.496721E-07
 2961   -1.515193E-07
 2962   -1.514170E-07
 2963   -1.513149E-07
 2964   -1.512128E-07
 2965   -1.511108E-07
 2966   -1.534816E-07
 2967   -1.533782E-07
 2968   -1.532749E-07
 2969   -1.531716E-07
 2970   -1.530685E-07
 2971   -1.553960E-07
 2972   -1.552914E-07
 2973   -1.551870E-07
 2974   -1.550826E-07
 2975   -1.549784E-07
 2976   -1.506632E-07
 2977   -1.505620E-07
 2978   -1.504609E-07
 2979   -1.503599E-07
 2980   -1.502590E-07
 2981   -1.558002E-07
 2982   -1.556957E-07
 2983   -1.555914E-07
 2984   -1.554871E-07
 2985   -1.553829E-07
 2986   -1.538619E-07
 2987   -1.537589E-07
 2988   -1.536560E-07
 2989   -1.535532E-07
 2990   -1.534505E-07
 2991   -1.575581E-07
 2992   -1.574528E-07
 2993   -1.573476E-07
 2994   -1.572425E-07
 2995   -1.571375E-07
 2996   -1.580257E-07
 2997   -1.579203E-07
 2998   -1.578150E-07
 2999   -1.577097E-07
 3000   -1.576046E-07
 3001   -1.578696E-07
 3002   -1.577644E-07
 3003   -1.576594E-07
 3004   -1.575544E-07
 3005   -1.574496E-07
 3006   -1.635279E-07
 3007   -1.634191E-07
 3008   -1.633105E-07
 3009   -1.632020E-07
 3010   -1.630935E-07
 3011   -1.614563E-07
 3012   -1.613492E-07
 3013   -1.612421E-07
 3014   -1.611351E-07
 3015   -1.610282E-07
 3016   -1.616601E-07
 3017   -1.615530E-07
 3018   -1.614459E-07
 3019   -1.613390E-07
 3020   -1.612322E-07
 3021   -1.617252E-07
 3022   -1.616182E-07
 3023   -1.615113E-07
 3024   -1.614045E-07
 3025   -1.612978E-07
 3026   -1.592223E-07
 3027   -1.591171E-07
 3028   -1.590120E-07
 3029   -1.589070E-07
 3030   -1.588022E-07
 3031   -1.659072E-07
 3032   -1.657978E-07
 3033   -1.656885E-07
 3034   -1.655793E-07
 3035   -1.654702E-07
 3036   -1.654130E-07
 3037   -1.653040E-07
 3038   -1.651952E-07
 3039   -1.650865E-07
 3040   -1.649779E-07
 3041   -1.703143E-07
 3042   -1.702024E-07
 3043   -1.700905E-07
 3044   -1.699788E-07
 3045   -1.698672E-07
 3046   -1.722467E-07
 3047   -1.721336E-07
 3048   -1.720207E-07
 3049   -1.719079E-07
 3050   -1.717952E-07
 3051   -1.772400E-07
 3052   -1.771239E-07
 3053   -1.770079E-07
 3054   -1.768920E-07
 3055   -1.767762E-07
 3056   -1.813932E-07
 3057   -1.812746E-07
 3058   -1.811560E-07
 3059   -1.810376E-07
 3060   -1.809193E-07
 3061   -1.793658E-07
 3062   -1.792486E-07
 3063   -1.791316E-07
 3064   -1.790147E-07
 3065   -1.788979E-07
 3066   -1.831241E-07
 3067   -1.830047E-07
 3068   -1.828854E-07
 3069   -1.827663E-07
 3070   -1.826472E-07
 3071   -1.804952E-07
 3072   -1.803778E-07
 3073   -1.802604E-07
 3074   -1.801431E-07
 3075   -1.800260E-07
 3076   -1.793022E-07
 3077   -1.791856E-07
 3078   -1.790692E-07
 3079   -1.789529E-07
 3080   -1.788367E-07
 3081   -1.689109E-07
 3082   -1.688013E-07
 3083   -1.686918E-07
 3084   -1.685825E-07
 3085   -1.684732E-07
 3086   -1.567772E-07
 3087   -1.566756E-07
 3088   -1.565741E-07
 3089   -1.564728E-07
 3090   -1.563715E-07
 3091   -1.380359E-07
 3092   -1.379467E-07
 3093   -1.378575E-07
 3094   -1.377684E-07
 3095   -1.376794E-07
 3096   -1.068394E-07
 3097   -1.067704E-07
 3098   -1.067015E-07
 3099   -1.066326E-07
 3100   -1.065638E-07
 3101   -7.487298E-08
 3102   -7.482471E-08
 3103   -7.477649E-08
 3104   -7.472832E-08
 3105   -7.468020E-08
 3106   -4.400950E-08
 3107   -4.398117E-08
 3108   -4.395287E-08
 3109   -4.392460E-08
 3110   -4.389636E-08
 3111   -2.435345E-08
 3112   -2.433780E-08
 3113   -2.432217E-08
 3114   -2.430655E-08
 3115   -2.429095E-08
 3116   -1.144753E-08
 3117   -1.144018E-08
 3118   -1.143285E-08
 3119   -1.142552E-08
 3120   -1.141819E-08
 3121   -4.291786E-09
 3122   -4.289037E-09
 3123   -4.286291E-09
 3124   -4.283547E-09
 3125   -4.280806E-09
 3126   -3.722490E-10
 3127   -3.720110E-10
 3128   -3.717732E-10
 3129   -3.715356E-10
 3130   -3.712982E-10
 3131    1.860372E-09
 3132    1.859184E-09
 3133    1.857997E-09
 3134    1.856812E-09
 3135    1.855627E-09
 3136    3.384712E-09
 3137    3.382555E-09
 3138    3.380399E-09
 3139    3.378246E-09
 3140    3.376094E-09
 3141    4.459190E-09
 3142    4.456352E-09
 3143    4.453517E-09
 3144    4.450684E-09
 3145    4.447854E-09
 3146    5.387675E-09
 3147    5.384251E-09
 3148    5.380831E-09
 3149    5.377414E-09
 3150    5.374000E-09
 3151    6.246499E-09
 3152    6.242536E-09
 3153    6.238577E-09
 3154    6.234622E-09
 3155    6.230670E-09
 3156    6.601559E-09
 3157    6.597377E-09
 3158    6.593200E-09
 3159    6.589026E-09
 3160    6.584856E-09
 3161    6.918283E-09
 3162    6.913907E-09
 3163    6.909536E-09
 3164    6.905169E-09
 3165    6.900807E-09
 3166    7.021372E-09
 3167    7.016938E-09
 3168    7.012509E-09
 3169    7.008084E-09
 3170    7.003663E-09
 3171    7.237004E-09
 3172    7.232442E-09
 3173    7.227884E-09
 3174    7.223330E-09
 3175    7.218781E-09
 3176    7.448504E-09
 3177    7.443816E-09
 3178    7.439132E-09
 3179    7.434453E-09
 3180    7.429778E-09
 3181    7.410815E-09
 3182    7.406158E-09
 3183    7.401505E-09
 3184    7.396857E-09
 3185    7.392213E-09
 3186    7.728216E-09
 3187    7.723367E-09
 3188    7.718523E-09
 3189    7.713683E-09
 3190    7.708847E-09
 3191    7.595166E-09
 3192    7.590407E-09
 3193    7.585654E-09
 3194    7.580905E-09
 3195    7.576160E-09
 3196    7.838668E-09
 3197    7.833765E-09
 3198    7.828866E-09
 3199    7.823973E-09
 3200    7.819083E-09
 3201    7.749368E-09
 3202    7.744529E-09
 3203    7.739694E-09
 3204    7.734863E-09
 3205    7.730037E-09
 3206    7.583219E-09
 3207    7.578490E-09
 3208    7.573766E-09
 3209    7.569047E-09
 3210    7.564332E-09
 3211    7.680109E-09
 3212    7.675327E-09
 3213    7.670550E-09
 3214    7.665778E-09
 3215    7.661010E-09
 3216    7.510648E-09
 3217    7.505979E-09
 3218    7.501315E-09
 3219    7.496655E-09
 3220    7.492000E-09
 3221    7.582683E-09
 3222    7.577976E-09
 3223    7.573275E-09
 3224    7.568577E-09
 3225    7.563884E-09
 3226    7.542132E-09
 3227    7.537459E-09
 3228    7.532789E-09
 3229    7.528124E-09
 3230    7.523464E-09
 3231    7.243523E-09
 3232    7.239041E-09
 3233    7.234563E-09
 3234    7.230090E-09
 3235    7.225621E-09
 3236    7.377220E-09
 3237    7.372663E-09
 3238    7.368110E-09
 3239    7.363561E-09
 3240    7.359016E-09
 3241    7.006427E-09
 3242    7.002106E-09
 3243    6.997788E-09
 3244    6.993474E-09
 3245    6.989165E-09
 3246    7.098841E-09
 3247    7.094469E-09
 3248    7.090101E-09
 3249    7.085737E-09
 3250    7.081377E-09
 3251    6.945962E-09
 3252    6.941690E-09
 3253    6.937423E-09
 3254    6.933160E-09
 3255    6.928901E-09
 3256    6.808432E-09
 3257    6.804251E-09
 3258    6.800075E-09
 3259    6.795903E-09
 3260    6.791734E-09
 3261    6.900706E-09
 3262    6.896475E-09
 3263    6.892249E-09
 3264    6.888026E-09
 3265    6.883808E-09
 3266    6.537804E-09
 3267    6.533802E-09
 3268    6.529804E-09
 3269    6.525809E-09
 3270    6.521819E-09
 3271    6.627599E-09
 3272    6.623549E-09
 3273    6.619502E-09
 3274    6.615459E-09
 3275    6.611419E-09
 3276    6.383141E-09
 3277    6.379246E-09
 3278    6.375354E-09
 3279    6.371466E-09
 3280    6.367582E-09
 3281    6.300093E-09
 3282    6.296254E-09
 3283    6.292419E-09
 3284    6.288588E-09
 3285    6.284760E-09
 3286    6.208427E-09
 3287    6.204650E-09
 3288    6.200876E-09
 3289    6.197106E-09
 3290    6.193340E-09
 3291    5.903653E-09
 3292    5.900067E-09
 3293    5.896484E-09
 3294    5.892905E-09
 3295    5.889328E-09
 3296    5.995481E-09
 3297    5.991844E-09
 3298    5.988211E-09
 3299    5.984581E-09
 3300    5.980955E-09
