   50    1.250585E-12
   51    9.409525E-13
   52    9.051133E-13
   53    8.712832E-13
   54    8.393149E-13
   55    8.090743E-13
   56    4.323304E-13
   57    4.172951E-13
   58    4.030307E-13
   59    3.894854E-13
   60    3.766116E-13
   61    2.205553E-13
   62    2.134985E-13
   63    2.067749E-13
   64    2.003641E-13
   65    1.942468E-13
   66    5.696701E-13
   67    5.527929E-13
   68    5.366547E-13
   69    5.212130E-13
   70    5.064283E-13
   71    4.144048E-13
   72    4.029741E-13
   73    3.920098E-13
   74    3.814870E-13
   75    3.713823E-13
   76    6.117241E-13
   77    5.959390E-13
   78    5.807571E-13
   79    5.661480E-13
   80    5.520833E-13
   81    8.941816E-13
   82    8.725060E-13
   83    8.516092E-13
   84    8.314542E-13
   85    8.120063E-13
   86    6.832719E-13
   87    6.676553E-13
   88    6.525680E-13
   89    6.379864E-13
   90    6.238881E-13
   91    7.004155E-13
   92    6.852722E-13
   93    6.706149E-13
   94    6.564227E-13
   95    6.426764E-13
   96    4.803270E-13
   97    4.704746E-13
   98    4.609223E-13
   99    4.516580E-13
  100    4.426703E-13
  101    1.801347E-13
  102    1.766201E-13
  103    1.732073E-13
  104    1.698925E-13
  105    1.666719E-13
  106    1.321119E-13
  107    1.296541E-13
  108    1.272643E-13
  109    1.249399E-13
  110    1.226787E-13
  111    3.135803E-13
  112    3.080057E-13
  113    3.025785E-13
  114    2.972935E-13
  115    2.921458E-13
  116    4.379353E-13
  117    4.304814E-13
  118    4.232161E-13
  119    4.161332E-13
  120    4.092267E-13
  121    7.615569E-13
  122    7.491237E-13
  123    7.369926E-13
  124    7.251537E-13
  125    7.135979E-13
  126    9.870840E-13
  127    9.716008E-13
  128    9.564791E-13
  129    9.417077E-13
  130    9.272758E-13
  131    8.741909E-13
  132    8.609959E-13
  133    8.480975E-13
  134    8.354867E-13
  135    8.231552E-13
  136    6.420760E-13
  137    6.327369E-13
  138    6.236002E-13
  139    6.146599E-13
  140    6.059105E-13
  141    3.594971E-13
  142    3.544517E-13
  143    3.495117E-13
  144    3.446743E-13
  145    3.399366E-13
  146    3.200444E-13
  147    3.157049E-13
  148    3.114531E-13
  149    3.072866E-13
  150    3.032032E-13
  151    5.140696E-13
  152    5.073279E-13
  153    5.007179E-13
  154    4.942362E-13
  155    4.878796E-13
  156    5.525324E-13
  157    5.455163E-13
  158    5.386329E-13
  159    5.318790E-13
  160    5.252514E-13
  161    1.333934E-12
  162    1.317516E-12
  163    1.301400E-12
  164    1.285578E-12
  165    1.270043E-12
  166    1.126767E-12
  167    1.113313E-12
  168    1.100099E-12
  169    1.087118E-12
  170    1.074367E-12
  171    1.332809E-12
  172    1.317357E-12
  173    1.302171E-12
  174    1.287247E-12
  175    1.272578E-12
  176    1.825629E-12
  177    1.805059E-12
  178    1.784834E-12
  179    1.764948E-12
  180    1.745392E-12
  181    1.062711E-12
  182    1.051065E-12
  183    1.039610E-12
  184    1.028341E-12
  185    1.017254E-12
  186    1.206931E-12
  187    1.194057E-12
  188    1.181389E-12
  189    1.168920E-12
  190    1.156648E-12
  191    1.025432E-12
  192    1.014778E-12
  193    1.004290E-12
  194    9.939632E-13
  195    9.837949E-13
  196    1.117146E-12
  197    1.105833E-12
  198    1.094692E-12
  199    1.083717E-12
  200    1.072907E-12
  201    1.074790E-12
  202    1.064175E-12
  203    1.053716E-12
  204    1.043411E-12
  205    1.033256E-12
  206    4.800412E-13
  207    4.754143E-13
  208    4.708541E-13
  209    4.663591E-13
  210    4.619282E-13
  211    5.297870E-14
  212    5.248008E-14
  213    5.198847E-14
  214    5.150374E-14
  215    5.102575E-14
  216    0.000000E+00
  217    0.000000E+00
  218    0.000000E+00
  219    0.000000E+00
  220    0.000000E+00
  221    0.000000E+00
  222    0.000000E+00
  223    0.000000E+00
  224    0.000000E+00
  225    0.000000E+00
  226    2.674321E-14
  227    2.650810E-14
  228    2.627609E-14
  229    2.604710E-14
  230    2.582110E-14
  231    0.000000E+00
  232    0.000000E+00
  233    0.000000E+00
  234    0.000000E+00
  235    0.000000E+00
  236    0.000000E+00
  237    0.000000E+00
  238    0.000000E+00
  239    0.000000E+00
  240    0.000000E+00
  241    0.000000E+00
  242    0.000000E+00
  243    0.000000E+00
  244    0.000000E+00
  245    0.000000E+00
  246    9.937337E-13
  247    9.857036E-13
  248    9.777704E-13
  249    9.699326E-13
  250    9.621887E-13
  251    1.130738E-11
  252    1.121782E-11
  253    1.112931E-11
  254    1.104185E-11
  255    1.095542E-11
  256    1.746229E-11
  257    1.732666E-11
  258    1.719260E-11
  259    1.706010E-11
  260    1.692912E-11
  261    3.453267E-11
  262    3.426957E-11
  263    3.400946E-11
  264    3.375230E-11
  265    3.349805E-11
  266    3.005954E-11
  267    2.983480E-11
  268    2.961257E-11
  269    2.939281E-11
  270    2.917549E-11
  271    6.325985E-11
  272    6.279556E-11
  273    6.233636E-11
  274    6.188219E-11
  275    6.143295E-11
  276    1.384958E-10
  277    1.374976E-10
  278    1.365102E-10
  279    1.355334E-10
  280    1.345670E-10
  281    6.300301E-10
  282    6.255697E-10
  283    6.211566E-10
  284    6.167900E-10
  285    6.124692E-10
  286    1.136956E-09
  287    1.129047E-09
  288    1.121220E-09
  289    1.113474E-09
  290    1.105808E-09
  291    1.872379E-09
  292    1.859576E-09
  293    1.846905E-09
  294    1.834362E-09
  295    1.821947E-09
  296    2.723265E-09
  297    2.704958E-09
  298    2.686834E-09
  299    2.668892E-09
  300    2.651129E-09
  301    3.255625E-09
  302    3.234100E-09
  303    3.212788E-09
  304    3.191686E-09
  305    3.170792E-09
  306    5.059549E-09
  307    5.026641E-09
  308    4.994054E-09
  309    4.961782E-09
  310    4.929822E-09
  311    5.011614E-09
  312    4.979540E-09
  313    4.947773E-09
  314    4.916309E-09
  315    4.885144E-09
  316    6.628796E-09
  317    6.587040E-09
  318    6.545677E-09
  319    6.504703E-09
  320    6.464112E-09
  321    8.079253E-09
  322    8.029150E-09
  323    7.979511E-09
  324    7.930330E-09
  325    7.881604E-09
  326    7.778356E-09
  327    7.730855E-09
  328    7.683788E-09
  329    7.637149E-09
  330    7.590933E-09
  331    1.041813E-08
  332    1.035546E-08
  333    1.029336E-08
  334    1.023181E-08
  335    1.017082E-08
  336    9.770168E-09
  337    9.712271E-09
  338    9.654887E-09
  339    9.598010E-09
  340    9.541635E-09
  341    1.308001E-08
  342    1.300363E-08
  343    1.292792E-08
  344    1.285286E-08
  345    1.277846E-08
  346    1.371201E-08
  347    1.363310E-08
  348    1.355486E-08
  349    1.347729E-08
  350    1.340039E-08
  351    1.361479E-08
  352    1.353754E-08
  353    1.346095E-08
  354    1.338501E-08
  355    1.330970E-08
  356    1.725714E-08
  357    1.716060E-08
  358    1.706487E-08
  359    1.696993E-08
  360    1.687578E-08
  361    1.628833E-08
  362    1.619846E-08
  363    1.610934E-08
  364    1.602095E-08
  365    1.593328E-08
  366    1.929513E-08
  367    1.919013E-08
  368    1.908597E-08
  369    1.898267E-08
  370    1.888020E-08
  371    1.904693E-08
  372    1.894466E-08
  373    1.884322E-08
  374    1.874259E-08
  375    1.864276E-08
  376    2.117490E-08
  377    2.106272E-08
  378    2.095142E-08
  379    2.084101E-08
  380    2.073146E-08
  381    2.370974E-08
  382    2.358576E-08
  383    2.346276E-08
  384    2.334072E-08
  385    2.321963E-08
  386    2.213194E-08
  387    2.201771E-08
  388    2.190436E-08
  389    2.179189E-08
  390    2.168028E-08
  391    2.622775E-08
  392    2.609411E-08
  393    2.596148E-08
  394    2.582987E-08
  395    2.569925E-08
  396    2.500623E-08
  397    2.488041E-08
  398    2.475554E-08
  399    2.463161E-08
  400    2.450860E-08
  401    2.872508E-08
  402    2.858234E-08
  403    2.844067E-08
  404    2.830005E-08
  405    2.816047E-08
  406    2.970862E-08
  407    2.956281E-08
  408    2.941807E-08
  409    2.927440E-08
  410    2.913177E-08
  411    2.978346E-08
  412    2.963906E-08
  413    2.949570E-08
  414    2.935338E-08
  415    2.921209E-08
  416    3.181079E-08
  417    3.165840E-08
  418    3.150711E-08
  419    3.135690E-08
  420    3.120775E-08
  421    3.324988E-08
  422    3.309249E-08
  423    3.293621E-08
  424    3.278103E-08
  425    3.262695E-08
  426    3.600692E-08
  427    3.583846E-08
  428    3.567119E-08
  429    3.550508E-08
  430    3.534014E-08
  431    3.806093E-08
  432    3.788493E-08
  433    3.771014E-08
  434    3.753656E-08
  435    3.736418E-08
  436    4.043524E-08
  437    4.025039E-08
  438    4.006681E-08
  439    3.988448E-08
  440    3.970340E-08
  441    3.986488E-08
  442    3.968470E-08
  443    3.950574E-08
  444    3.932799E-08
  445    3.915143E-08
  446    4.277084E-08
  447    4.257969E-08
  448    4.238981E-08
  449    4.220120E-08
  450    4.201385E-08
  451    4.437210E-08
  452    4.417598E-08
  453    4.398116E-08
  454    4.378762E-08
  455    4.359536E-08
  456    4.753106E-08
  457    4.732327E-08
  458    4.711685E-08
  459    4.691177E-08
  460    4.670803E-08
  461    4.856744E-08
  462    4.835742E-08
  463    4.814876E-08
  464    4.794145E-08
  465    4.773547E-08
  466    4.553425E-08
  467    4.533945E-08
  468    4.514590E-08
  469    4.495358E-08
  470    4.476250E-08
  471    5.362378E-08
  472    5.339681E-08
  473    5.317127E-08
  474    5.294715E-08
  475    5.272445E-08
  476    5.196031E-08
  477    5.174267E-08
  478    5.152640E-08
  479    5.131149E-08
  480    5.109791E-08
  481    5.785089E-08
  482    5.761109E-08
  483    5.737279E-08
  484    5.713595E-08
  485    5.690059E-08
  486    5.551721E-08
  487    5.528945E-08
  488    5.506308E-08
  489    5.483811E-08
  490    5.461451E-08
  491    5.395572E-08
  492    5.373661E-08
  493    5.351883E-08
  494    5.330238E-08
  495    5.308723E-08
  496    6.168427E-08
  497    6.143629E-08
  498    6.118981E-08
  499    6.094481E-08
  500    6.070127E-08
  501    5.743028E-08
  502    5.720170E-08
  503    5.697448E-08
  504    5.674862E-08
  505    5.652409E-08
  506    6.512503E-08
  507    6.486838E-08
  508    6.461324E-08
  509    6.435961E-08
  510    6.410746E-08
  511    6.428439E-08
  512    6.403353E-08
  513    6.378413E-08
  514    6.353618E-08
  515    6.328968E-08
  516    6.522837E-08
  517    6.497628E-08
  518    6.472565E-08
  519    6.447646E-08
  520    6.422872E-08
  521    7.142915E-08
  522    7.115574E-08
  523    7.088389E-08
  524    7.061360E-08
  525    7.034486E-08
  526    6.248424E-08
  527    6.224733E-08
  528    6.201177E-08
  529    6.177754E-08
  530    6.154464E-08
  531    7.433453E-08
  532    7.405534E-08
  533    7.377772E-08
  534    7.350166E-08
  535    7.322715E-08
  536    7.021200E-08
  537    6.995074E-08
  538    6.969094E-08
  539    6.943259E-08
  540    6.917567E-08
  541    7.696322E-08
  542    7.667949E-08
  543    7.639732E-08
  544    7.611671E-08
  545    7.583764E-08
  546    7.644937E-08
  547    7.617011E-08
  548    7.589237E-08
  549    7.561615E-08
  550    7.534143E-08
  551    7.198307E-08
  552    7.172249E-08
  553    7.146333E-08
  554    7.120558E-08
  555    7.094921E-08
  556    8.303252E-08
  557    8.273465E-08
  558    8.243837E-08
  559    8.214369E-08
  560    8.185058E-08
  561    7.605535E-08
  562    7.578494E-08
  563    7.551596E-08
  564    7.524841E-08
  565    7.498228E-08
  566    8.433771E-08
  567    8.404049E-08
  568    8.374483E-08
  569    8.345073E-08
  570    8.315818E-08
  571    7.967971E-08
  572    7.940136E-08
  573    7.912445E-08
  574    7.884900E-08
  575    7.857498E-08
  576    8.551638E-08
  577    8.522022E-08
  578    8.492559E-08
  579    8.463249E-08
  580    8.434091E-08
  581    8.605799E-08
  582    8.576251E-08
  583    8.546855E-08
  584    8.517610E-08
  585    8.488515E-08
  586    8.363056E-08
  587    8.334586E-08
  588    8.306261E-08
  589    8.278080E-08
  590    8.250043E-08
  591    9.092095E-08
  592    9.061405E-08
  593    9.030869E-08
  594    9.000488E-08
  595    8.970260E-08
  596    8.789451E-08
  597    8.760031E-08
  598    8.730757E-08
  599    8.701631E-08
  600    8.672649E-08
  601    9.257127E-08
  602    9.226398E-08
  603    9.195821E-08
  604    9.165397E-08
  605    9.135123E-08
  606    8.934143E-08
  607    8.904730E-08
  608    8.875462E-08
  609    8.846339E-08
  610    8.817358E-08
  611    8.618065E-08
  612    8.589925E-08
  613    8.561922E-08
  614    8.534056E-08
  615    8.506325E-08
  616    9.737060E-08
  617    9.705523E-08
  618    9.674139E-08
  619    9.642907E-08
  620    9.611826E-08
  621    9.034589E-08
  622    9.005562E-08
  623    8.976675E-08
  624    8.947927E-08
  625    8.919316E-08
  626    9.692747E-08
  627    9.661854E-08
  628    9.631108E-08
  629    9.600509E-08
  630    9.570055E-08
  631    9.112440E-08
  632    9.083626E-08
  633    9.054949E-08
  634    9.026407E-08
  635    8.998000E-08
  636    9.301261E-08
  637    9.272080E-08
  638    9.243037E-08
  639    9.214130E-08
  640    9.185358E-08
  641    9.881872E-08
  642    9.851112E-08
  643    9.820494E-08
  644    9.790020E-08
  645    9.759687E-08
  646    9.067168E-08
  647    9.039161E-08
  648    9.011284E-08
  649    8.983536E-08
  650    8.955915E-08
  651    9.911365E-08
  652    9.880986E-08
  653    9.850746E-08
  654    9.820644E-08
  655    9.790680E-08
  656    9.420033E-08
  657    9.391379E-08
  658    9.362856E-08
  659    9.334462E-08
  660    9.306197E-08
  661    9.574184E-08
  662    9.545281E-08
  663    9.516508E-08
  664    9.487866E-08
  665    9.459352E-08
  666    9.612557E-08
  667    9.583756E-08
  668    9.555083E-08
  669    9.526540E-08
  670    9.498123E-08
  671    8.959816E-08
  672    8.933170E-08
  673    8.906642E-08
  674    8.880233E-08
  675    8.853941E-08
  676    9.937242E-08
  677    9.907907E-08
  678    9.878701E-08
  679    9.849625E-08
  680    9.820677E-08
  681    9.117135E-08
  682    9.090418E-08
  683    9.063818E-08
  684    9.037335E-08
  685    9.010968E-08
  686    9.859541E-08
  687    9.830858E-08
  688    9.802301E-08
  689    9.773868E-08
  690    9.745559E-08
  691    9.465643E-08
  692    9.438306E-08
  693    9.411086E-08
  694    9.383985E-08
  695    9.357000E-08
  696    9.292749E-08
  697    9.266103E-08
  698    9.239572E-08
  699    9.213154E-08
  700    9.186850E-08
  701    9.827788E-08
  702    9.799809E-08
  703    9.771949E-08
  704    9.744207E-08
  705    9.716584E-08
  706    8.878771E-08
  707    8.853672E-08
  708    8.828679E-08
  709    8.803792E-08
  710    8.779010E-08
  711    9.633602E-08
  712    9.606561E-08
  713    9.579633E-08
  714    9.552818E-08
  715    9.526115E-08
  716    9.210328E-08
  717    9.184655E-08
  718    9.159089E-08
  719    9.133629E-08
  720    9.108276E-08
  721    9.568411E-08
  722    9.541924E-08
  723    9.515547E-08
  724    9.489279E-08
  725    9.463119E-08
  726    9.399733E-08
  727    9.373892E-08
  728    9.348157E-08
  729    9.322528E-08
  730    9.297004E-08
  731    8.884877E-08
  732    8.860618E-08
  733    8.836458E-08
  734    8.812397E-08
  735    8.788434E-08
  736    9.290270E-08
  737    9.265076E-08
  738    9.239984E-08
  739    9.214994E-08
  740    9.190106E-08
  741    9.013187E-08
  742    8.988909E-08
  743    8.964729E-08
  744    8.940647E-08
  745    8.916661E-08
  746    9.281716E-08
  747    9.256882E-08
  748    9.232148E-08
  749    9.207512E-08
  750    9.182975E-08
  751    9.243398E-08
  752    9.218831E-08
  753    9.194362E-08
  754    9.169990E-08
  755    9.145715E-08
  756    8.555672E-08
  757    8.533083E-08
  758    8.510583E-08
  759    8.488172E-08
  760    8.465850E-08
  761    9.689800E-08
  762    9.664384E-08
  763    9.639068E-08
  764    9.613852E-08
  765    9.588734E-08
  766    8.914410E-08
  767    8.891181E-08
  768    8.868042E-08
  769    8.844993E-08
  770    8.822034E-08
  771    9.060053E-08
  772    9.036596E-08
  773    9.013231E-08
  774    8.989956E-08
  775    8.966771E-08
  776    8.983009E-08
  777    8.959902E-08
  778    8.936883E-08
  779    8.913953E-08
  780    8.891112E-08
  781    9.166842E-08
  782    9.143413E-08
  783    9.120073E-08
  784    9.096822E-08
  785    9.073660E-08
  786    9.208250E-08
  787    9.184864E-08
  788    9.161567E-08
  789    9.138358E-08
  790    9.115238E-08
  791    9.022440E-08
  792    8.999671E-08
  793    8.976987E-08
  794    8.954390E-08
  795    8.931877E-08
  796    9.337615E-08
  797    9.314197E-08
  798    9.290868E-08
  799    9.267626E-08
  800    9.244472E-08
  801    9.091831E-08
  802    9.069172E-08
  803    9.046598E-08
  804    9.024108E-08
  805    9.001702E-08
  806    9.383362E-08
  807    9.360121E-08
  808    9.336967E-08
  809    9.313899E-08
  810    9.290915E-08
  811    9.319635E-08
  812    9.296694E-08
  813    9.273838E-08
  814    9.251067E-08
  815    9.228379E-08
  816    9.331999E-08
  817    9.309169E-08
  818    9.286422E-08
  819    9.263758E-08
  820    9.241177E-08
  821    9.691275E-08
  822    9.667709E-08
  823    9.644230E-08
  824    9.620836E-08
  825    9.597526E-08
  826    9.864366E-08
  827    9.840525E-08
  828    9.816770E-08
  829    9.793101E-08
  830    9.769517E-08
  831    1.026365E-07
  832    1.023900E-07
  833    1.021443E-07
  834    1.018995E-07
  835    1.016556E-07
  836    1.004906E-07
  837    1.002506E-07
  838    1.000115E-07
  839    9.977325E-08
  840    9.953584E-08
  841    1.015466E-07
  842    1.013056E-07
  843    1.010654E-07
  844    1.008260E-07
  845    1.005875E-07
  846    1.100874E-07
  847    1.098276E-07
  848    1.095688E-07
  849    1.093108E-07
  850    1.090537E-07
  851    1.057768E-07
  852    1.055287E-07
  853    1.052814E-07
  854    1.050350E-07
  855    1.047894E-07
  856    1.131100E-07
  857    1.128462E-07
  858    1.125833E-07
  859    1.123213E-07
  860    1.120602E-07
  861    1.105891E-07
  862    1.103326E-07
  863    1.100771E-07
  864    1.098224E-07
  865    1.095687E-07
  866    1.221206E-07
  867    1.218391E-07
  868    1.215585E-07
  869    1.212789E-07
  870    1.210003E-07
  871    1.253873E-07
  872    1.250999E-07
  873    1.248135E-07
  874    1.245280E-07
  875    1.242435E-07
  876    1.252558E-07
  877    1.249703E-07
  878    1.246858E-07
  879    1.244023E-07
  880    1.241197E-07
  881    1.343377E-07
  882    1.340332E-07
  883    1.337298E-07
  884    1.334274E-07
  885    1.331261E-07
  886    1.353955E-07
  887    1.350904E-07
  888    1.347863E-07
  889    1.344833E-07
  890    1.341812E-07
  891    1.442649E-07
  892    1.439416E-07
  893    1.436194E-07
  894    1.432983E-07
  895    1.429782E-07
  896    1.476698E-07
  897    1.473407E-07
  898    1.470127E-07
  899    1.466858E-07
  900    1.463601E-07
  901    1.506437E-07
  902    1.503099E-07
  903    1.499772E-07
  904    1.496456E-07
  905    1.493150E-07
  906    1.662911E-07
  907    1.659246E-07
  908    1.655594E-07
  909    1.651953E-07
  910    1.648324E-07
  911    1.651098E-07
  912    1.647479E-07
  913    1.643872E-07
  914    1.640277E-07
  915    1.636694E-07
  916    1.852515E-07
  917    1.848477E-07
  918    1.844452E-07
  919    1.840440E-07
  920    1.836441E-07
  921    1.829872E-07
  922    1.825904E-07
  923    1.821950E-07
  924    1.818009E-07
  925    1.814080E-07
  926    1.954298E-07
  927    1.950084E-07
  928    1.945883E-07
  929    1.941697E-07
  930    1.937523E-07
  931    2.166732E-07
  932    2.162084E-07
  933    2.157452E-07
  934    2.152835E-07
  935    2.148232E-07
  936    2.080705E-07
  937    2.076266E-07
  938    2.071842E-07
  939    2.067431E-07
  940    2.063035E-07
  941    2.338795E-07
  942    2.333832E-07
  943    2.328885E-07
  944    2.323954E-07
  945    2.319038E-07
  946    2.381648E-07
  947    2.376621E-07
  948    2.371609E-07
  949    2.366614E-07
  950    2.361634E-07
  951    2.576554E-07
  952    2.571144E-07
  953    2.565751E-07
  954    2.560375E-07
  955    2.555016E-07
  956    2.698301E-07
  957    2.692665E-07
  958    2.687046E-07
  959    2.681446E-07
  960    2.675862E-07
  961    2.747013E-07
  962    2.741305E-07
  963    2.735615E-07
  964    2.729942E-07
  965    2.724287E-07
  966    3.155220E-07
  967    3.148698E-07
  968    3.142195E-07
  969    3.135713E-07
  970    3.129251E-07
  971    3.079084E-07
  972    3.072752E-07
  973    3.066439E-07
  974    3.060146E-07
  975    3.053872E-07
  976    3.511174E-07
  977    3.503990E-07
  978    3.496828E-07
  979    3.489688E-07
  980    3.482570E-07
  981    3.602881E-07
  982    3.595547E-07
  983    3.588235E-07
  984    3.580945E-07
  985    3.573678E-07
  986    3.662571E-07
  987    3.655154E-07
  988    3.647758E-07
  989    3.640385E-07
  990    3.633035E-07
  991    3.978853E-07
  992    3.970835E-07
  993    3.962842E-07
  994    3.954872E-07
  995    3.946927E-07
  996    3.990375E-07
  997    3.982374E-07
  998    3.974398E-07
  999    3.966445E-07
 1000    3.958516E-07
 1001    4.232471E-07
 1002    4.224027E-07
 1003    4.215609E-07
 1004    4.207215E-07
 1005    4.198847E-07
 1006    4.296046E-07
 1007    4.287518E-07
 1008    4.279015E-07
 1009    4.270537E-07
 1010    4.262085E-07
 1011    4.475220E-07
 1012    4.466380E-07
 1013    4.457567E-07
 1014    4.448779E-07
 1015    4.440017E-07
 1016    5.016060E-07
 1017    5.006201E-07
 1018    4.996370E-07
 1019    4.986568E-07
 1020    4.976796E-07
 1021    4.890978E-07
 1022    4.881412E-07
 1023    4.871873E-07
 1024    4.862362E-07
 1025    4.852879E-07
 1026    5.229296E-07
 1027    5.219118E-07
 1028    5.208969E-07
 1029    5.198849E-07
 1030    5.188759E-07
 1031    5.451492E-07
 1032    5.440932E-07
 1033    5.430403E-07
 1034    5.419905E-07
 1035    5.409436E-07
 1036    5.736306E-07
 1037    5.725248E-07
 1038    5.714222E-07
 1039    5.703228E-07
 1040    5.692265E-07
 1041    6.217349E-07
 1042    6.205421E-07
 1043    6.193527E-07
 1044    6.181668E-07
 1045    6.169843E-07
 1046    6.309725E-07
 1047    6.297678E-07
 1048    6.285665E-07
 1049    6.273687E-07
 1050    6.261742E-07
 1051    6.689341E-07
 1052    6.676630E-07
 1053    6.663955E-07
 1054    6.651316E-07
 1055    6.638713E-07
 1056    6.867137E-07
 1057    6.854149E-07
 1058    6.841198E-07
 1059    6.828284E-07
 1060    6.815407E-07
 1061    7.281856E-07
 1062    7.268149E-07
 1063    7.254481E-07
 1064    7.240851E-07
 1065    7.227259E-07
 1066    7.773704E-07
 1067    7.759140E-07
 1068    7.744616E-07
 1069    7.730134E-07
 1070    7.715692E-07
 1071    8.146267E-07
 1072    8.131076E-07
 1073    8.115927E-07
 1074    8.100821E-07
 1075    8.085757E-07
 1076    8.181580E-07
 1077    8.166394E-07
 1078    8.151250E-07
 1079    8.136148E-07
 1080    8.121088E-07
 1081    9.014038E-07
 1082    8.997383E-07
 1083    8.980775E-07
 1084    8.964213E-07
 1085    8.947697E-07
 1086    9.213435E-07
 1087    9.196491E-07
 1088    9.179593E-07
 1089    9.162742E-07
 1090    9.145937E-07
 1091    9.416692E-07
 1092    9.399453E-07
 1093    9.382262E-07
 1094    9.365117E-07
 1095    9.348020E-07
 1096    9.940414E-07
 1097    9.922299E-07
 1098    9.904234E-07
 1099    9.886218E-07
 1100    9.868251E-07
 1101    1.044554E-06
 1102    1.042659E-06
 1103    1.040770E-06
 1104    1.038885E-06
 1105    1.037005E-06
 1106    1.036144E-06
 1107    1.034272E-06
 1108    1.032406E-06
 1109    1.030545E-06
 1110    1.028689E-06
 1111    1.092839E-06
 1112    1.090874E-06
 1113    1.088915E-06
 1114    1.086961E-06
 1115    1.085012E-06
 1116    1.120183E-06
 1117    1.118179E-06
 1118    1.116179E-06
 1119    1.114185E-06
 1120    1.112196E-06
 1121    1.225568E-06
 1122    1.223384E-06
 1123    1.221207E-06
 1124    1.219035E-06
 1125    1.216868E-06
 1126    1.202367E-06
 1127    1.200234E-06
 1128    1.198107E-06
 1129    1.195985E-06
 1130    1.193870E-06
 1131    1.282094E-06
 1132    1.279830E-06
 1133    1.277572E-06
 1134    1.275320E-06
 1135    1.273073E-06
 1136    1.320543E-06
 1137    1.318221E-06
 1138    1.315906E-06
 1139    1.313596E-06
 1140    1.311293E-06
 1141    1.373055E-06
 1142    1.370651E-06
 1143    1.368254E-06
 1144    1.365863E-06
 1145    1.363478E-06
 1146    1.467561E-06
 1147    1.465003E-06
 1148    1.462452E-06
 1149    1.459908E-06
 1150    1.457370E-06
 1151    1.436837E-06
 1152    1.434343E-06
 1153    1.431856E-06
 1154    1.429376E-06
 1155    1.426902E-06
 1156    1.527246E-06
 1157    1.524607E-06
 1158    1.521975E-06
 1159    1.519350E-06
 1160    1.516732E-06
 1161    1.551617E-06
 1162    1.548947E-06
 1163    1.546285E-06
 1164    1.543629E-06
 1165    1.540980E-06
 1166    1.629390E-06
 1167    1.626599E-06
 1168    1.623815E-06
 1169    1.621038E-06
 1170    1.618268E-06
 1171    1.765371E-06
 1172    1.762360E-06
 1173    1.759356E-06
 1174    1.756361E-06
 1175    1.753372E-06
 1176    1.700427E-06
 1177    1.697538E-06
 1178    1.694658E-06
 1179    1.691784E-06
 1180    1.688918E-06
 1181    1.860602E-06
 1182    1.857455E-06
 1183    1.854316E-06
 1184    1.851185E-06
 1185    1.848062E-06
 1186    1.936495E-06
 1187    1.933233E-06
 1188    1.929980E-06
 1189    1.926735E-06
 1190    1.923498E-06
 1191    1.936178E-06
 1192    1.932930E-06
 1193    1.929691E-06
 1194    1.926460E-06
 1195    1.923237E-06
 1196    2.028641E-06
 1197    2.025253E-06
 1198    2.021873E-06
 1199    2.018502E-06
 1200    2.015139E-06
 1201    2.011097E-06
 1202    2.007752E-06
 1203    2.004416E-06
 1204    2.001088E-06
 1205    1.997768E-06
 1206    2.131617E-06
 1207    2.128086E-06
 1208    2.124564E-06
 1209    2.121051E-06
 1210    2.117547E-06
 1211    2.108676E-06
 1212    2.105198E-06
 1213    2.101728E-06
 1214    2.098267E-06
 1215    2.094815E-06
 1216    2.160006E-06
 1217    2.156458E-06
 1218    2.152918E-06
 1219    2.149387E-06
 1220    2.145865E-06
 1221    2.292053E-06
 1222    2.288303E-06
 1223    2.284563E-06
 1224    2.280831E-06
 1225    2.277109E-06
 1226    2.227022E-06
 1227    2.223393E-06
 1228    2.219773E-06
 1229    2.216163E-06
 1230    2.212561E-06
 1231    2.452480E-06
 1232    2.448500E-06
 1233    2.444530E-06
 1234    2.440570E-06
 1235    2.436619E-06
 1236    2.415113E-06
 1237    2.411210E-06
 1238    2.407316E-06
 1239    2.403432E-06
 1240    2.399557E-06
 1241    2.474538E-06
 1242    2.470555E-06
 1243    2.466582E-06
 1244    2.462618E-06
 1245    2.458663E-06
 1246    2.605037E-06
 1247    2.600860E-06
 1248    2.596694E-06
 1249    2.592538E-06
 1250    2.588391E-06
 1251    2.563315E-06
 1252    2.559222E-06
 1253    2.555138E-06
 1254    2.551065E-06
 1255    2.547001E-06
 1256    2.785358E-06
 1257    2.780928E-06
 1258    2.776509E-06
 1259    2.772100E-06
 1260    2.767702E-06
 1261    2.671904E-06
 1262    2.667672E-06
 1263    2.663449E-06
 1264    2.659236E-06
 1265    2.655034E-06
 1266    2.861183E-06
 1267    2.856668E-06
 1268    2.852164E-06
 1269    2.847671E-06
 1270    2.843188E-06
 1271    2.993296E-06
 1272    2.988592E-06
 1273    2.983898E-06
 1274    2.979216E-06
 1275    2.974544E-06
 1276    2.956487E-06
 1277    2.951858E-06
 1278    2.947240E-06
 1279    2.942634E-06
 1280    2.938038E-06
 1281    3.088280E-06
 1282    3.083464E-06
 1283    3.078659E-06
 1284    3.073866E-06
 1285    3.069083E-06
 1286    3.102721E-06
 1287    3.097902E-06
 1288    3.093093E-06
 1289    3.088296E-06
 1290    3.083510E-06
 1291    3.286936E-06
 1292    3.281850E-06
 1293    3.276776E-06
 1294    3.271713E-06
 1295    3.266662E-06
 1296    3.230230E-06
 1297    3.225251E-06
 1298    3.220283E-06
 1299    3.215327E-06
 1300    3.210383E-06
 1301    3.281025E-06
 1302    3.275987E-06
 1303    3.270960E-06
 1304    3.265946E-06
 1305    3.260942E-06
 1306    3.289643E-06
 1307    3.284611E-06
 1308    3.279591E-06
 1309    3.274582E-06
 1310    3.269585E-06
 1311    3.330313E-06
 1312    3.325238E-06
 1313    3.320175E-06
 1314    3.315123E-06
 1315    3.310083E-06
 1316    3.446494E-06
 1317    3.441262E-06
 1318    3.436042E-06
 1319    3.430834E-06
 1320    3.425638E-06
 1321    3.418573E-06
 1322    3.413403E-06
 1323    3.408245E-06
 1324    3.403098E-06
 1325    3.397963E-06
 1326    3.515357E-06
 1327    3.510061E-06
 1328    3.504777E-06
 1329    3.499505E-06
 1330    3.494244E-06
 1331    3.573807E-06
 1332    3.568443E-06
 1333    3.563091E-06
 1334    3.557751E-06
 1335    3.552423E-06
 1336    3.685383E-06
 1337    3.679872E-06
 1338    3.674374E-06
 1339    3.668888E-06
 1340    3.663414E-06
 1341    3.822119E-06
 1342    3.816425E-06
 1343    3.810744E-06
 1344    3.805075E-06
 1345    3.799419E-06
 1346    3.824416E-06
 1347    3.818740E-06
 1348    3.813076E-06
 1349    3.807425E-06
 1350    3.801787E-06
 1351    3.933057E-06
 1352    3.927241E-06
 1353    3.921438E-06
 1354    3.915648E-06
 1355    3.909870E-06
 1356    3.999941E-06
 1357    3.994048E-06
 1358    3.988168E-06
 1359    3.982300E-06
 1360    3.976446E-06
 1361    4.031898E-06
 1362    4.025979E-06
 1363    4.020074E-06
 1364    4.014182E-06
 1365    4.008302E-06
 1366    4.088972E-06
 1367    4.082992E-06
 1368    4.077024E-06
 1369    4.071070E-06
 1370    4.065129E-06
 1371    4.173763E-06
 1372    4.167682E-06
 1373    4.161613E-06
 1374    4.155557E-06
 1375    4.149515E-06
 1376    4.432384E-06
 1377    4.425948E-06
 1378    4.419527E-06
 1379    4.413120E-06
 1380    4.406726E-06
 1381    4.330245E-06
 1382    4.323981E-06
 1383    4.317730E-06
 1384    4.311493E-06
 1385    4.305269E-06
 1386    4.494892E-06
 1387    4.488412E-06
 1388    4.481947E-06
 1389    4.475496E-06
 1390    4.469059E-06
 1391    4.372334E-06
 1392    4.366054E-06
 1393    4.359788E-06
 1394    4.353535E-06
 1395    4.347295E-06
 1396    4.592282E-06
 1397    4.585709E-06
 1398    4.579151E-06
 1399    4.572607E-06
 1400    4.566077E-06
 1401    4.635609E-06
 1402    4.628998E-06
 1403    4.622402E-06
 1404    4.615820E-06
 1405    4.609251E-06
 1406    4.532651E-06
 1407    4.526210E-06
 1408    4.519783E-06
 1409    4.513370E-06
 1410    4.506970E-06
 1411    4.629300E-06
 1412    4.622746E-06
 1413    4.616205E-06
 1414    4.609678E-06
 1415    4.603165E-06
 1416    4.590260E-06
 1417    4.583784E-06
 1418    4.577321E-06
 1419    4.570872E-06
 1420    4.564436E-06
 1421    4.688773E-06
 1422    4.682181E-06
 1423    4.675602E-06
 1424    4.669038E-06
 1425    4.662487E-06
 1426    4.901618E-06
 1427    4.894750E-06
 1428    4.887897E-06
 1429    4.881059E-06
 1430    4.874234E-06
 1431    4.862005E-06
 1432    4.855217E-06
 1433    4.848443E-06
 1434    4.841683E-06
 1435    4.834937E-06
 1436    5.000074E-06
 1437    4.993117E-06
 1438    4.986175E-06
 1439    4.979247E-06
 1440    4.972334E-06
 1441    4.965571E-06
 1442    4.958686E-06
 1443    4.951815E-06
 1444    4.944959E-06
 1445    4.938118E-06
 1446    4.992923E-06
 1447    4.986025E-06
 1448    4.979140E-06
 1449    4.972270E-06
 1450    4.965414E-06
 1451    4.968612E-06
 1452    4.961771E-06
 1453    4.954943E-06
 1454    4.948130E-06
 1455    4.941331E-06
 1456    4.825342E-06
 1457    4.818720E-06
 1458    4.812112E-06
 1459    4.805518E-06
 1460    4.798938E-06
 1461    5.177388E-06
 1462    5.170308E-06
 1463    5.163242E-06
 1464    5.156191E-06
 1465    5.149154E-06
 1466    5.004985E-06
 1467    4.998164E-06
 1468    4.991357E-06
 1469    4.984564E-06
 1470    4.977784E-06
 1471    5.226936E-06
 1472    5.219836E-06
 1473    5.212751E-06
 1474    5.205681E-06
 1475    5.198625E-06
 1476    5.124165E-06
 1477    5.117229E-06
 1478    5.110307E-06
 1479    5.103398E-06
 1480    5.096504E-06
 1481    5.303395E-06
 1482    5.296241E-06
 1483    5.289101E-06
 1484    5.281975E-06
 1485    5.274863E-06
 1486    5.528938E-06
 1487    5.521504E-06
 1488    5.514086E-06
 1489    5.506682E-06
 1490    5.499293E-06
 1491    5.419269E-06
 1492    5.412007E-06
 1493    5.404760E-06
 1494    5.397527E-06
 1495    5.390309E-06
 1496    5.455770E-06
 1497    5.448484E-06
 1498    5.441212E-06
 1499    5.433954E-06
 1500    5.426711E-06
 1501    5.424147E-06
 1502    5.416927E-06
 1503    5.409721E-06
 1504    5.402530E-06
 1505    5.395353E-06
 1506    5.461783E-06
 1507    5.454536E-06
 1508    5.447305E-06
 1509    5.440087E-06
 1510    5.432884E-06
 1511    5.577788E-06
 1512    5.570413E-06
 1513    5.563052E-06
 1514    5.555705E-06
 1515    5.548374E-06
 1516    5.460119E-06
 1517    5.452923E-06
 1518    5.445741E-06
 1519    5.438573E-06
 1520    5.431420E-06
 1521    5.626911E-06
 1522    5.619519E-06
 1523    5.612142E-06
 1524    5.604779E-06
 1525    5.597431E-06
 1526    5.898364E-06
 1527    5.890641E-06
 1528    5.882934E-06
 1529    5.875241E-06
 1530    5.867563E-06
 1531    5.882724E-06
 1532    5.875047E-06
 1533    5.867384E-06
 1534    5.859737E-06
 1535    5.852105E-06
 1536    5.897660E-06
 1537    5.889989E-06
 1538    5.882332E-06
 1539    5.874690E-06
 1540    5.867063E-06
 1541    5.759243E-06
 1542    5.751776E-06
 1543    5.744323E-06
 1544    5.736884E-06
 1545    5.729460E-06
 1546    6.146829E-06
 1547    6.138885E-06
 1548    6.130956E-06
 1549    6.123042E-06
 1550    6.115144E-06
 1551    5.921298E-06
 1552    5.913670E-06
 1553    5.906057E-06
 1554    5.898458E-06
 1555    5.890874E-06
 1556    6.103876E-06
 1557    6.096038E-06
 1558    6.088215E-06
 1559    6.080407E-06
 1560    6.072615E-06
 1561    6.094496E-06
 1562    6.086695E-06
 1563    6.078909E-06
 1564    6.071138E-06
 1565    6.063382E-06
 1566    6.142090E-06
 1567    6.134253E-06
 1568    6.126431E-06
 1569    6.118624E-06
 1570    6.110832E-06
 1571    6.305122E-06
 1572    6.297103E-06
 1573    6.289099E-06
 1574    6.281111E-06
 1575    6.273137E-06
 1576    6.465275E-06
 1577    6.457078E-06
 1578    6.448897E-06
 1579    6.440731E-06
 1580    6.432581E-06
 1581    6.499102E-06
 1582    6.490888E-06
 1583    6.482690E-06
 1584    6.474507E-06
 1585    6.466340E-06
 1586    6.638318E-06
 1587    6.629955E-06
 1588    6.621608E-06
 1589    6.613276E-06
 1590    6.604960E-06
 1591    6.545631E-06
 1592    6.537410E-06
 1593    6.529205E-06
 1594    6.521015E-06
 1595    6.512841E-06
 1596    6.533064E-06
 1597    6.524885E-06
 1598    6.516721E-06
 1599    6.508573E-06
 1600    6.500440E-06
 1601    6.511617E-06
 1602    6.503490E-06
 1603    6.495379E-06
 1604    6.487282E-06
 1605    6.479201E-06
 1606    6.596710E-06
 1607    6.588503E-06
 1608    6.580311E-06
 1609    6.572134E-06
 1610    6.563972E-06
 1611    6.919635E-06
 1612    6.911052E-06
 1613    6.902486E-06
 1614    6.893935E-06
 1615    6.885400E-06
 1616    6.981595E-06
 1617    6.972963E-06
 1618    6.964346E-06
 1619    6.955746E-06
 1620    6.947161E-06
 1621    7.220481E-06
 1622    7.211580E-06
 1623    7.202696E-06
 1624    7.193829E-06
 1625    7.184977E-06
 1626    7.290904E-06
 1627    7.281945E-06
 1628    7.273002E-06
 1629    7.264075E-06
 1630    7.255165E-06
 1631    7.681358E-06
 1632    7.671948E-06
 1633    7.662554E-06
 1634    7.653178E-06
 1635    7.643820E-06
 1636    7.640238E-06
 1637    7.630906E-06
 1638    7.621592E-06
 1639    7.612294E-06
 1640    7.603014E-06
 1641    7.735787E-06
 1642    7.726368E-06
 1643    7.716965E-06
 1644    7.707580E-06
 1645    7.698212E-06
 1646    7.339246E-06
 1647    7.330337E-06
 1648    7.321443E-06
 1649    7.312566E-06
 1650    7.303705E-06
 1651    7.073092E-06
 1652    7.064531E-06
 1653    7.055986E-06
 1654    7.047457E-06
 1655    7.038943E-06
 1656    6.617143E-06
 1657    6.609159E-06
 1658    6.601188E-06
 1659    6.593233E-06
 1660    6.585292E-06
 1661    6.436295E-06
 1662    6.428552E-06
 1663    6.420823E-06
 1664    6.413108E-06
 1665    6.405407E-06
 1666    7.096677E-06
 1667    7.088165E-06
 1668    7.079669E-06
 1669    7.071188E-06
 1670    7.062722E-06
 1671    7.965895E-06
 1672    7.956369E-06
 1673    7.946860E-06
 1674    7.937369E-06
 1675    7.927894E-06
 1676    9.392285E-06
 1677    9.381087E-06
 1678    9.369909E-06
 1679    9.358751E-06
 1680    9.347613E-06
 1681    1.052296E-05
 1682    1.051045E-05
 1683    1.049797E-05
 1684    1.048550E-05
 1685    1.047306E-05
 1686    1.157460E-05
 1687    1.156088E-05
 1688    1.154719E-05
 1689    1.153352E-05
 1690    1.151987E-05
 1691    1.231587E-05
 1692    1.230132E-05
 1693    1.228679E-05
 1694    1.227229E-05
 1695    1.225781E-05
 1696    1.286410E-05
 1697    1.284895E-05
 1698    1.283382E-05
 1699    1.281871E-05
 1700    1.280364E-05
 1701    1.360891E-05
 1702    1.359293E-05
 1703    1.357697E-05
 1704    1.356104E-05
 1705    1.354513E-05
 1706    1.443465E-05
 1707    1.441774E-05
 1708    1.440086E-05
 1709    1.438402E-05
 1710    1.436720E-05
 1711    1.558467E-05
 1712    1.556647E-05
 1713    1.554830E-05
 1714    1.553017E-05
 1715    1.551206E-05
 1716    1.686382E-05
 1717    1.684418E-05
 1718    1.682458E-05
 1719    1.680501E-05
 1720    1.678548E-05
 1721    1.687950E-05
 1722    1.685990E-05
 1723    1.684033E-05
 1724    1.682080E-05
 1725    1.680131E-05
 1726    1.671148E-05
 1727    1.669213E-05
 1728    1.667282E-05
 1729    1.665354E-05
 1730    1.663429E-05
 1731    1.437867E-05
 1732    1.436207E-05
 1733    1.434550E-05
 1734    1.432896E-05
 1735    1.431245E-05
 1736    1.149909E-05
 1737    1.148585E-05
 1738    1.147264E-05
 1739    1.145945E-05
 1740    1.144628E-05
 1741    6.974999E-06
 1742    6.966993E-06
 1743    6.959001E-06
 1744    6.951023E-06
 1745    6.943059E-06
 1746    4.202328E-07
 1747    4.197519E-07
 1748    4.192718E-07
 1749    4.187925E-07
 1750    4.183140E-07
 1751   -7.495328E-06
 1752   -7.486774E-06
 1753   -7.478235E-06
 1754   -7.469710E-06
 1755   -7.461200E-06
 1756   -1.486144E-05
 1757   -1.484453E-05
 1758   -1.482765E-05
 1759   -1.481079E-05
 1760   -1.479397E-05
 1761   -2.054936E-05
 1762   -2.052604E-05
 1763   -2.050277E-05
 1764   -2.047953E-05
 1765   -2.045633E-05
 1766   -2.196824E-05
 1767   -2.194339E-05
 1768   -2.191857E-05
 1769   -2.189380E-05
 1770   -2.186906E-05
 1771   -1.881867E-05
 1772   -1.879744E-05
 1773   -1.877624E-05
 1774   -1.875508E-05
 1775   -1.873395E-05
 1776   -7.860621E-06
 1777   -7.851777E-06
 1778   -7.842947E-06
 1779   -7.834132E-06
 1780   -7.825332E-06
 1781    1.375985E-05
 1782    1.374441E-05
 1783    1.372900E-05
 1784    1.371361E-05
 1785    1.369825E-05
 1786    4.725304E-05
 1787    4.720017E-05
 1788    4.714739E-05
 1789    4.709470E-05
 1790    4.704209E-05
 1791    9.121068E-05
 1792    9.110891E-05
 1793    9.100731E-05
 1794    9.090588E-05
 1795    9.080462E-05
 1796    1.497044E-04
 1797    1.495378E-04
 1798    1.493715E-04
 1799    1.492055E-04
 1800    1.490398E-04
 1801    2.142697E-04
 1802    2.140319E-04
 1803    2.137946E-04
 1804    2.135576E-04
 1805    2.133211E-04
 1806    2.700463E-04
 1807    2.697475E-04
 1808    2.694492E-04
 1809    2.691514E-04
 1810    2.688541E-04
 1811    3.162265E-04
 1812    3.158775E-04
 1813    3.155292E-04
 1814    3.151814E-04
 1815    3.148342E-04
 1816    3.373653E-04
 1817    3.369941E-04
 1818    3.366235E-04
 1819    3.362534E-04
 1820    3.358840E-04
 1821    3.461272E-04
 1822    3.457474E-04
 1823    3.453681E-04
 1824    3.449896E-04
 1825    3.446116E-04
 1826    2.872466E-04
 1827    2.869323E-04
 1828    2.866184E-04
 1829    2.863051E-04
 1830    2.859923E-04
 1831    1.535125E-04
 1832    1.533450E-04
 1833    1.531777E-04
 1834    1.530107E-04
 1835    1.528440E-04
 1836   -9.847360E-05
 1837   -9.836642E-05
 1838   -9.825941E-05
 1839   -9.815258E-05
 1840   -9.804592E-05
 1841   -4.965273E-04
 1842   -4.959883E-04
 1843   -4.954502E-04
 1844   -4.949130E-04
 1845   -4.943766E-04
 1846   -1.048875E-03
 1847   -1.047739E-03
 1848   -1.046606E-03
 1849   -1.045474E-03
 1850   -1.044344E-03
 1851   -1.624746E-03
 1852   -1.622992E-03
 1853   -1.621241E-03
 1854   -1.619492E-03
 1855   -1.617747E-03
 1856   -2.102053E-03
 1857   -2.099790E-03
 1858   -2.097530E-03
 1859   -2.095274E-03
 1860   -2.093022E-03
 1861   -2.380782E-03
 1862   -2.378225E-03
 1863   -2.375673E-03
 1864   -2.373124E-03
 1865   -2.370580E-03
 1866   -2.445287E-03
 1867   -2.442668E-03
 1868   -2.440054E-03
 1869   -2.437443E-03
 1870   -2.434837E-03
 1871   -2.308758E-03
 1872   -2.306292E-03
 1873   -2.303830E-03
 1874   -2.301372E-03
 1875   -2.298918E-03
 1876   -1.727931E-03
 1877   -1.726090E-03
 1878   -1.724253E-03
 1879   -1.722418E-03
 1880   -1.720586E-03
 1881   -6.711324E-04
 1882   -6.704193E-04
 1883   -6.697075E-04
 1884   -6.689967E-04
 1885   -6.682871E-04
 1886    1.279726E-03
 1887    1.278370E-03
 1888    1.277016E-03
 1889    1.275664E-03
 1890    1.274315E-03
 1891    4.455252E-03
 1892    4.450543E-03
 1893    4.445842E-03
 1894    4.441149E-03
 1895    4.436463E-03
 1896    9.076180E-03
 1897    9.066613E-03
 1898    9.057062E-03
 1899    9.047526E-03
 1900    9.038005E-03
 1901    1.371830E-02
 1902    1.370388E-02
 1903    1.368948E-02
 1904    1.367511E-02
 1905    1.366076E-02
 1906    1.823642E-02
 1907    1.821729E-02
 1908    1.819820E-02
 1909    1.817914E-02
 1910    1.816011E-02
 1911    2.140729E-02
 1912    2.138490E-02
 1913    2.136255E-02
 1914    2.134023E-02
 1915    2.131795E-02
 1916    2.293881E-02
 1917    2.291489E-02
 1918    2.289100E-02
 1919    2.286715E-02
 1920    2.284333E-02
 1921    2.379788E-02
 1922    2.377312E-02
 1923    2.374840E-02
 1924    2.372372E-02
 1925    2.369908E-02
 1926    2.367856E-02
 1927    2.365399E-02
 1928    2.362946E-02
 1929    2.360497E-02
 1930    2.358052E-02
 1931    2.343317E-02
 1932    2.340892E-02
 1933    2.338470E-02
 1934    2.336052E-02
 1935    2.333639E-02
 1936    2.119835E-02
 1937    2.117646E-02
 1938    2.115462E-02
 1939    2.113280E-02
 1940    2.111102E-02
 1941    1.818778E-02
 1942    1.816906E-02
 1943    1.815036E-02
 1944    1.813169E-02
 1945    1.811305E-02
 1946    1.381677E-02
 1947    1.380258E-02
 1948    1.378841E-02
 1949    1.377427E-02
 1950    1.376014E-02
 1951    8.453759E-03
 1952    8.445100E-03
 1953    8.436454E-03
 1954    8.427821E-03
 1955    8.419201E-03
 1956    4.231845E-03
 1957    4.227521E-03
 1958    4.223204E-03
 1959    4.218893E-03
 1960    4.214589E-03
 1961    9.226517E-04
 1962    9.217114E-04
 1963    9.207725E-04
 1964    9.198351E-04
 1965    9.188991E-04
 1966   -1.002160E-03
 1967   -1.001141E-03
 1968   -1.000124E-03
 1969   -9.991084E-04
 1970   -9.980943E-04
 1971   -2.064563E-03
 1972   -2.062469E-03
 1973   -2.060379E-03
 1974   -2.058292E-03
 1975   -2.056208E-03
 1976   -2.548965E-03
 1977   -2.546387E-03
 1978   -2.543813E-03
 1979   -2.541243E-03
 1980   -2.538677E-03
 1981   -2.730986E-03
 1982   -2.728231E-03
 1983   -2.725480E-03
 1984   -2.722733E-03
 1985   -2.719991E-03
 1986   -2.617392E-03
 1987   -2.614758E-03
 1988   -2.612128E-03
 1989   -2.609503E-03
 1990   -2.606881E-03
 1991   -2.366407E-03
 1992   -2.364032E-03
 1993   -2.361660E-03
 1994   -2.359292E-03
 1995   -2.356927E-03
 1996   -1.802976E-03
 1997   -1.801171E-03
 1998   -1.799368E-03
 1999   -1.797569E-03
 2000   -1.795771E-03
 2001   -1.164630E-03
 2002   -1.163467E-03
 2003   -1.162306E-03
 2004   -1.161146E-03
 2005   -1.159988E-03
 2006   -5.905756E-04
 2007   -5.899872E-04
 2008   -5.893997E-04
 2009   -5.888131E-04
 2010   -5.882274E-04
 2011   -1.648036E-04
 2012   -1.646399E-04
 2013   -1.644763E-04
 2014   -1.643130E-04
 2015   -1.641500E-04
 2016    9.900743E-05
 2017    9.890928E-05
 2018    9.881128E-05
 2019    9.871342E-05
 2020    9.861571E-05
 2021    2.396973E-04
 2022    2.394602E-04
 2023    2.392235E-04
 2024    2.389872E-04
 2025    2.387512E-04
 2026    2.953521E-04
 2027    2.950608E-04
 2028    2.947698E-04
 2029    2.944794E-04
 2030    2.941893E-04
 2031    3.097945E-04
 2032    3.094897E-04
 2033    3.091853E-04
 2034    3.088814E-04
 2035    3.085779E-04
 2036    2.767485E-04
 2037    2.764768E-04
 2038    2.762056E-04
 2039    2.759347E-04
 2040    2.756642E-04
 2041    2.389708E-04
 2042    2.387368E-04
 2043    2.385032E-04
 2044    2.382699E-04
 2045    2.380369E-04
 2046    1.731277E-04
 2047    1.729585E-04
 2048    1.727897E-04
 2049    1.726211E-04
 2050    1.724527E-04
 2051    1.077582E-04
 2052    1.076532E-04
 2053    1.075484E-04
 2054    1.074437E-04
 2055    1.073391E-04
 2056    4.861243E-05
 2057    4.856518E-05
 2058    4.851799E-05
 2059    4.847088E-05
 2060    4.842383E-05
 2061    2.379286E-06
 2062    2.376979E-06
 2063    2.374675E-06
 2064    2.372375E-06
 2065    2.370078E-06
 2066   -3.055236E-05
 2067   -3.052280E-05
 2068   -3.049329E-05
 2069   -3.046382E-05
 2070   -3.043439E-05
 2071   -5.004662E-05
 2072   -4.999832E-05
 2073   -4.995010E-05
 2074   -4.990194E-05
 2075   -4.985386E-05
 2076   -6.173536E-05
 2077   -6.167593E-05
 2078   -6.161658E-05
 2079   -6.155732E-05
 2080   -6.149814E-05
 2081   -6.395335E-05
 2082   -6.389193E-05
 2083   -6.383060E-05
 2084   -6.376935E-05
 2085   -6.370820E-05
 2086   -6.196327E-05
 2087   -6.190390E-05
 2088   -6.184462E-05
 2089   -6.178543E-05
 2090   -6.172632E-05
 2091   -5.274450E-05
 2092   -5.269409E-05
 2093   -5.264375E-05
 2094   -5.259348E-05
 2095   -5.254328E-05
 2096   -4.326449E-05
 2097   -4.322324E-05
 2098   -4.318204E-05
 2099   -4.314091E-05
 2100   -4.309983E-05
 2101   -3.182802E-05
 2102   -3.179775E-05
 2103   -3.176751E-05
 2104   -3.173732E-05
 2105   -3.170718E-05
 2106   -2.180656E-05
 2107   -2.178586E-05
 2108   -2.176520E-05
 2109   -2.174456E-05
 2110   -2.172396E-05
 2111   -1.520952E-05
 2112   -1.519512E-05
 2113   -1.518075E-05
 2114   -1.516639E-05
 2115   -1.515205E-05
 2116   -1.067247E-05
 2117   -1.066239E-05
 2118   -1.065232E-05
 2119   -1.064227E-05
 2120   -1.063223E-05
 2121   -7.960887E-06
 2122   -7.953386E-06
 2123   -7.945895E-06
 2124   -7.938415E-06
 2125   -7.930945E-06
 2126   -6.694169E-06
 2127   -6.687876E-06
 2128   -6.681592E-06
 2129   -6.675317E-06
 2130   -6.669050E-06
 2131   -6.583426E-06
 2132   -6.577252E-06
 2133   -6.571086E-06
 2134   -6.564929E-06
 2135   -6.558781E-06
 2136   -7.178987E-06
 2137   -7.172270E-06
 2138   -7.165562E-06
 2139   -7.158864E-06
 2140   -7.152175E-06
 2141   -7.577116E-06
 2142   -7.570043E-06
 2143   -7.562979E-06
 2144   -7.555926E-06
 2145   -7.548882E-06
 2146   -7.711101E-06
 2147   -7.703920E-06
 2148   -7.696749E-06
 2149   -7.689587E-06
 2150   -7.682436E-06
 2151   -7.373301E-06
 2152   -7.366450E-06
 2153   -7.359608E-06
 2154   -7.352776E-06
 2155   -7.345954E-06
 2156   -7.241463E-06
 2157   -7.234751E-06
 2158   -7.228047E-06
 2159   -7.221353E-06
 2160   -7.214668E-06
 2161   -7.645126E-06
 2162   -7.638056E-06
 2163   -7.630995E-06
 2164   -7.623944E-06
 2165   -7.616903E-06
 2166   -7.951429E-06
 2167   -7.944092E-06
 2168   -7.936765E-06
 2169   -7.929449E-06
 2170   -7.922142E-06
 2171   -8.864750E-06
 2172   -8.856589E-06
 2173   -8.848440E-06
 2174   -8.840301E-06
 2175   -8.832174E-06
 2176   -9.423577E-06
 2177   -9.414922E-06
 2178   -9.406278E-06
 2179   -9.397647E-06
 2180   -9.389027E-06
 2181   -1.007115E-05
 2182   -1.006192E-05
 2183   -1.005270E-05
 2184   -1.004350E-05
 2185   -1.003431E-05
 2186   -1.018425E-05
 2187   -1.017493E-05
 2188   -1.016564E-05
 2189   -1.015635E-05
 2190   -1.014708E-05
 2191   -9.563408E-06
 2192   -9.554684E-06
 2193   -9.545972E-06
 2194   -9.537272E-06
 2195   -9.528584E-06
 2196   -8.957260E-06
 2197   -8.949108E-06
 2198   -8.940967E-06
 2199   -8.932837E-06
 2200   -8.924718E-06
 2201   -7.808754E-06
 2202   -7.801663E-06
 2203   -7.794582E-06
 2204   -7.787511E-06
 2205   -7.780449E-06
 2206   -7.247647E-06
 2207   -7.241081E-06
 2208   -7.234523E-06
 2209   -7.227975E-06
 2210   -7.221435E-06
 2211   -6.760722E-06
 2212   -6.754610E-06
 2213   -6.748507E-06
 2214   -6.742412E-06
 2215   -6.736326E-06
 2216   -6.515610E-06
 2217   -6.509733E-06
 2218   -6.503865E-06
 2219   -6.498004E-06
 2220   -6.492151E-06
 2221   -6.617479E-06
 2222   -6.611524E-06
 2223   -6.605577E-06
 2224   -6.599638E-06
 2225   -6.593707E-06
 2226   -6.495855E-06
 2227   -6.490023E-06
 2228   -6.484198E-06
 2229   -6.478382E-06
 2230   -6.472573E-06
 2231   -6.664206E-06
 2232   -6.658235E-06
 2233   -6.652273E-06
 2234   -6.646319E-06
 2235   -6.640373E-06
 2236   -6.671489E-06
 2237   -6.665526E-06
 2238   -6.659570E-06
 2239   -6.653623E-06
 2240   -6.647683E-06
 2241   -6.451047E-06
 2242   -6.445294E-06
 2243   -6.439548E-06
 2244   -6.433810E-06
 2245   -6.428080E-06
 2246   -6.604914E-06
 2247   -6.599036E-06
 2248   -6.593166E-06
 2249   -6.587305E-06
 2250   -6.581450E-06
 2251   -6.132256E-06
 2252   -6.126811E-06
 2253   -6.121373E-06
 2254   -6.115943E-06
 2255   -6.110520E-06
 2256   -5.997356E-06
 2257   -5.992043E-06
 2258   -5.986737E-06
 2259   -5.981438E-06
 2260   -5.976146E-06
 2261   -5.797984E-06
 2262   -5.792859E-06
 2263   -5.787740E-06
 2264   -5.782628E-06
 2265   -5.777523E-06
 2266   -5.763742E-06
 2267   -5.758658E-06
 2268   -5.753581E-06
 2269   -5.748510E-06
 2270   -5.743447E-06
 2271   -5.855889E-06
 2272   -5.850736E-06
 2273   -5.845589E-06
 2274   -5.840449E-06
 2275   -5.835315E-06
 2276   -5.731335E-06
 2277   -5.726302E-06
 2278   -5.721275E-06
 2279   -5.716256E-06
 2280   -5.711243E-06
 2281   -5.959988E-06
 2282   -5.954766E-06
 2283   -5.949550E-06
 2284   -5.944342E-06
 2285   -5.939140E-06
 2286   -5.879902E-06
 2287   -5.874761E-06
 2288   -5.869627E-06
 2289   -5.864499E-06
 2290   -5.859378E-06
 2291   -5.784250E-06
 2292   -5.779204E-06
 2293   -5.774164E-06
 2294   -5.769131E-06
 2295   -5.764105E-06
 2296   -5.609767E-06
 2297   -5.604884E-06
 2298   -5.600007E-06
 2299   -5.595136E-06
 2300   -5.590272E-06
 2301   -5.345234E-06
 2302   -5.340591E-06
 2303   -5.335954E-06
 2304   -5.331323E-06
 2305   -5.326698E-06
 2306   -5.386709E-06
 2307   -5.382040E-06
 2308   -5.377378E-06
 2309   -5.372721E-06
 2310   -5.368070E-06
 2311   -5.156203E-06
 2312   -5.151743E-06
 2313   -5.147290E-06
 2314   -5.142842E-06
 2315   -5.138400E-06
 2316   -5.184269E-06
 2317   -5.179795E-06
 2318   -5.175326E-06
 2319   -5.170864E-06
 2320   -5.166407E-06
 2321   -5.154954E-06
 2322   -5.150515E-06
 2323   -5.146082E-06
 2324   -5.141654E-06
 2325   -5.137232E-06
 2326   -5.206450E-06
 2327   -5.201976E-06
 2328   -5.197508E-06
 2329   -5.193046E-06
 2330   -5.188589E-06
 2331   -5.287944E-06
 2332   -5.283410E-06
 2333   -5.278882E-06
 2334   -5.274359E-06
 2335   -5.269843E-06
 2336   -5.150199E-06
 2337   -5.145792E-06
 2338   -5.141391E-06
 2339   -5.136996E-06
 2340   -5.132606E-06
 2341   -5.159102E-06
 2342   -5.154697E-06
 2343   -5.150298E-06
 2344   -5.145905E-06
 2345   -5.141517E-06
 2346   -5.011644E-06
 2347   -5.007374E-06
 2348   -5.003110E-06
 2349   -4.998851E-06
 2350   -4.994598E-06
 2351   -4.879842E-06
 2352   -4.875693E-06
 2353   -4.871550E-06
 2354   -4.867412E-06
 2355   -4.863279E-06
 2356   -4.655628E-06
 2357   -4.651679E-06
 2358   -4.647734E-06
 2359   -4.643795E-06
 2360   -4.639860E-06
 2361   -4.573613E-06
 2362   -4.569741E-06
 2363   -4.565874E-06
 2364   -4.562012E-06
 2365   -4.558155E-06
 2366   -4.654523E-06
 2367   -4.650591E-06
 2368   -4.646664E-06
 2369   -4.642742E-06
 2370   -4.638825E-06
 2371   -4.640965E-06
 2372   -4.637052E-06
 2373   -4.633145E-06
 2374   -4.629243E-06
 2375   -4.625345E-06
 2376   -4.702411E-06
 2377   -4.698455E-06
 2378   -4.694505E-06
 2379   -4.690559E-06
 2380   -4.686618E-06
 2381   -4.730587E-06
 2382   -4.726616E-06
 2383   -4.722650E-06
 2384   -4.718689E-06
 2385   -4.714733E-06
 2386   -4.666990E-06
 2387   -4.663080E-06
 2388   -4.659176E-06
 2389   -4.655276E-06
 2390   -4.651381E-06
 2391   -4.740735E-06
 2392   -4.736772E-06
 2393   -4.732814E-06
 2394   -4.728861E-06
 2395   -4.724913E-06
 2396   -4.474846E-06
 2397   -4.471113E-06
 2398   -4.467384E-06
 2399   -4.463661E-06
 2400   -4.459942E-06
 2401   -4.415638E-06
 2402   -4.411962E-06
 2403   -4.408291E-06
 2404   -4.404624E-06
 2405   -4.400962E-06
 2406   -4.246588E-06
 2407   -4.243061E-06
 2408   -4.239537E-06
 2409   -4.236018E-06
 2410   -4.232504E-06
 2411   -4.216623E-06
 2412   -4.213128E-06
 2413   -4.209636E-06
 2414   -4.206149E-06
 2415   -4.202667E-06
 2416   -4.228493E-06
 2417   -4.224995E-06
 2418   -4.221501E-06
 2419   -4.218011E-06
 2420   -4.214526E-06
 2421   -4.170287E-06
 2422   -4.166844E-06
 2423   -4.163405E-06
 2424   -4.159971E-06
 2425   -4.156540E-06
 2426   -4.253721E-06
 2427   -4.250216E-06
 2428   -4.246716E-06
 2429   -4.243220E-06
 2430   -4.239728E-06
 2431   -4.175554E-06
 2432   -4.172121E-06
 2433   -4.168692E-06
 2434   -4.165267E-06
 2435   -4.161847E-06
 2436   -4.214994E-06
 2437   -4.211535E-06
 2438   -4.208081E-06
 2439   -4.204631E-06
 2440   -4.201185E-06
 2441   -4.165159E-06
 2442   -4.161748E-06
 2443   -4.158342E-06
 2444   -4.154939E-06
 2445   -4.151541E-06
 2446   -3.981763E-06
 2447   -3.978509E-06
 2448   -3.975259E-06
 2449   -3.972013E-06
 2450   -3.968772E-06
 2451   -3.914677E-06
 2452   -3.911485E-06
 2453   -3.908297E-06
 2454   -3.905112E-06
 2455   -3.901931E-06
 2456   -3.803011E-06
 2457   -3.799916E-06
 2458   -3.796825E-06
 2459   -3.793737E-06
 2460   -3.790653E-06
 2461   -3.756047E-06
 2462   -3.752997E-06
 2463   -3.749950E-06
 2464   -3.746907E-06
 2465   -3.743867E-06
 2466   -3.703190E-06
 2467   -3.700189E-06
 2468   -3.697191E-06
 2469   -3.694196E-06
 2470   -3.691206E-06
 2471   -3.649002E-06
 2472   -3.646050E-06
 2473   -3.643102E-06
 2474   -3.640158E-06
 2475   -3.637217E-06
 2476   -3.706794E-06
 2477   -3.703801E-06
 2478   -3.700813E-06
 2479   -3.697827E-06
 2480   -3.694846E-06
 2481   -3.636953E-06
 2482   -3.634023E-06
 2483   -3.631096E-06
 2484   -3.628173E-06
 2485   -3.625254E-06
 2486   -3.690394E-06
 2487   -3.687427E-06
 2488   -3.684463E-06
 2489   -3.681503E-06
 2490   -3.678547E-06
 2491   -3.582299E-06
 2492   -3.579424E-06
 2493   -3.576553E-06
 2494   -3.573686E-06
 2495   -3.570822E-06
 2496   -3.440718E-06
 2497   -3.437962E-06
 2498   -3.435210E-06
 2499   -3.432462E-06
 2500   -3.429716E-06
 2501   -3.272684E-06
 2502   -3.270069E-06
 2503   -3.267456E-06
 2504   -3.264847E-06
 2505   -3.262241E-06
 2506   -3.076369E-06
 2507   -3.073915E-06
 2508   -3.071464E-06
 2509   -3.069016E-06
 2510   -3.066572E-06
 2511   -3.098095E-06
 2512   -3.095629E-06
 2513   -3.093166E-06
 2514   -3.090706E-06
 2515   -3.088248E-06
 2516   -2.999219E-06
 2517   -2.996836E-06
 2518   -2.994457E-06
 2519   -2.992080E-06
 2520   -2.989705E-06
 2521   -3.007841E-06
 2522   -3.005456E-06
 2523   -3.003074E-06
 2524   -3.000695E-06
 2525   -2.998318E-06
 2526   -2.975132E-06
 2527   -2.972778E-06
 2528   -2.970427E-06
 2529   -2.968078E-06
 2530   -2.965732E-06
 2531   -2.968120E-06
 2532   -2.965775E-06
 2533   -2.963434E-06
 2534   -2.961096E-06
 2535   -2.958760E-06
 2536   -2.982087E-06
 2537   -2.979736E-06
 2538   -2.977389E-06
 2539   -2.975044E-06
 2540   -2.972702E-06
 2541   -2.893623E-06
 2542   -2.891346E-06
 2543   -2.889073E-06
 2544   -2.886802E-06
 2545   -2.884534E-06
 2546   -2.818634E-06
 2547   -2.816421E-06
 2548   -2.814211E-06
 2549   -2.812003E-06
 2550   -2.809798E-06
 2551   -2.623958E-06
 2552   -2.621902E-06
 2553   -2.619849E-06
 2554   -2.617798E-06
 2555   -2.615749E-06
 2556   -2.563934E-06
 2557   -2.561929E-06
 2558   -2.559926E-06
 2559   -2.557926E-06
 2560   -2.555928E-06
 2561   -2.503760E-06
 2562   -2.501806E-06
 2563   -2.499854E-06
 2564   -2.497904E-06
 2565   -2.495957E-06
 2566   -2.462538E-06
 2567   -2.460620E-06
 2568   -2.458704E-06
 2569   -2.456790E-06
 2570   -2.454878E-06
 2571   -2.500667E-06
 2572   -2.498723E-06
 2573   -2.496781E-06
 2574   -2.494841E-06
 2575   -2.492904E-06
 2576   -2.429706E-06
 2577   -2.427821E-06
 2578   -2.425938E-06
 2579   -2.424057E-06
 2580   -2.422178E-06
 2581   -2.465074E-06
 2582   -2.463164E-06
 2583   -2.461258E-06
 2584   -2.459353E-06
 2585   -2.457451E-06
 2586   -2.427166E-06
 2587   -2.425290E-06
 2588   -2.423416E-06
 2589   -2.421544E-06
 2590   -2.419675E-06
 2591   -2.356359E-06
 2592   -2.354542E-06
 2593   -2.352726E-06
 2594   -2.350912E-06
 2595   -2.349101E-06
 2596   -2.260391E-06
 2597   -2.258651E-06
 2598   -2.256912E-06
 2599   -2.255176E-06
 2600   -2.253442E-06
 2601   -2.076285E-06
 2602   -2.074690E-06
 2603   -2.073096E-06
 2604   -2.071504E-06
 2605   -2.069914E-06
 2606   -2.018273E-06
 2607   -2.016725E-06
 2608   -2.015178E-06
 2609   -2.013634E-06
 2610   -2.012091E-06
 2611   -1.912459E-06
 2612   -1.910994E-06
 2613   -1.909532E-06
 2614   -1.908071E-06
 2615   -1.906612E-06
 2616   -1.910748E-06
 2617   -1.909288E-06
 2618   -1.907830E-06
 2619   -1.906373E-06
 2620   -1.904918E-06
 2621   -1.846583E-06
 2622   -1.845175E-06
 2623   -1.843768E-06
 2624   -1.842363E-06
 2625   -1.840960E-06
 2626   -1.851840E-06
 2627   -1.850431E-06
 2628   -1.849023E-06
 2629   -1.847616E-06
 2630   -1.846211E-06
 2631   -1.871415E-06
 2632   -1.869993E-06
 2633   -1.868573E-06
 2634   -1.867155E-06
 2635   -1.865738E-06
 2636   -1.809985E-06
 2637   -1.808613E-06
 2638   -1.807242E-06
 2639   -1.805873E-06
 2640   -1.804505E-06
 2641   -1.763699E-06
 2642   -1.762364E-06
 2643   -1.761031E-06
 2644   -1.759699E-06
 2645   -1.758368E-06
 2646   -1.677476E-06
 2647   -1.676209E-06
 2648   -1.674943E-06
 2649   -1.673679E-06
 2650   -1.672416E-06
 2651   -1.569589E-06
 2652   -1.568406E-06
 2653   -1.567224E-06
 2654   -1.566043E-06
 2655   -1.564863E-06
 2656   -1.528011E-06
 2657   -1.526862E-06
 2658   -1.525713E-06
 2659   -1.524565E-06
 2660   -1.523419E-06
 2661   -1.427861E-06
 2662   -1.426789E-06
 2663   -1.425717E-06
 2664   -1.424647E-06
 2665   -1.423578E-06
 2666   -1.444314E-06
 2667   -1.443232E-06
 2668   -1.442150E-06
 2669   -1.441069E-06
 2670   -1.439990E-06
 2671   -1.410583E-06
 2672   -1.409527E-06
 2673   -1.408473E-06
 2674   -1.407419E-06
 2675   -1.406367E-06
 2676   -1.381184E-06
 2677   -1.380152E-06
 2678   -1.379122E-06
 2679   -1.378092E-06
 2680   -1.377064E-06
 2681   -1.401083E-06
 2682   -1.400038E-06
 2683   -1.398995E-06
 2684   -1.397953E-06
 2685   -1.396912E-06
 2686   -1.355021E-06
 2687   -1.354012E-06
 2688   -1.353005E-06
 2689   -1.351999E-06
 2690   -1.350994E-06
 2691   -1.333651E-06
 2692   -1.332660E-06
 2693   -1.331671E-06
 2694   -1.330682E-06
 2695   -1.329695E-06
 2696   -1.215847E-06
 2697   -1.214946E-06
 2698   -1.214046E-06
 2699   -1.213146E-06
 2700   -1.212248E-06
 2701   -1.145611E-06
 2702   -1.144763E-06
 2703   -1.143916E-06
 2704   -1.143070E-06
 2705   -1.142225E-06
 2706   -1.073875E-06
 2707   -1.073081E-06
 2708   -1.072289E-06
 2709   -1.071497E-06
 2710   -1.070707E-06
 2711   -1.018223E-06
 2712   -1.017472E-06
 2713   -1.016722E-06
 2714   -1.015973E-06
 2715   -1.015225E-06
 2716   -1.008766E-06
 2717   -1.008023E-06
 2718   -1.007282E-06
 2719   -1.006541E-06
 2720   -1.005801E-06
 2721   -9.548832E-07
 2722   -9.541817E-07
 2723   -9.534810E-07
 2724   -9.527811E-07
 2725   -9.520819E-07
 2726   -9.655676E-07
 2727   -9.648596E-07
 2728   -9.641524E-07
 2729   -9.634459E-07
 2730   -9.627402E-07
 2731   -9.546713E-07
 2732   -9.539726E-07
 2733   -9.532746E-07
 2734   -9.525774E-07
 2735   -9.518809E-07
 2736   -9.152103E-07
 2737   -9.145416E-07
 2738   -9.138737E-07
 2739   -9.132065E-07
 2740   -9.125401E-07
 2741   -9.052743E-07
 2742   -9.046141E-07
 2743   -9.039546E-07
 2744   -9.032959E-07
 2745   -9.026379E-07
 2746   -8.301679E-07
 2747   -8.295636E-07
 2748   -8.289600E-07
 2749   -8.283570E-07
 2750   -8.277546E-07
 2751   -7.839535E-07
 2752   -7.833839E-07
 2753   -7.828149E-07
 2754   -7.822465E-07
 2755   -7.816787E-07
 2756   -7.319807E-07
 2757   -7.314498E-07
 2758   -7.309195E-07
 2759   -7.303898E-07
 2760   -7.298606E-07
 2761   -6.951498E-07
 2762   -6.946465E-07
 2763   -6.941438E-07
 2764   -6.936416E-07
 2765   -6.931400E-07
 2766   -6.810874E-07
 2767   -6.805951E-07
 2768   -6.801035E-07
 2769   -6.796123E-07
 2770   -6.791217E-07
 2771   -6.517073E-07
 2772   -6.512372E-07
 2773   -6.507676E-07
 2774   -6.502985E-07
 2775   -6.498299E-07
 2776   -6.641947E-07
 2777   -6.637164E-07
 2778   -6.632387E-07
 2779   -6.627615E-07
 2780   -6.622847E-07
 2781   -6.371840E-07
 2782   -6.367260E-07
 2783   -6.362685E-07
 2784   -6.358115E-07
 2785   -6.353550E-07
 2786   -6.302348E-07
 2787   -6.297826E-07
 2788   -6.293309E-07
 2789   -6.288797E-07
 2790   -6.284289E-07
 2791   -6.026002E-07
 2792   -6.021687E-07
 2793   -6.017375E-07
 2794   -6.013069E-07
 2795   -6.008767E-07
 2796   -5.554500E-07
 2797   -5.550529E-07
 2798   -5.546562E-07
 2799   -5.542599E-07
 2800   -5.538641E-07
 2801   -5.102590E-07
 2802   -5.098949E-07
 2803   -5.095311E-07
 2804   -5.091678E-07
 2805   -5.088048E-07
 2806   -4.589367E-07
 2807   -4.586098E-07
 2808   -4.582832E-07
 2809   -4.579570E-07
 2810   -4.576311E-07
 2811   -4.351988E-07
 2812   -4.348893E-07
 2813   -4.345801E-07
 2814   -4.342713E-07
 2815   -4.339628E-07
 2816   -4.235642E-07
 2817   -4.232636E-07
 2818   -4.229632E-07
 2819   -4.226632E-07
 2820   -4.223635E-07
 2821   -4.109272E-07
 2822   -4.106360E-07
 2823   -4.103452E-07
 2824   -4.100546E-07
 2825   -4.097643E-07
 2826   -4.049991E-07
 2827   -4.047127E-07
 2828   -4.044265E-07
 2829   -4.041406E-07
 2830   -4.038551E-07
 2831   -3.958249E-07
 2832   -3.955454E-07
 2833   -3.952662E-07
 2834   -3.949873E-07
 2835   -3.947087E-07
 2836   -3.902154E-07
 2837   -3.899403E-07
 2838   -3.896656E-07
 2839   -3.893911E-07
 2840   -3.891170E-07
 2841   -3.708735E-07
 2842   -3.706125E-07
 2843   -3.703518E-07
 2844   -3.700914E-07
 2845   -3.698313E-07
 2846   -3.462855E-07
 2847   -3.460423E-07
 2848   -3.457993E-07
 2849   -3.455566E-07
 2850   -3.453142E-07
 2851   -3.178824E-07
 2852   -3.176595E-07
 2853   -3.174369E-07
 2854   -3.172144E-07
 2855   -3.169923E-07
 2856   -2.939693E-07
 2857   -2.937636E-07
 2858   -2.935580E-07
 2859   -2.933527E-07
 2860   -2.931476E-07
 2861   -2.804732E-07
 2862   -2.802772E-07
 2863   -2.800815E-07
 2864   -2.798859E-07
 2865   -2.796906E-07
 2866   -2.695143E-07
 2867   -2.693264E-07
 2868   -2.691386E-07
 2869   -2.689510E-07
 2870   -2.687636E-07
 2871   -2.633198E-07
 2872   -2.631365E-07
 2873   -2.629533E-07
 2874   -2.627704E-07
 2875   -2.625876E-07
 2876   -2.553086E-07
 2877   -2.551311E-07
 2878   -2.549539E-07
 2879   -2.547768E-07
 2880   -2.545999E-07
 2881   -2.520611E-07
 2882   -2.518862E-07
 2883   -2.517115E-07
 2884   -2.515369E-07
 2885   -2.513626E-07
 2886   -2.451223E-07
 2887   -2.449525E-07
 2888   -2.447829E-07
 2889   -2.446135E-07
 2890   -2.444442E-07
 2891   -2.337868E-07
 2892   -2.336252E-07
 2893   -2.334637E-07
 2894   -2.333024E-07
 2895   -2.331412E-07
 2896   -2.181047E-07
 2897   -2.179542E-07
 2898   -2.178038E-07
 2899   -2.176535E-07
 2900   -2.175035E-07
 2901   -1.942101E-07
 2902   -1.940763E-07
 2903   -1.939426E-07
 2904   -1.938091E-07
 2905   -1.936756E-07
 2906   -1.778044E-07
 2907   -1.776821E-07
 2908   -1.775599E-07
 2909   -1.774379E-07
 2910   -1.773159E-07
 2911   -1.616417E-07
 2912   -1.615307E-07
 2913   -1.614198E-07
 2914   -1.613090E-07
 2915   -1.611984E-07
 2916   -1.545439E-07
 2917   -1.544379E-07
 2918   -1.543321E-07
 2919   -1.542264E-07
 2920   -1.541208E-07
 2921   -1.533185E-07
 2922   -1.532136E-07
 2923   -1.531088E-07
 2924   -1.530041E-07
 2925   -1.528995E-07
 2926   -1.465262E-07
 2927   -1.464261E-07
 2928   -1.463261E-07
 2929   -1.462262E-07
 2930   -1.461264E-07
 2931   -1.468241E-07
 2932   -1.467240E-07
 2933   -1.466240E-07
 2934   -1.465240E-07
 2935   -1.464242E-07
 2936   -1.417679E-07
 2937   -1.416714E-07
 2938   -1.415750E-07
 2939   -1.414786E-07
 2940   -1.413824E-07
 2941   -1.354328E-07
 2942   -1.353407E-07
 2943   -1.352487E-07
 2944   -1.351569E-07
 2945   -1.350651E-07
 2946   -1.303415E-07
 2947   -1.302531E-07
 2948   -1.301647E-07
 2949   -1.300765E-07
 2950   -1.299883E-07
 2951   -1.174797E-07
 2952   -1.174001E-07
 2953   -1.173206E-07
 2954   -1.172412E-07
 2955   -1.171618E-07
 2956   -1.120978E-07
 2957   -1.120220E-07
 2958   -1.119462E-07
 2959   -1.118706E-07
 2960   -1.117950E-07
 2961   -1.061968E-07
 2962   -1.061251E-07
 2963   -1.060535E-07
 2964   -1.059819E-07
 2965   -1.059104E-07
 2966   -1.035040E-07
 2967   -1.034343E-07
 2968   -1.033646E-07
 2969   -1.032949E-07
 2970   -1.032254E-07
 2971   -1.024907E-07
 2972   -1.024217E-07
 2973   -1.023529E-07
 2974   -1.022840E-07
 2975   -1.022153E-07
 2976   -9.791450E-08
 2977   -9.784873E-08
 2978   -9.778303E-08
 2979   -9.771739E-08
 2980   -9.765182E-08
 2981   -9.976271E-08
 2982   -9.969582E-08
 2983   -9.962898E-08
 2984   -9.956222E-08
 2985   -9.949552E-08
 2986   -9.658712E-08
 2987   -9.652246E-08
 2988   -9.645787E-08
 2989   -9.639333E-08
 2990   -9.632887E-08
 2991   -9.583124E-08
 2992   -9.576719E-08
 2993   -9.570321E-08
 2994   -9.563929E-08
 2995   -9.557543E-08
 2996   -9.207569E-08
 2997   -9.201426E-08
 2998   -9.195288E-08
 2999   -9.189157E-08
 3000   -9.183032E-08
 3001   -8.764228E-08
 3002   -8.758390E-08
 3003   -8.752558E-08
 3004   -8.746732E-08
 3005   -8.740912E-08
 3006   -8.692707E-08
 3007   -8.686926E-08
 3008   -8.681151E-08
 3009   -8.675382E-08
 3010   -8.669619E-08
 3011   -8.322442E-08
 3012   -8.316916E-08
 3013   -8.311397E-08
 3014   -8.305882E-08
 3015   -8.300374E-08
 3016   -8.178149E-08
 3017   -8.172729E-08
 3018   -8.167313E-08
 3019   -8.161904E-08
 3020   -8.156499E-08
 3021   -8.093192E-08
 3022   -8.087837E-08
 3023   -8.082487E-08
 3024   -8.077142E-08
 3025   -8.071803E-08
 3026   -7.923404E-08
 3027   -7.918170E-08
 3028   -7.912941E-08
 3029   -7.907717E-08
 3030   -7.902498E-08
 3031   -8.237561E-08
 3032   -8.232128E-08
 3033   -8.226701E-08
 3034   -8.221279E-08
 3035   -8.215862E-08
 3036   -8.222926E-08
 3037   -8.217511E-08
 3038   -8.212102E-08
 3039   -8.206699E-08
 3040   -8.201301E-08
 3041   -8.501894E-08
 3042   -8.496305E-08
 3043   -8.490722E-08
 3044   -8.485144E-08
 3045   -8.479572E-08
 3046   -8.664982E-08
 3047   -8.659295E-08
 3048   -8.653614E-08
 3049   -8.647939E-08
 3050   -8.642269E-08
 3051   -8.993421E-08
 3052   -8.987529E-08
 3053   -8.981642E-08
 3054   -8.975761E-08
 3055   -8.969886E-08
 3056   -9.260005E-08
 3057   -9.253948E-08
 3058   -9.247897E-08
 3059   -9.241851E-08
 3060   -9.235812E-08
 3061   -9.182018E-08
 3062   -9.176021E-08
 3063   -9.170031E-08
 3064   -9.164046E-08
 3065   -9.158067E-08
 3066   -9.376507E-08
 3067   -9.370394E-08
 3068   -9.364286E-08
 3069   -9.358185E-08
 3070   -9.352089E-08
 3071   -9.234643E-08
 3072   -9.228632E-08
 3073   -9.222627E-08
 3074   -9.216627E-08
 3075   -9.210634E-08
 3076   -9.158740E-08
 3077   -9.152788E-08
 3078   -9.146842E-08
 3079   -9.140901E-08
 3080   -9.134967E-08
 3081   -8.595171E-08
 3082   -8.589595E-08
 3083   -8.584023E-08
 3084   -8.578457E-08
 3085   -8.572897E-08
 3086   -7.931600E-08
 3087   -7.926462E-08
 3088   -7.921329E-08
 3089   -7.916201E-08
 3090   -7.911079E-08
 3091   -6.917388E-08
 3092   -6.912914E-08
 3093   -6.908445E-08
 3094   -6.903980E-08
 3095   -6.899519E-08
 3096   -5.271260E-08
 3097   -5.267856E-08
 3098   -5.264456E-08
 3099   -5.261059E-08
 3100   -5.257665E-08
 3101   -3.582599E-08
 3102   -3.580289E-08
 3103   -3.577982E-08
 3104   -3.575677E-08
 3105   -3.573374E-08
 3106   -1.961733E-08
 3107   -1.960471E-08
 3108   -1.959209E-08
 3109   -1.957949E-08
 3110   -1.956690E-08
 3111   -8.948020E-09
 3112   -8.942271E-09
 3113   -8.936526E-09
 3114   -8.930788E-09
 3115   -8.925055E-09
 3116   -1.895490E-09
 3117   -1.894274E-09
 3118   -1.893060E-09
 3119   -1.891846E-09
 3120   -1.890633E-09
 3121    2.154584E-09
 3122    2.153204E-09
 3123    2.151826E-09
 3124    2.150448E-09
 3125    2.149072E-09
 3126    4.558808E-09
 3127    4.555892E-09
 3128    4.552980E-09
 3129    4.550070E-09
 3130    4.547163E-09
 3131    5.925710E-09
 3132    5.921927E-09
 3133    5.918147E-09
 3134    5.914371E-09
 3135    5.910599E-09
 3136    7.125306E-09
 3137    7.120764E-09
 3138    7.116226E-09
 3139    7.111692E-09
 3140    7.107163E-09
 3141    7.857930E-09
 3142    7.852929E-09
 3143    7.847932E-09
 3144    7.842941E-09
 3145    7.837954E-09
 3146    8.616942E-09
 3147    8.611466E-09
 3148    8.605996E-09
 3149    8.600531E-09
 3150    8.595071E-09
 3151    9.482172E-09
 3152    9.476156E-09
 3153    9.470146E-09
 3154    9.464142E-09
 3155    9.458143E-09
 3156    9.780028E-09
 3157    9.773833E-09
 3158    9.767644E-09
 3159    9.761461E-09
 3160    9.755284E-09
 3161    1.021991E-08
 3162    1.021344E-08
 3163    1.020699E-08
 3164    1.020054E-08
 3165    1.019409E-08
 3166    1.046758E-08
 3167    1.046098E-08
 3168    1.045437E-08
 3169    1.044778E-08
 3170    1.044118E-08
 3171    1.092644E-08
 3172    1.091956E-08
 3173    1.091267E-08
 3174    1.090580E-08
 3175    1.089893E-08
 3176    1.137035E-08
 3177    1.136320E-08
 3178    1.135605E-08
 3179    1.134890E-08
 3180    1.134177E-08
 3181    1.141293E-08
 3182    1.140576E-08
 3183    1.139860E-08
 3184    1.139144E-08
 3185    1.138429E-08
 3186    1.201298E-08
 3187    1.200544E-08
 3188    1.199791E-08
 3189    1.199039E-08
 3190    1.198287E-08
 3191    1.194709E-08
 3192    1.193960E-08
 3193    1.193212E-08
 3194    1.192465E-08
 3195    1.191719E-08
 3196    1.252708E-08
 3197    1.251925E-08
 3198    1.251142E-08
 3199    1.250360E-08
 3200    1.249578E-08
 3201    1.260703E-08
 3202    1.259916E-08
 3203    1.259130E-08
 3204    1.258344E-08
 3205    1.257559E-08
 3206    1.256720E-08
 3207    1.255937E-08
 3208    1.255154E-08
 3209    1.254371E-08
 3210    1.253590E-08
 3211    1.296768E-08
 3212    1.295961E-08
 3213    1.295154E-08
 3214    1.294348E-08
 3215    1.293543E-08
 3216    1.290277E-08
 3217    1.289475E-08
 3218    1.288674E-08
 3219    1.287873E-08
 3220    1.287073E-08
 3221    1.325833E-08
 3222    1.325010E-08
 3223    1.324188E-08
 3224    1.323367E-08
 3225    1.322546E-08
 3226    1.342738E-08
 3227    1.341906E-08
 3228    1.341075E-08
 3229    1.340244E-08
 3230    1.339415E-08
 3231    1.315624E-08
 3232    1.314810E-08
 3233    1.313997E-08
 3234    1.313185E-08
 3235    1.312373E-08
 3236    1.369185E-08
 3237    1.368339E-08
 3238    1.367494E-08
 3239    1.366650E-08
 3240    1.365806E-08
 3241    1.328421E-08
 3242    1.327602E-08
 3243    1.326783E-08
 3244    1.325965E-08
 3245    1.325148E-08
 3246    1.373556E-08
 3247    1.372710E-08
 3248    1.371865E-08
 3249    1.371021E-08
 3250    1.370177E-08
 3251    1.369530E-08
 3252    1.368688E-08
 3253    1.367847E-08
 3254    1.367006E-08
 3255    1.366166E-08
 3256    1.367254E-08
 3257    1.366414E-08
 3258    1.365576E-08
 3259    1.364738E-08
 3260    1.363901E-08
 3261    1.410809E-08
 3262    1.409944E-08
 3263    1.409080E-08
 3264    1.408216E-08
 3265    1.407354E-08
 3266    1.360865E-08
 3267    1.360032E-08
 3268    1.359200E-08
 3269    1.358369E-08
 3270    1.357538E-08
 3271    1.404532E-08
 3272    1.403674E-08
 3273    1.402816E-08
 3274    1.401959E-08
 3275    1.401103E-08
 3276    1.376365E-08
 3277    1.375525E-08
 3278    1.374686E-08
 3279    1.373847E-08
 3280    1.373010E-08
 3281    1.381356E-08
 3282    1.380514E-08
 3283    1.379674E-08
 3284    1.378833E-08
 3285    1.377994E-08
 3286    1.383773E-08
 3287    1.382931E-08
 3288    1.382090E-08
 3289    1.381250E-08
 3290    1.380410E-08
 3291    1.337834E-08
 3292    1.337021E-08
 3293    1.336210E-08
 3294    1.335398E-08
 3295    1.334588E-08
 3296    1.381715E-08
 3297    1.380877E-08
 3298    1.380039E-08
 3299    1.379203E-08
 3300    1.378367E-08
