0.09
0.075
0.06
0.06
0.05
0.05
0.05
0.05
0.05
0.04
0.04
0.04
0.09
0.075
0.06
0.06
0.05
0.05
0.05
0.05
0.05
0.04
0.04
0.04
0.09
0.075
0.06
0.06
0.05
0.05
0.05
0.05
0.05
0.04
0.04
0.04
0.09
0.075
0.06
0.06
0.05
0.05
0.05
0.05
0.05
0.04
0.04
0.04
0.09
0.075
0.06
0.06
0.05
0.05
0.05
0.05
0.05
0.04
0.04
0.04
0.09
0.075
0.06
0.06
0.05
0.05
0.05
0.05
0.05
0.04
0.04
0.04
0.09
0.075
0.06
0.06
0.05
0.05
0.05
0.05
0.05
0.04
0.04
0.04
0.09
0.075
0.06
0.06
0.05
0.05
0.05
0.05
0.05
0.04
0.04
0.04
0.09
0.075
0.06
0.06
0.05
0.05
0.05
0.05
0.05
0.04
0.04
0.04
0.09
0.075
0.06
0.06
0.05
0.05
0.05
0.05
0.05
0.04
0.04
0.04
0.09
0.075
0.06
0.06
0.05
0.05
0.05
0.05
0.05
0.04
0.04
0.04
