  1.025  1.025 1.025  1.025  1.035 1.04   1.045   1.05    1.075  1.08  1.08
  1.02   1.02  1.02   1.02   1.03  1.035  1.04    1.045   1.07   1.07  1.07 
  1.015  1.015 1.015  1.015  1.025 1.03   1.035   1.04    1.06   1.06  1.06
  1.01   1.01  1.01   1.01   1.02  1.015  1.03    1.03    1.03   1.03  1.03
  1.00   1.00  1.00   1.00   1.00  1.00   1.00    1.00    1.00   1.0   1.0 
  1.00   1.00  1.00   1.00   1.00  1.00   1.00    1.00    1.00   1.0   1.0
  1.00   1.00  1.00   1.00   1.01  1.01   1.01    1.02    1.02   1.02  1.02
  1.00   1.00  1.00   1.00   1.02  1.02   1.02    1.02    1.03   1.03  1.03
  1.00   1.00  1.00   1.00   1.03  1.032  1.034   1.035   1.035  1.04  1.04
  1.00   1.00  1.00   1.00   1.04  1.042  1.044   1.046   1.055  1.06  1.06
  1.00   1.00  1.00   1.01   1.05  1.052  1.056   1.058   1.075  1.08  1.09
  1.00   1.00  1.00   1.02   1.06  1.062  1.064   1.075   1.10   1.11  1.12
