2.2  0.00141    17.42   1.68     5.99    3.22 
2.2  0.00178    16.92   1.30     5.86    2.65 
2.2  0.00224    18.39   1.17     5.99    2.41 
2.2  0.00282    18.32   0.99     6.03    2.39 
2.2  0.00355    15.34   0.72     5.75    1.93 
2.2  0.00447    12.36   0.58     5.43    1.16 
2.2  0.00562    13.76   0.52     5.73    1.02 
2.2  0.00708    10.92   0.44     5.78    1.16 
2.2  0.00891     9.30   0.38     6.01    1.20 
2.2  0.01122     8.07   0.38     6.86    1.39 
2.2  0.01413     7.04   0.34     8.53    1.32 
2.2  0.01778     4.77   0.35    10.68    0.88 
2.4  0.00141    20.85   1.85     5.54    3.66 
2.4  0.00178    22.94   2.03     5.49    2.58 
2.4  0.00224    22.87   1.35     5.49    2.40 
2.4  0.00282    21.63   1.21     5.43    2.43 
2.4  0.00355    18.17   0.87     5.18    1.79 
2.4  0.00447    15.40   0.64     5.04    1.16 
2.4  0.00562    17.76   0.67     5.33    0.78 
2.4  0.00708    13.00   0.50     5.25    1.06 
2.4  0.00891    12.50   0.41     5.67    1.14 
2.4  0.01122    10.42   0.41     6.27    1.29 
2.4  0.01413     8.24   0.36     7.38    1.23 
2.4  0.01778     6.18   0.34     9.52    0.92 
2.6  0.00141    27.55   2.49     6.61    3.97 
2.6  0.00178    28.29   1.81     6.52    3.14 
2.6  0.00224    31.32   1.71     6.60    2.61 
2.6  0.00282    26.79   1.36     6.48    2.38 
2.6  0.00355    24.53   1.07     6.38    1.76 
2.6  0.00447    20.29   0.84     6.29    1.26 
2.6  0.00562    22.17   0.71     6.59    1.04 
2.6  0.00708    17.02   0.60     6.64    1.16 
2.6  0.00891    15.34   0.50     7.09    1.05 
2.6  0.01122    13.29   0.48     7.93    1.24 
2.6  0.01413    10.36   0.42     9.24    1.23 
2.6  0.01778     8.59   0.38    11.86    0.96 
2.8  0.00141    36.50   2.70     6.69    2.95 
2.8  0.00178    36.75   2.16     6.61    2.07 
2.8  0.00224    37.96   1.76     6.66    1.81 
2.8  0.00282    36.40   1.45     6.65    2.27 
2.8  0.00355    29.58   1.21     6.49    1.50 
2.8  0.00447    25.29   0.91     6.42    1.21 
2.8  0.00562    25.45   0.82     6.66    1.19 
2.8  0.00708    22.39   0.67     6.90    0.98 
2.8  0.00891    20.09   0.62     7.40    1.11 
2.8  0.01122    15.96   0.48     8.09    1.18 
2.8  0.01413    13.20   0.43     9.48    1.14 
2.8  0.01778     9.82   0.37    11.86    0.91 
3.0  0.00141    45.64   3.67     7.64    3.48 
3.0  0.00178    41.83   2.83     7.51    2.72 
3.0  0.00224    46.88   2.64     7.60    2.18 
3.0  0.00282    41.53   2.16     7.55    2.81 
3.0  0.00355    36.46   1.70     7.41    1.79 
3.0  0.00447    29.12   1.19     7.25    1.29 
3.0  0.00562    29.86   1.06     7.50    1.32 
3.0  0.00708    24.19   0.80     7.60    0.98 
3.0  0.00891    22.52   0.75     8.15    1.30 
3.0  0.01122    18.87   0.67     8.89    1.31 
3.0  0.01413    14.52   0.53    10.02    1.39 
3.0  0.01778    11.50   0.48    12.14    0.91 
3.2  0.00141    54.12   4.92     9.46    5.03 
3.2  0.00178    49.10   4.09     9.33    3.70 
3.2  0.00224    52.19   3.25     9.34    2.98 
3.2  0.00282    47.85   2.55     9.27    2.56 
3.2  0.00355    43.52   2.30     9.18    2.69 
3.2  0.00447    34.81   1.53     8.87    1.35 
3.2  0.00562    34.36   1.41     9.10    1.28 
3.2  0.00708    31.08   1.19     9.38    1.28 
3.2  0.00891    27.03   0.95     9.82    1.49 
3.2  0.01122    22.39   0.84    10.58    1.81 
3.2  0.01413    18.64   0.72    11.91    1.40 
3.2  0.01778    15.46   0.67    14.37    1.19 
3.4  0.00141    56.04   5.81    11.04    4.06 
3.4  0.00178    75.13   5.30    11.23    2.39 
3.4  0.00224    56.28   3.91    10.88    2.07 
3.4  0.00282    57.88   3.37    10.94    3.14 
3.4  0.00355    52.14   2.83    10.87    2.61 
3.4  0.00447    43.17   2.20    10.70    1.99 
3.4  0.00562    41.53   1.73    10.95    2.04 
3.4  0.00708    37.37   1.43    11.28    1.55 
3.4  0.00891    32.72   1.20    11.92    1.77 
3.4  0.01122    28.80   1.17    13.18    2.01 
3.4  0.01413    22.64   0.89    14.86    1.64 
3.4  0.01778    18.43   0.80    18.20    1.24 
3.6  0.00141    79.24   8.31    15.07    2.25 
3.6  0.00178    84.73   8.25    14.83    2.86 
3.6  0.00224    74.61   5.85    14.79    3.26 
3.6  0.00282    65.77   4.97    14.43    3.29 
3.6  0.00355    65.99   4.15    14.52    2.25 
3.6  0.00447    55.47   3.38    14.18    1.33 
3.6  0.00562    49.46   2.75    14.15    1.28 
3.6  0.00708    43.87   2.17    14.44    1.63 
3.6  0.00891    40.46   1.95    15.19    1.99 
3.6  0.01122    32.41   1.65    15.90    1.62 
3.6  0.01413    26.26   1.33    17.55    1.27 
3.6  0.01778    22.02   1.26    21.61    1.52 
3.8  0.00141   118.73  15.49    22.60    6.89 
3.8  0.00178    61.45   9.80    20.90    6.40 
3.8  0.00224    77.11   7.10    20.86    5.07 
3.8  0.00282    71.59   7.41    20.71    2.19 
3.8  0.00355    77.33   5.73    20.95    2.51 
3.8  0.00447    59.07   4.58    20.36    2.37 
3.8  0.00562    57.60   3.91    20.80    2.61 
3.8  0.00708    56.50   3.70    21.72    2.79 
3.8  0.00891    42.82   2.38    21.87    2.58 
3.8  0.01122    37.42   2.32    23.73    2.70 
3.8  0.01413    30.08   2.32    26.62    2.48 
3.8  0.01778    28.45   1.92    34.34    2.16 
4.0  0.00141   123.91  21.09    23.83    8.10 
4.0  0.00178   123.49  18.39    22.86    6.27 
4.0  0.00224    96.54  12.21    22.31    4.53 
4.0  0.00282    83.87   9.90    21.41    4.84 
4.0  0.00355    71.95   8.35    21.13    3.71 
4.0  0.00447    66.40   5.86    21.16    3.25 
4.0  0.00562    68.63   5.78    22.14    3.63 
4.0  0.00708    60.24   4.91    22.78    2.60 
4.0  0.00891    52.32   3.98    24.08    3.17 
4.0  0.01122    46.19   3.66    26.76    3.35 
4.0  0.01413    31.83   3.46    29.99    2.25 
4.0  0.01778    36.44   3.76    42.62    2.84 
4.2  0.00141   167.33  42.60    20.94    5.77 
4.2  0.00178   131.55  21.88    20.49    4.33 
4.2  0.00224   122.69  18.37    20.51    2.78 
4.2  0.00282   134.66  17.84    20.81    3.69 
4.2  0.00355   113.73  13.62    20.57    2.76 
4.2  0.00447    84.39   9.77    20.30    2.23 
4.2  0.00562    68.02   7.22    20.44    2.66 
4.2  0.00708    77.30   8.08    21.88    1.77 
4.2  0.00891    62.49   6.13    23.86    2.14 
4.2  0.01122    52.11   4.78    27.09    2.34 
4.2  0.01413    50.56   4.83    34.33    2.84 
4.2  0.01778    37.86   4.45    48.04    2.45 
