2.82086 -0.454793 0.302134 0.210202 0.195607 0.0398932 0.0655099 0.0343206 0.0423252 0.0499998 0.0311148 0.0696878 -0.0822926 -0.00653489 0.0279797 0.0299618 -0.0135274 0.0504736 0.00306516 0.0108169 0.00365675 0.0190703 0.0224485 -0.0239779 0 0 0 0 0 0 0 0 0 0 0 0 0 0 0 0 0 0 0 0 0 0 0 0 0 0 0 0 0 0 0 0 0 0 0 0 0 0 0 0 0 0 0 0 0 0 0 0 0 0 0 0 0 0 0 0 0 0 0 0 0 0 0 0 0 0 0 0 0 0 0 0 0 0 0 0 0 0 0 0 0 0 0 0 0 0 0 0 0 0 0 0 0 0 0 0 0 0 0 0 0 0 0 0 0 0 0 0 
-0.454793 1.68043 -0.147851 0.176363 0.062529 0.0735999 0.0626908 0.0396426 0.0534226 0.0110811 0.0045443 0.0394745 0.0228422 0.044779 0.0656654 -0.0309666 0.0459563 0.00458631 -0.00431073 -0.0026385 -0.0111728 -0.00867145 0.0286281 0.0211442 0 0 0 0 0 0 0 0 0 0 0 0 0 0 0 0 0 0 0 0 0 0 0 0 0 0 0 0 0 0 0 0 0 0 0 0 0 0 0 0 0 0 0 0 0 0 0 0 0 0 0 0 0 0 0 0 0 0 0 0 0 0 0 0 0 0 0 0 0 0 0 0 0 0 0 0 0 0 0 0 0 0 0 0 0 0 0 0 0 0 0 0 0 0 0 0 0 0 0 0 0 0 0 0 0 0 0 0 
0.302134 -0.147851 1.36029 0.0717236 0.117968 0.0538276 0.0995001 0.0511043 0.0307883 0.029182 0.0229747 0.00263216 0.0975422 -0.0576038 0.031484 0.0127211 0.0300047 0.0392077 -0.00624441 0.0316139 0.00640062 0.0255102 0.0106359 -0.000747296 0 0 0 0 0 0 0 0 0 0 0 0 0 0 0 0 0 0 0 0 0 0 0 0 0 0 0 0 0 0 0 0 0 0 0 0 0 0 0 0 0 0 0 0 0 0 0 0 0 0 0 0 0 0 0 0 0 0 0 0 0 0 0 0 0 0 0 0 0 0 0 0 0 0 0 0 0 0 0 0 0 0 0 0 0 0 0 0 0 0 0 0 0 0 0 0 0 0 0 0 0 0 0 0 0 0 0 0 
0.210202 0.176363 0.0717236 0.987729 0.0734826 0.0202234 0.109318 0.0760698 0.0499825 0.0311957 0.00766224 0.0338246 0.0349098 0.137514 0.00341834 0.0563864 0.0151534 0.0343152 0.0235566 0.0282234 0.0159567 0.00720548 0.0278941 0.0152413 0 0 0 0 0 0 0 0 0 0 0 0 0 0 0 0 0 0 0 0 0 0 0 0 0 0 0 0 0 0 0 0 0 0 0 0 0 0 0 0 0 0 0 0 0 0 0 0 0 0 0 0 0 0 0 0 0 0 0 0 0 0 0 0 0 0 0 0 0 0 0 0 0 0 0 0 0 0 0 0 0 0 0 0 0 0 0 0 0 0 0 0 0 0 0 0 0 0 0 0 0 0 0 0 0 0 0 0 
0.195607 0.062529 0.117968 0.0734826 0.513799 -0.01148 0.0567169 0.0614325 0.0332993 0.0150138 0.00831386 0.00835599 0.0494309 -0.0181299 -0.0116807 0.0355771 0.00241304 0.0139471 0.0127365 0.0156776 0.00270813 0.0124382 0.0160737 -0.000646219 0 0 0 0 0 0 0 0 0 0 0 0 0 0 0 0 0 0 0 0 0 0 0 0 0 0 0 0 0 0 0 0 0 0 0 0 0 0 0 0 0 0 0 0 0 0 0 0 0 0 0 0 0 0 0 0 0 0 0 0 0 0 0 0 0 0 0 0 0 0 0 0 0 0 0 0 0 0 0 0 0 0 0 0 0 0 0 0 0 0 0 0 0 0 0 0 0 0 0 0 0 0 0 0 0 0 0 0 
0.0398932 0.0735999 0.0538276 0.0202234 -0.01148 0.337636 0.0051039 0.0341959 0.021846 0.0269935 0.0168977 0.0261265 -0.00832571 -0.00465214 0.0111079 -0.00264765 0.0215251 0.0143857 0.00623264 0.00613329 0.00427805 -0.00361609 0.00668159 0.0140895 0 0 0 0 0 0 0 0 0 0 0 0 0 0 0 0 0 0 0 0 0 0 0 0 0 0 0 0 0 0 0 0 0 0 0 0 0 0 0 0 0 0 0 0 0 0 0 0 0 0 0 0 0 0 0 0 0 0 0 0 0 0 0 0 0 0 0 0 0 0 0 0 0 0 0 0 0 0 0 0 0 0 0 0 0 0 0 0 0 0 0 0 0 0 0 0 0 0 0 0 0 0 0 0 0 0 0 0 
0.0655099 0.0626908 0.0995001 0.109318 0.0567169 0.0051039 0.266254 0.0229687 0.0406409 0.0133327 0.0102352 0.0119646 0.0288178 0.00952011 -0.0134987 0.0167061 0.00492343 0.00737185 -0.00741364 0.0099088 0.0041636 0.0042315 0.00335383 -0.0010631 0 0 0 0 0 0 0 0 0 0 0 0 0 0 0 0 0 0 0 0 0 0 0 0 0 0 0 0 0 0 0 0 0 0 0 0 0 0 0 0 0 0 0 0 0 0 0 0 0 0 0 0 0 0 0 0 0 0 0 0 0 0 0 0 0 0 0 0 0 0 0 0 0 0 0 0 0 0 0 0 0 0 0 0 0 0 0 0 0 0 0 0 0 0 0 0 0 0 0 0 0 0 0 0 0 0 0 0 
0.0343206 0.0396426 0.0511043 0.0760698 0.0614325 0.0341959 0.0229687 0.19303 0.0165867 0.0254899 0.0104939 0.00955556 0.0178553 0.00339205 0.00377482 0.0179784 0.0051443 0.0023742 -0.00389038 0.00707377 0.00313701 0.00329526 0.00147646 0.0013129 0 0 0 0 0 0 0 0 0 0 0 0 0 0 0 0 0 0 0 0 0 0 0 0 0 0 0 0 0 0 0 0 0 0 0 0 0 0 0 0 0 0 0 0 0 0 0 0 0 0 0 0 0 0 0 0 0 0 0 0 0 0 0 0 0 0 0 0 0 0 0 0 0 0 0 0 0 0 0 0 0 0 0 0 0 0 0 0 0 0 0 0 0 0 0 0 0 0 0 0 0 0 0 0 0 0 0 0 
0.0423252 0.0534226 0.0307883 0.0499825 0.0332993 0.021846 0.0406409 0.0165867 0.146811 0.0177514 0.0199543 0.0145123 0.007781 0.0165121 0.00394749 -0.00663158 -0.00412585 0.00944416 -0.00199448 0.00278071 0.00306451 0.000389403 0.0030491 0.0048526 0 0 0 0 0 0 0 0 0 0 0 0 0 0 0 0 0 0 0 0 0 0 0 0 0 0 0 0 0 0 0 0 0 0 0 0 0 0 0 0 0 0 0 0 0 0 0 0 0 0 0 0 0 0 0 0 0 0 0 0 0 0 0 0 0 0 0 0 0 0 0 0 0 0 0 0 0 0 0 0 0 0 0 0 0 0 0 0 0 0 0 0 0 0 0 0 0 0 0 0 0 0 0 0 0 0 0 0 
0.0499998 0.0110811 0.029182 0.0311957 0.0150138 0.0269935 0.0133327 0.0254899 0.0177514 0.143043 0.0126809 0.0159838 -0.0431413 0.00487306 0.0122211 -0.00793387 -0.00049407 -0.00269018 -0.00466955 0.00122437 0.00336937 -0.00421497 0.00106624 0.00372247 0 0 0 0 0 0 0 0 0 0 0 0 0 0 0 0 0 0 0 0 0 0 0 0 0 0 0 0 0 0 0 0 0 0 0 0 0 0 0 0 0 0 0 0 0 0 0 0 0 0 0 0 0 0 0 0 0 0 0 0 0 0 0 0 0 0 0 0 0 0 0 0 0 0 0 0 0 0 0 0 0 0 0 0 0 0 0 0 0 0 0 0 0 0 0 0 0 0 0 0 0 0 0 0 0 0 0 0 
0.0311148 0.0045443 0.0229747 0.00766224 0.00831386 0.0168977 0.0102352 0.0104939 0.0199543 0.0126809 0.118186 0.0212833 0.0147733 -0.0191402 0.0272879 -0.00310503 0.00692689 0.00458068 0.00335302 0.00613693 0.00544757 0.00369931 0.0062288 0.00750761 0 0 0 0 0 0 0 0 0 0 0 0 0 0 0 0 0 0 0 0 0 0 0 0 0 0 0 0 0 0 0 0 0 0 0 0 0 0 0 0 0 0 0 0 0 0 0 0 0 0 0 0 0 0 0 0 0 0 0 0 0 0 0 0 0 0 0 0 0 0 0 0 0 0 0 0 0 0 0 0 0 0 0 0 0 0 0 0 0 0 0 0 0 0 0 0 0 0 0 0 0 0 0 0 0 0 0 0 
0.0696878 0.0394745 0.00263216 0.0338246 0.00835599 0.0261265 0.0119646 0.00955556 0.0145123 0.0159838 0.0212833 0.12263 -0.00981258 0.0202949 -9.60199e-05 0.00372318 0.0110961 0.00782942 0.00894978 0.00718721 0.00466007 0.00262853 0.00194709 0.00602587 0 0 0 0 0 0 0 0 0 0 0 0 0 0 0 0 0 0 0 0 0 0 0 0 0 0 0 0 0 0 0 0 0 0 0 0 0 0 0 0 0 0 0 0 0 0 0 0 0 0 0 0 0 0 0 0 0 0 0 0 0 0 0 0 0 0 0 0 0 0 0 0 0 0 0 0 0 0 0 0 0 0 0 0 0 0 0 0 0 0 0 0 0 0 0 0 0 0 0 0 0 0 0 0 0 0 0 0 
-0.0822926 0.0228422 0.0975422 0.0349098 0.0494309 -0.00832571 0.0288178 0.0178553 0.007781 -0.0431413 0.0147733 -0.00981258 3.42293 -0.838449 0.33385 0.0552212 0.111306 0.150954 0.0844155 0.0996324 0.00812592 0.0602283 0.0258217 0.0382163 -0.0655055 -0.0335975 -0.0119659 -0.0188703 -0.00143926 -0.0947636 0.00710644 0.0205865 -0.0147511 -0.00823231 -0.0394127 -0.0198204 0 0 0 0 0 0 0 0 0 0 0 0 0 0 0 0 0 0 0 0 0 0 0 0 0 0 0 0 0 0 0 0 0 0 0 0 0 0 0 0 0 0 0 0 0 0 0 0 0 0 0 0 0 0 0 0 0 0 0 0 0 0 0 0 0 0 0 0 0 0 0 0 0 0 0 0 0 0 0 0 0 0 0 0 0 0 0 0 0 0 0 0 0 0 0 0 
-0.00653489 0.044779 -0.0576038 0.137514 -0.0181299 -0.00465214 0.00952011 0.00339205 0.0165121 0.00487306 -0.0191402 0.0202949 -0.838449 4.10507 -0.302463 0.45352 0.411698 0.103473 0.226589 0.108742 0.0698383 0.1393 0.0579442 0.0509284 0.0864296 0.0965738 -0.114309 -0.0584013 0.0155312 0.0152051 0.0304573 0.00572914 -0.0265807 -0.000111061 -0.0064523 -0.0212182 0 0 0 0 0 0 0 0 0 0 0 0 0 0 0 0 0 0 0 0 0 0 0 0 0 0 0 0 0 0 0 0 0 0 0 0 0 0 0 0 0 0 0 0 0 0 0 0 0 0 0 0 0 0 0 0 0 0 0 0 0 0 0 0 0 0 0 0 0 0 0 0 0 0 0 0 0 0 0 0 0 0 0 0 0 0 0 0 0 0 0 0 0 0 0 0 
0.0279797 0.0656654 0.031484 0.00341834 -0.0116807 0.0111079 -0.0134987 0.00377482 0.00394749 0.0122211 0.0272879 -9.60199e-05 0.33385 -0.302463 1.8116 -0.0374924 0.117037 0.112191 0.0545173 0.0814862 0.0498205 -0.0035702 0.0224621 0.00858316 0.0271671 -0.0438382 0.0571925 0.0051702 -0.0240508 -0.0463827 0.00413477 -0.0236427 0.0159588 -0.0142323 0.00877348 0.00320742 0 0 0 0 0 0 0 0 0 0 0 0 0 0 0 0 0 0 0 0 0 0 0 0 0 0 0 0 0 0 0 0 0 0 0 0 0 0 0 0 0 0 0 0 0 0 0 0 0 0 0 0 0 0 0 0 0 0 0 0 0 0 0 0 0 0 0 0 0 0 0 0 0 0 0 0 0 0 0 0 0 0 0 0 0 0 0 0 0 0 0 0 0 0 0 0 
0.0299618 -0.0309666 0.0127211 0.0563864 0.0355771 -0.00264765 0.0167061 0.0179784 -0.00663158 -0.00793387 -0.00310503 0.00372318 0.0552212 0.45352 -0.0374924 1.45688 0.0327644 0.108064 0.131412 0.0724537 0.0303776 0.0755612 0.0560535 0.0103052 0.00821865 -0.00676143 -0.0784347 -0.0404259 -0.00256506 0.0162945 0.00224004 -0.00587893 -0.00653329 -0.0185782 0.00505878 -0.0216198 0 0 0 0 0 0 0 0 0 0 0 0 0 0 0 0 0 0 0 0 0 0 0 0 0 0 0 0 0 0 0 0 0 0 0 0 0 0 0 0 0 0 0 0 0 0 0 0 0 0 0 0 0 0 0 0 0 0 0 0 0 0 0 0 0 0 0 0 0 0 0 0 0 0 0 0 0 0 0 0 0 0 0 0 0 0 0 0 0 0 0 0 0 0 0 0 
-0.0135274 0.0459563 0.0300047 0.0151534 0.00241304 0.0215251 0.00492343 0.0051443 -0.00412585 -0.00049407 0.00692689 0.0110961 0.111306 0.411698 0.117037 0.0327644 0.757201 -0.0109343 0.0786037 0.0400749 0.0552568 0.0483162 0.0152103 0.027305 -0.0140276 -0.0261241 0.0168187 -0.0722593 -0.0067888 0.000775495 -0.0046951 0.0141011 -0.00497108 0.0054068 0.0014202 -0.0165779 0 0 0 0 0 0 0 0 0 0 0 0 0 0 0 0 0 0 0 0 0 0 0 0 0 0 0 0 0 0 0 0 0 0 0 0 0 0 0 0 0 0 0 0 0 0 0 0 0 0 0 0 0 0 0 0 0 0 0 0 0 0 0 0 0 0 0 0 0 0 0 0 0 0 0 0 0 0 0 0 0 0 0 0 0 0 0 0 0 0 0 0 0 0 0 0 
0.0504736 0.00458631 0.0392077 0.0343152 0.0139471 0.0143857 0.00737185 0.0023742 0.00944416 -0.00269018 0.00458068 0.00782942 0.150954 0.103473 0.112191 0.108064 -0.0109343 0.409728 0.0195561 0.0507909 0.0435396 0.0189219 0.032535 0.0210403 0.051336 -0.0104468 -0.0175245 0.0372205 -0.00795601 -0.00714212 0.0077716 -0.00791556 0.00616428 -0.00125687 0.00598126 -0.00513091 0 0 0 0 0 0 0 0 0 0 0 0 0 0 0 0 0 0 0 0 0 0 0 0 0 0 0 0 0 0 0 0 0 0 0 0 0 0 0 0 0 0 0 0 0 0 0 0 0 0 0 0 0 0 0 0 0 0 0 0 0 0 0 0 0 0 0 0 0 0 0 0 0 0 0 0 0 0 0 0 0 0 0 0 0 0 0 0 0 0 0 0 0 0 0 0 
0.00306516 -0.00431073 -0.00624441 0.0235566 0.0127365 0.00623264 -0.00741364 -0.00389038 -0.00199448 -0.00466955 0.00335302 0.00894978 0.0844155 0.226589 0.0545173 0.131412 0.0786037 0.0195561 0.44841 0.042846 0.0652561 0.0490721 0.0389511 0.0298601 -0.0872549 0.0479395 0.00671616 -0.0334006 0.0251835 0.0106615 -0.00101906 0.00256536 0.00743307 0.00741195 -0.00878289 0.0018018 0 0 0 0 0 0 0 0 0 0 0 0 0 0 0 0 0 0 0 0 0 0 0 0 0 0 0 0 0 0 0 0 0 0 0 0 0 0 0 0 0 0 0 0 0 0 0 0 0 0 0 0 0 0 0 0 0 0 0 0 0 0 0 0 0 0 0 0 0 0 0 0 0 0 0 0 0 0 0 0 0 0 0 0 0 0 0 0 0 0 0 0 0 0 0 0 
0.0108169 -0.0026385 0.0316139 0.0282234 0.0156776 0.00613329 0.0099088 0.00707377 0.00278071 0.00122437 0.00613693 0.00718721 0.0996324 0.108742 0.0814862 0.0724537 0.0400749 0.0507909 0.042846 0.249084 0.0162231 0.0378376 0.0282004 0.0180891 0.0161065 -0.0188141 -0.0183587 -0.00830299 -0.00439082 -0.00162611 0.00586128 0.0034682 -0.000254324 -0.00217626 0.0035033 -0.000456832 0 0 0 0 0 0 0 0 0 0 0 0 0 0 0 0 0 0 0 0 0 0 0 0 0 0 0 0 0 0 0 0 0 0 0 0 0 0 0 0 0 0 0 0 0 0 0 0 0 0 0 0 0 0 0 0 0 0 0 0 0 0 0 0 0 0 0 0 0 0 0 0 0 0 0 0 0 0 0 0 0 0 0 0 0 0 0 0 0 0 0 0 0 0 0 0 
0.00365675 -0.0111728 0.00640062 0.0159567 0.00270813 0.00427805 0.0041636 0.00313701 0.00306451 0.00336937 0.00544757 0.00466007 0.00812592 0.0698383 0.0498205 0.0303776 0.0552568 0.0435396 0.0652561 0.0162231 0.16561 0.0158728 0.022495 0.0173505 0.0478965 -0.0105538 0.0139452 -0.0109601 0.00206896 0.0015313 0.0110493 0.00773167 0.000357875 0.00306082 0.00105585 -0.00247129 0 0 0 0 0 0 0 0 0 0 0 0 0 0 0 0 0 0 0 0 0 0 0 0 0 0 0 0 0 0 0 0 0 0 0 0 0 0 0 0 0 0 0 0 0 0 0 0 0 0 0 0 0 0 0 0 0 0 0 0 0 0 0 0 0 0 0 0 0 0 0 0 0 0 0 0 0 0 0 0 0 0 0 0 0 0 0 0 0 0 0 0 0 0 0 0 
0.0190703 -0.00867145 0.0255102 0.00720548 0.0124382 -0.00361609 0.0042315 0.00329526 0.000389403 -0.00421497 0.00369931 0.00262853 0.0602283 0.1393 -0.0035702 0.0755612 0.0483162 0.0189219 0.0490721 0.0378376 0.0158728 0.168322 0.0201539 0.0158681 -0.0118456 0.00779039 -0.0113932 0.00749017 0.00251562 -0.00610781 0.00713513 -0.00855373 0.000835805 0.00209023 -0.00530262 0.000989565 0 0 0 0 0 0 0 0 0 0 0 0 0 0 0 0 0 0 0 0 0 0 0 0 0 0 0 0 0 0 0 0 0 0 0 0 0 0 0 0 0 0 0 0 0 0 0 0 0 0 0 0 0 0 0 0 0 0 0 0 0 0 0 0 0 0 0 0 0 0 0 0 0 0 0 0 0 0 0 0 0 0 0 0 0 0 0 0 0 0 0 0 0 0 0 0 
0.0224485 0.0286281 0.0106359 0.0278941 0.0160737 0.00668159 0.00335383 0.00147646 0.0030491 0.00106624 0.0062288 0.00194709 0.0258217 0.0579442 0.0224621 0.0560535 0.0152103 0.032535 0.0389511 0.0282004 0.022495 0.0201539 0.131141 0.0163807 -0.0261095 0.0153131 -0.00679203 0.00763714 0.000565949 -0.00154914 0.00239809 0.00302809 0.000831869 -0.00109848 -0.00269277 -0.00299118 0 0 0 0 0 0 0 0 0 0 0 0 0 0 0 0 0 0 0 0 0 0 0 0 0 0 0 0 0 0 0 0 0 0 0 0 0 0 0 0 0 0 0 0 0 0 0 0 0 0 0 0 0 0 0 0 0 0 0 0 0 0 0 0 0 0 0 0 0 0 0 0 0 0 0 0 0 0 0 0 0 0 0 0 0 0 0 0 0 0 0 0 0 0 0 0 
-0.0239779 0.0211442 -0.000747296 0.0152413 -0.000646219 0.0140895 -0.0010631 0.0013129 0.0048526 0.00372247 0.00750761 0.00602587 0.0382163 0.0509284 0.00858316 0.0103052 0.027305 0.0210403 0.0298601 0.0180891 0.0173505 0.0158681 0.0163807 0.112369 0.00222411 0.000362324 -0.0036927 0.00592788 -0.00774788 -0.00977465 0.00283586 -0.00556684 0.00107506 -0.000384459 -0.000352208 0.0042561 0 0 0 0 0 0 0 0 0 0 0 0 0 0 0 0 0 0 0 0 0 0 0 0 0 0 0 0 0 0 0 0 0 0 0 0 0 0 0 0 0 0 0 0 0 0 0 0 0 0 0 0 0 0 0 0 0 0 0 0 0 0 0 0 0 0 0 0 0 0 0 0 0 0 0 0 0 0 0 0 0 0 0 0 0 0 0 0 0 0 0 0 0 0 0 0 
0 0 0 0 0 0 0 0 0 0 0 0 -0.0655055 0.0864296 0.0271671 0.00821865 -0.0140276 0.051336 -0.0872549 0.0161065 0.0478965 -0.0118456 -0.0261095 0.00222411 6.19426 -1.05005 0.251793 -0.120603 0.162889 0.000885771 -0.0116349 0.0314558 0.0203901 0.070884 0.0762479 0.000380541 0.239906 0.0272708 0.302017 0.0644085 0.244062 -0.0512625 0.0629772 0.0502538 0.0102994 0.0294495 -0.0143697 0.00231156 0 0 0 0 0 0 0 0 0 0 0 0 0 0 0 0 0 0 0 0 0 0 0 0 0 0 0 0 0 0 0 0 0 0 0 0 0 0 0 0 0 0 0 0 0 0 0 0 0 0 0 0 0 0 0 0 0 0 0 0 0 0 0 0 0 0 0 0 0 0 0 0 0 0 0 0 0 0 0 0 0 0 0 0 
0 0 0 0 0 0 0 0 0 0 0 0 -0.0335975 0.0965738 -0.0438382 -0.00676143 -0.0261241 -0.0104468 0.0479395 -0.0188141 -0.0105538 0.00779039 0.0153131 0.000362324 -1.05005 3.27241 -0.418219 0.311359 0.170948 0.139935 0.088724 0.0497465 0.0989063 0.0422583 0.0257085 0.0386225 0.202711 -0.117231 -0.0693156 0.0580654 -0.0484489 0.00914491 0.0367668 0.0230102 -0.0365102 0.0446955 -0.00916034 0.0158532 0 0 0 0 0 0 0 0 0 0 0 0 0 0 0 0 0 0 0 0 0 0 0 0 0 0 0 0 0 0 0 0 0 0 0 0 0 0 0 0 0 0 0 0 0 0 0 0 0 0 0 0 0 0 0 0 0 0 0 0 0 0 0 0 0 0 0 0 0 0 0 0 0 0 0 0 0 0 0 0 0 0 0 0 
0 0 0 0 0 0 0 0 0 0 0 0 -0.0119659 -0.114309 0.0571925 -0.0784347 0.0168187 -0.0175245 0.00671616 -0.0183587 0.0139452 -0.0113932 -0.00679203 -0.0036927 0.251793 -0.418219 2.93678 -0.20261 0.258735 0.195191 0.124238 0.116131 0.0815403 0.0407212 0.0300717 0.0225753 0.0970135 0.0858681 -0.0635417 0.0415641 0.133219 0.0799372 0.109378 0.0388213 0.0413955 0.0480387 0.019992 0.00384174 0 0 0 0 0 0 0 0 0 0 0 0 0 0 0 0 0 0 0 0 0 0 0 0 0 0 0 0 0 0 0 0 0 0 0 0 0 0 0 0 0 0 0 0 0 0 0 0 0 0 0 0 0 0 0 0 0 0 0 0 0 0 0 0 0 0 0 0 0 0 0 0 0 0 0 0 0 0 0 0 0 0 0 0 
0 0 0 0 0 0 0 0 0 0 0 0 -0.0188703 -0.0584013 0.0051702 -0.0404259 -0.0722593 0.0372205 -0.0334006 -0.00830299 -0.0109601 0.00749017 0.00763714 0.00592788 -0.120603 0.311359 -0.20261 1.84824 -0.0140525 0.0832714 0.166756 0.0791063 0.10049 0.040914 0.0390045 0.00105636 0.176906 0.0267247 -0.0859153 0.0505946 0.0135614 0.0418929 0.0111316 0.0255065 0.0106051 0.0191142 0.0329081 0.0166864 0 0 0 0 0 0 0 0 0 0 0 0 0 0 0 0 0 0 0 0 0 0 0 0 0 0 0 0 0 0 0 0 0 0 0 0 0 0 0 0 0 0 0 0 0 0 0 0 0 0 0 0 0 0 0 0 0 0 0 0 0 0 0 0 0 0 0 0 0 0 0 0 0 0 0 0 0 0 0 0 0 0 0 0 
0 0 0 0 0 0 0 0 0 0 0 0 -0.00143926 0.0155312 -0.0240508 -0.00256506 -0.0067888 -0.00795601 0.0251835 -0.00439082 0.00206896 0.00251562 0.000565949 -0.00774788 0.162889 0.170948 0.258735 -0.0140525 1.14112 -0.0895978 0.0997797 0.0704206 0.0765341 0.0434526 0.0293498 -0.00336198 -0.0464835 -0.0243693 0.0316988 0.0437545 0.0302381 0.0466803 0.0226375 0.0449314 -0.0127792 0.0330798 -0.00322169 -0.00512029 0 0 0 0 0 0 0 0 0 0 0 0 0 0 0 0 0 0 0 0 0 0 0 0 0 0 0 0 0 0 0 0 0 0 0 0 0 0 0 0 0 0 0 0 0 0 0 0 0 0 0 0 0 0 0 0 0 0 0 0 0 0 0 0 0 0 0 0 0 0 0 0 0 0 0 0 0 0 0 0 0 0 0 0 
0 0 0 0 0 0 0 0 0 0 0 0 -0.0947636 0.0152051 -0.0463827 0.0162945 0.000775495 -0.00714212 0.0106615 -0.00162611 0.0015313 -0.00610781 -0.00154914 -0.00977465 0.000885771 0.139935 0.195191 0.0832714 -0.0895978 0.70278 -0.0036545 0.0555574 0.0134532 0.0525806 0.0214735 0.0410878 0.110798 -0.0868394 0.0608413 -0.02581 0.0501601 0.00349295 -0.00102172 0.0065209 0.013548 0.0118225 -0.00422237 0.00759351 0 0 0 0 0 0 0 0 0 0 0 0 0 0 0 0 0 0 0 0 0 0 0 0 0 0 0 0 0 0 0 0 0 0 0 0 0 0 0 0 0 0 0 0 0 0 0 0 0 0 0 0 0 0 0 0 0 0 0 0 0 0 0 0 0 0 0 0 0 0 0 0 0 0 0 0 0 0 0 0 0 0 0 0 
0 0 0 0 0 0 0 0 0 0 0 0 0.00710644 0.0304573 0.00413477 0.00224004 -0.0046951 0.0077716 -0.00101906 0.00586128 0.0110493 0.00713513 0.00239809 0.00283586 -0.0116349 0.088724 0.124238 0.166756 0.0997797 -0.0036545 0.508213 0.0244891 0.0743998 0.0287408 0.0309679 0.014223 0.0794227 -0.00280021 -0.0472416 0.0580539 0.0440152 -0.00567018 0.0104113 0.00896685 0.017173 0.00579526 0.0155076 -0.000857366 0 0 0 0 0 0 0 0 0 0 0 0 0 0 0 0 0 0 0 0 0 0 0 0 0 0 0 0 0 0 0 0 0 0 0 0 0 0 0 0 0 0 0 0 0 0 0 0 0 0 0 0 0 0 0 0 0 0 0 0 0 0 0 0 0 0 0 0 0 0 0 0 0 0 0 0 0 0 0 0 0 0 0 0 
0 0 0 0 0 0 0 0 0 0 0 0 0.0205865 0.00572914 -0.0236427 -0.00587893 0.0141011 -0.00791556 0.00256536 0.0034682 0.00773167 -0.00855373 0.00302809 -0.00556684 0.0314558 0.0497465 0.116131 0.0791063 0.0704206 0.0555574 0.0244891 0.358511 0.0304988 0.0513261 0.0369586 0.0131793 0.0579897 0.0294116 -0.0318307 -0.00591921 0.0286029 0.00733164 0.0168111 0.0144031 0.0145005 0.00872473 0.0133682 0.0148113 0 0 0 0 0 0 0 0 0 0 0 0 0 0 0 0 0 0 0 0 0 0 0 0 0 0 0 0 0 0 0 0 0 0 0 0 0 0 0 0 0 0 0 0 0 0 0 0 0 0 0 0 0 0 0 0 0 0 0 0 0 0 0 0 0 0 0 0 0 0 0 0 0 0 0 0 0 0 0 0 0 0 0 0 
0 0 0 0 0 0 0 0 0 0 0 0 -0.0147511 -0.0265807 0.0159588 -0.00653329 -0.00497108 0.00616428 0.00743307 -0.000254324 0.000357875 0.000835805 0.000831869 0.00107506 0.0203901 0.0989063 0.0815403 0.10049 0.0765341 0.0134532 0.0743998 0.0304988 0.253237 0.0105217 0.0420983 -0.00338988 0.0222308 0.0137456 -0.0396077 0.00190572 0.00569017 0.0246258 0.00452239 0.0128948 -0.00133266 0.0138478 0.00132942 0.00269507 0 0 0 0 0 0 0 0 0 0 0 0 0 0 0 0 0 0 0 0 0 0 0 0 0 0 0 0 0 0 0 0 0 0 0 0 0 0 0 0 0 0 0 0 0 0 0 0 0 0 0 0 0 0 0 0 0 0 0 0 0 0 0 0 0 0 0 0 0 0 0 0 0 0 0 0 0 0 0 0 0 0 0 0 
0 0 0 0 0 0 0 0 0 0 0 0 -0.00823231 -0.000111061 -0.0142323 -0.0185782 0.0054068 -0.00125687 0.00741195 -0.00217626 0.00306082 0.00209023 -0.00109848 -0.000384459 0.070884 0.0422583 0.0407212 0.040914 0.0434526 0.0525806 0.0287408 0.0513261 0.0105217 0.230115 0.00259982 0.0230032 0.0157027 -0.013114 -0.000861071 -0.0227757 0.00298629 -0.00116581 0.0136349 0.0040326 -0.00955608 0.00889941 0.00423445 0.000836961 0 0 0 0 0 0 0 0 0 0 0 0 0 0 0 0 0 0 0 0 0 0 0 0 0 0 0 0 0 0 0 0 0 0 0 0 0 0 0 0 0 0 0 0 0 0 0 0 0 0 0 0 0 0 0 0 0 0 0 0 0 0 0 0 0 0 0 0 0 0 0 0 0 0 0 0 0 0 0 0 0 0 0 0 
0 0 0 0 0 0 0 0 0 0 0 0 -0.0394127 -0.0064523 0.00877348 0.00505878 0.0014202 0.00598126 -0.00878289 0.0035033 0.00105585 -0.00530262 -0.00269277 -0.000352208 0.0762479 0.0257085 0.0300717 0.0390045 0.0293498 0.0214735 0.0309679 0.0369586 0.0420983 0.00259982 0.175409 -0.00975301 0.0293372 -0.00790381 -0.00605712 0.00702472 0.0120637 0.0162109 0.00521916 0.00633211 -0.000963947 0.00856834 0.00361385 -0.000304057 0 0 0 0 0 0 0 0 0 0 0 0 0 0 0 0 0 0 0 0 0 0 0 0 0 0 0 0 0 0 0 0 0 0 0 0 0 0 0 0 0 0 0 0 0 0 0 0 0 0 0 0 0 0 0 0 0 0 0 0 0 0 0 0 0 0 0 0 0 0 0 0 0 0 0 0 0 0 0 0 0 0 0 0 
0 0 0 0 0 0 0 0 0 0 0 0 -0.0198204 -0.0212182 0.00320742 -0.0216198 -0.0165779 -0.00513091 0.0018018 -0.000456832 -0.00247129 0.000989565 -0.00299118 0.0042561 0.000380541 0.0386225 0.0225753 0.00105636 -0.00336198 0.0410878 0.014223 0.0131793 -0.00338988 0.0230032 -0.00975301 0.141399 0.0564094 -0.0168243 -0.0383654 -0.015572 0.00384399 0.00327515 0.00125298 0.0183419 -0.00420817 0.0115779 -0.0017311 0.00713768 0 0 0 0 0 0 0 0 0 0 0 0 0 0 0 0 0 0 0 0 0 0 0 0 0 0 0 0 0 0 0 0 0 0 0 0 0 0 0 0 0 0 0 0 0 0 0 0 0 0 0 0 0 0 0 0 0 0 0 0 0 0 0 0 0 0 0 0 0 0 0 0 0 0 0 0 0 0 0 0 0 0 0 0 
0 0 0 0 0 0 0 0 0 0 0 0 0 0 0 0 0 0 0 0 0 0 0 0 0.239906 0.202711 0.0970135 0.176906 -0.0464835 0.110798 0.0794227 0.0579897 0.0222308 0.0157027 0.0293372 0.0564094 7.28054 -0.881989 0.191786 0.303114 0.296531 0.095467 0.186041 0.19144 0.215713 0.121841 0.0997067 0.0627292 -0.144694 0.665801 0.11994 0.0713224 -0.172382 0.010768 0.091232 0.081658 0.0598466 0.0327649 0.0706717 -0.0457295 0 0 0 0 0 0 0 0 0 0 0 0 0 0 0 0 0 0 0 0 0 0 0 0 0 0 0 0 0 0 0 0 0 0 0 0 0 0 0 0 0 0 0 0 0 0 0 0 0 0 0 0 0 0 0 0 0 0 0 0 0 0 0 0 0 0 0 0 0 0 0 0 
0 0 0 0 0 0 0 0 0 0 0 0 0 0 0 0 0 0 0 0 0 0 0 0 0.0272708 -0.117231 0.0858681 0.0267247 -0.0243693 -0.0868394 -0.00280021 0.0294116 0.0137456 -0.013114 -0.00790381 -0.0168243 -0.881989 4.66044 -0.297861 0.217756 0.390297 -0.00692445 0.250377 0.0511532 0.12433 0.0807121 0.082944 0.0746561 0.119727 0.00941417 0.113186 -0.0450007 0.010521 -0.0294599 0.0238137 0.0435946 0.0447427 0.0118584 0.0157246 0.0298534 0 0 0 0 0 0 0 0 0 0 0 0 0 0 0 0 0 0 0 0 0 0 0 0 0 0 0 0 0 0 0 0 0 0 0 0 0 0 0 0 0 0 0 0 0 0 0 0 0 0 0 0 0 0 0 0 0 0 0 0 0 0 0 0 0 0 0 0 0 0 0 0 
0 0 0 0 0 0 0 0 0 0 0 0 0 0 0 0 0 0 0 0 0 0 0 0 0.302017 -0.0693156 -0.0635417 -0.0859153 0.0316988 0.0608413 -0.0472416 -0.0318307 -0.0396077 -0.000861071 -0.00605712 -0.0383654 0.191786 -0.297861 3.11201 -0.0234886 0.266051 0.0992388 0.0931813 0.101799 0.103477 0.0422694 0.0378455 -0.00967647 -0.104873 0.137506 0.0265724 -0.00435013 -0.0420291 0.031555 -0.0158676 -0.00110531 -0.0443258 -0.0283594 -0.00868799 -0.00648877 0 0 0 0 0 0 0 0 0 0 0 0 0 0 0 0 0 0 0 0 0 0 0 0 0 0 0 0 0 0 0 0 0 0 0 0 0 0 0 0 0 0 0 0 0 0 0 0 0 0 0 0 0 0 0 0 0 0 0 0 0 0 0 0 0 0 0 0 0 0 0 0 
0 0 0 0 0 0 0 0 0 0 0 0 0 0 0 0 0 0 0 0 0 0 0 0 0.0644085 0.0580654 0.0415641 0.0505946 0.0437545 -0.02581 0.0580539 -0.00591921 0.00190572 -0.0227757 0.00702472 -0.015572 0.303114 0.217756 -0.0234886 2.11116 0.213613 0.168808 0.0946546 0.0680569 0.139949 0.0796399 0.0641306 0.0265444 0.0719713 0.0776398 0.0446329 0.0267104 0.0135369 0.0737344 0.0625309 0.0359537 0.0409802 0.0682161 0.0284109 0.00783025 0 0 0 0 0 0 0 0 0 0 0 0 0 0 0 0 0 0 0 0 0 0 0 0 0 0 0 0 0 0 0 0 0 0 0 0 0 0 0 0 0 0 0 0 0 0 0 0 0 0 0 0 0 0 0 0 0 0 0 0 0 0 0 0 0 0 0 0 0 0 0 0 
0 0 0 0 0 0 0 0 0 0 0 0 0 0 0 0 0 0 0 0 0 0 0 0 0.244062 -0.0484489 0.133219 0.0135614 0.0302381 0.0501601 0.0440152 0.0286029 0.00569017 0.00298629 0.0120637 0.00384399 0.296531 0.390297 0.266051 0.213613 1.46526 -0.0482948 0.1615 0.104959 0.153565 0.0889041 0.0357629 0.0589589 0.123211 -0.0341336 0.0833498 -0.0560144 0.040214 0.00190122 -0.00246954 0.00193438 -0.0165885 0.00204022 0.0153189 -0.0147068 0 0 0 0 0 0 0 0 0 0 0 0 0 0 0 0 0 0 0 0 0 0 0 0 0 0 0 0 0 0 0 0 0 0 0 0 0 0 0 0 0 0 0 0 0 0 0 0 0 0 0 0 0 0 0 0 0 0 0 0 0 0 0 0 0 0 0 0 0 0 0 0 
0 0 0 0 0 0 0 0 0 0 0 0 0 0 0 0 0 0 0 0 0 0 0 0 -0.0512625 0.00914491 0.0799372 0.0418929 0.0466803 0.00349295 -0.00567018 0.00733164 0.0246258 -0.00116581 0.0162109 0.00327515 0.095467 -0.00692445 0.0992388 0.168808 -0.0482948 0.826009 -0.0468386 0.0978768 0.0468168 0.0355061 0.0161837 0.0149478 -0.102493 0.0647559 0.101909 -0.0297489 0.00497011 -0.0111231 0.00227753 -0.0129648 -0.00619836 -0.00331307 0.00297856 -0.00737173 0 0 0 0 0 0 0 0 0 0 0 0 0 0 0 0 0 0 0 0 0 0 0 0 0 0 0 0 0 0 0 0 0 0 0 0 0 0 0 0 0 0 0 0 0 0 0 0 0 0 0 0 0 0 0 0 0 0 0 0 0 0 0 0 0 0 0 0 0 0 0 0 
0 0 0 0 0 0 0 0 0 0 0 0 0 0 0 0 0 0 0 0 0 0 0 0 0.0629772 0.0367668 0.109378 0.0111316 0.0226375 -0.00102172 0.0104113 0.0168111 0.00452239 0.0136349 0.00521916 0.00125298 0.186041 0.250377 0.0931813 0.0946546 0.1615 -0.0468386 0.673402 0.0293854 0.0803999 0.0680111 0.0448262 0.0463919 0.212328 0.106401 0.0805004 -0.0244822 0.0494355 0.050154 0.0289083 0.00513167 0.00105985 0.00414002 0.0110262 0.00697645 0 0 0 0 0 0 0 0 0 0 0 0 0 0 0 0 0 0 0 0 0 0 0 0 0 0 0 0 0 0 0 0 0 0 0 0 0 0 0 0 0 0 0 0 0 0 0 0 0 0 0 0 0 0 0 0 0 0 0 0 0 0 0 0 0 0 0 0 0 0 0 0 
0 0 0 0 0 0 0 0 0 0 0 0 0 0 0 0 0 0 0 0 0 0 0 0 0.0502538 0.0230102 0.0388213 0.0255065 0.0449314 0.0065209 0.00896685 0.0144031 0.0128948 0.0040326 0.00633211 0.0183419 0.19144 0.0511532 0.101799 0.0680569 0.104959 0.0978768 0.0293854 0.442604 0.0269274 0.0434451 0.0118991 0.013397 0.0160881 -0.012564 0.106547 0.0245099 0.011306 0.0559323 0.0233881 0.0209218 0.021072 0.00368353 0.0156757 0.00377098 0 0 0 0 0 0 0 0 0 0 0 0 0 0 0 0 0 0 0 0 0 0 0 0 0 0 0 0 0 0 0 0 0 0 0 0 0 0 0 0 0 0 0 0 0 0 0 0 0 0 0 0 0 0 0 0 0 0 0 0 0 0 0 0 0 0 0 0 0 0 0 0 
0 0 0 0 0 0 0 0 0 0 0 0 0 0 0 0 0 0 0 0 0 0 0 0 0.0102994 -0.0365102 0.0413955 0.0106051 -0.0127792 0.013548 0.017173 0.0145005 -0.00133266 -0.00955608 -0.000963947 -0.00420817 0.215713 0.12433 0.103477 0.139949 0.153565 0.0468168 0.0803999 0.0269274 0.387308 0.00710527 0.0401624 0.0253581 -0.0846812 -0.00204805 0.0321825 -0.0344754 0.00406506 -0.006529 0.00836736 0.00183538 -0.00655697 0.000405875 0.0124925 -0.008071 0 0 0 0 0 0 0 0 0 0 0 0 0 0 0 0 0 0 0 0 0 0 0 0 0 0 0 0 0 0 0 0 0 0 0 0 0 0 0 0 0 0 0 0 0 0 0 0 0 0 0 0 0 0 0 0 0 0 0 0 0 0 0 0 0 0 0 0 0 0 0 0 
0 0 0 0 0 0 0 0 0 0 0 0 0 0 0 0 0 0 0 0 0 0 0 0 0.0294495 0.0446955 0.0480387 0.0191142 0.0330798 0.0118225 0.00579526 0.00872473 0.0138478 0.00889941 0.00856834 0.0115779 0.121841 0.0807121 0.0422694 0.0796399 0.0889041 0.0355061 0.0680111 0.0434451 0.00710527 0.231651 0.00440696 0.0234378 0.0177712 0.0501127 0.0534601 0.0117265 0.0101879 -0.0112467 0.0012328 0.00891338 0.00867038 0.00700435 0.00164509 0.00404536 0 0 0 0 0 0 0 0 0 0 0 0 0 0 0 0 0 0 0 0 0 0 0 0 0 0 0 0 0 0 0 0 0 0 0 0 0 0 0 0 0 0 0 0 0 0 0 0 0 0 0 0 0 0 0 0 0 0 0 0 0 0 0 0 0 0 0 0 0 0 0 0 
0 0 0 0 0 0 0 0 0 0 0 0 0 0 0 0 0 0 0 0 0 0 0 0 -0.0143697 -0.00916034 0.019992 0.0329081 -0.00322169 -0.00422237 0.0155076 0.0133682 0.00132942 0.00423445 0.00361385 -0.0017311 0.0997067 0.082944 0.0378455 0.0641306 0.0357629 0.0161837 0.0448262 0.0118991 0.0401624 0.00440696 0.181704 0.0165776 -0.00124421 0.0115271 -0.0279241 0.00204309 -0.0288749 0.0193362 0.00371461 0.0239982 -0.00267789 -0.00118044 -0.000731036 0.00448703 0 0 0 0 0 0 0 0 0 0 0 0 0 0 0 0 0 0 0 0 0 0 0 0 0 0 0 0 0 0 0 0 0 0 0 0 0 0 0 0 0 0 0 0 0 0 0 0 0 0 0 0 0 0 0 0 0 0 0 0 0 0 0 0 0 0 0 0 0 0 0 0 
0 0 0 0 0 0 0 0 0 0 0 0 0 0 0 0 0 0 0 0 0 0 0 0 0.00231156 0.0158532 0.00384174 0.0166864 -0.00512029 0.00759351 -0.000857366 0.0148113 0.00269507 0.000836961 -0.000304057 0.00713768 0.0627292 0.0746561 -0.00967647 0.0265444 0.0589589 0.0149478 0.0463919 0.013397 0.0253581 0.0234378 0.0165776 0.137369 0.000454779 0.0205234 0.00766486 -0.020547 -0.00250221 -0.00494486 -0.00201357 0.00171075 0.00144145 0.00996024 -0.00322826 -0.0039386 0 0 0 0 0 0 0 0 0 0 0 0 0 0 0 0 0 0 0 0 0 0 0 0 0 0 0 0 0 0 0 0 0 0 0 0 0 0 0 0 0 0 0 0 0 0 0 0 0 0 0 0 0 0 0 0 0 0 0 0 0 0 0 0 0 0 0 0 0 0 0 0 
0 0 0 0 0 0 0 0 0 0 0 0 0 0 0 0 0 0 0 0 0 0 0 0 0 0 0 0 0 0 0 0 0 0 0 0 -0.144694 0.119727 -0.104873 0.0719713 0.123211 -0.102493 0.212328 0.0160881 -0.0846812 0.0177712 -0.00124421 0.000454779 13.4995 -1.49104 0.737621 0.977622 0.384344 0.206463 0.43827 0.16044 0.249293 0.0523554 0.050268 0.0825591 0.545645 -0.383202 -0.715543 -0.392796 0.255554 -0.237263 0.119736 0.00985963 0.0055176 -0.0681262 0.0706283 -0.021501 0 0 0 0 0 0 0 0 0 0 0 0 0 0 0 0 0 0 0 0 0 0 0 0 0 0 0 0 0 0 0 0 0 0 0 0 0 0 0 0 0 0 0 0 0 0 0 0 0 0 0 0 0 0 0 0 0 0 0 0 
0 0 0 0 0 0 0 0 0 0 0 0 0 0 0 0 0 0 0 0 0 0 0 0 0 0 0 0 0 0 0 0 0 0 0 0 0.665801 0.00941417 0.137506 0.0776398 -0.0341336 0.0647559 0.106401 -0.012564 -0.00204805 0.0501127 0.0115271 0.0205234 -1.49104 8.00277 0.345402 0.333898 0.259598 0.255214 0.28731 0.148913 0.257118 0.0721616 0.0835131 0.177543 -0.500961 0.444494 -0.118213 0.0641494 0.167584 -0.0886686 -0.0298724 0.0520847 -0.0146273 -0.0105002 -0.0408234 -0.0492208 0 0 0 0 0 0 0 0 0 0 0 0 0 0 0 0 0 0 0 0 0 0 0 0 0 0 0 0 0 0 0 0 0 0 0 0 0 0 0 0 0 0 0 0 0 0 0 0 0 0 0 0 0 0 0 0 0 0 0 0 
0 0 0 0 0 0 0 0 0 0 0 0 0 0 0 0 0 0 0 0 0 0 0 0 0 0 0 0 0 0 0 0 0 0 0 0 0.11994 0.113186 0.0265724 0.0446329 0.0833498 0.101909 0.0805004 0.106547 0.0321825 0.0534601 -0.0279241 0.00766486 0.737621 0.345402 6.98768 -0.281538 0.766566 0.163943 0.215878 0.170476 0.19206 0.142381 0.171906 0.0242916 0.0617236 0.290489 0.355363 0.199992 0.285726 0.140233 0.169721 0.127975 0.157423 0.0117329 0.142963 0.0964521 0 0 0 0 0 0 0 0 0 0 0 0 0 0 0 0 0 0 0 0 0 0 0 0 0 0 0 0 0 0 0 0 0 0 0 0 0 0 0 0 0 0 0 0 0 0 0 0 0 0 0 0 0 0 0 0 0 0 0 0 
0 0 0 0 0 0 0 0 0 0 0 0 0 0 0 0 0 0 0 0 0 0 0 0 0 0 0 0 0 0 0 0 0 0 0 0 0.0713224 -0.0450007 -0.00435013 0.0267104 -0.0560144 -0.0297489 -0.0244822 0.0245099 -0.0344754 0.0117265 0.00204309 -0.020547 0.977622 0.333898 -0.281538 4.64431 0.200227 0.115367 0.160661 0.11791 0.0488602 0.147919 0.0571118 -0.0220716 0.38811 -0.187123 -0.0763953 -0.0954788 0.0533624 -0.023199 0.00163124 -0.0146177 0.101701 0.0378275 0.0343207 0.026488 0 0 0 0 0 0 0 0 0 0 0 0 0 0 0 0 0 0 0 0 0 0 0 0 0 0 0 0 0 0 0 0 0 0 0 0 0 0 0 0 0 0 0 0 0 0 0 0 0 0 0 0 0 0 0 0 0 0 0 0 
0 0 0 0 0 0 0 0 0 0 0 0 0 0 0 0 0 0 0 0 0 0 0 0 0 0 0 0 0 0 0 0 0 0 0 0 -0.172382 0.010521 -0.0420291 0.0135369 0.040214 0.00497011 0.0494355 0.011306 0.00406506 0.0101879 -0.0288749 -0.00250221 0.384344 0.259598 0.766566 0.200227 2.88674 -0.181723 0.0931231 0.158636 0.0471701 0.184886 0.0655796 0.0796276 -0.169928 -0.157146 0.0987514 0.122765 -0.108683 0.0486018 0.0810096 0.0028496 0.0449454 -0.012937 0.052686 -0.0626741 0 0 0 0 0 0 0 0 0 0 0 0 0 0 0 0 0 0 0 0 0 0 0 0 0 0 0 0 0 0 0 0 0 0 0 0 0 0 0 0 0 0 0 0 0 0 0 0 0 0 0 0 0 0 0 0 0 0 0 0 
0 0 0 0 0 0 0 0 0 0 0 0 0 0 0 0 0 0 0 0 0 0 0 0 0 0 0 0 0 0 0 0 0 0 0 0 0.010768 -0.0294599 0.031555 0.0737344 0.00190122 -0.0111231 0.050154 0.0559323 -0.006529 -0.0112467 0.0193362 -0.00494486 0.206463 0.255214 0.163943 0.115367 -0.181723 1.41313 0.125504 0.127588 0.16367 0.0562897 0.0856817 0.0571478 0.162038 0.159735 -0.099187 0.068324 0.105743 0.0615329 -0.0580749 0.0822004 0.0444734 -0.0124776 0.00718565 0.0363325 0 0 0 0 0 0 0 0 0 0 0 0 0 0 0 0 0 0 0 0 0 0 0 0 0 0 0 0 0 0 0 0 0 0 0 0 0 0 0 0 0 0 0 0 0 0 0 0 0 0 0 0 0 0 0 0 0 0 0 0 
0 0 0 0 0 0 0 0 0 0 0 0 0 0 0 0 0 0 0 0 0 0 0 0 0 0 0 0 0 0 0 0 0 0 0 0 0.091232 0.0238137 -0.0158676 0.0625309 -0.00246954 0.00227753 0.0289083 0.0233881 0.00836736 0.0012328 0.00371461 -0.00201357 0.43827 0.28731 0.215878 0.160661 0.0931231 0.125504 1.12836 0.0342705 0.0328889 0.113257 0.0817419 0.0534435 0.257188 0.0725106 0.170817 -0.155096 -0.0312673 -0.0333194 0.0215892 0.0701128 0.0120947 0.0100891 -0.008635 -0.00888632 0 0 0 0 0 0 0 0 0 0 0 0 0 0 0 0 0 0 0 0 0 0 0 0 0 0 0 0 0 0 0 0 0 0 0 0 0 0 0 0 0 0 0 0 0 0 0 0 0 0 0 0 0 0 0 0 0 0 0 0 
0 0 0 0 0 0 0 0 0 0 0 0 0 0 0 0 0 0 0 0 0 0 0 0 0 0 0 0 0 0 0 0 0 0 0 0 0.081658 0.0435946 -0.00110531 0.0359537 0.00193438 -0.0129648 0.00513167 0.0209218 0.00183538 0.00891338 0.0239982 0.00171075 0.16044 0.148913 0.170476 0.11791 0.158636 0.127588 0.0342705 0.643056 0.0457739 0.0918469 0.0333467 0.0185677 0.14903 0.111145 -0.0725474 0.0202627 -0.015347 0.0272801 0.0458845 -0.0359402 0.036144 0.0118907 0.019496 0.00213471 0 0 0 0 0 0 0 0 0 0 0 0 0 0 0 0 0 0 0 0 0 0 0 0 0 0 0 0 0 0 0 0 0 0 0 0 0 0 0 0 0 0 0 0 0 0 0 0 0 0 0 0 0 0 0 0 0 0 0 0 
0 0 0 0 0 0 0 0 0 0 0 0 0 0 0 0 0 0 0 0 0 0 0 0 0 0 0 0 0 0 0 0 0 0 0 0 0.0598466 0.0447427 -0.0443258 0.0409802 -0.0165885 -0.00619836 0.00105985 0.021072 -0.00655697 0.00867038 -0.00267789 0.00144145 0.249293 0.257118 0.19206 0.0488602 0.0471701 0.16367 0.0328889 0.0457739 0.56787 0.0242418 0.0479844 0.0364471 -0.154911 -0.0070864 -0.0184353 -0.0792644 0.0735286 0.00726622 0.0207641 -0.0102723 0.0141597 -0.0183331 0.0243021 0.0173888 0 0 0 0 0 0 0 0 0 0 0 0 0 0 0 0 0 0 0 0 0 0 0 0 0 0 0 0 0 0 0 0 0 0 0 0 0 0 0 0 0 0 0 0 0 0 0 0 0 0 0 0 0 0 0 0 0 0 0 0 
0 0 0 0 0 0 0 0 0 0 0 0 0 0 0 0 0 0 0 0 0 0 0 0 0 0 0 0 0 0 0 0 0 0 0 0 0.0327649 0.0118584 -0.0283594 0.0682161 0.00204022 -0.00331307 0.00414002 0.00368353 0.000405875 0.00700435 -0.00118044 0.00996024 0.0523554 0.0721616 0.142381 0.147919 0.184886 0.0562897 0.113257 0.0918469 0.0242418 0.44326 0.0577548 0.0294405 -0.067647 -0.00196951 0.0390482 -0.0415533 0.0454703 -0.00760176 0.0280368 0.00782544 -0.00706294 -0.0243766 0.00261788 0.0158446 0 0 0 0 0 0 0 0 0 0 0 0 0 0 0 0 0 0 0 0 0 0 0 0 0 0 0 0 0 0 0 0 0 0 0 0 0 0 0 0 0 0 0 0 0 0 0 0 0 0 0 0 0 0 0 0 0 0 0 0 
0 0 0 0 0 0 0 0 0 0 0 0 0 0 0 0 0 0 0 0 0 0 0 0 0 0 0 0 0 0 0 0 0 0 0 0 0.0706717 0.0157246 -0.00868799 0.0284109 0.0153189 0.00297856 0.0110262 0.0156757 0.0124925 0.00164509 -0.000731036 -0.00322826 0.050268 0.0835131 0.171906 0.0571118 0.0655796 0.0856817 0.0817419 0.0333467 0.0479844 0.0577548 0.280187 0.0389818 -0.0237439 0.0266282 0.0297874 -0.0154869 0.0623302 -0.0261964 -0.0102257 0.0113263 0.00346556 -0.00661509 0.00298936 0.0144597 0 0 0 0 0 0 0 0 0 0 0 0 0 0 0 0 0 0 0 0 0 0 0 0 0 0 0 0 0 0 0 0 0 0 0 0 0 0 0 0 0 0 0 0 0 0 0 0 0 0 0 0 0 0 0 0 0 0 0 0 
0 0 0 0 0 0 0 0 0 0 0 0 0 0 0 0 0 0 0 0 0 0 0 0 0 0 0 0 0 0 0 0 0 0 0 0 -0.0457295 0.0298534 -0.00648877 0.00783025 -0.0147068 -0.00737173 0.00697645 0.00377098 -0.008071 0.00404536 0.00448703 -0.0039386 0.0825591 0.177543 0.0242916 -0.0220716 0.0796276 0.0571478 0.0534435 0.0185677 0.0364471 0.0294405 0.0389818 0.230239 -0.0497502 0.0571861 -0.00261055 0.00196978 0.000217328 -0.014442 0.0146488 -0.0010268 -0.00202836 -0.00985741 -0.00299416 0.00120815 0 0 0 0 0 0 0 0 0 0 0 0 0 0 0 0 0 0 0 0 0 0 0 0 0 0 0 0 0 0 0 0 0 0 0 0 0 0 0 0 0 0 0 0 0 0 0 0 0 0 0 0 0 0 0 0 0 0 0 0 
0 0 0 0 0 0 0 0 0 0 0 0 0 0 0 0 0 0 0 0 0 0 0 0 0 0 0 0 0 0 0 0 0 0 0 0 0 0 0 0 0 0 0 0 0 0 0 0 0.545645 -0.500961 0.0617236 0.38811 -0.169928 0.162038 0.257188 0.14903 -0.154911 -0.067647 -0.0237439 -0.0497502 24.1696 -2.93979 1.62456 1.07064 0.721541 0.315096 0.571963 0.059828 0.44576 0.474938 0.394036 0.389979 1.19032 -0.119734 0.557732 0.895697 0.894079 -0.0991303 -0.0191956 0.298852 -0.184447 0.289898 0.187714 -0.0833906 0 0 0 0 0 0 0 0 0 0 0 0 0 0 0 0 0 0 0 0 0 0 0 0 0 0 0 0 0 0 0 0 0 0 0 0 0 0 0 0 0 0 0 0 0 0 0 0 
0 0 0 0 0 0 0 0 0 0 0 0 0 0 0 0 0 0 0 0 0 0 0 0 0 0 0 0 0 0 0 0 0 0 0 0 0 0 0 0 0 0 0 0 0 0 0 0 -0.383202 0.444494 0.290489 -0.187123 -0.157146 0.159735 0.0725106 0.111145 -0.0070864 -0.00196951 0.0266282 0.0571861 -2.93979 16.688 -1.72413 1.43878 0.45414 0.0946015 0.430457 0.139369 0.475378 0.15401 0.103438 0.255492 0.159044 1.36892 -0.116311 0.297214 -0.304747 0.304068 0.433773 -0.160268 0.127473 0.0384986 0.0680962 0.139227 0 0 0 0 0 0 0 0 0 0 0 0 0 0 0 0 0 0 0 0 0 0 0 0 0 0 0 0 0 0 0 0 0 0 0 0 0 0 0 0 0 0 0 0 0 0 0 0 
0 0 0 0 0 0 0 0 0 0 0 0 0 0 0 0 0 0 0 0 0 0 0 0 0 0 0 0 0 0 0 0 0 0 0 0 0 0 0 0 0 0 0 0 0 0 0 0 -0.715543 -0.118213 0.355363 -0.0763953 0.0987514 -0.099187 0.170817 -0.0725474 -0.0184353 0.0390482 0.0297874 -0.00261055 1.62456 -1.72413 10.552 0.0144647 0.823399 0.474656 0.592367 0.371432 0.166176 0.223663 0.338149 0.128157 0.0599222 -0.147658 -0.692757 0.450547 0.0744782 0.450981 -0.285978 0.0939245 0.229426 0.221359 0.0346236 0.0659889 0 0 0 0 0 0 0 0 0 0 0 0 0 0 0 0 0 0 0 0 0 0 0 0 0 0 0 0 0 0 0 0 0 0 0 0 0 0 0 0 0 0 0 0 0 0 0 0 
0 0 0 0 0 0 0 0 0 0 0 0 0 0 0 0 0 0 0 0 0 0 0 0 0 0 0 0 0 0 0 0 0 0 0 0 0 0 0 0 0 0 0 0 0 0 0 0 -0.392796 0.0641494 0.199992 -0.0954788 0.122765 0.068324 -0.155096 0.0202627 -0.0792644 -0.0415533 -0.0154869 0.00196978 1.07064 1.43878 0.0144647 6.51766 0.409283 0.423167 0.123638 0.152083 0.253728 0.258027 0.0436517 -0.0214783 0.722809 0.0938765 0.48892 0.408507 0.0795167 -0.0958177 0.482088 0.146894 0.0701861 0.0190232 0.0232132 -0.0304618 0 0 0 0 0 0 0 0 0 0 0 0 0 0 0 0 0 0 0 0 0 0 0 0 0 0 0 0 0 0 0 0 0 0 0 0 0 0 0 0 0 0 0 0 0 0 0 0 
0 0 0 0 0 0 0 0 0 0 0 0 0 0 0 0 0 0 0 0 0 0 0 0 0 0 0 0 0 0 0 0 0 0 0 0 0 0 0 0 0 0 0 0 0 0 0 0 0.255554 0.167584 0.285726 0.0533624 -0.108683 0.105743 -0.0312673 -0.015347 0.0735286 0.0454703 0.0623302 0.000217328 0.721541 0.45414 0.823399 0.409283 5.30713 0.0704412 0.516167 0.518189 0.149475 0.0589151 0.126619 0.0905226 -0.93064 0.214871 -0.356678 0.0938285 0.243466 0.13404 0.0952602 -0.126025 0.135088 0.0494326 -0.0330128 -0.194543 0 0 0 0 0 0 0 0 0 0 0 0 0 0 0 0 0 0 0 0 0 0 0 0 0 0 0 0 0 0 0 0 0 0 0 0 0 0 0 0 0 0 0 0 0 0 0 0 
0 0 0 0 0 0 0 0 0 0 0 0 0 0 0 0 0 0 0 0 0 0 0 0 0 0 0 0 0 0 0 0 0 0 0 0 0 0 0 0 0 0 0 0 0 0 0 0 -0.237263 -0.0886686 0.140233 -0.023199 0.0486018 0.0615329 -0.0333194 0.0272801 0.00726622 -0.00760176 -0.0261964 -0.014442 0.315096 0.0946015 0.474656 0.423167 0.0704412 2.33406 0.00376799 0.139355 0.124686 0.187375 0.0464777 0.0386826 0.143269 0.226134 0.0227008 0.139778 -0.179592 0.0774934 0.111693 0.0754301 0.0153664 0.0376167 0.031477 0.0430078 0 0 0 0 0 0 0 0 0 0 0 0 0 0 0 0 0 0 0 0 0 0 0 0 0 0 0 0 0 0 0 0 0 0 0 0 0 0 0 0 0 0 0 0 0 0 0 0 
0 0 0 0 0 0 0 0 0 0 0 0 0 0 0 0 0 0 0 0 0 0 0 0 0 0 0 0 0 0 0 0 0 0 0 0 0 0 0 0 0 0 0 0 0 0 0 0 0.119736 -0.0298724 0.169721 0.00163124 0.0810096 -0.0580749 0.0215892 0.0458845 0.0207641 0.0280368 -0.0102257 0.0146488 0.571963 0.430457 0.592367 0.123638 0.516167 0.00376799 1.97721 -0.00666785 0.111091 0.0332788 0.108762 0.0833417 -0.259071 0.193369 0.130798 0.0238914 0.175115 0.0320906 0.0268607 0.0657367 -0.00552456 0.0380553 0.0407642 0.0149378 0 0 0 0 0 0 0 0 0 0 0 0 0 0 0 0 0 0 0 0 0 0 0 0 0 0 0 0 0 0 0 0 0 0 0 0 0 0 0 0 0 0 0 0 0 0 0 0 
0 0 0 0 0 0 0 0 0 0 0 0 0 0 0 0 0 0 0 0 0 0 0 0 0 0 0 0 0 0 0 0 0 0 0 0 0 0 0 0 0 0 0 0 0 0 0 0 0.00985963 0.0520847 0.127975 -0.0146177 0.0028496 0.0822004 0.0701128 -0.0359402 -0.0102723 0.00782544 0.0113263 -0.0010268 0.059828 0.139369 0.371432 0.152083 0.518189 0.139355 -0.00666785 1.41561 0.123942 0.167511 0.0392179 0.10512 -0.25287 0.154516 0.051137 0.0664409 -0.108706 0.0113988 0.214757 0.0430948 0.049458 0.0194894 0.00179052 0.0217397 0 0 0 0 0 0 0 0 0 0 0 0 0 0 0 0 0 0 0 0 0 0 0 0 0 0 0 0 0 0 0 0 0 0 0 0 0 0 0 0 0 0 0 0 0 0 0 0 
0 0 0 0 0 0 0 0 0 0 0 0 0 0 0 0 0 0 0 0 0 0 0 0 0 0 0 0 0 0 0 0 0 0 0 0 0 0 0 0 0 0 0 0 0 0 0 0 0.0055176 -0.0146273 0.157423 0.101701 0.0449454 0.0444734 0.0120947 0.036144 0.0141597 -0.00706294 0.00346556 -0.00202836 0.44576 0.475378 0.166176 0.253728 0.149475 0.124686 0.111091 0.123942 0.907496 0.0573801 0.105333 0.0723033 0.486734 0.243742 0.032842 0.136086 0.134936 0.0242493 0.192001 0.0150295 0.00328669 0.120276 0.0067055 0.017405 0 0 0 0 0 0 0 0 0 0 0 0 0 0 0 0 0 0 0 0 0 0 0 0 0 0 0 0 0 0 0 0 0 0 0 0 0 0 0 0 0 0 0 0 0 0 0 0 
0 0 0 0 0 0 0 0 0 0 0 0 0 0 0 0 0 0 0 0 0 0 0 0 0 0 0 0 0 0 0 0 0 0 0 0 0 0 0 0 0 0 0 0 0 0 0 0 -0.0681262 -0.0105002 0.0117329 0.0378275 -0.012937 -0.0124776 0.0100891 0.0118907 -0.0183331 -0.0243766 -0.00661509 -0.00985741 0.474938 0.15401 0.223663 0.258027 0.0589151 0.187375 0.0332788 0.167511 0.0573801 0.700844 0.079479 0.0539235 0.0458115 0.230202 0.138956 -0.0517531 0.0111944 0.0849085 0.101465 0.0491602 0.00892306 0.0284561 0.0381545 0.0371398 0 0 0 0 0 0 0 0 0 0 0 0 0 0 0 0 0 0 0 0 0 0 0 0 0 0 0 0 0 0 0 0 0 0 0 0 0 0 0 0 0 0 0 0 0 0 0 0 
0 0 0 0 0 0 0 0 0 0 0 0 0 0 0 0 0 0 0 0 0 0 0 0 0 0 0 0 0 0 0 0 0 0 0 0 0 0 0 0 0 0 0 0 0 0 0 0 0.0706283 -0.0408234 0.142963 0.0343207 0.052686 0.00718565 -0.008635 0.019496 0.0243021 0.00261788 0.00298936 -0.00299416 0.394036 0.103438 0.338149 0.0436517 0.126619 0.0464777 0.108762 0.0392179 0.105333 0.079479 0.512016 0.086298 0.0316636 0.0262445 -0.0164187 0.0614402 -0.0303165 0.0556484 0.0470621 -0.000529617 0.00863548 0.0222736 0.0048107 0.000312436 0 0 0 0 0 0 0 0 0 0 0 0 0 0 0 0 0 0 0 0 0 0 0 0 0 0 0 0 0 0 0 0 0 0 0 0 0 0 0 0 0 0 0 0 0 0 0 0 
0 0 0 0 0 0 0 0 0 0 0 0 0 0 0 0 0 0 0 0 0 0 0 0 0 0 0 0 0 0 0 0 0 0 0 0 0 0 0 0 0 0 0 0 0 0 0 0 -0.021501 -0.0492208 0.0964521 0.026488 -0.0626741 0.0363325 -0.00888632 0.00213471 0.0173888 0.0158446 0.0144597 0.00120815 0.389979 0.255492 0.128157 -0.0214783 0.0905226 0.0386826 0.0833417 0.10512 0.0723033 0.0539235 0.086298 0.447499 -0.111228 0.1223 0.0380068 0.0399382 -0.0193363 0.0305565 0.0124144 4.79176e-05 0.0152617 0.0337184 -0.0204469 0.0262759 0 0 0 0 0 0 0 0 0 0 0 0 0 0 0 0 0 0 0 0 0 0 0 0 0 0 0 0 0 0 0 0 0 0 0 0 0 0 0 0 0 0 0 0 0 0 0 0 
0 0 0 0 0 0 0 0 0 0 0 0 0 0 0 0 0 0 0 0 0 0 0 0 0 0 0 0 0 0 0 0 0 0 0 0 0 0 0 0 0 0 0 0 0 0 0 0 0 0 0 0 0 0 0 0 0 0 0 0 1.19032 0.159044 0.0599222 0.722809 -0.93064 0.143269 -0.259071 -0.25287 0.486734 0.0458115 0.0316636 -0.111228 33.7564 -8.39336 3.23422 0.402317 0.776473 0.975632 0.135235 1.1875 0.402245 0.990871 0.233135 0.249635 1.77813 1.42633 0.458901 0.356764 0.505501 -0.208167 -0.403024 0.0962298 -0.243711 0.602121 0.213381 0.36469 0 0 0 0 0 0 0 0 0 0 0 0 0 0 0 0 0 0 0 0 0 0 0 0 0 0 0 0 0 0 0 0 0 0 0 0 
0 0 0 0 0 0 0 0 0 0 0 0 0 0 0 0 0 0 0 0 0 0 0 0 0 0 0 0 0 0 0 0 0 0 0 0 0 0 0 0 0 0 0 0 0 0 0 0 0 0 0 0 0 0 0 0 0 0 0 0 -0.119734 1.36892 -0.147658 0.0938765 0.214871 0.226134 0.193369 0.154516 0.243742 0.230202 0.0262445 0.1223 -8.39336 28.0496 -2.54644 4.22234 0.254134 0.131113 0.515333 -0.500271 -0.418623 -0.12759 0.378441 -0.130324 2.17846 -1.35464 -0.446127 1.13701 1.45451 0.171704 0.531497 0.100987 0.634385 -0.00172752 0.157061 0.240873 0 0 0 0 0 0 0 0 0 0 0 0 0 0 0 0 0 0 0 0 0 0 0 0 0 0 0 0 0 0 0 0 0 0 0 0 
0 0 0 0 0 0 0 0 0 0 0 0 0 0 0 0 0 0 0 0 0 0 0 0 0 0 0 0 0 0 0 0 0 0 0 0 0 0 0 0 0 0 0 0 0 0 0 0 0 0 0 0 0 0 0 0 0 0 0 0 0.557732 -0.116311 -0.692757 0.48892 -0.356678 0.0227008 0.130798 0.051137 0.032842 0.138956 -0.0164187 0.0380068 3.23422 -2.54644 15.2822 -1.10804 0.704661 -0.284696 0.946068 0.201823 0.638209 0.207219 -0.0405686 0.124157 1.42299 -0.167073 -1.08817 0.837555 0.494242 -0.594247 0.352382 0.349887 0.152317 0.128459 0.07841 0.063733 0 0 0 0 0 0 0 0 0 0 0 0 0 0 0 0 0 0 0 0 0 0 0 0 0 0 0 0 0 0 0 0 0 0 0 0 
0 0 0 0 0 0 0 0 0 0 0 0 0 0 0 0 0 0 0 0 0 0 0 0 0 0 0 0 0 0 0 0 0 0 0 0 0 0 0 0 0 0 0 0 0 0 0 0 0 0 0 0 0 0 0 0 0 0 0 0 0.895697 0.297214 0.450547 0.408507 0.0938285 0.139778 0.0238914 0.0664409 0.136086 -0.0517531 0.0614402 0.0399382 0.402317 4.22234 -1.10804 11.3894 0.628599 0.944035 0.667856 0.43102 0.283012 0.454357 0.289806 0.272827 1.18085 0.869521 -0.514103 0.0709701 0.0137432 0.486608 0.132808 0.0134162 0.208572 -0.0159915 0.0573294 0.150977 0 0 0 0 0 0 0 0 0 0 0 0 0 0 0 0 0 0 0 0 0 0 0 0 0 0 0 0 0 0 0 0 0 0 0 0 
0 0 0 0 0 0 0 0 0 0 0 0 0 0 0 0 0 0 0 0 0 0 0 0 0 0 0 0 0 0 0 0 0 0 0 0 0 0 0 0 0 0 0 0 0 0 0 0 0 0 0 0 0 0 0 0 0 0 0 0 0.894079 -0.304747 0.0744782 0.0795167 0.243466 -0.179592 0.175115 -0.108706 0.134936 0.0111944 -0.0303165 -0.0193363 0.776473 0.254134 0.704661 0.628599 8.03253 0.158167 0.27475 0.224968 0.456264 0.640124 0.279236 0.161772 -0.309671 0.677961 -0.104279 -0.294776 -0.419476 -0.170217 -0.568546 -0.133979 -0.133793 -0.0640776 0.0452297 -0.121088 0 0 0 0 0 0 0 0 0 0 0 0 0 0 0 0 0 0 0 0 0 0 0 0 0 0 0 0 0 0 0 0 0 0 0 0 
0 0 0 0 0 0 0 0 0 0 0 0 0 0 0 0 0 0 0 0 0 0 0 0 0 0 0 0 0 0 0 0 0 0 0 0 0 0 0 0 0 0 0 0 0 0 0 0 0 0 0 0 0 0 0 0 0 0 0 0 -0.0991303 0.304068 0.450981 -0.0958177 0.13404 0.0774934 0.0320906 0.0113988 0.0242493 0.0849085 0.0556484 0.0305565 0.975632 0.131113 -0.284696 0.944035 0.158167 4.82329 -0.0703788 0.00314272 0.128425 0.510911 0.183686 0.191112 0.656116 0.371121 -0.377012 0.207759 -0.499237 0.65359 -0.197682 0.0858328 -0.043354 0.0577484 0.0715793 -0.0162016 0 0 0 0 0 0 0 0 0 0 0 0 0 0 0 0 0 0 0 0 0 0 0 0 0 0 0 0 0 0 0 0 0 0 0 0 
0 0 0 0 0 0 0 0 0 0 0 0 0 0 0 0 0 0 0 0 0 0 0 0 0 0 0 0 0 0 0 0 0 0 0 0 0 0 0 0 0 0 0 0 0 0 0 0 0 0 0 0 0 0 0 0 0 0 0 0 -0.0191956 0.433773 -0.285978 0.482088 0.0952602 0.111693 0.0268607 0.214757 0.192001 0.101465 0.0470621 0.0124144 0.135235 0.515333 0.946068 0.667856 0.27475 -0.0703788 2.97577 0.118904 0.202156 0.330459 0.230581 0.122772 0.174382 0.136388 -0.139039 0.186639 -0.0132306 0.0866672 0.274115 -0.00677406 0.00391116 -0.0777725 0.143186 -0.0264537 0 0 0 0 0 0 0 0 0 0 0 0 0 0 0 0 0 0 0 0 0 0 0 0 0 0 0 0 0 0 0 0 0 0 0 0 
0 0 0 0 0 0 0 0 0 0 0 0 0 0 0 0 0 0 0 0 0 0 0 0 0 0 0 0 0 0 0 0 0 0 0 0 0 0 0 0 0 0 0 0 0 0 0 0 0 0 0 0 0 0 0 0 0 0 0 0 0.298852 -0.160268 0.0939245 0.146894 -0.126025 0.0754301 0.0657367 0.0430948 0.0150295 0.0491602 -0.000529617 4.79176e-05 1.1875 -0.500271 0.201823 0.43102 0.224968 0.00314272 0.118904 2.05583 0.0793825 0.210009 0.205664 0.257142 -0.538013 -0.113767 -0.0920345 0.180771 -0.0943657 0.200596 0.0317 0.0921681 -0.0768309 -0.0592248 0.0114843 -0.0804744 0 0 0 0 0 0 0 0 0 0 0 0 0 0 0 0 0 0 0 0 0 0 0 0 0 0 0 0 0 0 0 0 0 0 0 0 
0 0 0 0 0 0 0 0 0 0 0 0 0 0 0 0 0 0 0 0 0 0 0 0 0 0 0 0 0 0 0 0 0 0 0 0 0 0 0 0 0 0 0 0 0 0 0 0 0 0 0 0 0 0 0 0 0 0 0 0 -0.184447 0.127473 0.229426 0.0701861 0.135088 0.0153664 -0.00552456 0.049458 0.00328669 0.00892306 0.00863548 0.0152617 0.402245 -0.418623 0.638209 0.283012 0.456264 0.128425 0.202156 0.0793825 1.43177 0.0612441 0.091363 0.178831 -0.173959 0.336287 0.0504048 0.506305 -0.0274774 0.064149 0.091924 0.115399 0.158339 0.115498 -0.00135355 0.0934707 0 0 0 0 0 0 0 0 0 0 0 0 0 0 0 0 0 0 0 0 0 0 0 0 0 0 0 0 0 0 0 0 0 0 0 0 
0 0 0 0 0 0 0 0 0 0 0 0 0 0 0 0 0 0 0 0 0 0 0 0 0 0 0 0 0 0 0 0 0 0 0 0 0 0 0 0 0 0 0 0 0 0 0 0 0 0 0 0 0 0 0 0 0 0 0 0 0.289898 0.0384986 0.221359 0.0190232 0.0494326 0.0376167 0.0380553 0.0194894 0.120276 0.0284561 0.0222736 0.0337184 0.990871 -0.12759 0.207219 0.454357 0.640124 0.510911 0.330459 0.210009 0.0612441 1.36024 0.155408 0.169569 -0.17584 0.649404 0.104011 -0.181279 -0.232183 0.125092 -0.122967 -0.0636181 -0.0460886 -0.0304269 0.0270514 0.00671537 0 0 0 0 0 0 0 0 0 0 0 0 0 0 0 0 0 0 0 0 0 0 0 0 0 0 0 0 0 0 0 0 0 0 0 0 
0 0 0 0 0 0 0 0 0 0 0 0 0 0 0 0 0 0 0 0 0 0 0 0 0 0 0 0 0 0 0 0 0 0 0 0 0 0 0 0 0 0 0 0 0 0 0 0 0 0 0 0 0 0 0 0 0 0 0 0 0.187714 0.0680962 0.0346236 0.0232132 -0.0330128 0.031477 0.0407642 0.00179052 0.0067055 0.0381545 0.0048107 -0.0204469 0.233135 0.378441 -0.0405686 0.289806 0.279236 0.183686 0.230581 0.205664 0.091363 0.155408 0.798504 0.0723255 -0.0815037 0.422419 0.293365 0.341674 -0.0169726 0.0605988 0.114723 0.0780676 0.0176718 0.116886 0.0492402 0.0602947 0 0 0 0 0 0 0 0 0 0 0 0 0 0 0 0 0 0 0 0 0 0 0 0 0 0 0 0 0 0 0 0 0 0 0 0 
0 0 0 0 0 0 0 0 0 0 0 0 0 0 0 0 0 0 0 0 0 0 0 0 0 0 0 0 0 0 0 0 0 0 0 0 0 0 0 0 0 0 0 0 0 0 0 0 0 0 0 0 0 0 0 0 0 0 0 0 -0.0833906 0.139227 0.0659889 -0.0304618 -0.194543 0.0430078 0.0149378 0.0217397 0.017405 0.0371398 0.000312436 0.0262759 0.249635 -0.130324 0.124157 0.272827 0.161772 0.191112 0.122772 0.257142 0.178831 0.169569 0.0723255 0.647942 -0.205983 -0.0939906 -0.0187663 0.098175 -0.0368272 -0.0522156 0.0250983 0.103884 0.0460463 0.0743795 -0.0168081 0.0261297 0 0 0 0 0 0 0 0 0 0 0 0 0 0 0 0 0 0 0 0 0 0 0 0 0 0 0 0 0 0 0 0 0 0 0 0 
0 0 0 0 0 0 0 0 0 0 0 0 0 0 0 0 0 0 0 0 0 0 0 0 0 0 0 0 0 0 0 0 0 0 0 0 0 0 0 0 0 0 0 0 0 0 0 0 0 0 0 0 0 0 0 0 0 0 0 0 0 0 0 0 0 0 0 0 0 0 0 0 1.77813 2.17846 1.42299 1.18085 -0.309671 0.656116 0.174382 -0.538013 -0.173959 -0.17584 -0.0815037 -0.205983 69.1222 -23.2751 2.17116 -3.00058 -0.166134 1.29988 -0.597573 -2.27709 0.847675 0.918832 1.33164 0.481432 1.7275 3.68935 0.845869 1.10805 -0.579013 1.43531 0.317919 0.108736 -0.600608 0.444621 0.240368 0.628263 0 0 0 0 0 0 0 0 0 0 0 0 0 0 0 0 0 0 0 0 0 0 0 0 
0 0 0 0 0 0 0 0 0 0 0 0 0 0 0 0 0 0 0 0 0 0 0 0 0 0 0 0 0 0 0 0 0 0 0 0 0 0 0 0 0 0 0 0 0 0 0 0 0 0 0 0 0 0 0 0 0 0 0 0 0 0 0 0 0 0 0 0 0 0 0 0 1.42633 -1.35464 -0.167073 0.869521 0.677961 0.371121 0.136388 -0.113767 0.336287 0.649404 0.422419 -0.0939906 -23.2751 67.9897 -7.46016 2.52998 -2.98754 -1.97408 1.81529 1.19243 0.761099 0.908962 0.623589 0.914279 3.4508 -6.08118 2.72349 0.350441 -0.000332513 -2.643 2.31154 -0.880042 0.554227 0.70993 -0.812877 -0.830344 0 0 0 0 0 0 0 0 0 0 0 0 0 0 0 0 0 0 0 0 0 0 0 0 
0 0 0 0 0 0 0 0 0 0 0 0 0 0 0 0 0 0 0 0 0 0 0 0 0 0 0 0 0 0 0 0 0 0 0 0 0 0 0 0 0 0 0 0 0 0 0 0 0 0 0 0 0 0 0 0 0 0 0 0 0 0 0 0 0 0 0 0 0 0 0 0 0.458901 -0.446127 -1.08817 -0.514103 -0.104279 -0.377012 -0.139039 -0.0920345 0.0504048 0.104011 0.293365 -0.0187663 2.17116 -7.46016 34.2218 -3.05492 1.4699 0.411229 -0.036318 1.72674 0.390779 0.825561 -0.259895 0.708143 2.86392 -0.830375 -1.44976 -1.7289 -0.781032 0.936092 -1.55382 0.0443845 -0.274145 -0.0754506 0.0197809 0.503492 0 0 0 0 0 0 0 0 0 0 0 0 0 0 0 0 0 0 0 0 0 0 0 0 
0 0 0 0 0 0 0 0 0 0 0 0 0 0 0 0 0 0 0 0 0 0 0 0 0 0 0 0 0 0 0 0 0 0 0 0 0 0 0 0 0 0 0 0 0 0 0 0 0 0 0 0 0 0 0 0 0 0 0 0 0 0 0 0 0 0 0 0 0 0 0 0 0.356764 1.13701 0.837555 0.0709701 -0.294776 0.207759 0.186639 0.180771 0.506305 -0.181279 0.341674 0.098175 -3.00058 2.52998 -3.05492 24.723 -0.496065 1.0243 0.84435 1.59292 2.02194 1.49508 0.122403 0.378093 -3.46916 -2.05018 0.823436 0.948712 -2.19708 -0.162107 0.657832 -0.820179 1.30985 -0.672319 -0.769987 -0.0743575 0 0 0 0 0 0 0 0 0 0 0 0 0 0 0 0 0 0 0 0 0 0 0 0 
0 0 0 0 0 0 0 0 0 0 0 0 0 0 0 0 0 0 0 0 0 0 0 0 0 0 0 0 0 0 0 0 0 0 0 0 0 0 0 0 0 0 0 0 0 0 0 0 0 0 0 0 0 0 0 0 0 0 0 0 0 0 0 0 0 0 0 0 0 0 0 0 0.505501 1.45451 0.494242 0.0137432 -0.419476 -0.499237 -0.0132306 -0.0943657 -0.0274774 -0.232183 -0.0169726 -0.0368272 -0.166134 -2.98754 1.4699 -0.496065 17.2499 -0.94903 1.30397 1.19908 0.498278 1.53108 0.153577 0.702113 0.873 0.329498 0.836572 -0.0514505 1.27363 -0.191111 1.02569 -0.0571833 -0.239527 0.0473657 0.342768 0.0194089 0 0 0 0 0 0 0 0 0 0 0 0 0 0 0 0 0 0 0 0 0 0 0 0 
0 0 0 0 0 0 0 0 0 0 0 0 0 0 0 0 0 0 0 0 0 0 0 0 0 0 0 0 0 0 0 0 0 0 0 0 0 0 0 0 0 0 0 0 0 0 0 0 0 0 0 0 0 0 0 0 0 0 0 0 0 0 0 0 0 0 0 0 0 0 0 0 -0.208167 0.171704 -0.594247 0.486608 -0.170217 0.65359 0.0866672 0.200596 0.064149 0.125092 0.0605988 -0.0522156 1.29988 -1.97408 0.411229 1.0243 -0.94903 11.3966 0.917811 0.136836 0.713205 -0.20351 0.524777 0.136162 -2.82095 0.502223 -0.847236 1.44155 -0.369572 1.28895 -0.382414 -0.140881 0.183269 -0.291463 -0.224805 0.123288 0 0 0 0 0 0 0 0 0 0 0 0 0 0 0 0 0 0 0 0 0 0 0 0 
0 0 0 0 0 0 0 0 0 0 0 0 0 0 0 0 0 0 0 0 0 0 0 0 0 0 0 0 0 0 0 0 0 0 0 0 0 0 0 0 0 0 0 0 0 0 0 0 0 0 0 0 0 0 0 0 0 0 0 0 0 0 0 0 0 0 0 0 0 0 0 0 -0.403024 0.531497 0.352382 0.132808 -0.568546 -0.197682 0.274115 0.0317 0.091924 -0.122967 0.114723 0.0250983 -0.597573 1.81529 -0.036318 0.84435 1.30397 0.917811 7.54153 -0.699959 0.668235 0.327333 0.303219 0.401099 -0.878038 -0.965145 -0.490294 0.752313 0.431792 -0.524043 -0.326507 0.713183 0.240014 0.0262279 0.0456573 -0.157972 0 0 0 0 0 0 0 0 0 0 0 0 0 0 0 0 0 0 0 0 0 0 0 0 
0 0 0 0 0 0 0 0 0 0 0 0 0 0 0 0 0 0 0 0 0 0 0 0 0 0 0 0 0 0 0 0 0 0 0 0 0 0 0 0 0 0 0 0 0 0 0 0 0 0 0 0 0 0 0 0 0 0 0 0 0 0 0 0 0 0 0 0 0 0 0 0 0.0962298 0.100987 0.349887 0.0134162 -0.133979 0.0858328 -0.00677406 0.0921681 0.115399 -0.0636181 0.0780676 0.103884 -2.27709 1.19243 1.72674 1.59292 1.19908 0.136836 -0.699959 4.71864 0.391833 0.912137 -0.00157944 0.109675 1.09761 -0.831271 0.521638 0.0454122 -0.549561 -0.291259 0.203952 0.0522726 -0.0860323 0.0204339 0.0810445 -0.0252988 0 0 0 0 0 0 0 0 0 0 0 0 0 0 0 0 0 0 0 0 0 0 0 0 
0 0 0 0 0 0 0 0 0 0 0 0 0 0 0 0 0 0 0 0 0 0 0 0 0 0 0 0 0 0 0 0 0 0 0 0 0 0 0 0 0 0 0 0 0 0 0 0 0 0 0 0 0 0 0 0 0 0 0 0 0 0 0 0 0 0 0 0 0 0 0 0 -0.243711 0.634385 0.152317 0.208572 -0.133793 -0.043354 0.00391116 -0.0768309 0.158339 -0.0460886 0.0176718 0.0460463 0.847675 0.761099 0.390779 2.02194 0.498278 0.713205 0.668235 0.391833 3.80453 0.430693 0.208954 0.463851 -2.0152 0.229435 -0.227359 -0.0105556 -0.422217 -0.237183 -0.106561 -0.266035 -0.128607 0.0250258 0.0163831 -0.0416116 0 0 0 0 0 0 0 0 0 0 0 0 0 0 0 0 0 0 0 0 0 0 0 0 
0 0 0 0 0 0 0 0 0 0 0 0 0 0 0 0 0 0 0 0 0 0 0 0 0 0 0 0 0 0 0 0 0 0 0 0 0 0 0 0 0 0 0 0 0 0 0 0 0 0 0 0 0 0 0 0 0 0 0 0 0 0 0 0 0 0 0 0 0 0 0 0 0.602121 -0.00172752 0.128459 -0.0159915 -0.0640776 0.0577484 -0.0777725 -0.0592248 0.115498 -0.0304269 0.116886 0.0743795 0.918832 0.908962 0.825561 1.49508 1.53108 -0.20351 0.327333 0.912137 0.430693 2.7273 0.107961 0.694512 0.420854 -1.24172 0.968912 -0.0208271 -0.157854 -0.402995 0.0760664 -0.0682846 -0.0154637 -0.0842693 0.0228154 -0.18771 0 0 0 0 0 0 0 0 0 0 0 0 0 0 0 0 0 0 0 0 0 0 0 0 
0 0 0 0 0 0 0 0 0 0 0 0 0 0 0 0 0 0 0 0 0 0 0 0 0 0 0 0 0 0 0 0 0 0 0 0 0 0 0 0 0 0 0 0 0 0 0 0 0 0 0 0 0 0 0 0 0 0 0 0 0 0 0 0 0 0 0 0 0 0 0 0 0.213381 0.157061 0.07841 0.0573294 0.0452297 0.0715793 0.143186 0.0114843 -0.00135355 0.0270514 0.0492402 -0.0168081 1.33164 0.623589 -0.259895 0.122403 0.153577 0.524777 0.303219 -0.00157944 0.208954 0.107961 1.78212 0.172545 0.029319 -1.06782 0.028412 0.996589 0.390917 0.113336 0.278307 0.0363788 0.073665 0.222921 0.187635 -0.272029 0 0 0 0 0 0 0 0 0 0 0 0 0 0 0 0 0 0 0 0 0 0 0 0 
0 0 0 0 0 0 0 0 0 0 0 0 0 0 0 0 0 0 0 0 0 0 0 0 0 0 0 0 0 0 0 0 0 0 0 0 0 0 0 0 0 0 0 0 0 0 0 0 0 0 0 0 0 0 0 0 0 0 0 0 0 0 0 0 0 0 0 0 0 0 0 0 0.36469 0.240873 0.063733 0.150977 -0.121088 -0.0162016 -0.0264537 -0.0804744 0.0934707 0.00671537 0.0602947 0.0261297 0.481432 0.914279 0.708143 0.378093 0.702113 0.136162 0.401099 0.109675 0.463851 0.694512 0.172545 1.58369 1.1455 -0.650306 0.715971 0.351406 0.296243 0.0124574 0.0943193 -0.0985748 0.0402858 -0.0575243 0.0435665 -0.18796 0 0 0 0 0 0 0 0 0 0 0 0 0 0 0 0 0 0 0 0 0 0 0 0 
0 0 0 0 0 0 0 0 0 0 0 0 0 0 0 0 0 0 0 0 0 0 0 0 0 0 0 0 0 0 0 0 0 0 0 0 0 0 0 0 0 0 0 0 0 0 0 0 0 0 0 0 0 0 0 0 0 0 0 0 0 0 0 0 0 0 0 0 0 0 0 0 0 0 0 0 0 0 0 0 0 0 0 0 1.7275 3.4508 2.86392 -3.46916 0.873 -2.82095 -0.878038 1.09761 -2.0152 0.420854 0.029319 1.1455 239.858 -48.4017 16.4402 5.41521 8.05585 11.1378 0.802571 -3.30818 -3.72897 -1.07252 -4.26107 -0.664048 15.4009 35.8294 -4.50695 15.3293 -11.3527 6.42906 -2.58734 1.36319 -0.277631 2.49496 2.24661 -1.94344 0 0 0 0 0 0 0 0 0 0 0 0 
0 0 0 0 0 0 0 0 0 0 0 0 0 0 0 0 0 0 0 0 0 0 0 0 0 0 0 0 0 0 0 0 0 0 0 0 0 0 0 0 0 0 0 0 0 0 0 0 0 0 0 0 0 0 0 0 0 0 0 0 0 0 0 0 0 0 0 0 0 0 0 0 0 0 0 0 0 0 0 0 0 0 0 0 3.68935 -6.08118 -0.830375 -2.05018 0.329498 0.502223 -0.965145 -0.831271 0.229435 -1.24172 -1.06782 -0.650306 -48.4017 96.0621 -17.3855 -3.60024 3.52949 -2.09897 0.920942 0.655624 1.718 2.30462 6.63887 2.72283 3.34002 -0.320081 1.31198 -2.43757 2.04297 2.99907 -1.93086 0.351004 0.538848 1.0996 -0.365833 0.997172 0 0 0 0 0 0 0 0 0 0 0 0 
0 0 0 0 0 0 0 0 0 0 0 0 0 0 0 0 0 0 0 0 0 0 0 0 0 0 0 0 0 0 0 0 0 0 0 0 0 0 0 0 0 0 0 0 0 0 0 0 0 0 0 0 0 0 0 0 0 0 0 0 0 0 0 0 0 0 0 0 0 0 0 0 0 0 0 0 0 0 0 0 0 0 0 0 0.845869 2.72349 -1.44976 0.823436 0.836572 -0.847236 -0.490294 0.521638 -0.227359 0.968912 0.028412 0.715971 16.4402 -17.3855 50.4222 -2.69616 4.6953 0.852605 1.54407 0.0138055 -0.316167 -0.614529 -1.3944 -0.261017 -5.87419 1.98173 -2.94455 -2.48027 -0.113181 -0.456707 0.0371576 0.277728 -2.27666 -0.929851 -0.368484 -0.6576 0 0 0 0 0 0 0 0 0 0 0 0 
0 0 0 0 0 0 0 0 0 0 0 0 0 0 0 0 0 0 0 0 0 0 0 0 0 0 0 0 0 0 0 0 0 0 0 0 0 0 0 0 0 0 0 0 0 0 0 0 0 0 0 0 0 0 0 0 0 0 0 0 0 0 0 0 0 0 0 0 0 0 0 0 0 0 0 0 0 0 0 0 0 0 0 0 1.10805 0.350441 -1.7289 0.948712 -0.0514505 1.44155 0.752313 0.0454122 -0.0105556 -0.0208271 0.996589 0.351406 5.41521 -3.60024 -2.69616 54.8595 -4.60682 1.37479 1.01187 -0.502575 0.60213 2.22212 -1.67707 1.08407 -0.302946 1.89584 4.15537 5.93381 -1.05601 1.77681 1.86726 0.530162 0.164964 1.89067 1.64629 0.390624 0 0 0 0 0 0 0 0 0 0 0 0 
0 0 0 0 0 0 0 0 0 0 0 0 0 0 0 0 0 0 0 0 0 0 0 0 0 0 0 0 0 0 0 0 0 0 0 0 0 0 0 0 0 0 0 0 0 0 0 0 0 0 0 0 0 0 0 0 0 0 0 0 0 0 0 0 0 0 0 0 0 0 0 0 0 0 0 0 0 0 0 0 0 0 0 0 -0.579013 -0.000332513 -0.781032 -2.19708 1.27363 -0.369572 0.431792 -0.549561 -0.422217 -0.157854 0.390917 0.296243 8.05585 3.52949 4.6953 -4.60682 32.7964 -0.519289 0.380051 3.30076 1.12562 1.86987 2.7481 0.587114 1.56694 -1.79526 1.82212 0.56844 0.792239 1.1245 2.24329 -0.84181 0.409785 0.587031 1.06999 -0.284525 0 0 0 0 0 0 0 0 0 0 0 0 
0 0 0 0 0 0 0 0 0 0 0 0 0 0 0 0 0 0 0 0 0 0 0 0 0 0 0 0 0 0 0 0 0 0 0 0 0 0 0 0 0 0 0 0 0 0 0 0 0 0 0 0 0 0 0 0 0 0 0 0 0 0 0 0 0 0 0 0 0 0 0 0 0 0 0 0 0 0 0 0 0 0 0 0 1.43531 -2.643 0.936092 -0.162107 -0.191111 1.28895 -0.524043 -0.291259 -0.237183 -0.402995 0.113336 0.0124574 11.1378 -2.09897 0.852605 1.37479 -0.519289 20.9767 -0.955056 2.82132 0.0962947 0.217866 0.539741 0.188738 1.90412 8.23168 -1.86525 4.84062 0.118055 0.573681 -0.984897 0.418482 -1.1232 -0.504737 0.0885643 -0.624882 0 0 0 0 0 0 0 0 0 0 0 0 
0 0 0 0 0 0 0 0 0 0 0 0 0 0 0 0 0 0 0 0 0 0 0 0 0 0 0 0 0 0 0 0 0 0 0 0 0 0 0 0 0 0 0 0 0 0 0 0 0 0 0 0 0 0 0 0 0 0 0 0 0 0 0 0 0 0 0 0 0 0 0 0 0 0 0 0 0 0 0 0 0 0 0 0 0.317919 2.31154 -1.55382 0.657832 1.02569 -0.382414 -0.326507 0.203952 -0.106561 0.0760664 0.278307 0.0943193 0.802571 0.920942 1.54407 1.01187 0.380051 -0.955056 15.3168 -1.52501 0.79435 1.37608 0.669767 0.64797 2.06987 1.66883 -0.763118 1.32944 1.10203 -0.201364 -0.870426 0.484712 -0.587053 0.246781 -0.382802 -0.44656 0 0 0 0 0 0 0 0 0 0 0 0 
0 0 0 0 0 0 0 0 0 0 0 0 0 0 0 0 0 0 0 0 0 0 0 0 0 0 0 0 0 0 0 0 0 0 0 0 0 0 0 0 0 0 0 0 0 0 0 0 0 0 0 0 0 0 0 0 0 0 0 0 0 0 0 0 0 0 0 0 0 0 0 0 0 0 0 0 0 0 0 0 0 0 0 0 0.108736 -0.880042 0.0443845 -0.820179 -0.0571833 -0.140881 0.713183 0.0522726 -0.266035 -0.0682846 0.0363788 -0.0985748 -3.30818 0.655624 0.0138055 -0.502575 3.30076 2.82132 -1.52501 13.6605 0.687169 0.553824 1.72854 0.353309 -1.12541 0.24318 0.28071 -2.27145 -1.43866 1.1419 -2.39908 0.404814 1.5499 -0.464313 1.05245 -1.57699 0 0 0 0 0 0 0 0 0 0 0 0 
0 0 0 0 0 0 0 0 0 0 0 0 0 0 0 0 0 0 0 0 0 0 0 0 0 0 0 0 0 0 0 0 0 0 0 0 0 0 0 0 0 0 0 0 0 0 0 0 0 0 0 0 0 0 0 0 0 0 0 0 0 0 0 0 0 0 0 0 0 0 0 0 0 0 0 0 0 0 0 0 0 0 0 0 -0.600608 0.554227 -0.274145 1.30985 -0.239527 0.183269 0.240014 -0.0860323 -0.128607 -0.0154637 0.073665 0.0402858 -3.72897 1.718 -0.316167 0.60213 1.12562 0.0962947 0.79435 0.687169 5.67352 0.139327 0.492338 0.684999 0.811578 -2.22036 1.60365 0.665158 0.044959 -0.463019 0.269209 -1.00506 0.257842 0.00949161 -0.067321 0.335955 0 0 0 0 0 0 0 0 0 0 0 0 
0 0 0 0 0 0 0 0 0 0 0 0 0 0 0 0 0 0 0 0 0 0 0 0 0 0 0 0 0 0 0 0 0 0 0 0 0 0 0 0 0 0 0 0 0 0 0 0 0 0 0 0 0 0 0 0 0 0 0 0 0 0 0 0 0 0 0 0 0 0 0 0 0 0 0 0 0 0 0 0 0 0 0 0 0.444621 0.70993 -0.0754506 -0.672319 0.0473657 -0.291463 0.0262279 0.0204339 0.0250258 -0.0842693 0.222921 -0.0575243 -1.07252 2.30462 -0.614529 2.22212 1.86987 0.217866 1.37608 0.553824 0.139327 5.38294 1.1413 0.121901 -0.555043 -1.43833 2.06844 -0.108114 -0.0199519 0.723188 0.447548 -0.178512 0.882737 0.397816 0.639099 0.811201 0 0 0 0 0 0 0 0 0 0 0 0 
0 0 0 0 0 0 0 0 0 0 0 0 0 0 0 0 0 0 0 0 0 0 0 0 0 0 0 0 0 0 0 0 0 0 0 0 0 0 0 0 0 0 0 0 0 0 0 0 0 0 0 0 0 0 0 0 0 0 0 0 0 0 0 0 0 0 0 0 0 0 0 0 0 0 0 0 0 0 0 0 0 0 0 0 0.240368 -0.812877 0.0197809 -0.769987 0.342768 -0.224805 0.0456573 0.0810445 0.0163831 0.0228154 0.187635 0.0435665 -4.26107 6.63887 -1.3944 -1.67707 2.7481 0.539741 0.669767 1.72854 0.492338 1.1413 5.39141 0.680981 0.458148 -0.500672 0.862041 -0.211755 -0.313631 -0.0881748 -0.690457 0.120336 0.27139 0.211036 0.684937 -0.292594 0 0 0 0 0 0 0 0 0 0 0 0 
0 0 0 0 0 0 0 0 0 0 0 0 0 0 0 0 0 0 0 0 0 0 0 0 0 0 0 0 0 0 0 0 0 0 0 0 0 0 0 0 0 0 0 0 0 0 0 0 0 0 0 0 0 0 0 0 0 0 0 0 0 0 0 0 0 0 0 0 0 0 0 0 0 0 0 0 0 0 0 0 0 0 0 0 0.628263 -0.830344 0.503492 -0.0743575 0.0194089 0.123288 -0.157972 -0.0252988 -0.0416116 -0.18771 -0.272029 -0.18796 -0.664048 2.72283 -0.261017 1.08407 0.587114 0.188738 0.64797 0.353309 0.684999 0.121901 0.680981 3.67485 0.458375 0.0977936 1.15759 -0.678879 -0.318102 0.369055 -0.531434 0.419103 0.192648 0.319252 0.205306 0.0166481 0 0 0 0 0 0 0 0 0 0 0 0 
0 0 0 0 0 0 0 0 0 0 0 0 0 0 0 0 0 0 0 0 0 0 0 0 0 0 0 0 0 0 0 0 0 0 0 0 0 0 0 0 0 0 0 0 0 0 0 0 0 0 0 0 0 0 0 0 0 0 0 0 0 0 0 0 0 0 0 0 0 0 0 0 0 0 0 0 0 0 0 0 0 0 0 0 0 0 0 0 0 0 0 0 0 0 0 0 15.4009 3.34002 -5.87419 -0.302946 1.56694 1.90412 2.06987 -1.12541 0.811578 -0.555043 0.458148 0.458375 444.905 9.9942 17.1994 13.1549 -6.87865 -3.5011 10.8771 -3.19273 2.66416 7.52912 -1.32984 3.08884 -7.27705 -8.56117 2.37896 5.96971 3.6631 -13.954 -2.1054 11.7786 4.84107 -0.190713 3.98434 -4.05134 
0 0 0 0 0 0 0 0 0 0 0 0 0 0 0 0 0 0 0 0 0 0 0 0 0 0 0 0 0 0 0 0 0 0 0 0 0 0 0 0 0 0 0 0 0 0 0 0 0 0 0 0 0 0 0 0 0 0 0 0 0 0 0 0 0 0 0 0 0 0 0 0 0 0 0 0 0 0 0 0 0 0 0 0 0 0 0 0 0 0 0 0 0 0 0 0 35.8294 -0.320081 1.98173 1.89584 -1.79526 8.23168 1.66883 0.24318 -2.22036 -1.43833 -0.500672 0.0977936 9.9942 338.359 -57.7741 26.3624 -18.3037 -4.24439 5.20955 3.46693 2.47457 9.82821 6.35884 -9.6432 -8.04839 9.09633 1.36748 7.32588 0.565911 -3.99775 0.909678 -5.42352 -7.98085 0.929054 -6.0898 3.80438 
0 0 0 0 0 0 0 0 0 0 0 0 0 0 0 0 0 0 0 0 0 0 0 0 0 0 0 0 0 0 0 0 0 0 0 0 0 0 0 0 0 0 0 0 0 0 0 0 0 0 0 0 0 0 0 0 0 0 0 0 0 0 0 0 0 0 0 0 0 0 0 0 0 0 0 0 0 0 0 0 0 0 0 0 0 0 0 0 0 0 0 0 0 0 0 0 -4.50695 1.31198 -2.94455 4.15537 1.82212 -1.86525 -0.763118 0.28071 1.60365 2.06844 0.862041 1.15759 17.1994 -57.7741 149.004 0.525449 16.3473 5.64187 -8.19973 5.35673 8.38676 6.56289 0.473563 1.06605 5.08178 2.5534 1.63501 7.1803 1.15397 -3.52943 0.373731 5.41206 1.76589 -2.93821 0.783968 -0.739811 
0 0 0 0 0 0 0 0 0 0 0 0 0 0 0 0 0 0 0 0 0 0 0 0 0 0 0 0 0 0 0 0 0 0 0 0 0 0 0 0 0 0 0 0 0 0 0 0 0 0 0 0 0 0 0 0 0 0 0 0 0 0 0 0 0 0 0 0 0 0 0 0 0 0 0 0 0 0 0 0 0 0 0 0 0 0 0 0 0 0 0 0 0 0 0 0 15.3293 -2.43757 -2.48027 5.93381 0.56844 4.84062 1.32944 -2.27145 0.665158 -0.108114 -0.211755 -0.678879 13.1549 26.3624 0.525449 98.0397 -19.743 0.825512 7.49163 -0.118267 -1.31813 0.358461 1.70046 0.571849 3.92867 8.76062 4.69831 -15.09 -1.89979 -1.19212 4.8795 -4.63525 -0.314369 -0.468551 -2.07471 0.738144 
0 0 0 0 0 0 0 0 0 0 0 0 0 0 0 0 0 0 0 0 0 0 0 0 0 0 0 0 0 0 0 0 0 0 0 0 0 0 0 0 0 0 0 0 0 0 0 0 0 0 0 0 0 0 0 0 0 0 0 0 0 0 0 0 0 0 0 0 0 0 0 0 0 0 0 0 0 0 0 0 0 0 0 0 0 0 0 0 0 0 0 0 0 0 0 0 -11.3527 2.04297 -0.113181 -1.05601 0.792239 0.118055 1.10203 -1.43866 0.044959 -0.0199519 -0.313631 -0.318102 -6.87865 -18.3037 16.3473 -19.743 69.7912 6.94141 1.33426 0.725766 0.0793657 5.93095 -1.2335 5.25301 14.8324 11.7377 -2.35059 16.7238 -2.39625 -5.55831 2.0163 8.89487 2.68171 0.6702 1.54217 1.40717 
0 0 0 0 0 0 0 0 0 0 0 0 0 0 0 0 0 0 0 0 0 0 0 0 0 0 0 0 0 0 0 0 0 0 0 0 0 0 0 0 0 0 0 0 0 0 0 0 0 0 0 0 0 0 0 0 0 0 0 0 0 0 0 0 0 0 0 0 0 0 0 0 0 0 0 0 0 0 0 0 0 0 0 0 0 0 0 0 0 0 0 0 0 0 0 0 6.42906 2.99907 -0.456707 1.77681 1.1245 0.573681 -0.201364 1.1419 -0.463019 0.723188 -0.0881748 0.369055 -3.5011 -4.24439 5.64187 0.825512 6.94141 34.3514 -7.14534 4.53275 -1.31722 3.35516 1.30555 3.97857 2.26347 3.74257 6.54695 8.57417 -4.47112 -0.168203 -1.50899 3.44669 -1.91471 1.99255 -1.14649 0.800161 
0 0 0 0 0 0 0 0 0 0 0 0 0 0 0 0 0 0 0 0 0 0 0 0 0 0 0 0 0 0 0 0 0 0 0 0 0 0 0 0 0 0 0 0 0 0 0 0 0 0 0 0 0 0 0 0 0 0 0 0 0 0 0 0 0 0 0 0 0 0 0 0 0 0 0 0 0 0 0 0 0 0 0 0 0 0 0 0 0 0 0 0 0 0 0 0 -2.58734 -1.93086 0.0371576 1.86726 2.24329 -0.984897 -0.870426 -2.39908 0.269209 0.447548 -0.690457 -0.531434 10.8771 5.20955 -8.19973 7.49163 1.33426 -7.14534 33.4437 -1.7913 2.18411 0.328956 1.50038 1.37417 2.28819 1.22903 -2.28599 -1.1601 -3.5661 -0.239229 0.349626 0.45372 -2.15991 -0.345158 0.254265 -0.481961 
0 0 0 0 0 0 0 0 0 0 0 0 0 0 0 0 0 0 0 0 0 0 0 0 0 0 0 0 0 0 0 0 0 0 0 0 0 0 0 0 0 0 0 0 0 0 0 0 0 0 0 0 0 0 0 0 0 0 0 0 0 0 0 0 0 0 0 0 0 0 0 0 0 0 0 0 0 0 0 0 0 0 0 0 0 0 0 0 0 0 0 0 0 0 0 0 1.36319 0.351004 0.277728 0.530162 -0.84181 0.418482 0.484712 0.404814 -1.00506 -0.178512 0.120336 0.419103 -3.19273 3.46693 5.35673 -0.118267 0.725766 4.53275 -1.7913 24.0808 -0.355173 0.814905 1.02111 2.57724 -0.853361 5.85692 3.18443 -0.0311012 -5.69785 -0.854335 0.792373 2.07565 0.0575346 0.890905 -0.479784 0.321381 
0 0 0 0 0 0 0 0 0 0 0 0 0 0 0 0 0 0 0 0 0 0 0 0 0 0 0 0 0 0 0 0 0 0 0 0 0 0 0 0 0 0 0 0 0 0 0 0 0 0 0 0 0 0 0 0 0 0 0 0 0 0 0 0 0 0 0 0 0 0 0 0 0 0 0 0 0 0 0 0 0 0 0 0 0 0 0 0 0 0 0 0 0 0 0 0 -0.277631 0.538848 -2.27666 0.164964 0.409785 -1.1232 -0.587053 1.5499 0.257842 0.882737 0.27139 0.192648 2.66416 2.47457 8.38676 -1.31813 0.0793657 -1.31722 2.18411 -0.355173 15.8537 0.652603 2.13472 -2.3155 1.24573 3.15289 -5.34989 -0.816987 1.13578 -3.45268 2.4512 -0.839323 0.509213 -0.258832 0.273031 0.867729 
0 0 0 0 0 0 0 0 0 0 0 0 0 0 0 0 0 0 0 0 0 0 0 0 0 0 0 0 0 0 0 0 0 0 0 0 0 0 0 0 0 0 0 0 0 0 0 0 0 0 0 0 0 0 0 0 0 0 0 0 0 0 0 0 0 0 0 0 0 0 0 0 0 0 0 0 0 0 0 0 0 0 0 0 0 0 0 0 0 0 0 0 0 0 0 0 2.49496 1.0996 -0.929851 1.89067 0.587031 -0.504737 0.246781 -0.464313 0.00949161 0.397816 0.211036 0.319252 7.52912 9.82821 6.56289 0.358461 5.93095 3.35516 0.328956 0.814905 0.652603 13.3836 0.549209 0.470549 0.11071 3.60214 3.42477 -0.685239 -2.60115 -1.02598 0.101096 0.422677 0.260205 1.32648 0.1825 -0.144449 
0 0 0 0 0 0 0 0 0 0 0 0 0 0 0 0 0 0 0 0 0 0 0 0 0 0 0 0 0 0 0 0 0 0 0 0 0 0 0 0 0 0 0 0 0 0 0 0 0 0 0 0 0 0 0 0 0 0 0 0 0 0 0 0 0 0 0 0 0 0 0 0 0 0 0 0 0 0 0 0 0 0 0 0 0 0 0 0 0 0 0 0 0 0 0 0 2.24661 -0.365833 -0.368484 1.64629 1.06999 0.0885643 -0.382802 1.05245 -0.067321 0.639099 0.684937 0.205306 -1.32984 6.35884 0.473563 1.70046 -1.2335 1.30555 1.50038 1.02111 2.13472 0.549209 11.9502 -0.545638 -3.4874 -1.39214 1.07217 -1.75015 -1.44556 0.264317 -0.344397 -1.22779 -1.10869 0.782187 -0.448429 0.271696 
0 0 0 0 0 0 0 0 0 0 0 0 0 0 0 0 0 0 0 0 0 0 0 0 0 0 0 0 0 0 0 0 0 0 0 0 0 0 0 0 0 0 0 0 0 0 0 0 0 0 0 0 0 0 0 0 0 0 0 0 0 0 0 0 0 0 0 0 0 0 0 0 0 0 0 0 0 0 0 0 0 0 0 0 0 0 0 0 0 0 0 0 0 0 0 0 -1.94344 0.997172 -0.6576 0.390624 -0.284525 -0.624882 -0.44656 -1.57699 0.335955 0.811201 -0.292594 0.0166481 3.08884 -9.6432 1.06605 0.571849 5.25301 3.97857 1.37417 2.57724 -2.3155 0.470549 -0.545638 14.1363 -0.120612 -0.907404 -1.48248 -1.65327 -1.65737 0.463331 -0.0202173 -0.76946 -1.09468 0.166787 0.302764 0.949879 
0 0 0 0 0 0 0 0 0 0 0 0 0 0 0 0 0 0 0 0 0 0 0 0 0 0 0 0 0 0 0 0 0 0 0 0 0 0 0 0 0 0 0 0 0 0 0 0 0 0 0 0 0 0 0 0 0 0 0 0 0 0 0 0 0 0 0 0 0 0 0 0 0 0 0 0 0 0 0 0 0 0 0 0 0 0 0 0 0 0 0 0 0 0 0 0 0 0 0 0 0 0 0 0 0 0 0 0 -7.27705 -8.04839 5.08178 3.92867 14.8324 2.26347 2.28819 -0.853361 1.24573 0.11071 -3.4874 -0.120612 1815.08 -358.466 -8.76948 135.389 46.9278 90.9597 1.77057 104.961 25.5617 62.6359 31.92 17.4027 
0 0 0 0 0 0 0 0 0 0 0 0 0 0 0 0 0 0 0 0 0 0 0 0 0 0 0 0 0 0 0 0 0 0 0 0 0 0 0 0 0 0 0 0 0 0 0 0 0 0 0 0 0 0 0 0 0 0 0 0 0 0 0 0 0 0 0 0 0 0 0 0 0 0 0 0 0 0 0 0 0 0 0 0 0 0 0 0 0 0 0 0 0 0 0 0 0 0 0 0 0 0 0 0 0 0 0 0 -8.56117 9.09633 2.5534 8.76062 11.7377 3.74257 1.22903 5.85692 3.15289 3.60214 -1.39214 -0.907404 -358.466 478.746 -82.0783 -5.4359 48.995 -27.0594 15.5475 -13.6215 -10.4974 -14.1418 -16.4788 -6.72315 
0 0 0 0 0 0 0 0 0 0 0 0 0 0 0 0 0 0 0 0 0 0 0 0 0 0 0 0 0 0 0 0 0 0 0 0 0 0 0 0 0 0 0 0 0 0 0 0 0 0 0 0 0 0 0 0 0 0 0 0 0 0 0 0 0 0 0 0 0 0 0 0 0 0 0 0 0 0 0 0 0 0 0 0 0 0 0 0 0 0 0 0 0 0 0 0 0 0 0 0 0 0 0 0 0 0 0 0 2.37896 1.36748 1.63501 4.69831 -2.35059 6.54695 -2.28599 3.18443 -5.34989 3.42477 1.07217 -1.48248 -8.76948 -82.0783 337.385 -55.3542 -5.92583 16.6708 20.7335 13.0285 20.7706 9.61334 1.80942 5.59339 
0 0 0 0 0 0 0 0 0 0 0 0 0 0 0 0 0 0 0 0 0 0 0 0 0 0 0 0 0 0 0 0 0 0 0 0 0 0 0 0 0 0 0 0 0 0 0 0 0 0 0 0 0 0 0 0 0 0 0 0 0 0 0 0 0 0 0 0 0 0 0 0 0 0 0 0 0 0 0 0 0 0 0 0 0 0 0 0 0 0 0 0 0 0 0 0 0 0 0 0 0 0 0 0 0 0 0 0 5.96971 7.32588 7.1803 -15.09 16.7238 8.57417 -1.1601 -0.0311012 -0.816987 -0.685239 -1.75015 -1.65327 135.389 -5.4359 -55.3542 318.42 8.52637 22.9233 -31.4224 27.6643 -4.34883 -1.77649 9.33478 9.36027 
0 0 0 0 0 0 0 0 0 0 0 0 0 0 0 0 0 0 0 0 0 0 0 0 0 0 0 0 0 0 0 0 0 0 0 0 0 0 0 0 0 0 0 0 0 0 0 0 0 0 0 0 0 0 0 0 0 0 0 0 0 0 0 0 0 0 0 0 0 0 0 0 0 0 0 0 0 0 0 0 0 0 0 0 0 0 0 0 0 0 0 0 0 0 0 0 0 0 0 0 0 0 0 0 0 0 0 0 3.6631 0.565911 1.15397 -1.89979 -2.39625 -4.47112 -3.5661 -5.69785 1.13578 -2.60115 -1.44556 -1.65737 46.9278 48.995 -5.92583 8.52637 185.601 -0.225693 17.3496 -1.65925 13.572 0.877871 -3.79111 6.48854 
0 0 0 0 0 0 0 0 0 0 0 0 0 0 0 0 0 0 0 0 0 0 0 0 0 0 0 0 0 0 0 0 0 0 0 0 0 0 0 0 0 0 0 0 0 0 0 0 0 0 0 0 0 0 0 0 0 0 0 0 0 0 0 0 0 0 0 0 0 0 0 0 0 0 0 0 0 0 0 0 0 0 0 0 0 0 0 0 0 0 0 0 0 0 0 0 0 0 0 0 0 0 0 0 0 0 0 0 -13.954 -3.99775 -3.52943 -1.19212 -5.55831 -0.168203 -0.239229 -0.854335 -3.45268 -1.02598 0.264317 0.463331 90.9597 -27.0594 16.6708 22.9233 -0.225693 95.3635 -8.1841 10.1449 1.45837 11.7457 5.22694 5.82676 
0 0 0 0 0 0 0 0 0 0 0 0 0 0 0 0 0 0 0 0 0 0 0 0 0 0 0 0 0 0 0 0 0 0 0 0 0 0 0 0 0 0 0 0 0 0 0 0 0 0 0 0 0 0 0 0 0 0 0 0 0 0 0 0 0 0 0 0 0 0 0 0 0 0 0 0 0 0 0 0 0 0 0 0 0 0 0 0 0 0 0 0 0 0 0 0 0 0 0 0 0 0 0 0 0 0 0 0 -2.1054 0.909678 0.373731 4.8795 2.0163 -1.50899 0.349626 0.792373 2.4512 0.101096 -0.344397 -0.0202173 1.77057 15.5475 20.7335 -31.4224 17.3496 -8.1841 52.0619 1.33529 14.636 2.26522 3.62399 3.91215 
0 0 0 0 0 0 0 0 0 0 0 0 0 0 0 0 0 0 0 0 0 0 0 0 0 0 0 0 0 0 0 0 0 0 0 0 0 0 0 0 0 0 0 0 0 0 0 0 0 0 0 0 0 0 0 0 0 0 0 0 0 0 0 0 0 0 0 0 0 0 0 0 0 0 0 0 0 0 0 0 0 0 0 0 0 0 0 0 0 0 0 0 0 0 0 0 0 0 0 0 0 0 0 0 0 0 0 0 11.7786 -5.42352 5.41206 -4.63525 8.89487 3.44669 0.45372 2.07565 -0.839323 0.422677 -1.22779 -0.76946 104.961 -13.6215 13.0285 27.6643 -1.65925 10.1449 1.33529 65.2114 3.05054 9.15262 6.66583 -0.0724184 
0 0 0 0 0 0 0 0 0 0 0 0 0 0 0 0 0 0 0 0 0 0 0 0 0 0 0 0 0 0 0 0 0 0 0 0 0 0 0 0 0 0 0 0 0 0 0 0 0 0 0 0 0 0 0 0 0 0 0 0 0 0 0 0 0 0 0 0 0 0 0 0 0 0 0 0 0 0 0 0 0 0 0 0 0 0 0 0 0 0 0 0 0 0 0 0 0 0 0 0 0 0 0 0 0 0 0 0 4.84107 -7.98085 1.76589 -0.314369 2.68171 -1.91471 -2.15991 0.0575346 0.509213 0.260205 -1.10869 -1.09468 25.5617 -10.4974 20.7706 -4.34883 13.572 1.45837 14.636 3.05054 37.5268 -2.00815 3.76971 2.6942 
0 0 0 0 0 0 0 0 0 0 0 0 0 0 0 0 0 0 0 0 0 0 0 0 0 0 0 0 0 0 0 0 0 0 0 0 0 0 0 0 0 0 0 0 0 0 0 0 0 0 0 0 0 0 0 0 0 0 0 0 0 0 0 0 0 0 0 0 0 0 0 0 0 0 0 0 0 0 0 0 0 0 0 0 0 0 0 0 0 0 0 0 0 0 0 0 0 0 0 0 0 0 0 0 0 0 0 0 -0.190713 0.929054 -2.93821 -0.468551 0.6702 1.99255 -0.345158 0.890905 -0.258832 1.32648 0.782187 0.166787 62.6359 -14.1418 9.61334 -1.77649 0.877871 11.7457 2.26522 9.15262 -2.00815 22.8117 1.42572 0.871425 
0 0 0 0 0 0 0 0 0 0 0 0 0 0 0 0 0 0 0 0 0 0 0 0 0 0 0 0 0 0 0 0 0 0 0 0 0 0 0 0 0 0 0 0 0 0 0 0 0 0 0 0 0 0 0 0 0 0 0 0 0 0 0 0 0 0 0 0 0 0 0 0 0 0 0 0 0 0 0 0 0 0 0 0 0 0 0 0 0 0 0 0 0 0 0 0 0 0 0 0 0 0 0 0 0 0 0 0 3.98434 -6.0898 0.783968 -2.07471 1.54217 -1.14649 0.254265 -0.479784 0.273031 0.1825 -0.448429 0.302764 31.92 -16.4788 1.80942 9.33478 -3.79111 5.22694 3.62399 6.66583 3.76971 1.42572 23.2808 2.4647 
0 0 0 0 0 0 0 0 0 0 0 0 0 0 0 0 0 0 0 0 0 0 0 0 0 0 0 0 0 0 0 0 0 0 0 0 0 0 0 0 0 0 0 0 0 0 0 0 0 0 0 0 0 0 0 0 0 0 0 0 0 0 0 0 0 0 0 0 0 0 0 0 0 0 0 0 0 0 0 0 0 0 0 0 0 0 0 0 0 0 0 0 0 0 0 0 0 0 0 0 0 0 0 0 0 0 0 0 -4.05134 3.80438 -0.739811 0.738144 1.40717 0.800161 -0.481961 0.321381 0.867729 -0.144449 0.271696 0.949879 17.4027 -6.72315 5.59339 9.36027 6.48854 5.82676 3.91215 -0.0724184 2.6942 0.871425 2.4647 19.7832 
